138.644186
146.644186
164.644186
185.644186
191.644186
205.644186
220.644186
231.644186
242.644186
260.644186
275.644186
280.644186
290.644186
304.644186
315.644186
322.644186
331.644186
339.644186
334.644186
334.644186
336.644186
332.644186
323.644186
315.644186
311.644186
290.644186
281.644186
266.644186
244.644186
227.644186
206.644186
184.644186
159.644186
138.644186
105.644186
74.644186
53.644186
28.644186
2.644186
-26.355814
-48.355814
-73.355814
-97.355814
-117.355814
-133.355814
-150.355814
-169.355814
-184.355814
-193.355814
-207.355814
-217.355814
-218.355814
-226.355814
-232.355814
-237.355814
-241.355814
-241.355814
-242.355814
-242.355814
-241.355814
-242.355814
-239.355814
-241.355814
-246.355814
-242.355814
-243.355814
-244.355814
-236.355814
-238.355814
-239.355814
-239.355814
-234.355814
-230.355814
-230.355814
-223.355814
-226.355814
-229.355814
-226.355814
-224.355814
-219.355814
-213.355814
-209.355814
-204.355814
-201.355814
-191.355814
-184.355814
-172.355814
-163.355814
-152.355814
-136.355814
-124.355814
-105.355814
-92.355814
-80.355814
-62.355814
-41.355814
-29.355814
-15.355814
3.644186
16.644186
28.644186
49.644186
73.644186
87.644186
104.644186
130.644186
154.644186
168.644186
188.644186
217.644186
235.644186
250.644186
275.644186
300.644186
314.644186
335.644186
358.644186
372.644186
391.644186
400.644186
419.644186
436.644186
440.644186
450.644186
451.644186
456.644186
455.644186
447.644186
447.644186
440.644186
426.644186
404.644186
385.644186
363.644186
331.644186
299.644186
269.644186
235.644186
188.644186
152.644186
115.644186
76.644186
38.644186
-2.355814
-36.355814
-77.355814
-109.355814
-134.355814
-162.355814
-178.355814
-199.355814
-216.355814
-224.355814
-232.355814
-236.355814
-241.355814
-233.355814
-234.355814
-236.355814
-232.355814
-222.355814
-222.355814
-218.355814
-203.355814
-205.355814
-205.355814
-207.355814
-204.355814
-201.355814
-199.355814
-191.355814
-188.355814
-187.355814
-194.355814
-199.355814
-196.355814
-206.355814
-207.355814
-207.355814
-214.355814
-218.355814
-226.355814
-227.355814
-237.355814
-241.355814
-238.355814
-235.355814
-235.355814
-238.355814
-224.355814
-212.355814
-209.355814
-197.355814
-170.355814
-155.355814
-144.355814
-123.355814
-95.355814
-81.355814
-62.355814
-35.355814
-9.355814
-0.355814
13.644186
39.644186
53.644186
62.644186
82.644186
104.644186
114.644186
130.644186
148.644186
170.644186
175.644186
191.644186
214.644186
215.644186
233.644186
247.644186
264.644186
279.644186
290.644186
312.644186
323.644186
335.644186
342.644186
350.644186
362.644186
362.644186
371.644186
389.644186
399.644186
397.644186
403.644186
410.644186
403.644186
404.644186
401.644186
403.644186
394.644186
379.644186
368.644186
344.644186
325.644186
299.644186
276.644186
239.644186
192.644186
145.644186
93.644186
44.644186
0.644186
-39.355814
-88.355814
-146.355814
-194.355814
-245.355814
-286.355814
-320.355814
-335.355814
-349.355814
-371.355814
-382.355814
-392.355814
-382.355814
-379.355814
-366.355814
-348.355814
-332.355814
-309.355814
-304.355814
-292.355814
-275.355814
-271.355814
-252.355814
-236.355814
-223.355814
-218.355814
-224.355814
-215.355814
-213.355814
-216.355814
-210.355814
-200.355814
-201.355814
-208.355814
-210.355814
-216.355814
-215.355814
-220.355814
-220.355814
-221.355814
-244.355814
-259.355814
-266.355814
-266.355814
-276.355814
-272.355814
-251.355814
-253.355814
-258.355814
-241.355814
-229.355814
-218.355814
-204.355814
-179.355814
-158.355814
-157.355814
-131.355814
-109.355814
-89.355814
-73.355814
-59.355814
-39.355814
-29.355814
-27.355814
-15.355814
5.644186
17.644186
34.644186
60.644186
88.644186
107.644186
125.644186
160.644186
177.644186
195.644186
217.644186
238.644186
261.644186
278.644186
299.644186
319.644186
326.644186
336.644186
350.644186
364.644186
374.644186
380.644186
398.644186
401.644186
406.644186
410.644186
412.644186
418.644186
434.644186
437.644186
440.644186
443.644186
431.644186
418.644186
406.644186
400.644186
379.644186
356.644186
331.644186
288.644186
230.644186
181.644186
136.644186
86.644186
34.644186
-20.355814
-70.355814
-142.355814
-206.355814
-246.355814
-277.355814
-298.355814
-321.355814
-326.355814
-336.355814
-356.355814
-357.355814
-333.355814
-309.355814
-282.355814
-257.355814
-238.355814
-230.355814
-225.355814
-205.355814
-188.355814
-175.355814
-162.355814
-164.355814
-171.355814
-184.355814
-186.355814
-173.355814
-170.355814
-167.355814
-164.355814
-167.355814
-174.355814
-183.355814
-178.355814
-179.355814
-188.355814
-190.355814
-206.355814
-229.355814
-241.355814
-254.355814
-267.355814
-279.355814
-294.355814
-302.355814
-313.355814
-318.355814
-314.355814
-312.355814
-295.355814
-283.355814
-265.355814
-247.355814
-232.355814
-210.355814
-189.355814
-166.355814
-136.355814
-112.355814
-91.355814
-69.355814
-48.355814
-32.355814
-10.355814
16.644186
33.644186
58.644186
78.644186
109.644186
131.644186
158.644186
179.644186
203.644186
228.644186
247.644186
277.644186
302.644186
333.644186
350.644186
365.644186
381.644186
390.644186
386.644186
390.644186
408.644186
416.644186
423.644186
428.644186
428.644186
420.644186
407.644186
410.644186
418.644186
428.644186
442.644186
434.644186
433.644186
420.644186
406.644186
407.644186
403.644186
403.644186
395.644186
377.644186
352.644186
310.644186
266.644186
210.644186
170.644186
120.644186
69.644186
26.644186
-40.355814
-117.355814
-186.355814
-234.355814
-283.355814
-305.355814
-314.355814
-319.355814
-331.355814
-351.355814
-338.355814
-322.355814
-298.355814
-267.355814
-226.355814
-205.355814
-213.355814
-204.355814
-179.355814
-162.355814
-150.355814
-127.355814
-117.355814
-134.355814
-151.355814
-134.355814
-118.355814
-115.355814
-104.355814
-83.355814
-88.355814
-109.355814
-118.355814
-123.355814
-128.355814
-147.355814
-147.355814
-156.355814
-186.355814
-217.355814
-234.355814
-249.355814
-267.355814
-270.355814
-270.355814
-270.355814
-279.355814
-279.355814
-255.355814
-242.355814
-231.355814
-201.355814
-180.355814
-175.355814
-158.355814
-126.355814
-96.355814
-72.355814
-45.355814
-23.355814
-2.355814
14.644186
36.644186
67.644186
84.644186
104.644186
136.644186
150.644186
171.644186
195.644186
222.644186
243.644186
253.644186
265.644186
280.644186
291.644186
299.644186
318.644186
320.644186
317.644186
314.644186
320.644186
327.644186
334.644186
334.644186
331.644186
330.644186
327.644186
320.644186
329.644186
343.644186
346.644186
349.644186
359.644186
365.644186
362.644186
360.644186
363.644186
363.644186
351.644186
350.644186
354.644186
351.644186
320.644186
293.644186
241.644186
167.644186
102.644186
49.644186
5.644186
-45.355814
-92.355814
-157.355814
-247.355814
-335.355814
-383.355814
-397.355814
-404.355814
-401.355814
-396.355814
-407.355814
-430.355814
-420.355814
-373.355814
-325.355814
-290.355814
-254.355814
-233.355814
-240.355814
-236.355814
-201.355814
-156.355814
-136.355814
-127.355814
-125.355814
-140.355814
-159.355814
-158.355814
-137.355814
-119.355814
-114.355814
-118.355814
-132.355814
-157.355814
-168.355814
-161.355814
-154.355814
-162.355814
-181.355814
-197.355814
-233.355814
-254.355814
-258.355814
-258.355814
-253.355814
-255.355814
-252.355814
-262.355814
-271.355814
-263.355814
-240.355814
-217.355814
-198.355814
-172.355814
-157.355814
-149.355814
-122.355814
-96.355814
-70.355814
-47.355814
-20.355814
-1.355814
8.644186
35.644186
65.644186
84.644186
94.644186
115.644186
127.644186
138.644186
167.644186
195.644186
212.644186
223.644186
233.644186
249.644186
258.644186
259.644186
277.644186
293.644186
295.644186
299.644186
305.644186
315.644186
308.644186
310.644186
323.644186
328.644186
324.644186
316.644186
331.644186
348.644186
350.644186
355.644186
368.644186
367.644186
357.644186
370.644186
396.644186
402.644186
398.644186
404.644186
412.644186
410.644186
405.644186
403.644186
385.644186
345.644186
291.644186
239.644186
179.644186
112.644186
58.644186
9.644186
-46.355814
-127.355814
-203.355814
-279.355814
-362.355814
-410.355814
-435.355814
-446.355814
-473.355814
-506.355814
-510.355814
-505.355814
-483.355814
-435.355814
-376.355814
-344.355814
-328.355814
-310.355814
-319.355814
-313.355814
-280.355814
-240.355814
-215.355814
-213.355814
-216.355814
-222.355814
-233.355814
-228.355814
-197.355814
-167.355814
-162.355814
-186.355814
-201.355814
-198.355814
-192.355814
-175.355814
-170.355814
-203.355814
-264.355814
-303.355814
-313.355814
-327.355814
-318.355814
-292.355814
-307.355814
-339.355814
-364.355814
-354.355814
-326.355814
-299.355814
-260.355814
-227.355814
-222.355814
-217.355814
-188.355814
-150.355814
-115.355814
-82.355814
-35.355814
-18.355814
-29.355814
-12.355814
42.644186
88.644186
124.644186
150.644186
164.644186
164.644186
169.644186
203.644186
240.644186
271.644186
295.644186
313.644186
313.644186
295.644186
276.644186
272.644186
286.644186
309.644186
334.644186
359.644186
363.644186
369.644186
375.644186
365.644186
356.644186
355.644186
360.644186
362.644186
375.644186
397.644186
421.644186
436.644186
423.644186
397.644186
383.644186
397.644186
423.644186
456.644186
489.644186
495.644186
485.644186
493.644186
497.644186
483.644186
488.644186
464.644186
376.644186
262.644186
169.644186
102.644186
26.644186
-40.355814
-108.355814
-206.355814
-328.355814
-437.355814
-517.355814
-565.355814
-574.355814
-559.355814
-561.355814
-605.355814
-639.355814
-625.355814
-574.355814
-496.355814
-430.355814
-392.355814
-378.355814
-386.355814
-379.355814
-325.355814
-257.355814
-220.355814
-201.355814
-197.355814
-214.355814
-238.355814
-219.355814
-166.355814
-111.355814
-74.355814
-80.355814
-109.355814
-142.355814
-160.355814
-143.355814
-109.355814
-99.355814
-121.355814
-169.355814
-213.355814
-246.355814
-276.355814
-284.355814
-286.355814
-296.355814
-288.355814
-267.355814
-239.355814
-219.355814
-198.355814
-165.355814
-117.355814
-80.355814
-77.355814
-57.355814
-14.355814
15.644186
32.644186
55.644186
83.644186
98.644186
111.644186
135.644186
174.644186
174.644186
152.644186
152.644186
176.644186
204.644186
225.644186
260.644186
291.644186
277.644186
260.644186
266.644186
272.644186
267.644186
261.644186
277.644186
276.644186
259.644186
282.644186
321.644186
317.644186
294.644186
309.644186
340.644186
337.644186
324.644186
347.644186
359.644186
337.644186
333.644186
344.644186
354.644186
375.644186
399.644186
419.644186
414.644186
404.644186
435.644186
486.644186
499.644186
519.644186
551.644186
546.644186
500.644186
431.644186
368.644186
303.644186
212.644186
132.644186
65.644186
-23.355814
-131.355814
-249.355814
-373.355814
-510.355814
-598.355814
-599.355814
-582.355814
-599.355814
-627.355814
-649.355814
-654.355814
-641.355814
-590.355814
-489.355814
-415.355814
-402.355814
-395.355814
-379.355814
-378.355814
-337.355814
-266.355814
-209.355814
-205.355814
-224.355814
-227.355814
-209.355814
-170.355814
-116.355814
-48.355814
-8.355814
-15.355814
-20.355814
-11.355814
-20.355814
-7.355814
38.644186
45.644186
-8.355814
-74.355814
-120.355814
-176.355814
-218.355814
-210.355814
-185.355814
-176.355814
-197.355814
-196.355814
-183.355814
-197.355814
-177.355814
-144.355814
-129.355814
-130.355814
-106.355814
-47.355814
-21.355814
-12.355814
-2.355814
19.644186
18.644186
-5.355814
23.644186
84.644186
96.644186
108.644186
138.644186
160.644186
168.644186
183.644186
225.644186
249.644186
232.644186
222.644186
247.644186
263.644186
264.644186
268.644186
295.644186
294.644186
242.644186
229.644186
250.644186
246.644186
244.644186
285.644186
314.644186
288.644186
253.644186
254.644186
283.644186
270.644186
273.644186
302.644186
286.644186
264.644186
269.644186
312.644186
333.644186
341.644186
390.644186
437.644186
480.644186
523.644186
566.644186
642.644186
689.644186
680.644186
676.644186
642.644186
535.644186
410.644186
316.644186
216.644186
137.644186
34.644186
-104.355814
-243.355814
-423.355814
-604.355814
-712.355814
-772.355814
-799.355814
-810.355814
-827.355814
-868.355814
-879.355814
-860.355814
-791.355814
-656.355814
-565.355814
-529.355814
-534.355814
-524.355814
-531.355814
-502.355814
-401.355814
-331.355814
-306.355814
-324.355814
-344.355814
-331.355814
-266.355814
-184.355814
-87.355814
-9.355814
3.644186
-9.355814
-22.355814
-12.355814
11.644186
11.644186
9.644186
-26.355814
-135.355814
-228.355814
-264.355814
-287.355814
-296.355814
-297.355814
-296.355814
-328.355814
-376.355814
-373.355814
-325.355814
-279.355814
-248.355814
-243.355814
-239.355814
-215.355814
-224.355814
-203.355814
-139.355814
-114.355814
-122.355814
-131.355814
-129.355814
-123.355814
-103.355814
-61.355814
1.644186
55.644186
90.644186
120.644186
158.644186
190.644186
201.644186
222.644186
263.644186
263.644186
232.644186
231.644186
242.644186
237.644186
221.644186
214.644186
235.644186
228.644186
223.644186
255.644186
288.644186
302.644186
297.644186
311.644186
336.644186
338.644186
347.644186
364.644186
369.644186
376.644186
370.644186
378.644186
405.644186
419.644186
447.644186
526.644186
568.644186
598.644186
651.644186
728.644186
794.644186
803.644186
840.644186
856.644186
763.644186
623.644186
504.644186
391.644186
271.644186
144.644186
40.644186
-67.355814
-253.355814
-484.355814
-650.355814
-733.355814
-832.355814
-884.355814
-837.355814
-846.355814
-924.355814
-937.355814
-882.355814
-808.355814
-725.355814
-638.355814
-536.355814
-518.355814
-556.355814
-538.355814
-468.355814
-382.355814
-334.355814
-304.355814
-275.355814
-293.355814
-297.355814
-222.355814
-110.355814
-19.355814
18.644186
31.644186
13.644186
-22.355814
-14.355814
41.644186
80.644186
65.644186
4.644186
-76.355814
-188.355814
-266.355814
-278.355814
-261.355814
-251.355814
-274.355814
-311.355814
-327.355814
-306.355814
-257.355814
-194.355814
-161.355814
-133.355814
-145.355814
-175.355814
-152.355814
-116.355814
-64.355814
-7.355814
-0.355814
-22.355814
-33.355814
-40.355814
-30.355814
26.644186
87.644186
137.644186
182.644186
191.644186
181.644186
196.644186
224.644186
228.644186
214.644186
218.644186
216.644186
192.644186
172.644186
188.644186
209.644186
191.644186
177.644186
199.644186
244.644186
270.644186
269.644186
289.644186
280.644186
259.644186
244.644186
257.644186
289.644186
274.644186
268.644186
279.644186
287.644186
296.644186
322.644186
386.644186
468.644186
518.644186
566.644186
666.644186
695.644186
700.644186
786.644186
869.644186
924.644186
895.644186
819.644186
713.644186
551.644186
349.644186
196.644186
174.644186
140.644186
12.644186
-148.355814
-371.355814
-604.355814
-740.355814
-762.355814
-697.355814
-642.355814
-661.355814
-725.355814
-753.355814
-795.355814
-733.355814
-530.355814
-349.355814
-268.355814
-308.355814
-314.355814
-287.355814
-284.355814
-204.355814
-47.355814
55.644186
14.644186
-71.355814
-46.355814
18.644186
59.644186
185.644186
321.644186
277.644186
153.644186
76.644186
87.644186
168.644186
157.644186
212.644186
215.644186
47.644186
-110.355814
-206.355814
-227.355814
-225.355814
-230.355814
-243.355814
-266.355814
-334.355814
-368.355814
-318.355814
-260.355814
-241.355814
-264.355814
-287.355814
-271.355814
-304.355814
-254.355814
-178.355814
-175.355814
-166.355814
-200.355814
-223.355814
-217.355814
-193.355814
-164.355814
-82.355814
-36.355814
-10.355814
-13.355814
-10.355814
39.644186
65.644186
85.644186
111.644186
140.644186
118.644186
76.644186
61.644186
90.644186
101.644186
109.644186
126.644186
106.644186
109.644186
130.644186
159.644186
217.644186
198.644186
205.644186
224.644186
198.644186
223.644186
271.644186
339.644186
387.644186
387.644186
397.644186
428.644186
468.644186
565.644186
666.644186
707.644186
733.644186
745.644186
829.644186
916.644186
912.644186
930.644186
882.644186
745.644186
562.644186
348.644186
243.644186
217.644186
105.644186
-71.355814
-231.355814
-492.355814
-789.355814
-954.355814
-969.355814
-900.355814
-872.355814
-936.355814
-997.355814
-1035.355814
-1029.355814
-910.355814
-694.355814
-546.355814
-504.355814
-462.355814
-461.355814
-478.355814
-433.355814
-290.355814
-131.355814
-87.355814
-155.355814
-210.355814
-223.355814
-140.355814
-26.355814
130.644186
266.644186
247.644186
209.644186
136.644186
164.644186
235.644186
281.644186
293.644186
203.644186
71.644186
-98.355814
-158.355814
-181.355814
-167.355814
-151.355814
-164.355814
-246.355814
-322.355814
-333.355814
-322.355814
-256.355814
-158.355814
-130.355814
-120.355814
59.644186
-217.355814
-225.355814
-237.355814
-154.355814
158.644186
-79.355814
-5.355814
-84.355814
-151.355814
-209.355814
-9.355814
125.644186
184.644186
312.644186
23.644186
239.644186
167.644186
211.644186
434.644186
226.644186
362.644186
335.644186
197.644186
254.644186
171.644186
173.644186
303.644186
185.644186
124.644186
202.644186
123.644186
226.644186
235.644186
167.644186
285.644186
196.644186
164.644186
283.644186
237.644186
321.644186
325.644186
322.644186
472.644186
413.644186
447.644186
514.644186
560.644186
657.644186
692.644186
768.644186
887.644186
891.644186
913.644186
963.644186
859.644186
697.644186
523.644186
324.644186
203.644186
129.644186
65.644186
-37.355814
-296.355814
-606.355814
-846.355814
-973.355814
-1023.355814
-974.355814
-866.355814
-898.355814
-1002.355814
-1040.355814
-1013.355814
-811.355814
-568.355814
-447.355814
-333.355814
-355.355814
-434.355814
-373.355814
-234.355814
-94.355814
10.644186
47.644186
-12.355814
-109.355814
-118.355814
-33.355814
110.644186
345.644186
410.644186
368.644186
328.644186
283.644186
283.644186
298.644186
339.644186
334.644186
246.644186
67.644186
-94.355814
-167.355814
-229.355814
-182.355814
-80.355814
-299.355814
-427.355814
-316.355814
-234.355814
-380.355814
-736.355814
-581.355814
-169.355814
-144.355814
-352.355814
-445.355814
-442.355814
-313.355814
-221.355814
-253.355814
-89.355814
-161.355814
-325.355814
-216.355814
-219.355814
-44.355814
111.644186
-51.355814
-57.355814
-14.355814
4.644186
107.644186
65.644186
64.644186
219.644186
167.644186
164.644186
156.644186
2.644186
69.644186
78.644186
89.644186
198.644186
140.644186
107.644186
115.644186
54.644186
123.644186
137.644186
46.644186
120.644186
148.644186
139.644186
141.644186
166.644186
276.644186
335.644186
319.644186
338.644186
401.644186
418.644186
475.644186
594.644186
745.644186
812.644186
824.644186
893.644186
925.644186
975.644186
994.644186
878.644186
697.644186
433.644186
283.644186
273.644186
178.644186
40.644186
-163.355814
-375.355814
-558.355814
-870.355814
-1030.355814
-917.355814
-756.355814
-720.355814
-828.355814
-960.355814
-953.355814
-816.355814
-644.355814
-352.355814
-208.355814
-222.355814
-241.355814
-352.355814
-292.355814
-111.355814
71.644186
224.644186
137.644186
-92.355814
-163.355814
-85.355814
27.644186
215.644186
322.644186
336.644186
226.644186
70.644186
104.644186
193.644186
324.644186
352.644186
255.644186
57.644186
-178.355814
-339.355814
-380.355814
-290.355814
-326.355814
-359.355814
-413.355814
-528.355814
-541.355814
-535.355814
-497.355814
-395.355814
-330.355814
-312.355814
-302.355814
-344.355814
-303.355814
-287.355814
-236.355814
-240.355814
-421.355814
-353.355814
-336.355814
-308.355814
-353.355814
-359.355814
-375.355814
-571.355814
-500.355814
-341.355814
21.644186
4.644186
-14.355814
159.644186
264.644186
365.644186
353.644186
566.644186
470.644186
408.644186
437.644186
410.644186
451.644186
460.644186
411.644186
291.644186
165.644186
65.644186
45.644186
-11.355814
-36.355814
8.644186
88.644186
137.644186
203.644186
265.644186
376.644186
517.644186
630.644186
733.644186
777.644186
913.644186
1047.644186
1072.644186
1154.644186
1247.644186
1313.644186
1340.644186
1269.644186
1093.644186
586.644186
-143.355814
-794.355814
-1161.355814
-1285.355814
-1453.355814
-1828.355814
-2114.355814
-2268.355814
-2629.355814
-2601.355814
-2276.355814
-1759.355814
-1136.355814
-733.355814
-270.355814
21.644186
222.644186
730.644186
1405.644186
1877.644186
2117.644186
2158.644186
1961.644186
1688.644186
1508.644186
1482.644186
1442.644186
1160.644186
773.644186
344.644186
-10.355814
-237.355814
-395.355814
-418.355814
-484.355814
-707.355814
-1026.355814
-1271.355814
-1376.355814
-1332.355814
-1214.355814
-1042.355814
-908.355814
-849.355814
-788.355814
-723.355814
-573.355814
-426.355814
-360.355814
-328.355814
-130.355814
114.644186
400.644186
660.644186
871.644186
981.644186
895.644186
948.644186
956.644186
890.644186
712.644186
495.644186
341.644186
102.644186
-78.355814
-182.355814
-253.355814
-344.355814
-374.355814
-532.355814
-655.355814
-668.355814
-627.355814
-448.355814
-328.355814
-266.355814
-124.355814
-16.355814
187.644186
435.644186
546.644186
609.644186
544.644186
465.644186
383.644186
255.644186
205.644186
196.644186
150.644186
168.644186
186.644186
226.644186
386.644186
466.644186
493.644186
542.644186
516.644186
509.644186
569.644186
683.644186
838.644186
998.644186
1053.644186
1121.644186
1241.644186
1361.644186
1545.644186
1640.644186
1615.644186
1471.644186
1343.644186
1133.644186
1128.644186
1146.644186
1092.644186
1025.644186
260.644186
-603.355814
-1702.355814
-2421.355814
-2709.355814
-2909.355814
-2876.355814
-2998.355814
-2947.355814
-3108.355814
-2776.355814
-2293.355814
-1259.355814
-116.355814
487.644186
1353.644186
1588.644186
1962.644186
2554.644186
2980.644186
3399.644186
3361.644186
2842.644186
2265.644186
1536.644186
841.644186
474.644186
55.644186
-345.355814
-829.355814
-1486.355814
-1812.355814
-2017.355814
-2163.355814
-1958.355814
-1882.355814
-1853.355814
-1720.355814
-1663.355814
-1325.355814
-914.355814
-663.355814
-282.355814
-114.355814
8.644186
288.644186
385.644186
439.644186
428.644186
141.644186
-48.355814
-124.355814
-275.355814
-103.355814
-75.355814
-216.355814
-251.355814
-587.355814
-856.355814
-874.355814
-987.355814
-923.355814
-753.355814
-882.355814
-684.355814
-601.355814
-540.355814
-183.355814
-115.355814
27.644186
121.644186
-46.355814
-44.355814
16.644186
-69.355814
34.644186
88.644186
88.644186
211.644186
165.644186
117.644186
73.644186
-156.355814
-307.355814
-351.355814
-434.355814
-447.355814
-464.355814
-444.355814
-296.355814
-138.355814
29.644186
270.644186
353.644186
367.644186
425.644186
472.644186
637.644186
743.644186
802.644186
942.644186
1059.644186
1100.644186
1259.644186
1395.644186
1390.644186
1411.644186
1180.644186
1037.644186
1177.644186
1150.644186
1233.644186
1233.644186
1043.644186
977.644186
1000.644186
910.644186
451.644186
-499.355814
-1849.355814
-2726.355814
-3091.355814
-3102.355814
-2786.355814
-2744.355814
-2615.355814
-2574.355814
-2421.355814
-1805.355814
-809.355814
434.644186
1224.644186
2004.644186
2486.644186
2836.644186
3257.644186
3510.644186
3738.644186
3360.644186
2520.644186
1580.644186
486.644186
-325.355814
-813.355814
-1245.355814
-1614.355814
-1974.355814
-2292.355814
-2361.355814
-2191.355814
-2025.355814
-1717.355814
-1418.355814
-1174.355814
-746.355814
-396.355814
-27.355814
546.644186
983.644186
1216.644186
1202.644186
1147.644186
958.644186
745.644186
536.644186
113.644186
-195.355814
-615.355814
-832.355814
-956.355814
-659.355814
-644.355814
-1192.355814
-971.355814
-861.355814
-735.355814
-676.355814
-648.355814
-557.355814
-351.355814
-531.355814
-629.355814
348.644186
447.644186
470.644186
827.644186
421.644186
100.644186
2.644186
-407.355814
-407.355814
-199.355814
-409.355814
-445.355814
-512.355814
-744.355814
-678.355814
-584.355814
-663.355814
-504.355814
-546.355814
-580.355814
-545.355814
-717.355814
-574.355814
-367.355814
-174.355814
241.644186
478.644186
591.644186
640.644186
569.644186
529.644186
548.644186
656.644186
737.644186
853.644186
887.644186
927.644186
984.644186
1027.644186
1111.644186
1284.644186
1377.644186
1418.644186
1520.644186
1509.644186
1520.644186
1561.644186
1541.644186
1573.644186
1629.644186
1383.644186
1523.644186
1183.644186
69.644186
-1152.355814
-2856.355814
-3557.355814
-3446.355814
-3371.355814
-3220.355814
-3153.355814
-3267.355814
-2927.355814
-2185.355814
-1323.355814
301.644186
1443.644186
2222.644186
3187.644186
3500.644186
3906.644186
4345.644186
4295.644186
4071.644186
3138.644186
1970.644186
953.644186
-142.355814
-846.355814
-1336.355814
-1888.355814
-2325.355814
-2591.355814
-2816.355814
-2551.355814
-2196.355814
-2006.355814
-1620.355814
-1349.355814
-828.355814
-86.355814
457.644186
1031.644186
1507.644186
1789.644186
2051.644186
1994.644186
1685.644186
1448.644186
963.644186
381.644186
-108.355814
-704.355814
-1090.355814
-1159.355814
-1239.355814
-1173.355814
-1145.355814
-1215.355814
-1067.355814
-1007.355814
-938.355814
-728.355814
-686.355814
-485.355814
-112.355814
145.644186
607.644186
935.644186
985.644186
870.644186
534.644186
259.644186
-55.355814
-441.355814
-628.355814
-760.355814
-923.355814
-941.355814
-923.355814
-877.355814
-720.355814
-562.355814
-443.355814
-443.355814
-529.355814
-521.355814
-383.355814
-101.355814
100.644186
221.644186
374.644186
520.644186
670.644186
771.644186
822.644186
856.644186
751.644186
569.644186
511.644186
398.644186
395.644186
480.644186
580.644186
745.644186
864.644186
1031.644186
1243.644186
1299.644186
1340.644186
1400.644186
1420.644186
1603.644186
1726.644186
1907.644186
2056.644186
1936.644186
1822.644186
1642.644186
1694.644186
1549.644186
446.644186
-1212.355814
-3026.355814
-4076.355814
-4133.355814
-3870.355814
-3710.355814
-3582.355814
-3550.355814
-3326.355814
-2561.355814
-1566.355814
87.644186
1461.644186
2266.644186
3242.644186
3799.644186
4237.644186
4679.644186
4742.644186
4457.644186
3461.644186
2090.644186
891.644186
-201.355814
-1037.355814
-1659.355814
-2229.355814
-2712.355814
-3020.355814
-3209.355814
-2948.355814
-2452.355814
-2137.355814
-1850.355814
-1550.355814
-984.355814
-169.355814
509.644186
1168.644186
1664.644186
1959.644186
2148.644186
1995.644186
1627.644186
1261.644186
884.644186
347.644186
-356.355814
-1235.355814
-1868.355814
-2038.355814
-1818.355814
-1507.355814
-1398.355814
-1409.355814
-1389.355814
-1367.355814
-1156.355814
-821.355814
-654.355814
-386.355814
-54.355814
289.644186
749.644186
1053.644186
1106.644186
912.644186
425.644186
-134.355814
-599.355814
-1014.355814
-1270.355814
-1469.355814
-1694.355814
-1703.355814
-1609.355814
-1369.355814
-1009.355814
-696.355814
-463.355814
-445.355814
-632.355814
-675.355814
-506.355814
-245.355814
18.644186
143.644186
218.644186
321.644186
492.644186
640.644186
708.644186
609.644186
395.644186
249.644186
124.644186
115.644186
257.644186
390.644186
639.644186
869.644186
933.644186
1052.644186
1265.644186
1404.644186
1408.644186
1550.644186
1594.644186
1647.644186
1816.644186
1878.644186
1993.644186
2093.644186
2149.644186
2154.644186
1996.644186
1890.644186
1757.644186
718.644186
-1040.355814
-2948.355814
-4228.355814
-4332.355814
-4039.355814
-3859.355814
-3723.355814
-3582.355814
-3163.355814
-2338.355814
-1454.355814
153.644186
1722.644186
2411.644186
3297.644186
4042.644186
4686.644186
5356.644186
5390.644186
4975.644186
3993.644186
2538.644186
1238.644186
61.644186
-924.355814
-1761.355814
-2632.355814
-3278.355814
-3455.355814
-3499.355814
-3196.355814
-2640.355814
-2283.355814
-1935.355814
-1753.355814
-1291.355814
-342.355814
556.644186
1294.644186
1731.644186
1984.644186
2209.644186
2175.644186
2002.644186
1631.644186
1003.644186
315.644186
-581.355814
-1525.355814
-2099.355814
-2413.355814
-2354.355814
-2003.355814
-2006.355814
-1952.355814
-1717.355814
-1636.355814
-1318.355814
-1010.355814
-912.355814
-513.355814
5.644186
452.644186
1064.644186
1366.644186
1325.644186
1130.644186
589.644186
37.644186
-405.355814
-881.355814
-1287.355814
-1789.355814
-2098.355814
-2119.355814
-2016.355814
-1504.355814
-1075.355814
-853.355814
-631.355814
-629.355814
-723.355814
-608.355814
-425.355814
-195.355814
107.644186
135.644186
247.644186
531.644186
819.644186
1125.644186
1133.644186
975.644186
737.644186
483.644186
418.644186
343.644186
396.644186
466.644186
539.644186
876.644186
1099.644186
1276.644186
1522.644186
1543.644186
1448.644186
1443.644186
1336.644186
1484.644186
1831.644186
1946.644186
2107.644186
2206.644186
2104.644186
2201.644186
2316.644186
2328.644186
2231.644186
1019.644186
-753.355814
-2698.355814
-4217.355814
-4195.355814
-3671.355814
-3358.355814
-3143.355814
-3069.355814
-2901.355814
-2239.355814
-1321.355814
155.644186
1566.644186
2190.644186
3058.644186
4042.644186
4751.644186
5448.644186
5534.644186
5081.644186
4177.644186
2669.644186
1403.644186
258.644186
-813.355814
-1746.355814
-2634.355814
-3234.355814
-3325.355814
-3189.355814
-2849.355814
-2287.355814
-1965.355814
-1739.355814
-1481.355814
-987.355814
-34.355814
832.644186
1407.644186
1876.644186
2055.644186
2289.644186
2373.644186
2176.644186
1856.644186
1191.644186
296.644186
-695.355814
-1510.355814
-2016.355814
-2340.355814
-2369.355814
-2301.355814
-2193.355814
-1976.355814
-1779.355814
-1424.355814
-1131.355814
-997.355814
-832.355814
-449.355814
81.644186
743.644186
1213.644186
1319.644186
1285.644186
945.644186
450.644186
-17.355814
-610.355814
-1207.355814
-1795.355814
-2321.355814
-2513.355814
-2435.355814
-2130.355814
-1683.355814
-1315.355814
-1031.355814
-777.355814
-616.355814
-421.355814
-198.355814
-27.355814
136.644186
136.644186
129.644186
304.644186
517.644186
793.644186
946.644186
882.644186
706.644186
474.644186
317.644186
334.644186
329.644186
152.644186
128.644186
180.644186
440.644186
872.644186
1164.644186
1480.644186
1596.644186
1578.644186
1651.644186
1523.644186
1548.644186
1692.644186
1837.644186
2244.644186
2493.644186
2574.644186
2731.644186
2663.644186
2383.644186
2390.644186
2022.644186
812.644186
-826.355814
-2966.355814
-4305.355814
-4166.355814
-3746.355814
-3423.355814
-3462.355814
-3612.355814
-3331.355814
-2678.355814
-1667.355814
-39.355814
1469.644186
2260.644186
3298.644186
4357.644186
5213.644186
5815.644186
5697.644186
5137.644186
3974.644186
2464.644186
1204.644186
-54.355814
-1180.355814
-2217.355814
-3099.355814
-3533.355814
-3555.355814
-3395.355814
-3010.355814
-2444.355814
-2122.355814
-1851.355814
-1608.355814
-1112.355814
-139.355814
776.644186
1447.644186
1863.644186
2046.644186
2275.644186
2289.644186
2203.644186
1842.644186
1002.644186
62.644186
-965.355814
-1852.355814
-2373.355814
-2665.355814
-2752.355814
-2539.355814
-2374.355814
-2186.355814
-1921.355814
-1674.355814
-1488.355814
-1241.355814
-856.355814
-259.355814
420.644186
789.644186
1126.644186
1291.644186
1158.644186
883.644186
505.644186
-5.355814
-706.355814
-1390.355814
-1920.355814
-2413.355814
-2557.355814
-2375.355814
-2049.355814
-1566.355814
-1097.355814
-817.355814
-588.355814
-377.355814
-318.355814
-187.355814
-138.355814
-84.355814
38.644186
196.644186
498.644186
851.644186
1009.644186
1075.644186
921.644186
651.644186
536.644186
373.644186
327.644186
206.644186
131.644186
307.644186
491.644186
792.644186
1036.644186
1142.644186
1234.644186
1203.644186
1176.644186
1357.644186
1627.644186
1755.644186
2071.644186
2344.644186
2504.644186
2882.644186
3090.644186
3185.644186
3159.644186
2882.644186
2763.644186
1895.644186
144.644186
-1870.355814
-3979.355814
-4784.355814
-4412.355814
-4000.355814
-3828.355814
-3767.355814
-3743.355814
-3153.355814
-2201.355814
-1020.355814
798.644186
1947.644186
2865.644186
4233.644186
5240.644186
6008.644186
6267.644186
5739.644186
4794.644186
3345.644186
1848.644186
506.644186
-782.355814
-1978.355814
-2954.355814
-3614.355814
-3768.355814
-3621.355814
-3424.355814
-2953.355814
-2647.355814
-2407.355814
-2072.355814
-1534.355814
-519.355814
477.644186
1272.644186
1824.644186
1972.644186
2143.644186
2261.644186
2140.644186
1890.644186
1380.644186
681.644186
-146.355814
-1072.355814
-1894.355814
-2584.355814
-2955.355814
-3010.355814
-2974.355814
-2734.355814
-2425.355814
-2164.355814
-1918.355814
-1640.355814
-1243.355814
-615.355814
108.644186
806.644186
1365.644186
1617.644186
1582.644186
1377.644186
932.644186
248.644186
-503.355814
-1260.355814
-1870.355814
-2261.355814
-2438.355814
-2444.355814
-2209.355814
-1891.355814
-1573.355814
-1185.355814
-778.355814
-471.355814
-244.355814
-135.355814
-84.355814
-6.355814
120.644186
286.644186
537.644186
806.644186
915.644186
932.644186
829.644186
629.644186
524.644186
535.644186
434.644186
447.644186
308.644186
224.644186
382.644186
580.644186
980.644186
1344.644186
1523.644186
1504.644186
1480.644186
1409.644186
1375.644186
1577.644186
1944.644186
2301.644186
2682.644186
2859.644186
2875.644186
2934.644186
2944.644186
2840.644186
2646.644186
2521.644186
2036.644186
740.644186
-1184.355814
-3261.355814
-4508.355814
-4419.355814
-3902.355814
-3625.355814
-3608.355814
-3704.355814
-3399.355814
-2589.355814
-1660.355814
-14.355814
1592.644186
2535.644186
3827.644186
4899.644186
5523.644186
5879.644186
5624.644186
4877.644186
3643.644186
2145.644186
846.644186
-385.355814
-1515.355814
-2483.355814
-3100.355814
-3255.355814
-3096.355814
-2975.355814
-2780.355814
-2502.355814
-2425.355814
-2258.355814
-1894.355814
-1152.355814
-77.355814
751.644186
1301.644186
1636.644186
1812.644186
2045.644186
2055.644186
1845.644186
1322.644186
537.644186
-308.355814
-988.355814
-1521.355814
-2111.355814
-2553.355814
-2927.355814
-3144.355814
-3013.355814
-2810.355814
-2467.355814
-2041.355814
-1864.355814
-1567.355814
-1192.355814
-670.355814
190.644186
806.644186
1184.644186
1455.644186
1283.644186
808.644186
322.644186
-261.355814
-854.355814
-1287.355814
-1691.355814
-2011.355814
-2209.355814
-2227.355814
-1976.355814
-1675.355814
-1315.355814
-1034.355814
-911.355814
-696.355814
-579.355814
-426.355814
-134.355814
64.644186
346.644186
683.644186
966.644186
1147.644186
1201.644186
1163.644186
1030.644186
930.644186
752.644186
601.644186
609.644186
646.644186
731.644186
846.644186
903.644186
942.644186
978.644186
996.644186
1075.644186
1295.644186
1493.644186
1665.644186
1894.644186
1978.644186
2228.644186
2570.644186
2771.644186
3043.644186
3162.644186
3110.644186
2871.644186
2460.644186
2403.644186
2255.644186
1109.644186
-580.355814
-2567.355814
-3970.355814
-3843.355814
-3446.355814
-3317.355814
-3170.355814
-3361.355814
-3319.355814
-2799.355814
-2246.355814
-741.355814
872.644186
1850.644186
3147.644186
4253.644186
5051.644186
5506.644186
5204.644186
4567.644186
3578.644186
2251.644186
1157.644186
-19.355814
-1005.355814
-1712.355814
-2411.355814
-2675.355814
-2666.355814
-2775.355814
-2780.355814
-2756.355814
-2770.355814
-2609.355814
-2305.355814
-1569.355814
-548.355814
246.644186
820.644186
1217.644186
1544.644186
1868.644186
1940.644186
1819.644186
1521.644186
968.644186
280.644186
-447.355814
-1011.355814
-1472.355814
-1940.355814
-2428.355814
-2918.355814
-3104.355814
-2955.355814
-2577.355814
-2068.355814
-1741.355814
-1535.355814
-1166.355814
-666.355814
-1.355814
750.644186
1225.644186
1373.644186
1340.644186
952.644186
441.644186
25.644186
-570.355814
-1029.355814
-1386.355814
-1841.355814
-2049.355814
-2089.355814
-2052.355814
-1819.355814
-1530.355814
-1246.355814
-1001.355814
-846.355814
-617.355814
-336.355814
-110.355814
98.644186
279.644186
468.644186
710.644186
848.644186
854.644186
787.644186
645.644186
594.644186
630.644186
730.644186
840.644186
809.644186
665.644186
394.644186
258.644186
278.644186
399.644186
756.644186
1117.644186
1371.644186
1578.644186
1663.644186
1775.644186
1992.644186
2206.644186
2412.644186
2662.644186
2836.644186
2869.644186
2984.644186
3047.644186
2921.644186
2821.644186
2813.644186
2181.644186
634.644186
-1507.355814
-3724.355814
-4547.355814
-4084.355814
-3571.355814
-3227.355814
-3120.355814
-3284.355814
-3202.355814
-2872.355814
-2015.355814
-190.355814
1459.644186
2741.644186
4156.644186
5130.644186
5578.644186
5675.644186
5274.644186
4551.644186
3443.644186
2225.644186
1110.644186
83.644186
-789.355814
-1604.355814
-2151.355814
-2397.355814
-2592.355814
-2831.355814
-2847.355814
-2796.355814
-2751.355814
-2566.355814
-2160.355814
-1293.355814
-256.355814
592.644186
1218.644186
1591.644186
1798.644186
1809.644186
1691.644186
1558.644186
1317.644186
968.644186
418.644186
-109.355814
-651.355814
-1253.355814
-1839.355814
-2595.355814
-3163.355814
-3278.355814
-3004.355814
-2422.355814
-1945.355814
-1844.355814
-1743.355814
-1523.355814
-1138.355814
-439.355814
314.644186
932.644186
1380.644186
1349.644186
1037.644186
783.644186
344.644186
-70.355814
-441.355814
-989.355814
-1532.355814
-1872.355814
-1981.355814
-1923.355814
-1804.355814
-1594.355814
-1423.355814
-1257.355814
-980.355814
-825.355814
-636.355814
-357.355814
-240.355814
-60.355814
298.644186
548.644186
798.644186
982.644186
1045.644186
1170.644186
1244.644186
1177.644186
959.644186
606.644186
271.644186
55.644186
50.644186
205.644186
374.644186
584.644186
639.644186
708.644186
858.644186
1005.644186
1412.644186
1812.644186
2138.644186
2451.644186
2474.644186
2472.644186
2725.644186
3001.644186
3150.644186
3202.644186
3046.644186
3050.644186
3011.644186
1741.644186
-462.355814
-2966.355814
-4767.355814
-4874.355814
-4117.355814
-3526.355814
-3333.355814
-3485.355814
-3754.355814
-3677.355814
-3306.355814
-2099.355814
-67.355814
1619.644186
2938.644186
4090.644186
4815.644186
5333.644186
5488.644186
5099.644186
4259.644186
3058.644186
1917.644186
722.644186
-278.355814
-994.355814
-1606.355814
-2028.355814
-2336.355814
-2705.355814
-2954.355814
-2987.355814
-3080.355814
-3083.355814
-2778.355814
-2101.355814
-1012.355814
14.644186
738.644186
1231.644186
1430.644186
1515.644186
1474.644186
1449.644186
1507.644186
1443.644186
1194.644186
753.644186
79.644186
-610.355814
-1308.355814
-2113.355814
-2777.355814
-3118.355814
-3020.355814
-2514.355814
-2073.355814
-1969.355814
-1903.355814
-1855.355814
-1651.355814
-1142.355814
-517.355814
266.644186
903.644186
1141.644186
1129.644186
944.644186
709.644186
427.644186
3.644186
-540.355814
-1234.355814
-1742.355814
-1866.355814
-1922.355814
-1852.355814
-1682.355814
-1567.355814
-1484.355814
-1337.355814
-1204.355814
-1025.355814
-781.355814
-523.355814
-256.355814
-10.355814
341.644186
602.644186
766.644186
939.644186
987.644186
995.644186
1007.644186
921.644186
826.644186
692.644186
430.644186
122.644186
-39.355814
-3.355814
287.644186
747.644186
1099.644186
1347.644186
1465.644186
1433.644186
1546.644186
1831.644186
2148.644186
2323.644186
2363.644186
2598.644186
2839.644186
3058.644186
3289.644186
3309.644186
3288.644186
3095.644186
2633.644186
2642.644186
2450.644186
829.644186
-1150.355814
-3223.355814
-4363.355814
-3712.355814
-2966.355814
-2597.355814
-2457.355814
-3142.355814
-3893.355814
-3981.355814
-3507.355814
-1701.355814
395.644186
1869.644186
3204.644186
4189.644186
4746.644186
5102.644186
5095.644186
4688.644186
3769.644186
2631.644186
1768.644186
896.644186
268.644186
-331.355814
-947.355814
-1320.355814
-1843.355814
-2496.355814
-3017.355814
-3425.355814
-3617.355814
-3480.355814
-2923.355814
-1913.355814
-890.355814
-253.355814
190.644186
459.644186
707.644186
1040.644186
1254.644186
1399.644186
1379.644186
1099.644186
756.644186
405.644186
-147.355814
-845.355814
-1742.355814
-2588.355814
-2914.355814
-2823.355814
-2495.355814
-2141.355814
-2102.355814
-2312.355814
-2579.355814
-2584.355814
-2318.355814
-1549.355814
-478.355814
494.644186
1178.644186
1431.644186
1450.644186
1216.644186
734.644186
15.644186
-453.355814
-883.355814
-1210.355814
-1112.355814
-1114.355814
-1277.355814
-1413.355814
-1548.355814
-1485.355814
-1324.355814
-1250.355814
-1159.355814
-1074.355814
-858.355814
-479.355814
-111.355814
284.644186
725.644186
992.644186
1163.644186
1272.644186
1246.644186
1184.644186
1139.644186
881.644186
615.644186
564.644186
615.644186
793.644186
1013.644186
1174.644186
1160.644186
1195.644186
1152.644186
1185.644186
1537.644186
1795.644186
1837.644186
1858.644186
1939.644186
2187.644186
2632.644186
2971.644186
3215.644186
3391.644186
3170.644186
2808.644186
2789.644186
2426.644186
1238.644186
-557.355814
-2372.355814
-3054.355814
-2770.355814
-2342.355814
-2032.355814
-2056.355814
-2631.355814
-3402.355814
-3613.355814
-2979.355814
-1426.355814
336.644186
1606.644186
2589.644186
3297.644186
3717.644186
3952.644186
4003.644186
3760.644186
3059.644186
2325.644186
1715.644186
1149.644186
720.644186
169.644186
-248.355814
-578.355814
-1089.355814
-1637.355814
-2069.355814
-2340.355814
-2483.355814
-2473.355814
-2210.355814
-1624.355814
-1046.355814
-635.355814
-237.355814
51.644186
236.644186
410.644186
604.644186
988.644186
1296.644186
1249.644186
804.644186
192.644186
-258.355814
-686.355814
-1145.355814
-1619.355814
-2081.355814
-2178.355814
-2064.355814
-2004.355814
-2024.355814
-2372.355814
-2625.355814
-2649.355814
-2441.355814
-1723.355814
-850.355814
-202.355814
224.644186
331.644186
249.644186
187.644186
108.644186
22.644186
-236.355814
-540.355814
-730.355814
-882.355814
-1009.355814
-1079.355814
-1115.355814
-1148.355814
-1112.355814
-1126.355814
-1120.355814
-1037.355814
-894.355814
-728.355814
-640.355814
-530.355814
-419.355814
-197.355814
91.644186
408.644186
732.644186
988.644186
1155.644186
1158.644186
1031.644186
850.644186
703.644186
624.644186
750.644186
994.644186
1330.644186
1698.644186
1837.644186
1858.644186
1713.644186
1539.644186
1603.644186
1618.644186
1593.644186
1829.644186
2025.644186
2232.644186
2648.644186
2738.644186
2780.644186
2714.644186
2309.644186
1757.644186
752.644186
-636.355814
-1865.355814
-2366.355814
-2253.355814
-1869.355814
-1847.355814
-2171.355814
-2723.355814
-3422.355814
-3534.355814
-2762.355814
-1188.355814
357.644186
1388.644186
2096.644186
2486.644186
2780.644186
3111.644186
3188.644186
2993.644186
2558.644186
1998.644186
1446.644186
897.644186
506.644186
137.644186
-239.355814
-654.355814
-1092.355814
-1466.355814
-1634.355814
-1708.355814
-1818.355814
-1786.355814
-1654.355814
-1349.355814
-1060.355814
-824.355814
-520.355814
-293.355814
-90.355814
89.644186
223.644186
479.644186
627.644186
628.644186
614.644186
196.644186
-304.355814
-595.355814
-885.355814
-1198.355814
-1488.355814
-1890.355814
-2042.355814
-1831.355814
-1915.355814
-2076.355814
-2215.355814
-2305.355814
-1958.355814
-1277.355814
-453.355814
276.644186
496.644186
279.644186
9.644186
-229.355814
-373.355814
-271.355814
-107.355814
-326.355814
-675.355814
-978.355814
-1257.355814
-1371.355814
-1200.355814
-1038.355814
-971.355814
-870.355814
-882.355814
-804.355814
-562.355814
-328.355814
-279.355814
-301.355814
-286.355814
-180.355814
24.644186
162.644186
312.644186
448.644186
524.644186
587.644186
675.644186
857.644186
1052.644186
1150.644186
1117.644186
1066.644186
1167.644186
1551.644186
1979.644186
2178.644186
2256.644186
2125.644186
1828.644186
1559.644186
1419.644186
1687.644186
2145.644186
2401.644186
2394.644186
2329.644186
2417.644186
2658.644186
2856.644186
2141.644186
611.644186
-1038.355814
-2288.355814
-2267.355814
-1462.355814
-1158.355814
-1456.355814
-2099.355814
-3176.355814
-3836.355814
-3605.355814
-2432.355814
-534.355814
828.644186
1476.644186
1778.644186
1973.644186
2360.644186
2868.644186
3349.644186
3369.644186
2955.644186
2364.644186
1609.644186
922.644186
393.644186
58.644186
-94.355814
-342.355814
-886.355814
-1558.355814
-1977.355814
-2243.355814
-2261.355814
-1932.355814
-1495.355814
-967.355814
-722.355814
-710.355814
-712.355814
-678.355814
-480.355814
-180.355814
225.644186
538.644186
598.644186
500.644186
269.644186
-89.355814
-426.355814
-632.355814
-731.355814
-609.355814
-530.355814
-798.355814
-1160.355814
-1557.355814
-1991.355814
-2109.355814
-2026.355814
-1788.355814
-1237.355814
-735.355814
-423.355814
-319.355814
-469.355814
-638.355814
-660.355814
-544.355814
-422.355814
-240.355814
-87.355814
-228.355814
-466.355814
-721.355814
-982.355814
-967.355814
-750.355814
-560.355814
-435.355814
-393.355814
-452.355814
-521.355814
-399.355814
-304.355814
-224.355814
-111.355814
-96.355814
-79.355814
29.644186
220.644186
330.644186
463.644186
515.644186
417.644186
461.644186
546.644186
707.644186
1032.644186
1363.644186
1572.644186
1702.644186
1822.644186
1872.644186
2020.644186
2249.644186
2344.644186
2407.644186
2348.644186
2249.644186
2293.644186
2344.644186
2271.644186
2218.644186
2177.644186
2025.644186
2088.644186
2151.644186
1515.644186
261.644186
-1287.355814
-2474.355814
-2420.355814
-1541.355814
-973.355814
-1130.355814
-1860.355814
-2891.355814
-3469.355814
-3179.355814
-2090.355814
-322.355814
1121.644186
1551.644186
1483.644186
1553.644186
1891.644186
2479.644186
2985.644186
3036.644186
2820.644186
2324.644186
1630.644186
975.644186
452.644186
114.644186
-37.355814
-239.355814
-588.355814
-1045.355814
-1520.355814
-1872.355814
-2003.355814
-1824.355814
-1486.355814
-1065.355814
-761.355814
-701.355814
-765.355814
-734.355814
-642.355814
-433.355814
-65.355814
206.644186
448.644186
448.644186
164.644186
-332.355814
-703.355814
-720.355814
-670.355814
-613.355814
-706.355814
-950.355814
-1184.355814
-1414.355814
-1676.355814
-1781.355814
-1719.355814
-1490.355814
-1092.355814
-771.355814
-556.355814
-433.355814
-562.355814
-746.355814
-703.355814
-587.355814
-442.355814
-258.355814
-285.355814
-576.355814
-901.355814
-1119.355814
-1225.355814
-1069.355814
-667.355814
-372.355814
-292.355814
-307.355814
-428.355814
-397.355814
-262.355814
-228.355814
-186.355814
-256.355814
-234.355814
-34.355814
151.644186
297.644186
312.644186
176.644186
157.644186
292.644186
443.644186
680.644186
813.644186
938.644186
1219.644186
1550.644186
1844.644186
2032.644186
2029.644186
1993.644186
2016.644186
1951.644186
1881.644186
1891.644186
2079.644186
2264.644186
2435.644186
2445.644186
2301.644186
2287.644186
2334.644186
2234.644186
1361.644186
-168.355814
-1443.355814
-1791.355814
-1400.355814
-1009.355814
-1190.355814
-1863.355814
-2788.355814
-3655.355814
-3847.355814
-3238.355814
-1873.355814
-418.355814
393.644186
644.644186
736.644186
1018.644186
1668.644186
2446.644186
2890.644186
2853.644186
2541.644186
2156.644186
1678.644186
1333.644186
1062.644186
727.644186
373.644186
-24.355814
-573.355814
-1066.355814
-1320.355814
-1514.355814
-1533.355814
-1445.355814
-1275.355814
-1035.355814
-981.355814
-1001.355814
-1048.355814
-1092.355814
-951.355814
-657.355814
-348.355814
-99.355814
7.644186
6.644186
-15.355814
-291.355814
-682.355814
-675.355814
-385.355814
-44.355814
48.644186
-390.355814
-996.355814
-1338.355814
-1501.355814
-1506.355814
-1306.355814
-1063.355814
-831.355814
-654.355814
-606.355814
-752.355814
-899.355814
-919.355814
-768.355814
-558.355814
-456.355814
-377.355814
-313.355814
-490.355814
-834.355814
-1026.355814
-1215.355814
-1161.355814
-817.355814
-536.355814
-409.355814
-352.355814
-416.355814
-550.355814
-495.355814
-330.355814
-221.355814
-147.355814
-53.355814
-22.355814
-1.355814
45.644186
17.644186
22.644186
83.644186
129.644186
237.644186
309.644186
382.644186
550.644186
722.644186
1049.644186
1408.644186
1593.644186
1716.644186
1762.644186
1775.644186
1844.644186
1823.644186
1861.644186
1980.644186
2059.644186
2218.644186
2429.644186
2417.644186
2278.644186
2084.644186
1932.644186
2018.644186
1403.644186
2.644186
-1218.355814
-1706.355814
-1293.355814
-782.355814
-1067.355814
-1800.355814
-2597.355814
-3357.355814
-3646.355814
-3235.355814
-2039.355814
-772.355814
-107.355814
104.644186
195.644186
689.644186
1565.644186
2257.644186
2688.644186
2673.644186
2345.644186
2217.644186
1970.644186
1688.644186
1476.644186
1207.644186
878.644186
454.644186
69.644186
-308.355814
-616.355814
-981.355814
-1228.355814
-1244.355814
-1051.355814
-848.355814
-859.355814
-861.355814
-926.355814
-961.355814
-898.355814
-750.355814
-495.355814
-226.355814
-100.355814
-43.355814
-100.355814
-353.355814
-549.355814
-418.355814
-66.355814
196.644186
198.644186
-234.355814
-698.355814
-931.355814
-1023.355814
-997.355814
-900.355814
-793.355814
-726.355814
-603.355814
-631.355814
-802.355814
-956.355814
-983.355814
-856.355814
-664.355814
-536.355814
-458.355814
-411.355814
-659.355814
-982.355814
-1145.355814
-1110.355814
-812.355814
-351.355814
-107.355814
-128.355814
-246.355814
-398.355814
-399.355814
-258.355814
-38.355814
-14.355814
-31.355814
-53.355814
-94.355814
-51.355814
-30.355814
7.644186
17.644186
47.644186
134.644186
267.644186
381.644186
496.644186
565.644186
793.644186
1165.644186
1494.644186
1727.644186
1822.644186
1847.644186
1822.644186
1836.644186
1885.644186
2020.644186
2198.644186
2420.644186
2505.644186
2388.644186
2364.644186
2487.644186
2701.644186
2850.644186
2273.644186
869.644186
-634.355814
-1546.355814
-1326.355814
-630.355814
-607.355814
-1420.355814
-2626.355814
-3705.355814
-4089.355814
-3628.355814
-2566.355814
-1382.355814
-723.355814
-558.355814
-519.355814
-107.355814
889.644186
1952.644186
2557.644186
2585.644186
2275.644186
2172.644186
2257.644186
2210.644186
2031.644186
1670.644186
1238.644186
908.644186
570.644186
206.644186
-36.355814
-384.355814
-834.355814
-1117.355814
-1146.355814
-890.355814
-684.355814
-754.355814
-963.355814
-1243.355814
-1315.355814
-1152.355814
-905.355814
-632.355814
-446.355814
-342.355814
-346.355814
-395.355814
-335.355814
-304.355814
-257.355814
-98.355814
-43.355814
-26.355814
-122.355814
-388.355814
-643.355814
-905.355814
-1117.355814
-1176.355814
-953.355814
-585.355814
-401.355814
-538.355814
-850.355814
-1080.355814
-1072.355814
-899.355814
-698.355814
-529.355814
-535.355814
-675.355814
-921.355814
-1205.355814
-1443.355814
-1382.355814
-977.355814
-553.355814
-194.355814
-144.355814
-368.355814
-576.355814
-632.355814
-496.355814
-254.355814
-74.355814
28.644186
-3.355814
-25.355814
43.644186
-84.355814
-172.355814
-160.355814
-211.355814
-229.355814
-213.355814
-167.355814
71.644186
414.644186
706.644186
1002.644186
1190.644186
1330.644186
1474.644186
1572.644186
1794.644186
1922.644186
1859.644186
1867.644186
1889.644186
2104.644186
2374.644186
2352.644186
2462.644186
2475.644186
2245.644186
2252.644186
2276.644186
2200.644186
1496.644186
88.644186
-1033.355814
-1201.355814
-615.355814
-274.355814
-891.355814
-1969.355814
-3104.355814
-3740.355814
-3512.355814
-2830.355814
-1803.355814
-1187.355814
-1138.355814
-1021.355814
-485.355814
476.644186
1422.644186
2062.644186
2063.644186
1766.644186
1735.644186
1951.644186
2163.644186
2105.644186
1808.644186
1572.644186
1315.644186
1096.644186
823.644186
517.644186
270.644186
-192.355814
-497.355814
-555.355814
-385.355814
-227.355814
-370.355814
-621.355814
-980.355814
-1344.355814
-1431.355814
-1129.355814
-699.355814
-485.355814
-639.355814
-814.355814
-842.355814
-749.355814
-629.355814
-554.355814
-439.355814
-318.355814
-292.355814
-421.355814
-518.355814
-678.355814
-910.355814
-1005.355814
-979.355814
-894.355814
-739.355814
-763.355814
-942.355814
-1093.355814
-1151.355814
-966.355814
-721.355814
-608.355814
-610.355814
-687.355814
-862.355814
-1076.355814
-1268.355814
-1299.355814
-1085.355814
-744.355814
-530.355814
-513.355814
-601.355814
-762.355814
-837.355814
-765.355814
-566.355814
-393.355814
-282.355814
-216.355814
-221.355814
-210.355814
-247.355814
-285.355814
-282.355814
-243.355814
-152.355814
-36.355814
-58.355814
-116.355814
-44.355814
229.644186
593.644186
947.644186
1189.644186
1205.644186
1177.644186
1189.644186
1388.644186
1699.644186
1945.644186
1998.644186
1959.644186
1981.644186
2181.644186
2486.644186
2757.644186
2827.644186
2550.644186
2222.644186
2211.644186
2498.644186
2239.644186
1129.644186
-189.355814
-765.355814
-598.355814
-285.355814
-533.355814
-1581.355814
-2578.355814
-3224.355814
-3269.355814
-2866.355814
-2355.355814
-1860.355814
-1613.355814
-1424.355814
-955.355814
-230.355814
611.644186
1249.644186
1406.644186
1329.644186
1346.644186
1728.644186
2073.644186
2086.644186
1828.644186
1528.644186
1387.644186
1321.644186
1276.644186
1024.644186
642.644186
195.644186
-169.355814
-259.355814
-193.355814
-88.355814
-110.355814
-345.355814
-748.355814
-1154.355814
-1337.355814
-1188.355814
-889.355814
-690.355814
-729.355814
-776.355814
-793.355814
-833.355814
-787.355814
-768.355814
-803.355814
-821.355814
-719.355814
-559.355814
-440.355814
-508.355814
-741.355814
-936.355814
-1002.355814
-951.355814
-786.355814
-608.355814
-593.355814
-685.355814
-840.355814
-843.355814
-706.355814
-624.355814
-616.355814
-731.355814
-894.355814
-1024.355814
-1036.355814
-965.355814
-888.355814
-818.355814
-737.355814
-634.355814
-555.355814
-510.355814
-496.355814
-486.355814
-457.355814
-382.355814
-280.355814
-126.355814
-29.355814
-112.355814
-258.355814
-332.355814
-277.355814
-162.355814
-12.355814
66.644186
31.644186
-37.355814
-43.355814
102.644186
458.644186
794.644186
909.644186
1043.644186
1027.644186
1063.644186
1288.644186
1398.644186
1639.644186
1894.644186
2001.644186
2151.644186
2238.644186
2367.644186
2675.644186
2702.644186
2590.644186
2581.644186
2658.644186
2863.644186
2565.644186
1489.644186
343.644186
-275.355814
-316.355814
28.644186
-267.355814
-1262.355814
-2188.355814
-2916.355814
-2965.355814
-2638.355814
-2288.355814
-1884.355814
-1752.355814
-1637.355814
-1184.355814
-522.355814
266.644186
847.644186
990.644186
1031.644186
1116.644186
1486.644186
1899.644186
1920.644186
1671.644186
1458.644186
1384.644186
1507.644186
1576.644186
1293.644186
882.644186
409.644186
122.644186
94.644186
172.644186
283.644186
195.644186
-136.355814
-527.355814
-908.355814
-1055.355814
-933.355814
-789.355814
-674.355814
-701.355814
-839.355814
-882.355814
-892.355814
-940.355814
-946.355814
-1061.355814
-1050.355814
-898.355814
-747.355814
-584.355814
-632.355814
-878.355814
-1148.355814
-1324.355814
-1281.355814
-948.355814
-679.355814
-517.355814
-628.355814
-885.355814
-955.355814
-889.355814
-635.355814
-476.355814
-517.355814
-626.355814
-789.355814
-910.355814
-928.355814
-938.355814
-866.355814
-763.355814
-642.355814
-594.355814
-607.355814
-603.355814
-572.355814
-393.355814
-322.355814
-238.355814
-182.355814
-199.355814
-162.355814
-193.355814
-116.355814
7.644186
51.644186
64.644186
34.644186
61.644186
151.644186
171.644186
195.644186
266.644186
447.644186
693.644186
901.644186
1083.644186
1203.644186
1392.644186
1558.644186
1596.644186
1627.644186
1782.644186
2050.644186
2324.644186
2530.644186
2623.644186
2613.644186
2435.644186
2321.644186
2529.644186
2943.644186
3034.644186
2261.644186
945.644186
-21.355814
-191.355814
210.644186
406.644186
-290.355814
-1396.355814
-2375.355814
-2807.355814
-2572.355814
-2201.355814
-1900.355814
-1830.355814
-1868.355814
-1698.355814
-1177.355814
-408.355814
209.644186
457.644186
406.644186
405.644186
830.644186
1466.644186
1814.644186
1700.644186
1296.644186
1029.644186
1039.644186
1279.644186
1385.644186
1204.644186
835.644186
347.644186
100.644186
108.644186
237.644186
356.644186
262.644186
-107.355814
-600.355814
-916.355814
-924.355814
-757.355814
-587.355814
-606.355814
-832.355814
-993.355814
-1014.355814
-910.355814
-820.355814
-833.355814
-928.355814
-1093.355814
-1165.355814
-1052.355814
-802.355814
-672.355814
-818.355814
-1224.355814
-1553.355814
-1546.355814
-1241.355814
-865.355814
-799.355814
-943.355814
-1181.355814
-1260.355814
-1026.355814
-669.355814
-391.355814
-344.355814
-462.355814
-669.355814
-799.355814
-755.355814
-595.355814
-455.355814
-450.355814
-595.355814
-675.355814
-652.355814
-469.355814
-327.355814
-363.355814
-372.355814
-387.355814
-242.355814
-38.355814
93.644186
115.644186
-16.355814
-143.355814
-173.355814
-72.355814
111.644186
257.644186
234.644186
96.644186
7.644186
96.644186
412.644186
810.644186
1066.644186
1183.644186
1250.644186
1383.644186
1594.644186
1829.644186
2062.644186
2221.644186
2259.644186
2233.644186
2277.644186
2427.644186
2493.644186
2425.644186
2295.644186
2235.644186
2303.644186
2345.644186
2129.644186
1448.644186
607.644186
33.644186
-88.355814
79.644186
-92.355814
-774.355814
-1532.355814
-2115.355814
-2389.355814
-2335.355814
-2068.355814
-1710.355814
-1628.355814
-1720.355814
-1625.355814
-1171.355814
-400.355814
202.644186
503.644186
520.644186
461.644186
689.644186
1071.644186
1308.644186
1263.644186
1082.644186
942.644186
881.644186
911.644186
905.644186
806.644186
586.644186
183.644186
-74.355814
19.644186
317.644186
507.644186
280.644186
-204.355814
-713.355814
-951.355814
-803.355814
-519.355814
-385.355814
-567.355814
-936.355814
-1180.355814
-1177.355814
-1038.355814
-912.355814
-1111.355814
-1450.355814
-1547.355814
-1398.355814
-1089.355814
-874.355814
-1090.355814
-1508.355814
-1775.355814
-1838.355814
-1493.355814
-1071.355814
-859.355814
-971.355814
-1290.355814
-1358.355814
-1103.355814
-632.355814
-284.355814
-249.355814
-498.355814
-828.355814
-946.355814
-806.355814
-621.355814
-520.355814
-522.355814
-624.355814
-699.355814
-628.355814
-519.355814
-496.355814
-445.355814
-474.355814
-425.355814
-244.355814
-127.355814
-66.355814
-114.355814
-182.355814
-201.355814
-160.355814
-78.355814
9.644186
49.644186
46.644186
61.644186
181.644186
369.644186
593.644186
862.644186
1103.644186
1281.644186
1416.644186
1560.644186
1703.644186
1897.644186
2075.644186
2162.644186
2210.644186
2310.644186
2489.644186
2684.644186
2750.644186
2660.644186
2584.644186
2631.644186
2836.644186
2693.644186
1964.644186
1070.644186
453.644186
387.644186
487.644186
287.644186
-317.355814
-1157.355814
-1892.355814
-2335.355814
-2415.355814
-2106.355814
-1769.355814
-1663.355814
-1675.355814
-1630.355814
-1195.355814
-485.355814
152.644186
516.644186
543.644186
487.644186
682.644186
979.644186
1187.644186
1273.644186
1229.644186
1156.644186
1019.644186
945.644186
929.644186
914.644186
786.644186
517.644186
315.644186
297.644186
472.644186
639.644186
590.644186
247.644186
-243.355814
-592.355814
-670.355814
-540.355814
-412.355814
-488.355814
-683.355814
-908.355814
-1117.355814
-1183.355814
-1164.355814
-1148.355814
-1153.355814
-1242.355814
-1285.355814
-1256.355814
-1232.355814
-1234.355814
-1378.355814
-1558.355814
-1580.355814
-1445.355814
-1185.355814
-997.355814
-1029.355814
-1121.355814
-1164.355814
-1013.355814
-735.355814
-511.355814
-389.355814
-447.355814
-589.355814
-693.355814
-723.355814
-713.355814
-637.355814
-590.355814
-571.355814
-537.355814
-502.355814
-454.355814
-388.355814
-341.355814
-314.355814
-230.355814
-140.355814
-47.355814
4.644186
14.644186
16.644186
1.644186
-21.355814
-42.355814
-11.355814
77.644186
118.644186
73.644186
34.644186
101.644186
365.644186
757.644186
1067.644186
1193.644186
1236.644186
1301.644186
1435.644186
1685.644186
1922.644186
2055.644186
2119.644186
2108.644186
2051.644186
2163.644186
2426.644186
2599.644186
2592.644186
2454.644186
2304.644186
2384.644186
2446.644186
2091.644186
1438.644186
741.644186
342.644186
277.644186
280.644186
-10.355814
-599.355814
-1305.355814
-1984.355814
-2328.355814
-2200.355814
-1809.355814
-1443.355814
-1264.355814
-1339.355814
-1350.355814
-1010.355814
-470.355814
26.644186
351.644186
383.644186
360.644186
455.644186
539.644186
687.644186
837.644186
911.644186
891.644186
810.644186
686.644186
588.644186
581.644186
543.644186
502.644186
513.644186
519.644186
509.644186
451.644186
235.644186
-55.355814
-236.355814
-308.355814
-288.355814
-291.355814
-412.355814
-591.355814
-724.355814
-783.355814
-834.355814
-902.355814
-1015.355814
-1127.355814
-1151.355814
-1091.355814
-1055.355814
-1110.355814
-1313.355814
-1563.355814
-1675.355814
-1591.355814
-1333.355814
-1067.355814
-933.355814
-1009.355814
-1133.355814
-1077.355814
-852.355814
-541.355814
-316.355814
-288.355814
-353.355814
-450.355814
-518.355814
-486.355814
-427.355814
-383.355814
-403.355814
-454.355814
-478.355814
-463.355814
-370.355814
-296.355814
-297.355814
-327.355814
-301.355814
-191.355814
-42.355814
16.644186
-56.355814
-145.355814
-197.355814
-178.355814
-129.355814
-111.355814
-111.355814
-113.355814
-101.355814
-23.355814
156.644186
375.644186
541.644186
635.644186
704.644186
823.644186
1032.644186
1290.644186
1485.644186
1528.644186
1506.644186
1509.644186
1616.644186
1824.644186
2054.644186
2225.644186
2276.644186
2238.644186
2172.644186
2221.644186
2403.644186
2499.644186
2312.644186
1790.644186
1139.644186
629.644186
395.644186
351.644186
290.644186
76.644186
-417.355814
-1096.355814
-1693.355814
-1978.355814
-1854.355814
-1467.355814
-1067.355814
-833.355814
-809.355814
-862.355814
-859.355814
-690.355814
-402.355814
-121.355814
84.644186
159.644186
96.644186
33.644186
75.644186
191.644186
350.644186
413.644186
333.644186
196.644186
91.644186
62.644186
149.644186
307.644186
410.644186
436.644186
354.644186
179.644186
-11.355814
-152.355814
-212.355814
-208.355814
-188.355814
-236.355814
-334.355814
-433.355814
-550.355814
-661.355814
-742.355814
-830.355814
-911.355814
-947.355814
-984.355814
-1056.355814
-1122.355814
-1260.355814
-1453.355814
-1586.355814
-1663.355814
-1678.355814
-1588.355814
-1510.355814
-1500.355814
-1459.355814
-1376.355814
-1275.355814
-1139.355814
-1016.355814
-958.355814
-888.355814
-815.355814
-767.355814
-686.355814
-637.355814
-635.355814
-612.355814
-581.355814
-570.355814
-533.355814
-465.355814
-429.355814
-358.355814
-233.355814
-109.355814
11.644186
67.644186
25.644186
-1.355814
25.644186
67.644186
138.644186
188.644186
175.644186
118.644186
55.644186
-6.355814
23.644186
145.644186
295.644186
425.644186
498.644186
525.644186
578.644186
708.644186
905.644186
1116.644186
1279.644186
1383.644186
1452.644186
1516.644186
1653.644186
1868.644186
2035.644186
2127.644186
2173.644186
2208.644186
2303.644186
2428.644186
2507.644186
2535.644186
2524.644186
2427.644186
2191.644186
1851.644186
1432.644186
1073.644186
892.644186
774.644186
625.644186
363.644186
-92.355814
-639.355814
-1059.355814
-1229.355814
-1163.355814
-941.355814
-806.355814
-944.355814
-1166.355814
-1285.355814
-1216.355814
-922.355814
-628.355814
-518.355814
-539.355814
-610.355814
-651.355814
-536.355814
-325.355814
-109.355814
59.644186
88.644186
-2.355814
-57.355814
40.644186
201.644186
384.644186
506.644186
502.644186
486.644186
469.644186
390.644186
311.644186
275.644186
244.644186
228.644186
191.644186
69.644186
-101.355814
-267.355814
-448.355814
-623.355814
-735.355814
-824.355814
-902.355814
-999.355814
-1220.355814
-1480.355814
-1621.355814
-1678.355814
-1658.355814
-1606.355814
-1660.355814
-1764.355814
-1799.355814
-1779.355814
-1695.355814
-1496.355814
-1326.355814
-1213.355814
-1119.355814
-1104.355814
-1105.355814
-1013.355814
-897.355814
-800.355814
-705.355814
-677.355814
-640.355814
-542.355814
-463.355814
-412.355814
-343.355814
-272.355814
-209.355814
-118.355814
-32.355814
40.644186
129.644186
185.644186
172.644186
183.644186
219.644186
244.644186
274.644186
226.644186
121.644186
83.644186
153.644186
293.644186
443.644186
539.644186
568.644186
593.644186
642.644186
751.644186
947.644186
1178.644186
1363.644186
1490.644186
1543.644186
1584.644186
1700.644186
1878.644186
2050.644186
2173.644186
2236.644186
2221.644186
2224.644186
2286.644186
2360.644186
2408.644186
2325.644186
2061.644186
1672.644186
1314.644186
1081.644186
975.644186
897.644186
689.644186
293.644186
-222.355814
-694.355814
-955.355814
-940.355814
-788.355814
-670.355814
-722.355814
-922.355814
-1085.355814
-1074.355814
-865.355814
-566.355814
-335.355814
-258.355814
-335.355814
-448.355814
-486.355814
-391.355814
-175.355814
32.644186
116.644186
83.644186
-6.355814
-20.355814
92.644186
271.644186
443.644186
531.644186
536.644186
495.644186
447.644186
436.644186
469.644186
505.644186
470.644186
356.644186
174.644186
-9.355814
-147.355814
-265.355814
-399.355814
-526.355814
-651.355814
-775.355814
-899.355814
-1046.355814
-1192.355814
-1291.355814
-1326.355814
-1339.355814
-1357.355814
-1376.355814
-1395.355814
-1414.355814
-1419.355814
-1406.355814
-1350.355814
-1263.355814
-1193.355814
-1157.355814
-1147.355814
-1131.355814
-1068.355814
-971.355814
-881.355814
-812.355814
-784.355814
-752.355814
-683.355814
-578.355814
-461.355814
-344.355814
-241.355814
-169.355814
-118.355814
-81.355814
-40.355814
14.644186
74.644186
98.644186
104.644186
124.644186
160.644186
202.644186
217.644186
203.644186
181.644186
207.644186
272.644186
362.644186
465.644186
561.644186
643.644186
713.644186
749.644186
779.644186
865.644186
966.644186
1107.644186
1237.644186
1335.644186
1427.644186
1546.644186
1667.644186
1762.644186
1856.644186
1918.644186
1978.644186
2051.644186
2099.644186
2065.644186
1938.644186
1712.644186
1407.644186
1121.644186
922.644186
783.644186
625.644186
390.644186
22.644186
-395.355814
-706.355814
-842.355814
-790.355814
-669.355814
-636.355814
-738.355814
-893.355814
-989.355814
-935.355814
-739.355814
-525.355814
-414.355814
-429.355814
-537.355814
-625.355814
-610.355814
-505.355814
-358.355814
-244.355814
-208.355814
-226.355814
-240.355814
-200.355814
-76.355814
85.644186
205.644186
249.644186
230.644186
185.644186
168.644186
192.644186
237.644186
229.644186
161.644186
35.644186
-112.355814
-198.355814
-238.355814
-266.355814
-322.355814
-437.355814
-602.355814
-768.355814
-871.355814
-912.355814
-935.355814
-964.355814
-1054.355814
-1189.355814
-1306.355814
-1357.355814
-1323.355814
-1224.355814
-1126.355814
-1095.355814
-1097.355814
-1107.355814
-1074.355814
-968.355814
-842.355814
-745.355814
-705.355814
-721.355814
-743.355814
-721.355814
-650.355814
-540.355814
-461.355814
-433.355814
-435.355814
-412.355814
-318.355814
-167.355814
-9.355814
95.644186
128.644186
115.644186
121.644186
159.644186
238.644186
311.644186
335.644186
297.644186
231.644186
171.644186
170.644186
224.644186
288.644186
353.644186
384.644186
437.644186
513.644186
613.644186
721.644186
815.644186
889.644186
961.644186
1060.644186
1181.644186
1333.644186
1477.644186
1558.644186
1570.644186
1570.644186
1605.644186
1714.644186
1868.644186
1986.644186
1962.644186
1775.644186
1485.644186
1177.644186
969.644186
882.644186
821.644186
665.644186
354.644186
-107.355814
-579.355814
-863.355814
-907.355814
-799.355814
-672.355814
-677.355814
-817.355814
-940.355814
-940.355814
-792.355814
-557.355814
-385.355814
-331.355814
-385.355814
-476.355814
-505.355814
-453.355814
-357.355814
-269.355814
-247.355814
-267.355814
-296.355814
-275.355814
-179.355814
-57.355814
71.644186
183.644186
246.644186
279.644186
299.644186
297.644186
295.644186
295.644186
272.644186
230.644186
154.644186
66.644186
-24.355814
-106.355814
-169.355814
-219.355814
-269.355814
-314.355814
-375.355814
-453.355814
-524.355814
-603.355814
-677.355814
-740.355814
-808.355814
-895.355814
-975.355814
-1045.355814
-1094.355814
-1100.355814
-1082.355814
-1063.355814
-1050.355814
-1051.355814
-1044.355814
-998.355814
-924.355814
-854.355814
-808.355814
-801.355814
-813.355814
-816.355814
-786.355814
-725.355814
-654.355814
-592.355814
-574.355814
-555.355814
-505.355814
-415.355814
-282.355814
-147.355814
-62.355814
-25.355814
-12.355814
-0.355814
44.644186
101.644186
152.644186
181.644186
181.644186
166.644186
162.644186
199.644186
267.644186
356.644186
464.644186
552.644186
642.644186
742.644186
833.644186
930.644186
1031.644186
1121.644186
1221.644186
1348.644186
1471.644186
1568.644186
1645.644186
1670.644186
1683.644186
1740.644186
1826.644186
1933.644186
2016.644186
1979.644186
1817.644186
1598.644186
1348.644186
1154.644186
1044.644186
918.644186
716.644186
405.644186
-4.355814
-405.355814
-656.355814
-730.355814
-694.355814
-636.355814
-665.355814
-778.355814
-853.355814
-814.355814
-653.355814
-431.355814
-258.355814
-200.355814
-211.355814
-252.355814
-258.355814
-201.355814
-129.355814
-94.355814
-94.355814
-124.355814
-152.355814
-123.355814
-50.355814
22.644186
79.644186
117.644186
148.644186
211.644186
282.644186
323.644186
314.644186
266.644186
200.644186
145.644186
100.644186
46.644186
-23.355814
-101.355814
-202.355814
-304.355814
-379.355814
-439.355814
-481.355814
-519.355814
-584.355814
-668.355814
-744.355814
-803.355814
-852.355814
-883.355814
-900.355814
-929.355814
-955.355814
-969.355814
-973.355814
-952.355814
-903.355814
-860.355814
-825.355814
-804.355814
-795.355814
-782.355814
-751.355814
-719.355814
-698.355814
-684.355814
-680.355814
-662.355814
-622.355814
-572.355814
-523.355814
-469.355814
-415.355814
-355.355814
-274.355814
-173.355814
-86.355814
-28.355814
-4.355814
-17.355814
-19.355814
7.644186
42.644186
82.644186
101.644186
88.644186
70.644186
74.644186
122.644186
214.644186
342.644186
456.644186
545.644186
618.644186
679.644186
760.644186
864.644186
974.644186
1088.644186
1191.644186
1268.644186
1346.644186
1409.644186
1448.644186
1492.644186
1542.644186
1612.644186
1701.644186
1773.644186
1759.644186
1642.644186
1451.644186
1207.644186
999.644186
859.644186
737.644186
579.644186
334.644186
-14.355814
-394.355814
-668.355814
-788.355814
-766.355814
-678.355814
-642.355814
-686.355814
-745.355814
-745.355814
-637.355814
-433.355814
-233.355814
-103.355814
-67.355814
-97.355814
-133.355814
-125.355814
-71.355814
-4.355814
51.644186
65.644186
51.644186
45.644186
67.644186
120.644186
207.644186
292.644186
358.644186
403.644186
423.644186
414.644186
383.644186
344.644186
296.644186
255.644186
214.644186
149.644186
70.644186
-17.355814
-110.355814
-195.355814
-258.355814
-300.355814
-338.355814
-384.355814
-454.355814
-549.355814
-642.355814
-720.355814
-767.355814
-802.355814
-826.355814
-856.355814
-908.355814
-962.355814
-995.355814
-999.355814
-945.355814
-858.355814
-792.355814
-770.355814
-789.355814
-819.355814
-818.355814
-775.355814
-723.355814
-681.355814
-666.355814
-679.355814
-697.355814
-697.355814
-658.355814
-588.355814
-504.355814
-427.355814
-360.355814
-293.355814
-235.355814
-173.355814
-112.355814
-76.355814
-59.355814
-40.355814
-29.355814
-13.355814
6.644186
12.644186
24.644186
36.644186
59.644186
104.644186
180.644186
271.644186
370.644186
464.644186
539.644186
602.644186
671.644186
753.644186
842.644186
961.644186
1078.644186
1182.644186
1277.644186
1350.644186
1396.644186
1446.644186
1510.644186
1589.644186
1670.644186
1730.644186
1705.644186
1577.644186
1378.644186
1130.644186
911.644186
771.644186
647.644186
481.644186
234.644186
-108.355814
-469.355814
-726.355814
-824.355814
-792.355814
-696.355814
-663.355814
-723.355814
-805.355814
-830.355814
-735.355814
-538.355814
-342.355814
-241.355814
-241.355814
-298.355814
-339.355814
-305.355814
-207.355814
-111.355814
-48.355814
-39.355814
-59.355814
-49.355814
1.644186
87.644186
181.644186
252.644186
288.644186
308.644186
326.644186
320.644186
292.644186
244.644186
181.644186
129.644186
79.644186
28.644186
-36.355814
-118.355814
-209.355814
-293.355814
-358.355814
-417.355814
-474.355814
-522.355814
-572.355814
-630.355814
-703.355814
-788.355814
-873.355814
-944.355814
-985.355814
-999.355814
-992.355814
-995.355814
-1008.355814
-1019.355814
-1030.355814
-1009.355814
-944.355814
-859.355814
-783.355814
-748.355814
-766.355814
-800.355814
-808.355814
-783.355814
-712.355814
-636.355814
-602.355814
-609.355814
-635.355814
-638.355814
-585.355814
-480.355814
-366.355814
-279.355814
-233.355814
-211.355814
-189.355814
-146.355814
-83.355814
-27.355814
6.644186
17.644186
17.644186
31.644186
64.644186
102.644186
142.644186
187.644186
241.644186
307.644186
402.644186
504.644186
593.644186
663.644186
727.644186
814.644186
926.644186
1060.644186
1184.644186
1272.644186
1344.644186
1425.644186
1515.644186
1617.644186
1711.644186
1772.644186
1799.644186
1818.644186
1821.644186
1806.644186
1736.644186
1582.644186
1371.644186
1133.644186
928.644186
779.644186
644.644186
466.644186
223.644186
-69.355814
-338.355814
-487.355814
-517.355814
-477.355814
-435.355814
-469.355814
-545.355814
-592.355814
-567.355814
-458.355814
-305.355814
-199.355814
-171.355814
-195.355814
-227.355814
-216.355814
-139.355814
-37.355814
38.644186
81.644186
79.644186
68.644186
92.644186
151.644186
220.644186
287.644186
332.644186
328.644186
299.644186
262.644186
218.644186
194.644186
180.644186
137.644186
67.644186
-28.355814
-137.355814
-220.355814
-265.355814
-310.355814
-371.355814
-452.355814
-561.355814
-660.355814
-724.355814
-757.355814
-773.355814
-788.355814
-843.355814
-916.355814
-968.355814
-989.355814
-968.355814
-914.355814
-878.355814
-870.355814
-871.355814
-874.355814
-857.355814
-802.355814
-741.355814
-708.355814
-701.355814
-723.355814
-743.355814
-729.355814
-681.355814
-633.355814
-592.355814
-569.355814
-564.355814
-533.355814
-475.355814
-403.355814
-317.355814
-238.355814
-186.355814
-151.355814
-120.355814
-88.355814
-45.355814
0.644186
28.644186
49.644186
57.644186
60.644186
71.644186
102.644186
145.644186
202.644186
269.644186
335.644186
397.644186
461.644186
530.644186
611.644186
706.644186
815.644186
914.644186
997.644186
1070.644186
1125.644186
1189.644186
1285.644186
1389.644186
1492.644186
1571.644186
1586.644186
1572.644186
1562.644186
1563.644186
1583.644186
1599.644186
1535.644186
1381.644186
1186.644186
964.644186
784.644186
673.644186
552.644186
388.644186
177.644186
-71.355814
-291.355814
-419.355814
-473.355814
-487.355814
-491.355814
-528.355814
-582.355814
-600.355814
-567.355814
-489.355814
-385.355814
-308.355814
-275.355814
-255.355814
-237.355814
-201.355814
-127.355814
-47.355814
3.644186
38.644186
47.644186
49.644186
75.644186
119.644186
156.644186
191.644186
207.644186
189.644186
159.644186
128.644186
92.644186
55.644186
12.644186
-49.355814
-123.355814
-206.355814
-296.355814
-372.355814
-439.355814
-500.355814
-565.355814
-630.355814
-691.355814
-745.355814
-787.355814
-823.355814
-857.355814
-894.355814
-931.355814
-965.355814
-992.355814
-1003.355814
-1011.355814
-1013.355814
-1005.355814
-994.355814
-975.355814
-946.355814
-916.355814
-888.355814
-857.355814
-822.355814
-790.355814
-754.355814
-725.355814
-699.355814
-669.355814
-641.355814
-612.355814
-576.355814
-543.355814
-512.355814
-476.355814
-437.355814
-386.355814
-330.355814
-270.355814
-217.355814
-169.355814
-122.355814
-84.355814
-43.355814
2.644186
41.644186
73.644186
100.644186
126.644186
157.644186
202.644186
252.644186
306.644186
371.644186
430.644186
497.644186
581.644186
663.644186
746.644186
835.644186
914.644186
985.644186
1059.644186
1129.644186
1190.644186
1258.644186
1317.644186
1352.644186
1376.644186
1390.644186
1397.644186
1407.644186
1417.644186
1401.644186
1364.644186
1291.644186
1185.644186
1067.644186
948.644186
819.644186
689.644186
556.644186
395.644186
225.644186
57.644186
-100.355814
-225.355814
-315.355814
-386.355814
-440.355814
-480.355814
-511.355814
-526.355814
-508.355814
-474.355814
-434.355814
-385.355814
-348.355814
-321.355814
-281.355814
-241.355814
-193.355814
-143.355814
-102.355814
-76.355814
-51.355814
-28.355814
-1.355814
34.644186
66.644186
84.644186
92.644186
93.644186
78.644186
59.644186
30.644186
-16.355814
-73.355814
-138.355814
-208.355814
-277.355814
-353.355814
-432.355814
-513.355814
-592.355814
-663.355814
-726.355814
-771.355814
-811.355814
-849.355814
-881.355814
-910.355814
-938.355814
-948.355814
-947.355814
-943.355814
-939.355814
-937.355814
-935.355814
-924.355814
-900.355814
-875.355814
-843.355814
-816.355814
-792.355814
-759.355814
-713.355814
-664.355814
-619.355814
-573.355814
-537.355814
-495.355814
-444.355814
-391.355814
-342.355814
-296.355814
-263.355814
-232.355814
-193.355814
-148.355814
-99.355814
-50.355814
-5.355814
28.644186
62.644186
93.644186
135.644186
185.644186
230.644186
267.644186
298.644186
328.644186
362.644186
411.644186
467.644186
518.644186
567.644186
617.644186
664.644186
718.644186
782.644186
850.644186
915.644186
978.644186
1032.644186
1078.644186
1121.644186
1174.644186
1220.644186
1260.644186
1286.644186
1288.644186
1285.644186
1273.644186
1264.644186
1252.644186
1223.644186
1171.644186
1099.644186
1020.644186
934.644186
855.644186
765.644186
662.644186
543.644186
418.644186
301.644186
196.644186
104.644186
9.644186
-92.355814
-191.355814
-283.355814
-351.355814
-391.355814
-414.355814
-431.355814
-445.355814
-457.355814
-462.355814
-448.355814
-417.355814
-380.355814
-341.355814
-304.355814
-269.355814
-224.355814
-181.355814
-138.355814
-98.355814
-62.355814
-32.355814
-11.355814
8.644186
20.644186
27.644186
27.644186
15.644186
-8.355814
-43.355814
-88.355814
-141.355814
-196.355814
-258.355814
-330.355814
-403.355814
-475.355814
-555.355814
-623.355814
-680.355814
-738.355814
-796.355814
-845.355814
-890.355814
-923.355814
-938.355814
-950.355814
-959.355814
-958.355814
-961.355814
-956.355814
-933.355814
-901.355814
-874.355814
-844.355814
-819.355814
-795.355814
-753.355814
-704.355814
-657.355814
-607.355814
-564.355814
-531.355814
-486.355814
-434.355814
-386.355814
-336.355814
-291.355814
-265.355814
-236.355814
-206.355814
-181.355814
-146.355814
-107.355814
-84.355814
-65.355814
-38.355814
-19.355814
4.644186
37.644186
71.644186
106.644186
148.644186
186.644186
226.644186
274.644186
320.644186
365.644186
417.644186
471.644186
516.644186
570.644186
625.644186
677.644186
735.644186
794.644186
843.644186
892.644186
941.644186
981.644186
1023.644186
1063.644186
1095.644186
1116.644186
1134.644186
1138.644186
1142.644186
1140.644186
1132.644186
1115.644186
1084.644186
1040.644186
991.644186
943.644186
891.644186
838.644186
772.644186
697.644186
618.644186
533.644186
452.644186
374.644186
291.644186
213.644186
135.644186
53.644186
-17.355814
-84.355814
-141.355814
-187.355814
-219.355814
-242.355814
-264.355814
-265.355814
-270.355814
-269.355814
-252.355814
-233.355814
-212.355814
-181.355814
-157.355814
-140.355814
-117.355814
-93.355814
-69.355814
-46.355814
-29.355814
-27.355814
-29.355814
-40.355814
-58.355814
-74.355814
-88.355814
-115.355814
-148.355814
-192.355814
-251.355814
-310.355814
-370.355814
-433.355814
-492.355814
-551.355814
-611.355814
-670.355814
-724.355814
-777.355814
-820.355814
-850.355814
-871.355814
-883.355814
-894.355814
-905.355814
-910.355814
-901.355814
-889.355814
-865.355814
-835.355814
-808.355814
-782.355814
-754.355814
-721.355814
-684.355814
-647.355814
-604.355814
-569.355814
-532.355814
-492.355814
-456.355814
-414.355814
-373.355814
-338.355814
-313.355814
-290.355814
-265.355814
-243.355814
-217.355814
-197.355814
-181.355814
-162.355814
-146.355814
-123.355814
-98.355814
-73.355814
-44.355814
-15.355814
17.644186
50.644186
90.644186
136.644186
180.644186
226.644186
272.644186
316.644186
359.644186
403.644186
448.644186
498.644186
546.644186
591.644186
631.644186
669.644186
708.644186
740.644186
773.644186
807.644186
838.644186
858.644186
872.644186
883.644186
884.644186
884.644186
880.644186
870.644186
857.644186
839.644186
819.644186
794.644186
762.644186
730.644186
691.644186
654.644186
622.644186
591.644186
560.644186
521.644186
475.644186
429.644186
384.644186
348.644186
314.644186
274.644186
230.644186
185.644186
143.644186
111.644186
93.644186
70.644186
48.644186
19.644186
-12.355814
-32.355814
-40.355814
-51.355814
-53.355814
-60.355814
-78.355814
-91.355814
-104.355814
-115.355814
-117.355814
-124.355814
-140.355814
-158.355814
-179.355814
-198.355814
-218.355814
-239.355814
-264.355814
-293.355814
-324.355814
-358.355814
-393.355814
-425.355814
-461.355814
-500.355814
-535.355814
-573.355814
-611.355814
-642.355814
-675.355814
-707.355814
-732.355814
-757.355814
-778.355814
-794.355814
-805.355814
-814.355814
-817.355814
-817.355814
-817.355814
-807.355814
-795.355814
-776.355814
-752.355814
-726.355814
-699.355814
-668.355814
-634.355814
-597.355814
-557.355814
-516.355814
-475.355814
-432.355814
-389.355814
-344.355814
-297.355814
-254.355814
-213.355814
-172.355814
-131.355814
-91.355814
-53.355814
-13.355814
25.644186
60.644186
91.644186
123.644186
149.644186
181.644186
212.644186
242.644186
270.644186
298.644186
321.644186
345.644186
370.644186
397.644186
420.644186
447.644186
470.644186
487.644186
511.644186
534.644186
555.644186
581.644186
600.644186
615.644186
633.644186
645.644186
655.644186
669.644186
681.644186
688.644186
697.644186
699.644186
696.644186
694.644186
692.644186
685.644186
674.644186
661.644186
641.644186
624.644186
604.644186
583.644186
561.644186
535.644186
507.644186
479.644186
455.644186
424.644186
390.644186
357.644186
323.644186
287.644186
258.644186
234.644186
210.644186
184.644186
154.644186
124.644186
94.644186
70.644186
48.644186
24.644186
-0.355814
-29.355814
-54.355814
-74.355814
-96.355814
-115.355814
-140.355814
-169.355814
-193.355814
-217.355814
-236.355814
-255.355814
-274.355814
-294.355814
-318.355814
-336.355814
-353.355814
-373.355814
-390.355814
-410.355814
-430.355814
-448.355814
-467.355814
-485.355814
-500.355814
-518.355814
-534.355814
-550.355814
-564.355814
-573.355814
-581.355814
-586.355814
-588.355814
-590.355814
-586.355814
-581.355814
-575.355814
-569.355814
-562.355814
-550.355814
-534.355814
-516.355814
-501.355814
-485.355814
-470.355814
-447.355814
-425.355814
-401.355814
-375.355814
-351.355814
-323.355814
-293.355814
-265.355814
-233.355814
-203.355814
-175.355814
-149.355814
-124.355814
-98.355814
-73.355814
-48.355814
-23.355814
0.644186
18.644186
38.644186
58.644186
76.644186
98.644186
121.644186
139.644186
156.644186
171.644186
188.644186
205.644186
227.644186
244.644186
260.644186
275.644186
286.644186
295.644186
309.644186
322.644186
332.644186
344.644186
354.644186
361.644186
373.644186
380.644186
390.644186
403.644186
408.644186
408.644186
411.644186
416.644186
419.644186
424.644186
423.644186
411.644186
400.644186
391.644186
379.644186
372.644186
364.644186
349.644186
335.644186
318.644186
300.644186
285.644186
272.644186
256.644186
244.644186
229.644186
212.644186
196.644186
180.644186
161.644186
144.644186
128.644186
111.644186
98.644186
91.644186
78.644186
60.644186
45.644186
30.644186
16.644186
5.644186
0.644186
-10.355814
-19.355814
-29.355814
-41.355814
-51.355814
-63.355814
-76.355814
-89.355814
-100.355814
-115.355814
-127.355814
-140.355814
-149.355814
-159.355814
-167.355814
-178.355814
-192.355814
-203.355814
-218.355814
-222.355814
-231.355814
-242.355814
-253.355814
-261.355814
-272.355814
-279.355814
-282.355814
-290.355814
-294.355814
-295.355814
-295.355814
-294.355814
-290.355814
-286.355814
-281.355814
-275.355814
-268.355814
-257.355814
-246.355814
-239.355814
-230.355814
-219.355814
-208.355814
-195.355814
-183.355814
-173.355814
-162.355814
-151.355814
-137.355814
-127.355814
-116.355814
-100.355814
-85.355814
-73.355814
-61.355814
-51.355814
-38.355814
-24.355814
-11.355814
0.644186
11.644186
23.644186
30.644186
39.644186
52.644186
64.644186
74.644186
85.644186
93.644186
103.644186
109.644186
118.644186
131.644186
138.644186
148.644186
158.644186
166.644186
172.644186
180.644186
189.644186
198.644186
205.644186
209.644186
211.644186
210.644186
212.644186
213.644186
217.644186
219.644186
217.644186
215.644186
209.644186
203.644186
199.644186
192.644186
187.644186
183.644186
175.644186
169.644186
161.644186
151.644186
144.644186
134.644186
125.644186
118.644186
105.644186
95.644186
87.644186
79.644186
70.644186
62.644186
49.644186
37.644186
27.644186
19.644186
10.644186
1.644186
-4.355814
-12.355814
-23.355814
-27.355814
-34.355814
-45.355814
-54.355814
-60.355814
-66.355814
-73.355814
-78.355814
-86.355814
-95.355814
-103.355814
-111.355814
-115.355814
-118.355814
-122.355814
-124.355814
-132.355814
-136.355814
-139.355814
-140.355814
-141.355814
-142.355814
-146.355814
-150.355814
-152.355814
-150.355814
-148.355814
-145.355814
-145.355814
-143.355814
-140.355814
-141.355814
-139.355814
-135.355814
-133.355814
-126.355814
-119.355814
-114.355814
-105.355814
-99.355814
-91.355814
-85.355814
-78.355814
-66.355814
-55.355814
-47.355814
-43.355814
-39.355814
-32.355814
-26.355814
-19.355814
-11.355814
-2.355814
3.644186
9.644186
14.644186
16.644186
21.644186
30.644186
37.644186
42.644186
47.644186
49.644186
51.644186
55.644186
61.644186
63.644186
65.644186
62.644186
61.644186
63.644186
64.644186
67.644186
67.644186
66.644186
62.644186
59.644186
60.644186
58.644186
59.644186
59.644186
58.644186
54.644186
50.644186
49.644186
49.644186
51.644186
50.644186
46.644186
43.644186
41.644186
38.644186
36.644186
38.644186
38.644186
34.644186
30.644186
28.644186
26.644186
28.644186
29.644186
27.644186
22.644186
20.644186
18.644186
15.644186
15.644186
14.644186
10.644186
5.644186
4.644186
2.644186
6.644186
4.644186
1.644186
-0.355814
-1.355814
-4.355814
-3.355814
-1.355814
-3.355814
-0.355814
-3.355814
-6.355814
-4.355814
-3.355814
-10.355814
-10.355814
-8.355814
-8.355814
-6.355814
-4.355814
-6.355814
-7.355814
-5.355814
-3.355814
-1.355814
-3.355814
-4.355814
-5.355814
-7.355814
-9.355814
-9.355814
-11.355814
-17.355814
-18.355814
-19.355814
-22.355814
-18.355814
-20.355814
-24.355814
-24.355814
-24.355814
-23.355814
-22.355814
-23.355814
-25.355814
-25.355814
-27.355814
-26.355814
-24.355814
-26.355814
-27.355814
-26.355814
-26.355814
-27.355814
-25.355814
-22.355814
-21.355814
-21.355814
-22.355814
-23.355814
-21.355814
-20.355814
-17.355814
-16.355814
-15.355814
-16.355814
-18.355814
-20.355814
-20.355814
-22.355814
-23.355814
-23.355814
-21.355814
-17.355814
-17.355814
-14.355814
-11.355814
-11.355814
-9.355814
-7.355814
-8.355814
-8.355814
-11.355814
-10.355814
-6.355814
-5.355814
-3.355814
-1.355814
-2.355814
-2.355814
0.644186
1.644186
4.644186
8.644186
10.644186
11.644186
13.644186
15.644186
17.644186
18.644186
19.644186
22.644186
22.644186
25.644186
29.644186
33.644186
33.644186
34.644186
32.644186
29.644186
28.644186
30.644186
29.644186
33.644186
36.644186
35.644186
36.644186
34.644186
35.644186
37.644186
36.644186
38.644186
36.644186
34.644186
34.644186
34.644186
37.644186
39.644186
39.644186
38.644186
36.644186
37.644186
35.644186
34.644186
31.644186
31.644186
28.644186
27.644186
29.644186
27.644186
25.644186
25.644186
23.644186
18.644186
15.644186
13.644186
12.644186
11.644186
8.644186
5.644186
4.644186
3.644186
0.644186
-2.355814
-7.355814
-13.355814
-16.355814
-15.355814
-13.355814
-13.355814
-14.355814
-15.355814
-16.355814
-23.355814
-26.355814
-27.355814
-29.355814
-24.355814
-20.355814
-23.355814
-25.355814
-26.355814
-32.355814
-35.355814
-30.355814
-33.355814
-34.355814
-33.355814
-32.355814
-34.355814
-29.355814
-28.355814
-31.355814
-29.355814
-32.355814
-29.355814
-29.355814
-30.355814
-30.355814
-30.355814
-31.355814
-31.355814
-27.355814
-29.355814
-25.355814
-24.355814
-26.355814
-30.355814
-28.355814
-26.355814
-20.355814
-16.355814
-16.355814
-19.355814
-22.355814
-23.355814
-23.355814
-18.355814
-17.355814
-14.355814
-9.355814
-7.355814
-1.355814
0.644186
-2.355814
-4.355814
-4.355814
-2.355814
1.644186
8.644186
11.644186
13.644186
12.644186
8.644186
9.644186
8.644186
8.644186
11.644186
13.644186
15.644186
15.644186
15.644186
17.644186
18.644186
20.644186
20.644186
19.644186
19.644186
20.644186
23.644186
25.644186
26.644186
27.644186
26.644186
23.644186
25.644186
24.644186
21.644186
23.644186
26.644186
25.644186
27.644186
28.644186
26.644186
27.644186
29.644186
30.644186
30.644186
31.644186
32.644186
29.644186
32.644186
30.644186
27.644186
26.644186
23.644186
20.644186
17.644186
17.644186
17.644186
12.644186
9.644186
10.644186
7.644186
3.644186
3.644186
0.644186
-5.355814
-5.355814
-3.355814
-7.355814
-11.355814
-12.355814
-15.355814
-17.355814
-16.355814
-16.355814
-20.355814
-19.355814
-22.355814
-24.355814
-22.355814
-21.355814
-21.355814
-24.355814
-26.355814
-23.355814
-24.355814
-26.355814
-22.355814
-18.355814
-23.355814
-27.355814
-24.355814
-23.355814
-22.355814
-21.355814
