0.150756  12.000000
0.197977  24.000000
0.290328  22.000000
0.239259  26.000000
0.270328  22.000000
0.300542  26.000000
0.178832  24.000000
0.241397  14.000000
0.139687  16.000000
0.200114  18.000000
0.149046  16.000000
0.209901  18.000000
0.319687  28.000000
0.230328  22.000000
0.211183  14.000000
0.220542  20.000000
0.240114  20.000000
0.258832  26.000000
0.240542  21.000000
0.277977  33.000000
0.251183  18.000000
0.290756  24.000000
0.229901  20.000000
0.198832  22.000000
0.260114  21.000000
0.210756  18.000000
0.280115  27.000000
0.230756  20.000000
0.201397  14.000000
0.400970  30.000000
0.139259  17.000000
0.271183  21.000000
0.199259  24.000000
0.211611  14.000000
0.250328  22.000000
0.198832  26.000000
0.251183  18.000000
0.119687  14.000000
0.220114  14.000000
0.210756  14.000000
0.220114  18.000000
0.140969  10.000000
0.197977  24.000000
0.290328  22.000000
0.239259  26.000000
0.280115  23.000000
0.290756  25.000000
0.189046  24.000000
0.231183  14.000000
0.149901  16.000000
0.189901  18.000000
0.169046  17.000000
0.209901  18.000000
0.319687  28.000000
0.210328  21.000000
0.211183  14.000000
0.220542  20.000000
0.249901  22.000000
0.259259  24.000000
0.260542  22.000000
0.288618  30.000000
77.592182  34.000000
204.913802  19.000000
171.617662  23.000000
194.674555  29.000000
364.554808  20.000000
247.025160  29.000000
173.212000  34.000000
238.318702  32.000000
410.459829  21.000000
558.403938  24.000000
298.566015  28.000000
512.352430  22.000000
489.088719  18.000000
445.955469  22.000000
369.675803  25.000000
257.236889  39.000000
616.931207  20.000000
412.693786  27.000000
572.899236  20.000000
420.189587  23.000000
320.009611  26.000000
509.620125  25.000000
429.335997  31.000000
537.361209  26.000000
409.130720  31.000000
563.273378  32.000000
418.888499  32.000000
631.182216  25.000000
611.277839  32.000000
907.249544  20.000000
38420.613075  3.000000
60300.304633  3.000000
88364.829385  3.000000
300908.408073  3.000000
582778.778745  3.000000
427020.747319  3.000000
570601.579410  7.000000
824328.675863  15.000000
1122307.034111  9.000000
938800.224329  7.000000
1433707.466830  3.000000
1610617.787289  3.000000
1729259.262883  5.000000
785440.450960  11.000000
1964620.960624  5.000000
2351707.198989  5.000000
2510160.937035  5.000000
1058181.072788  2.000000
3098733.235030  4.000000
4679304.003626  5.000000
4404748.638696  7.000000
3413040.485562  5.000000
5059684.086624  5.000000
7150246.329096  5.000000
14177638.421643  7.000000
17754685.918644  10.000000
14779985.728132  13.000000
16469094.380382  15.000000
24705039.861509  21.000000
21971137.467772  15.000000
17649914.837374  16.000000
25403474.051653  17.000000
21205644.389077  12.000000
23870261.335225  15.000000
19165109.124578  16.000000
20750513.188984  18.000000
24239441.214588  20.000000
28242716.636083  24.000000
30046373.174755  19.000000
31261076.022758  18.000000
24639071.726711  13.000000
37017551.931290  18.000000
36823782.190702  19.000000
40231733.615511  17.000000
36712084.755464  15.000000
34779089.419904  17.000000
44496889.181292  13.000000
47359427.602175  14.000000
38581408.449400  10.000000
33212465.874203  13.000000
39530386.296591  14.000000
45318187.109921  14.000000
50023865.460001  12.000000
44712938.732116  13.000000
39141591.988485  13.000000
43372480.535188  14.000000
46848495.187095  13.000000
36843951.421556  14.000000
29174874.003534  15.000000
29818744.823978  18.000000
27900860.491162  15.000000
25469709.426549  18.000000
20311647.471156  23.000000
18506253.333362  12.000000
16430328.738682  15.000000
15559328.513942  19.000000
21084204.203969  15.000000
29594325.641894  14.000000
30499448.786384  12.000000
26465822.662102  10.000000
7793346.543279  21.000000
15330093.056097  15.000000
16718397.070581  15.000000
8797694.239301  13.000000
6439448.268410  14.000000
7717278.665601  17.000000
6012044.063568  16.000000
6696786.891134  14.000000
6807061.198506  16.000000
4940924.321992  11.000000
6471885.872253  13.000000
3737463.047463  11.000000
2448892.181317  8.000000
1250557.305346  12.000000
1421660.941688  20.000000
1158354.598444  7.000000
465588.658019  16.000000
1637138.012706  13.000000
623207.459275  15.000000
125186.198531  14.000000
220088.012115  12.000000
96502.474627  16.000000
122662.477222  10.000000
129892.813551  11.000000
64662.966132  11.000000
45831.026372  10.000000
28520.910181  15.000000
41962.129141  11.000000
27245.927170  11.000000
7834.906392  17.000000
15421.094650  15.000000
10415.334888  16.000000
6714.503408  21.000000
5601.568697  15.000000
1542.258889  16.000000
3117.319446  15.000000
2845.987809  16.000000
2482.440267  13.000000
2027.257946  16.000000
1300.263351  22.000000
1048.809391  17.000000
1251.731752  18.000000
995.514433  18.000000
1115.156230  13.000000
2065.645772  11.000000
875.859557  20.000000
989.287056  18.000000
605.073853  19.000000
741.019418  23.000000
957.095754  22.000000
965.029821  15.000000
863.789143  20.000000
822.148351  25.000000
997.318653  23.000000
1141.882402  20.000000
2621.413799  7.000000
2487.170049  13.000000
1630.142024  12.000000
984.201072  29.000000
1442.502494  16.000000
883.721124  16.000000
389.854864  31.000000
678.812958  18.000000
740.910522  17.000000
498.001257  28.000000
718.274996  19.000000
667.871482  20.000000
795.233134  25.000000
642.373619  19.000000
486.266915  21.000000
490.400177  32.000000
1046.118462  19.000000
1442.911956  20.000000
1264.372853  14.000000
1106.567150  15.000000
862.386203  21.000000
905.604059  18.000000
889.936332  21.000000
1081.144777  20.000000
910.545115  27.000000
536.758165  18.000000
1813.098401  8.000000
4513.557847  5.000000
5111.170173  10.000000
3021.089215  4.000000
2406.063450  24.000000
1180.080077  14.000000
1090.274986  16.000000
1950.239317  15.000000
940.448544  11.000000
601.952328  25.000000
699.691203  24.000000
624.575886  28.000000
566.683738  20.000000
577.655850  24.000000
883.606872  13.000000
560.975043  18.000000
454.535423  26.000000
504.717378  34.000000
365.387913  40.000000
364.323880  31.000000
987.256706  20.000000
1028.721258  21.000000
1345.561312  16.000000
708.401457  16.000000
1167.321787  17.000000
836.384688  16.000000
609.909577  21.000000
569.729203  23.000000
686.203444  17.000000
733.847347  20.000000
331.517894  34.000000
505.066400  24.000000
706.423685  17.000000
350.340885  36.000000
500.112855  30.000000
494.108488  18.000000
419.622257  27.000000
435.335702  29.000000
620.578319  22.000000
562.757467  24.000000
424.005820  34.000000
333.444122  28.000000
520.095086  26.000000
1058.675851  20.000000
657.958036  18.000000
622.924733  21.000000
749.885538  23.000000
865.438077  30.000000
849.416515  22.000000
876.268108  24.000000
954.529103  14.000000
922.723732  22.000000
530.294045  26.000000
389.853943  33.000000
676.088202  25.000000
492.805299  41.000000
342.153666  38.000000
634.604206  22.000000
674.053998  22.000000
689.277423  22.000000
288.334380  35.000000
467.560507  32.000000
759.440507  18.000000
838.086818  27.000000
808.080031  18.000000
1154.608905  14.000000
800.542640  26.000000
836.945589  27.000000
742.608384  26.000000
1684.371954  10.000000
1928.538140  10.000000
1985.807964  6.000000
1419.427756  16.000000
789.070470  34.000000
1035.209489  10.000000
556.078133  19.000000
631.983174  16.000000
607.374849  23.000000
555.253711  23.000000
865.655615  11.000000
688.546565  20.000000
1612.836173  3.000000
829.431922  22.000000
524.114846  25.000000
296.511240  31.000000
363.770109  33.000000
550.921454  29.000000
556.495466  30.000000
403.559743  33.000000
326.099694  33.000000
316.345301  39.000000
374.777654  30.000000
538.296196  20.000000
347.295598  31.000000
541.612338  34.000000
895.473098  19.000000
753.970662  23.000000
488.320177  26.000000
505.144781  31.000000
724.049718  24.000000
543.432859  25.000000
713.536416  21.000000
475.182930  38.000000
647.716238  22.000000
766.501875  25.000000
462.999364  32.000000
526.529853  28.000000
597.765123  26.000000
587.811055  27.000000
523.848053  25.000000
376.540227  26.000000
542.428769  27.000000
502.068667  26.000000
551.352809  17.000000
764.691481  24.000000
703.340226  17.000000
474.821500  24.000000
540.462209  21.000000
481.933048  25.000000
583.285068  24.000000
613.652895  25.000000
754.855758  22.000000
539.326628  19.000000
379.845023  28.000000
387.335039  33.000000
418.529619  32.000000
479.195467  24.000000
417.091621  25.000000
561.927161  26.000000
487.927252  29.000000
487.284976  27.000000
656.346247  23.000000
432.849293  39.000000
361.411563  28.000000
322.684399  32.000000
456.530721  33.000000
320.896462  34.000000
367.592048  36.000000
489.356891  27.000000
558.372290  29.000000
452.371053  34.000000
797.076805  26.000000
390.551517  30.000000
332.541924  36.000000
587.085348  30.000000
544.393526  25.000000
461.477989  27.000000
585.078895  30.000000
870.953129  19.000000
454.173535  25.000000
566.609998  25.000000
506.343740  20.000000
698.276844  25.000000
630.658664  29.000000
529.507809  29.000000
438.198936  36.000000
387.020932  35.000000
520.707011  32.000000
356.291147  34.000000
713.105728  20.000000
534.347586  30.000000
574.961025  25.000000
436.173331  37.000000
316.553238  41.000000
681.573613  23.000000
625.144177  29.000000
565.273082  26.000000
369.747114  34.000000
482.000310  33.000000
545.428574  17.000000
639.302041  15.000000
415.781825  24.000000
488.736378  25.000000
625.682254  19.000000
629.745832  24.000000
313.142169  34.000000
482.830007  36.000000
530.304071  32.000000
439.541119  29.000000
404.199642  37.000000
693.916278  21.000000
600.224936  32.000000
573.438310  23.000000
400.454130  40.000000
421.893574  21.000000
477.201648  39.000000
441.658313  29.000000
561.185933  33.000000
504.489901  24.000000
505.217421  34.000000
602.523915  20.000000
464.115001  33.000000
567.109768  29.000000
457.654421  27.000000
393.699985  39.000000
620.192189  23.000000
462.985021  24.000000
396.307817  33.000000
440.477274  25.000000
351.386583  31.000000
413.689287  26.000000
477.848154  35.000000
427.966444  30.000000
333.341313  30.000000
350.124920  20.000000
597.428774  32.000000
303.762113  38.000000
672.621417  23.000000
1076.178648  18.000000
648.560506  23.000000
452.968099  32.000000
568.676567  25.000000
398.033953  31.000000
359.092942  39.000000
513.416669  21.000000
760.697642  35.000000
458.921604  23.000000
653.669715  18.000000
346.559892  28.000000
392.708814  30.000000
692.822226  25.000000
496.268489  24.000000
547.843965  26.000000
510.495802  24.000000
666.079269  28.000000
714.461556  19.000000
465.533192  24.000000
538.360884  33.000000
762.285486  26.000000
492.668999  21.000000
599.454045  33.000000
708.804643  25.000000
502.872097  23.000000
541.738984  26.000000
585.197654  22.000000
370.118329  43.000000
438.072948  30.000000
456.808061  25.000000
95.220000  24.000000
121.070000  25.000000
97.880000  28.000000
217.840000  18.000000
158.490000  24.000000
105.630000  34.000000
173.370000  28.000000
234.350000  21.000000
300.910000  25.000000
220.680000  22.000000
322.070000  16.000000
259.440000  20.000000
299.080000  21.000000
160.420000  37.000000
313.370000  23.000000
239.250000  29.000000
349.400000  16.000000
247.810000  24.000000
193.530000  26.000000
315.240000  21.000000
263.320000  26.000000
313.540000  32.000000
273.000000  36.000000
293.270000  24.000000
275.610000  27.000000
416.340000  30.000000
478.120000  18.000000
13248.250000  10.000000
19719.950000  3.000000
44598.240000  3.000000
186890.740000  2.000000
297392.050000  3.000000
165267.470000  3.000000
304921.640000  8.000000
536711.670000  10.000000
533211.270000  7.000000
476360.070000  11.000000
932307.250000  5.000000
896885.760000  3.000000
623389.340000  5.000000
692440.240000  11.000000
1187964.460000  3.000000
1269073.390000  7.000000
627864.750000  5.000000
1279013.190000  3.000000
1803756.640000  3.000000
2321182.840000  3.000000
1628471.790000  9.000000
2678134.910000  5.000000
2906929.930000  5.000000
3827025.510000  5.000000
7251660.200000  4.000000
6792758.230000  9.000000
7997413.020000  17.000000
12877254.050000  15.000000
14146488.740000  14.000000
9163747.210000  21.000000
11837110.130000  13.000000
8762517.930000  16.000000
15360572.710000  15.000000
14637286.230000  17.000000
12279386.090000  14.000000
11057397.010000  17.000000
12403924.890000  19.000000
17134709.270000  24.000000
11370343.950000  18.000000
15090170.240000  23.000000
20665722.340000  14.000000
21384147.800000  17.000000
19906185.830000  17.000000
18967240.900000  16.000000
20636103.280000  17.000000
23238789.090000  14.000000
23734969.950000  11.000000
18756606.610000  17.000000
24322947.230000  13.000000
20865772.990000  14.000000
24801299.610000  13.000000
25240947.630000  12.000000
22352403.200000  13.000000
22792906.720000  13.000000
26957536.300000  13.000000
26396674.370000  9.000000
20767099.990000  16.000000
23939021.210000  15.000000
18127322.570000  18.000000
18268397.270000  14.000000
14940746.110000  17.000000
11905177.800000  17.000000
13323878.620000  19.000000
9529512.640000  12.000000
8106972.360000  21.000000
11383013.790000  19.000000
10579290.530000  15.000000
11008581.020000  14.000000
22583030.220000  10.000000
11998321.550000  12.000000
8320114.940000  21.000000
7988738.060000  14.000000
9477311.090000  14.000000
4851412.940000  15.000000
3772101.470000  14.000000
3307988.850000  15.000000
4518664.150000  14.000000
4205652.480000  12.000000
2897493.600000  21.000000
2538149.250000  11.000000
4375873.520000  15.000000
2370903.860000  5.000000
1436016.160000  14.000000
673502.070000  9.000000
793644.160000  21.000000
561855.830000  7.000000
323340.840000  17.000000
804273.870000  12.000000
561273.920000  13.000000
70050.610000  14.000000
119065.900000  15.000000
54766.000000  16.000000
76918.260000  8.000000
59886.970000  12.000000
47102.700000  12.000000
24994.290000  10.000000
19799.800000  13.000000
24357.970000  11.000000
14847.670000  11.000000
4445.230000  18.000000
8506.030000  14.000000
6394.830000  15.000000
3917.810000  16.000000
3104.000000  16.000000
883.080000  16.000000
1926.750000  11.000000
1436.800000  17.000000
1440.120000  11.000000
1058.630000  17.000000
766.310000  18.000000
600.790000  14.000000
648.840000  22.000000
607.100000  13.000000
920.580000  12.000000
929.340000  11.000000
465.940000  21.000000
506.980000  22.000000
364.320000  19.000000
512.500000  15.000000
635.430000  15.000000
391.860000  20.000000
585.010000  13.000000
621.030000  21.000000
601.720000  21.000000
1217.640000  8.000000
1681.230000  10.000000
993.180000  9.000000
569.690000  22.000000
802.930000  17.000000
497.600000  19.000000
247.030000  24.000000
443.130000  15.000000
376.650000  18.000000
329.670000  25.000000
386.560000  17.000000
517.810000  17.000000
368.790000  19.000000
315.130000  20.000000
271.150000  25.000000
517.770000  20.000000
698.470000  18.000000
810.120000  10.000000
611.170000  16.000000
526.040000  14.000000
635.280000  13.000000
535.230000  17.000000
612.130000  23.000000
523.670000  22.000000
367.130000  15.000000
1070.600000  8.000000
2455.260000  4.000000
2975.970000  8.000000
1828.300000  5.000000
1203.610000  21.000000
544.350000  18.000000
1021.470000  14.000000
735.230000  12.000000
472.430000  21.000000
416.390000  24.000000
337.880000  20.000000
389.940000  26.000000
377.450000  25.000000
477.810000  10.000000
377.630000  14.000000
244.170000  24.000000
312.260000  30.000000
213.780000  39.000000
236.340000  29.000000
618.190000  19.000000
796.350000  19.000000
552.420000  16.000000
455.490000  18.000000
675.600000  13.000000
371.010000  17.000000
318.360000  27.000000
475.560000  8.000000
377.140000  28.000000
289.280000  24.000000
249.830000  29.000000
395.370000  16.000000
254.790000  24.000000
298.560000  27.000000
275.760000  20.000000
245.080000  28.000000
239.170000  28.000000
371.650000  22.000000
358.340000  26.000000
209.240000  30.000000
241.060000  28.000000
338.070000  22.000000
585.100000  20.000000
386.160000  15.000000
497.200000  18.000000
274.310000  37.000000
611.800000  20.000000
478.910000  22.000000
611.860000  15.000000
538.750000  19.000000
356.220000  24.000000
230.280000  29.000000
392.660000  22.000000
292.930000  39.000000
276.820000  30.000000
293.350000  25.000000
446.790000  13.000000
322.410000  27.000000
259.350000  27.000000
350.000000  27.000000
560.250000  16.000000
452.820000  25.000000
642.620000  20.000000
506.840000  19.000000
454.630000  30.000000
412.570000  24.000000
1090.480000  8.000000
961.590000  8.000000
1122.640000  5.000000
792.980000  13.000000
526.860000  24.000000
549.670000  7.000000
362.830000  21.000000
404.210000  16.000000
271.170000  30.000000
564.840000  10.000000
330.030000  19.000000
772.790000  8.000000
674.410000  10.000000
332.250000  25.000000
169.110000  32.000000
212.700000  32.000000
325.300000  30.000000
332.270000  29.000000
234.630000  33.000000
187.720000  27.000000
222.030000  36.000000
260.820000  22.000000
242.810000  25.000000
235.440000  37.000000
474.400000  16.000000
449.230000  23.000000
379.860000  19.000000
248.210000  30.000000
450.870000  20.000000
297.910000  26.000000
397.090000  20.000000
322.320000  34.000000
413.640000  18.000000
399.290000  26.000000
242.530000  27.000000
327.900000  28.000000
381.990000  17.000000
312.600000  34.000000
305.020000  21.000000
257.280000  23.000000
300.920000  22.000000
322.660000  17.000000
303.170000  24.000000
562.170000  14.000000
303.530000  21.000000
281.920000  22.000000
296.830000  26.000000
353.120000  20.000000
360.010000  25.000000
423.990000  20.000000
318.690000  23.000000
215.680000  31.000000
247.690000  26.000000
296.940000  34.000000
276.780000  24.000000
316.100000  21.000000
293.630000  32.000000
300.540000  25.000000
376.470000  22.000000
245.590000  40.000000
244.150000  26.000000
211.290000  27.000000
218.740000  38.000000
200.400000  31.000000
218.880000  33.000000
329.090000  23.000000
348.200000  24.000000
321.960000  37.000000
338.170000  22.000000
235.370000  34.000000
252.380000  32.000000
371.930000  22.000000
296.220000  25.000000
337.520000  31.000000
531.150000  21.000000
241.600000  23.000000
300.920000  27.000000
315.090000  17.000000
388.400000  25.000000
467.800000  19.000000
237.300000  42.000000
259.870000  29.000000
232.140000  32.000000
288.270000  33.000000
388.220000  22.000000
289.610000  31.000000
402.730000  19.000000
246.150000  33.000000
239.180000  36.000000
395.110000  22.000000
389.600000  29.000000
247.540000  24.000000
294.350000  30.000000
313.010000  23.000000
389.200000  17.000000
253.490000  21.000000
268.710000  22.000000
351.150000  16.000000
394.230000  21.000000
173.170000  35.000000
278.460000  39.000000
329.210000  22.000000
237.110000  36.000000
338.050000  29.000000
355.100000  21.000000
371.300000  26.000000
259.090000  36.000000
261.590000  24.000000
304.080000  23.000000
259.030000  31.000000
289.780000  35.000000
331.150000  19.000000
318.570000  31.000000
328.290000  18.000000
283.120000  28.000000
358.860000  26.000000
261.350000  28.000000
283.360000  25.000000
277.790000  22.000000
325.110000  25.000000
228.810000  34.000000
238.120000  25.000000
233.740000  32.000000
284.740000  31.000000
244.490000  29.000000
202.010000  31.000000
238.100000  24.000000
330.230000  30.000000
306.480000  22.000000
575.690000  22.000000
384.370000  16.000000
300.020000  23.000000
330.280000  26.000000
288.630000  25.000000
218.460000  33.000000
275.170000  24.000000
456.910000  27.000000
272.200000  27.000000
382.920000  19.000000
208.170000  26.000000
322.930000  25.000000
311.330000  23.000000
355.280000  17.000000
232.690000  28.000000
445.730000  22.000000
331.200000  28.000000
357.390000  19.000000
269.460000  32.000000
490.580000  24.000000
303.800000  27.000000
339.600000  26.000000
422.240000  25.000000
298.590000  24.000000
305.650000  20.000000
399.680000  20.000000
161.050000  43.000000
239.180000  28.000000
