72
74
69
68
71
73
76
76
75
76
77
76
76
70
64
61
57
51
45
44
46
51
51
50
44
39
36
33
27
22
15
13
9
1
-3
-11
-16
-22
-26
-26
-30
-30
-32
-35
-38
-44
-47
-55
-59
-65
-67
-69
-68
-67
-64
-64
-63
-65
-73
-81
-87
-86
-84
-82
-83
-82
-79
-76
-75
-76
-72
-66
-61
-58
-54
-53
-53
-50
-48
-44
-40
-41
-36
-31
-24
-20
-16
-10
-3
2
3
6
8
15
21
30
37
42
43
41
38
41
42
44
46
53
57
61
63
60
57
52
51
57
60
60
59
57
56
52
50
49
52
56
60
61
61
63
61
60
60
57
54
50
47
47
47
46
44
46
43
45
47
45
42
40
40
40
38
35
34
30
28
24
19
17
19
19
18
17
13
12
10
5
2
-2
-5
-5
-10
-16
-20
-22
-21
-23
-21
-21
-23
-30
-37
-38
-44
-51
-54
-57
-59
-61
-58
-56
-51
-49
-49
-50
-50
-46
-46
-47
-44
-43
-47
-50
-52
-56
-59
-59
-54
-48
-45
-43
-39
-36
-35
-31
-26
-21
-16
-14
-12
-12
-11
-10
-11
-9
-10
-8
-5
-3
3
9
12
17
21
26
31
34
36
38
38
39
38
40
41
41
42
43
46
48
51
53
54
57
54
55
58
57
59
56
52
50
48
50
48
45
37
33
28
20
13
6
-2
-7
-12
-16
-22
-23
-28
-33
-38
-43
-46
-50
-53
-59
-66
-75
-85
-91
-92
-96
-101
-106
-111
-110
-107
-101
-94
-89
-84
-83
-78
-75
-74
-77
-78
-74
-69
-63
-56
-50
-42
-32
-23
-15
-10
-3
3
11
20
28
36
40
42
40
41
41
45
47
51
52
59
66
74
79
82
85
82
80
73
72
71
69
72
73
73
70
65
60
56
59
58
55
56
52
49
45
41
38
30
30
30
27
25
21
18
14
7
-1
-6
-8
-8
-9
-10
-13
-14
-17
-21
-26
-32
-34
-41
-43
-44
-45
-48
-50
-49
-51
-55
-57
-59
-63
-62
-62
-61
-63
-66
-64
-59
-56
-50
-45
-43
-45
-45
-45
-43
-40
-41
-38
-37
-35
-33
-31
-29
-27
-23
-17
-14
-13
-12
-9
-3
3
4
4
3
4
3
8
17
26
34
35
33
30
36
36
37
34
31
33
33
34
33
32
34
32
31
29
29
30
31
28
25
19
17
12
6
2
-2
-1
-3
-4
-4
-8
-10
-13
-14
-16
-14
-19
-26
-32
-39
-38
-34
-31
-28
-27
-29
-32
-34
-34
-33
-27
-25
-22
-13
-7
-2
-4
-10
-10
-6
1
9
16
25
31
34
37
36
37
41
47
52
57
59
60
61
60
61
63
60
58
55
52
48
52
55
53
53
49
47
45
43
41
40
38
39
39
37
34
27
28
25
18
14
6
5
1
0
3
0
-3
-7
-11
-13
-16
-18
-21
-22
-20
-23
-32
-39
-45
-50
-55
-59
-63
-63
-64
-68
-70
-67
-66
-65
-66
-71
-75
-82
-85
-83
-76
-69
-63
-63
-64
-62
-63
-63
-60
-55
-47
-40
-32
-27
-24
-20
-15
-8
-2
4
8
13
16
21
32
41
48
54
59
65
63
63
69
73
78
78
78
77
76
78
80
88
91
94
97
95
94
92
87
83
78
77
71
65
61
57
54
47
42
37
30
24
19
11
6
3
1
-2
-8
-14
-20
-25
-28
-36
-40
-39
-37
-39
-43
-44
-48
-51
-52
-53
-53
-53
-52
-50
-47
-47
-46
-48
-49
-46
-47
-46
-42
-37
-35
-34
-31
-33
-33
-34
-29
-25
-21
-16
-14
-7
-6
-6
-6
-8
-7
-9
-10
-8
-5
-1
1
-1
-3
-4
-2
1
0
0
3
6
12
15
13
8
6
4
0
-3
-4
-4
1
4
5
8
14
14
8
7
7
11
17
21
27
28
24
19
16
18
22
25
24
23
21
18
18
16
16
18
17
20
17
11
8
7
3
-3
-11
-18
-19
-20
-20
-16
-12
-9
-5
-7
-4
-4
1
9
14
11
4
0
3
9
11
12
11
12
15
17
18
21
24
26
31
31
32
34
32
29
24
19
17
16
14
9
8
10
7
2
-1
-7
-12
-17
-17
-16
-14
-19
-29
-34
-39
-40
-43
-49
-59
-65
-67
-71
-74
-74
-78
-79
-75
-72
-72
-76
-79
-75
-74
-77
-79
-79
-75
-76
-75
-73
-66
-60
-54
-50
-50
-47
-42
-38
-34
-29
-23
-21
-19
-18
-16
-14
-12
-7
-5
-1
3
8
12
19
24
28
32
36
45
53
60
62
62
62
66
66
66
67
71
74
78
82
87
90
89
90
92
90
90
88
83
78
75
70
69
66
67
72
76
75
69
66
62
57
52
49
46
46
46
45
43
37
29
24
17
16
13
10
5
1
0
-6
-16
-24
-30
-30
-29
-25
-28
-35
-41
-47
-49
-55
-62
-64
-64
-63
-66
-68
-73
-73
-74
-75
-76
-75
-79
-82
-78
-76
-75
-75
-74
-73
-76
-80
-79
-76
-76
-78
-75
-67
-65
-64
-65
-62
-54
-53
-51
-50
-49
-45
-48
-45
-39
-35
-31
-28
-26
-23
-23
-20
-20
-20
-19
-15
-9
-3
1
2
8
16
24
28
32
38
44
46
51
57
62
66
66
71
76
85
92
95
101
100
102
107
114
120
119
117
117
116
112
112
111
118
122
121
118
114
117
116
108
104
91
80
70
61
55
51
43
41
42
36
27
18
12
6
-4
-13
-23
-32
-43
-57
-68
-77
-84
-90
-92
-91
-95
-99
-104
-108
-111
-113
-112
-114
-116
-121
-125
-123
-122
-126
-125
-121
-114
-110
-106
-104
-99
-90
-87
-81
-74
-69
-63
-62
-56
-51
-49
-45
-36
-27
-21
-17
-11
-3
6
12
16
20
28
38
44
53
60
70
78
83
90
101
107
110
114
120
129
134
135
137
143
148
151
152
147
142
140
143
147
144
136
129
123
117
107
99
93
85
77
70
66
61
51
39
22
3
-11
-20
-24
-31
-40
-47
-52
-55
-67
-76
-81
-90
-95
-102
-109
-112
-117
-123
-128
-131
-131
-132
-135
-139
-140
-137
-137
-137
-140
-142
-142
-139
-135
-125
-114
-108
-104
-96
-89
-85
-77
-67
-62
-58
-53
-47
-39
-33
-24
-19
-10
0
9
17
26
33
41
46
52
59
57
58
64
71
73
72
76
83
91
89
89
88
86
84
79
78
81
82
82
81
85
85
81
82
73
65
64
58
53
45
36
31
28
26
17
7
7
4
5
4
-1
-5
-10
-13
-19
-27
-32
-40
-47
-48
-55
-65
-66
-66
-65
-67
-67
-63
-55
-49
-50
-50
-50
-51
-52
-50
-46
-43
-42
-40
-34
-29
-20
-19
-15
-7
0
7
11
12
17
24
33
41
42
47
54
58
64
62
61
59
56
58
57
61
67
65
66
64
60
58
49
42
36
31
22
16
10
7
1
-7
-11
-23
-29
-37
-49
-59
-69
-74
-76
-79
-84
-93
-97
-97
-96
-99
-103
-104
-104
-103
-104
-104
-97
-90
-90
-86
-83
-79
-74
-70
-69
-66
-57
-47
-37
-28
-22
-11
3
14
23
29
38
45
54
64
68
76
86
93
90
90
96
103
110
116
118
120
117
115
114
114
116
122
128
129
128
121
114
107
103
97
93
90
82
76
70
64
63
60
46
35
27
16
8
-1
-9
-19
-34
-45
-60
-74
-84
-96
-104
-118
-131
-143
-152
-163
-177
-181
-188
-196
-205
-215
-220
-227
-228
-227
-226
-226
-227
-228
-223
-222
-219
-207
-196
-185
-183
-180
-158
-135
-111
-92
-74
-55
-37
-13
17
51
97
132
162
188
209
238
263
303
339
367
399
408
417
432
441
468
494
510
517
515
528
533
535
551
545
549
535
505
485
463
451
418
383
360
322
289
246
199
168
131
81
48
7
-37
-91
-153
-194
-245
-278
-308
-344
-374
-443
-493
-543
-589
-598
-624
-633
-651
-702
-744
-783
-804
-809
-809
-795
-796
-793
-785
-785
-757
-727
-719
-692
-642
-591
-537
-482
-432
-377
-327
-287
-235
-164
-94
-51
-20
48
130
203
276
326
359
372
393
453
541
602
624
639
653
676
679
722
767
796
808
803
812
785
767
756
761
792
767
726
691
651
591
546
540
527
516
470
378
315
259
183
131
136
110
24
-94
-206
-272
-313
-354
-394
-443
-512
-630
-735
-771
-784
-793
-822
-896
-957
-1025
-1098
-1115
-1108
-1079
-1117
-1165
-1159
-1174
-1163
-1158
-1151
-1121
-1071
-1011
-971
-878
-789
-715
-610
-513
-434
-339
-190
-60
75
224
351
456
582
697
805
986
1125
1198
1288
1395
1494
1549
1652
1738
1828
1948
1943
1928
1978
2018
2045
2045
2070
2045
1979
1900
1758
1671
1580
1427
1277
1112
883
616
395
230
68
-129
-332
-548
-731
-940
-1147
-1247
-1338
-1455
-1594
-1729
-1815
-1925
-2054
-2136
-2177
-2194
-2247
-2317
-2360
-2401
-2434
-2431
-2400
-2364
-2367
-2390
-2376
-2275
-2165
-2083
-1958
-1864
-1796
-1731
-1575
-1328
-1096
-916
-798
-610
-396
-202
35
310
559
763
962
1196
1534
1872
2155
2361
2516
2688
2842
2979
3100
3138
3164
3278
3401
3516
3591
3475
2927
2210
1734
1651
1904
1911
1468
879
396
-93
-461
-365
-110
88
-68
-575
-897
-875
-686
-613
-556
-517
-604
-699
-719
-675
-662
-748
-921
-950
-916
-1047
-1339
-1585
-1614
-1563
-1523
-1470
-1451
-1501
-1631
-1711
-1620
-1390
-1191
-1078
-945
-791
-679
-565
-484
-471
-470
-448
-357
-277
-260
-407
-643
-738
-770
-741
-707
-739
-733
-715
-649
-548
-383
-127
62
222
385
545
731
957
1180
1360
1515
1597
1701
1750
1674
1575
1541
1608
1538
1321
1070
872
709
527
428
392
395
329
196
166
218
266
279
385
539
610
554
483
425
358
250
120
91
-69
-343
-679
-957
-1074
-1189
-1270
-1368
-1468
-1598
-1727
-1676
-1483
-1285
-1109
-1082
-1027
-851
-766
-709
-645
-443
-231
-156
-168
-197
-238
-304
-319
-136
104
143
70
-10
134
253
282
492
649
896
995
1015
1212
1499
1779
1825
1946
2053
2095
2262
2368
2506
2569
2500
2396
2405
2401
2271
2191
2131
2145
2035
1927
1837
1704
1632
1469
1407
1379
1238
983
754
608
394
273
116
-9
-225
-540
-710
-902
-1009
-1203
-1432
-1570
-1663
-1784
-1941
-2114
-2408
-2583
-2676
-2747
-2835
-2948
-3036
-3079
-3116
-3240
-3269
-3166
-3066
-3005
-3126
-3242
-3220
-3166
-3010
-2892
-2866
-2786
-2690
-2594
-2331
-2113
-1972
-1863
-1673
-1413
-1287
-884
-414
-49
218
196
366
761
1185
1405
1575
1776
1843
2009
2244
2577
2771
2914
3067
3187
3475
3625
3794
4035
4250
4419
4465
4471
4321
4339
4436
4415
4270
4156
4263
4179
4053
3758
3759
3828
3644
3367
3028
2908
2395
2115
1929
1920
2006
1772
1054
-947
-2856
-3309
-1966
-515
-835
-2070
-3274
-4253
-5851
-6352
-4557
-2493
-2143
-3777
-5094
-5261
-5163
-4889
-3849
-2453
-2378
-3322
-3816
-3295
-3074
-3518
-3468
-2754
-2111
-2407
-3008
-3198
-3243
-3404
-3632
-3385
-2845
-2476
-2550
-2872
-2970
-2590
-2026
-1875
-1360
-599
-21
124
-248
-415
-175
266
424
809
1261
855
372
409
912
1412
1465
1398
1540
1839
1879
1992
2671
3388
3590
3871
4609
5018
5222
5189
5317
5808
6116
6433
6834
7246
7085
6578
6244
5422
4078
2980
2721
2549
1667
150
-1861
-3784
-4849
-4223
-2451
-1452
-2366
-3730
-4288
-4536
-4536
-3237
-904
97
-1222
-2865
-2967
-1978
-1389
-1256
-856
-690
-1369
-1972
-1799
-1553
-1951
-2367
-2063
-1402
-1190
-1507
-1898
-2039
-1837
-1268
-414
171
191
-161
-303
-13
751
1604
1901
1579
1148
952
686
84
-388
-395
-274
-311
-664
-1038
-1443
-2038
-2583
-2326
-1384
-876
-806
-1031
-1224
-1188
-891
-135
726
1064
705
507
905
1277
1327
1377
1523
1557
1531
1386
1216
988
507
374
530
592
349
65
-73
-223
-126
289
749
970
1330
1776
2199
2631
2913
3283
3869
4258
4726
5310
5781
5252
4356
4378
5036
6000
5000
-513
-7678
-9066
-3490
2798
3127
-879
-3125
-4032
-7553
-10857
-5200
5288
7438
262
-5909
-4888
-1988
-2116
-1236
2688
3757
-665
-3778
-1288
1174
-1631
-4423
-2405
653
359
-2561
-4223
-4340
-4786
-4275
-1885
387
-568
-4294
-7146
-6410
-3213
159
1780
831
-1195
-3213
-4007
-2740
-24
1870
1527
176
-906
-1574
-2027
-1907
-1256
-457
-144
-726
-1269
-1703
-2389
-2682
-1741
141
1325
1433
989
705
1289
2086
2892
4285
5567
5412
4823
5143
6232
7031
6789
6961
7821
8132
7200
5940
6141
7005
6977
6457
6125
5658
4403
2846
2494
2927
2636
1098
-690
-703
184
117
-441
-1088
-1102
-1086
-2187
-3050
-2638
-1593
-1470
-2900
-3942
-3616
-3093
-2922
-2946
-2595
-2076
-2491
-2886
-2510
-2402
-3017
-3866
-3789
-3174
-3338
-3894
-4374
-4638
-4700
-4495
-3960
-3686
-4769
-6626
-7068
-5749
-3676
-2418
-2653
-3668
-4559
-4598
-4314
-3284
-1611
-897
-1466
-2536
-3204
-2978
-2534
-2870
-2995
-2272
-1366
-1049
-1382
-1416
-1276
-609
633
2119
3769
4171
3583
3640
4727
6308
7622
8234
8489
8114
7389
7233
7854
8875
9266
9074
8896
8294
7703
7733
8350
9059
9420
9244
8146
6469
4652
3837
4745
5729
5008
2405
-2155
-6117
-5855
-1869
1103
-465
-4170
-6229
-6606
-8004
-9406
-6029
-1236
-2081
-7371
-10170
-7786
-5441
-6183
-6137
-3748
-3040
-5463
-7077
-5207
-3863
-5696
-6428
-4269
-2242
-3209
-5548
-5991
-5324
-4902
-3979
-2653
-2290
-4416
-6759
-6488
-4135
-1640
-269
-365
-1421
-2560
-3101
-2142
266
2156
2082
842
-229
-575
46
862
1566
1988
1946
1901
1999
2454
2648
2996
4048
4884
5561
5823
5855
6059
6587
7713
8536
8559
8173
7450
6785
7119
8153
9206
9285
8146
7640
7964
7826
7045
6527
6832
6440
5448
4839
4421
3609
1426
-281
201
526
-1023
-3783
-6523
-7512
-7217
-5740
-4047
-4792
-7794
-10918
-11823
-10735
-9227
-7016
-5429
-6674
-9914
-12359
-10765
-6503
-4226
-4123
-4654
-5166
-5148
-4851
-3589
-2176
-2181
-2447
-2208
-1376
-919
-2040
-3043
-2939
-1831
-279
483
-136
-2172
-4344
-4372
-2327
826
3102
2945
1111
-722
-1489
-533
1830
3464
3918
3369
1287
-270
-34
856
1797
2463
2542
2206
1471
522
557
2219
3714
4175
4870
5402
5152
4915
5122
5973
7105
7383
7073
6879
6836
6442
6013
6349
6953
7295
7455
6821
5893
5885
5761
5651
5109
4293
4035
3815
3300
1931
-17
-1413
-1722
-2251
-4241
-7757
-9200
-6984
-5182
-6389
-9057
-9116
-7548
-8844
-11928
-11380
-6671
-4048
-6577
-9207
-8146
-6135
-5820
-5435
-2658
-608
-2273
-3904
-2386
68
-66
-1562
-757
927
561
-811
-922
281
228
-692
-402
657
846
-717
-2831
-2959
-1359
911
2579
2362
1212
250
-317
-571
532
2371
2769
1423
-280
-1014
-686
-495
-433
4
33
-796
-1764
-894
655
786
650
1147
2385
3340
3411
3833
4800
4935
4528
4790
6282
7263
6543
6072
6358
6561
6771
7067
7892
8041
6985
6635
6958
6860
5925
4897
4976
5643
5632
4828
3861
2423
536
-1485
-5084
-8155
-6492
-1272
385
-4016
-9003
-9117
-7223
-9221
-10974
-6099
-79
-2139
-9215
-11032
-6851
-4364
-4820
-2943
489
-499
-4870
-5149
-495
1522
-789
-1301
867
1228
-1207
-2542
-1418
-829
-1326
-528
887
364
-2229
-4388
-4695
-4260
-2578
172
911
-1042
-3264
-3493
-2604
-2115
-1693
-1073
-934
-2229
-3251
-2775
-2586
-3207
-3404
-2701
-2446
-2851
-2940
-2101
-1148
-867
-263
1356
2883
3112
3090
3757
4634
5325
5758
6817
7864
7887
7248
7020
7725
8563
9390
10184
10374
9994
9030
8681
8987
8462
7634
7664
8278
8780
7948
6279
4915
3289
2269
-81
-4290
-6661
-4239
811
611
-5404
-9304
-7978
-6622
-10101
-11044
-4436
26
-4798
-11749
-11584
-6285
-5118
-6453
-3305
-314
-2747
-6858
-5188
170
-243
-3562
-2867
-298
-657
-3825
-4508
-2538
-2674
-3498
-2588
-1651
-2852
-5273
-6103
-5569
-5012
-3771
-2392
-2621
-4210
-4685
-3538
-2643
-2296
-1967
-2494
-3815
-3580
-1328
-267
-1912
-3460
-2514
-780
-1280
-1891
201
1926
1219
471
2038
4856
5607
4859
5615
7365
8063
7602
8435
10368
10474
9406
9763
11709
13197
12365
11063
11707
12687
12518
11539
10988
10409
9536
8942
9554
10320
9195
7474
5429
3626
1626
-852
-4953
-8803
-7937
-3361
-1158
-6173
-12718
-13009
-10640
-13527
-15977
-10006
-2784
-5938
-16187
-18323
-11267
-7367
-9039
-7913
-3372
-4530
-10339
-9401
-2349
-854
-5014
-5617
-1463
-897
-4757
-5410
-2357
-2010
-4083
-3023
127
-580
-4436
-5553
-3704
-2644
-1805
293
1026
-1586
-3797
-2437
140
493
-874
-1026
-141
369
774
676
-217
-794
67
1245
1618
2175
3069
2756
1308
1341
4242
7292
7399
6032
6172
7472
8562
9494
10917
11645
10837
10122
10783
12795
13725
13148
12374
11604
11574
11749
11464
10998
9565
8140
7932
7972
7749
7265
6056
3286
421
-1363
-5422
-10447
-10792
-5381
-379
-4978
-14197
-16159
-12032
-12879
-17307
-13152
-3619
-4560
-15426
-20322
-13978
-7892
-9587
-9208
-3447
-3316
-9768
-11197
-3851
-218
-4682
-5717
-909
575
-3472
-5465
-2158
-637
-2623
-1603
1909
1563
-3030
-5176
-3343
-2210
-1804
94
1093
-1787
-5012
-4327
-1937
-1249
-1355
492
1719
-83
-1786
-1077
438
715
710
1781
2920
2449
840
287
913
1690
3953
6428
6361
5282
4855
5946
8277
9817
10699
10935
10243
9540
9759
11987
13973
13270
12011
11042
11067
11741
11438
11227
9949
8820
8298
8515
9138
7334
3444
417
175
-1919
-7433
-10388
-6433
-449
-2336
-11842
-15934
-11140
-9736
-14528
-14467
-5559
-1762
-10620
-18276
-14723
-7386
-7321
-8703
-3355
-277
-6175
-10401
-4393
1956
-822
-4490
-765
2414
-1147
-4881
-2159
1524
-544
-1844
1407
3199
-368
-4146
-2760
-804
-976
-477
590
-485
-3444
-4700
-3647
-3064
-2732
-364
1211
-672
-2856
-2475
-1142
-974
-1108
591
2128
470
-1971
-1850
-25
688
1910
4078
4648
3409
2466
4469
7552
8902
8893
9503
10704
10087
8993
10176
11870
11997
11370
11192
12072
12565
11097
9749
8868
8249
8519
9887
9702
4871
-486
-2249
-3655
-8221
-10867
-4885
3230
-856
-14184
-19060
-11145
-7285
-13300
-12788
-2765
-762
-12619
-21173
-13016
-3527
-6418
-9202
-3304
39
-7168
-11794
-3604
2967
-1279
-4386
52
2708
-2878
-6906
-2153
1163
-1293
-1389
2025
1577
-4139
-5793
-1936
-773
-2421
-2075
-504
-2852
-6144
-4858
-2118
-2175
-2537
-208
109
-3299
-3903
-122
1306
-1566
-2556
982
2347
-1247
-2696
271
2661
1735
2148
5595
6361
4148
4152
7763
10411
10105
10129
12203
13302
12435
12303
13899
14929
13490
12781
13583
14770
15330
14313
12945
11034
10739
11625
10762
6740
3013
1786
-2898
-9870
-10557
-1564
4544
-3189
-15723
-15941
-8957
-10741
-15555
-10059
594
-3477
-17057
-20153
-10746
-5382
-9362
-8316
-2852
-5047
-13110
-11962
-3131
-2150
-7735
-7203
-1720
-3077
-9184
-9665
-5160
-5223
-7778
-4901
-1444
-4244
-9543
-9003
-5885
-6594
-6338
-2616
-1875
-7098
-10794
-6840
-1297
-970
-2276
-1383
-1235
-3279
-3664
-332
2319
1881
934
928
-142
-1299
562
4206
5869
5320
5934
7435
7990
8479
10951
14005
14947
14336
14840
16665
17081
16333
17093
19160
19774
18504
17423
17289
17055
15549
13433
14439
16547
14270
7317
1912
781
-1993
-6628
-6619
865
4416
-5612
-18036
-16403
-8352
-8910
-12497
-8363
-2272
-8629
-19317
-18136
-7923
-5108
-10289
-9079
-4446
-7409
-13400
-9935
-2551
-4287
-9739
-7797
-3259
-6153
-11760
-10861
-6746
-8134
-10593
-7722
-5833
-10028
-14183
-11962
-8942
-8986
-7784
-4535
-5873
-11258
-10968
-4278
386
-759
-2321
-1400
-1644
-3529
-1722
3334
5103
2875
1967
2757
1820
1667
4149
7121
7367
6170
7746
10385
10987
10783
12805
16145
17140
16925
18252
19120
18644
18311
19900
22038
22419
21239
19794
18402
17440
18208
18749
16432
10470
4854
3964
3626
-2569
-9388
-8211
-1425
-937
-10983
-18000
-13616
-8920
-13990
-18203
-10194
-3012
-9165
-19016
-18283
-9760
-8632
-11181
-7561
-4621
-9051
-14374
-9321
-1864
-4534
-8757
-6199
-3467
-7002
-11045
-8410
-5503
-8954
-11234
-8865
-8150
-11966
-14438
-12224
-11944
-13497
-10480
-6346
-8243
-12189
-9323
-2686
-1947
-4901
-3322
1256
1063
-1338
1779
6427
5641
2260
2969
5698
5822
5462
7783
9479
7531
6571
10098
14007
13927
13275
15354
17399
17657
18025
20177
21696
20632
20162
21959
23652
22385
20902
21198
20869
20398
19537
18351
15033
7901
2987
3154
-10
-7490
-10653
-4466
55
-9077
-20591
-20311
-12819
-14075
-20551
-15672
-6631
-9761
-20234
-22048
-13193
-9532
-11567
-8635
-5587
-8801
-13640
-9330
-1318
-3654
-8605
-6115
-2599
-6399
-12264
-9185
-3078
-3632
-7068
-8195
-9289
-12525
-14977
-12968
-11303
-11657
-8956
-6335
-9002
-14095
-12299
-5747
-2992
-4418
-4544
-1086
70
-1322
-148
2420
3005
3455
5573
6878
5108
3485
6357
10240
11228
10520
10975
12522
13049
13909
17135
19785
20375
20488
20694
21703
21581
22175
23594
24201
24605
24194
23205
22129
20796
19825
18829
15546
10818
7158
4818
-2257
-10178
-11110
-4666
162
-7778
-20731
-22978
-18180
-18150
-20420
-16484
-9391
-13073
-23193
-25658
-18248
-12317
-12883
-11288
-8454
-10716
-13937
-9713
-3243
-4220
-7427
-4573
-723
-3044
-7044
-5618
-2402
-4415
-6399
-3928
-3808
-9298
-13966
-12281
-10121
-10799
-9976
-8504
-10776
-13428
-10281
-4752
-4752
-7638
-5836
-2049
-2884
-5101
-1337
3661
2292
-1697
-910
3237
4954
5043
6519
6799
5462
6876
11763
15142
14440
13894
16494
18886
19523
20007
21376
22202
21740
23120
24770
24518
23891
22890
21857
21121
21906
23268
21078
14989
7788
4604
1460
-4119
-6542
-3877
-1690
-6689
-17787
-23577
-19721
-16642
-17475
-18434
-14719
-14415
-20790
-25230
-22025
-14063
-11237
-11303
-10805
-11986
-14077
-11870
-4716
-860
-3246
-3964
-1216
-1009
-3689
-3857
624
2515
-205
-1187
-951
-3330
-8010
-9240
-6731
-7006
-7923
-6513
-5702
-8186
-10793
-8543
-4531
-3687
-4445
-3601
-2775
-3810
-4091
-1088
403
-694
-976
-109
531
-617
98
2966
4429
4774
5970
8294
9536
9551
11738
15113
16675
16892
17426
18868
20033
20990
22249
22835
22719
22656
22966
23560
22811
22265
21294
18961
15602
11392
7728
1097
-5115
-6797
-3055
-282
-5627
-15459
-20894
-19727
-18906
-18802
-15293
-10556
-13594
-21941
-26409
-20757
-12843
-10772
-9910
-10324
-12673
-14267
-10294
-3013
-1581
-4174
-3130
-639
-1155
-3835
-3081
756
905
-296
660
308
-3985
-8593
-8606
-7219
-7050
-5869
-4413
-6939
-12091
-12522
-7116
-3280
-4067
-5277
-5199
-5789
-7148
-5222
-1510
-524
-1943
-2748
-2812
-3334
-2511
488
2475
1645
1277
3732
6782
7806
8318
9996
12471
14267
16188
17811
18019
18181
19766
21957
22969
23265
23771
24388
23262
22421
21997
22377
22082
18504
13728
7362
326
-2818
-361
3842
2803
-6841
-16573
-19131
-16880
-15936
-15219
-10314
-9827
-16264
-23937
-23951
-15059
-10138
-8846
-8511
-10699
-12911
-11534
-4185
1220
-1331
-2459
326
1750
139
-1697
1382
3379
1831
2034
2278
-310
-5261
-7310
-6130
-7333
-7916
-5771
-5012
-8321
-11986
-10271
-6459
-5794
-6373
-6296
-6204
-7580
-7393
-4299
-3296
-4519
-5060
-4339
-4285
-4607
-3275
-1096
-625
-710
707
3003
4389
5691
8251
10408
11320
12907
15196
16525
16500
17583
19966
21024
20775
20794
21733
22623
22845
22886
22144
20671
18532
15087
11618
5366
613
125
2668
4038
-1083
-10788
-16459
-15477
-13821
-13748
-12331
-10069
-13509
-20145
-24319
-19240
-11893
-9940
-9924
-11551
-13996
-13993
-8709
-1555
-841
-3631
-2636
-88
476
-1033
-33
3283
3307
2190
2268
965
-2468
-5911
-6060
-5681
-5976
-5089
-5238
-9281
-13675
-13069
-7972
-4920
-5692
-7425
-8737
-9740
-9994
-6815
-3196
-2967
-4863
-6213
-7240
-6183
-3036
124
632
-1423
-1984
367
3764
6035
7777
9640
11069
12547
15146
16625
16523
17467
19557
22323
23863
24128
23544
22964
22736
23451
24756
24503
23480
19400
15187
8933
3841
2678
4811
7310
4435
-4655
-13601
-14608
-12397
-11116
-10969
-8764
-10198
-15640
-21875
-21857
-15224
-11087
-9135
-9519
-13344
-16458
-13948
-6130
-1586
-3459
-3754
-1963
-902
-1717
-2241
662
2506
2566
3281
1757
-1853
-5504
-6300
-6700
-8352
-7373
-4797
-6026
-10824
-14209
-12751
-9514
-8151
-7285
-7508
-9582
-12350
-11809
-9182
-8079
-7623
-6923
-7311
-8519
-8704
-6110
-3125
-1834
-1243
-220
1094
2505
5111
8039
10052
11530
14121
15826
16312
16955
19460
22044
23203
23566
23728
24353
24797
25428
26173
26094
24395
21385
17908
13471
8597
6573
7032
8785
6623
-2201
-10983
-12983
-11105
-10371
-11144
-10441
-11107
-15578
-20621
-21088
-15850
-12514
-11153
-10945
-13884
-16783
-14304
-7470
-3106
-4636
-5180
-3121
-1734
-2106
-2173
271
2140
2634
4020
3217
-873
-4525
-5140
-4105
-4646
-4266
-3643
-6308
-10669
-12474
-10015
-6839
-6417
-6814
-7788
-9811
-11461
-10109
-6848
-5908
-6960
-8356
-9735
-9356
-7053
-4158
-3039
-4268
-4283
-2049
744
2619
3941
5958
8189
10589
13516
15029
15725
16627
18687
21039
22876
24046
24877
24946
24723
25245
26482
27592
26906
23317
18614
14295
10427
9304
10010
11695
9167
346
-8658
-11468
-9477
-8471
-9215
-9406
-12273
-17425
-21947
-21869
-17295
-15177
-13993
-14194
-17460
-19954
-18076
-11388
-6952
-8157
-8222
-6821
-5355
-5074
-4855
-2530
-893
320
2049
1086
-2070
-5169
-4976
-3799
-4633
-4498
-4191
-5345
-8518
-10960
-9853
-7149
-5583
-5340
-6685
-8552
-9862
-8640
-6452
-5795
-5823
-6467
-7193
-7621
-7114
-4867
-2676
-1861
-1860
-1534
-61
2187
4693
7042
8403
9682
11583
13542
15802
17280
18800
20135
21301
22755
23990
24917
26165
26384
26809
27074
26961
26476
23636
20508
16607
12416
10242
10603
12649
10494
2199
-5567
-8650
-7607
-6782
-7228
-7427
-10941
-16252
-20074
-20287
-16841
-15209
-14459
-15664
-19678
-21394
-18821
-13588
-10606
-11870
-12108
-10945
-8793
-6495
-6209
-5956
-5857
-3580
-338
-801
-3670
-6561
-7916
-7920
-7155
-4958
-3353
-4864
-8116
-10855
-11138
-8944
-5137
-2304
-3535
-7274
-10405
-9950
-6870
-4105
-3152
-4196
-6050
-7112
-6048
-3753
-1289
421
1086
1111
1559
2827
4711
7154
9382
11041
12421
13416
14685
15991
16945
17955
19295
21713
23503
23794
23158
22487
23295
25418
26549
26179
22536
18347
14338
11143
10724
11896
14211
11501
3168
-4381
-7210
-5751
-3876
-3552
-3857
-8593
-14198
-17817
-17630
-14579
-13172
-12262
-13667
-18315
-20722
-19136
-14521
-11329
-11352
-10899
-10942
-10068
-8935
-8181
-7304
-6683
-4652
-2345
-3880
-7123
-9966
-9917
-7915
-5760
-4046
-4382
-7029
-9709
-10559
-8248
-4625
-2323
-1897
-4381
-7215
-8664
-7294
-4000
-1794
-2099
-4043
-5801
-5182
-2937
-556
1136
1485
1609
2193
3154
4279
5377
7276
8956
9937
10451
10494
11475
12737
14225
15941
17501
18755
19427
19807
20148
20514
21960
23413
23811
21572
17876
13717
10883
10762
12050
13264
10950
4480
-1329
-4315
-4551
-3555
-2822
-2911
-6385
-11014
-14835
-15486
-13397
-11574
-10875
-13077
-17680
-19509
-18004
-14332
-12245
-12197
-11653
-11737
-10847
-9743
-9059
-7738
-6901
-5020
-3619
-4798
-6794
-8446
-8059
-6318
-4842
-4232
-4956
-5910
-6005
-6137
-5176
-3695
-1845
-1089
-2014
-2874
-3240
-2360
-1265
-597
-720
-1835
-2188
-1489
-623
-318
-576
-73
1077
2332
2833
2530
2777
4029
5629
6895
7452
8125
8927
9698
10710
11955
14125
15712
16887
18033
18602
19675
20382
21081
21481
20069
17870
14116
11342
11212
11993
13421
11466
7242
3676
770
204
-29
34
-294
-3409
-6686
-9959
-11345
-10572
-10479
-10561
-13076
-16623
-17154
-16232
-14247
-14036
-15249
-15048
-14888
-13073
-11814
-12251
-12378
-12182
-9922
-7986
-7998
-8722
-10302
-10893
-10135
-8369
-6330
-5844
-5879
-5805
-6019
-5411
-4238
-2181
-861
-1218
-1879
-2388
-1983
-1235
-730
-324
-706
-1242
-1210
-936
-219
291
1001
2082
3016
3690
3861
4332
5360
6226
7453
8436
9029
9802
10286
11201
12297
13638
15559
17169
18088
18669
18912
19622
20148
20113
19349
16619
14965
15031
15577
15223
12461
10217
8389
6066
4315
2474
1743
471
-1586
-3614
-6648
-9246
-10140
-10573
-11718
-14884
-17591
-17875
-17767
-17235
-17855
-18748
-19030
-18419
-16072
-14935
-15046
-15120
-14618
-12952
-11619
-10228
-10118
-10833
-10944
-9950
-8566
-7842
-6878
-5229
-4111
-3664
-3151
-2467
-1503
-564
654
1245
1122
1102
1359
1734
1738
1869
2211
2194
2532
2695
2732
2829
3532
4727
5092
5188
5381
5511
5862
6528
7630
8690
9324
10211
11074
11801
12595
13993
15943
17311
18186
18883
19384
19618
19066
17639
16379
16094
16048
15292
13429
12171
11434
9809
7765
5333
4001
2635
1150
-145
-2614
-5399
-7623
-8903
-10281
-13036
-15654
-17019
-17685
-17857
-18387
-19325
-20129
-20397
-19021
-17865
-17639
-17533
-17127
-15747
-14783
-13556
-12880
-12836
-12421
-11409
-10280
-10001
-9574
-8020
-6047
-4872
-4316
-4079
-3539
-2823
-1605
-309
334
551
626
615
553
756
1335
2220
2775
2694
2390
2288
2927
3949
4906
5660
5922
6058
6069
6304
6662
6983
7895
9320
10607
11348
12041
12936
14163
15887
17988
19936
20631
20552
19919
18590
17712
17521
18026
17567
15888
14847
13738
11616
8736
6099
5334
4779
4326
3058
-280
-3792
-6224
-6854
-7631
-10487
-13095
-15176
-16768
-17444
-18252
-18856
-20032
-20117
-18852
-18433
-18731
-19000
-18435
-17101
-15837
-14062
-13665
-14168
-14258
-12929
-11250
-10538
-9389
-7628
-6285
-5499
-4825
-3893
-3093
-2299
-874
203
605
806
1266
1865
1943
1848
2269
2999
3957
4204
3807
3470
3793
4909
5638
6190
6222
6034
6279
6873
7336
7237
7452
8350
9583
10349
11124
12151
13255
14474
15644
17203
18069
18389
17889
16145
15013
14773
15448
15223
13644
12898
12064
10339
7628
4836
3832
3573
3496
2471
-682
-4299
-6590
-7536
-8535
-11186
-13488
-15172
-16763
-17556
-18654
-19439
-20267
-19849
-18269
-18139
-18686
-19024
-18278
-16730
-15233
-13489
-13261
-13805
-13642
-12530
-11484
-10873
-9494
-7236
-5707
-4674
-4039
-3733
-3161
-2103
171
1564
1732
1824
2109
2741
3043
3516
4356
5003
5633
5724
5397
5252
5804
6832
7618
7896
7875
7483
7307
7753
8157
8453
8826
9825
10495
10616
10919
11688
13257
14760
16472
17503
17751
17613
16826
15579
14504
14547
14830
14046
12268
11577
11014
9338
6887
4638
3716
2772
2261
1380
-1110
-4182
-6287
-6739
-7914
-10526
-12911
-14349
-15512
-16348
-17223
-18511
-19698
-19770
-18510
-18199
-18861
-19191
-18826
-17775
-16723
-15034
-14502
-14961
-14879
-13485
-12033
-11543
-10486
-8625
-6930
-5844
-4994
-4303
-3901
-3289
-1926
-841
-342
41
554
1059
1287
1729
2563
3585
4738
5427
5457
5309
5745
6910
7913
8590
8696
8595
8792
9141
9248
9029
9361
10395
11351
11853
12024
12435
13159
14583
16416
17658
17920
17413
16278
14554
13660
13997
14627
13778
12313
11635
10464
8550
5922
4152
3465
2857
2618
979
-2173
-5382
-6839
-7002
-8147
-10502
-12206
-13664
-14605
-15100
-15989
-16754
-17578
-16907
-15880
-16181
-16566
-16592
-15745
-14797
-13691
-12476
-12683
-13130
-12699
-11456
-10756
-10218
-8664
-6656
-5471
-4781
-4281
-3888
-3343
-2081
-341
328
202
266
797
1385
1731
2129
2593
3298
4208
4539
4426
4370
5086
6186
6894
7445
7582
7698
7921
8267
8392
8562
9073
9933
10545
10723
11303
11894
12841
13809
14818
15641
15588
15233
13390
11786
11534
11865
11913
10321
9522
9285
7869
5509
3036
1853
1758
1726
1548
-802
-4214
-6417
-7175
-7626
-9507
-11507
-12488
-13660
-14113
-14814
-15879
-16751
-16808
-15244
-14574
-15031
-15394
-15181
-14286
-13001
-11218
-10236
-10766
-11042
-10167
-9103
-8752
-7850
-5992
-4238
-3344
-2742
-2582
-2651
-2225
-824
662
1023
978
1075
1398
1674
1988
2607
3397
4423
4942
4744
4586
5049
6021
6947
7665
8137
7976
7787
8234
8745
8923
9075
9818
10713
11133
11331
11822
12470
13613
14925
15928
16082
15265
13914
11950
11090
11338
11560
10544
8805
8228
7288
5420
2917
1067
409
129
46
-1243
-4185
-7293
-8596
-8934
-10018
-12147
-13783
-14893
-15736
-15889
-16433
-17246
-17787
-16973
-15623
-15422
-15551
-15557
-14729
-13594
-11900
-10469
-10460
-10758
-10262
-8933
-8149
-7444
-5869
-3986
-2664
-1731
-1354
-1313
-944
107
1758
2576
2535
2348
2218
2635
2914
3105
3221
3654
4457
4608
4348
4388
4861
5660
6589
7238
7310
6868
7071
7775
8145
8448
8817
9584
9959
10370
10811
11300
12209
13302
14764
15143
14865
14449
12659
10964
10288
10743
10922
9258
8250
7908
6608
4541
1888
768
478
243
320
-1817
-4986
-7472
-8368
-8421
-10303
-12334
-13550
-14751
-15051
-15606
-16325
-17182
-17178
-15304
-14113
-14405
-14640
-14372
-13257
-12033
-10354
-9201
-9645
-10064
-9372
-8187
-7621
-6771
-4749
-2839
-1848
-1159
-988
-894
-523
775
2385
2970
2887
2522
2284
2464
2626
2824
3148
3737
4179
3764
3269
3480
3999
4845
5638
6090
5886
5279
5708
6092
6233
6657
7253
8210
8443
8875
9560
9906
10832
12325
13737
14372
14045
13410
11555
9590
9558
10016
9958
8263
7179
7138
5753
3842
1569
440
430
519
520
-1392
-4327
-6229
-6830
-7262
-8856
-10825
-11743
-12628
-12828
-13216
-14305
-15241
-15432
-13789
-12512
-12562
-12641
-12561
-11483
-10155
-8468
-7506
-7908
-8213
-7485
-6326
-5731
-4891
-3418
-1627
-508
185
340
106
418
1659
3077
3443
3166
2963
2815
2806
2622
2564
2810
3444
3879
3523
2967
2746
2987
3586
4283
4660
4276
3853
4076
4383
4131
4075
4730
5678
6236
6455
7069
7604
8483
10049
11084
11856
11719
10909
9317
7416
7439
8121
8034
6779
5877
5718
4516
2256
236
-851
-974
-319
-351
-1885
-4883
-6811
-6888
-7228
-8407
-10315
-11319
-11693
-11627
-11615
-12612
-13636
-13350
-11578
-10380
-10243
-10349
-10005
-9041
-7594
-5823
-5345
-5980
-6306
-5257
-4227
-3852
-3106
-1776
-60
1274
2165
2161
1712
2086
3436
4651
5042
4822
4647
4492
4378
4265
3945
3997
4500
4823
4316
3444
3216
3472
3947
4373
4387
3895
3702
4076
4257
3860
3626
4300
5083
5484
5744
6175
6584
7465
9006
10250
10738
10495
9594
7490
5767
5832
6563
6141
4498
4155
4031
2716
449
-1635
-2379
-2536
-1800
-1480
-3318
-6198
-7867
-7845
-8114
-9790
-11333
-12267
-12851
-12566
-12566
-13256
-14174
-13728
-11808
-10809
-10550
-10427
-10101
-9255
-7481
-5068
-4307
-5205
-5601
-4663
-3696
-3307
-2377
-787
495
1651
2469
2372
1779
1875
3325
4616
5096
5064
4839
4675
4804
4880
4677
4658
5083
5470
5025
4263
3957
4018
4530
5140
5205
4441
3714
3863
4065
3857
3839
4282
4827
5037
5312
5686
5920
6936
8439
9646
10039
9891
9486
7480
5522
5259
5976
5954
4139
3388
3394
2394
531
-1680
-2597
-2879
-2443
-1494
-2714
-5517
-7596
-7911
-7522
-8718
-10252
-11158
-12027
-11492
-11226
-11685
-12641
-12770
-10844
-9455
-8892
-8577
-8515
-7948
-6608
-4361
-3337
-4103
-4603
-3699
-2657
-2165
-1523
-381
843
1925
3058
2929
2149
1930
3031
4400
4820
4820
4355
3838
3800
3904
3687
3480
3846
4481
4162
3206
2935
2858
3191
3735
4024
3752
2943
2943
2928
2426
2216
2642
3492
3795
3949
4431
4620
5260
6576
7891
8842
8543
8006
6121
4199
4224
4849
4993
3265
2251
2434
1383
-537
-2847
-3829
-3769
-3143
-2415
-3619
-6469
-8423
-8642
-8283
-9196
-10801
-11672
-12401
-11894
-11456
-11741
-12325
-12305
-10320
-8662
-7839
-7384
-7331
-6508
-5091
-2769
-1681
-2227
-2700
-1991
-811
-92
553
1475
2603
3963
5152
5099
4375
4050
4942
6237
6824
6840
6159
5470
5401
5414
5143
4745
5078
5636
5424
4719
4283
4318
4483
5049
5409
5033
4490
4307
4296
3688
3134
3256
3903
4313
4871
5301
5231
5669
6517
8060
8849
8659
8166
5973
4130
3477
3978
4152
2261
1370
1281
265
-1807
-4459
-5748
-5912
-5326
-4157
-5305
-8077
-10386
-11159
-10818
-11958
-13272
-14052
-14950
-14431
-14214
-14407
-15303
-15390
-13018
-11058
-10072
-9540
-9337
-8472
-7008
-4464
-2738
-3293
-3570
-2865
-1688
-1009
-351
1307
2560
3859
5276
5369
4569
3873
4842
6281
6933
7159
6704
5905
5520
5381
5187
4763
4932
5704
5718
5301
4878
4572
4688
5283
6209
6161
5460
5274
5146
4763
4443
4777
5642
5874
6361
6922
7002
7441
8267
9752
10746
10938
10861
9107
6647
5562
5776
6335
5180
3757
3485
2486
765
-1788
-3974
-4636
-4696
-3539
-3976
-6588
-9236
-10792
-10781
-11402
-12905
-13963
-15072
-15199
-14775
-14911
-15386
-15970
-14733
-12583
-11392
-10352
-10047
-9557
-8299
-6223
-3672
-3312
-3744
-3478
-2682
-1685
-977
248
1897
3113
4820
5490
4836
4019
4090
5634
6764
7194
7022
5982
5350
5044
4741
4322
3871
4341
4815
4551
4261
3733
3550
3995
4639
5164
4747
4424
4418
4063
3765
3943
4665
5219
5628
6191
6643
6770
7428
8902
10350
11368
11456
10940
8821
6584
6189
6671
7072
5647
4319
3810
2645
901
-1520
-3390
-4072
-3744
-2873
-3917
-6982
-9647
-10703
-10842
-11671
-13310
-14441
-15874
-16194
-15749
-15734
-16152
-16630
-15010
-12959
-11786
-10985
-10688
-9953
-8374
-5820
-3638
-3317
-3651
-3118
-2133
-1196
-212
1105
2591
3871
5584
6152
5420
4705
5286
6943
7916
8191
7667
6642
6002
5750
5490
4935
4618
4856
4775
4268
3937
3476
3227
3609
4456
4893
4231
3758
3635
3238
3011
3354
4022
4373
4673
5284
5832
6030
7024
8543
9719
10578
10910
10546
8273
6130
5923
6591
6807
5434
4365
3641
2286
486
-1775
-3279
-3930
-3669
-3284
-4626
-7583
-10091
-11175
-11550
-12604
-14182
-15371
-16758
-16979
-16693
-16704
-17111
-17423
-15884
-14189
-13064
-12235
-11708
-10775
-9280
-6809
-4622
-4294
-4784
-4402
-3183
-1862
-649
871
2438
3888
5334
5975
5692
5268
6045
7597
8816
9070
8374
7376
6793
6708
6581
6133
5802
5851
5755
5624
5176
4493
4110
4635
5708
5902
5250
4447
4148
3951
4103
4726
4925
5204
5589
6573
7079
7245
8035
9083
10297
11107
11807
11344
9765
7758
7048
7513
7692
6975
5133
4194
3389
2181
222
-2003
-2960
-3300
-2745
-3482
-5934
-9176
-11074
-11319
-12044
-13630
-15612
-17054
-17883
-17708
-17284
-17515
-18347
-18152
-16394
-14934
-13787
-13155
-12620
-11553
-9675
-7027
-6110
-6652
-6658
-5246
-3857
-2564
-1197
524
1823
2983
4475
4576
4063
4222
5699
7349
7741
7605
6951
6158
5969
6178
6155
5581
5104
5213
5287
5192
4933
4337
4113
4728
5557
5549
4772
4239
4042
4118
4541
5114
5394
5535
6204
7150
7708
8442
9531
10854
11741
12413
12999
12404
10917
9275
8941
9200
9244
8284
6705
5963
5204
4058
1800
-295
-1173
-1334
-1307
-2674
-5226
-8061
-9603
-10310
-11387
-13399
-15419
-16824
-17365
-16871
-17000
-17801
-18670
-18141
-16602
-15535
-14530
-13998
-13461
-12475
-10515
-8554
-8208
-8445
-8022
-6765
-5658
-4358
-2798
-1396
-259
1267
2549
2849
2704
3241
4614
5716
6256
6201
5611
5223
5358
5591
5234
4619
4648
4893
5311
5527
5179
4566
4446
5471
6156
5880
5256
4864
4903
5045
5598
6133
6145
6320
6911
7648
8158
8990
10170
11311
12191
13176
13860
13229
11880
10138
9599
10012
10382
9693
7727
6805
6432
5386
3096
800
-105
-450
-479
-1366
-3555
-6628
-8595
-9321
-10232
-12340
-14397
-15640
-16328
-16177
-16244
-16695
-17586
-17691
-16284
-15103
-14037
-13551
-13096
-12212
-10640
-8473
-7756
-8226
-8140
-7026
-5949
-4736
-3507
-1811
-740
504
2046
2289
2080
2125
3462
4751
5121
5427
5215
4956
4960
4936
4622
3913
3660
4164
4356
4578
4454
3740
3562
3933
4908
4834
3879
3601
3577
3918
4243
4733
4975
4889
5419
6344
7052
7751
8819
10038
11132
12105
13041
13010
12194
10845
9905
9818
10210
10433
9082
7606
7046
6539
5155
2715
1286
690
239
29
-1203
-3407
-6214
-8002
-8558
-9873
-11905
-13577
-15048
-15421
-15456
-15400
-15931
-16990
-16582
-15358
-14201
-13244
-12900
-12421
-11709
-10087
-8312
-7958
-8518
-8605
-7658
-6413
-5081
-3902
-2896
-1957
-634
537
819
640
1030
2192
3235
3861
3986
3649
3339
3381
3541
3241
2782
2660
3109
3640
3891
3691
3083
3128
3972
4749
4616
4091
3899
4080
4650
5198
5725
5482
5684
6633
7702
8720
9355
10543
11847
12909
13931
14706
14755
14266
13012
12075
12087
12259
12299
10473
9170
8717
7753
6409
3947
2700
1785
1098
860
-679
-3199
-5963
-7610
-8425
-10090
-12251
-13885
-15547
-16137
-16233
-16409
-16967
-18077
-17592
-16716
-15868
-14863
-14593
-14165
-13753
-12199
-10611
-10532
-10950
-10817
-10151
-9268
-8100
-6775
-5718
-5001
-3377
-1925
-1537
-1487
-1122
181
1124
1984
2660
2374
2174
2117
2267
2191
1795
2058
2580
3012
3640
3572
3258
3439
3996
4884
4761
4587
4657
4639
5241
5731
6264
6389
6902
8177
9117
10034
10975
12163
13549
14739
16112
16812
16703
16588
15500
14389
13956
14178
14347
12441
11379
11038
9980
8149
5616
4702
3564
2697
2489
1141
-1508
-4550
-6064
-6847
-8896
-11132
-12723
-14330
-14898
-15048
-14958
-15883
-17240
-16637
-15713
-14783
-14142
-14041
-13858
-13759
-11897
-10106
-10153
-11109
-11276
-10544
-9892
-8989
-7560
-6428
-5809
-4375
-2756
-2100
-2414
-2232
-1110
-74
880
1596
1535
1049
746
982
953
624
537
798
1275
1882
2072
1670
1453
1920
2745
2802
2486
2436
2550
3127
3834
4664
4987
5363
6384
7521
8524
9717
10860
12140
13630
15010
16341
16272
16255
16102
14798
14144
13804
14553
14074
12187
11819
11195
10076
8067
6144
5297
4002
3164
2860
933
-1675
-4399
-5877
-6756
-9054
-10871
-12579
-14197
-14353
-14483
-14178
-15278
-16400
-15924
-15443
-14534
-13850
-13557
-13466
-13217
-11582
-10038
-10412
-11219
-11230
-10294
-9045
-7841
-6352
-5529
-5184
-3737
-2111
-1135
-1245
-1260
-207
757
1665
2070
1785
1435
1212
1440
1637
1390
1179
1253
1621
2265
2284
2055
1935
2319
2908
2856
2842
2863
3040
3546
4167
4984
5460
6088
7122
8298
9477
10750
12034
13416
14593
15720
16617
16960
17271
16994
15991
14859
14646
15148
14550
12834
11723
11204
10123
8389
6507
5258
3604
2539
1939
277
-2332
-5111
-6514
-7876
-10005
-11921
-13662
-15204
-15984
-15968
-15811
-16904
-18024
-17866
-17310
-16605
-15734
-15232
-15080
-15196
-13646
-12056
-11898
-12214
-11998
-10882
-9883
-8622
-7023
-6172
-5666
-4311
-2484
-1469
-1541
-1263
-426
401
1147
1773
1800
1364
1139
1465
1726
1384
893
802
1233
1873
2142
1948
1599
1624
2197
2770
3059
2883
2742
3376
4617
5706
6315
6905
8014
9496
10679
11946
13059
14226
15588
16913
18270
18764
19000
19166
19021
17962
16960
16691
16671
16278
14678
13833
12832
11568
9720
7368
5923
4205
3117
2054
61
-2449
-5205
-7067
-8563
-10703
-12794
-14619
-16251
-16879
-17366
-17683
-18390
-19455
-19556
-19640
-18932
-17968
-17590
-17589
-17525
-16135
-14621
-13956
-13861
-13587
-12936
-11887
-10321
-8528
-7645
-7057
-5930
-4483
-3253
-3026
-2613
-2118
-1532
-732
-255
6
-167
-254
-111
-210
-330
-517
-648
-458
-135
293
473
632
1108
1614
2165
2703
3187
3711
4427
5530
6741
7618
8642
9918
11213
12364
13474
14693
15968
17513
18921
20049
20457
20786
21441
21625
21718
20457
19354
18742
18397
18395
16407
14830
13385
11978
10471
7941
6231
4357
2428
1231
-621
-2966
-5753
-8328
-9639
-11497
-13342
-14915
-17152
-18006
-18594
-18420
-18650
-20135
-20449
-20657
-19665
-18232
-17688
-17614
-17955
-16875
-14946
-13865
-13585
-13437
-12928
-11811
-10219
-8537
-7632
-7587
-6894
-5538
-4119
-3471
-3344
-3201
-3042
-2483
-1692
-1260
-1543
-2181
-2322
-2111
-1870
-1937
-2169
-2140
-1588
-748
-135
243
519
1133
1965
2878
3811
4505
5339
6327
7511
8793
9952
11338
12601
13747
15005
16285
17612
18707
19675
20651
21271
21626
21994
22039
22078
21200
19769
18860
18061
17946
16388
14339
13150
11682
10350
7816
5643
3944
1582
181
-1361
-3297
-5982
-8776
-10077
-11285
-13346
-15002
-16785
-17726
-18132
-18315
-17774
-18806
-19559
-19590
-19097
-17575
-16968
-16544
-16492
-16257
-14613
-13190
-12493
-12340
-12201
-11455
-10118
-8819
-7476
-7263
-7182
-6323
-5199
-4052
-3879
-3987
-3863
-3721
-3079
-2562
-2527
-2799
-3185
-2875
-2269
-2007
-2031
-2123
-1647
-748
108
963
1501
2032
2786
3836
5180
6034
6698
7610
8761
10200
11309
12553
13780
14698
15809
16933
18182
19053
19697
20576
21087
21565
21579
21740
21525
21149
20473
18870
17731
16531
16153
14786
12565
11183
9514
7995
5461
3398
1906
-236
-1858
-3217
-4776
-7118
-9529
-11037
-11985
-13871
-15120
-16562
-17733
-18300
-18709
-18051
-18884
-19687
-19856
-19686
-18430
-17731
-16965
-16859
-16962
-15667
-14111
-13039
-12782
-12769
-12246
-11285
-10141
-8604
-8198
-8128
-7848
-6817
-5410
-5063
-4879
-4699
-4281
-3487
-2626
-1796
-1614
-1860
-1472
-635
115
464
737
1376
2198
3122
4341
5194
5697
6333
7492
9073
10043
10760
11573
12463
13603
14545
15526
16313
16783
17551
18297
19007
19397
19550
20102
20396
20531
20463
19913
19661
18969
18515
17683
15417
13828
12376
11943
10705
8172
6891
5092
3533
1469
-553
-1605
-3730
-5224
-6252
-7636
-9327
-11509
-12977
-13760
-15451
-16445
-17757
-19058
-19461
-20174
-19556
-20011
-20648
-20623
-20773
-19639
-18748
-17936
-17412
-17649
-16544
-15155
-14057
-13572
-13473
-12967
-12258
-11488
-9904
-8910
-8564
-8397
-7554
-5827
-4909
-4226
-3666
-2892
-2191
-1369
-109
804
1080
1248
1879
2837
3452
4013
4739
5416
6186
7126
8343
9355
9990
10822
11891
12863
13609
14257
14953
15508
15868
16489
17032
17300
17502
17729
17989
17803
17697
17939
18075
17897
17505
17248
16766
16035
15333
14874
13946
12000
10318
9146
8574
7360
5483
4075
2499
1124
-243
-1720
-2885
-4816
-6233
-7156
-8263
-9552
-11421
-12948
-14004
-15323
-16313
-17505
-18871
-19405
-20128
-19972
-20234
-20685
-20810
-21168
-20526
-19555
-18998
-18592
-18641
-17800
-16645
-15748
-14933
-14606
-14342
-13788
-12832
-11221
-10087
-9539
-8903
-8087
-6411
-5047
-3809
-2988
-2400
-1499
-345
1218
2562
3175
3488
3994
5050
6224
7086
7825
8313
8905
9862
11049
12227
12736
13035
13567
14222
15095
15686
15999
16025
15886
16180
16470
16546
16303
15928
15809
15727
15725
15612
15230
14799
14444
14275
13977
13377
12613
11860
11048
10278
9537
8114
6822
5320
4678
3920
2342
1309
-110
-801
-2130
-3624
-4346
-5730
-6626
-7881
-8777
-9767
-11381
-12664
-13443
-14355
-15322
-16417
-17503
-17821
-18586
-18313
-18498
-18949
-19091
-19398
-18409
-17835
-17422
-16925
-16755
-15972
-15212
-14191
-13304
-12826
-12422
-11369
-10376
-9010
-7981
-7119
-6011
-5254
-3609
-2231
-914
100
1043
2328
3336
4531
5759
6669
7256
7830
8660
9599
10088
10564
11119
11452
11927
12254
12799
13113
12956
13113
13086
13267
13356
13190
13044
12528
12212
11993
11647
11292
10672
10142
9685
9174
8877
8371
7857
7246
6736
6392
6043
5549
5000
4414
3922
3419
2878
2581
1560
744
-76
-318
-319
-1274
-1685
-2518
-2902
-3402
-4180
-4335
-5233
-5795
-6421
-6854
-7516
-8586
-9486
-10152
-10723
-11516
-12105
-13115
-13579
-14231
-14304
-14264
-14639
-14733
-15236
-14857
-14288
-13597
-13081
-13067
-12582
-11902
-10769
-9803
-9014
-8553
-7896
-6882
-5424
-3856
-2815
-1788
-1092
316
1832
3420
4739
5445
6286
7160
8438
9724
10640
11069
11341
11763
12461
13033
13202
13237
13028
13053
13178
13226
13173
12560
12053
11615
11295
10871
10148
9515
8685
7932
7230
6627
6000
5161
4333
3676
3079
2513
1864
1347
872
394
136
-250
-550
-793
-931
-1030
-1258
-1394
-1304
-1372
-1369
-1293
-1519
-1571
-1923
-1739
-1642
-1949
-1963
-2469
-2439
-2894
-3209
-3423
-4079
-4335
-5076
-5371
-6056
-6735
-7374
-7937
-8521
-9129
-9816
-10485
-10786
-11319
-11152
-11415
-11486
-11531
-11637
-10851
-10451
-9687
-9081
-8631
-7744
-6978
-5723
-4612
-3813
-3120
-2229
-1151
359
1504
2666
3439
3977
5099
6125
7536
8316
8754
9206
9575
10361
11005
11348
11281
10885
10679
10705
10632
10420
9780
8943
8215
7621
7373
6919
6076
5148
4192
3667
3190
2666
2040
1113
331
-223
-476
-587
-1034
-1570
-2025
-2221
-2090
-2015
-1985
-2232
-2360
-2240
-2008
-1717
-1675
-1684
-1735
-1675
-1421
-1077
-991
-1042
-989
-850
-630
-603
-455
-507
-701
-842
-811
-742
-1005
-1261
-1624
-1842
-2199
-2476
-2593
-2957
-3261
-3593
-3643
-3778
-3930
-4063
-4133
-4096
-4157
-4106
-4071
-3935
-3814
-3607
-3307
-3027
-2717
-2465
-2033
-1616
-1151
-655
-199
272
641
1129
1616
2087
2316
2493
2622
2794
3083
3217
3323
3172
3057
3007
3009
2997
2800
2539
2217
2073
1957
1847
1614
1199
800
427
249
41
-196
-522
-842
-1029
-1082
-1071
-1135
-1263
-1366
-1281
-1215
-1108
-944
-913
-850
-796
-675
-440
-412
-359
-377
-352
-212
-175
-139
-214
-252
-320
-372
-408
-465
-462
-632
-823
-931
-1009
-1049
-1121
-1241
-1276
-1277
-1236
-1029
-905
-756
-639
-456
-113
146
467
765
1029
1262
1578
2066
2511
2847
3110
3377
3715
4077
4383
4657
4807
4857
4934
5006
5020
4869
4587
4243
3929
3516
3028
2538
1917
1331
704
179
-362
-1005
-1592
-2108
-2547
-3014
-3394
-3815
-4196
-4565
-4812
-4947
-5193
-5419
-5601
-5610
-5592
-5490
-5389
-5327
-5239
-5027
-4655
-4238
-3825
-3490
-3116
-2707
-2220
-1704
-1278
-926
-637
-330
15
360
562
734
837
885
1064
1203
1284
1305
1238
1242
1235
1213
1242
1107
971
781
666
646
560
475
349
227
132
143
82
5
-7
25
101
180
340
414
478
554
674
891
1009
1143
1226
1276
1443
1530
1653
1847
1905
2080
2155
2306
2544
2618
2687
2725
2862
2966
2956
2977
2951
2844
2765
2709
2667
2499
2283
2153
2027
1903
1744
1551
1387
1251
1097
948
793
563
388
178
-23
-176
-369
-598
-831
-1047
-1199
-1294
-1459
-1625
-1776
-1884
-1880
-1926
-1976
-2070
-2166
-2162
-2172
-2167
-2160
-2216
-2276
-2281
-2252
-2247
-2290
-2258
-2215
-2136
-2044
-1965
-1856
-1811
-1744
-1697
-1631
-1554
-1536
-1491
-1460
-1429
-1321
-1198
-1119
-1080
-1012
-900
-791
-684
-612
-480
-385
-323
-235
-171
-175
-207
-145
-57
15
24
8
26
17
70
103
158
277
321
355
424
489
566
620
635
698
729
746
772
823
835
804
836
847
861
878
872
890
898
925
959
951
942
974
977
948
936
926
934
925
902
888
878
845
845
855
801
784
779
783
731
657
637
613
597
504
431
424
381
351
333
289
297
277
257
258
181
168
148
118
129
51
1
-33
-82
-134
-240
-284
-360
-450
-447
-504
-601
-649
-777
-829
-862
-965
-1061
-1123
-1254
-1337
-1467
-1594
-1465
-1915
-1760
-2218
-2626
-1469
-1626
-2229
-1927
-2114
-2302
-1942
-2613
-1960
-1083
-2157
-2516
-1531
-1326
-1738
-1179
-1327
-1325
-830
-1331
-842
68
-149
-366
-16
23
186
958
521
346
1026
1222
1657
1473
1466
1921
1505
1555
2256
2180
2390
2471
1906
2903
2462
2102
3021
2657
2112
1761
1866
2157
2650
2377
2104
2199
1928
1686
1520
1734
1661
1672
2036
1702
1551
1430
923
1017
959
693
1014
1159
967
916
550
373
472
354
409
263
284
297
36
-162
-498
-569
-706
-823
-936
-866
-1121
-1280
-1537
-2077
-2094
-2249
-2264
-2255
-2312
-2454
-2477
-3110
-3388
-3277
-3351
-3363
-3399
-3451
-3478
-3764
-4251
-4160
-4058
-3844
-3725
-3358
-3250
-3288
-3351
-3203
-2743
-2432
-2173
-1924
-1534
-1395
-1292
-869
-505
-309
-31
181
744
1282
1396
1528
1732
1895
2245
2801
3245
3485
3506
3370
3488
3873
4051
4188
4344
4292
4249
4245
4447
4561
4497
4291
4183
4564
4702
4506
4395
4240
3848
3926
3790
3904
3994
3350
3121
3056
2895
2864
2642
2102
2081
1880
1608
1697
1309
1111
784
403
292
105
-229
-555
-951
-918
-1141
-1794
-1970
-2760
-2662
-2505
-2572
-2128
-2765
-3853
-4509
-4055
-3144
-3023
-3760
-5183
-5726
-5924
-5900
-4365
-4138
-4951
-6271
-7698
-6543
-5330
-4824
-4365
-5476
-6384
-6598
-6187
-4134
-3806
-4704
-5581
-5754
-4335
-3101
-2853
-3038
-3602
-4204
-3562
-2169
-700
-462
-1521
-2535
-1932
-771
188
681
90
-623
-1059
-196
1185
1713
1241
-52
-318
659
1430
2245
2417
1648
1019
1071
1922
3221
3477
2539
2024
2110
2784
3450
3612
3376
2762
2495
2931
3777
4424
3983
2948
2816
3423
4329
5180
4872
4354
3789
3555
4309
5011
5248
4606
3829
3837
4177
4609
4799
4172
3401
2863
3002
3759
4392
3743
2883
2417
2002
2561
2797
2810
2524
1638
1059
1356
1777
1692
1354
431
458
632
495
954
677
507
287
-67
312
1061
605
93
-141
-112
664
321
-65
-515
-1008
-1682
-1513
-611
-644
-1272
-2627
-3745
-3453
-3689
-3169
-2724
-3435
-4658
-6075
-5843
-5482
-5354
-5596
-6605
-7025
-7067
-7596
-6599
-6514
-7285
-7768
-8671
-7905
-6785
-6274
-6387
-6712
-6709
-6716
-6154
-4933
-4185
-4085
-4218
-4395
-3219
-2399
-2240
-1600
-1140
-820
-489
216
912
1463
1127
1138
2096
2931
3382
3327
3140
3269
3258
3522
4395
4914
4880
4490
4209
4581
5014
5157
5462
5647
5657
5535
5539
5869
5955
5856
5838
6283
6701
6641
6354
6039
5997
5991
6070
6555
6649
6291
5444
4874
4910
4669
4901
4828
4838
4297
3296
2654
2407
2160
1714
1566
1095
1349
131
-672
-1159
-1853
-1931
-2356
-2419
-1728
-2239
-3824
-4135
-4938
-4442
-4355
-4680
-3594
-3983
-5385
-5745
-5987
-4479
-4141
-4631
-4204
-4550
-4834
-5070
-4653
-3498
-3413
-4790
-4530
-4792
-3540
-3511
-3908
-3147
-4187
-4244
-4363
-3302
-2422
-2570
-3893
-4466
-4286
-3981
-3374
-3015
-2343
-3203
-3954
-4650
-4057
-2401
-2282
-1679
-1565
-1490
-2015
-2192
-1344
-309
632
503
1039
1658
1625
1543
1806
2476
3199
3371
3867
4945
5221
4969
4445
4475
5182
5396
5788
6274
6521
5862
4860
4714
5126
5599
5128
4784
4757
4348
4023
3612
3712
3417
2657
2278
2382
2898
2475
1579
841
379
130
313
578
694
-116
-1429
-1927
-1662
-1069
-1336
-1816
-2217
-2473
-2563
-2289
-1948
-2012
-2881
-3759
-3384
-2529
-1778
-2254
-2869
-3507
-3603
-3288
-2307
-1485
-2010
-2938
-3910
-2753
-1851
-1070
-1331
-2130
-2475
-2712
-1847
-231
548
-389
-819
-1368
-315
723
603
1072
924
640
998
1627
2138
2349
1365
1133
1996
2967
3620
2936
2076
1597
1980
2985
3699
3868
2719
1077
952
1588
2982
3453
2419
1142
88
-228
288
1222
1329
675
-536
-998
-987
-611
-875
-1293
-1386
-1718
-1620
-1655
-1409
-1828
-2670
-2839
-2845
-2215
-2134
-2491
-2409
-2606
-2766
-2841
-2629
-2515
-2536
-2638
-2282
-2019
-2210
-2499
-2856
-2474
-2227
-2083
-1768
-1905
-2000
-2120
-2098
-1513
-1250
-1336
-1358
-1270
-657
-227
-288
-180
-228
-81
229
646
1425
1547
1314
1054
1129
1830
2264
2760
2964
2654
2679
2621
3052
3496
3553
3576
3620
3664
3665
3885
3899
3996
3796
3367
3469
3624
3496
3400
3201
2993
2852
2317
2099
2355
2071
2098
1779
1317
1335
599
439
530
334
99
-132
-701
-713
-868
-1389
-1319
-1668
-1603
-2156
-2058
-2297
-2787
-2647
-3218
-2669
-2334
-2677
-2712
-2900
-3526
-3351
-3208
-2961
-2210
-2554
-2715
-3051
-3219
-2796
-2547
-2223
-1923
-1814
-1770
-1902
-1916
-1700
-1413
-1162
-904
-248
-479
-428
-524
-360
201
456
786
876
967
535
945
1365
1934
1922
1656
1799
1915
2464
2481
2729
2823
2637
2341
2527
3140
3489
3391
2680
2345
2418
2574
2870
3000
2730
2017
1367
1347
1943
2041
1491
1041
463
236
198
34
297
4
-841
-1262
-1435
-1198
-1348
-1759
-2205
-2581
-2512
-2658
-2572
-2517
-2978
-3506
-3718
-3600
-3225
-3046
-3408
-3570
-3717
-3840
-3880
-3582
-3308
-3350
-3376
-3471
-3118
-2928
-2982
-3020
-2925
-2802
-2461
-2023
-1744
-1696
-1989
-1859
-1648
-1020
-644
-248
178
147
125
228
635
1136
1553
1727
2430
2656
2758
2738
2978
3639
3980
4400
4670
5012
5127
5123
5227
5787
5991
5934
5918
5910
6388
6622
6196
5991
5599
5419
5629
5529
6160
5803
4759
3797
3293
3383
3746
3593
3081
2733
1320
804
422
152
158
-534
-849
-1115
-1484
-2133
-2706
-3507
-3634
-3695
-3894
-3415
-4095
-4616
-5148
-5563
-5131
-4905
-5143
-5191
-5282
-5804
-5472
-5608
-5316
-5324
-5863
-5656
-5357
-4932
-4981
-5132
-5196
-5043
-4779
-4393
-4166
-3952
-4110
-4184
-3823
-3601
-3186
-2889
-2889
-2739
-2343
-2014
-1689
-1557
-1409
-1021
-409
107
627
1146
1009
973
1333
2090
2842
3227
3221
3261
3415
3749
4426
4857
4998
4823
4791
4972
5448
5646
5845
5888
5389
5135
5124
5318
5486
5286
4582
4385
4082
3734
3691
3439
3036
2456
1961
1602
1500
1105
526
122
-226
-697
-995
-1310
-1584
-1934
-2610
-2871
-3024
-2850
-2908
-3468
-3628
-3868
-4114
-4086
-3898
-3744
-3695
-4128
-4084
-3775
-3770
-3681
-3648
-3220
-3214
-3168
-2763
-2229
-2227
-2671
-2590
-2146
-1328
-1068
-1094
-846
-965
-1296
-1064
-427
281
648
11
-224
320
878
1320
1360
1382
1416
1478
1629
2258
2892
2924
2554
2446
2665
3222
3759
3984
3966
3706
3700
3851
4369
4589
4459
4360
4204
4238
4266
4103
3913
3856
3505
3462
3566
3302
2793
2003
1637
1857
1759
1361
1102
299
-340
-839
-981
-650
-991
-1788
-2225
-2725
-2970
-2922
-3167
-3187
-3696
-4041
-4085
-4055
-4127
-4294
-4536
-4697
-4570
-4500
-4101
-4228
-4447
-4604
-4616
-4311
-3877
-3511
-3550
-3469
-3582
-3456
-3304
-3030
-2700
-2474
-2270
-2274
-1936
-1758
-1729
-1609
-1148
-725
-428
-312
-153
78
165
431
687
1065
1275
1298
1481
1806
1931
2162
2458
2490
2662
2938
3168
3324
3430
3327
3278
3417
3678
3820
3878
3616
3150
3211
3178
3088
3263
3278
2903
2531
2084
1805
1929
1842
1533
1242
999
507
205
-33
-234
-312
-347
-486
-740
-891
-1259
-1535
-1663
-1736
-1704
-1512
-1443
-1663
-1731
-1882
-2102
-1955
-1593
-1305
-996
-789
-888
-967
-1065
-1019
-737
-297
52
330
446
170
-85
37
422
582
863
994
883
779
660
772
895
1005
1030
1063
1186
1039
843
922
1010
838
1063
1135
1233
1516
1204
954
1010
1034
1190
1465
1519
1523
1273
1016
945
1058
1241
1338
1371
1270
860
632
707
726
783
580
381
299
52
-322
-519
-696
-742
-869
-1177
-1062
-1248
-1658
-2022
-2466
-2382
-2353
-2520
-2547
-2643
-3027
-3311
-3485
-3414
-3234
-3287
-3390
-3502
-3467
-3531
-3262
-3158
-3246
-3232
-3131
-2901
-2775
-2642
-2435
-2248
-2279
-2228
-2057
-1672
-1556
-1548
-1441
-1305
-1024
-768
-510
-421
-338
-270
-79
120
385
625
662
611
711
974
1280
1427
1441
1673
1734
1770
1959
2291
2544
2565
2668
2952
3206
3306
3288
3392
3596
3684
3970
4284
4361
4283
4203
4273
4469
4612
4674
4676
4446
4279
4311
4268
4157
3966
3645
3427
3237
2927
2924
2707
2214
1876
1504
1318
1134
780
417
91
-294
-570
-725
-1032
-1459
-1907
-2084
-2100
-2239
-2405
-2549
-2814
-3274
-3543
-3558
-3269
-3221
-3529
-3695
-3868
-4073
-4276
-4236
-4088
-3983
-4007
-4100
-4062
-4075
-4195
-4223
-4140
-3978
-3812
-3768
-3680
-3712
-3652
-3526
-3530
-3384
-3129
-2890
-2634
-2523
-2445
-2113
-1910
-1844
-1563
-1078
-621
-319
-237
42
398
625
905
1336
1920
2142
2303
2556
2843
3117
3329
3582
3859
4192
4254
4488
4592
4560
4632
4600
4762
4843
4790
4668
4511
4206
4049
3879
3693
3636
3352
3054
2836
2549
2178
1855
1495
1261
1133
874
567
227
-223
-577
-750
-910
-971
-1201
-1515
-1650
-1920
-2103
-2127
-2313
-2446
-2521
-2742
-2770
-2753
-2951
-3072
-3192
-3397
-3357
-3133
-3216
-3247
-3379
-3610
-3494
-3499
-3369
-3241
-3272
-3252
-3413
-3301
-3064
-2960
-2809
-2669
-2508
-2299
-1994
-1834
-1554
-1232
-1104
-782
-362
-35
276
587
766
1077
1442
1870
2317
2654
2972
3273
3566
3805
4015
4223
4517
4638
4779
5076
5174
5202
5187
5052
4960
5003
4959
4942
4878
4587
4320
4053
3801
3515
3283
3043
2724
2423
2017
1583
1210
847
533
274
-24
-326
-740
-1232
-1622
-1947
-2063
-2173
-2516
-2812
-3118
-3429
-3637
-3802
-3883
-3895
-3997
-4273
-4381
-4379
-4481
-4614
-4636
-4574
-4474
-4475
-4487
-4358
-4299
-4339
-4357
-4089
-3806
-3717
-3631
-3422
-3179
-2993
-2805
-2600
-2260
-2054
-1871
-1529
-1147
-834
-562
-278
-34
341
657
1076
1420
1734
2082
2361
2709
2976
3298
3494
3685
3938
4203
4516
4670
4692
4736
4738
4763
4875
4962
4984
4897
4712
4525
4418
4254
4122
3945
3665
3385
3054
2757
2422
2003
1625
1341
1025
700
388
8
-404
-831
-1137
-1409
-1612
-1895
-2290
-2534
-2834
-3105
-3266
-3377
-3529
-3651
-3846
-4026
-3988
-4012
-4064
-4086
-4074
-4026
-3960
-3918
-3820
-3679
-3604
-3490
-3268
-2996
-2805
-2632
-2495
-2221
-1983
-1745
-1411
-1094
-755
-533
-289
5
378
666
936
1227
1531
1816
2080
2411
2693
2987
3107
3272
3596
3843
4048
4191
4315
4377
4422
4424
4515
4693
4697
4652
4600
4506
4382
4248
4079
3969
3833
3587
3336
3054
2763
2392
2017
1732
1441
1171
798
357
-111
-544
-952
-1350
-1687
-2099
-2452
-2806
-3179
-3574
-3949
-4294
-4567
-4818
-5097
-5298
-5485
-5677
-5894
-6048
-6144
-6167
-6177
-6191
-6153
-6102
-5992
-5883
-5723
-5546
-5412
-5178
-4884
-4539
-4221
-3927
-3666
-3351
-2980
-2567
-2066
-1614
-1234
-964
-624
-197
289
810
1281
1679
1974
2320
2700
3135
3499
3765
4089
4405
4712
5030
5324
5500
5615
5675
5796
6004
6123
6209
6230
6137
6059
6019
5975
5920
5788
5591
5418
5227
5018
4811
4505
4148
3835
3552
3250
2912
2544
2195
1814
1399
1019
685
314
-119
-526
-862
-1168
-1500
-1774
-2086
-2433
-2798
-3106
-3270
-3461
-3692
-3929
-4106
-4275
-4457
-4574
-4628
-4665
-4730
-4779
-4784
-4717
-4729
-4712
-4638
-4556
-4402
-4257
-4072
-3891
-3745
-3605
-3435
-3183
-2895
-2619
-2421
-2165
-1866
-1600
-1315
-1087
-847
-596
-334
-47
303
609
815
990
1180
1420
1649
1876
2064
2268
2403
2510
2685
2852
2982
3013
3038
3150
3243
3267
3273
3262
3235
3162
3073
3022
2981
2852
2702
2577
2440
2242
2032
1852
1687
1503
1230
993
769
535
308
67
-150
-386
-629
-835
-1028
-1227
-1443
-1639
-1787
-1942
-2088
-2221
-2329
-2406
-2482
-2547
-2576
-2583
-2615
-2622
-2596
-2555
-2458
-2351
-2274
-2166
-2060
-1941
-1812
-1658
-1472
-1272
-1075
-887
-696
-528
-389
-244
2
255
480
637
808
976
1111
1269
1431
1616
1757
1847
1928
2040
2112
2178
2247
2302
2346
2361
2378
2372
2347
2300
2231
2164
2096
2018
1942
1864
1792
1661
1516
1360
1201
1105
991
870
733
572
396
245
85
-99
-278
-447
-571
-668
-759
-911
-1078
-1243
-1407
-1522
-1574
-1595
-1657
-1760
-1861
-1938
-1981
-2010
-2013
-1992
-2001
-2007
-1988
-1961
-1935
-1901
-1825
-1717
-1624
-1515
-1423
-1336
-1237
-1144
-989
-828
-665
-537
-434
-320
-210
-90
27
165
324
468
559
613
691
784
892
1014
1112
1156
1166
1172
1198
1258
1297
1283
1264
1250
1233
1207
1172
1144
1111
1063
1000
976
931
857
776
697
666
606
532
474
419
358
286
211
135
92
33
-15
-50
-94
-145
-199
-236
-256
-296
-331
-347
-342
-350
-413
-455
-476
-486
-504
-498
-476
-455
-478
-539
-541
-518
-488
-478
-498
-500
-491
-477
-444
-414
-415
-410
-398
-369
-308
-284
-284
-284
-265
-247
-234
-192
-169
-142
-132
-117
-66
-26
-16
-27
3
48
96
126
148
170
164
167
180
210
246
260
260
274
280
276
283
291
321
350
355
346
347
349
349
367
382
391
404
404
417
432
434
436
444
460
469
471
461
446
451
450
445
448
434
416
395
376
371
365
321
264
229
209
195
156
123
78
16
-46
-98
-121
-154
-204
-271
-304
-330
-374
-415
-457
-485
-519
-558
-589
-615
-640
-674
-706
-718
-727
-728
-726
-716
-704
-699
-702
-698
-689
-676
-658
-637
-613
-593
-554
-511
-473
-442
-413
-371
-314
-254
-210
-175
-151
-120
-71
-15
34
68
100
137
184
239
283
316
333
377
419
460
497
507
540
550
556
567
569
577
587
606
619
623
601
572
551
553
564
563
535
494
459
428
411
390
378
343
299
254
208
170
119
84
45
23
-22
-77
-125
-167
-191
-234
-272
-318
-348
-375
-410
-447
-489
-515
-543
-551
-562
-578
-589
-614
-625
-625
-610
-595
-575
-564
-564
-544
-522
-492
-468
-448
-411
-360
-299
-250
-211
-183
-161
-116
-55
9
65
115
156
197
234
267
321
385
448
494
532
556
579
602
624
653
679
703
715
718
718
719
720
717
716
712
704
676
631
588
554
525
503
474
431
381
325
266
204
153
89
41
0
-52
-102
-163
-225
-290
-344
-378
-418
-465
-524
-586
-631
-663
-707
-750
-787
-822
-834
-835
-841
-853
-863
-883
-884
-869
-852
-833
-814
-785
-760
-729
-697
-659
-627
-593
-540
-469
-411
-356
-311
-266
-201
-148
-87
-33
30
104
178
241
276
315
363
438
518
568
610
641
670
711
750
778
808
834
854
875
886
889
888
884
885
893
895
883
859
828
791
767
742
711
668
613
575
536
489
427
367
311
258
195
131
72
11
-44
-104
-160
-225
-285
-343
-386
-420
-467
-513
-562
-593
-620
-643
-675
-711
-738
-755
-759
-758
-761
-766
-770
-769
-751
-738
-723
-706
-687
-666
-639
-597
-568
-545
-524
-486
-431
-369
-319
-290
-265
-229
-170
-114
-63
-29
14
73
119
159
184
214
254
296
345
385
413
438
465
486
509
536
563
584
591
599
604
610
607
595
582
582
596
592
570
544
529
521
505
471
426
390
364
347
318
269
216
177
142
107
66
25
-21
-65
-104
-135
-164
-205
-248
-292
-323
-339
-358
-383
-408
-435
-442
-438
-447
-465
-493
-501
-486
-470
-463
-456
-449
-444
-432
-411
-387
-362
-342
-315
-278
-243
-211
-187
-156
-123
-79
-37
-4
26
56
93
125
148
168
191
222
269
307
322
329
333
352
374
397
410
413
411
413
418
409
397
390
394
396
392
385
360
328
290
272
272
265
243
196
153
121
99
75
51
27
2
-24
-67
-104
-143
-180
-206
-228
-252
-281
-314
-346
-368
-388
-408
-426
-448
-466
-477
-472
-475
-488
-497
-499
-479
-458
-448
-449
-449
-427
-403
-374
-355
-336
-313
-281
-237
-199
-167
-142
-115
-79
-42
1
41
67
83
111
144
186
217
232
254
277
309
327
335
340
354
385
404
411
406
412
422
427
424
407
395
398
391
377
359
338
316
286
262
249
236
210
175
148
124
107
84
52
11
-23
-33
-42
-61
-102
-136
-155
-163
-179
-208
-239
-264
-278
-287
-290
-300
-311
-324
-330
-325
-325
-325
-326
-326
-320
-304
-284
-274
-269
-266
-244
-211
-186
-168
-157
-136
-102
-65
-34
-16
2
31
63
91
106
120
142
173
196
212
226
236
243
249
257
278
291
298
293
288
291
290
277
265
259
261
259
241
216
187
174
165
141
111
83
70
54
27
2
-27
-57
-90
-119
-129
-136
-155
-179
-205
-229
-239
-249
-266
-289
-315
-316
-312
-325
-348
-363
-355
-347
-353
-370
-373
-356
-334
-323
-317
-310
-293
-273
-258
-241
-216
-182
-164
-158
-147
-116
-76
-50
-43
-27
12
69
105
111
118
146
198
232
244
249
268
316
349
358
366
382
403
416
416
416
430
443
434
418
402
404
417
401
370
353
354
358
331
286
256
253
249
215
164
124
114
111
86
39
1
-14
-25
-52
-91
-116
-126
-136
-156
-187
-203
-208
-224
-252
-280
-286
-271
-272
-292
-322
-325
-299
-286
-304
-326
-321
-295
-282
-294
-307
-296
-267
-253
-257
-260
-246
-214
-194
-186
-173
-145
-117
-110
-111
-102
-71
-42
-32
-32
-18
20
55
68
63
76
107
137
143
140
158
190
215
211
204
213
232
240
233
229
243
261
256
231
216
228
242
239
210
190
195
208
200
163
137
134
138
119
75
50
54
63
37
-10
-34
-25
-15
-42
-89
-104
-84
-70
-96
-139
-156
-134
-115
-135
-163
-164
-133
-115
-142
-181
-181
-146
-120
-139
-172
-165
-119
-90
-112
-148
-139
-88
-56
-74
-100
-80
-25
6
-19
-47
-25
22
47
27
5
35
94
123
101
83
104
157
178
155
143
168
215
216
181
162
189
233
226
179
148
175
211
202
158
134
150
174
152
102
82
96
111
80
25
-7
-2
8
-26
-76
-102
-93
-89
-128
-182
-204
-185
-176
-212
-255
-264
-243
-238
-276
-314
-311
-275
-267
-302
-326
-308
-265
-251
-268
-283
-256
-211
-197
-211
-216
-183
-136
-124
-142
-144
-105
-56
-41
-54
-44
0
54
70
56
60
104
154
156
131
128
169
213
211
194
201
244
276
270
250
257
288
298
269
239
245
279
292
259
223
227
250
252
216
181
188
213
212
167
121
122
141
133
88
58
65
79
69
22
-8
-2
7
-18
-67
-94
-78
-58
-83
-137
-158
-134
-119
-149
-197
-203
-162
-134
-166
-212
-220
-187
-165
-190
-228
-227
-187
-167
-195
-226
-215
-175
-153
-180
-206
-183
-133
-119
-155
-172
-138
-83
-67
-99
-114
-81
-29
-25
-64
-84
-44
22
33
-2
-25
6
60
68
39
31
69
119
122
85
73
108
150
145
111
109
151
188
173
125
117
161
198
177
129
121
162
193
163
112
101
142
165
129
79
75
110
124
82
36
38
71
75
27
-27
-28
9
15
-33
-79
-71
-30
-31
-87
-136
-124
-78
-70
-107
-136
-121
-85
-87
-127
-150
-125
-91
-94
-134
-145
-113
-75
-85
-124
-123
-88
-53
-68
-102
-90
-41
-11
-31
-61
-44
13
45
20
-21
-7
48
75
46
1
16
70
91
59
18
39
92
102
63
37
72
125
123
66
28
59
105
90
28
-5
36
90
77
5
-32
7
70
62
-11
-52
-18
36
25
-46
-80
-43
7
-9
-80
-115
-76
-28
-42
-101
-119
-75
-32
-56
-115
-122
-61
-12
-42
-108
-113
-52
-5
-32
-95
-97
-35
10
-18
-74
-69
-4
40
7
-46
-41
14
45
20
-9
16
79
101
63
18
32
82
94
52
21
51
103
112
66
39
74
130
136
85
54
83
134
135
81
45
73
119
111
55
29
66
112
101
51
31
77
115
90
32
11
53
91
67
8
-4
34
62
33
-30
-46
-8
19
-13
-64
-71
-28
-6
-49
-102
-100
-60
-39
-74
-122
-116
-75
-59
-97
-137
-126
-81
-70
-122
-169
-156
-107
-95
-140
-177
-158
-106
-95
-141
-173
-148
-90
-70
-111
-143
-111
-60
-55
-100
-119
-73
-20
-19
-60
-70
-25
21
18
-21
-28
16
62
57
19
15
59
98
85
46
51
102
136
114
77
82
130
157
128
92
102
141
157
126
97
117
162
166
116
77
92
134
132
84
51
68
101
91
35
7
33
71
59
0
-25
1
36
19
-39
-69
-41
-6
-23
-83
-107
-71
-33
-50
-108
-124
-82
-41
-62
-115
-126
-80
-37
-56
-110
-118
-70
-26
-48
-104
-110
-52
-3
-22
-74
-80
-23
19
5
-41
-44
5
43
19
-25
-23
26
59
33
-3
4
51
76
50
17
34
81
95
60
21
33
78
86
46
9
25
66
74
38
12
32
65
57
13
-7
19
55
40
0
-6
26
52
27
-13
-17
14
31
2
-33
-27
15
33
-7
-50
-46
-9
3
-38
-79
-64
-22
-16
-60
-99
-82
-36
-28
-64
-89
-65
-21
-18
-51
-77
-54
-12
-11
-49
-72
-44
1
-1
-37
-58
-21
28
30
-8
-28
13
55
49
7
-10
30
72
63
21
8
48
89
74
33
20
60
98
82
39
28
63
89
64
24
19
59
87
60
17
16
51
66
33
-5
2
41
51
19
-12
2
41
44
3
-27
-4
41
43
-5
-33
-11
29
22
-25
-49
-18
23
18
-26
-51
-24
9
-1
-46
-59
-25
6
-11
-55
-64
-27
3
-17
-57
-62
-25
-2
-31
-71
-64
-18
8
-21
-61
-58
-11
13
-15
-55
-48
-3
17
-10
-45
-37
3
20
-11
-41
-27
15
29
-2
-31
-16
25
28
-5
-30
-12
21
18
-12
-29
-8
26
27
-4
-22
4
41
44
16
-1
30
64
64
34
22
50
83
81
48
38
66
93
79
47
39
75
106
93
64
63
99
121
97
56
55
92
116
93
59
63
94
110
81
47
52
88
100
72
44
55
83
76
33
0
15
48
41
-3
-33
-19
8
-7
-54
-80
-59
-32
-50
-94
-114
-91
-70
-89
-138
-159
-136
-119
-149
-199
-208
-180
-158
-187
-230
-232
-199
-184
-215
-252
-249
-205
-187
-216
-256
-252
-199
-176
-205
-238
-224
-172
-146
-172
-199
-173
-119
-101
-124
-137
-106
-50
-29
-46
-53
-11
48
62
46
37
78
136
153
135
125
167
226
239
219
210
246
297
304
275
264
303
351
351
314
299
327
357
341
302
291
318
343
316
268
251
274
286
247
192
172
196
200
155
97
76
93
95
47
-6
-21
-6
-13
-64
-114
-129
-119
-127
-174
-218
-223
-210
-222
-260
-287
-283
-273
-289
-328
-347
-328
-300
-305
-338
-349
-322
-287
-292
-327
-334
-294
-250
-252
-278
-278
-234
-191
-192
-218
-212
-164
-118
-114
-133
-123
-68
-18
-18
-38
-24
30
74
66
44
55
106
149
135
110
114
162
198
183
158
170
218
245
223
189
196
240
256
221
183
189
224
230
188
146
150
187
186
136
97
106
143
138
83
45
58
93
84
20
-23
-9
27
15
-47
-85
-63
-27
-45
-105
-132
-106
-77
-100
-155
-167
-124
-89
-115
-167
-166
-111
-72
-99
-146
-139
-76
-37
-66
-109
-91
-28
5
-32
-75
-50
16
50
18
-12
24
95
121
78
46
90
159
174
129
98
137
200
205
157
129
171
227
219
160
136
177
224
209
147
123
160
199
171
105
79
104
127
94
36
22
53
64
16
-48
-67
-43
-36
-79
-132
-133
-102
-107
-162
-216
-210
-176
-180
-235
-283
-276
-248
-256
-305
-339
-316
-278
-284
-329
-348
-308
-262
-271
-315
-322
-276
-231
-234
-266
-260
-212
-164
-164
-189
-171
-106
-52
-55
-72
-42
23
67
58
42
75
145
189
178
159
193
258
289
270
250
280
336
352
328
314
345
394
405
376
353
384
423
422
385
361
382
408
397
350
320
331
348
327
274
243
251
257
226
176
150
158
160
121
61
32
41
44
8
-48
-78
-76
-78
-115
-169
-200
-196
-191
-224
-273
-302
-290
-281
-305
-341
-351
-333
-322
-344
-375
-378
-353
-342
-361
-383
-366
-326
-311
-332
-350
-321
-274
-255
-269
-274
-231
-173
-154
-175
-180
-135
-83
-69
-92
-90
-40
16
26
3
6
58
111
117
96
105
155
192
183
149
155
210
242
222
183
189
240
271
245
206
216
262
280
240
193
197
241
253
207
158
165
204
205
156
104
110
145
148
98
50
58
85
76
23
-20
-10
15
2
-45
-80
-69
-49
-61
-101
-128
-113
-97
-108
-146
-163
-147
-136
-156
-192
-199
-175
-155
-172
-202
-202
-171
-150
-158
-176
-173
-149
-133
-137
-149
-137
-107
-89
-87
-89
-74
-49
-32
-32
-31
-13
13
27
19
16
31
59
69
62
66
84
108
118
113
112
127
145
156
146
142
152
162
161
148
139
143
150
143
124
113
117
120
109
90
75
77
78
63
43
27
29
32
19
0
-12
-9
-7
-27
-52
-63
-61
-60
-71
-91
-100
-90
-85
-97
-118
-126
-112
-102
-112
-130
-134
-117
-105
-118
-138
-136
-111
-95
-102
-118
-112
-94
-83
-93
-104
-98
-83
-69
-71
-78
-69
-52
-42
-43
-45
-35
-19
-11
-16
-17
-6
6
4
-9
-8
12
30
27
15
18
34
44
33
25
34
50
55
38
21
26
38
42
33
28
41
55
50
34
27
45
64
59
36
29
51
66
54
22
14
47
72
56
21
16
45
66
48
17
21
50
66
44
14
20
52
63
36
6
11
40
49
20
-11
-1
29
35
6
-17
-6
27
35
10
-13
0
26
27
3
-15
3
29
22
-3
-19
-7
12
5
-14
-20
-3
12
3
-15
-17
3
13
4
-17
-20
-4
2
-14
-31
-31
-14
-11
-27
-39
-31
-11
-4
-15
-25
-19
-5
-8
-24
-27
-12
3
1
-15
-20
-5
10
9
-4
0
19
36
39
30
28
45
57
54
45
44
60
71
70
59
57
74
83
82
76
81
97
101
92
77
69
73
74
67
58
56
58
54
44
32
23
24
25
9
-14
-26
-25
-24
-38
-63
-80
-85
-87
-95
-111
-121
-128
-129
-135
-150
-163
-173
-173
-179
-192
-197
-194
-191
-194
-199
-194
-189
-183
-183
-183
-176
-164
-155
-152
-145
-131
-112
-102
-103
-96
-74
-49
-29
-23
-18
-1
17
32
38
52
74
94
100
106
127
156
176
179
182
197
222
239
237
230
241
268
280
271
262
274
296
301
279
260
263
276
277
255
237
239
255
247
215
191
187
191
175
141
112
106
106
82
39
13
15
17
-7
-51
-75
-72
-74
-100
-142
-169
-169
-170
-195
-229
-241
-230
-229
-252
-283
-285
-266
-261
-276
-296
-295
-276
-270
-278
-285
-275
-249
-237
-244
-250
-238
-215
-201
-196
-182
-151
-121
-112
-109
-94
-70
-50
-45
-38
-15
17
36
41
45
66
90
94
94
101
125
145
149
147
155
176
191
181
171
176
190
196
178
161
168
183
182
154
124
124
133
122
88
66
72
83
73
43
25
26
25
4
-29
-42
-35
-36
-60
-89
-95
-88
-89
-116
-141
-139
-126
-124
-143
-160
-151
-136
-134
-151
-163
-152
-134
-127
-138
-139
-118
-95
-84
-86
-76
-50
-32
-31
-34
-16
14
35
42
44
57
81
100
109
112
124
142
157
168
175
185
195
199
204
208
216
220
219
220
218
218
213
206
200
196
192
185
176
167
150
133
114
101
88
69
49
32
27
16
-9
-41
-60
-64
-74
-100
-130
-144
-150
-159
-188
-219
-230
-229
-231
-247
-265
-269
-262
-263
-278
-292
-292
-281
-280
-293
-300
-288
-270
-264
-275
-277
-260
-238
-225
-220
-211
-183
-151
-136
-135
-125
-100
-76
-61
-54
-39
-9
19
37
50
67
85
113
128
141
160
183
200
203
209
219
239
250
249
250
267
288
295
291
284
286
296
300
290
279
279
281
272
257
242
237
231
218
201
189
187
179
162
140
124
115
102
84
61
47
36
26
3
-19
-28
-36
-46
-57
-71
-80
-91
-110
-131
-144
-150
-158
-172
-187
-190
-186
-193
-203
-209
-206
-198
-205
-213
-214
-205
-196
-194
-194
-188
-174
-167
-166
-160
-143
-125
-124
-127
-122
-105
-87
-86
-89
-82
-55
-32
-30
-27
-14
11
28
20
12
22
45
59
53
47
60
84
90
77
71
90
109
107
89
87
106
121
108
83
81
105
119
103
79
74
94
102
81
60
62
74
72
52
37
42
54
52
33
21
33
48
47
26
9
10
14
10
-7
-14
-11
-8
-14
-25
-27
-28
-26
-27
-29
-28
-28
-30
-30
-27
-25
-27
-35
-31
-23
-24
-34
-39
-27
-17
-17
-26
-28
-13
3
1
-11
-12
3
16
14
-3
-3
12
23
11
-7
-3
14
23
12
-3
4
23
27
12
2
9
22
16
1
-6
5
17
14
-1
-3
7
6
-3
-14
-11
1
7
-4
-15
-9
2
5
-4
-12
-8
-1
-3
-12
-18
-12
-10
-13
-18
-16
-8
-6
-7
-10
-5
-3
-6
-11
-13
-7
1
1
-1
0
0
2
1
-2
-1
0
1
1
4
1
-3
-2
0
3
1
-3
-4
1
2
3
-4
-7
-2
-1
