SAMPLES:	11326
BITSPERSAMPLE:	16
CHANNELS:	1
SAMPLERATE:	16000
NORMALIZED:	FALSE
-22
-10
8
10
9
-1
6
28
26
10
13
16
-7
1
15
20
19
-2
8
14
17
30
22
19
15
4
1
2
8
8
5
-3
-5
-9
0
7
9
11
5
4
-6
-4
-1
-8
-9
-11
-5
-11
2
13
7
11
3
0
-9
-6
11
-7
-24
-24
-10
4
0
-6
14
16
-3
-8
-6
7
12
0
-2
-1
7
6
2
1
-6
-9
-23
-10
7
1
-8
-5
-3
5
23
14
-7
-12
16
2
-26
-21
-21
-7
-2
12
6
-7
15
14
1
10
15
6
-4
-7
5
2
-7
-4
-8
0
8
-5
7
16
-5
-9
-5
6
7
6
8
-4
-10
-1
12
-6
-4
5
1
-4
-13
-6
-6
-2
2
-8
0
21
16
2
11
10
-3
-12
-2
6
-6
3
7
-16
-21
-10
16
9
-17
-12
-7
-4
-7
-1
10
6
-13
-10
20
17
1
-11
-6
3
-14
-7
11
9
-3
-2
2
4
-1
11
22
2
-1
-2
15
19
0
7
20
28
15
6
7
16
19
7
1
-17
-11
5
8
15
1
9
23
19
17
18
21
-7
-30
-12
7
-12
-26
-4
-2
3
-7
-2
-3
-22
1
6
-8
-15
-10
0
13
6
-27
-16
-3
-5
-13
-1
14
-6
-28
-7
19
-2
-19
-34
-29
-7
-14
-13
-5
9
-5
-30
-13
-2
-16
-25
-17
-11
-11
-22
-24
-22
-19
0
-13
-29
-10
4
4
2
-6
-13
-9
-6
8
-2
-25
-17
-21
-16
-3
-14
-13
-12
-9
13
13
-3
-16
-8
11
12
-6
-19
-25
-8
-5
-16
5
4
-1
7
1
13
10
-1
1
-1
8
10
-4
1
8
17
13
-4
-4
9
24
14
1
7
9
14
15
9
-3
-7
-5
0
7
11
14
14
10
7
9
7
-1
0
7
5
1
1
7
14
3
-9
-7
-3
7
4
-5
-2
7
19
14
1
9
14
3
-4
-7
-4
8
16
6
14
34
39
33
19
16
29
22
19
25
24
23
-9
-9
14
0
-5
-5
3
-1
-7
12
25
12
22
18
2
11
6
6
-3
2
19
-2
-17
-15
-14
-5
-9
-7
-3
0
15
9
2
-3
-9
-1
4
-8
-10
-13
-6
5
-8
4
-7
-20
-13
-24
-17
-12
-12
-21
-13
7
9
-19
-26
2
2
13
5
-14
-10
-6
8
-8
-28
-18
-18
-12
-2
0
-1
-16
6
14
-2
19
17
-9
-10
-1
3
-16
-22
1
-5
-4
-9
-17
-7
3
29
-3
-20
-6
2
6
-11
0
-4
-20
-19
3
-1
-23
-32
-33
-6
1
2
-5
-15
3
2
11
12
-28
-22
-4
5
9
0
11
22
34
21
-23
-11
24
-2
-25
-4
35
22
-19
33
65
26
14
24
46
40
40
19
7
29
33
36
7
33
38
0
15
23
14
13
23
27
21
29
45
20
16
11
12
9
23
25
-47
-35
-30
-10
-7
-40
-5
6
19
30
-3
-5
-20
-60
15
23
5
-41
-90
9
-24
-61
-11
-18
12
7
-41
16
19
-23
-25
-31
-3
-13
-53
-25
33
-20
-16
1
-14
-24
-28
-24
-35
-44
-44
-24
-44
19
0
-21
3
-43
39
-5
-63
6
-48
-48
-12
-16
49
37
-5
12
8
20
5
-25
-22
-27
4
16
-11
24
7
10
-6
-1
28
-51
-15
-26
12
21
-74
-2
-14
-9
7
-30
25
31
-16
29
23
6
30
-25
17
1
-25
14
-8
2
17
25
4
30
27
23
52
-16
-2
14
26
85
12
17
23
29
55
-27
-5
-23
10
29
-29
-8
-34
-23
7
8
32
19
7
80
32
2
8
-28
26
3
34
38
-58
5
25
-43
17
-27
-15
46
-45
13
-29
-114
31
-23
-23
48
-108
-14
-29
-65
33
-132
-39
-29
-128
-18
-128
-92
-30
-77
39
-63
-32
54
-61
25
-24
-41
7
-80
-13
23
-35
-12
-74
-10
87
26
24
-31
42
86
7
45
29
22
65
20
39
54
-29
21
11
-17
17
-60
8
14
-71
5
-50
-58
-14
-48
44
-5
-18
56
1
50
15
-45
26
-3
-14
28
-46
13
31
-24
88
-1
38
54
-33
82
-29
-5
93
30
89
34
-15
85
11
33
67
-63
5
0
1
-5
-59
18
-19
-16
22
-31
-15
-44
-59
10
-38
-57
-74
-94
-13
-2
-62
-76
-74
-95
-24
9
35
22
-78
-19
13
0
36
-16
12
31
-23
60
13
12
97
24
91
58
-6
106
63
85
103
-13
41
2
39
131
-14
-4
32
12
69
11
32
58
-35
12
-35
-45
14
-73
-6
55
27
38
-59
2
100
21
63
38
-1
-23
-87
27
38
-11
29
-8
13
55
51
120
32
-39
16
-37
24
-14
-69
-15
-50
7
4
-12
44
-48
-49
13
2
-9
-100
-69
31
8
44
62
-43
3
55
31
36
-36
-17
-11
-39
24
5
-18
58
67
35
34
11
12
10
22
18
-7
10
14
26
20
23
-5
-68
15
28
-14
39
-30
-23
8
-47
-6
-47
-18
34
-84
5
43
-44
29
-21
-14
-8
-74
50
-52
-126
23
-3
26
9
-72
-15
-40
-24
41
-20
7
42
21
63
42
-10
-36
-57
-11
1
-32
-22
20
47
46
64
46
-7
-43
-11
6
-10
0
-32
-36
4
48
33
-8
16
40
96
31
-21
48
-35
-16
56
-20
53
-2
-56
39
-87
-27
11
-85
74
-5
-87
-10
-85
23
25
-87
-3
-24
-29
-33
-153
-80
-11
-19
10
-71
-74
-39
-46
-10
-47
-55
-59
-129
-102
-22
-31
-52
-36
-19
7
14
17
-21
-34
25
13
-39
-28
55
65
-28
30
46
-17
29
24
71
77
-28
13
10
61
140
-28
-13
31
30
70
-54
-7
23
-36
41
-47
-53
15
-53
11
-12
-47
5
-65
5
16
-96
-50
-83
-56
42
2
32
2
-66
14
39
-3
-48
-87
13
77
2
-24
-35
-11
-17
11
48
-14
-6
-18
-27
5
-28
-19
-12
-20
34
-33
-42
44
22
-9
-71
-50
69
0
-105
-76
-24
64
68
-2
12
12
36
95
5
-5
30
-32
63
52
16
22
-87
64
111
21
94
-35
-19
88
3
93
-12
-48
120
-20
44
48
-70
91
55
93
152
-69
75
96
-29
139
-7
15
103
-11
165
40
-34
130
-26
86
128
-31
52
-37
23
180
8
28
30
-66
62
-30
-40
32
-96
-4
-33
-85
5
-99
-21
-18
-168
-76
-121
-100
5
-38
-26
-108
-88
-4
-106
-71
-54
-111
-42
-6
6
-55
-39
44
-45
-56
-37
-83
-69
-35
10
-40
-72
35
30
18
-20
-78
10
16
72
52
-72
5
-11
-16
39
-27
27
13
30
159
57
64
59
14
174
104
5
29
40
149
166
115
149
127
137
184
66
56
73
8
137
184
100
42
-40
70
209
86
44
68
72
186
115
137
210
58
136
201
203
232
99
198
305
247
307
256
212
260
205
231
230
211
268
209
245
244
136
139
128
92
61
9
-25
-86
-124
-84
-130
-115
-104
-200
-279
-317
-215
-282
-398
-292
-368
-436
-437
-485
-373
-434
-513
-414
-407
-359
-407
-523
-453
-465
-540
-539
-586
-477
-402
-506
-395
-408
-465
-375
-476
-385
-292
-419
-342
-380
-331
-149
-275
-169
-93
-70
126
21
46
152
210
365
273
381
559
535
658
660
785
933
850
963
1024
1082
1153
1051
1141
1217
1256
1350
1309
1316
1342
1352
1473
1353
1129
1169
1224
1267
1202
1028
990
912
954
1018
816
665
555
503
399
209
47
-159
-331
-474
-550
-675
-934
-1114
-1158
-1245
-1451
-1652
-1767
-1919
-2090
-2229
-2398
-2472
-2631
-2735
-2683
-2777
-2831
-2926
-2917
-2738
-2786
-2813
-2709
-2616
-2517
-2454
-2296
-2124
-2077
-1962
-1676
-1460
-1335
-1155
-983
-709
-438
-319
-189
-5
281
563
626
752
1019
1173
1396
1520
1610
1762
1781
1940
2078
2089
2257
2304
2325
2429
2400
2611
2661
2538
2629
2522
2602
2769
2652
2679
2565
2510
2765
2722
2640
2568
2408
2506
2465
2362
2307
2054
1989
1984
1767
1569
1331
1166
1068
768
591
407
23
-182
-521
-794
-941
-1309
-1496
-1859
-2186
-2274
-2668
-2796
-2920
-3295
-3392
-3689
-3820
-3741
-3926
-3846
-3909
-4019
-3842
-3822
-3692
-3553
-3508
-3337
-3151
-2891
-2684
-2566
-2386
-2171
-1905
-1612
-1395
-1286
-1066
-829
-675
-451
-358
-188
-33
-21
208
311
393
606
612
721
828
844
956
940
948
997
991
1183
1323
1311
1343
1334
1509
1719
1735
1830
1875
1972
2155
2162
2249
2399
2469
2579
2673
2759
2848
2907
2907
2943
3022
3039
3082
3037
2985
2972
2938
2982
2931
2813
2733
2582
2554
2368
2122
1959
1606
1491
1284
916
748
360
15
-205
-578
-794
-1130
-1502
-1756
-2108
-2335
-2638
-2957
-3206
-3490
-3622
-3787
-4008
-4176
-4321
-4283
-4210
-4188
-4141
-4051
-3889
-3686
-3481
-3288
-3029
-2759
-2456
-2186
-1988
-1708
-1497
-1212
-883
-743
-558
-367
-100
186
221
300
427
479
630
667
641
633
551
606
647
541
511
447
370
388
370
387
330
268
354
380
482
563
500
642
738
828
976
1014
1206
1313
1414
1665
1782
1968
2131
2234
2403
2504
2625
2730
2795
2907
2957
2950
3011
3013
3031
3078
3074
3078
3065
3019
2977
2890
2821
2829
2689
2516
2298
2063
1921
1627
1369
1111
769
532
108
-200
-420
-829
-1106
-1478
-1862
-2023
-2359
-2672
-2932
-3329
-3501
-3715
-3984
-4060
-4221
-4333
-4353
-4422
-4300
-4249
-4234
-3999
-3887
-3757
-3544
-3349
-3024
-2808
-2608
-2360
-2215
-1918
-1655
-1524
-1267
-1074
-913
-732
-663
-438
-249
-240
-91
2
9
166
163
159
265
229
315
295
220
291
276
338
362
321
457
563
690
838
867
982
1084
1245
1488
1570
1686
1892
2066
2270
2439
2520
2704
2806
2955
3170
3191
3321
3459
3565
3673
3679
3733
3787
3775
3825
3782
3704
3726
3598
3554
3508
3360
3308
3032
2678
2530
2180
1774
1543
1129
778
440
-56
-442
-814
-1241
-1650
-1970
-2339
-2807
-3179
-3612
-3992
-4242
-4602
-4879
-5028
-5186
-5281
-5280
-5345
-5239
-5073
-5115
-4902
-4664
-4558
-4270
-4027
-3712
-3339
-3113
-2754
-2398
-2126
-1773
-1561
-1350
-1070
-818
-487
-338
-221
-11
14
167
310
235
335
351
377
467
361
363
382
398
425
342
380
388
369
495
614
707
771
817
964
1164
1259
1342
1419
1496
1768
1961
2062
2275
2421
2618
2810
2856
3049
3092
3063
3255
3316
3355
3315
3308
3399
3394
3405
3248
3210
3359
3217
3257
3329
3017
2988
2860
2472
2329
2004
1562
1349
1039
704
519
169
-239
-480
-882
-1434
-1720
-2081
-2539
-2790
-3171
-3663
-3890
-4184
-4490
-4485
-4706
-4902
-4811
-4925
-4844
-4630
-4636
-4424
-4186
-4050
-3771
-3510
-3189
-2818
-2506
-2180
-1860
-1437
-1216
-1007
-672
-492
-195
41
136
342
496
608
723
671
644
671
622
546
506
450
407
420
318
234
148
6
-47
-95
-133
-131
-106
-155
-155
-33
9
108
146
215
443
565
715
860
1024
1339
1587
1778
2002
2178
2345
2486
2573
2736
2868
2923
3007
3177
3264
3307
3430
3458
3630
3697
3590
3665
3791
3752
3732
3553
3227
3145
2875
2413
2226
1839
1428
1316
914
545
204
-310
-793
-1037
-1415
-1837
-2117
-2600
-3018
-3309
-3765
-4043
-4111
-4343
-4493
-4609
-4664
-4561
-4437
-4379
-4299
-4097
-3901
-3693
-3407
-3173
-2789
-2420
-2197
-1848
-1399
-1120
-937
-804
-684
-424
-233
-33
96
79
211
336
369
421
265
230
300
279
345
240
130
78
-67
-96
-192
-326
-363
-494
-477
-462
-524
-446
-418
-373
-242
-159
13
191
305
579
850
1107
1388
1587
1815
1967
2077
2224
2283
2512
2785
2890
2995
3040
3212
3483
3617
3770
3841
3996
4168
4182
4270
4373
4478
4484
4375
4306
4163
3888
3467
3132
2888
2566
2374
1938
1483
1099
626
72
-440
-790
-1184
-1541
-2045
-2726
-3215
-3681
-4169
-4391
-4713
-5043
-5206
-5513
-5556
-5310
-5335
-5263
-5100
-5004
-4775
-4458
-4232
-3856
-3452
-3101
-2597
-2276
-1978
-1788
-1582
-1331
-1143
-891
-789
-458
-171
-239
-150
-57
50
202
184
169
246
245
299
250
90
73
-32
-179
-301
-354
-379
-389
-398
-304
-199
-71
140
81
123
357
504
847
1046
1212
1547
1755
2085
2311
2365
2571
2774
2851
2950
3045
3165
3268
3311
3374
3495
3745
3937
4077
4175
4251
4322
4272
4403
4507
4369
4203
3999
3673
3541
3242
2721
2520
2222
1891
1686
1145
601
314
-342
-894
-1184
-1736
-2145
-2462
-3269
-3857
-4173
-4764
-4977
-5116
-5598
-5740
-5857
-6080
-5939
-5941
-5904
-5523
-5326
-5139
-4750
-4428
-4042
-3591
-3249
-2986
-2500
-2039
-1832
-1552
-1302
-1178
-836
-548
-277
93
171
328
499
527
615
594
551
680
716
684
598
442
377
341
199
18
-183
-277
-181
-255
-324
-280
-214
-21
166
229
315
478
661
936
1105
1214
1416
1644
1904
2154
2301
2502
2758
2885
3043
3136
3223
3264
3365
3587
3745
3955
4110
4335
4512
4546
4552
4542
4627
4713
4537
4437
4364
3991
3748
3409
2856
2446
2000
1605
1435
950
263
87
-488
-1127
-1263
-1886
-2323
-2642
-3547
-4180
-4505
-5117
-5226
-5447
-5884
-5934
-6153
-6174
-5907
-5728
-5602
-5378
-5136
-4815
-4339
-3885
-3477
-3099
-2794
-2514
-2016
-1637
-1542
-1262
-1059
-869
-485
-239
-35
156
218
491
661
640
639
533
521
631
672
510
338
108
-74
-94
-149
-254
-448
-605
-590
-525
-461
-308
-196
-108
-21
42
54
151
413
546
674
856
1051
1298
1497
1729
1928
2101
2510
3013
3385
3417
3497
3616
3680
4051
4390
4514
4603
4703
4853
4917
5048
5141
4934
4950
4737
4311
4033
3632
3388
3064
2255
1519
1317
1049
871
655
-110
-497
-879
-1762
-2151
-2618
-3263
-3632
-4341
-4969
-5099
-5214
-5235
-4985
-4915
-4877
-4669
-4629
-4605
-4398
-4304
-3986
-3622
-3507
-3182
-2471
-1795
-1341
-1187
-1241
-1235
-1268
-1543
-1704
-1698
-1659
-1518
-1563
-1491
-1275
-1275
-1255
-1220
-1471
-1637
-1685
-1624
-1342
-1228
-1163
-1041
-979
-762
-659
-573
-477
-644
-708
-540
-309
78
259
205
611
1119
1720
1817
1644
1948
1973
2284
2964
3277
3451
3401
3700
3850
3870
4179
4257
4185
4217
4470
4510
4810
4941
5021
5042
4886
4921
4886
5105
5399
5648
5543
5279
4902
4082
3526
2814
2110
1356
-454
-2456
-4054
-4283
-3743
-3410
-3310
-3929
-4381
-4667
-4774
-4448
-4273
-4174
-4184
-4329
-4119
-3576
-3131
-2919
-2622
-2507
-2256
-1810
-2011
-2289
-2858
-3333
-2899
-2489
-2378
-1959
-1521
-1023
-635
-713
-872
-1065
-1137
-936
-519
-244
-630
-1075
-1903
-3383
-3580
-2704
-1631
-1708
-2274
-2749
-3787
-3277
-2493
-1738
-1244
-1256
138
269
163
114
-862
-1039
-744
341
1080
1464
1760
1708
1756
1601
1681
1439
1206
1991
3385
3908
3751
3732
3308
3005
3195
3416
2996
2228
2329
3094
4001
4210
4380
4429
3780
3813
3870
4597
5089
5342
6085
6109
6670
6859
6658
6064
4846
4515
3518
2183
1204
-653
-3910
-6574
-7183
-5993
-4731
-4426
-4532
-5518
-5568
-4451
-3541
-2549
-2186
-2086
-2061
-1828
-1644
-2118
-2832
-3249
-2923
-2520
-2100
-1966
-2766
-4038
-4942
-4448
-3452
-3113
-2758
-1785
-450
728
1449
1508
1394
1375
1437
1329
480
-413
-809
-1500
-1922
-2646
-3588
-3924
-4129
-3598
-3031
-2653
-2375
-2368
-1453
-313
159
165
-405
-1005
-1384
-1625
-1619
-1573
-1453
-919
-170
432
731
718
503
442
606
811
1230
1600
2408
3305
3646
3964
3219
2176
1586
1840
2551
2547
3002
3361
3820
4391
4520
4814
4466
4541
5296
6168
7401
8210
8403
7873
7074
7338
7989
7433
6149
4178
2263
1336
1299
969
-2984
-7199
-8716
-7640
-4909
-3037
-2560
-4131
-4500
-3046
-1795
-171
-7
-1133
-2119
-2336
-1871
-2378
-3522
-5053
-5575
-5137
-4650
-3957
-4410
-5672
-6169
-5198
-3886
-2960
-1999
-688
764
2064
2865
2754
1957
1051
757
547
157
-427
-1220
-2607
-4372
-5629
-5694
-4908
-4187
-3638
-3083
-2691
-2372
-1560
-647
107
689
876
404
9
-394
-1293
-2172
-2624
-2506
-1804
-947
-93
416
421
592
1133
1324
1358
2067
3201
4277
4810
4752
4251
3359
2643
2462
2467
2254
2692
3692
4131
4717
4891
5238
4891
4943
6038
6327
7237
7859
8608
8629
8417
8264
7748
7340
6173
5330
3680
2707
1964
357
-4144
-9201
-9575
-8009
-4651
-2719
-3281
-4377
-4887
-2676
-1441
115
278
-873
-1217
-1881
-1969
-3406
-4901
-6888
-6938
-5825
-5111
-4039
-5065
-6528
-7042
-6143
-4828
-3861
-2806
-1179
982
2401
3282
3273
2332
1232
342
-204
-961
-1697
-2317
-2956
-3633
-4227
-4727
-6463
-7567
-6494
-4479
-2024
-756
-187
222
905
2629
2681
1525
767
-415
-1023
-1338
-2229
-3166
-3410
-2976
-1691
-227
693
1599
1684
1628
1955
2732
3561
3924
4605
5428
5553
4908
3905
2920
2213
1788
1356
1437
2537
3918
4992
4785
5107
5070
5843
6269
6438
7508
8305
10406
10017
8868
7575
6564
6507
5631
4364
2415
1205
676
-2733
-8856
-12193
-11030
-7939
-4258
-2963
-4333
-5509
-4095
-1385
61
1789
719
-830
-1286
-1740
-2599
-4322
-6384
-7877
-6728
-5860
-4540
-4324
-6038
-6862
-6746
-5578
-4333
-3128
-1016
1761
4015
5161
4988
3819
2751
1592
383
-1158
-2427
-2843
-3614
-4201
-4919
-5452
-6287
-6785
-5702
-4552
-2932
-1736
-1123
-187
803
1854
1894
956
-206
-1518
-2514
-3181
-3842
-4572
-4359
-3262
-1871
-561
94
926
1529
1980
2421
3033
3881
4493
5166
5708
6036
5505
4085
2973
2361
1800
1970
2324
3215
4463
5745
6684
5908
6428
6824
6752
7556
8051
8966
9054
9648
9684
8515
7877
6322
4985
3923
3480
3135
2438
1068
-5404
-11488
-13080
-10814
-5530
-3524
-3809
-4733
-5000
-1689
1094
1919
1893
-5
-1423
-814
-1092
-3204
-4830
-7421
-8204
-6969
-6388
-4651
-4706
-5848
-5697
-5319
-4790
-3568
-2100
617
3916
4960
4957
4145
2809
1956
902
-759
-2403
-3554
-3955
-3786
-3652
-3226
-3671
-4911
-5439
-5696
-6119
-5774
-5223
-4458
-2444
-554
376
98
-623
-1096
-2022
-2328
-2500
-3332
-3225
-2525
-2229
-2210
-2214
-1868
-908
182
1111
2288
3576
4363
4851
5091
5118
5263
4463
3797
3613
3550
3405
3195
3523
4370
5625
6393
6560
5856
5982
6780
8487
8834
8650
9780
9019
9706
10060
9124
9053
7841
7348
5715
4259
3438
651
-478
-5714
-12374
-12356
-9439
-5868
-3114
-3280
-5005
-3453
-661
964
2627
1880
-561
-1686
-1845
-2756
-4741
-6963
-8604
-7713
-6206
-4971
-4403
-6171
-7185
-7068
-6097
-4841
-3770
-2449
467
3676
4971
5276
3966
2601
1945
806
-795
-2387
-2861
-2591
-2620
-3216
-5114
-7212
-8055
-8123
-6783
-4918
-3443
-3104
-2398
152
1797
2451
2331
613
-668
-1311
-1914
-2195
-3319
-4195
-3914
-3311
-1911
-675
243
1462
1954
2402
2566
3505
4901
5539
6104
6091
5506
4650
3831
3018
2383
1808
2309
3188
4069
5254
5616
5826
6352
6519
6536
7001
7187
7968
9089
9717
9325
8462
8607
8661
8039
7757
5961
4436
3225
1573
450
-5929
-12254
-12839
-10047
-5084
-3639
-5335
-6151
-4457
-116
1992
2285
1146
-1515
-1758
-658
-1785
-4769
-7775
-9941
-8618
-6265
-4725
-4390
-6523
-8295
-8250
-6853
-5127
-3213
-1498
1045
3940
5305
5734
4963
3217
1737
-307
-2799
-4591
-5124
-5579
-7533
-7746
-6688
-5749
-4622
-4272
-3761
-3192
-1040
494
223
1615
2292
2205
1829
-154
-2181
-3970
-4654
-4049
-3609
-2672
-1623
-1389
-450
197
968
2068
1794
2328
3269
4847
6526
6709
6466
5712
4931
3719
2237
1684
1572
1345
1797
2493
3222
4349
4305
4489
4793
5296
6825
7651
8437
8783
9499
10297
9623
9006
8427
7307
7118
6512
5041
2517
-12
-5196
-12563
-13461
-10380
-6363
-4140
-5365
-6785
-5110
-203
2588
3506
3342
1097
454
1146
-96
-3258
-6663
-9382
-9335
-7467
-5665
-4054
-5716
-7588
-7781
-6994
-5264
-3999
-2265
566
3684
5347
5904
5046
3661
2952
550
-2675
-5092
-6634
-6208
-6912
-7812
-6505
-5763
-5272
-5243
-5635
-4958
-2497
-574
-56
1366
2519
2671
2416
910
-1307
-3173
-4228
-4212
-3641
-2575
-1515
-1128
-773
-367
383
1477
2008
2825
3461
4933
6537
6846
7218
7086
6800
5846
4270
3374
2318
1936
1459
798
1793
2912
4225
4772
5612
5166
5145
7357
7847
8962
9465
9798
9531
8758
9460
8327
7933
7240
3699
844
-1889
-8185
-13345
-12942
-9169
-4787
-4575
-5440
-6668
-5483
-276
1506
3622
4401
2050
2220
2310
-335
-3284
-5914
-8340
-7605
-6818
-6210
-5265
-7334
-8130
-7484
-6786
-5208
-3824
-1795
1424
3910
4933
5406
4725
3822
2870
478
-2312
-5133
-7747
-7402
-6595
-6223
-5445
-5377
-5479
-6223
-5039
-3042
-1984
-796
-77
1219
2471
2010
480
-959
-2126
-2508
-2447
-2111
-1516
-1349
-755
-450
-416
-253
-205
992
2270
3220
4207
5180
5973
6562
6959
6454
6163
5177
4715
4495
2995
2599
1869
1520
2518
3666
4542
4808
5199
5130
5247
6123
7439
8301
8823
9305
8858
8358
9113
8107
6467
3986
154
-3428
-10730
-14234
-11440
-8030
-4674
-4508
-6982
-6901
-3919
-868
1364
2425
1802
1719
2947
2344
-649
-3783
-6288
-6974
-5912
-5248
-5288
-7488
-9847
-9750
-7878
-6129
-4661
-3113
-915
2860
4946
5520
5138
3937
3442
2237
-68
-2145
-4360
-6190
-6290
-6678
-6371
-5375
-5334
-5249
-5294
-4011
-2151
-244
1407
2347
3243
2956
2343
820
-972
-1632
-1835
-1037
-135
-354
257
1106
855
647
-315
19
1353
1731
3135
4465
5481
6416
6477
6918
7091
6624
5952
4863
3786
3250
2135
2009
2196
1712
2381
2542
3129
3522
3995
5641
6918
7287
7173
7248
8182
8745
9446
8417
4816
2104
-454
-6499
-12887
-13763
-10922
-6803
-5146
-6308
-8175
-6781
-3254
-900
2003
3065
2102
2690
2630
511
-2017
-4413
-5255
-4531
-3868
-4092
-5558
-8273
-9729
-9537
-8814
-7907
-6366
-4012
-290
3235
4640
5223
3994
2792
2768
1389
-411
-2957
-6477
-7212
-5587
-4353
-3611
-4115
-5643
-7079
-6010
-3434
-1998
-24
1103
2326
4228
3573
1980
431
-493
-38
475
699
691
560
1070
1997
1977
1317
1280
1656
2494
3458
4174
4681
5015
6077
7164
7210
6661
5980
5808
5252
4538
3679
2974
3769
3720
2852
2245
2636
2265
3406
4574
3820
5262
6807
8116
9586
9894
8423
7113
6505
2915
-113
-4086
-12518
-14655
-11776
-7940
-4881
-6014
-9228
-9913
-5970
-1989
1087
2849
1855
2068
2906
613
-1741
-3788
-5249
-4182
-3537
-3740
-4388
-6951
-8246
-8208
-8394
-7903
-7330
-5272
-1775
1254
3027
3551
2870
3075
3455
2765
968
-2480
-4261
-5254
-5745
-4914
-4635
-4789
-5328
-5854
-5952
-4317
-2273
-1512
102
1744
2586
2829
2622
2137
1452
1007
678
300
-97
-289
-2
845
1279
1127
1763
2700
3920
4516
4536
5427
5995
6759
7606
7836
7303
6261
5614
5030
4560
3958
3263
3031
3753
4521
4328
4381
3092
2585
3217
3714
5030
6318
7940
7773
8438
8027
7156
6391
2492
-745
-5268
-13147
-15865
-12249
-7163
-4631
-6331
-9526
-10561
-7104
-3682
-936
2146
2320
2404
3245
219
-2303
-3925
-5058
-3927
-3218
-3419
-4457
-6608
-8217
-7531
-7161
-7437
-6642
-4595
-749
2083
2265
1391
427
1129
2280
2842
1279
-2066
-3841
-4700
-4254
-4407
-4260
-3536
-3454
-3270
-3588
-2899
-1625
-965
-33
961
1940
2119
1997
2111
2236
2363
2114
1766
1029
609
705
1154
1451
1339
2209
3474
4056
4334
4250
5366
6503
6522
6888
7172
7806
7701
6393
5522
4521
3385
3819
3478
3740
4675
4143
4555
4197
4085
3244
4578
5805
5892
9392
9903
9596
8838
5447
2344
402
-2762
-11080
-14763
-13786
-10570
-6247
-7435
-10105
-11857
-9840
-6302
-2343
1384
1831
1617
895
-789
-2536
-3058
-2449
-2147
-2359
-3655
-5266
-7584
-9315
-9627
-8987
-8084
-7003
-3993
-1035
924
665
-474
-409
266
2111
2524
1172
-1484
-3069
-2858
-3895
-5671
-6176
-4560
-3562
-3153
-3784
-4534
-2702
-1595
-219
1349
1851
2496
1977
2201
2471
2238
2612
2661
2666
2118
1837
1895
2056
2408
2362
2480
3048
3380
4396
5884
6575
6861
6802
7624
8716
8149
6579
5350
4761
5046
5314
4866
4495
4305
3834
3967
3631
3047
3154
4191
5918
6755
7899
8032
8542
8224
5929
3034
-197
-6184
-12127
-12203
-9329
-6668
-8184
-11806
-14070
-12672
-8015
-4171
-101
1423
-465
-1203
-2734
-3627
-2308
-382
654
399
-1553
-3692
-5206
-7964
-9694
-10096
-9016
-6215
-2952
-483
-174
-1965
-2855
-2135
-382
1699
2667
2996
573
-1493
-2731
-4737
-5493
-5651
-3881
-1821
-1987
-3904
-5701
-4491
-3197
-2467
-1281
-411
1011
2348
2698
2727
2926
2289
2697
3400
3436
3566
3006
2698
2496
1780
1995
2587
2997
3602
3867
4480
5495
6599
8519
9359
8740
8397
7266
6547
5881
4858
4925
4669
4771
5039
4216
4089
2697
3164
5661
5630
6421
5926
5632
7160
7052
5107
2880
-19
-6249
-9527
-8348
-7061
-6420
-8884
-13471
-15552
-12110
-7144
-2507
730
-1238
-3649
-4572
-5401
-3822
-1438
-189
284
-201
-661
-1569
-4528
-7576
-9518
-8974
-6948
-4524
-2298
-1948
-2588
-3544
-3160
-1630
-87
1860
2564
1454
-524
-1874
-2554
-2909
-2634
-1921
-1480
-1740
-2576
-4534
-5023
-4132
-3795
-2497
-2246
-2398
-1170
26
1228
1542
1630
2350
3346
3869
3914
4208
4397
4070
3943
4193
4405
4113
3345
2816
2967
3182
3763
5299
7543
9023
8316
7710
6989
6455
6838
7383
6728
5894
5902
5277
5365
4502
3689
3978
5362
7689
7382
7574
6615
3990
2615
773
-72
-4199
-7227
-5864
-4715
-4988
-8905
-13092
-15010
-11683
-7145
-2999
739
-1444
-4765
-6112
-6062
-3830
-1024
1183
1554
-92
-2168
-3132
-4183
-6011
-7464
-6820
-4574
-2508
-1636
-2800
-4691
-6228
-5670
-3532
-920
986
642
-696
-1562
-2328
-2756
-2212
-1738
-539
755
529
-1586
-4586
-4913
-3754
-2880
-2091
-2523
-2395
-2388
-2881
-2459
-1419
175
1604
2739
4124
4734
4637
4769
4908
5032
5361
6081
6828
6707
5315
4161
3799
4290
5155
5865
6359
6202
6804
6969
6688
6921
5587
5079
5500
6566
6914
6651
6135
4610
4277
5064
6419
7649
7980
5025
917
-2250
-4074
-6572
-6278
-4128
-3227
-3811
-8871
-14066
-15706
-12099
-6565
-2117
695
-1446
-4409
-6700
-7516
-4404
-1139
903
733
-240
-1474
-2739
-4349
-6150
-6641
-5505
-3629
-1761
-1299
-3034
-5832
-7357
-6271
-3780
-1139
663
398
-1235
-2943
-4166
-3276
-1420
368
1338
1836
880
-1060
-2036
-3136
-3155
-2679
-2144
-1406
-1461
-1746
-2161
-1740
-494
1235
2657
3380
4090
3858
4123
4775
4629
5303
6229
6973
7166
6196
5282
4613
4631
5804
6883
7007
7152
5642
5057
5992
6108
5493
5931
6458
6225
5370
4263
4052
3682
4303
3800
4381
5779
6672
5206
2166
-637
-2504
-5324
-6754
-5158
-4182
-4281
-8356
-13343
-14862
-12246
-7861
-4727
-3261
-5359
-8344
-8446
-6537
-3062
-83
1660
1102
-233
-1488
-2082
-2721
-4418
-5069
-4244
-2598
-1367
-1842
-3343
-5300
-6923
-6450
-4274
-2526
-1643
-2151
-3095
-3104
-2450
-1334
-408
523
1172
1941
2164
954
-355
-1047
-1255
-1194
-1301
-1277
-1512
-2098
-2418
-2122
-461
1325
2579
3629
4505
5098
5456
5869
6164
6553
6941
7385
7364
6861
6026
5340
5434
4988
5051
5359
6496
7062
7166
7252
6220
5937
5705
6416
6357
5859
4521
2653
3090
3372
3879
4447
5313
4345
2112
-23
-2208
-4786
-7660
-6924
-3913
-1562
-3944
-10017
-15097
-15596
-10629
-5765
-2116
-3010
-8457
-12086
-11413
-7350
-2578
589
184
-1783
-3308
-3017
-1286
-862
-1416
-1469
-541
362
571
-927
-3140
-4340
-4729
-3466
-2140
-1654
-2843
-4609
-5214
-5361
-4111
-2730
-1136
-239
1056
2406
1507
322
-841
-47
2582
3912
3212
1098
-1254
-2470
-2061
-633
1068
1485
948
759
1387
2905
4250
5246
6600
7739
8739
9334
8878
7766
6751
6966
7869
8965
9497
7929
5143
3802
4289
5598
6974
6372
4857
4422
3897
4322
4642
3549
2838
3535
4114
4994
5373
1827
-1971
-3197
-3386
-4729
-4050
-5208
-6442
-7335
-11824
-14123
-13994
-10737
-7614
-6352
-6800
-9647
-11700
-11842
-8804
-4291
-1506
-554
-2172
-3988
-4281
-3015
-1609
-539
-130
-722
-1263
-1206
-1266
-2212
-3019
-2683
-1651
-575
-41
-755
-2042
-3188
-3840
-3314
-1873
-1192
-1254
-1645
-1586
-1518
-1882
-1587
-718
807
2251
2511
1694
475
-351
330
1357
2340
3431
3480
2972
2491
2714
3359
4014
4842
5730
6533
6935
6781
6351
6434
7095
8336
9695
10159
10039
8809
8130
8225
8717
8400
6451
5958
5696
5218
4164
4206
3407
1684
2485
2858
3246
4879
2357
-1122
-2219
-1131
-1811
-4151
-4463
-5672
-4633
-5691
-9425
-12750
-13731
-11514
-9707
-7997
-8332
-11229
-13818
-13513
-9887
-5657
-3465
-3953
-6197
-7267
-5569
-2281
-313
-181
-524
-1089
-697
618
1127
-378
-1742
-1343
-475
502
33
-1432
-2979
-3694
-2994
-1954
-212
-737
-1721
-1086
-566
644
392
-1027
-989
-43
845
1414
869
-305
-863
-234
684
1855
2762
2562
2427
2018
3018
4208
4522
5105
5192
5698
6409
6761
6672
6491
6219
6992
8624
9045
8900
8034
7594
7821
8836
8131
8216
8695
7773
7068
5602
5497
4704
4909
3118
3541
3735
3418
3503
335
-2199
-3193
-3290
-5377
-4531
-4049
-4788
-6803
-11071
-13857
-12653
-9102
-7288
-6783
-8905
-12744
-14267
-12952
-9520
-6324
-5888
-7149
-8288
-8578
-6750
-3676
-2358
-2485
-2634
-1984
-927
241
456
-392
-398
-36
330
294
12
-115
-826
-1459
-1547
-1205
-1250
-1143
-901
-541
322
132
-1032
-1584
-433
1321
2320
2380
941
-355
-367
423
1683
2569
2188
1284
1090
1708
3273
3991
4330
4983
5246
5598
6120
6244
6047
5832
6168
7620
8500
9024
8256
7774
7359
7668
8827
8290
7826
7491
7061
5584
6735
6221
5452
5491
4393
4964
5195
5308
4180
2871
843
-1326
-792
-3529
-4992
-4807
-5852
-6273
-9179
-12528
-13473
-10668
-9240
-8431
-8503
-11402
-13792
-13007
-10333
-7179
-5533
-6789
-8494
-9265
-8090
-4966
-2669
-3072
-4394
-4822
-3911
-2155
-930
-318
35
-45
-479
-615
-165
-204
-217
-488
-884
-771
-737
-830
-506
556
1018
922
-131
-1252
-623
1017
1815
1614
679
-307
-623
-17
1161
2223
2368
1314
966
1785
3028
4169
4508
4040
4012
4269
4929
5896
6337
6073
5671
6428
6967
7356
7530
8202
7959
7163
7220
7489
7233
6997
7676
6466
5897
6202
4488
4460
5649
5471
5355
6182
5641
3500
2472
402
505
359
-2425
-4012
-4756
-5879
-7210
-8790
-11241
-10472
-9183
-9599
-8928
-9727
-12528
-12744
-11220
-9359
-6647
-5889
-7038
-8253
-8046
-5969
-3398
-2806
-3582
-3677
-3353
-2979
-1615
-191
449
122
-899
-1325
-567
475
636
55
-627
-830
-543
514
1225
962
1037
865
166
47
794
1753
2369
2044
1243
862
473
742
1533
1754
1411
557
19
799
1911
2691
3370
3514
3347
3323
3831
4829
5381
5176
5326
5904
5851
5994
6392
6712
6433
6791
5969
5745
6199
5727
5773
5592
5303
3817
3895
3872
4171
5358
5548
4320
3677
3537
2758
2388
2418
941
-2172
-3481
-4653
-4325
-4850
-7335
-9648
-10814
-9909
-9280
-8963
-9532
-11331
-11989
-11036
-8887
-6732
-6651
-7714
-8361
-7650
-6005
-4093
-3399
-3589
-3948
-3710
-2839
-1387
-694
-821
-778
-537
-434
-540
-401
-501
80
690
811
443
-102
-788
-1015
35
1201
1319
475
-382
-47
1334
1978
1700
1060
70
-253
833
1976
2404
1806
886
990
2152
3357
4068
4108
3285
2553
2994
3960
4551
4751
4376
4765
5395
5306
5422
5721
6185
6325
6546
6628
6054
5217
4549
4742
4378
4650
3929
2868
3250
3154
3595
3860
4479
3600
3568
3737
2230
2322
1153
-2506
-2832
-2650
-2655
-2924
-5470
-8332
-9121
-8786
-8810
-7520
-8000
-10167
-10806
-10307
-9068
-7012
-6748
-7806
-7774
-6721
-4849
-2935
-3307
-4167
-4107
-3472
-2209
-883
-491
-1052
-1701
-1742
-1304
-501
119
92
214
49
-142
-47
92
-15
248
1005
1557
1113
233
331
932
1341
1013
510
24
-335
4
687
1380
1220
533
287
1175
2159
2710
2870
2808
2778
2734
3706
4944
5007
4255
3743
3786
4241
4763
5186
5955
6206
5732
5681
5579
5429
5443
5552
5373
5899
4998
4333
3967
3607
3917
4305
4133
2422
2463
2245
2838
3109
1852
1217
-1071
-2522
-2287
-1582
-1954
-4481
-7670
-9657
-8754
-7272
-6562
-6800
-8807
-11064
-10821
-9486
-7573
-6301
-7362
-8280
-7779
-6155
-3817
-2897
-3266
-3388
-3285
-2401
-1013
-109
-171
-887
-1119
-871
-315
358
384
-31
-463
-650
-641
-526
-318
-102
416
722
255
-172
91
569
1209
1351
655
44
-501
-320
221
487
623
130
38
321
864
2021
2746
2807
2487
2731
3586
4337
4712
4779
4761
4672
4802
5148
5909
6038
6240
6157
5742
5454
4968
5203
5326
5722
5718
4815
4086
4084
4783
4007
4547
4139
3427
3591
3041
2469
1812
2012
1226
951
-1333
-2422
-2773
-1778
-2382
-4219
-6280
-7662
-6890
-6434
-5692
-5809
-7859
-9845
-9278
-8109
-6216
-5801
-7190
-8410
-7998
-6439
-4566
-3476
-3635
-4255
-4197
-3154
-1519
-137
58
-747
-1250
-839
103
1009
868
190
-309
-420
-365
234
441
347
274
364
151
-70
2
174
871
928
297
-261
-364
-229
258
396
70
-325
-545
-220
491
1404
1625
1423
1423
1885
2306
2758
3188
3402
3650
3837
4244
4522
4871
4993
5238
5163
4851
5194
5450
5363
5970
5838
5299
5773
4764
4251
4851
4839
4228
4616
4221
3168
3890
3748
2796
2953
2043
755
755
-1201
-2674
-2045
-1961
-3208
-3979
-5972
-7116
-6006
-6223
-6069
-5662
-7176
-8188
-7316
-6734
-5858
-5743
-7229
-7870
-7073
-6074
-4750
-3988
-4796
-4854
-4095
-3216
-1807
-983
-1162
-1608
-1342
-656
332
466
512
551
470
613
682
464
327
467
499
1074
1121
247
-135
88
456
734
248
-554
-1032
-1171
-573
86
153
-321
-750
-526
500
1336
1547
1482
1357
1557
2432
3381
3650
3452
3178
3171
3553
3639
3870
4190
4325
4638
4895
5153
5042
5331
5398
5568
4975
4643
4942
4930
4880
4831
4157
3509
3877
3229
4080
4187
3257
1835
1468
1242
1226
760
-1522
-2398
-2751
-2320
-2384
-3027
-5334
-5992
-5998
-5094
-3766
-4264
-5800
-6689
-6878
-6213
-4581
-4718
-5985
-6950
-7135
-6120
-4615
-4236
-4514
-4669
-4490
-3391
-2134
-1516
-1550
-1722
-1535
-637
192
417
405
-185
-632
-573
-101
242
121
-88
62
332
112
-193
-362
-159
201
-99
-577
-857
-1005
-879
-753
-789
-644
-727
-942
-563
-69
405
907
925
1070
1853
2441
2497
2520
2262
2318
2554
2920
3176
3388
3420
3572
3892
4325
4937
4838
4818
5080
4822
4606
4993
4970
4385
4372
4258
4069
4635
3838
4010
4141
4102
3635
3774
2959
2799
2440
1510
755
-402
-1325
-1430
-650
-1823
-2594
-3913
-4323
-4200
-3369
-3059
-3612
-5186
-6290
-5785
-5058
-4778
-5419
-6638
-7270
-6704
-5886
-5112
-4805
-5365
-5421
-4597
-3268
-1987
-1681
-1882
-1967
-1710
-1071
-82
137
-187
-381
-503
-382
-146
-78
-125
0
-21
-166
-216
-234
-214
46
-171
-399
-659
-1014
-1163
-1151
-1036
-883
-738
-938
-665
-81
204
530
648
770
1085
1413
1929
2404
2715
2511
2362
2703
3073
3568
3659
3786
4268
4510
4548
4962
4959
4916
5278
5248
4873
4501
4243
3811
4428
4198
4149
3699
3447
3292
3738
4266
3874
3871
2530
2452
2335
2329
1778
266
-908
-1283
-602
-936
-1601
-3318
-3885
-3731
-3427
-2796
-3188
-4655
-6050
-6336
-5694
-4795
-4914
-6170
-7082
-6874
-6369
-5205
-4629
-4918
-5274
-5122
-4136
-2783
-1905
-2158
-2274
-2225
-1765
-954
-441
-450
-958
-1175
-1151
-399
52
-159
-183
27
-139
-279
-220
-217
-257
-506
-801
-934
-983
-1168
-991
-658
-636
-766
-715
-580
-164
392
691
1098
1245
1265
1516
2177
2592
2648
2820
2741
2926
3239
3636
4361
4525
4351
4326
4672
4934
5222
5283
5157
5014
4719
4380
3935
4582
3882
4313
3707
3791
3312
3434
3913
3753
4612
3529
3888
2758
2828
2421
2375
1859
531
-581
-756
-650
-1205
-1582
-2835
-3432
-3696
-3794
-3389
-3317
-4442
-5457
-5965
-5851
-5231
-5096
-5626
-6381
-6490
-6640
-5941
-5035
-4997
-4801
-4755
-4515
-3804
-2862
-2539
-2090
-1834
-1647
-1194
-1088
-825
-787
-584
-675
-635
-511
-342
52
-60
-228
-716
-849
-835
-572
-494
-918
-1520
-1825
-1516
-1303
-1134
-1088
-1269
-1186
-998
-586
141
568
709
973
1384
1688
1996
2031
2212
2761
2865
2902
3097
3065
3426
3852
4155
4299
4369
4274
4549
4998
5017
5103
4544
4141
4045
4362
4288
4587
3965
3562
3495
3641
3966
4265
4121
3750
4266
3686
3577
3037
2385
1984
1365
271
261
108
-704
-1459
-2464
-3224
-3080
-3464
-3473
-3226
-3768
-4635
-5333
-5631
-5373
-5107
-5560
-6021
-6259
-6755
-6518
-5703
-5442
-5103
-4922
-4673
-3795
-2963
-2527
-2244
-1876
-1762
-1105
-581
-393
-283
-688
-667
-424
-114
-177
-61
-44
-224
-516
-945
-912
-926
-1031
-1124
-1292
-1226
-1281
-1547
-1567
-1272
-1066
-998
-601
-394
-175
104
465
863
1088
1204
1368
1791
2102
2247
2329
2457
2577
2731
3108
3643
3881
3871
3867
4204
4412
4561
4561
4576
4486
4225
4180
3847
3835
3416
3408
3467
3366
3532
3409
3677
3541
3638
3478
3471
3555
2931
2897
2408
2245
1039
414
108
-267
-235
-1096
-1587
-2421
-2710
-3183
-2916
-2874
-3452
-4301
-5200
-5783
-5773
-5692
-5660
-6009
-6595
-7001
-6711
-6143
-5754
-5379
-5231
-4894
-4349
-3780
-2990
-2444
-2312
-2258
-2048
-1612
-1125
-955
-979
-881
-1005
-1048
-755
-362
-197
-20
-397
-819
-738
-695
-287
-17
10
-254
-549
-685
-534
40
259
274
92
116
555
1161
1520
1647
1644
1642
1996
2503
2819
2932
2930
2926
3093
3152
3469
3669
3808
3888
3799
3822
3851
4004
3889
3874
3971
3566
3360
3122
3054
3002
3023
2899
2739
2898
2916
3001
3001
3287
3411
3283
3185
2995
2780
2463
2057
1786
1200
678
-103
-146
-342
-755
-1698
-2364
-2852
-3196
-3086
-3131
-3252
-4052
-5325
-6048
-5848
-5548
-5411
-5658
-6213
-6744
-6798
-6342
-5343
-4712
-4717
-4860
-4477
-3812
-2975
-2338
-2101
-1955
-1856
-1573
-989
-521
-554
-625
-716
-658
-339
27
205
288
222
216
265
325
269
401
609
495
462
252
174
218
354
763
994
1001
852
1097
1496
1831
2061
2038
1969
1875
2032
2323
2555
2331
1885
1796
2050
2355
2562
2484
2372
2224
2202
2613
3000
3010
2700
2506
2424
2300
2350
2378
2395
2527
2230
2378
2391
2605
2747
3184
3575
3420
3576
3188
3213
3017
2824
2700
2110
1473
867
719
494
46
-535
-1230
-1704
-2129
-2177
-2142
-2545
-3413
-4386
-4767
-4834
-4931
-5057
-5411
-5612
-5936
-5933
-5564
-5277
-4906
-4611
-4138
-3724
-3379
-3067
-2554
-2134
-1800
-1534
-1286
-984
-859
-701
-546
-351
-419
-251
16
337
672
785
781
571
399
547
767
963
834
655
496
304
257
269
410
437
457
520
667
753
723
823
925
982
989
915
932
909
832
785
708
830
961
1150
1227
1241
1266
1264
1440
1635
1835
1922
1886
1842
1755
1900
2103
2140
2168
2082
2410
2662
2940
2995
3007
3147
3326
3777
3987
3931
3585
3241
2946
2933
2755
2431
2047
1531
1053
847
537
26
-609
-1285
-1554
-1745
-2031
-2595
-3225
-3743
-4245
-4492
-4658
-4806
-5063
-5438
-5594
-5361
-5121
-4991
-4829
-4600
-4123
-3681
-3306
-2995
-2724
-2462
-2157
-1711
-1394
-1205
-980
-740
-352
-79
146
350
538
739
991
1301
1431
1423
1278
1162
1195
1140
942
619
297
-19
-227
-319
-455
-568
-807
-945
-950
-915
-867
-883
-956
-976
-949
-904
-933
-988
-980
-929
-807
-690
-607
-440
-252
28
300
584
829
1022
1323
1554
1882
2040
2167
2350
2514
2841
2989
3180
3363
3506
3846
4066
4382
4573
4657
4855
5017
5278
5295
5169
4960
4756
4596
4339
4031
3655
3185
2622
2143
1729
1244
530
-139
-697
-1120
-1603
-2255
-2959
-3617
-4245
-4763
-5135
-5464
-5781
-6091
-6422
-6489
-6469
-6363
-6172
-6097
-5822
-5597
-5202
-4761
-4393
-4024
-3693
-3222
-2755
-2277
-1821
-1420
-984
-576
-204
197
571
890
1132
1336
1472
1622
1626
1574
1490
1324
1163
955
739
548
317
65
-181
-371
-442
-562
-699
-846
-953
-961
-1003
-1067
-1078
-1080
-1056
-1066
-951
-724
-587
-444
-303
-23
267
560
873
1110
1386
1621
1929
2293
2566
2750
2886
3140
3458
3677
3789
3929
4137
4390
4597
4832
4983
4984
4972
5035
5257
5381
5268
4919
4560
4278
3976
3720
3390
3038
2537
1969
1513
1090
690
98
-443
-915
-1434
-1884
-2493
-3080
-3656
-4178
-4524
-4836
-5131
-5472
-5754
-5853
-5871
-5805
-5738
-5634
-5451
-5227
-4890
-4525
-4129
-3822
-3532
-3169
-2701
-2224
-1871
-1619
-1311
-933
-515
-172
124
313
471
571
685
840
916
913
793
636
497
367
247
79
-67
-200
-353
-439
-536
-571
-683
-781
-766
-730
-653
-690
-695
-629
-570
-426
-332
-166
26
183
430
635
885
1103
1311
1620
1821
2028
2198
2394
2704
2888
3015
3108
3234
3407
3550
3627
3712
3750
3793
3901
4011
4145
4153
4102
4132
4145
4201
4201
4077
3971
3771
3593
3389
3170
2944
2669
2336
1991
1570
1146
736
292
-105
-564
-1026
-1522
-2045
-2436
-2869
-3248
-3614
-3967
-4229
-4510
-4697
-4848
-4930
-4953
-5007
-4920
-4820
-4721
-4546
-4407
-4136
-3867
-3640
-3319
-3026
-2704
-2381
-2115
-1812
-1584
-1381
-1102
-802
-623
-507
-447
-388
-312
-315
-274
-266
-409
-541
-665
-677
-676
-836
-938
-1035
-1160
-1176
-1170
-1079
-985
-1016
-1021
-908
-776
-599
-492
-387
-166
-10
237
485
711
945
1142
1469
1790
2022
2178
2366
2542
2745
2931
3036
3106
3082
3087
3161
3298
3374
3312
3205
3217
3332
3486
3596
3615
3682
3708
3812
3949
4039
4096
4060
3990
3928
3909
3754
3554
3239
2951
2747
2461
2196
1769
1268
882
470
143
-212
-633
-1106
-1665
-2153
-2599
-2982
-3424
-3842
-4237
-4580
-4847
-5118
-5285
-5407
-5505
-5474
-5377
-5200
-5039
-4861
-4599
-4334
-4028
-3719
-3400
-3085
-2831
-2599
-2291
-2029
-1786
-1609
-1487
-1261
-1115
-1012
-931
-916
-856
-800
-726
-657
-685
-744
-727
-716
-722
-752
-784
-771
-785
-771
-730
-661
-555
-449
-318
-187
-51
92
250
485
676
850
1025
1175
1356
1521
1648
1764
1794
1881
1970
1999
2070
2052
2052
2115
2097
2175
2241
2287
2423
2435
2545
2688
2825
3036
3151
3304
3469
3601
3784
3955
4048
4218
4299
4385
4513
4446
4376
4242
4068
3946
3739
3512
3259
2876
2466
2026
1534
1099
616
55
-493
-1104
-1698
-2279
-2866
-3413
-3948
-4425
-4781
-5076
-5369
-5625
-5798
-5909
-5968
-5958
-5901
-5735
-5578
-5420
-5156
-4907
-4586
-4271
-3978
-3613
-3351
-3062
-2704
-2363
-2001
-1736
-1497
-1185
-910
-651
-456
-356
-205
-117
-14
118
116
126
55
61
132
74
66
11
-36
-30
-33
47
97
93
111
99
148
215
221
250
234
252
331
391
469
494
537
597
701
859
950
1077
1166
1306
1491
1612
1749
1892
2064
2229
2432
2632
2832
3054
3221
3482
3766
4035
4329
4512
4722
4927
5082
5293
5453
5516
5517
5498
5427
5305
5113
4832
4522
4131
3759
3350
2916
2365
1772
1141
564
22
-559
-1096
-1746
-2381
-2937
-3545
-3984
-4457
-4956
-5321
-5727
-5998
-6153
-6331
-6403
-6443
-6392
-6219
-6051
-5867
-5667
-5386
-5028
-4668
-4304
-3943
-3550
-3211
-2897
-2520
-2167
-1829
-1563
-1292
-998
-760
-499
-290
-162
-41
52
177
300
358
344
274
173
139
144
105
22
-174
-304
-353
-352
-294
-355
-389
-397
-391
-272
-197
-105
-49
8
155
350
496
608
777
866
1087
1234
1403
1700
1791
2059
2313
2464
2773
2917
3157
3434
3517
3781
3945
4094
4352
4451
4611
4776
4816
4938
4970
4953
5030
4949
4964
4971
4823
4739
4535
4351
4175
3791
3528
3163
2742
2400
1906
1480
969
350
-112
-654
-1169
-1703
-2296
-2739
-3255
-3746
-4169
-4623
-4930
-5218
-5507
-5710
-5940
-6067
-6123
-6143
-6079
-6008
-5905
-5699
-5452
-5189
-4917
-4618
-4214
-3848
-3420
-3004
-2629
-2241
-1925
-1549
-1194
-875
-536
-304
-108
57
193
319
384
432
460
439
331
243
153
21
-86
-257
-342
-456
-549
-631
-698
-731
-786
-783
-811
-722
-642
-614
-528
-439
-243
-33
155
355
586
800
1089
1398
1608
1861
2050
2310
2619
2797
2996
3135
3226
3421
3507
3580
3628
3595
3687
3739
3711
3723
3694
3678
3752
3720
3711
3674
3585
3647
3548
3497
3451
3265
3223
3084
2928
2849
2586
2363
2183
1885
1737
1474
1098
854
431
115
-248
-718
-1005
-1435
-1816
-2172
-2619
-2942
-3352
-3722
-3983
-4262
-4519
-4725
-4901
-4973
-5016
-5039
-4960
-4871
-4728
-4583
-4400
-4103
-3791
-3503
-3278
-3045
-2755
-2454
-2119
-1827
-1572
-1397
-1235
-986
-730
-562
-501
-469
-397
-304
-293
-304
-322
-422
-484
-551
-652
-718
-859
-972
-1021
-1082
-1090
-1112
-1127
-1057
-981
-832
-684
-568
-375
-263
-64
180
350
626
796
967
1208
1351
1607
1790
1901
2104
2188
2313
2437
2492
2603
2571
2557
2611
2587
2633
2631
2611
2631
2532
2548
2603
2641
2712
2649
2701
2787
2837
2979
3043
3160
3234
3258
3365
3388
3463
3490
3455
3421
3276
3141
2993
2813
2644
2336
2008
1648
1247
866
437
36
-380
-877
-1289
-1764
-2174
-2546
-3000
-3323
-3715
-4004
-4218
-4509
-4630
-4782
-4885
-4871
-4924
-4831
-4735
-4687
-4477
-4316
-4075
-3818
-3699
-3375
-3080
-2835
-2549
-2428
-2155
-1933
-1759
-1465
-1369
-1224
-1150
-1149
-988
-958
-919
-894
-984
-950
-971
-1011
-924
-970
-962
-920
-941
-799
-766
-692
-529
-479
-309
-164
-11
235
370
550
756
935
1162
1340
1500
1663
1795
1950
2094
2224
2351
2427
2481
2518
2545
2615
2652
2656
2669
2611
2610
2613
2629
2682
2669
2710
2764
2797
2895
2972
3035
3141
3204
3327
3442
3517
3624
3623
3670
3739
3788
3858
3806
3730
3627
3436
3299
3115
2883
2604
2276
1949
1607
1197
754
274
-177
-563
-992
-1447
-1916
-2393
-2804
-3199
-3559
-3848
-4170
-4483
-4720
-4897
-5010
-5115
-5226
-5238
-5226
-5175
-5070
-4956
-4812
-4676
-4512
-4285
-4052
-3810
-3638
-3448
-3238
-3038
-2819
-2665
-2457
-2249
-2110
-1934
-1836
-1737
-1591
-1519
-1359
-1246
-1206
-1076
-1028
-939
-798
-745
-594
-490
-412
-230
-140
28
233
347
543
665
820
1049
1179
1333
1454
1541
1734
1864
1979
2087
2108
2212
2285
2330
2387
2379
2410
2464
2476
2497
2485
2462
2486
2485
2496
2552
2577
2645
2738
2803
2927
3007
3100
3273
3397
3523
3615
3688
3823
3927
4020
4065
4085
4116
4107
4072
4009
3889
3743
3526
3265
3009
2703
2393
2005
1579
1152
680
234
-247
-758
-1234
-1726
-2187
-2663
-3151
-3570
-3973
-4328
-4639
-4984
-5266
-5486
-5656
-5766
-5896
-5942
-5959
-5931
-5857
-5750
-5594
-5457
-5309
-5117
-4891
-4627
-4372
-4142
-3899
-3688
-3445
-3183
-2915
-2653
-2448
-2249
-2054
-1874
-1647
-1482
-1303
-1101
-961
-781
-652
-517
-346
-234
-57
100
210
369
472
632
842
1002
1196
1339
1463
1653
1803
1951
2088
2169
2290
2410
2525
2648
2690
2734
2807
2886
2977
3020
3019
3002
2996
3025
3088
3097
3043
2993
2974
3006
3039
3026
3060
3086
3097
3137
3164
3217
3276
3321
3333
3372
3413
3439
3466
3452
3462
3437
3375
3349
3234
3097
2950
2727
2556
2339
2033
1748
1350
993
704
322
-42
-511
-1020
-1421
-1875
-2224
-2564
-3030
-3443
-3878
-4236
-4467
-4780
-5060
-5337
-5632
-5752
-5892
-5967
-5952
-6029
-6006
-5966
-5908
-5727
-5610
-5438
-5220
-5066
-4849
-4606
-4319
-3967
-3717
-3486
-3252
-2986
-2630
-2316
-2036
-1829
-1630
-1362
-1069
-765
-544
-380
-204
-15
247
473
617
781
885
1042
1258
1409
1581
1666
1754
1924
2047
2205
2343
2407
2513
2588
2672
2797
2845
2937
2986
3013
3093
3131
3176
3196
3176
3200
3210
3219
3239
3203
3188
3171
3164
3180
3176
3165
3140
3114
3130
3116
3095
3086
3063
3068
3030
2992
2991
2951
2895
2849
2755
2674
2589
2467
2388
2253
2067
1881
1684
1528
1334
1055
771
458
151
-139
-432
-721
-1093
-1491
-1856
-2186
-2452
-2741
-3070
-3388
-3701
-3955
-4169
-4396
-4620
-4870
-5086
-5192
-5281
-5369
-5413
-5487
-5513
-5473
-5426
-5320
-5253
-5156
-5012
-4874
-4664
-4431
-4218
-3994
-3807
-3579
-3303
-3025
-2722
-2470
-2226
-1973
-1694
-1381
-1079
-833
-612
-379
-90
223
495
700
889
1115
1368
1625
1854
2036
2171
2338
2515
2687
2832
2941
3034
3111
3189
3256
3305
3361
3406
3444
3442
3407
3383
3378
3380
3347
3276
3185
3126
3089
3081
3032
2929
2848
2805
2788
2754
2659
2572
2513
2493
2501
2457
2406
2372
2334
2352
2352
2299
2230
2154
2147
2135
2066
1980
1868
1753
1644
1519
1405
1248
1042
859
643
442
200
-99
-352
-610
-889
-1189
-1529
-1849
-2143
-2466
-2776
-3094
-3382
-3651
-3941
-4211
-4487
-4724
-4918
-5112
-5273
-5443
-5559
-5633
-5701
-5713
-5719
-5706
-5628
-5539
-5396
-5223
-5081
-4885
-4665
-4398
-4093
-3841
-3566
-3261
-2950
-2577
-2223
-1910
-1564
-1238
-888
-536
-216
111
420
737
1050
1318
1581
1815
2074
2319
2498
2678
2817
2933
3098
3223
3324
3417
3440
3517
3556
3564
3591
3544
3519
3508
3452
3439
3357
3244
3181
3081
3032
2964
2812
2726
2624
2525
2460
2336
2241
2145
2033
1983
1908
1828
1756
1683
1684
1643
1577
1531
1461
1439
1420
1399
1404
1364
1334
1311
1271
1264
1217
1159
1096
989
898
803
705
610
461
291
100
-112
-283
-479
-687
-928
-1217
-1485
-1743
-1975
-2234
-2534
-2823
-3103
-3366
-3570
-3788
-4020
-4253
-4473
-4617
-4747
-4858
-4970
-5086
-5131
-5130
-5109
-5058
-4998
-4903
-4765
-4615
-4422
-4208
-4002
-3760
-3481
-3193
-2899
-2618
-2307
-1941
-1592
-1255
-930
-611
-259
77
373
681
961
1255
1521
1735
1965
2149
2339
2540
2706
2845
2956
3032
3097
3150
3188
3224
3223
3201
3165
3121
3082
3020
2967
2894
2801
2715
2627
2552
2462
2348
2257
2164
2086
2016
1935
1876
1812
1747
1696
1657
1651
1628
1586
1553
1527
1528
1532
1520
1498
1468
1466
1496
1523
1511
1470
1432
1426
1436
1417
1381
1286
1200
1144
1077
1017
891
723
579
421
300
159
-48
-237
-456
-663
-836
-1061
-1270
-1501
-1754
-1960
-2200
-2411
-2609
-2831
-3027
-3234
-3418
-3566
-3721
-3835
-3955
-4102
-4190
-4247
-4271
-4260
-4283
-4284
-4246
-4169
-4036
-3917
-3793
-3660
-3519
-3285
-3035
-2827
-2621
-2405
-2119
-1812
-1529
-1252
-986
-692
-384
-76
212
473
727
970
1226
1479
1688
1888
2078
2243
2405
2537
2659
2776
2859
2932
2978
3016
3048
3041
3031
3001
2942
2918
2880
2820
2746
2648
2558
2453
2357
2274
2164
2042
1912
1801
1719
1630
1544
1450
1350
1265
1195
1143
1085
1005
933
878
841
808
742
679
651
638
606
554
500
458
436
429
411
358
291
236
215
205
144
67
-19
-89
-138
-231
-331
-447
-573
-666
-763
-866
-979
-1126
-1262
-1386
-1484
-1571
-1702
-1828
-1940
-2058
-2144
-2228
-2317
-2386
-2470
-2538
-2591
-2647
-2667
-2674
-2673
-2651
-2649
-2615
-2560
-2504
-2418
-2361
-2275
-2146
-2041
-1903
-1774
-1662
-1526
-1383
-1199
-1024
-885
-734
-565
-373
-173
-12
135
279
432
608
770
914
1045
1155
1285
1422
1534
1630
1698
1765
1842
1910
1972
2018
2049
2064
2062
2069
2086
2076
2056
2014
1961
1925
1886
1847
1783
1704
1606
1488
1436
1434
1379
1264
1159
1035
936
911
867
786
713
615
531
478
443
389
304
233
203
187
151
101
40
-15
-43
-47
-60
-95
-118
-150
-190
-216
-243
-291
-327
-349
-366
-408
-454
-484
-521
-552
-603
-673
-724
-781
-843
-891
-942
-997
-1061
-1117
-1172
-1237
-1304
-1345
-1382
-1436
-1495
-1558
-1583
-1581
-1586
-1602
-1646
-1680
-1673
-1641
-1609
-1589
-1587
-1554
-1485
-1411
-1323
-1262
-1208
-1131
-1042
-935
-835
-746
-624
-488
-342
-188
-76
61
193
315
466
600
746
892
1004
1124
1233
1331
1454
1557
1639
1702
1737
1791
1840
1867
1911
1937
1936
1926
1891
1859
1829
1762
1678
1594
1531
1480
1403
1292
1181
1075
977
870
759
635
505
399
315
234
141
32
-78
-170
-243
-318
-400
-475
-520
-559
-609
-676
-731
-769
-779
-791
-826
-862
-885
-870
-847
-820
-808
-817
-804
-771
-755
-747
-742
-737
-709
-674
-665
-665
-642
-608
-602
-625
-625
-610
-586
-560
-526
-514
-531
-533
-528
-508
-467
-472
-496
-485
-459
-425
-416
-418
-420
-386
-325
-263
-217
-187
-179
-156
-95
-28
30
64
103
161
222
296
364
418
484
565
631
688
729
788
847
896
949
997
1028
1041
1067
1107
1136
1159
1162
1146
1151
1155
1155
1132
1100
1069
1025
1000
986
936
871
791
704
629
562
505
432
348
245
147
52
-21
-90
-179
-273
-359
-441
-525
-600
-664
-726
-798
-873
-933
-980
-1012
-1046
-1088
-1125
-1168
-1197
-1210
-1215
-1215
-1228
-1219
-1196
-1184
-1150
-1114
-1069
-1038
-1001
-941
-887
-837
-794
-759
-697
-622
-561
-504
-455
-395
-323
-238
-156
-98
-35
20
97
180
234
273
316
361
425
483
537
555
572
628
682
728
758
790
825
829
846
897
916
945
945
931
956
958
969
985
978
963
951
944
977
975
961
934
905
934
944
925
913
881
863
864
862
855
827
786
766
740
714
680
628
596
543
485
441
399
348
300
212
140
41
-21
-72
-130
-208
-300
-403
-471
-531
-600
-685
-799
-880
-961
-1041
-1106
-1183
-1255
-1326
-1397
-1447
-1508
-1552
-1600
-1633
-1644
-1678
-1704
-1720
-1738
-1746
-1745
-1751
-1744
-1729
-1688
-1648
-1611
-1566
-1518
-1464
-1378
-1299
-1217
-1131
-1051
-956
-872
-779
-677
-581
-467
-347
-233
-123
-15
92
200
303
406
509
613
698
797
898
978
1062
1128
1195
1276
1343
1389
1430
1462
1501
1530
1561
1565
1533
1541
1561
1571
1570
1539
1523
1505
1483
1477
1442
1384
1339
1283
1275
1244
1158
1089
1039
1014
1005
935
859
793
736
723
698
657
577
495
461
470
451
386
270
177
143
118
96
28
-78
-155
-185
-201
-226
-279
-354
-421
-478
-503
-540
-604
-682
-766
-817
-841
-890
-964
-1039
-1104
-1145
-1174
-1192
-1221
-1275
-1334
-1374
-1377
-1383
-1423
-1473
-1519
-1518
-1478
-1495
-1532
-1552
-1548
-1501
-1456
-1412
-1407
-1393
-1358
-1308
-1256
-1210
-1166
-1104
-1028
-962
-885
-804
-732
-649
-556
-478
-397
-352
-271
-184
-103
-8
62
156
245
325
410
478
568
624
658
716
779
857
910
947
973
989
1034
1098
1139
1146
1141
1144
1182
1202
1195
1197
1172
1172
1179
1192
1206
1169
1150
1149
1153
1154
1118
1071
1033
1000
984
982
960
934
893
859
843
815
776
723
694
674
649
595
515
456
386
365
358
311
242
162
116
73
7
-50
-121
-181
-230
-294
-362
-446
-537
-576
-602
-641
-715
-838
-906
-941
-962
-976
-1035
-1096
-1140
-1141
-1124
-1135
-1180
-1233
-1236
-1211
-1158
-1177
-1206
-1211
-1203
-1130
-1036
-999
-985
-969
-908
-794
-693
-642
-615
-568
-491
-374
-274
-180
-137
-95
19
118
220
280
314
404
482
555
616
656
705
756
818
873
907
900
897
914
961
1017
989
943
904
873
913
904
875
789
711
714
701
681
607
510
469
445
434
375
278
192
136
118
99
60
-17
-97
-134
-150
-156
-187
-245
-296
-303
-289
-300
-347
-405
-422
-408
-362
-330
-363
-414
-463
-453
-401
-368
-364
-421
-472
-449
-405
-369
-384
-444
-499
-479
-420
-378
-405
-465
-482
-512
-488
-496
-523
-531
-588
-576
-584
-577
-586
-658
-621
-619
-582
-567
-593
-603
-623
-537
-484
-471
-427
-450
-439
-356
-271
-212
-173
-161
-111
35
114
184
209
232
340
431
559
636
670
738
774
876
976
1008
1045
1083
1156
1227
1256
1281
1302
1296
1338
1406
1444
1437
1374
1344
1348
1374
1339
1250
1207
1159
1162
1139
1050
958
826
792
769
747
701
546
466
375
336
302
184
95
-4
-55
-109
-206
-305
-402
-475
-552
-563
-630
-671
-743
-844
-845
-930
-921
-951
-1042
-1008
-1092
-1103
-1139
-1217
-1221
-1281
-1264
-1241
-1269
-1289
-1303
-1292
-1272
-1266
-1286
-1276
-1279
-1278
-1247
-1254
-1261
-1282
-1252
-1211
-1182
-1183
-1191
-1137
-1102
-1056
-1048
-1036
-965
-929
-843
-786
-737
-671
-658
-587
-476
-388
-329
-307
-266
-159
-40
49
127
137
213
341
433
572
626
688
774
834
962
1027
1092
1155
1206
1315
1379
1421
1428
1463
1509
1544
1616
1601
1610
1628
1599
1643
1640
1626
1605
1541
1553
1553
1540
1501
1389
1316
1274
1250
1247
1180
1057
962
933
906
860
766
637
560
501
459
426
301
208
139
63
69
-18
-115
-164
-249
-260
-317
-389
-440
-540
-584
-594
-618
-654
-721
-795
-802
-796
-822
-834
-892
-938
-923
-929
-906
-923
-1001
-991
-976
-989
-950
-986
-1015
-987
-1022
-969
-950
-989
-948
-998
-970
-898
-941
-890
-898
-901
-832
-843
-800
-776
-803
-755
-728
-688
-624
-633
-588
-518
-480
-403
-419
-404
-343
-302
-183
-162
-150
-124
-94
28
69
122
155
171
265
309
368
394
400
458
511
583
607
609
626
665
725
759
779
774
780
780
836
883
884
885
831
855
906
916
937
867
810
804
808
858
835
757
713
688
709
699
646
589
532
503
517
503
427
340
274
255
249
199
126
50
18
-4
-39
-85
-169
-235
-283
-268
-260
-321
-387
-476
-512
-479
-470
-480
-551
-647
-654
-633
-618
-602
-701
-755
-711
-712
-628
-656
-722
-691
-750
-671
-614
-658
-628
-690
-633
-548
-559
-536
-577
-551
-467
-419
-376
-386
-387
-350
-291
-237
-203
-197
-196
-150
-65
2
16
-1
-1
73
155
214
240
203
218
266
314
389
384
382
390
416
509
503
496
483
473
566
558
564
571
524
574
578
587
615
551
539
536
542
590
552
502
454
435
470
472
464
405
359
370
377
385
335
249
215
204
226
224
141
88
17
-8
37
4
-42
-110
-153
-128
-151
-188
-238
-273
-259
-274
-319
-337
-365
-419
-430
-451
-441
-429
-507
-522
-515
-499
-445
-522
-540
-534
-552
-457
-469
-475
-491
-546
-458
-411
-387
-385
-439
-415
-342
-294
-267
-299
-321
-259
-213
-142
-131
-168
-136
-93
-8
9
-1
6
2
92
121
153
168
101
145
170
250
331
253
246
215
258
381
343
335
297
279
367
378
414
402
340
333
344
418
440
396
344
350
398
381
376
347
327
353
310
349
371
307
298
247
281
339
250
204
177
172
230
182
135
97
6
40
95
77
42
-47
-71
-37
-42
-56
-85
-149
-170
-169
-193
-187
-248
-298
-278
-308
-300
-328
-381
-354
-375
-376
-384
-411
-400
-428
-415
-380
-397
-404
-435
-452
-420
-412
-395
-407
-428
-395
-370
-337
-336
-343
-316
-295
-256
-228
-215
-212
-220
-181
-140
-104
-103
-119
-81
-51
-32
-30
-13
40
47
49
70
135
181
173
177
195
247
248
239
265
278
315
312
302
350
332
319
378
381
412
390
362
442
406
413
429
376
424
386
392
433
364
367
336
347
373
280
267
261
251
226
184
213
184
146
125
112
150
92
36
34
22
56
-5
-73
-84
-151
-146
-125
-134
-159
-224
-254
-227
-209
-235
-248
-289
-293
-269
-298
-276
-320
-363
-340
-369
-354
-361
-393
-368
-374
-385
-350
-368
-363
-318
-351
-274
-249
-313
-273
-326
-269
-169
-200
-146
-200
-243
-144
-161
-102
-68
-146
-48
-55
-37
93
5
43
52
17
176
133
124
191
119
180
169
114
216
185
179
237
181
250
249
184
275
249
267
299
208
267
272
259
307
237
215
202
178
249
223
170
167
146
207
211
175
182
130
152
158
152
167
87
79
75
78
80
-8
15
21
6
25
-40
-37
-42
-73
-28
-51
-56
-76
-151
-110
-79
-76
-76
-135
-132
-149
-143
-100
-146
-162
-181
-171
-116
-121
-121
-161
-182
-142
-134
-125
-143
-167
-141
-133
-117
-116
-161
-153
-132
-124
-83
-101
-120
-103
-110
-59
-38
-76
-76
-92
-69
-2
-8
-26
-50
-114
-41
19
20
46
-39
-26
34
25
84
42
-11
18
-4
66
105
27
30
20
52
112
34
48
60
36
82
49
67
77
24
53
98
120
105
62
51
103
122
111
108
53
52
83
107
145
93
42
40
76
128
132
103
77
84
96
122
112
65
59
45
77
85
37
27
18
36
51
39
16
2
3
6
31
13
-5
-31
-61
-15
9
-1
-35
-102
-82
-39
-20
-16
-90
-112
-79
-68
-16
-41
-97
-96
-121
-49
-17
-86
-84
-115
-70
-24
-93
-64
-83
-105
-70
-100
-48
-61
-107
-61
-62
-13
-30
-78
-59
-55
4
2
-2
-7
-65
-38
-5
49
40
-38
-24
4
49
61
11
0
0
22
82
87
34
3
14
87
107
59
32
26
69
81
91
93
48
55
46
103
157
85
60
24
63
147
104
104
71
12
68
76
105
102
-7
11
29
52
105
17
-12
-1
3
84
57
4
-2
-23
29
45
-5
-19
-41
-51
-14
-11
-28
-43
-84
-49
-7
-34
-29
-75
-86
-40
-59
-33
-50
-118
-89
-91
-52
-18
-96
-92
-93
-93
-34
-74
-70
-73
-119
-58
-43
-53
-54
-87
-42
-14
-57
-57
-54
-46
-13
-38
-29
-25
-69
-41
-9
18
22
-30
-33
3
25
26
14
2
9
4
13
54
29
5
-3
10
64
51
28
22
24
51
54
56
47
42
40
55
71
40
22
12
33
60
53
54
24
14
38
42
60
42
10
16
24
43
55
16
-6
-14
-4
44
42
28
11
-14
13
13
14
18
-17
-5
14
28
30
-15
-7
18
30
36
1
-2
-5
-10
1
2
4
-17
-22
-6
7
-6
-35
-40
-44
-30
-21
-17
-12
-50
-54
-42
-23
-6
-46
-59
-47
-45
-25
-40
-46
-37
-53
-22
-6
-29
-36
-56
-24
15
-8
-28
-54
-47
-16
-27
-9
-13
-45
-26
-17
21
24
-28
-23
-28
-6
22
-4
2
-4
-20
-5
5
16
17
-13
-9
12
8
18
-1
-3
30
22
37
26
0
28
25
43
40
12
23
21
29
49
28
10
14
10
35
41
28
35
9
20
38
36
57
28
16
22
12
34
18
9
20
12
23
20
15
16
-6
8
30
28
20
-6
5
28
21
15
-1
-5
12
18
25
25
-10
-21
-2
19
42
12
-19
-7
2
26
39
15
11
-12
-8
31
12
-2
-24
-32
17
15
8
-9
-42
-26
-14
-2
2
-35
-43
-23
3
26
-4
-36
-35
-33
-10
10
-5
-18
-37
-34
0
7
-8
-30
-42
-4
25
25
9
-20
-29
-13
3
16
6
-29
-37
-21
-3
10
-16
-32
-21
1
12
-8
-19
-11
6
22
8
-6
-22
-28
-17
-17
7
-1
-29
-23
-10
16
12
-8
-7
-22
-17
2
20
22
-8
-22
-19
-5
9
-7
-23
-22
-19
1
-4
-11
-16
-17
18
19
-4
-17
-25
19
31
4
-9
-21
-4
2
8
32
5
-15
-11
7
38
17
-18
-24
-9
15
20
12
9
9
2
16
31
34
32
4
-4
9
11
14
-3
-11
12
23
35
29
10
25
29
30
28
0
3
3
-3
24
27
19
4
0
31
46
39
19
-4
-2
21
40
33
11
-4
-2
13
32
27
8
1
4
22
25
9
-19
-24
7
33
26
-3
-26
-29
-9
5
-2
-11
-38
-39
-20
13
28
-24
-52
-43
-26
-10
-22
-34
-38
-49
-21
-3
-19
-29
-69
-53
-14
-11
-9
-48
-55
-30
-33
-14
-20
-50
-53
-47
-30
-23
-38
-51
-48
-40
-34
-35
-40
-26
-36
-25
24
29
20
-19
-34
9
5
-2
-15
-27
3
13
16
23
4
-1
-3
7
53
50
17
12
20
39
39
31
44
41
39
37
29
38
39
30
20
13
23
26
16
14
23
35
38
33
31
33
28
23
24
21
14
4
9
21
23
10
1
-1
7
18
12
5
7
7
22
25
14
3
2
17
14
7
3
9
13
-5
-15
-21
-14
-8
-8
4
11
1
-12
-6
20
22
-6
-32
-33
-24
-22
-29
-40
-32
-33
-38
-25
-26
-26
-36
-41
-14
-15
-23
-26
-35
-24
-24
-14
-4
-19
-23
-24
-17
-4
-10
-4
-8
-23
-14
3
13
14
-2
-10
-6
6
23
20
-2
-12
2
15
15
1
-6
-5
-2
13
13
5
-7
-24
-4
11
5
4
-7
4
16
2
7
5
2
6
-14
-9
-2
-17
-10
-15
-3
15
3
-5
-10
-11
7
0
-1
10
-4
-1
1
4
10
0
5
10
14
21
16
14
13
16
16
19
18
18
32
34
34
21
11
25
24
20
14
-2
4
15
17
17
5
9
12
0
3
-3
-18
-21
-18
8
15
-7
-8
-10
-10
-5
-12
0
-2
-17
-19
-20
2
3
-24
-18
-6
-1
2
-4
-9
-18
-24
-22
-23
-21
-23
-35
-32
-11
7
2
-21
-18
2
1
-4
-14
-23
-22
-16
-6
3
1
-6
-5
3
14
11
0
-2
-5
4
23
22
14
10
10
25
33
25
10
9
26
24
6
0
-1
-16
-15
11
25
11
-6
-3
14
20
8
-13
-23
-13
-4
-4
-2
3
0
-20
-22
15
37
23
-5
-23
-5
12
15
24
11
1
9
12
18
10
-10
-12
-21
-9
8
