-7
12
26
27
27
25
26
27
21
21
12
7
12
10
14
21
7
-3
9
6
-2
9
15
17
23
35
20
1
-4
-5
7
24
44
32
5
-1
-8
-14
-2
26
39
55
45
20
-2
-32
-31
-8
9
22
31
20
8
-14
-17
-6
-4
9
22
7
-16
-30
-55
-51
-37
-21
-14
-11
-15
-32
-37
-31
-30
-38
-30
-26
-36
-33
-28
-24
-16
-1
-4
-24
-33
-50
-58
-59
-45
-16
-18
-34
-60
-85
-87
-61
-44
-19
11
2
-15
-32
-59
-63
-53
-26
6
11
5
-17
-45
-56
-51
-29
3
15
25
32
12
-9
-9
2
8
23
50
44
17
13
14
12
33
47
44
45
42
35
27
28
44
50
49
51
46
41
55
81
106
117
113
107
82
63
71
84
88
98
104
86
60
39
21
23
46
55
52
47
26
-7
-19
-10
6
16
13
16
-4
-33
-49
-59
-63
-55
-46
-52
-67
-83
-98
-116
-122
-122
-114
-113
-128
-133
-150
-171
-172
-182
-201
-225
-248
-277
-294
-282
-272
-282
-281
-285
-303
-319
-334
-350
-337
-320
-314
-309
-308
-308
-304
-278
-240
-201
-169
-145
-130
-120
-112
-105
-72
-26
0
31
63
82
91
112
160
206
252
302
348
383
407
426
463
513
552
596
631
656
668
680
709
749
780
803
810
798
776
736
713
691
667
649
627
593
557
500
456
411
353
308
232
154
80
-16
-98
-157
-224
-291
-355
-421
-489
-582
-663
-710
-769
-819
-846
-894
-944
-996
-1033
-1049
-1071
-1072
-1069
-1068
-1060
-1062
-1070
-1057
-1029
-1020
-988
-951
-910
-860
-819
-768
-690
-601
-513
-441
-368
-266
-200
-141
-32
65
154
247
329
411
482
559
640
721
804
890
952
1005
1040
1049
1088
1148
1186
1223
1263
1295
1301
1314
1319
1334
1340
1331
1333
1325
1312
1275
1256
1227
1207
1208
1171
1129
1080
1038
992
939
906
840
770
694
580
464
358
241
145
63
-43
-151
-264
-404
-531
-672
-809
-914
-1021
-1111
-1218
-1338
-1430
-1508
-1580
-1620
-1631
-1643
-1645
-1648
-1660
-1656
-1642
-1587
-1518
-1451
-1367
-1304
-1218
-1119
-1034
-935
-795
-674
-594
-495
-400
-321
-244
-161
-81
1
65
109
147
172
209
263
317
376
396
407
416
371
330
334
339
359
409
431
458
476
466
483
494
539
599
614
631
640
633
648
681
713
760
799
834
841
819
818
829
848
904
883
879
869
833
816
767
789
804
800
800
771
727
717
671
653
660
625
608
536
433
335
233
145
100
50
-5
-59
-174
-249
-344
-499
-563
-635
-730
-812
-928
-992
-1063
-1128
-1143
-1186
-1201
-1199
-1234
-1289
-1316
-1317
-1320
-1281
-1233
-1211
-1181
-1106
-1058
-1004
-909
-801
-676
-572
-494
-440
-403
-336
-274
-258
-184
-124
-125
-98
-85
-105
-91
-69
-35
26
-28
-37
-56
-126
-137
-199
-177
-109
-113
-133
-132
-124
-108
-58
10
83
154
185
202
194
237
278
325
413
513
544
593
673
712
769
851
933
1000
1062
1077
1084
1083
1125
1165
1209
1252
1319
1326
1304
1284
1233
1237
1204
1185
1159
1110
1048
990
902
815
772
701
640
545
385
272
131
-10
-146
-325
-432
-577
-784
-972
-1131
-1239
-1372
-1490
-1551
-1659
-1749
-1845
-1918
-1951
-1948
-1918
-1919
-1879
-1872
-1856
-1809
-1721
-1603
-1489
-1359
-1195
-1073
-1000
-921
-828
-700
-608
-469
-344
-281
-182
-122
-53
46
168
291
365
395
390
359
361
388
422
423
479
540
534
524
467
500
548
562
591
572
567
541
503
531
544
595
692
725
741
715
701
733
746
809
850
904
860
891
819
827
856
833
990
1016
1058
1079
1085
1071
1119
1132
1202
1274
1214
1194
1090
1040
1066
1088
1098
1102
1061
982
894
705
641
509
411
338
125
-28
-239
-409
-567
-724
-828
-903
-998
-1173
-1364
-1519
-1670
-1778
-1841
-1878
-1939
-2022
-2071
-2111
-2129
-2119
-2021
-1878
-1782
-1733
-1684
-1609
-1495
-1406
-1234
-1034
-867
-720
-640
-544
-416
-311
-134
70
153
266
316
333
330
347
406
521
635
628
589
601
596
617
626
589
675
646
541
420
336
316
334
349
428
452
348
360
308
214
203
244
270
388
334
256
353
291
403
478
477
669
628
629
614
600
634
731
832
782
834
823
832
826
870
939
1039
1121
1175
1193
1096
1263
1221
1233
1230
1210
1242
1106
1052
870
871
818
784
737
570
455
231
72
-164
-335
-490
-611
-744
-940
-1132
-1337
-1396
-1504
-1564
-1660
-1698
-1769
-1887
-1946
-2027
-2030
-2014
-1902
-1863
-1830
-1767
-1710
-1611
-1489
-1321
-1206
-1057
-895
-849
-816
-686
-577
-460
-346
-228
-155
-67
-53
-51
5
70
142
129
166
49
92
-10
34
-2
-35
99
34
138
-38
107
-13
143
195
108
279
77
229
99
109
190
297
359
464
448
410
543
395
559
504
494
714
540
687
599
715
757
888
968
994
1148
968
1243
1054
1228
1353
1414
1581
1525
1602
1590
1582
1610
1645
1587
1652
1602
1568
1493
1372
1337
1263
1237
1087
940
814
520
291
6
-216
-335
-537
-710
-956
-1240
-1441
-1622
-1785
-1885
-1964
-2038
-2152
-2307
-2406
-2463
-2452
-2413
-2370
-2344
-2298
-2229
-2183
-2112
-2031
-1809
-1673
-1514
-1444
-1368
-1240
-1232
-1062
-909
-789
-628
-486
-376
-355
-232
-321
-146
39
-87
200
162
158
343
202
367
495
461
649
450
549
485
500
522
602
637
720
705
748
696
682
882
577
966
623
735
708
468
713
327
612
525
643
564
651
711
659
889
753
1053
808
1144
820
1029
868
985
1105
1142
1481
1270
1697
1460
1620
1605
1591
1715
1575
1560
1514
1343
1298
1360
1157
1306
1107
1074
971
643
564
133
15
-233
-431
-559
-816
-953
-1218
-1396
-1534
-1694
-1766
-1871
-1967
-2087
-2098
-2180
-2217
-2300
-2304
-2294
-2273
-2258
-2252
-2179
-2079
-1897
-1717
-1508
-1357
-1184
-1153
-1159
-1078
-996
-928
-751
-760
-378
-502
-345
-75
-274
159
-56
361
261
223
340
265
404
355
655
375
766
637
705
647
682
762
705
803
698
935
466
938
430
617
800
326
906
442
753
647
727
741
789
781
802
864
659
852
566
827
642
1024
762
1124
1117
1021
1358
1014
1490
1176
1481
1369
1379
1407
1436
1491
1493
1555
1578
1579
1462
1483
1220
1339
1161
1136
1070
751
762
457
268
220
-77
-127
-304
-514
-644
-917
-893
-1082
-1238
-1247
-1487
-1618
-1731
-1943
-1992
-2123
-2123
-2123
-2189
-2154
-2222
-2220
-2252
-2253
-2184
-2109
-1930
-1776
-1777
-1590
-1541
-1406
-1347
-1205
-1113
-1093
-948
-940
-808
-647
-503
-403
-221
-319
-214
-329
-196
-45
-36
164
277
348
398
336
340
500
404
637
609
660
621
808
573
825
829
714
1035
681
1051
705
1020
801
1022
1024
920
1208
702
1241
558
1015
836
958
1180
908
1231
907
1110
908
1181
913
1239
1020
1119
1140
798
1104
929
1148
1064
1229
1075
1100
1083
919
946
931
824
894
705
725
729
443
685
453
485
368
201
-7
-220
-414
-646
-675
-853
-966
-987
-1246
-1287
-1454
-1689
-1638
-1728
-1829
-1937
-2058
-2164
-2269
-2359
-2327
-2252
-2187
-2145
-2111
-2132
-2045
-2013
-1882
-1828
-1740
-1616
-1659
-1551
-1584
-1382
-1293
-1136
-902
-820
-694
-395
-553
-245
-319
-212
42
-405
82
-170
-28
170
314
382
774
637
731
759
585
921
466
1061
859
1087
1066
1018
1169
989
1344
993
1447
1118
1257
1012
1058
829
843
926
783
1056
746
1178
751
1182
860
1135
1007
1010
1133
702
912
742
647
847
948
773
1127
660
921
737
616
973
796
1060
1107
942
1014
922
827
866
719
864
731
687
564
499
456
291
316
246
101
109
-85
-206
-385
-605
-584
-737
-781
-1016
-1000
-1292
-1508
-1474
-1687
-1690
-1749
-1924
-1928
-2088
-2116
-2095
-2159
-1906
-1920
-2011
-1866
-2027
-1921
-1917
-1910
-1556
-1871
-1373
-1701
-1457
-1517
-1519
-1073
-1441
-546
-986
-458
-644
-576
-354
-443
-265
-125
-38
-124
374
-112
674
161
902
595
890
972
622
1179
728
1249
1143
1400
1334
1627
1166
1601
1222
1557
1336
1584
1801
1195
2098
1045
1751
1237
1538
1623
1371
1750
1339
1597
1077
1625
1019
1311
1240
1124
1174
995
870
868
849
742
1053
599
943
827
480
819
460
613
698
590
715
459
594
396
315
361
309
434
370
372
202
250
119
26
117
-60
-55
-234
-611
-663
-944
-1092
-983
-1201
-1147
-1471
-1592
-1794
-1891
-1995
-1984
-2098
-2074
-2165
-2259
-2263
-2378
-2231
-2300
-2149
-2086
-2173
-2079
-2070
-2119
-1641
-2078
-1379
-1490
-1506
-1089
-1404
-906
-1166
-626
-608
-441
-55
-298
13
-133
3
311
307
783
687
915
853
1020
1037
997
1414
1198
1506
1516
1433
1539
1430
1492
1857
1584
1621
2322
1264
2128
1728
1648
2263
1415
2134
1301
1883
1182
1791
1272
1382
1682
965
1657
775
1242
737
1022
640
979
525
514
517
43
637
-72
419
183
121
68
-21
-8
-252
-61
-255
-68
-129
-15
-57
-125
27
-67
101
36
125
41
144
25
121
-16
-45
-15
-151
-311
-269
-251
-684
-490
-825
-876
-954
-1144
-1167
-1565
-1482
-1766
-1878
-1948
-1960
-1939
-2017
-2101
-2148
-2084
-2159
-2009
-2105
-2038
-2037
-2215
-2022
-2021
-2033
-1746
-1847
-1424
-1397
-1467
-994
-1123
-1050
-753
-525
-758
-223
-406
-226
-56
46
335
-52
915
198
1145
480
1047
1149
861
1473
1207
1429
1274
1833
1025
2112
1045
2448
1468
1990
1953
1323
2220
1151
2242
1403
1733
1844
1375
1464
1760
833
1619
1047
918
1506
425
1274
593
590
748
328
683
114
507
-51
202
143
-355
266
-337
18
-73
-497
11
-560
-393
-203
-312
-333
128
-516
-37
-355
-203
-81
-156
231
-396
150
-528
58
-227
73
33
-63
88
-293
-205
-504
-474
-834
-681
-991
-943
-945
-1323
-1192
-1270
-1535
-1398
-1640
-1796
-1649
-1985
-1899
-1952
-1899
-1901
-1876
-1894
-1740
-1796
-1702
-1631
-1716
-1325
-1519
-1319
-1133
-1077
-902
-863
-754
-569
-641
-30
-283
-61
409
-230
594
264
446
893
433
726
1417
97
1655
875
1049
1783
783
2221
569
2154
863
2050
1181
1532
2084
476
2651
472
2301
1409
1593
1951
1413
1885
1124
1878
641
1684
1086
1122
1320
1033
1431
335
1359
325
715
842
420
932
-266
1221
-472
563
388
-319
873
-839
1135
-740
269
-43
-180
267
-618
428
-693
309
-322
29
-221
-40
-120
-402
298
-333
418
-488
138
-358
-596
-5
-444
-122
-532
-248
-852
-691
-861
-899
-1139
-1363
-1347
-1782
-1601
-1866
-1488
-2024
-1938
-1833
-2373
-1918
-1897
-1859
-1974
-1735
-1911
-1719
-1793
-1745
-1458
-1683
-1179
-1210
-1178
-849
-767
-837
-38
-798
23
14
-357
739
-522
1135
207
846
882
695
1403
508
1968
192
1844
1019
978
1834
1437
1372
2176
1346
1463
2218
718
2807
1090
2200
1399
2021
1653
1805
2274
1117
2532
847
2232
1179
1628
1292
1607
1306
828
1761
127
1680
198
1212
23
518
233
183
394
-392
738
-904
594
-906
356
-517
-35
-242
-873
138
-1310
151
-917
-637
-356
-1004
-612
-685
-523
-650
-263
-674
-86
-654
121
-347
-259
-302
-865
-121
-1069
-42
-842
-730
-419
-1196
-738
-1494
-989
-1455
-1395
-1464
-1869
-1416
-2244
-1601
-2132
-1959
-1742
-2259
-1832
-2030
-1940
-1879
-1813
-2030
-1727
-1786
-1535
-1431
-1612
-802
-1442
-438
-1164
-536
-118
-768
782
-238
535
445
830
489
890
627
1062
1269
599
1878
708
2420
224
2251
1488
1017
2526
676
2417
1263
1796
1775
1863
1002
2615
943
2182
1578
1616
1934
672
2408
210
2391
389
1880
1015
785
1358
470
1457
426
898
853
1256
-479
1916
-223
-9
864
-742
1237
-1064
640
191
-838
446
-635
-56
-1086
544
-969
-555
-147
-807
175
-1486
371
-1171
-271
-951
47
-935
-732
149
-1454
546
-1269
-75
-691
-719
-790
-650
-576
-826
-475
-1568
-1062
-1402
-1269
-1410
-1553
-1543
-1766
-1865
-1909
-2205
-2171
-2160
-2478
-2240
-2450
-2269
-1984
-2112
-1930
-2080
-2101
-1549
-1994
-1351
-1569
-1376
-912
-1006
-690
-1098
82
-196
248
368
111
893
-13
1174
818
452
1400
880
1396
987
1668
1589
1956
756
2169
1526
1208
2771
1134
2322
1030
2518
1526
1969
1899
2115
1890
876
3407
694
2374
1815
1622
2025
1020
1958
1375
1386
1474
1530
391
1670
710
898
439
1391
365
244
1475
-1051
1163
257
73
806
-580
-39
722
-1039
625
190
-1178
747
-652
-111
6
-361
127
-560
121
-140
383
183
-95
195
-666
862
-135
-181
-245
-778
16
-127
-136
-183
-634
-963
-1185
-1692
-743
-1463
-1383
-1753
-2758
-1770
-2883
-2299
-2525
-3136
-2464
-3288
-2886
-2916
-2766
-2334
-2837
-2217
-2350
-2142
-1660
-2005
-1328
-1378
-1056
-939
-849
-646
-26
141
302
384
544
666
404
1010
1032
1311
1048
1421
1331
917
1628
1485
982
1288
959
1271
1210
1521
1782
1254
1378
1157
1509
700
1665
1687
1107
1550
2059
1454
1719
1863
1162
2286
894
2904
914
2014
1749
584
2446
-143
2410
419
1547
1516
956
1159
1304
1064
-90
1558
49
1437
458
1119
1032
297
1320
167
1117
-183
1351
35
277
1508
-435
1319
-33
913
225
626
882
-189
250
-588
43
-344
138
-193
-217
-1098
-1262
-1891
-2200
-1581
-2307
-1925
-2677
-2840
-3644
-3546
-3752
-4146
-3707
-4408
-4039
-4379
-4272
-3971
-4093
-3995
-4141
-3826
-3704
-3202
-2737
-2745
-2099
-1951
-2291
-1835
-1395
-943
162
49
191
832
81
990
966
1018
1426
1542
1583
1705
1965
1768
1892
1292
1420
1655
1795
1760
2234
1775
1657
1846
1033
1978
1729
1683
2356
1836
1897
1859
1802
1681
2299
1819
2111
2379
1766
2380
1987
1803
1417
2027
1901
1627
2172
1439
2204
1296
1849
1341
659
1533
1219
1158
1005
1534
715
971
730
650
582
604
926
364
643
562
687
395
819
1255
535
1046
118
-433
-128
-273
424
-261
-445
-975
-1773
-2191
-2459
-2358
-2487
-2610
-3545
-3755
-4610
-4337
-4278
-4843
-4514
-4932
-4859
-4841
-4915
-4581
-4628
-4562
-4513
-4658
-4197
-3725
-3519
-2688
-2733
-2265
-2288
-2062
-1044
-715
416
170
268
528
396
955
866
1537
1805
1781
2228
2130
2173
1857
1756
1533
1793
1985
1749
1721
1501
1459
1265
1560
1179
1236
1480
1537
1898
1813
2049
1523
1842
1462
1961
2258
2596
2557
2189
2356
1833
2395
2159
2619
1966
2373
2120
2302
2785
2421
2198
1877
2093
2072
2375
2178
2499
2054
2055
1743
1775
1766
1989
2340
2155
2723
2064
2017
2156
1779
1953
1151
593
375
332
930
722
560
-815
-1575
-2478
-2913
-2214
-2601
-2244
-3482
-5081
-5530
-6195
-6167
-5475
-5847
-5554
-5862
-6345
-6352
-6808
-6198
-6267
-5632
-5703
-5275
-4344
-4517
-3740
-3812
-3408
-2572
-2365
-1624
-705
-369
25
28
-158
374
835
1178
1593
2022
1884
1942
1547
1635
1905
1809
2350
1828
1902
1565
1036
1205
929
1580
1503
1457
1356
1379
1518
1516
2107
1712
2001
1898
1847
2242
2060
2641
2776
2853
2798
3082
2798
3251
3455
2985
3558
3016
3058
2957
2781
2992
3120
2870
3039
2838
2453
3294
2673
3017
3009
2777
3068
2994
3170
3030
3041
2774
2716
2097
2188
2262
1498
1677
1589
1286
1307
186
-609
-1032
-1856
-1896
-2241
-2520
-3104
-4136
-4977
-5475
-5491
-5754
-5959
-6423
-6804
-7012
-7268
-7437
-7236
-7011
-6622
-6503
-6226
-5593
-5348
-4776
-4718
-4216
-3661
-3006
-2049
-1665
-839
-638
-643
-436
-326
572
1296
1729
2188
1792
1364
867
1217
1495
1653
2043
1391
1342
828
462
786
674
842
1036
729
998
899
647
1155
851
1229
1401
1271
1464
1275
1529
1834
2114
2698
2622
2633
2841
2898
3433
3454
3507
3583
3718
3831
3730
3569
3461
3333
3265
3397
3759
3994
3795
3532
2775
2899
3446
3583
3837
3859
3228
2815
2142
1355
1811
2124
2225
2379
1437
505
-259
-1388
-1629
-1343
-1511
-1488
-2532
-3971
-4483
-5393
-5544
-5498
-5610
-5790
-6177
-6619
-7118
-7088
-7542
-7235
-6891
-6696
-6052
-6017
-5654
-5722
-5507
-5114
-4316
-3318
-2593
-1763
-1574
-1305
-1485
-1259
-756
153
855
1332
1401
870
1016
701
870
1459
1540
1584
1158
391
172
76
128
395
350
489
288
219
212
105
552
278
656
743
904
1403
1334
1516
1363
1804
2437
2810
3117
3532
3445
3374
3642
3353
4135
4337
4251
4553
3886
4361
4280
4055
4187
4061
3959
4161
4208
3977
3954
3608
3241
2607
2174
1733
1773
1741
2018
2016
1533
924
-122
-907
-1279
-1083
-1025
-875
-1750
-2847
-3644
-4284
-4129
-3906
-3694
-4035
-4181
-5162
-5421
-5526
-5716
-5338
-5475
-5157
-5057
-4959
-5061
-4866
-4825
-4690
-3953
-3465
-2696
-2302
-2325
-2189
-2341
-2335
-1929
-1355
-653
-232
-34
-124
-222
144
502
648
963
827
636
610
256
334
531
384
296
197
42
246
414
439
709
632
325
400
394
564
880
1062
1317
1589
1614
1844
2121
2376
2759
2955
3033
3313
3392
3766
4204
3926
3996
3715
3765
4280
4472
4504
4672
4152
3969
4110
3953
4428
4083
3248
2563
1710
1581
2031
2205
2150
1778
387
-556
-1097
-1629
-754
-922
-1325
-1799
-3437
-4126
-4316
-4178
-3475
-3220
-3490
-3890
-4243
-4697
-4810
-4416
-4087
-3375
-3175
-3148
-2822
-3204
-3200
-2772
-2467
-1862
-1044
-751
-494
-754
-1241
-1270
-1015
-356
235
954
931
550
-217
-850
-550
-6
642
1097
671
-41
-788
-1390
-1176
-655
-166
84
-147
-803
-1079
-1299
-1212
-632
-321
145
308
27
-271
-406
-236
186
862
1397
1839
1972
1972
1942
2067
2564
3036
3160
3175
3443
3378
3505
3631
3552
4150
4294
4378
4662
4324
4342
4135
3610
3979
3779
3248
2834
1777
1378
1449
1552
1758
1559
317
-745
-1636
-2252
-1761
-1945
-2078
-2520
-3921
-4769
-4856
-4779
-4101
-3883
-4188
-4060
-4474
-4491
-4236
-4108
-3545
-3081
-2666
-2152
-1840
-1778
-1684
-1522
-1093
-314
489
1181
1499
1275
781
282
348
653
1150
1923
1882
1636
932
150
100
413
702
829
570
-314
-918
-1503
-1534
-877
-670
-511
-635
-1202
-1377
-1468
-1345
-729
-424
-232
142
-33
27
79
145
484
643
1143
1530
1709
1758
1450
1485
1779
2170
2597
2903
3130
2913
2671
2541
2832
3127
3319
3535
3290
3323
3296
3269
3336
3468
3006
2304
1868
808
666
984
1056
1255
674
-819
-1762
-2486
-2857
-1981
-2240
-2544
-3258
-4813
-5499
-5656
-5529
-4781
-4485
-4866
-4798
-5240
-5430
-5092
-4816
-4113
-3090
-2508
-1796
-1438
-1549
-1634
-1584
-907
47
1191
2020
2211
1954
1260
1003
1355
2168
2891
3021
2534
1733
845
442
832
1409
1661
1472
679
-461
-1023
-1140
-954
-414
-297
-627
-840
-1422
-1437
-1192
-1176
-548
-287
-301
24
-139
-197
-166
11
586
1301
1865
1922
1532
1251
1098
1526
2142
2660
2872
2531
2235
2134
2342
2375
2708
2687
2729
2737
2921
2878
2935
2818
2677
2993
2695
2140
1502
496
75
360
411
1124
728
-759
-2036
-3109
-3505
-2548
-2582
-2858
-3472
-5282
-6248
-6648
-6269
-5243
-4586
-4835
-5041
-5659
-6042
-5603
-5241
-4391
-3414
-2728
-2027
-1714
-1793
-1669
-1160
-330
895
1901
2523
2864
2276
1603
1877
2382
3582
4258
4222
3965
3017
1881
1328
1913
2711
3165
2545
1458
281
-439
-442
55
577
382
-196
-1034
-1319
-1315
-926
-363
-156
-38
-147
-89
127
86
215
619
1057
1426
1526
1598
1618
1653
1711
1998
2672
2849
3023
2696
2213
2363
2411
2400
2994
3206
2893
3033
2095
2164
2478
2723
2943
3142
2191
1460
987
-188
617
575
640
786
-466
-1928
-2772
-3680
-3330
-2685
-3016
-3137
-4466
-5874
-6723
-7248
-6903
-5730
-5357
-5467
-5621
-6317
-6428
-6148
-5508
-4336
-3076
-2441
-1991
-2114
-2304
-2063
-1508
-354
1080
2217
2712
2821
2158
1556
1874
2738
3741
4433
4420
3559
2635
1616
1563
2480
3324
3529
2732
1293
136
-278
-289
646
1400
1144
414
-688
-1490
-1280
-754
-121
631
758
747
636
381
602
803
1331
2013
2446
2523
2256
2102
1934
2114
2693
3247
3751
3470
3031
2834
2534
3044
3218
3426
3697
3216
2989
2562
2668
3185
3184
3122
2894
2018
1482
645
-387
87
192
622
572
-563
-1951
-3396
-4358
-4096
-3096
-3145
-3390
-5050
-6849
-7511
-7814
-6911
-5764
-5635
-5723
-6080
-6951
-6669
-6301
-5493
-4139
-3409
-2796
-2399
-2389
-2318
-2073
-1270
-21
1368
2293
2421
2291
1778
1563
1717
2254
3321
4016
3782
3043
2075
1225
1120
1573
2058
2510
1915
567
-508
-1387
-1278
-238
280
417
-95
-1404
-1902
-1603
-1087
14
905
1040
942
551
286
786
1394
1957
2607
2835
2936
2804
2393
2479
2893
3313
3936
4417
4092
3867
3320
2680
3243
3335
3558
4154
3593
3408
3181
2587
3131
3519
3330
3391
2409
1225
787
-335
-163
493
398
502
-486
-2287
-3478
-4272
-4488
-3579
-3490
-3948
-4997
-6727
-7661
-8036
-7736
-6648
-5940
-6077
-6322
-7061
-7197
-6752
-6048
-4896
-3696
-2832
-2685
-2561
-2558
-2206
-1303
-259
1030
2192
2545
2465
2215
1552
1573
1979
2606
3599
3647
2909
1855
500
-206
232
1009
1678
1490
-51
-1660
-2644
-2833
-1700
-776
-454
-736
-1792
-2599
-2415
-1734
-678
463
686
960
867
653
981
1478
2315
3107
3678
3789
3771
3306
3290
3711
4268
4983
5353
5109
4789
4075
3516
3932
4084
4678
4486
4475
3890
3319
2868
2874
3330
3536
3486
3026
2352
1108
367
-588
-66
568
943
842
-720
-2577
-4232
-4776
-4288
-3116
-2903
-3577
-5154
-7198
-8110
-7883
-6867
-5292
-4882
-5553
-6103
-7284
-7322
-6636
-5701
-4007
-2755
-2331
-2313
-2550
-2653
-2164
-1228
80
1624
2552
2599
2136
1476
867
1113
1636
2721
3570
2945
1998
588
-429
-384
77
778
1133
179
-1293
-2689
-3469
-3116
-2118
-1296
-912
-1367
-2451
-3140
-3138
-2348
-918
431
1226
1220
713
263
254
1204
2339
3601
4387
4465
3984
3268
2975
3628
4777
5655
6068
5437
4896
3834
3806
4100
4940
5362
5145
5118
4187
4293
3398
3713
3853
4277
4525
4210
3228
1892
715
-547
463
703
1883
1551
-6
-1915
-3883
-4686
-3985
-2714
-2466
-2623
-4639
-6434
-7606
-7870
-6585
-5071
-4354
-4452
-5320
-6400
-6473
-6066
-4817
-3061
-1843
-1313
-1517
-2155
-2313
-1696
-752
843
2193
2926
3063
2364
1432
1057
1115
1740
2629
3016
2614
1516
121
-1318
-1625
-1310
-384
343
-325
-1670
-3288
-4300
-4443
-3530
-2467
-1593
-1565
-2637
-3495
-3617
-3091
-1639
-105
857
1305
620
-132
-123
511
1910
3464
4327
4385
3664
2624
2333
2875
4051
5194
5640
5259
4555
3588
3149
3640
4088
4764
4951
4584
4130
3829
3305
3575
3781
3863
4287
4307
3862
2860
1747
476
620
1112
1551
2117
1150
-498
-2378
-3779
-3705
-2544
-2030
-1987
-3168
-5220
-6496
-7241
-6666
-5214
-4148
-4130
-4467
-5587
-6284
-6036
-5357
-3532
-1902
-1360
-1281
-1803
-2218
-1761
-909
375
1774
2355
2309
1991
1449
1211
1597
1360
1207
1468
1229
1365
900
-170
-1106
-1946
-2300
-1897
-1542
-1535
-2009
-3459
-4666
-4793
-4110
-2846
-1816
-1983
-2609
-3138
-3384
-2549
-1101
254
1223
1336
945
621
734
1396
2252
3310
3735
3840
3390
2897
3108
3336
3889
4302
4341
3960
3886
3201
3433
3512
3435
3751
3393
3358
3101
3365
3294
3468
3139
3115
3222
3155
2961
2296
1946
873
602
543
1113
1793
1602
395
-1194
-2389
-3406
-2962
-2651
-2477
-2602
-3944
-5186
-5825
-6310
-5635
-4792
-4600
-4155
-4575
-4934
-4574
-4284
-3648
-2973
-2430
-1708
-1232
-1029
-484
-82
63
472
766
1367
2166
2507
2314
1812
998
96
-21
226
713
1215
710
-536
-1726
-2737
-2875
-2235
-1712
-1569
-1997
-3110
-4134
-4448
-4181
-3197
-2064
-1532
-1373
-1323
-1525
-1206
-586
40
1097
1832
1981
2176
2133
2219
2547
2842
3128
3662
3746
3596
3464
2907
2987
3007
3014
3294
3213
3181
2754
2378
1596
1858
1841
2340
3051
2669
3048
2048
1931
1569
2233
2963
2987
2413
1132
110
-559
-203
528
1628
1450
451
-1290
-2818
-3267
-3099
-2532
-2067
-2386
-3465
-4716
-5613
-5869
-5046
-4232
-3466
-2826
-3168
-3257
-3546
-3634
-2803
-2017
-1046
2
446
573
418
214
303
767
1569
2686
3419
3397
2648
1363
385
-172
198
913
1669
1654
623
-906
-2365
-3180
-3131
-2485
-1731
-1267
-1922
-2964
-4036
-4406
-3804
-2880
-1712
-949
-641
-1002
-1258
-1079
-453
623
1508
2229
2367
2404
2155
2162
2363
2543
3147
3411
3445
3280
2914
2804
2521
2599
2578
2755
2610
2368
1901
1541
1489
1136
1802
1476
2100
2039
1940
1704
1504
1661
1838
2403
1809
1941
841
357
205
356
1127
1612
1262
324
-838
-2268
-2322
-2181
-1698
-1149
-1599
-2457
-3458
-4512
-4692
-4008
-3357
-2579
-2261
-2583
-2845
-3277
-3251
-2662
-1672
-866
-146
-21
-123
-17
-10
374
699
1200
1595
1948
2046
1932
1617
1010
386
-176
-352
12
602
637
77
-929
-2058
-2592
-2500
-1928
-1127
-978
-1426
-2344
-3037
-3147
-2516
-1653
-956
-383
-399
-500
-478
-231
376
1263
1861
2331
2569
2500
2562
2449
2310
2451
2399
2509
2772
2856
2923
2783
2399
2093
1824
1808
2116
2203
2343
1647
1198
470
117
388
537
1391
1552
1613
1206
895
765
1241
1448
1608
1587
526
199
-198
303
1096
1696
1452
507
-699
-1990
-2028
-1933
-1234
-874
-1309
-2090
-3235
-3996
-4157
-3633
-3002
-2193
-2084
-2321
-2751
-3240
-3246
-3020
-2383
-1932
-1502
-1387
-1386
-1192
-1100
-844
-282
77
657
957
888
1012
739
526
538
664
794
1015
872
844
642
286
9
-383
-546
-821
-748
-891
-993
-1171
-1356
-1247
-1061
-683
-425
-350
-388
-477
-479
15
591
965
1121
898
737
685
579
1082
1434
1681
1650
1562
1341
962
905
877
1366
1526
1600
1169
785
427
363
229
263
586
370
356
-78
41
-69
169
547
655
863
939
1150
1484
1941
2099
2158
1899
1566
1271
1375
1705
2334
2611
2285
1794
930
250
-20
-62
99
26
-332
-798
-1387
-1850
-2397
-2856
-3144
-3530
-3712
-3943
-4050
-3942
-3938
-3910
-3993
-3816
-3563
-3346
-2970
-2625
-2193
-1870
-1602
-1239
-683
-271
240
660
898
1103
1089
1264
1370
1778
2116
2245
2230
1892
1627
1282
1160
1044
1005
896
688
583
249
123
31
-170
-603
-875
-1043
-1052
-847
-757
-608
-761
-932
-1180
-1198
-890
-481
-83
-247
-248
-271
-672
-509
-454
-172
-3
-112
-25
-361
-656
-926
-872
-738
-190
-14
-290
-614
-1126
-963
-521
85
455
515
297
421
759
971
1778
2371
2969
3414
3670
3923
4037
4240
4394
4993
5414
5563
5150
4452
3956
3748
3960
4103
4065
3443
2393
1212
281
-266
-727
-1214
-1741
-2311
-3079
-3866
-4444
-4710
-4829
-4766
-4661
-4827
-5048
-5332
-5314
-5011
-4285
-3423
-2784
-2402
-2246
-2019
-1738
-1070
-372
202
656
895
1031
1067
1100
1123
1039
1095
1144
1234
1339
1225
1100
649
257
3
-197
-382
-460
-762
-1136
-1455
-1725
-1634
-1521
-1244
-962
-792
-831
-903
-924
-1011
-770
-456
-262
-166
-254
-228
-51
149
155
97
-99
-292
-400
-383
-222
-9
296
230
340
141
-113
-24
165
810
1427
1920
1998
1857
1722
1978
2470
3090
3803
4146
4284
4053
3881
4017
4332
4742
4823
4725
4329
3837
3411
2977
2732
2536
2356
2129
1598
703
-445
-1550
-2040
-1985
-1577
-1237
-1329
-2094
-3162
-3822
-3925
-3527
-3044
-2897
-3115
-3513
-3720
-3445
-2955
-2258
-1847
-1909
-1955
-2127
-2041
-1717
-1267
-550
28
206
16
-517
-1234
-1508
-1313
-751
-233
-180
-412
-914
-1398
-1637
-1583
-1291
-1175
-1208
-1383
-1381
-1026
-774
-500
-272
-75
79
35
47
153
85
132
584
1155
1500
1570
1092
638
472
489
658
614
433
415
258
-69
215
-338
-435
-175
55
340
105
-101
-467
-436
-185
850
1611
1726
1379
866
715
1427
2010
2539
3047
2924
3090
2745
2602
2489
2450
2564
2727
2830
2519
1781
713
350
309
542
925
698
30
-618
-878
-998
-618
-216
-175
117
-1
26
-2
-382
-537
-697
-326
325
1170
1378
978
410
-117
-163
-85
119
-232
-693
-1457
-2055
-2283
-2252
-2049
-2307
-2658
-3293
-3782
-4217
-4513
-4342
-3930
-3493
-3148
-3075
-3265
-3622
-3621
-3228
-2545
-1679
-1210
-864
-793
-699
-393
70
514
804
922
777
734
838
1058
1221
1488
1729
1690
1273
624
125
-268
-260
132
499
659
365
84
-133
-244
-122
-158
-147
-5
361
953
1286
1306
1173
855
795
1032
1317
1695
1683
1336
1031
812
1309
1702
1708
1558
1244
981
742
743
529
532
484
731
1059
1174
974
610
413
561
1139
1199
1168
1029
909
1200
1734
2307
2585
2343
2163
2269
2495
2864
3283
3346
3482
3379
2896
2367
1338
214
-713
-795
-324
252
229
-567
-1765
-3077
-3976
-4358
-4444
-4733
-5149
-5671
-5852
-5763
-5610
-5336
-5145
-4970
-4899
-4798
-4604
-4249
-3649
-2962
-2060
-1177
-473
-146
-52
48
217
524
941
1462
1922
2258
2287
2354
2262
1951
1581
1193
913
794
852
896
804
529
267
87
20
-73
-202
-486
-753
-807
-682
-494
-202
99
332
449
398
349
225
327
425
532
802
996
1139
1127
1044
1143
1153
1152
1038
738
475
402
600
994
1348
1355
1317
1162
1273
1385
1642
2048
2237
2342
2409
2662
2872
3077
3114
2841
2640
2409
2180
2347
2477
2775
2717
2623
2527
2600
2667
2590
2527
2171
1959
1438
1013
-25
-1065
-2229
-2862
-2571
-2124
-1338
-1377
-1922
-2947
-3834
-4359
-4561
-4608
-4840
-5155
-5303
-4995
-4527
-3940
-3686
-3594
-3585
-3513
-3314
-3242
-2944
-2615
-1964
-1043
-222
359
296
27
-350
-282
267
789
1376
1728
1987
2096
2069
1891
1455
846
101
-475
-864
-936
-873
-692
-490
-438
-434
-673
-1019
-1421
-1814
-1953
-1923
-1637
-1336
-976
-636
-304
-1
48
133
67
70
278
616
1033
1495
1895
2118
2172
2234
2209
2116
2131
2024
1967
1881
1845
1983
2227
2412
2592
2603
2632
2429
2299
2145
2163
2353
2478
2863
2915
3070
2800
2704
2419
2421
2325
2350
2350
2314
2661
2864
3450
3531
3752
3320
2692
1754
573
-406
-1457
-1859
-1967
-1575
-1283
-1265
-1755
-2662
-3543
-4361
-4752
-5232
-5588
-6135
-6413
-6433
-6202
-5508
-5016
-4478
-4323
-4256
-4410
-4452
-4317
-3931
-3083
-2091
-1031
-269
72
151
52
-156
-144
-100
66
250
446
823
1224
1512
1551
1171
469
-492
-1308
-2020
-2203
-1926
-1416
-708
-213
-27
-269
-633
-1103
-1317
-1422
-1147
-738
-169
479
987
1431
1599
1728
1764
1823
1908
1923
1868
1815
1798
2000
2247
2437
2480
2208
1739
1156
643
346
137
251
369
675
1034
1432
1777
1916
2030
2053
2226
2442
2710
3052
3419
3913
4352
4773
5129
5007
4871
4423
4401
4261
4555
4890
5080
5359
5021
4568
3309
1756
-77
-1838
-2743
-3205
-2885
-2804
-2976
-3595
-4562
-5272
-6139
-6577
-7302
-7814
-8432
-8561
-8176
-7286
-6027
-4924
-3911
-3443
-3047
-3135
-3207
-3281
-3100
-2472
-1591
-502
382
1027
1342
1443
1376
1188
807
364
-99
-418
-505
-429
-268
-39
79
55
-196
-716
-1314
-2029
-2401
-2516
-2279
-1761
-1226
-561
-214
107
208
291
416
481
608
757
1056
1281
1642
1885
2196
2334
2280
1929
1402
858
462
390
406
728
862
923
805
612
381
43
-109
-258
-23
266
779
1368
2045
2878
3518
4355
4842
5369
5519
5531
5685
5641
6119
6114
6579
6564
6673
6611
6184
6222
5635
5675
5095
4795
3897
2610
911
-1097
-2548
-3656
-4010
-4193
-4293
-4702
-5205
-5715
-6001
-6200
-6564
-7071
-7772
-8407
-8686
-8592
-7802
-6627
-5038
-3519
-2238
-1341
-1210
-1491
-2034
-2138
-1856
-1294
-519
41
461
730
920
1124
1118
886
371
-299
-871
-1405
-1710
-1868
-1811
-1583
-1351
-1258
-1333
-1615
-1954
-2090
-2097
-1899
-1763
-1658
-1595
-1389
-795
-56
731
1222
1314
1193
973
865
820
875
945
1103
1327
1507
1607
1549
1322
1055
813
583
360
45
-169
-297
-100
271
761
1237
1589
1889
2232
2680
3123
3566
4074
4579
5120
5712
6245
6713
7002
7126
7282
7260
7090
6859
6343
5975
5529
5342
5180
5056
4879
4563
3996
3130
1684
44
-1928
-3695
-4777
-5696
-5720
-6096
-5920
-6040
-5932
-5757
-5946
-6179
-6847
-7379
-7955
-8039
-7828
-7118
-6202
-4826
-3337
-1849
-698
-50
268
155
-20
-322
-511
-641
-772
-768
-486
-138
350
650
849
939
670
230
-623
-1557
-2525
-3345
-3767
-3777
-3360
-2827
-2307
-1712
-1379
-1189
-1251
-1545
-1734
-1984
-1890
-1591
-1115
-534
-68
553
1150
1740
2149
2308
2276
1944
1472
1027
691
490
500
571
825
1012
1083
1055
751
500
129
-41
-114
-204
6
185
787
1439
2287
3186
3822
4399
4658
4918
5228
5489
5735
5892
5986
6325
6307
6571
6473
6525
6381
5981
5828
5195
4870
4084
3675
2954
2222
1256
-35
-1276
-2910
-3870
-4889
-5204
-5500
-5590
-5533
-5693
-5630
-5919
-5928
-6128
-6221
-6327
-6401
-6291
-6036
-5400
-4537
-3287
-2057
-850
-13
488
620
472
339
50
-84
-244
-400
-517
-679
-781
-816
-799
-676
-659
-848
-1173
-1869
-2551
-3325
-3827
-4064
-4180
-3936
-3675
-3132
-2561
-1946
-1319
-930
-572
-391
-232
-68
-16
143
312
720
1250
1907
2440
2748
2911
2730
2565
2234
1967
1510
1111
824
512
369
186
98
-83
-165
-234
-176
-116
68
224
419
693
992
1420
1769
2126
2659
3210
3945
4553
5269
5865
6235
6578
6561
6729
6355
6228
5672
5490
5008
4840
4589
4328
4282
3888
4032
3382
3250
2138
1359
-67
-1634
-2895
-4424
-4786
-5409
-5069
-4942
-4604
-4287
-4115
-3847
-3883
-3927
-4303
-4617
-5123
-5283
-5346
-4978
-4446
-3660
-2685
-1955
-1112
-722
-488
-467
-574
-742
-1165
-1586
-2053
-2423
-2536
-2428
-2079
-1601
-1194
-830
-797
-944
-1306
-1737
-2098
-2350
-2445
-2228
-1923
-1515
-1172
-693
-173
196
707
803
1110
902
960
819
779
904
829
1065
895
1027
1020
1075
1133
1114
1116
1063
892
722
451
107
-165
-481
-538
-650
-628
-470
-283
79
456
879
1316
1535
1795
1973
2164
2410
2635
2987
3380
3825
4454
4910
5288
5577
5547
5679
5261
5031
4512
4015
3545
2988
2713
2339
2256
2228
2305
2366
2374
2160
1939
1343
820
56
-799
-1659
-2631
-3205
-3601
-3679
-3566
-3407
-3251
-3072
-3063
-3034
-3249
-3452
-3781
-4195
-4434
-4711
-4685
-4663
-4433
-4037
-3580
-2976
-2444
-2001
-1638
-1470
-1310
-1260
-1250
-1236
-1362
-1365
-1466
-1359
-1121
-803
-370
36
436
634
764
765
620
365
55
-198
-495
-646
-790
-730
-583
-403
-129
89
277
302
227
32
-180
-366
-437
-438
-398
-324
-145
59
281
552
804
938
918
822
613
371
129
-5
-38
19
173
398
695
1022
1326
1542
1783
1917
2042
2049
2066
2114
2299
2511
2855
3203
3502
3679
3695
3707
3591
3515
3202
3010
2573
2330
2042
1904
1868
1721
1807
1763
1989
2033
2150
2213
2115
2028
1652
1252
653
-159
-889
-1689
-2150
-2511
-2821
-2937
-3148
-3082
-3075
-3056
-3103
-3348
-3712
-4144
-4633
-4991
-5307
-5508
-5370
-5246
-4788
-4356
-3761
-3144
-2601
-1843
-1293
-700
-450
-335
-292
-406
-422
-483
-423
-318
-138
122
492
803
1109
1169
1111
863
474
106
-446
-807
-1135
-1259
-1280
-1209
-1055
-947
-766
-566
-410
-228
-164
-85
-18
-11
162
275
509
646
791
997
1148
1369
1486
1485
1489
1357
1204
1041
835
760
614
639
594
619
731
783
946
1065
1276
1431
1576
1752
2014
2289
2578
2828
2983
3064
3017
2972
2887
2784
2722
2504
2346
2172
1975
1960
1910
2068
2115
2246
2394
2468
2598
2620
2650
2585
2477
2159
1720
1095
345
-422
-1190
-1721
-2238
-2618
-2977
-3343
-3586
-3909
-4077
-4355
-4562
-4833
-5178
-5423
-5660
-5724
-5741
-5537
-5248
-4878
-4430
-3891
-3299
-2686
-2013
-1411
-787
-320
32
284
407
499
542
641
749
857
984
1087
1146
1156
1092
981
833
624
366
70
-200
-439
-575
-705
-698
-699
-644
-516
-393
-164
-25
217
337
579
715
928
1107
1256
1363
1409
1580
1503
1563
1457
1438
1298
1153
1050
863
787
636
562
472
429
384
399
486
600
801
1015
1271
1500
1737
1930
2123
2290
2425
2512
2493
2493
2406
2355
2286
2295
2293
2258
2227
2287
2290
2364
2491
2524
2678
2585
2661
2574
2542
2498
2323
2241
1928
1657
1214
754
165
-492
-1245
-1981
-2602
-3229
-3692
-4142
-4420
-4624
-4750
-4857
-4974
-5047
-5190
-5300
-5484
-5537
-5537
-5487
-5341
-5123
-4734
-4243
-3588
-2909
-2144
-1441
-741
-219
203
588
759
979
1028
1119
1218
1278
1363
1429
1533
1613
1623
1535
1467
1223
988
762
521
397
190
176
62
12
-2
-65
31
16
126
84
124
138
189
305
421
583
683
826
870
927
923
946
903
938
909
880
847
790
802
761
762
738
763
791
857
880
963
1022
1143
1289
1412
1587
1628
1737
1760
1845
1894
1897
1885
1821
1758
1685
1717
1703
1831
1720
1856
1733
1843
1778
1795
1826
1640
1775
1493
1646
1383
1413
1113
950
645
318
-21
-637
-1100
-1908
-2320
-3005
-3330
-3877
-4271
-4634
-4986
-5090
-5349
-5384
-5600
-5671
-5797
-5805
-5760
-5616
-5384
-5098
-4637
-4166
-3525
-2917
-2210
-1550
-885
-265
290
845
1256
1673
1950
2193
2363
2494
2569
2559
2521
2440
2373
2279
2200
2046
1885
1685
1471
1266
993
753
402
97
-210
-513
-673
-870
-896
-925
-790
-607
-364
-40
245
546
798
997
1118
1223
1315
1443
1450
1492
1472
1424
1334
1216
1121
1079
1048
984
847
703
548
421
381
365
460
483
541
607
708
821
924
1063
1180
1307
1398
1475
1490
1403
1291
1279
1269
1355
1303
1378
1349
1328
1337
1323
1453
1386
1417
1296
1279
1169
1145
1000
883
594
326
-17
-509
-1015
-1780
-2334
-2988
-3374
-3841
-4156
-4535
-4873
-5144
-5318
-5327
-5379
-5315
-5304
-5143
-5114
-4892
-4641
-4287
-3860
-3397
-2754
-2176
-1505
-853
-189
433
988
1512
1998
2394
2733
2938
3125
3247
3294
3334
3283
3181
2946
2716
2469
2235
1971
1661
1261
890
514
160
-155
-462
-703
-902
-981
-1045
-1052
-1023
-885
-666
-386
-77
268
580
913
1184
1395
1591
1729
1876
1906
1928
1845
1699
1549
1405
1276
1198
1096
992
832
658
556
429
417
347
312
307
310
400
463
596
736
803
892
935
980
955
875
800
730
649
628
611
635
713
688
783
822
930
977
944
995
910
859
783
644
573
375
213
60
-180
-296
-626
-906
-1330
-1798
-2216
-2678
-3024
-3413
-3741
-4065
-4272
-4418
-4429
-4433
-4304
-4190
-4048
-3814
-3626
-3259
-2981
-2605
-2233
-1830
-1346
-937
-429
10
510
997
1477
1924
2301
2606
2817
2956
3009
3038
2941
2846
2638
2412
2185
1917
1704
1421
1204
960
761
550
323
116
-103
-230
-397
-471
-531
-509
-453
-374
-191
-55
165
330
573
821
992
1152
1209
1307
1336
1378
1334
1270
1174
1065
958
829
744
629
536
415
277
182
123
120
137
162
207
206
272
279
289
237
178
101
-8
-103
-196
-243
-263
-212
-100
17
132
201
224
282
280
347
299
330
233
292
242
252
209
216
274
234
301
177
247
40
23
-216
-284
-488
-745
-1069
-1462
-1706
-2022
-2156
-2441
-2584
-2823
-2911
-2963
-3005
-2977
-2978
-2899
-2833
-2720
-2533
-2312
-2047
-1814
-1511
-1113
-715
-333
-7
298
628
961
1283
1524
1719
1902
2031
2106
2122
2125
2129
2074
1981
1825
1709
1587
1405
1167
955
797
655
542
419
352
264
207
138
86
44
-19
-64
-126
-135
-145
-137
-94
-36
98
201
317
403
471
537
561
568
516
416
319
228
152
43
-29
-88
-109
-90
-128
-127
-142
-133
-178
-219
-227
-253
-287
-364
-402
-433
-470
-522
-559
-543
-500
-483
-492
-424
-362
-279
-235
-184
-148
-85
-46
-41
-25
-93
-25
-10
112
145
249
352
470
585
666
790
784
812
756
746
597
440
176
-75
-361
-654
-877
-1127
-1335
-1544
-1682
-1789
-1878
-1890
-1852
-1809
-1785
-1765
-1670
-1581
-1472
-1403
-1260
-1110
-944
-765
-548
-269
-24
273
561
863
1167
1455
1678
1824
1913
1976
1952
1840
1701
1567
1432
1296
1175
1065
972
903
825
763
716
674
650
583
486
382
285
184
43
-111
-239
-331
-374
-380
-338
-269
-132
-13
103
172
228
204
142
47
-107
-211
-335
-420
-471
-454
-421
-385
-309
-250
-215
-211
-201
-228
-287
-370
-457
-524
-584
-617
-663
-676
-652
-636
-582
-514
-477
-480
-439
-347
-302
-279
-219
-132
-35
53
126
249
398
546
690
870
1049
1168
1289
1399
1511
1562
1624
1629
1591
1568
1478
1362
1142
948
629
341
27
-310
-642
-933
-1180
-1451
-1668
-1895
-2021
-2121
-2167
-2257
-2282
-2241
-2175
-2117
-1967
-1736
-1527
-1288
-1030
-745
-440
-99
252
604
966
1308
1595
1860
2058
2207
2262
2293
2223
2111
2010
1898
1777
1646
1576
1484
1406
1313
1236
1160
1076
910
711
532
324
104
-106
-303
-516
-732
-891
-1012
-1101
-1119
-1111
-1034
-955
-858
-751
-624
-511
-503
-508
-506
-532
-627
-728
-815
-800
-770
-733
-680
-593
-471
-390
-284
-229
-176
-168
-227
-295
-376
-419
-445
-500
-565
-535
-400
-305
-252
-195
-119
-27
42
55
65
102
117
112
134
219
340
496
693
863
1017
1162
1290
1344
1408
1447
1446
1400
1364
1322
1245
1165
1047
925
804
697
515
288
7
-256
-547
-778
-1006
-1227
-1395
-1534
-1666
-1787
-1830
-1853
-1858
-1861
-1801
-1711
-1584
-1440
-1275
-1034
-752
-456
-162
137
409
645
896
1086
1232
1367
1493
1569
1584
1608
1633
1655
1655
1653
1620
1580
1520
1437
1321
1192
1015
829
616
366
96
-155
-382
-643
-888
-1113
-1297
-1491
-1645
-1798
-1909
-1983
-2018
-2027
-2017
-1948
-1849
-1710
-1540
-1371
-1191
-1004
-844
-690
-577
-435
-319
-221
-93
55
204
331
467
581
685
762
789
779
736
605
475
349
200
37
-125
-213
-245
-303
-351
-353
-329
-293
-304
-301
-292
-273
-277
-269
-195
-119
-52
43
180
338
511
719
896
1083
1239
1369
1454
1525
1593
1588
1568
1512
1472
1389
1341
1256
1181
1131
1048
891
681
441
133
-181
-510
-796
-1103
-1378
-1600
-1750
-1833
-1857
-1819
-1685
-1483
-1320
-1194
-1063
-922
-813
-733
-648
-546
-420
-303
-174
30
238
460
682
943
1188
1347
1448
1471
1446
1392
1309
1174
1001
804
622
436
273
103
-67
-219
-397
-579
-806
-1019
-1256
-1495
-1736
-1908
-2033
-2109
-2099
-2078
-1995
-1867
-1657
-1439
-1186
-907
-636
-356
-124
113
340
565
750
910
1073
1231
1341
1388
1421
1427
1399
1311
1210
1081
927
738
555
363
145
-45
-221
-385
-533
-696
-861
-977
-1071
-1141
-1162
-1101
-1023
-893
-724
-527
-314
-64
204
453
689
871
1040
1149
1252
1307
1382
1438
1493
1557
1635
1720
1742
1756
1751
1766
1713
1597
1445
1297
1117
928
690
461
278
104
-75
-224
-364
-466
-537
-634
-737
-854
-944
-1070
-1150
-1227
-1281
-1321
-1315
-1270
-1212
-1121
-990
-835
-693
-541
-424
-318
-226
-149
-103
-34
55
121
188
283
380
477
572
664
723
742
730
675
589
475
344
194
15
-172
-361
-537
-689
-859
-992
-1096
-1155
-1205
-1235
-1204
-1158
-1053
-928
-793
-628
-435
-234
-42
153
326
486
633
748
828
906
968
998
1025
1062
1089
1086
1054
994
912
792
630
411
171
-81
-345
-591
-812
-1002
-1156
-1219
-1214
-1191
-1108
-982
-813
-647
-462
-292
-167
-42
56
145
242
345
449
579
710
849
982
1154
1329
1482
1610
1704
1765
1753
1725
1645
1552
1429
1282
1106
921
750
582
411
244
109
-22
-143
-259
-365
-455
-512
-585
-659
-733
-818
-898
-998
-1105
-1189
-1244
-1298
-1351
-1383
-1401
-1377
-1312
-1237
-1166
-1058
-945
-841
-742
-651
-548
-463
-370
-287
-179
-67
18
91
161
245
331
404
454
494
515
495
451
379
273
162
49
-94
-256
-394
-516
-615
-700
-759
-795
-787
-741
-677
-600
-504
-384
-275
-144
-13
117
235
345
459
558
638
704
778
863
933
961
966
969
958
895
807
697
565
404
205
-2
-196
-383
-576
-754
-876
-949
-1000
-1014
-991
-935
-875
-815
-749
-670
-581
-513
-435
-331
-208
-107
22
171
355
523
685
829
945
1023
1045
1065
1051
1005
920
825
739
621
504
399
269
162
33
-64
-173
-265
-370
-463
-534
-622
-653
-692
-687
-678
-640
-563
-487
-441
-375
-280
-202
-147
-106
-78
-65
-84
-121
-142
-158
-180
-197
-167
-130
-102
-86
-47
14
62
76
99
135
153
124
81
60
43
11
-18
-26
-27
-12
-35
-62
-78
-94
-107
-129
-140
-147
-160
-155
-135
-84
-18
50
136
231
321
390
437
472
509
530
524
532
533
521
494
472
488
505
540
554
594
629
624
601
546
466
353
238
100
-38
-165
-302
-432
-538
-612
-664
-687
-690
-678
-644
-623
-595
-561
-536
-503
-484
-440
-397
-350
-297
-238
-166
-104
-23
57
133
183
220
254
266
240
188
123
54
-27
-112
-202
-284
-336
-355
-360
-358
-319
-261
-200
-167
-145
-140
-147
-164
-210
-240
-259
-289
-288
-245
-172
-76
49
201
340
487
619
721
775
796
783
732
681
608
537
473
439
419
413
427
456
508
552
563
543
539
523
463
370
272
177
71
-22
-89
-137
-139
-115
-82
-28
59
162
241
333
414
465
496
496
471
438
400
343
270
219
188
158
121
102
108
113
128
127
120
104
79
47
-7
-69
-147
-223
-291
-366
-444
-499
-526
-542
-554
-545
-511
-485
-458
-422
-412
-398
-399
-422
-444
-451
-471
-518
-544
-539
-525
-514
-469
-415
-372
-343
-326
-319
-321
-335
-376
-402
-412
-434
-456
-450
-422
-384
-325
-230
-136
-63
16
92
143
176
186
162
133
96
37
-14
-54
-94
-121
-126
-116
-103
-82
-42
-11
13
38
76
110
138
165
209
269
323
376
449
537
629
708
783
854
914
942
959
971
941
897
853
789
718
650
572
496
411
355
304
259
230
207
197
201
205
209
219
235
235
245
260
253
237
219
210
182
171
161
153
133
119
104
69
34
-26
-100
-170
-241
-336
-442
-553
-640
-724
-791
-853
-900
-923
-946
-950
-945
-933
-913
-886
-863
-860
-842
-822
-817
-797
-776
-736
-695
-658
-617
-571
-518
-477
-453
-430
-410
-406
-414
-421
-439
-472
-496
-504
-500
-488
-460
-425
-357
-288
-239
-174
-103
-35
28
89
138
188
216
227
227
235
239
222
207
197
175
138
110
85
76
73
57
61
92
119
118
132
170
203
245
288
342
403
462
518
579
663
745
790
844
911
946
978
991
992
983
970
946
911
877
829
781
729
678
618
567
530
500
466
428
391
370
360
345
331
326
333
332
336
336
346
368
389
394
395
400
376
330
261
188
96
-9
-126
-251
-356
-457
-560
-673
-751
-806
-870
-936
-989
-1026
-1063
-1111
-1162
-1184
-1188
-1189
-1192
-1170
-1126
-1084
-1042
-978
-902
-828
-753
-675
-609
-549
-482
-436
-388
-346
-315
-283
-257
-228
-202
-183
-156
-136
-117
-119
-117
-98
-92
-99
-105
-107
-109
-116
-123
-119
-102
-73
-65
-62
-43
-33
-24
-17
-13
-15
-18
-21
-38
-36
-27
-14
0
31
84
133
184
232
294
352
405
456
514
577
620
653
700
751
786
827
862
897
931
941
958
984
1010
1004
987
986
979
939
888
845
805
758
701
642
592
558
514
466
435
419
397
378
376
367
369
372
366
362
355
337
304
264
219
168
116
48
-29
-100
-160
-227
-294
-348
-397
-449
-506
-551
-579
-601
-631
-674
-688
-695
-703
-706
-701
-686
-681
-667
-645
-618
-605
-585
-561
-527
-489
-443
-391
-331
-273
-228
-169
-105
-64
-37
-7
31
54
59
48
40
29
-5
-34
-63
-85
-111
-139
-160
-176
-195
-215
-232
-241
-248
-265
-282
-310
-338
-368
-399
-434
-469
-488
-518
-540
-554
-558
-547
-535
-501
-460
-405
-339
-279
-216
-142
-60
10
87
170
230
273
310
340
360
377
386
386
392
393
372
360
352
339
331
329
316
286
272
268
251
234
233
244
251
251
252
261
276
291
303
312
332
359
374
394
413
425
441
453
456
449
443
436
411
372
329
282
219
139
55
-29
-103
-167
-238
-290
-321
-341
-348
-349
-323
-300
-280
-259
-230
-198
-171
-149
-138
-109
-82
-66
-51
-23
18
45
66
90
114
129
128
134
137
134
127
109
102
103
89
71
66
64
63
55
45
39
30
17
0
-5
-13
-24
-38
-51
-73
-99
-119
-140
-174
-220
-256
-291
-324
-360
-383
-408
-425
-438
-448
-447
-451
-447
-437
-424
-407
-397
-394
-388
-368
-349
-329
-295
-247
-198
-160
-127
-94
-57
-23
-5
7
19
24
20
16
10
-1
-1
3
5
13
22
31
51
78
92
94
111
128
126
122
124
123
128
135
131
130
140
146
147
155
152
153
145
130
112
90
68
46
23
-1
-19
-32
-40
-43
-49
-53
-45
-43
-42
-27
-10
8
39
78
109
133
158
190
228
260
276
288
306
322
331
352
359
353
363
383
392
394
397
387
389
385
368
347
331
315
292
274
257
232
204
183
161
140
119
96
68
42
10
-30
-66
-94
-130
-165
-195
-222
-243
-260
-280
-292
-290
-289
-294
-302
-298
-294
-291
-289
-290
-279
-256
-239
-234
-220
-199
-172
-141
-122
-111
-91
-71
-61
-55
-49
-46
-49
-50
-49
-51
-55
-57
-65
-78
-70
-60
-65
-68
-72
-63
-53
-50
-48
-42
-40
-40
-38
-32
-20
-17
-12
-27
-42
-51
-62
-64
-72
-91
-109
-120
-132
-146
-158
-176
-189
-189
-200
-210
-209
-207
-214
-209
-194
-179
-156
-132
-107
-78
-37
-4
23
60
91
110
129
159
172
182
205
230
255
281
306
328
344
357
365
363
369
370
359
348
332
314
302
284
269
250
229
204
181
162
133
118
97
72
43
27
1
-27
-48
-77
-100
-116
-136
-157
-168
-170
-184
-197
-187
-171
-168
-161
-147
-130
-112
-100
-83
-63
-43
-33
-33
-19
-9
-10
-9
-5
-6
-8
-12
-26
-36
-37
-44
-61
-65
-63
-72
-78
-95
-108
-101
-88
-92
-100
-98
-86
-65
-47
-41
-30
-2
15
20
26
27
31
34
37
29
29
44
43
35
25
16
9
4
-9
-32
-47
-60
-74
-91
-100
-112
-130
-138
-130
-131
-130
-125
-123
-105
-88
-75
-65
-48
-25
1
32
58
80
110
139
151
160
181
211
234
243
241
244
253
250
240
238
229
217
205
181
153
132
117
91
64
41
20
-2
-30
-57
-84
-102
-105
-117
-141
-164
-178
-185
-180
-171
-168
-164
-157
-142
-128
-123
-114
-99
-79
-62
-42
-31
-26
-19
-13
-6
-3
2
4
6
2
-8
-14
-8
-8
-16
-21
-33
-52
-61
-64
-74
-88
-106
-105
-93
-94
-103
-101
-85
-71
-60
-46
-32
-11
5
32
46
60
90
112
125
129
133
140
154
158
155
157
157
165
155
143
140
