SAMPLES:	7805
BITSPERSAMPLE:	16
CHANNELS:	1
SAMPLERATE:	16000
NORMALIZED:	FALSE
-6
-10
-3
2
17
16
30
8
19
-2
8
-7
3
-1
5
-1
-9
-9
-22
-11
-18
3
-17
0
-16
-2
-14
-13
-22
-14
-10
-2
-4
-4
-3
-4
3
3
0
-8
-3
-10
6
-14
5
-5
8
-5
4
5
9
3
-4
-5
-4
4
1
13
8
19
-6
-8
-3
8
17
25
22
13
14
5
-5
-2
-18
-14
-26
-8
-3
4
-8
-5
-8
-16
-7
-26
-16
-20
-3
-17
-4
-7
-6
-19
1
-11
16
1
15
5
13
24
10
28
-6
29
5
49
3
23
-10
3
8
8
29
3
17
-11
10
-20
-10
-12
9
6
9
11
10
16
3
0
-2
-1
-12
3
-7
3
2
13
0
-4
-10
-10
16
-3
33
1
22
3
0
0
-8
18
-8
25
-10
26
3
29
10
4
18
-10
27
-23
6
-33
-5
-19
8
4
0
12
-9
14
-6
4
-21
-7
-6
2
11
17
6
-4
-4
-13
-10
-3
15
14
20
5
-8
-3
-6
-1
-2
-2
16
-2
0
-14
-1
-23
-2
-17
-3
-1
-6
-4
-23
-1
-26
-4
-25
0
-29
8
-9
17
13
15
21
0
26
11
37
18
41
13
35
-6
10
-2
21
-1
8
4
19
26
15
17
-10
21
-8
9
-4
24
-2
30
-12
36
10
34
11
5
-10
-8
19
2
27
1
17
-23
0
-4
6
-10
9
-12
4
-12
-11
-45
-19
-42
11
-31
13
-8
17
28
-8
29
-22
51
-32
52
-35
36
-36
3
-36
-8
11
-19
25
-25
27
-40
11
-46
11
-22
19
-7
-16
-10
-47
1
-65
33
-49
37
-27
10
-6
-11
15
-39
29
-31
50
-29
39
-36
9
-23
-26
-1
-26
30
-3
34
2
-3
5
-47
34
-36
30
-14
-19
37
-45
52
-68
43
-34
50
-1
-19
-26
-40
2
-25
0
-29
3
-37
16
-39
13
-35
-7
-24
-12
2
5
-13
16
-6
31
-1
10
-1
-2
6
-18
-14
-13
-32
-11
-26
-9
-11
-29
22
-36
43
-46
38
-29
8
8
5
19
4
9
14
0
17
15
19
35
20
54
19
61
24
50
20
47
18
40
-10
13
-2
7
21
-10
41
-16
40
-22
14
-18
19
13
22
1
14
8
3
5
-46
8
-91
-3
-106
10
-31
1
-2
-53
31
-80
46
-66
33
-27
14
2
-26
21
-33
29
-46
36
-43
52
-29
19
4
-9
45
-26
56
-16
44
22
13
31
-21
12
3
5
28
-9
44
-28
39
-20
-13
-16
-47
-11
-31
2
1
-33
-2
-52
-25
-34
-27
13
-47
19
-32
27
-26
-17
-43
-20
-20
-27
11
-62
12
-87
20
-25
-17
14
-59
64
-77
60
-39
-1
13
-69
55
-89
91
-81
70
-77
37
-17
19
15
-34
54
-56
57
-69
54
-49
46
-34
33
-14
41
-10
35
-42
19
-24
6
6
-40
70
-64
81
-64
53
2
-14
83
-32
128
-56
56
-8
12
11
-72
54
-33
96
-8
42
-34
39
43
42
71
-1
92
-5
68
-30
19
1
1
31
42
45
48
-28
16
-74
40
-82
81
-12
41
57
-90
139
-363
-44
-442
19
-82
22
166
-41
232
-103
159
-152
44
-97
64
3
11
96
-46
45
-108
36
5
-23
-35
-64
89
-24
100
-62
74
9
-43
32
-124
-35
-82
-27
-77
-35
70
121
79
-12
48
-40
33
38
8
117
15
70
16
-26
-11
-127
-19
-86
-46
-37
-42
82
-130
3
-161
25
-67
29
39
-2
6
-52
-69
-136
-80
-43
37
-36
-22
80
-84
-54
-175
-85
45
-93
67
-20
88
37
-23
-88
-20
19
6
22
-3
251
39
72
31
-51
10
38
152
-79
81
102
100
19
-61
212
-1
18
88
160
154
-9
70
48
-48
-16
118
31
3
-11
42
15
-157
16
-89
25
51
108
157
-44
25
-60
-28
-23
-39
97
83
80
160
20
21
-104
-138
61
4
60
66
39
244
-65
116
-198
33
6
-58
109
-156
115
-95
-102
-8
93
54
62
-154
183
-33
-33
-91
-155
-39
-25
55
-56
50
40
-1
-354
-153
113
131
-17
33
134
133
-86
-33
-92
-131
64
116
140
-3
97
61
-183
-215
-9
73
-45
-64
159
170
12
-15
-61
-197
-212
-47
63
-72
81
-36
87
-91
-86
-113
-309
14
71
147
55
52
-70
-19
-134
-107
-117
-217
23
48
12
-37
-111
-67
-115
-192
-108
-128
-122
57
43
-18
18
-74
118
-73
123
214
89
148
-29
261
3
61
-133
-32
73
142
158
119
21
-20
94
195
101
-5
59
19
-35
-70
136
11
43
17
220
-14
3
23
163
77
135
214
182
103
-79
63
-123
-41
29
136
170
60
136
-40
-104
-67
-82
33
-140
160
51
9
-34
-236
-109
-174
-98
65
-20
235
202
213
135
140
75
-25
11
81
205
-17
199
132
131
-125
-115
-53
2
11
-34
-3
-88
134
-95
-197
-374
-196
165
86
189
127
25
-147
-282
-178
-101
-31
121
219
295
230
95
-149
-204
-228
-218
-87
-54
206
169
104
-3
-120
-202
-194
-209
-131
-43
-58
76
92
160
171
-17
-19
-136
-108
-14
-125
46
83
31
98
-24
-43
-168
-273
-218
-178
-62
-21
14
-21
39
-97
-206
-313
-208
-163
-104
-40
-26
-88
-126
-70
-142
-49
-136
-163
12
29
136
68
-40
20
-49
80
20
-64
-4
99
227
112
186
133
134
203
271
347
296
276
257
252
102
24
-69
3
76
77
141
124
138
135
90
-12
-115
-84
-24
-59
3
80
57
-50
-103
-81
-142
-149
-126
-16
68
86
195
246
226
179
141
108
12
-91
-92
-122
-175
-54
73
112
99
5
-147
-231
-301
-210
-151
-288
-171
-127
30
135
117
59
-61
19
-87
-18
-22
16
80
55
39
-25
-58
-30
71
90
108
119
150
5
-52
-159
-284
-273
-283
-232
-244
-203
-227
-123
-102
-77
28
35
193
37
203
197
187
153
3
-5
-159
-90
-68
-10
98
168
48
0
-30
-124
-85
-82
27
76
86
70
-17
-161
-129
-63
-176
52
73
181
126
34
69
-102
-90
-121
-33
-39
139
226
187
283
198
101
-62
-148
-99
-107
-180
-187
-214
-164
-186
-268
-330
-399
-369
-428
-449
-438
-497
-382
-323
-333
-225
-93
-72
-114
-79
-226
-314
-296
-189
-127
-197
5
-81
-99
-16
-109
-128
-261
-235
-129
-195
-137
-184
-194
-162
-274
-197
-177
-92
104
149
156
74
82
106
-2
-40
41
118
153
436
637
667
845
656
649
524
310
338
235
338
447
701
811
916
1030
1150
1152
1254
1479
1629
1927
2076
2188
2242
2274
2249
2039
1930
1831
1595
1517
1568
1635
1681
1849
1771
1902
1749
1472
886
-278
-1451
-2522
-3479
-4634
-5302
-5893
-5888
-5795
-5223
-4236
-3470
-2153
-1509
-958
-543
-491
-540
-864
-1383
-1967
-2467
-2881
-3037
-2971
-2877
-2387
-2177
-2034
-1277
-1374
-669
-1227
-1123
-840
-1894
-1337
-1370
-1710
-1033
-872
-1084
-493
-380
-175
38
10
347
513
788
1174
1532
1593
2400
2929
2529
3507
3546
3282
4168
3388
3874
3370
3198
3893
2878
3963
4068
3770
4897
4329
5070
5307
4955
5425
4974
5002
4939
4322
4566
3655
2147
1155
-1548
-3242
-4538
-5856
-7023
-7144
-7008
-6279
-5308
-4131
-2637
-1624
-257
-165
171
586
279
457
347
262
-41
423
191
904
1109
1462
2186
809
1190
-228
-1312
-2365
-3735
-4868
-5690
-6335
-7292
-6665
-7129
-5902
-4972
-4351
-2845
-2187
-1257
-436
-247
339
505
202
397
-162
200
-213
-541
-198
-723
-1059
-622
-639
-1108
-176
-100
-271
699
21
483
986
221
490
439
-132
165
94
-160
444
728
1498
2378
2894
4252
4619
5181
6052
5249
6302
5414
4903
5468
3940
4567
4055
3891
4301
4286
4453
5304
5231
5706
6337
6312
6765
5599
3872
43
-3649
-6595
-8283
-9548
-10209
-8990
-7523
-5032
-2784
-526
1320
2691
3605
2043
1806
626
172
-121
-837
-585
-710
165
214
763
1478
1743
1065
-285
-2414
-4059
-5117
-6570
-7436
-7222
-7447
-5703
-5154
-3364
-1404
-1619
632
-565
-567
-522
-2170
-1702
-2805
-3101
-2358
-2281
-1339
-836
-353
1024
865
460
539
-583
-1124
-1675
-2082
-1938
-1742
-1670
-784
-876
-692
145
-914
-194
-276
-660
13
-262
320
689
1526
2148
2319
3125
2492
2602
2529
2057
2295
2219
2399
2837
3321
3921
4757
5022
5444
5653
5721
5893
5782
5921
6098
6299
6768
6360
7127
7880
7009
5556
1661
-2616
-5586
-7703
-8739
-9392
-8661
-6626
-3497
-1483
390
2706
3583
4254
3389
2067
1605
1037
385
821
547
809
1383
1350
1443
1413
1483
272
-1376
-3719
-5112
-7043
-7968
-8208
-8104
-7093
-5891
-4321
-2883
-1685
-891
19
-481
-359
-849
-813
-257
-919
-531
-2097
-3215
-3949
-5076
-4775
-5589
-4496
-3490
-2539
-1578
-785
314
526
1391
677
93
-839
-1153
-2025
-2755
-3222
-3412
-3049
-2930
-1435
-611
508
1689
1817
2617
2288
2348
1904
1510
1839
1254
1865
1549
2126
2840
3112
3757
3768
4429
4829
5366
6137
6793
7789
7968
7825
8357
8228
8696
8330
8358
8527
6988
4476
-1290
-5975
-8794
-9779
-9569
-9242
-7462
-3429
-464
1698
3165
3612
5044
3699
2580
905
507
1746
2228
3209
3877
4181
3591
2897
727
-1037
-1938
-3933
-6518
-8260
-8842
-8918
-8094
-7204
-5940
-5183
-3953
-3671
-3230
-1743
-1600
219
512
775
1831
1519
2121
2014
680
-608
-2834
-6898
-9684
-10840
-10901
-9336
-7776
-5152
-2332
405
2235
3221
3773
2462
1705
-31
-1691
-1951
-2132
-1208
-1832
-1788
-1038
-1953
-1948
-1914
-1367
-614
247
1217
2140
2867
3802
4490
3497
3370
2726
1341
1486
1176
1399
2906
3675
4530
6308
7605
7951
8969
8391
8818
9130
8225
8848
8667
8783
9214
8589
7047
5565
803
-5208
-9704
-12906
-12120
-10869
-9106
-5588
-1271
2433
4121
3857
4534
4688
2879
2269
680
1500
3665
4090
5260
4924
4106
2861
-123
-3227
-4984
-6955
-8395
-9557
-10277
-9304
-8170
-6600
-5304
-4267
-3626
-3741
-3505
-2780
-1791
183
1673
2619
3518
4018
3099
2935
764
-1226
-2822
-5962
-7713
-10782
-11620
-11756
-9941
-7201
-5405
-3213
-1291
670
1796
2590
3044
2757
1706
1844
802
267
558
-1165
-1981
-3376
-4570
-5250
-5385
-3795
-2169
407
2642
4343
5042
4781
4257
2833
2200
1627
495
1007
1188
2122
3581
4683
5942
6242
7218
7645
7973
8803
9064
9904
10106
10061
10475
10587
10396
9816
7832
5315
872
-6409
-11489
-14716
-13652
-10355
-8136
-4232
410
3917
5489
3558
3181
3435
2062
2104
1888
3463
6571
8489
8213
7428
5405
2055
-2418
-6672
-8572
-9268
-8534
-8433
-8564
-6930
-5875
-6186
-5915
-6113
-5990
-5165
-5059
-3270
-436
2752
5958
6636
6624
5607
3133
188
-2432
-4583
-5527
-6173
-6829
-7330
-8258
-8798
-9981
-9288
-8613
-7592
-5293
-2803
342
2607
4741
5867
4848
3494
1951
-803
-2602
-3896
-5018
-5379
-5517
-5220
-4541
-2490
-1381
-195
1457
1929
2432
2226
1753
1957
1553
2363
3048
3126
4276
3613
2822
3368
3345
3595
4480
5390
7284
9092
11146
11690
11723
11901
10642
9646
8736
8533
8309
7939
5918
3179
-2322
-8045
-11922
-13849
-10989
-8265
-5618
-1793
2202
4075
4283
2567
2290
2736
1484
2764
4080
6905
9807
9512
8614
5452
1470
-2512
-7693
-10537
-10508
-9629
-8616
-8246
-6987
-6020
-6618
-6901
-7568
-6495
-5080
-4421
-2138
933
4793
6999
7211
6353
4091
1375
-1795
-4164
-5339
-5187
-4867
-5336
-5433
-6627
-8949
-11000
-11680
-10647
-8904
-6401
-3112
1202
4802
6028
5372
4179
2004
-477
-2297
-3348
-2780
-1915
-1799
-2487
-3246
-3582
-4121
-4488
-3661
-2006
490
2667
3993
5499
5392
4710
3072
1441
1405
842
891
1624
2699
4159
6009
6737
7502
8563
9278
10060
10086
11103
11436
11094
10885
10867
10980
11205
9759
6731
3205
-3156
-9714
-14089
-14775
-11538
-7482
-3877
-435
2964
4756
3493
1098
953
1859
2557
4596
7167
10298
12821
11353
7341
3723
-1529
-6598
-10557
-12938
-10974
-8477
-6280
-5996
-6241
-6039
-8276
-9890
-10140
-7917
-4908
-2453
560
3812
7247
7818
6120
3523
811
-1879
-4464
-4663
-4120
-2526
-1165
-2074
-3439
-5457
-9808
-13644
-14592
-13393
-8658
-4525
-1067
2563
5205
6269
4274
1918
-102
-2037
-3007
-2232
-757
785
1260
-603
-2730
-5334
-6602
-6593
-6131
-2236
1742
4327
6370
6509
5660
4171
1444
-490
-517
77
1730
2876
4226
6117
6308
6522
5739
6165
6898
8442
10780
13257
15233
14404
13344
11243
10593
9266
5798
3172
-2116
-8813
-13400
-15552
-12266
-7357
-4444
-2432
-227
2115
2273
-546
-493
2968
5056
7573
8948
11061
14181
11604
6664
2324
-1779
-4989
-8738
-10755
-8767
-5607
-4089
-5005
-7085
-8175
-10394
-13186
-12183
-8655
-3768
95
1443
3510
4903
5159
3916
1601
756
-198
-1270
-1129
-355
735
654
-1871
-4742
-6745
-9295
-10994
-11515
-9956
-7239
-5622
-3978
-2478
-1313
-429
-528
-926
97
921
1024
760
1016
1386
429
-804
-2284
-4047
-4241
-4199
-3653
-1897
-330
1158
1268
1563
1802
1649
1505
829
1329
1994
2292
2514
2383
2539
3146
3429
4317
5756
7205
8764
10448
12121
14233
14499
13388
12455
11076
11140
9889
8439
6187
2628
-4316
-11940
-16231
-15944
-9597
-5829
-3337
-1196
1328
3280
527
-1659
424
4023
6515
9039
11003
14898
14720
8635
3254
-1496
-3828
-6450
-9181
-7553
-3666
-1835
-2712
-6302
-8929
-11390
-15209
-15655
-12588
-6185
-600
1373
2418
3078
2714
993
-787
-1194
-7
798
1052
2502
3571
2974
-29
-3945
-6811
-8891
-9962
-11281
-10790
-8707
-7020
-6203
-5541
-4421
-4305
-3676
-3272
-1719
853
2322
2899
2948
2843
1415
-383
-2100
-3319
-3782
-3707
-3332
-1862
-186
293
392
-62
22
374
382
478
917
1381
1828
1683
1317
1251
1556
2222
3262
5265
7423
9836
11230
12486
12923
13637
13498
12680
12673
11907
12833
11903
10004
6415
2544
-3838
-12306
-15894
-14864
-8220
-2680
-1627
-947
473
964
-2305
-4880
-2023
3208
7211
9542
11740
14612
14137
7947
1052
-2253
-2994
-3781
-4716
-3002
304
992
-2253
-7918
-11014
-12277
-14575
-14952
-11238
-4920
-416
-91
-1052
-1896
-2315
-3150
-3899
-1478
2317
3994
3893
3964
4031
3111
-59
-3466
-4484
-4862
-5197
-6245
-5893
-5489
-6623
-9238
-12731
-11486
-8470
-5310
-2406
-185
2052
1896
832
-762
-1702
-1183
-1130
-711
988
2244
1864
468
-1465
-2366
-2780
-2651
-1591
251
2686
3758
2307
1068
-227
-1523
-1107
-685
999
3661
5501
6235
6652
7169
7281
7881
9473
11511
13561
15310
16007
15341
15226
13750
11229
8848
4334
2412
-2689
-9832
-12546
-12149
-5509
-2388
-4351
-5352
-4965
-3415
-4305
-5650
-1213
5060
7617
7978
8487
10500
10718
5541
103
-219
1176
1504
113
-227
2266
1033
-3985
-9456
-11195
-10267
-11567
-12727
-10863
-6388
-4116
-5662
-7688
-7350
-5868
-5767
-4684
-1745
1981
3263
1641
1812
2902
3012
1750
-138
73
219
-1441
-5337
-7167
-7081
-8965
-9347
-9173
-6146
-3867
-4205
-4534
-4661
-2898
-2229
-2823
-1560
1040
2091
1694
1089
1026
1024
1
-1685
-1711
38
1361
1811
2014
2854
2656
1752
233
-610
504
1405
1797
2117
3415
4204
3594
3181
3557
5714
7699
9178
11066
13383
15433
14947
14023
14159
13808
12395
9382
6379
5276
-391
-7523
-11310
-9280
-2803
-2201
-5271
-6602
-5287
-4247
-6349
-6318
-222
5731
5522
3750
5195
8476
8546
3449
237
2717
5006
3826
1271
1983
3918
758
-4478
-7573
-6650
-5334
-8337
-10513
-8823
-6199
-6414
-9262
-9752
-7945
-6831
-7277
-6781
-3340
-555
-722
-1856
-729
2210
2829
1946
1188
1734
1754
124
-3001
-5441
-4662
-5857
-5741
-4041
-3580
-3366
-5151
-6972
-7100
-5756
-4046
-3253
-2267
-902
-502
-1004
-919
-760
-784
-639
-1244
-679
1235
2465
3351
2829
2523
2593
1922
2214
1940
2665
3858
3123
2903
3013
3114
3545
3618
4510
5782
7502
8692
9621
11023
11259
12188
12701
13304
12746
10383
7601
5864
2815
-2989
-6378
-5627
-844
654
-3387
-6833
-6351
-5066
-6364
-7015
-2407
3954
4908
1946
1366
4726
6453
2825
195
3165
6498
5425
1880
1042
3719
2437
-2434
-4950
-3652
-1169
-3592
-8032
-8245
-6072
-6040
-8566
-9637
-7440
-5862
-7304
-8220
-6165
-3509
-3822
-5050
-3828
-618
1067
-78
-405
697
-288
-2534
-3433
-2208
325
-199
-2597
-3356
-2661
-2823
-4380
-5061
-3624
-2651
-3933
-4357
-3423
-2124
-2395
-4170
-4247
-2486
-904
-1117
-1215
418
1978
1685
1211
2016
3123
3698
3063
3257
4587
5301
4929
4165
4701
4986
4633
4373
5500
6552
7288
7367
7310
7850
8573
10046
10096
11067
9929
6563
5645
4151
188
-3133
-4141
-78
3233
488
-4473
-6279
-4764
-4896
-6804
-4890
1382
4252
1545
-750
548
4416
4507
1578
2728
5850
6806
4158
1784
3130
3494
703
-3157
-3683
-1438
-1416
-4630
-7516
-6908
-5940
-6902
-8252
-7380
-5233
-5082
-6881
-7235
-5193
-3852
-4540
-5242
-3308
-971
-633
-1810
-2104
-951
-940
-1923
-3326
-2072
-172
-559
-1109
-2266
-2509
-2422
-3022
-2895
-2831
-3026
-3791
-4928
-4745
-3814
-3954
-3730
-3209
-2904
-1949
-1663
-1393
-354
543
1181
1464
1849
2719
3204
3574
3943
4535
5216
5393
4852
5085
5866
6204
6640
6645
7417
7786
7338
7087
7757
8931
10167
9222
7271
5341
4982
3428
-1182
-3424
-2650
2701
4730
293
-4428
-5631
-4097
-4569
-5561
-2392
2158
2699
-1296
-3259
-191
3092
2254
265
3068
6489
6137
3491
2563
5258
5335
2202
-647
-311
1659
-397
-4607
-6531
-5212
-4198
-6328
-8078
-7330
-6116
-6712
-8030
-6959
-5147
-4780
-6330
-6494
-3670
-1925
-2397
-3028
-2774
-1831
-2168
-2769
-1634
289
987
-477
-1228
-550
-377
-1495
-2500
-2208
-1292
-1423
-2903
-3756
-3960
-4632
-5747
-5865
-4284
-2630
-2767
-3237
-2422
-1061
-331
-855
-318
1694
2718
3349
3585
4628
5761
5791
5870
5807
6692
7454
7373
7847
8361
8682
8821
7628
7295
8255
9390
8317
5796
3710
3730
1957
-3070
-5024
-2659
2980
3518
-2394
-5889
-4436
-2358
-3079
-3844
-32
3672
1616
-2798
-2830
1267
3380
874
-430
3581
6005
3978
1526
2202
5570
5686
2570
921
2190
2865
-272
-3782
-3713
-1822
-2522
-5517
-6906
-6451
-5878
-7028
-7870
-5987
-4323
-5293
-6925
-6176
-3917
-2971
-3435
-3417
-1859
-1367
-3377
-4445
-2736
456
1286
-225
-802
-377
-208
-1346
-1930
-691
207
-939
-2897
-2965
-2611
-3225
-4643
-5116
-4299
-3913
-4240
-4918
-4037
-2620
-2325
-2273
-1421
200
1248
1524
1806
3344
5065
5808
6045
6196
7336
8064
8267
9073
9801
10003
9317
8048
8130
9821
9639
7597
4800
3919
1970
-3093
-5201
-3638
1889
2830
-3169
-8113
-7662
-4143
-4056
-4982
-1717
2261
1479
-3025
-3483
1176
4244
1876
-364
3219
6578
5029
1518
1722
5915
6711
3715
1633
2953
4273
759
-2961
-2084
734
206
-4304
-6851
-5672
-5250
-6834
-8119
-6160
-4332
-5782
-8017
-7302
-4294
-3240
-4328
-4871
-3343
-2832
-4028
-3945
-1326
1780
1221
-1392
-1820
-323
1091
740
448
1288
1245
-340
-1970
-1998
-1490
-1780
-3094
-3638
-2895
-2618
-3620
-4561
-4043
-2751
-2289
-2590
-2373
-1527
-793
-307
1007
2657
3801
3893
4130
4950
5850
6870
8095
9395
10508
10220
9553
9122
9618
10594
9061
7451
6120
5914
2222
-3008
-4388
-1613
3042
1072
-5107
-8272
-6999
-5019
-6212
-5928
-1796
351
-2708
-6350
-4300
738
1944
-334
-150
4312
5958
3017
901
3269
7446
7183
4474
3833
5897
5836
1285
-1398
292
2565
710
-3879
-5156
-4261
-4721
-7163
-7957
-5607
-4960
-7825
-9877
-8154
-5346
-4962
-6622
-6359
-4865
-3840
-3799
-3387
-932
184
-1057
-1632
5
2203
2284
1104
1191
2063
1860
370
-585
-440
-356
-1763
-2934
-2445
-1823
-2193
-3670
-4321
-3426
-2979
-3225
-3240
-2403
-1278
-856
-196
651
1620
2090
2580
3771
5338
6808
7568
8480
9392
10104
9823
9322
10131
10819
10467
9188
7744
7169
3499
-1628
-3034
-244
3970
1965
-4364
-7742
-7070
-6022
-6959
-6560
-2734
-580
-4269
-7675
-5717
-1240
329
-2139
-1907
1920
3744
2092
413
2716
6399
6787
4707
4161
6186
6363
3178
986
2855
5474
3832
-89
-2260
-1957
-2321
-5004
-5914
-4383
-3682
-6061
-8834
-8011
-5987
-5800
-7327
-7483
-5495
-4464
-4853
-5135
-3211
-1062
-1057
-1096
-485
712
1128
420
816
2464
3413
2553
954
264
214
-259
-794
-922
-937
-1419
-2343
-3403
-3291
-2698
-2843
-3221
-3508
-3172
-2550
-1778
-1107
-141
950
1439
2019
3085
4388
5410
6089
7461
8875
9661
9778
9344
10165
10232
10102
9609
9337
8222
2633
-1652
-1396
2874
5372
984
-4675
-6718
-6191
-6515
-7415
-5239
-2135
-2928
-7275
-8882
-5567
-2427
-2626
-4083
-2098
1380
1082
-707
-634
2407
5062
4451
3699
4742
6623
5703
2781
2631
4824
6011
3438
488
39
251
-748
-2967
-3027
-2002
-3143
-6433
-8133
-6607
-5567
-6359
-7478
-6555
-5072
-6254
-7566
-6638
-3799
-1517
-1744
-1985
-1046
-307
-134
68
1529
3213
3233
1954
1179
1145
961
985
687
425
109
-921
-1807
-2330
-2165
-1927
-2442
-3101
-3468
-3345
-3317
-2917
-1850
-837
-102
-11
397
1179
2409
4059
5504
7030
8499
8822
8250
8359
9689
11126
11466
10253
9396
9363
5906
1744
304
2838
6801
4420
-1724
-5263
-4895
-4172
-5734
-6044
-3334
-2178
-5860
-9361
-7839
-4142
-3166
-5076
-4853
-1463
-279
-2040
-2781
32
4112
4426
2433
2472
4807
5305
2992
2091
4366
6653
5009
1764
1070
1920
1555
-921
-1863
-318
-623
-3597
-6238
-5812
-4378
-5086
-6774
-6701
-5221
-5769
-8211
-8667
-6121
-3294
-2835
-3250
-2736
-1722
-1735
-2201
-558
2009
2981
1995
823
1113
1597
1071
435
375
691
333
-1064
-1809
-1330
-879
-1258
-2178
-2669
-2626
-2993
-3437
-2738
-1242
-382
-492
-833
-494
-34
1229
2872
4761
6640
7177
7182
7092
8027
9422
10812
11213
10811
9781
9409
7930
4132
2476
3503
6310
6707
2065
-2545
-3583
-3404
-3899
-4748
-3606
-1623
-3914
-8211
-9389
-6949
-4171
-4292
-5065
-3725
-2428
-3681
-4425
-2341
1356
3452
2098
1293
2615
3808
3506
2449
3343
5382
5601
3740
2058
1807
1553
609
-354
298
733
-1015
-3952
-5345
-4377
-3876
-4210
-5276
-5670
-6366
-8308
-9229
-7602
-4365
-3047
-3565
-4340
-3962
-3044
-2526
-1121
1151
2529
2066
950
837
1436
1342
1118
1348
1717
1298
-291
-1616
-1556
-654
-336
-715
-1215
-1697
-2530
-3510
-3419
-2030
-488
-133
-888
-1127
-686
-58
1129
2741
4583
5765
5999
6027
7044
8876
9850
10038
9754
9738
9795
9406
7015
3788
2873
4350
6635
5746
2071
-798
-1943
-3117
-4525
-4363
-2045
-1281
-4521
-8054
-8545
-6537
-5220
-5377
-4846
-3456
-3761
-5372
-4827
-2115
961
1755
863
1176
2219
2829
2203
1943
3413
4804
4561
2957
2030
1989
1689
936
310
736
666
-986
-2976
-3533
-3183
-3366
-4017
-4565
-4488
-5134
-7151
-8195
-7264
-5434
-4281
-3777
-3707
-3892
-4084
-3926
-2583
-324
1343
1381
398
-377
-230
247
1195
2012
2139
1225
-389
-1274
-1133
-74
393
118
-445
-982
-1466
-2085
-2235
-1710
-648
-62
-179
-272
-91
245
754
2223
4217
5829
6382
6193
6304
7154
8311
9153
9561
9416
9346
9309
7308
4028
2693
3869
6571
6708
3618
758
-569
-1675
-3283
-3625
-1256
349
-2368
-6718
-8163
-6773
-5406
-5259
-5067
-3633
-3590
-5482
-6095
-3977
-311
1312
418
-193
660
2075
2014
1589
2636
4219
4260
2472
1241
1833
2370
1282
-214
97
879
-166
-2206
-3072
-2417
-2811
-4201
-4790
-4021
-3690
-6107
-8136
-7321
-5273
-3988
-4156
-4077
-3558
-3706
-4452
-3671
-1174
982
1140
-218
-655
-201
-133
-178
310
1043
1335
217
-941
-985
-160
488
-241
-698
-526
-816
-1511
-1967
-1269
-109
79
-397
-314
186
577
825
1291
2974
4686
5620
5928
6469
7458
7675
7591
7748
8354
9073
8994
8959
7164
4312
2792
3092
5392
6192
4375
1936
251
-1494
-3333
-3764
-1740
201
-1245
-4912
-7348
-7284
-6252
-5993
-5378
-3501
-2782
-4139
-5494
-4641
-1618
138
-56
-231
642
1568
906
208
1721
4026
3994
2218
936
1764
2694
1699
654
900
1335
245
-1801
-2104
-1097
-1445
-3182
-4513
-4109
-3948
-5174
-6881
-6981
-5286
-4336
-3766
-3559
-3306
-3353
-4109
-3791
-2145
28
830
166
-452
-592
-417
-433
-132
409
636
42
-821
-724
33
224
-276
-569
-506
-437
-794
-1037
-768
-201
165
161
355
994
1304
1411
1744
2602
3729
4607
5780
6623
7248
7229
7039
7403
7639
8118
8157
8319
7417
4774
2736
2466
4459
5612
4516
2652
1176
-617
-2910
-4196
-2879
-287
-573
-3379
-5782
-6300
-5893
-5989
-5442
-3695
-2508
-3415
-5053
-5001
-2836
-837
-713
-1014
-506
300
255
-207
757
2766
3249
1816
486
981
2349
2587
1974
1707
1565
417
-1450
-1936
-641
211
-715
-2482
-3668
-4037
-4624
-5607
-5455
-4368
-3633
-3798
-4297
-3995
-3127
-2955
-3035
-2559
-1734
-898
-879
-882
-409
-315
-613
-909
-918
-612
-809
-1277
-1173
-573
-25
-57
-495
-809
-778
-760
-581
-193
297
480
74
11
599
1360
1763
1869
2153
2816
3560
4061
4949
5963
6839
7106
6858
7211
7338
7380
7237
7499
7939
6616
4583
3141
3339
4318
4192
3213
2420
1619
-371
-2592
-3366
-2165
-971
-1721
-3014
-3674
-4065
-4908
-5866
-5512
-3794
-2901
-3367
-3670
-3115
-1707
-1513
-2197
-1955
-1028
-29
-16
-49
1119
2265
1971
633
39
795
1442
1061
891
1539
1410
-129
-1836
-1925
-803
-695
-1499
-2171
-2348
-3050
-4990
-5818
-4941
-3607
-3055
-3483
-3372
-3072
-3274
-3722
-3559
-2509
-1538
-1402
-1617
-1105
-529
-608
-1285
-1930
-1853
-1529
-1396
-1017
-262
403
114
-1016
-1577
-1107
-424
-156
86
575
779
355
-191
164
1008
1514
1750
1913
2483
3085
3242
3551
4234
5077
5769
6081
6473
6990
7236
7013
6643
6665
7054
6581
5109
3785
3437
3811
3799
3119
2603
2448
1346
-548
-1895
-1832
-1067
-1388
-2274
-2567
-2436
-2735
-3810
-4336
-3880
-3540
-3888
-4131
-3353
-1995
-1303
-1443
-1693
-1540
-1417
-1645
-1289
-50
1228
1611
1053
478
371
404
143
178
851
1219
788
-241
-755
-653
-889
-1496
-1825
-1630
-1692
-2557
-3543
-3805
-3841
-4148
-4534
-4248
-3284
-2666
-2734
-2979
-2875
-2852
-3245
-3343
-2663
-1625
-1012
-1075
-1268
-1324
-1466
-1813
-1995
-1576
-960
-490
-458
-415
-54
157
222
226
399
636
582
503
690
1029
1303
1341
1387
1578
1707
1761
2078
2753
3695
4391
4710
5058
5300
5417
5646
6004
6386
6723
6566
6270
5946
4989
3920
3225
3224
3574
3428
3079
2951
2561
1571
212
-775
-839
-895
-1377
-1800
-1787
-1588
-2140
-3089
-3598
-3583
-3721
-4299
-4425
-3643
-2544
-2048
-2074
-2046
-1918
-2031
-2471
-2379
-1392
-433
-225
-433
-391
-46
-22
-379
-347
-61
71
-255
-696
-477
-77
-219
-698
-1083
-1356
-1878
-2730
-3170
-3101
-2915
-3055
-3396
-3383
-3175
-3062
-3129
-2884
-2417
-2182
-2302
-2625
-2478
-2163
-1976
-1794
-1484
-899
-685
-909
-1181
-1160
-1022
-979
-678
38
816
1121
978
759
700
620
378
255
585
1042
1293
1302
1227
1314
1416
1562
1880
2194
2739
3211
3585
4209
4766
5081
5131
5206
5585
5998
6137
6272
6374
6338
5963
5109
4364
4108
4153
4212
3976
3630
3190
2466
1524
502
-165
-501
-1087
-1765
-2267
-2554
-2821
-3347
-3743
-3815
-3770
-4009
-4315
-4385
-4116
-3613
-3247
-2877
-2518
-2408
-2477
-2587
-2408
-1780
-1232
-984
-865
-633
-326
-194
-177
-30
132
-46
-490
-857
-928
-874
-1050
-1229
-1295
-1443
-1966
-2833
-3303
-3254
-3218
-3299
-3162
-2804
-2373
-2239
-2287
-2140
-1972
-1993
-2174
-2158
-1720
-1214
-900
-643
-331
-113
-172
-495
-743
-689
-335
62
417
647
846
942
538
247
102
181
133
-80
141
300
462
637
717
1042
1272
1407
1562
1750
2304
2791
3250
3855
4422
4735
4855
4985
5288
5596
5821
6009
6234
6424
6402
6239
5914
5428
4749
4134
3674
3319
2915
2430
2022
1580
895
-82
-1065
-1704
-2220
-2806
-3305
-3619
-3723
-3846
-4019
-4120
-4193
-4272
-4412
-4500
-4259
-3830
-3392
-3068
-2754
-2359
-2139
-2094
-1943
-1648
-1405
-1229
-1146
-961
-690
-519
-447
-477
-528
-707
-1150
-1537
-1658
-1537
-1501
-1519
-1564
-1636
-1885
-2428
-2741
-2853
-2731
-2611
-2424
-2073
-1559
-1118
-983
-899
-895
-881
-853
-773
-414
0
304
367
296
115
-156
-448
-643
-560
-381
-165
-134
-48
-52
-56
-254
-434
-223
-52
177
308
578
798
867
920
954
1305
1663
1925
2198
2549
3105
3460
3852
4232
4634
4958
5136
5292
5554
5857
5961
6060
6032
6027
5805
5450
5124
4805
4301
3649
3112
2668
2286
1754
1293
946
509
-82
-845
-1477
-2075
-2660
-3168
-3489
-3625
-3765
-3945
-4160
-4166
-4159
-4273
-4376
-4344
-3989
-3611
-3312
-2975
-2599
-2286
-2194
-2150
-2081
-1944
-1794
-1749
-1612
-1375
-1154
-1023
-957
-962
-982
-1140
-1352
-1442
-1357
-1195
-1090
-972
-863
-869
-1105
-1405
-1718
-1777
-1678
-1474
-1135
-884
-565
-327
-259
-308
-438
-506
-492
-477
-374
-98
98
136
-60
-439
-749
-947
-1074
-1021
-743
-421
-267
-314
-363
-374
-212
-98
77
427
898
1214
1262
1376
1482
1633
1720
1937
2288
2721
2868
2889
3227
3692
3971
4091
4188
4371
4613
4748
4968
5028
5104
5091
4955
4897
4799
4728
4517
4279
3900
3389
2782
2226
1863
1623
1403
1035
600
33
-582
-1249
-1908
-2398
-2778
-3076
-3474
-3846
-4076
-4173
-4253
-4399
-4483
-4528
-4532
-4516
-4360
-4056
-3726
-3369
-3077
-2807
-2640
-2552
-2357
-2150
-1926
-1766
-1631
-1425
-1237
-1085
-964
-862
-850
-976
-1128
-1160
-1042
-862
-786
-721
-706
-802
-1076
-1444
-1601
-1554
-1305
-991
-767
-545
-422
-469
-634
-801
-830
-752
-647
-489
-223
28
138
63
-54
-161
-131
-85
56
343
618
783
732
738
770
865
856
1006
1275
1490
1641
1606
1740
1928
2129
2079
2092
2387
2720
2901
2912
3209
3452
3551
3485
3479
3622
3850
4048
4175
4433
4448
4366
4188
4136
4201
4139
4051
3890
3776
3510
3090
2516
1954
1453
925
536
157
-153
-579
-1095
-1622
-2188
-2698
-3222
-3618
-3899
-4096
-4312
-4494
-4598
-4680
-4711
-4773
-4695
-4531
-4323
-4065
-3762
-3434
-3162
-2929
-2730
-2438
-2162
-1934
-1673
-1349
-1004
-766
-745
-857
-901
-940
-1050
-1103
-1013
-856
-748
-804
-928
-974
-1043
-1176
-1291
-1295
-1228
-1262
-1282
-1164
-904
-676
-598
-505
-325
-186
-163
-57
183
478
542
542
600
711
832
812
843
932
1012
932
757
791
1069
1197
1112
1005
1034
1133
1144
1058
1161
1353
1506
1503
1464
1620
1915
2053
2051
2085
2243
2360
2338
2430
2701
2947
3106
3279
3413
3502
3467
3400
3341
3433
3562
3594
3448
3330
3297
3128
2822
2412
2008
1605
1114
666
351
213
-30
-427
-927
-1413
-1892
-2387
-2765
-3037
-3169
-3356
-3607
-3905
-4085
-4159
-4216
-4243
-4191
-4014
-3856
-3793
-3702
-3480
-3181
-2922
-2799
-2667
-2418
-2187
-1973
-1726
-1427
-1162
-1090
-1104
-1122
-1031
-961
-906
-832
-730
-569
-559
-612
-588
-485
-407
-486
-566
-524
-447
-412
-459
-410
-307
-149
-63
15
125
221
272
297
373
443
514
515
522
535
554
541
538
559
550
589
611
669
781
852
839
779
810
859
871
803
919
1108
1161
1180
1224
1360
1499
1632
1684
1832
2011
2143
2228
2273
2431
2587
2696
2846
2973
3042
3074
3079
3090
3119
3095
3017
2952
2882
2806
2667
2586
2441
2205
1800
1384
1082
721
330
-82
-297
-489
-856
-1350
-1815
-2084
-2381
-2775
-3169
-3372
-3463
-3712
-4049
-4241
-4137
-4033
-4064
-4136
-4040
-3831
-3767
-3754
-3587
-3200
-2887
-2769
-2630
-2299
-1900
-1658
-1506
-1257
-904
-651
-601
-523
-324
-78
68
112
213
353
456
477
514
594
640
553
391
312
337
353
317
312
320
268
198
137
172
257
288
289
309
372
351
318
268
313
316
283
287
322
423
473
519
535
627
540
462
507
651
852
940
1015
1062
1065
962
889
1009
1172
1312
1309
1370
1483
1581
1598
1616
1744
1903
1990
1956
2025
2176
2346
2357
2348
2417
2467
2425
2254
2181
2231
2227
2121
1925
1794
1641
1422
1089
771
501
164
-257
-681
-1010
-1278
-1556
-1869
-2188
-2497
-2787
-3140
-3445
-3642
-3768
-3868
-3972
-3997
-3966
-3900
-3822
-3716
-3553
-3364
-3154
-2952
-2711
-2426
-2128
-1805
-1529
-1251
-979
-732
-448
-183
50
213
301
348
406
495
601
715
800
818
773
662
547
452
392
308
254
192
71
-35
-137
-197
-251
-279
-289
-262
-220
-171
-94
-20
46
56
52
49
88
138
206
333
421
480
449
467
535
679
773
766
823
876
930
922
961
1043
1123
1205
1207
1243
1300
1353
1345
1375
1477
1584
1632
1653
1806
1915
2016
2049
2063
2127
2184
2230
2205
2239
2277
2262
2198
2098
2057
1973
1817
1649
1522
1383
1185
933
709
502
213
-145
-499
-796
-1100
-1434
-1731
-1945
-2099
-2304
-2555
-2788
-2929
-3034
-3170
-3264
-3291
-3257
-3234
-3197
-3080
-2877
-2680
-2549
-2420
-2231
-1984
-1733
-1524
-1315
-1058
-838
-674
-497
-296
-87
68
175
272
380
448
461
496
551
579
539
456
419
393
355
245
148
66
-51
-158
-278
-280
-253
-229
-276
-340
-358
-369
-338
-287
-181
-120
-124
-152
-116
-37
3
69
110
207
273
332
409
526
668
761
839
875
944
1001
1029
1110
1208
1303
1338
1326
1319
1345
1360
1364
1397
1412
1449
1442
1473
1490
1535
1517
1487
1477
1455
1425
1363
1384
1435
1457
1379
1289
1234
1183
1134
1034
954
898
867
792
655
541
428
305
118
-54
-227
-403
-601
-788
-932
-1097
-1262
-1456
-1617
-1742
-1860
-1981
-2076
-2113
-2170
-2221
-2276
-2289
-2237
-2184
-2114
-2015
-1864
-1735
-1632
-1526
-1379
-1210
-1045
-878
-730
-557
-394
-262
-154
-52
36
99
168
217
257
271
254
241
225
184
105
35
-47
-127
-225
-337
-424
-487
-529
-574
-600
-596
-574
-572
-561
-527
-470
-394
-334
-260
-180
-107
-33
38
129
245
363
464
569
690
771
831
899
967
1021
1054
1098
1142
1184
1217
1212
1201
1189
1154
1090
1043
1035
1049
1049
1005
958
933
904
866
873
893
899
891
880
908
925
939
931
927
968
1001
1020
996
991
985
940
896
848
821
776
706
617
540
451
339
223
95
-33
-176
-312
-469
-610
-730
-861
-990
-1128
-1250
-1355
-1440
-1520
-1577
-1594
-1606
-1601
-1608
-1588
-1554
-1486
-1422
-1364
-1297
-1234
-1141
-1054
-971
-877
-776
-677
-594
-529
-488
-454
-417
-387
-352
-332
-333
-329
-342
-353
-365
-395
-439
-482
-511
-537
-543
-561
-569
-553
-541
-554
-559
-540
-495
-432
-372
-298
-216
-127
-61
-4
80
164
244
297
370
436
507
576
637
696
732
779
786
799
842
852
849
855
885
895
877
855
832
807
786
780
759
753
751
753
760
762
768
768
766
764
742
723
729
749
764
792
803
795
774
758
735
705
677
662
641
626
592
535
487
430
365
281
205
121
26
-75
-159
-239
-321
-392
-471
-555
-633
-733
-850
-950
-1019
-1079
-1130
-1180
-1217
-1231
-1248
-1272
-1291
-1293
-1276
-1251
-1233
-1213
-1170
-1125
-1069
-1018
-982
-947
-907
-862
-820
-765
-717
-668
-622
-586
-551
-509
-466
-416
-381
-347
-310
-287
-278
-266
-245
-210
-164
-116
-74
-39
-13
-1
28
68
112
156
205
258
320
383
431
470
511
568
610
637
667
703
765
819
862
891
919
923
907
909
921
948
953
949
943
928
919
903
895
880
859
834
804
788
761
738
715
703
687
675
659
637
605
578
552
513
477
446
422
388
371
347
318
273
236
190
134
75
15
-27
-71
-117
-171
-221
-278
-341
-411
-506
-582
-638
-687
-744
-775
-805
-850
-923
-995
-1040
-1080
-1113
-1149
-1161
-1160
-1161
-1169
-1180
-1182
-1184
-1197
-1210
-1205
-1189
-1164
-1138
-1108
-1066
-1026
-995
-983
-971
-949
-918
-886
-841
-778
-721
-678
-633
-571
-518
-472
-437
-394
-341
-266
-187
-121
-48
32
105
162
218
276
329
393
462
541
612
691
752
813
875
908
931
953
989
1023
1064
1107
1144
1170
1180
1170
1157
1140
1108
1089
1096
1112
1141
1143
1138
1119
1101
1062
1000
936
891
882
867
865
854
830
774
722
666
602
556
500
474
444
393
331
266
207
125
62
-12
-67
-131
-179
-235
-291
-336
-382
-421
-484
-526
-572
-602
-634
-661
-693
-727
-748
-771
-765
-778
-795
-818
-827
-820
-817
-806
-807
-808
-816
-817
-820
-826
-813
-814
-819
-828
-827
-829
-835
-832
-816
-800
-801
-775
-750
-733
-723
-709
-683
-651
-618
-575
-526
-481
-440
-405
-356
-305
-262
-203
-145
-82
-15
40
88
129
175
229
283
335
393
451
493
540
603
651
696
736
758
779
797
814
843
880
894
912
926
939
935
927
926
928
934
925
921
917
914
914
917
906
878
848
801
765
733
697
662
624
591
554
517
478
440
396
347
304
247
197
152
108
63
17
-29
-78
-115
-166
-213
-264
-316
-358
-398
-425
-461
-485
-517
-528
-537
-559
-582
-600
-609
-641
-657
-667
-664
-651
-639
-615
-602
-592
-604
-597
-592
-575
-558
-548
-529
-517
-498
-484
-463
-453
-441
-440
-456
-450
-442
-430
-424
-419
-422
-414
-403
-403
-391
-380
-362
-355
-349
-329
-308
-282
-262
-243
-225
-201
-180
-148
-114
-83
-43
4
48
82
115
142
171
213
257
300
336
370
393
419
437
453
481
498
507
520
533
549
559
564
571
577
557
527
499
485
483
482
484
486
480
464
452
432
409
381
354
329
307
292
281
276
270
262
243
213
175
134
107
75
60
46
29
18
-1
-19
-62
-108
-151
-200
-244
-266
-282
-285
-282
-274
-268
-292
-315
-341
-358
-375
-374
-355
-340
-322
-308
-286
-277
-264
-258
-256
-240
-229
-223
-225
-220
-197
-173
-142
-102
-70
-51
-36
-38
-37
-39
-36
-24
-15
-5
-13
-9
-9
5
18
12
10
7
16
26
35
39
45
56
65
72
75
84
78
77
85
85
91
92
95
102
111
120
125
129
139
139
127
121
129
144
158
150
141
126
113
96
79
66
57
44
28
21
2
-5
-12
-21
-29
-36
-43
-49
-63
-82
-90
-97
-96
-94
-94
-89
-87
-101
-115
-120
-116
-101
-93
-87
-80
-83
-91
-100
-102
-102
-102
-98
-80
-62
-52
-46
-46
-49
-53
-57
-61
-57
-42
-29
-14
-1
2
-3
-8
-12
-8
1
6
16
11
6
18
18
20
13
12
10
11
8
-3
-12
-16
-13
-11
-1
6
22
30
25
22
17
10
-1
-5
3
10
16
28
36
43
48
40
27
18
21
28
33
47
70
85
91
95
99
100
106
110
105
101
98
105
112
110
108
98
81
73
69
68
73
76
76
68
54
37
15
-5
-20
-30
-38
-36
-45
-59
-68
-80
-89
-94
-96
-110
-130
-144
-156
-165
-172
-172
-170
-166
-160
-157
-167
-176
-176
-178
-180
-181
-174
-166
-150
-135
-138
-136
-135
-132
-127
-119
-106
-90
-69
-43
-31
-25
-18
-14
-4
13
37
55
71
79
82
89
91
94
98
105
120
137
151
162
161
154
151
140
132
137
151
165
172
169
157
147
139
133
128
120
119
109
94
87
81
71
60
52
45
42
37
23
8
-3
-7
-13
-13
-15
-21
-34
-42
-45
-52
-49
-57
-66
-70
-69
-60
-52
-46
-49
-58
-68
-73
-79
-78
-72
-63
-60
-63
-61
-62
-61
-64
-68
-74
-77
-74
-76
-69
-59
-53
-46
-45
-51
-55
-59
-64
-65
-65
-47
-27
-16
-16
-17
-22
-35
-36
-26
-10
-3
2
9
5
2
1
-1
-1
3
8
17
25
30
31
27
25
28
34
38
41
41
44
39
32
28
28
32
38
40
46
55
54
51
48
49
57
60
51
40
41
35
13
8
13
20
23
24
27
28
25
17
12
13
17
15
14
16
15
8
-1
-10
-22
-21
-15
-3
6
14
15
12
8
-1
-9
-17
-15
-15
-11
-2
10
13
4
1
-7
-11
-14
-13
-10
-10
-12
-8
-2
1
5
-2
-11
-23
-34
-38
-37
-34
-24
-16
-11
-9
-14
-13
-14
-16
-13
-2
2
1
7
8
8
9
8
7
6
4
2
-1
-4
-1
-4
-7
3
3
1
6
8
8
-1
-11
-15
-10
-12
-10
-6
-2
5
7
-1
-3
-9
-12
-4
2
6
8
7
6
0
-1
1
-4
-4
5
8
10
9
11
14
11
11
7
7
13
13
17
24
30
29
31
31
27
31
31
28
22
21
18
15
20
22
28
29
25
22
18
19
22
22
25
28
30
34
36
35
29
24
21
18
14
13
16
16
12
10
11
8
1
-3
-3
-1
-1
-7
-14
-16
-12
-15
-18
-28
-35
-41
-45
-50
-53
-53
-46
-31
-21
-15
-14
-18
-26
-37
-40
-36
-34
-31
-29
-21
-15
-10
-9
-12
-18
-21
-23
-20
-11
-5
-4
0
4
8
4
-6
-13
-13
-4
-5
-8
-4
5
12
12
11
9
6
6
7
6
10
15
17
21
17
14
11
3
-1
-4
-3
-5
-10
-9
-10
-12
-11
-13
-14
-16
-16
-13
-5
3
9
15
15
10
2
-1
1
1
2
6
10
11
12
14
18
18
14
15
24
29
28
23
18
18
22
26
25
25
26
22
26
29
24
26
24
20
21
16
12
10
13
12
6
1
4
2
2
9
11
10
7
-1
-8
-18
-24
-30
-28
-16
-8
-9
-12
-9
-10
-13
-12
-11
-12
-15
-15
-14
-15
-19
-22
-19
-22
-21
-13
-7
-5
-4
-7
-7
-8
-15
-15
-6
-6
-13
-17
-19
-24
-30
-31
-24
-15
-6
1
3
1
-4
-10
-10
-6
-3
-4
-9
-8
-1
4
6
5
5
-1
-6
-8
-10
-9
-8
-9
-10
-7
-4
-2
1
-4
-8
-6
-9
-15
-11
2
12
11
4
0
-5
-10
-12
-14
-11
-6
4
13
12
7
5
1
1
3
0
4
11
12
10
9
12
14
7
4
4
5
4
6
12
9
7
9
10
8
5
-1
-2
-3
-5
-3
-4
-9
-10
-10
-5
-1
0
2
0
0
-1
4
5
4
8
2
-2
-11
-15
-13
-12
-12
-9
-11
-14
-8
-1
5
3
3
9
9
7
7
5
5
3
-1
1
0
-2
0
-5
-8
-6
-2
-2
-3
-5
-7
-2
-4
-8
-10
-11
-10
-14
-17
-12
-7
-10
-12
-14
-13
-10
-12
-19
-17
-11
-11
-15
-15
-12
-10
-7
-8
-12
-16
-15
-15
-16
-15
-10
-1
11
20
20
15
11
10
16
23
19
17
23
30
31
30
22
16
18
17
16
20
23
21
18
20
23
20
16
17
17
8
3
4
5
4
5
16
25
18
3
-7
-12
-12
-13
-13
-11
-11
-12
-11
-9
-8
-6
-6
-8
-3
-2
-5
-5
-2
-1
-6
-11
-13
-7
1
0
-3
-1
-5
-11
-4
5
6
3
4
5
3
-6
-13
-13
-9
-1
10
15
12
11
11
11
10
8
9
16
18
8
0
-2
-2
-4
-7
-10
-7
-5
-4
3
6
6
7
5
6
5
0
0
-3
-7
-7
-9
-11
-12
-13
-8
-10
-10
-8
-6
-8
-7
-1
-1
5
13
9
6
2
5
9
12
13
11
14
17
17
12
13
15
15
16
13
7
-2
-2
0
1
5
4
2
1
-1
-4
-9
-13
-9
-7
-12
-8
-1
2
0
-7
-13
-17
-20
-19
-14
-13
-10
-11
-17
-24
-26
-26
-29
-25
-15
-5
-3
-7
-8
-6
-11
-17
-13
-8
-5
-5
0
10
15
17
14
11
5
1
0
-4
-4
-5
-2
10
13
13
17
17
16
14
9
1
0
6
14
19
18
9
11
9
2
2
6
12
22
23
22
26
24
19
17
17
16
17
14
10
10
10
11
10
11
17
26
27
26
24
22
17
16
18
16
16
11
14
19
23
20
9
6
11
14
14
7
-4
0
8
10
4
-3
-3
1
5
3
-3
-4
-10
-15
-18
-17
-16
-9
-3
-7
-5
-8
-14
-10
-4
-7
-11
-15
-15
-11
-9
-12
-14
-17
-18
-14
-18
-21
-28
-27
-19
-10
-6
-8
-10
-8
-2
-3
-6
-10
-14
-16
-16
-14
-8
0
-5
-6
-10
-12
-4
-5
-7
0
5
7
1
-5
-7
-5
-7
-11
-10
-6
-2
-6
-14
-22
-23
-15
-9
-5
-7
-5
3
10
8
3
1
-1
-6
-11
-14
-13
-9
-16
-16
-14
-9
-2
4
6
13
19
19
21
20
18
18
16
15
18
21
19
17
17
15
17
15
13
15
13
19
25
28
28
27
18
4
0
-2
-6
-10
-6
-6
-2
4
0
-7
-9
-9
-5
7
9
16
16
4
-1
-3
-2
