13
14
14
13
12
11
11
10
9
9
9
9
10
9
8
12
12
12
11
9
5
5
7
8
9
9
8
4
2
3
2
3
1
4
1
0
0
-1
-3
-2
-2
-3
-3
-4
-4
-5
-6
-7
-7
-9
-7
-8
-7
-6
-7
-7
-8
-9
-7
-8
-7
-6
-6
-6
-6
-6
-8
-7
-5
-4
-3
-2
-1
-2
-3
-2
0
1
0
1
1
2
2
1
2
3
4
5
4
6
5
6
8
8
9
9
10
9
9
9
10
11
9
9
6
7
8
8
8
7
5
5
3
0
1
2
1
2
1
0
-2
-1
-1
-1
-1
-3
-3
-4
-7
-7
-9
-10
-11
-13
-12
-11
-13
-14
-14
-19
-20
-20
-20
-21
-23
-26
-26
-26
-25
-26
-29
-28
-27
-28
-28
-28
-28
-29
-30
-30
-30
-29
-27
-26
-27
-27
-28
-26
-24
-23
-24
-24
-21
-20
-18
-17
-16
-16
-15
-14
-12
-12
-11
-10
-9
-9
-8
-4
-2
1
-1
-1
0
-1
1
2
5
7
8
7
10
14
16
19
17
16
17
17
18
19
19
22
23
24
24
23
25
25
27
27
26
25
25
24
23
23
22
25
26
24
24
20
20
21
21
22
21
19
18
17
16
16
17
16
17
17
17
16
15
16
16
16
13
14
13
12
10
6
6
4
2
-1
-1
0
0
1
0
2
1
-2
-1
-1
-3
-4
-5
-5
-5
-7
-7
-8
-7
-10
-9
-11
-12
-11
-11
-10
-12
-13
-13
-14
-12
-14
-14
-13
-12
-13
-15
-16
-15
-14
-16
-17
-16
-16
-16
-15
-15
-13
-12
-13
-13
-12
-14
-14
-14
-13
-12
-11
-10
-11
-11
-11
-12
-11
-12
-8
-7
-7
-8
-11
-10
-9
-7
-6
-6
-7
-7
-7
-8
-8
-4
-5
-6
-4
-5
-5
-4
-5
-6
-8
-8
-9
-9
-6
-6
-4
-4
-4
-4
-5
-5
-5
-5
-6
-6
-3
-2
-3
-4
-3
-4
-5
-5
-5
-4
-3
-4
-4
-4
-4
-6
-2
0
2
2
1
3
2
5
5
5
4
7
7
9
10
10
13
13
14
14
15
18
19
18
18
18
17
17
17
16
16
15
14
15
17
21
21
24
25
27
30
30
32
33
32
29
28
28
26
26
27
27
25
22
22
23
22
24
23
22
20
18
20
23
25
27
26
23
26
24
24
23
24
22
21
21
21
19
20
21
20
20
18
18
19
22
24
27
26
25
25
26
28
28
30
29
27
26
22
22
20
18
18
18
19
15
12
14
14
13
18
22
26
27
27
28
32
37
38
40
40
44
47
47
51
53
51
51
52
56
63
68
71
74
75
76
81
82
82
82
80
79
78
78
74
69
65
58
52
46
36
27
18
14
9
3
-3
-10
-13
-19
-18
-18
-19
-21
-25
-30
-33
-37
-38
-42
-53
-61
-72
-80
-90
-99
-107
-119
-127
-132
-138
-141
-147
-146
-141
-140
-133
-129
-128
-124
-121
-114
-103
-94
-86
-76
-68
-59
-50
-40
-28
-18
-10
0
13
26
42
62
83
104
128
151
174
198
222
249
279
306
332
353
372
387
403
423
440
456
469
480
485
491
498
510
518
524
526
530
536
540
543
545
540
532
521
504
481
456
423
380
329
268
202
131
62
-10
-90
-168
-248
-328
-408
-480
-543
-598
-645
-687
-723
-750
-764
-765
-762
-754
-742
-727
-714
-693
-668
-643
-620
-599
-586
-581
-578
-572
-566
-559
-552
-551
-553
-557
-564
-564
-567
-567
-567
-569
-572
-571
-563
-554
-535
-512
-492
-471
-447
-426
-402
-369
-336
-305
-274
-248
-215
-178
-137
-93
-59
-29
-2
21
49
84
120
152
180
201
220
242
273
312
345
374
402
431
468
509
560
611
662
712
757
805
859
917
974
1025
1065
1095
1114
1119
1119
1119
1108
1075
1005
895
756
616
496
400
316
213
77
-93
-274
-428
-532
-580
-608
-648
-712
-785
-828
-808
-738
-650
-574
-538
-528
-509
-464
-396
-318
-257
-228
-226
-222
-193
-146
-98
-70
-79
-110
-153
-185
-187
-167
-149
-145
-172
-231
-293
-344
-377
-385
-377
-368
-371
-388
-415
-431
-435
-428
-426
-431
-432
-426
-400
-369
-343
-322
-308
-293
-278
-251
-218
-184
-158
-154
-162
-164
-153
-123
-84
-33
14
56
89
106
117
127
149
181
225
270
308
337
353
365
380
399
417
433
454
483
522
564
593
604
616
652
715
806
915
1018
1107
1178
1225
1262
1299
1338
1378
1403
1403
1357
1240
1060
835
618
468
386
319
205
-4
-302
-613
-861
-989
-1000
-969
-977
-1075
-1213
-1296
-1261
-1111
-922
-785
-738
-752
-753
-678
-536
-377
-266
-244
-288
-328
-300
-198
-71
1
-6
-79
-161
-205
-197
-152
-100
-82
-127
-214
-318
-408
-459
-472
-449
-416
-393
-400
-434
-473
-495
-483
-457
-424
-392
-356
-311
-254
-196
-142
-99
-71
-47
-23
15
47
78
98
107
119
131
165
206
247
284
312
334
344
348
352
355
375
402
430
447
449
442
430
416
408
412
433
467
495
519
540
566
607
663
723
778
837
899
950
1004
1058
1114
1169
1212
1235
1236
1207
1120
969
772
581
438
355
288
192
20
-231
-525
-797
-977
-1046
-1041
-1049
-1132
-1275
-1388
-1390
-1267
-1086
-927
-853
-851
-871
-842
-732
-584
-453
-409
-453
-510
-507
-416
-292
-196
-173
-224
-300
-343
-321
-249
-168
-139
-186
-289
-390
-461
-497
-517
-530
-541
-544
-544
-545
-547
-549
-549
-555
-547
-515
-455
-389
-326
-288
-251
-197
-140
-77
-36
-13
-12
-23
-16
0
23
45
41
33
40
85
157
221
255
254
237
219
226
260
314
375
410
403
361
319
303
319
356
399
439
475
517
567
607
658
726
801
883
973
1050
1142
1250
1343
1427
1497
1548
1595
1635
1678
1709
1682
1560
1348
1115
919
804
727
614
415
128
-228
-599
-884
-1032
-1051
-1039
-1109
-1281
-1464
-1528
-1424
-1222
-1040
-952
-946
-970
-954
-863
-695
-517
-415
-421
-473
-483
-388
-207
-43
42
23
-55
-120
-123
-68
27
84
46
-66
-203
-303
-368
-394
-399
-387
-362
-363
-404
-462
-518
-540
-531
-520
-498
-466
-430
-405
-388
-359
-305
-240
-196
-196
-220
-232
-224
-200
-174
-176
-202
-227
-252
-247
-211
-157
-106
-80
-68
-82
-93
-92
-72
-24
30
71
86
91
98
132
169
193
206
211
242
296
353
405
458
504
540
584
665
780
920
1062
1155
1211
1262
1323
1410
1508
1572
1583
1554
1482
1374
1226
1059
903
771
659
526
345
98
-196
-495
-739
-891
-944
-960
-1025
-1142
-1261
-1289
-1196
-1018
-832
-710
-672
-664
-637
-556
-399
-232
-135
-128
-175
-194
-112
43
187
269
269
205
136
103
117
162
217
212
122
-7
-146
-248
-282
-280
-279
-297
-361
-458
-556
-620
-604
-551
-510
-511
-546
-572
-557
-491
-419
-362
-358
-390
-445
-474
-453
-404
-363
-372
-414
-461
-467
-427
-362
-300
-260
-244
-233
-219
-204
-176
-153
-136
-132
-136
-125
-98
-72
-49
-33
-15
14
48
82
122
172
213
249
283
319
391
494
619
747
863
977
1069
1168
1261
1365
1454
1501
1518
1520
1555
1575
1512
1324
1073
852
718
666
591
430
159
-193
-554
-836
-963
-962
-923
-973
-1162
-1371
-1455
-1338
-1091
-857
-735
-728
-756
-749
-646
-463
-277
-166
-167
-216
-217
-115
56
195
236
199
138
87
73
87
115
137
108
21
-103
-224
-312
-380
-426
-452
-459
-473
-512
-591
-686
-734
-730
-697
-665
-645
-640
-623
-586
-543
-505
-468
-444
-448
-460
-444
-416
-388
-371
-382
-396
-385
-358
-318
-261
-211
-163
-125
-115
-99
-77
-47
-11
16
46
80
123
168
204
231
272
325
387
459
521
584
639
678
719
775
861
982
1122
1250
1357
1452
1567
1695
1820
1952
2045
2094
2115
2126
2159
2194
2163
1986
1715
1437
1228
1133
1084
971
740
395
-32
-422
-658
-717
-649
-655
-846
-1149
-1386
-1407
-1211
-964
-821
-812
-902
-966
-932
-788
-581
-403
-344
-414
-491
-471
-348
-172
-63
-59
-120
-208
-272
-280
-236
-160
-107
-145
-266
-428
-555
-624
-670
-700
-734
-788
-876
-992
-1102
-1169
-1200
-1235
-1298
-1372
-1419
-1405
-1328
-1227
-1152
-1117
-1090
-1052
-1005
-910
-827
-757
-709
-714
-693
-644
-588
-522
-467
-431
-404
-356
-276
-182
-107
-72
-35
9
52
117
174
214
251
273
270
278
298
317
388
466
546
630
689
766
863
1001
1161
1305
1433
1539
1649
1764
1879
2002
2109
2161
2207
2264
2324
2379
2429
2444
2442
2355
2159
1960
1759
1600
1520
1406
1190
907
570
203
-120
-402
-581
-635
-702
-862
-1092
-1283
-1307
-1136
-918
-763
-700
-719
-726
-664
-542
-355
-171
-104
-174
-266
-258
-98
93
209
216
146
82
55
89
161
234
232
130
-60
-280
-420
-508
-570
-639
-753
-881
-1011
-1163
-1327
-1413
-1420
-1422
-1413
-1394
-1382
-1319
-1250
-1202
-1132
-1062
-992
-908
-864
-863
-842
-810
-744
-691
-688
-681
-659
-641
-599
-532
-436
-334
-254
-208
-187
-152
-101
-17
73
109
129
151
147
147
191
264
372
459
500
553
631
711
762
844
946
1062
1177
1291
1420
1525
1632
1740
1845
1918
2023
2146
2266
2378
2443
2495
2530
2572
2622
2591
2364
2012
1647
1353
1238
1153
977
657
231
-250
-744
-1091
-1242
-1216
-1197
-1358
-1689
-1975
-2014
-1784
-1450
-1249
-1184
-1202
-1223
-1179
-1039
-820
-626
-519
-573
-676
-654
-472
-223
-53
-39
-145
-250
-331
-324
-259
-159
-76
-132
-310
-490
-669
-777
-818
-891
-938
-1010
-1119
-1215
-1291
-1384
-1424
-1412
-1437
-1495
-1472
-1503
-1766
-1888
-1743
-1619
-1518
-1290
-1054
-860
-805
-978
-835
-350
-242
-201
54
206
474
521
369
435
331
126
126
70
-44
-16
33
97
193
221
270
295
254
265
323
475
690
852
953
1062
1112
1187
1341
1510
1726
1931
2127
2294
2436
2591
2747
2880
3014
3115
3132
3136
3166
3102
2989
2849
2679
2244
1483
606
-250
-702
-820
-900
-1067
-1450
-2003
-2543
-2957
-3107
-2745
-2139
-1800
-1395
-1081
-817
-62
491
881
1354
1222
1004
920
658
665
763
618
514
311
-53
-264
-524
-825
-1045
-1404
-1798
-1987
-2135
-2188
-2036
-1960
-1841
-1710
-1724
-1712
-1709
-1822
-1811
-1830
-1947
-1859
-1715
-1546
-1285
-1150
-1181
-1233
-1411
-1621
-1457
-1220
-975
-522
-454
-454
-378
-556
-581
-633
-797
-840
-975
-1072
-1018
-902
-727
-513
-365
-267
-131
-95
6
102
113
243
365
435
596
725
764
823
767
711
746
731
840
1016
1262
1601
1857
2095
2177
2130
2134
2201
2342
2545
2751
2899
2926
2960
2879
2826
2938
3000
3231
3353
3276
3179
3001
2824
2753
2766
2589
1604
193
-1499
-2953
-3166
-2819
-2430
-2267
-2676
-3643
-4434
-4483
-4105
-2825
-1202
-548
220
1153
1785
3015
3780
3813
3900
3141
2268
1659
886
577
378
-143
-652
-1204
-1904
-2414
-2871
-3366
-3567
-3535
-3423
-3101
-2675
-2292
-1690
-1070
-730
-390
-124
52
237
326
396
425
517
549
189
-338
-1036
-2052
-2601
-2637
-2780
-2735
-2422
-2526
-2724
-2274
-2012
-1555
-538
-413
-480
14
-65
81
560
419
394
344
11
-194
-396
-569
-610
-659
-766
-748
-620
-503
-355
-273
-163
13
167
241
370
554
785
1148
1447
1545
1732
2005
2053
2295
2454
2451
2505
2465
2502
2538
2647
2898
2863
2755
2736
2618
2698
2815
3007
3152
3309
3478
3445
3267
3055
2827
2641
2671
2732
2583
1150
-798
-2765
-4791
-4791
-3750
-3280
-3014
-2968
-4186
-5048
-4049
-3653
-2036
506
908
1822
3404
4077
5320
5831
5083
4644
3299
1814
747
-851
-1850
-2364
-3133
-3596
-3816
-4205
-4372
-4441
-4506
-3973
-3139
-2410
-1546
-947
-401
395
1078
1570
1775
1654
1155
596
142
-437
-883
-1402
-2090
-2808
-3600
-4001
-4102
-4150
-4031
-3845
-3879
-3315
-2118
-1236
45
1275
1544
1788
2055
1529
1219
1206
494
-85
-588
-1312
-1630
-1938
-2183
-2199
-2194
-1873
-1457
-1075
-624
-172
263
640
1032
1206
1464
1769
1859
1973
1945
1849
1630
1486
1455
1447
1558
1677
1683
1589
1607
1575
1708
1964
2212
2402
2613
2845
2977
3156
3272
3269
3070
3058
2953
2837
3205
3109
2792
2577
1975
1465
1192
1306
29
-1819
-3116
-5433
-5474
-4180
-3500
-2644
-2407
-3012
-3898
-2989
-2176
-812
1752
2324
3221
4673
5326
6496
6236
5014
4098
2070
540
-662
-2615
-3763
-4465
-5197
-5189
-4833
-4812
-4598
-4363
-4269
-3586
-2593
-1586
-472
352
946
1610
2045
2152
1921
1338
524
-379
-1132
-1998
-2649
-3081
-3525
-3695
-3751
-3938
-4018
-3839
-3930
-3439
-2735
-1862
-249
761
1695
2413
2484
2525
2215
1579
945
344
-509
-1209
-1609
-2236
-2361
-2253
-2368
-2107
-1843
-1491
-982
-473
200
860
1467
1906
2133
2153
2099
2121
2094
1972
1837
1548
1175
1064
958
838
1054
977
977
1290
1330
1646
2044
2343
2690
3105
3301
3370
3434
3416
3431
3282
3161
3001
2602
2429
2438
2099
2159
2083
1368
1341
1224
1160
883
-1131
-2963
-5070
-6101
-4942
-3824
-3112
-2694
-2828
-4195
-3574
-2492
-1991
1089
2106
2234
4412
5083
6546
7250
5659
4774
2730
587
-755
-3010
-4597
-5470
-6040
-5855
-5460
-5175
-4978
-4667
-4383
-3749
-2623
-1410
-240
529
1217
1854
2416
3046
2841
2281
1334
32
-928
-1914
-2713
-3206
-3609
-3985
-4045
-4293
-4011
-3384
-3015
-2280
-1775
-972
140
1426
2690
3338
3834
3825
2984
2355
1386
31
-891
-1894
-2951
-3517
-3463
-3314
-2947
-2190
-1557
-819
-24
619
1243
1721
2282
2646
2697
2646
2351
2142
2018
1815
1701
1377
831
466
191
76
381
784
959
1183
1409
1542
2052
2534
2674
3063
3300
3277
3619
3716
3514
3440
3114
2617
2308
2297
1738
1791
1668
942
1088
1156
1065
1625
1447
-1010
-2444
-4491
-6202
-4692
-3645
-3335
-2670
-2766
-4186
-3355
-2104
-2020
831
1947
1614
3913
4820
6050
7239
5610
4616
2689
102
-1124
-3334
-5186
-5892
-6406
-6254
-5646
-5130
-4771
-4058
-3521
-2975
-2038
-1234
-285
530
1293
1933
2407
3069
2888
2319
1540
100
-746
-1661
-2589
-2945
-3434
-3464
-3493
-3671
-3386
-3351
-2969
-2335
-1999
-1266
-10
1254
2266
3413
3703
3527
3442
2457
1386
503
-558
-1525
-2368
-2935
-3155
-3090
-2724
-2186
-1680
-1038
-138
603
1316
1988
2503
2852
3005
2976
2599
2298
2089
1776
1466
1151
739
223
138
210
298
745
1125
1324
1643
2147
2557
3023
3493
3586
3627
3768
3666
3855
3726
3202
3171
2525
2150
2258
1898
2068
2215
1884
1753
1831
1672
2140
1746
-592
-2200
-4750
-5996
-4691
-3863
-3130
-2652
-2803
-3950
-3184
-2035
-1922
1090
2192
2026
4626
5366
6717
7662
5691
4569
2444
-44
-1417
-3705
-5560
-6427
-6890
-6543
-5718
-5205
-4797
-4060
-3477
-2617
-1695
-843
172
744
1457
1974
2324
2926
2518
1802
891
-564
-1463
-2397
-3348
-3975
-4334
-4261
-4055
-3730
-3502
-3328
-3028
-2537
-2063
-1342
-255
894
1874
2418
2669
2406
1762
1232
255
-1042
-1593
-2682
-3876
-4066
-4340
-4182
-3238
-2260
-1528
-675
163
601
1152
1672
1861
2020
2052
1864
1524
1210
1009
739
649
404
-18
-168
-481
-353
0
265
718
1026
1489
1880
2514
3166
3380
3711
3753
3593
3675
3712
3647
3394
3275
2716
2195
2160
1480
1741
1855
1463
2236
1854
1902
2550
2526
1756
-265
-2011
-4953
-5684
-4362
-4069
-3180
-2633
-3203
-4032
-2951
-2300
-1604
1519
2324
2854
5434
6347
7852
7963
6084
4864
2087
-8
-1583
-4252
-5833
-6822
-7133
-6414
-5486
-4754
-4197
-3372
-2672
-2070
-992
-92
723
1586
2157
2635
3108
3524
3088
2303
894
-701
-1589
-2615
-3259
-3567
-3794
-3622
-3411
-3254
-3164
-3351
-3038
-2560
-2105
-616
615
1574
2713
2915
2898
2889
2294
1213
453
-726
-2166
-2428
-3229
-3598
-2940
-3111
-2496
-1607
-1444
-488
92
595
1396
1649
2214
2338
2160
2145
1698
1409
1296
894
636
288
-189
-318
-385
-185
171
388
824
1267
1701
2513
3106
3246
3600
3556
3498
3926
3787
3864
3664
3194
2913
2378
2163
1872
1757
1732
1801
1615
1637
1888
2012
2411
475
-1895
-4267
-7144
-6675
-5024
-3904
-2942
-2413
-3314
-3916
-2373
-2359
-634
2356
2138
3854
5997
6946
8834
7756
5893
4008
885
-770
-2937
-5404
-6756
-7595
-7389
-6565
-5571
-4898
-4119
-3207
-2499
-1468
-559
464
1385
2102
2880
3163
3771
3786
2928
2010
247
-1127
-2051
-3320
-3910
-4141
-4422
-3804
-3424
-3422
-2565
-2196
-1950
-1218
-789
-235
988
2248
2876
3602
3579
2444
1869
736
-726
-1276
-2246
-3104
-3364
-3567
-3311
-2687
-1948
-1149
-289
557
1277
1848
2159
2405
2516
2501
2381
1991
1539
1080
850
687
376
176
-155
-393
-325
-130
244
728
1200
1526
2104
2696
3107
3765
3889
3783
3978
3702
3697
3999
3451
2962
2718
1672
1084
1133
852
1074
1632
1628
1644
1900
1940
2074
593
-1802
-4267
-6554
-6275
-4926
-3696
-3246
-2994
-3859
-4660
-3170
-3232
-1501
1549
1602
3578
5665
6690
8472
7214
5208
3237
328
-1288
-3382
-5739
-7099
-7984
-7704
-6724
-5921
-5332
-4517
-3798
-3126
-2117
-1322
-107
1148
1957
2826
3097
3390
3310
2444
1481
-216
-1596
-2492
-3480
-3921
-4036
-3982
-3684
-3405
-3465
-3219
-2765
-2647
-2189
-1580
-854
562
2319
3240
3553
3622
2342
1239
676
-621
-1183
-1642
-2717
-3201
-3256
-3048
-2623
-1827
-1176
-911
75
962
1356
2044
2443
2485
2651
2701
2260
1629
1205
743
477
564
381
51
-84
-62
17
491
1031
1188
1762
2345
2809
3572
3954
4115
4234
4283
4369
4454
4292
3602
3178
2658
1863
1937
1789
1517
2148
1734
1682
2070
1862
1888
-463
-3141
-5648
-7495
-6114
-4310
-3195
-2348
-2507
-3826
-3792
-2956
-2652
173
2402
2760
5018
6534
7849
8603
6612
4617
2158
-190
-1625
-3763
-5664
-6907
-7354
-6956
-6367
-5811
-5566
-4803
-3857
-3061
-1782
-567
822
2192
2948
3463
3599
3496
3053
2000
713
-629
-1538
-2360
-3192
-3863
-4265
-3909
-3627
-3312
-3315
-3607
-3219
-2574
-1797
-827
465
1508
2699
3648
3259
3058
2318
1071
590
-542
-1346
-1585
-2537
-3211
-3329
-3401
-2986
-1799
-1011
-523
494
1098
1736
2524
2735
2943
2933
2693
2222
1463
885
308
120
225
222
197
79
189
402
736
1221
1533
1879
2194
2684
3295
3870
4511
4789
4681
4487
4263
3795
3484
3135
2382
1996
1681
1122
1286
1067
735
1093
1127
1596
2309
1035
-1208
-3277
-5767
-5782
-4083
-2782
-2082
-1851
-2819
-3941
-3100
-2896
-1399
1504
2043
3275
5220
6137
7281
6347
4487
2941
564
-859
-2249
-4191
-5382
-5978
-6144
-5860
-5435
-5289
-4990
-4245
-3648
-2684
-1277
-41
1237
2072
2593
2831
2704
2370
1549
658
-263
-944
-1569
-2526
-2973
-3467
-3914
-3662
-3950
-4418
-4092
-3730
-3047
-1993
-1442
-753
260
1153
2171
2975
3159
2912
2384
1250
381
-237
-1387
-1694
-2437
-3476
-3087
-3093
-3010
-2147
-1793
-1153
-109
823
1747
2430
3017
3244
2989
2640
2035
1428
996
695
545
413
323
144
-62
-19
371
604
1107
1588
1645
2324
3040
3650
4467
4901
4761
4406
4378
3870
3681
3776
3001
2901
2697
1991
1821
1741
1057
1419
1176
-1895
-3659
-6246
-7850
-5539
-3653
-2474
-1597
-2106
-4295
-4648
-4032
-3226
587
2893
3794
6078
7258
8802
8756
6035
3992
1449
-481
-1157
-2626
-3852
-4368
-4784
-5246
-5490
-5826
-6320
-5935
-5346
-4444
-2663
-681
1398
2535
2851
2967
2655
2631
2211
1175
299
-410
-492
-844
-1399
-2169
-3545
-3838
-4150
-4541
-3994
-3815
-3598
-2899
-2350
-1466
216
1411
1996
2404
2019
1804
1804
1173
685
-79
-918
-1166
-1948
-2748
-2885
-3089
-3009
-2300
-1746
-1130
-146
627
1193
1691
2170
2601
2813
2940
2719
2235
1987
1651
1114
510
105
-189
-241
140
201
167
553
895
1271
1887
2357
2893
3597
4387
4910
5206
5172
4790
4371
3777
3830
3698
3088
2866
1872
586
474
236
500
897
-1297
-3686
-5837
-7160
-5471
-3001
-1733
-1158
-1542
-3847
-4692
-4293
-3902
-508
2104
2869
4849
6024
7047
7211
5153
3407
1636
-19
-718
-1803
-3048
-3483
-3825
-4695
-5095
-5604
-6208
-5610
-5152
-4524
-3043
-1569
278
1540
2064
2430
2389
2431
2223
1569
848
282
129
-207
-837
-1583
-2517
-2668
-2890
-3323
-3267
-3532
-3567
-3045
-2536
-1919
-573
643
1041
1707
1932
1820
2619
2512
1970
1709
875
299
-511
-1342
-1862
-2243
-2236
-2077
-1889
-1666
-1168
-658
-172
586
1216
1840
2534
2729
2618
2490
2285
2168
2025
1667
1162
717
456
254
368
459
458
815
1014
1205
1683
2055
2439
3282
3727
3977
4479
4336
4161
4267
3941
3711
3706
3071
2388
1953
1209
926
1123
-1251
-4059
-6202
-8331
-6769
-4139
-2682
-1994
-2407
-4242
-5481
-4547
-3560
-608
2561
3174
4468
5687
6643
7286
5303
3317
1695
182
-127
-902
-2221
-3131
-3725
-4688
-5376
-5724
-6363
-6086
-5390
-4622
-2930
-1221
193
1035
898
739
876
1370
1865
1717
1328
747
385
-340
-1384
-2172
-3444
-3672
-3350
-3352
-2783
-2425
-2806
-3086
-2712
-2464
-1212
680
1125
1417
1740
1374
1425
1733
1396
1130
1105
536
-118
-882
-1635
-1960
-2287
-2241
-1957
-1569
-825
-203
154
573
1114
1461
1913
2405
2514
2681
2881
2672
2440
2236
1952
1637
1482
1228
908
1024
1044
1241
1528
1956
2331
2252
2632
2908
3142
3840
4343
4307
4371
4477
4027
4095
3892
2990
2362
1861
1430
1511
-33
-2692
-4687
-6551
-5593
-3288
-2204
-1953
-2539
-4684
-6133
-5200
-3813
-310
3134
3559
4251
5021
5580
6222
4780
3191
2113
1069
879
275
-728
-1374
-2050
-3284
-4467
-5417
-6327
-6110
-5388
-4559
-3022
-1422
-44
528
317
163
219
893
1484
1582
1508
905
300
-616
-1847
-2402
-2817
-3103
-3206
-3391
-3454
-3248
-2821
-2782
-2654
-1969
-1167
-47
600
726
817
590
635
352
100
273
226
240
-223
-934
-1477
-1948
-2223
-2485
-2431
-2046
-1401
-832
-556
-159
136
557
986
1187
1466
1700
2012
2160
1895
1740
1579
1258
1289
1319
1199
1297
1475
1321
1588
2109
2230
2692
2730
2320
2410
2768
3186
3780
4145
4051
3764
3574
3111
2979
2952
2771
1523
-1839
-4147
-6203
-6119
-3268
-1825
-1322
-2018
-3827
-6006
-6298
-4666
-2422
1358
3243
3392
4425
5249
6186
5784
4175
3237
2319
1786
1386
105
-951
-1357
-2147
-3304
-3952
-4559
-5113
-4793
-4574
-3965
-2417
-1139
-268
-298
-437
48
799
1847
2287
2101
1670
1227
489
-507
-1213
-1648
-1982
-2099
-2619
-3501
-3803
-3897
-3252
-2613
-2093
-1170
-903
-542
-118
-42
361
1002
897
411
688
715
781
1090
159
-771
-872
-1167
-1142
-1022
-1160
-1123
-1073
-789
-730
-672
-170
307
586
925
1398
1768
2248
2679
2491
2163
1984
1556
1477
1615
1812
2029
2215
2187
2084
2479
2813
3381
3443
3122
2966
2802
2917
3152
3521
3385
3300
2944
2336
2286
2398
1561
-921
-3214
-5307
-5210
-2785
-1265
-1099
-2115
-4023
-6411
-6429
-4667
-1944
1934
3066
2437
2602
3286
4632
4829
3944
3365
2679
2174
1523
255
-678
-1161
-2114
-3351
-3998
-4474
-4523
-4104
-4222
-3750
-2592
-1412
-428
-584
-957
-776
-4
1148
1827
2025
1917
1634
752
-123
-727
-1065
-1210
-2054
-3359
-4465
-4389
-3902
-3192
-2610
-2754
-2372
-1734
-1043
-249
596
1141
851
466
-100
-305
575
810
463
40
-711
-905
-879
-1000
-1157
-1291
-1093
-873
-650
-446
-251
-77
-8
213
368
809
1435
1724
1729
1689
1680
1514
1844
1999
1896
2280
2434
2441
2503
2579
2500
2696
3161
3303
3580
3613
3452
3409
3370
3398
3082
2854
2871
2812
3016
1336
-1598
-3709
-5302
-3931
-1655
-622
-653
-2192
-4742
-7051
-6333
-4008
-116
3259
2721
1903
1739
2561
3963
3709
3537
3710
3446
2995
1623
237
-226
-616
-1602
-2788
-3199
-3625
-3728
-3954
-4630
-4083
-3159
-2112
-1455
-1427
-1104
-596
136
494
438
602
910
1202
1004
457
-134
-691
-1180
-1755
-2221
-2321
-2402
-2793
-3292
-3807
-3680
-2744
-1851
-1465
-1204
-921
-834
-660
-672
-841
-367
369
588
252
-440
-1087
-1421
-1318
-889
-445
124
340
-83
-711
-1055
-925
-580
-30
157
185
543
649
791
935
978
1091
1306
1456
1668
2077
2137
2368
2387
2395
2626
2627
2865
2910
3140
3443
3252
3335
3103
3171
3607
3650
3786
3397
3321
2711
280
-1923
-4021
-4311
-2328
-895
-562
-1953
-3504
-5745
-7087
-5341
-3033
957
3330
2162
1538
1538
2910
4134
3861
4012
3939
3660
2906
1337
381
43
-327
-1359
-2134
-2343
-2635
-2781
-3533
-4114
-3788
-3185
-2180
-1932
-2053
-1574
-1202
-404
140
309
647
682
750
482
366
516
257
-167
-1043
-1703
-2173
-2361
-2384
-2701
-2801
-2961
-2837
-2637
-2229
-1529
-1239
-1064
-1162
-1626
-1615
-1095
-490
51
270
151
-245
-622
-847
-813
-421
33
239
15
-205
-507
-743
-521
-262
-28
222
258
300
542
744
1127
1361
1533
1800
1942
1971
2078
2316
2439
2778
2933
2847
3086
3145
3068
3408
3352
3433
3582
3326
3451
3342
3238
3199
3574
2354
-419
-2444
-4360
-3041
-826
-263
-678
-2698
-4805
-6952
-6560
-3971
-556
2601
2294
750
524
1705
3668
4126
4181
4683
4306
3828
2445
1234
1026
525
-236
-1284
-1477
-1611
-2232
-3085
-4059
-3902
-3240
-2311
-1532
-1674
-1620
-1517
-1347
-569
-97
212
468
562
640
612
764
533
55
-501
-1274
-1392
-1282
-1342
-1508
-1974
-2348
-2467
-2312
-2343
-2083
-1429
-1311
-1337
-1818
-2248
-1869
-1364
-942
-912
-996
-830
-872
-902
-652
-347
200
604
362
-10
-161
-242
-268
-263
-203
-53
68
32
-18
-92
188
622
657
890
1200
1529
2016
2332
2378
2441
2849
3165
3144
3402
3297
3269
3551
3394
3490
3263
3411
3316
2990
3109
2946
1917
-668
-2643
-3815
-2742
-312
444
-644
-2675
-5045
-6937
-5598
-3021
234
2636
1482
-216
-332
1176
3418
4190
4162
4528
3975
3422
2425
1427
1560
1377
654
-206
-621
-1077
-1663
-2525
-3453
-3443
-3014
-2271
-1805
-1939
-1832
-1717
-1421
-906
-548
79
651
774
599
154
295
503
299
218
-295
-573
-979
-1553
-1863
-1870
-1004
-707
-825
-1361
-1957
-1655
-1435
-1105
-1153
-1402
-1129
-1229
-1344
-1261
-1261
-967
-801
-792
-652
-382
132
236
-9
-89
28
269
498
421
130
175
89
-141
-233
-59
212
612
780
603
920
1160
1363
1570
1814
2132
2559
3051
2740
2609
2813
2890
3561
3879
3430
3310
2923
2782
2653
2477
1936
-470
-2381
-3971
-3450
-1457
-635
-1123
-3593
-5174
-6696
-6441
-3820
-1433
1259
1184
-795
-1081
-15
2344
3717
3551
3916
3733
3327
2328
1247
1263
1271
1189
340
-202
-568
-1454
-2144
-2955
-3074
-2518
-2239
-2065
-2341
-2564
-2291
-2047
-1494
-1133
-704
-230
-59
279
425
512
354
-142
-471
-366
201
268
-232
-1050
-2034
-2192
-1640
-959
-667
-861
-1575
-2326
-2081
-1746
-1505
-1050
-1219
-1425
-1435
-1547
-1319
-954
-633
-516
-359
-27
281
291
0
-120
-139
318
672
625
545
237
-44
-265
-147
270
919
1221
1033
902
781
1188
1753
2111
2590
3103
3134
3183
3130
3127
3680
3997
4254
3909
3642
3320
3155
3888
3032
619
-1660
-3203
-2141
-205
380
-732
-3292
-5207
-7210
-6667
-3578
-567
1921
609
-1632
-1644
164
2931
3727
3497
3946
4226
4100
3095
2056
1905
1789
1442
655
495
313
-657
-1863
-3193
-3115
-2222
-1685
-1600
-2402
-2786
-2575
-2143
-1565
-1263
-908
-759
-669
-628
-201
399
677
503
-134
-273
-227
-39
-146
-559
-1060
-1388
-957
-578
-362
-525
-1481
-2191
-2233
-2147
-1588
-1337
-1566
-1940
-2502
-2605
-2250
-1660
-1207
-742
-510
-303
-27
-37
79
229
253
357
476
478
370
198
37
15
244
307
270
298
248
565
967
1256
1465
1529
1772
1970
2298
2680
2745
3120
3184
3184
3532
3628
3984
3841
3751
3442
3199
2563
-145
-1741
-2491
-1449
629
631
-1005
-3552
-5201
-6465
-5639
-2984
-565
1156
-42
-2213
-1964
-76
2483
3543
3142
3510
3597
3424
2866
2388
2638
2622
2255
1401
1031
742
-109
-1049
-1929
-2051
-1477
-1144
-1269
-1779
-2252
-2329
-2033
-1579
-1272
-661
-527
-542
-430
-218
463
811
637
258
185
295
685
652
265
-173
-648
-692
-492
-121
-221
-558
-1361
-2010
-1925
-1687
-1163
-1039
-1440
-1887
-2154
-2091
-1567
-1133
-808
-480
-353
-219
-148
-128
-30
103
207
376
414
470
496
388
330
321
351
449
529
548
545
575
807
868
1251
1647
1957
2297
2087
2183
2211
2592
3108
3276
3515
3349
3535
3560
3595
3161
583
-1163
-2245
-1713
188
151
-864
-3328
-5048
-6342
-6560
-4058
-1971
-240
-950
-3321
-3237
-1486
950
2375
2114
2515
2863
2667
2190
1588
2055
2282
2168
1315
679
480
-369
-1058
-1958
-2206
-1641
-1430
-1591
-2172
-2782
-2807
-2746
-2542
-2383
-2125
-1581
-1526
-1350
-1336
-1009
-407
-284
-94
41
382
723
776
595
32
-142
285
612
1053
822
1
-654
-1240
-1388
-1348
-1049
-934
-1329
-1940
-2426
-2441
-2088
-1472
-1001
-786
-530
-356
-216
30
259
630
855
998
970
773
639
487
582
765
915
995
941
868
851
1061
1152
1319
1668
1842
2078
2188
2136
2057
2218
2485
2943
3178
3035
2857
2801
3181
3574
2795
699
-863
-1611
-769
438
519
-717
-2717
-4426
-6011
-4910
-2711
-849
-79
-1907
-3147
-2361
-565
1145
1560
1588
2352
2695
2544
2007
1865
2210
2338
2195
1765
1884
1359
310
-681
-1414
-994
-479
-521
-937
-1702
-2172
-2225
-2232
-2102
-1772
-1413
-1294
-1318
-1352
-1199
-789
-489
-599
-420
-136
171
428
287
189
-95
125
338
593
738
391
12
-564
-586
-669
-661
-561
-981
-1499
-1822
-2064
-1985
-1712
-1530
-1225
-1015
-827
-848
-713
-481
-149
342
601
707
557
416
408
568
897
1062
975
780
555
483
653
883
991
1201
1345
1590
1841
1862
2041
1970
2144
2445
2767
3044
2774
2669
2644
3080
3352
1684
-178
-1271
-1033
321
496
-309
-2225
-3466
-4504
-5104
-3320
-2056
-977
-1500
-3340
-2807
-1020
777
1428
704
929
1897
2435
2334
1706
1791
1921
1971
1678
1432
1617
830
-38
-812
-987
-246
-147
-625
-1321
-1838
-1784
-1605
-1536
-1626
-1591
-1573
-1605
-1393
-1346
-1221
-781
-696
-602
-263
-301
-180
-76
-68
22
199
529
581
621
250
36
136
93
255
-65
-345
-403
-897
-1277
-1453
-1597
-1461
-1345
-1401
-1415
-1267
-1149
-1052
-805
-554
-217
137
294
234
100
62
253
558
904
1182
1051
755
523
485
779
1184
1319
1271
1321
1247
1248
1530
1815
1973
2166
2235
2243
2314
2137
2249
2439
2902
2382
266
-1049
-1554
-529
542
363
-1110
-2915
-3879
-5017
-4256
-2570
-1461
-1012
-2444
-3495
-2318
-409
1082
1049
404
1051
1827
2264
1995
1584
1695
1769
1819
1541
1726
1499
568
-328
-973
-544
117
43
-542
-1371
-1772
-1602
-1537
-1484
-1643
-1731
-1614
-1675
-1431
-1403
-1272
-1008
-1124
-875
-591
-152
280
232
157
-166
60
785
968
1171
877
298
202
15
-83
60
167
-165
-758
-1240
-1483
-1364
-1255
-1233
-1242
-1166
-890
-894
-1052
-935
-823
-401
124
325
411
226
-32
-46
306
886
1332
1391
959
693
761
923
1342
1507
1542
1734
1882
1996
1989
1958
1808
2072
2456
2831
2956
2636
2469
2278
2363
1218
65
-550
-587
284
119
-640
-2210
-3268
-4185
-4416
-2957
-1831
-1061
-1781
-3319
-3194
-1448
381
1253
827
752
1345
1650
1869
1624
1871
2135
2090
1783
1585
1612
1015
340
-297
-338
285
324
-183
-931
-1562
-1540
-1304
-1173
-1202
-1246
-1442
-1684
-1659
-1591
-1042
-740
-637
-978
-1370
-980
-812
-98
209
133
-44
-130
126
-10
549
604
145
193
-238
-343
207
69
-340
-817
-1171
-1097
-1069
-980
-1175
-1217
-1105
-959
-852
-826
-569
-659
-449
-156
-136
152
151
-25
158
392
711
1020
957
745
735
1016
1132
1502
1606
1511
1927
2058
2313
2340
2178
2155
2194
2621
2538
2659
2776
2500
2580
1096
-270
-716
-741
420
501
-244
-1798
-3257
-4091
-4592
-3005
-1723
-1085
-1455
-3260
-3248
-1739
-150
992
652
539
1146
1428
1671
1448
1506
1693
1795
1763
1631
1650
744
-161
-752
-809
97
335
-166
-930
-1790
-1911
-1643
-1384
-1307
-1409
-1769
-2142
-2002
-1802
-1331
-982
-1108
-1153
-1029
-858
-670
-304
-157
-69
53
161
443
783
744
399
134
55
322
389
369
170
-338
-707
-989
-963
-718
-566
-763
-951
-1008
-933
-720
-696
-687
-528
-225
36
160
167
63
32
169
475
836
1140
1195
913
785
903
1166
1451
1725
1846
1913
2130
2161
2224
2313
2419
2692
2899
2982
2808
2651
2509
2602
1961
588
-278
-847
-279
235
-41
-1228
-2783
-3740
-4505
-3565
-2193
-1468
-1358
-2545
-3165
-2196
-657
555
703
465
849
1319
1722
1727
1576
1690
1769
1858
1848
1997
1560
715
42
-353
134
557
285
-385
-1245
-1629
-1451
-1242
-1223
-1388
-1746
-2055
-1993
-1746
-1505
-1207
-1271
-1537
-1397
-1066
-603
-115
87
-111
-318
-118
204
701
949
620
269
40
55
95
171
307
-1
-404
-703
-960
-815
-662
-871
-1001
-993
-861
-682
-776
-925
-985
-832
-466
-214
-14
-49
-173
-229
-130
239
625
817
800
671
605
751
964
1162
1379
1626
1746
1848
1999
1998
2054
2179
2464
2634
2647
2655
2306
2472
2262
1073
240
-612
-413
163
125
-467
-2009
-3107
-4237
-4276
-2931
-1937
-1118
-1782
-3015
-2939
-1959
-417
493
570
865
1043
1250
1435
1385
1750
1945
1903
1718
1726
1694
1119
550
-131
-125
376
381
141
-518
-1067
-1203
-1285
-1246
-1184
-1232
-1282
-1313
-1412
-1318
-1211
-1365
-1496
-1236
-911
-490
46
-224
-559
-597
-619
-27
789
1097
773
366
-132
-336
222
520
593
518
-56
-559
-797
-737
-489
-423
-409
-486
-571
-452
-570
-772
-739
-564
-242
129
221
13
-129
-385
-269
227
571
859
808
444
238
401
612
1030
1368
1386
1556
1637
1721
1772
1761
1841
2018
2375
2389
2347
2151
2001
2120
1151
227
-524
-1023
-316
-247
-458
-1249
-2518
-3576
-4424
-3657
-2561
-1460
-1147
-2342
-2902
-2641
-1705
-388
202
588
853
707
652
532
913
1462
1591
1501
1188
1155
903
567
210
-107
188
226
95
-96
-590
-757
-871
-994
-936
-865
-941
-1009
-1099
-1256
-1151
-1073
-1057
-970
-849
-754
-580
-328
-318
-240
-184
-124
291
598
725
642
394
262
239
305
431
528
478
191
-156
-368
-342
-196
-143
-109
-132
-112
-164
-350
-402
-327
-86
153
256
193
48
-74
-166
6
323
579
750
681
511
449
490
640
899
1176
1410
1582
1626
1596
1561
1585
1768
1977
2183
2264
2011
1875
1823
1786
1882
1355
619
14
-433
-391
-209
-73
-492
-1178
-2088
-2943
-2699
-2154
-1380
-754
-1006
-1310
-1499
-1478
-989
-332
359
808
862
645
357
434
684
913
1061
954
840
628
450
393
290
228
85
-50
-50
-1
8
-99
-297
-516
-573
-525
-500
-488
-595
-670
-650
-643
-729
-726
-783
-896
-779
-700
-563
-434
-332
-438
-535
-290
-292
-119
85
-60
-51
-83
-217
-224
-112
-51
-123
-245
-406
-543
-464
-445
-525
-510
-597
-642
-636
-606
-547
-533
-515
-585
-586
-476
-379
-270
-182
-167
-97
-32
-35
-2
78
228
414
628
761
805
836
888
1095
1422
1681
1731
1656
1607
1645
1761
1940
1993
2000
1938
1500
1014
622
375
396
471
438
151
-261
-856
-1506
-1713
-1598
-1155
-709
-701
-994
-1348
-1454
-1223
-677
-189
10
-57
-330
-462
-321
5
338
457
305
39
-211
-272
-107
120
376
413
263
32
-169
-160
-24
175
283
223
12
-297
-476
-484
-381
-224
-165
-274
-436
-568
-720
-773
-684
-611
-452
-325
-384
-488
-609
-662
-582
-452
-344
-327
-384
-526
-686
-699
-600
-439
-384
-506
-664
-777
-693
-544
-408
-331
-362
-408
-477
-453
-300
-125
7
22
-47
-76
-14
91
189
230
266
315
376
482
588
673
740
838
978
1178
1391
1519
1627
1709
1783
1858
1944
2054
2150
2219
2132
1828
1445
1130
920
911
969
843
541
38
-574
-969
-1043
-932
-718
-695
-966
-1319
-1556
-1510
-1141
-716
-554
-580
-748
-842
-708
-464
-139
90
150
33
-156
-215
-94
210
461
520
429
217
56
36
116
276
392
289
50
-203
-441
-473
-376
-308
-256
-306
-507
-692
-773
-840
-761
-654
-594
-516
-479
-561
-643
-689
-726
-626
-494
-441
-435
-527
-688
-787
-816
-739
-626
-569
-575
-638
-675
-651
-551
-443
-334
-283
-309
-313
-275
-183
-32
87
79
50
-16
-7
128
294
445
520
546
539
612
751
908
1101
1264
1385
1481
1529
1609
1697
1828
1934
1968
2027
2009
1943
1708
1359
1079
881
854
923
847
605
202
-336
-767
-929
-818
-491
-284
-429
-816
-1194
-1269
-976
-537
-235
-172
-311
-485
-551
-439
-188
76
192
89
-105
-236
-186
-3
135
166
108
-11
-151
-226
-222
-155
-77
-154
-367
-567
-667
-662
-535
-446
-475
-489
-584
-701
-703
-606
-435
-281
-235
-337
-420
-403
-312
-163
-76
-142
-282
-409
-453
-357
-263
-255
-352
-547
-661
-683
-585
-429
-349
-340
-445
-508
-473
-363
-200
-121
-71
-61
-20
60
103
176
232
271
334
400
457
525
573
602
644
732
847
951
1044
1090
1136
1231
1306
1369
1407
1401
1382
1365
1366
1351
1293
1120
828
531
286
184
206
161
20
-272
-677
-1006
-1169
-1117
-916
-770
-810
-1011
-1225
-1246
-1027
-696
-446
-376
-459
-536
-490
-333
-90
76
103
-25
-213
-272
-160
35
118
25
-214
-415
-499
-481
-373
-310
-361
-542
-758
-908
-874
-693
-528
-445
-494
-586
-622
-562
-374
-156
-3
51
4
-38
22
180
332
410
384
268
195
181
220
290
284
195
43
-88
-144
-117
-61
-56
-109
-211
-292
-307
-259
-192
-134
-115
-124
-94
-28
48
113
161
213
295
391
506
615
688
733
753
799
887
1010
1141
1252
1303
1303
1298
1270
1261
1286
1304
1309
1295
1129
839
564
314
190
187
142
-15
-257
-579
-924
-1130
-1179
-1084
-921
-902
-1050
-1237
-1327
-1220
-941
-683
-511
-468
-505
-516
-459
-282
-67
71
93
11
-68
-90
-46
24
45
20
-60
-173
-287
-377
-422
-429
-435
-468
-534
-637
-718
-775
-744
-659
-559
-475
-470
-486
-496
-440
-303
-167
-41
26
57
83
104
155
215
286
338
352
334
299
257
223
206
184
165
135
84
23
-40
-104
-159
-173
-185
-178
-178
-197
-214
-243
-238
-199
-108
-13
62
93
86
121
193
323
475
599
678
703
711
740
835
980
1143
1237
1234
1161
1072
1044
1051
1090
1111
1084
923
650
366
139
79
119
96
-43
-288
-592
-851
-980
-985
-892
-777
-809
-976
-1164
-1231
-1081
-822
-588
-486
-514
-588
-608
-505
-291
-41
121
127
25
-69
-52
86
237
320
304
201
79
-10
-51
-12
26
-2
-77
-189
-298
-348
-356
-355
-319
-288
-307
-306
-301
-285
-201
-138
-98
-63
-21
65
152
215
230
236
233
246
304
356
399
374
286
206
171
181
210
206
144
44
-63
-145
-180
-161
-134
-140
-186
-278
-330
-327
-278
-197
-129
-79
-54
-37
-12
47
143
262
368
440
494
548
616
692
786
878
954
1011
1012
991
966
938
924
898
859
797
660
467
261
98
25
5
-58
-198
-404
-642
-827
-915
-905
-827
-784
-836
-955
-1056
-1035
-872
-671
-537
-489
-511
-510
-427
-279
-110
33
99
86
52
60
147
263
337
339
284
224
181
152
138
111
62
-5
-98
-175
-208
-223
-243
-273
-309
-342
-337
-316
-287
-231
-177
-159
-138
-116
-50
52
143
198
211
213
218
262
318
363
376
337
277
228
210
207
197
148
58
-31
-104
-156
-192
-225
-262
-314
-369
-412
-424
-416
-392
-372
-349
-314
-270
-216
-159
-97
-27
60
151
237
323
407
474
550
625
684
752
795
821
824
820
803
774
741
693
633
526
401
270
149
57
-8
-79
-179
-309
-459
-593
-675
-705
-687
-674
-690
-727
-765
-750
-681
-576
-485
-425
-384
-349
-281
-189
-84
10
70
104
130
164
213
263
291
295
282
255
228
207
175
145
112
60
16
-32
-95
-146
-181
-209
-212
-203
-207
-215
-232
-244
-234
-204
-164
-125
-96
-78
-63
-41
-9
22
51
75
90
89
90
88
86
90
85
63
26
-24
-68
-104
-126
-139
-165
-207
-256
-299
-324
-326
-316
-309
-306
-306
-308
-291
-255
-206
-150
-95
-42
9
72
143
214
289
362
427
494
550
601
643
677
700
710
715
702
688
658
616
566
485
400
312
230
166
100
29
-58
-153
-252
-333
-388
-419
-423
-439
-462
-484
-495
-476
-433
-379
-338
-303
-272
-230
-176
-115
-56
-9
23
54
87
111
148
171
177
174
169
165
155
149
133
102
74
43
5
-32
-67
-93
-107
-113
-122
-135
-150
-168
-164
-157
-141
-123
-116
-105
-94
-73
-44
-17
-2
12
22
28
43
57
67
70
71
63
52
41
21
8
-5
-17
-32
-53
-77
-99
-116
-125
-128
-128
-128
-132
-139
-143
-140
-124
-102
-74
-49
-27
-1
26
57
96
129
159
190
214
237
266
290
314
333
338
340
341
337
332
326
301
276
254
220
184
148
111
79
46
14
-19
-46
-68
-89
-116
-139
-152
-153
-153
-150
-145
-141
-132
-118
-103
-91
-75
-63
-57
-50
-41
-31
-23
-14
-12
-17
-16
-21
-28
-37
-48
-54
-58
-67
-77
-82
-96
-104
-114
-125
-129
-127
-124
-127
-120
-120
-113
-104
-100
-99
-95
-89
-79
-66
-57
-52
-49
-43
-39
-33
-27
-27
-27
-27
-27
-26
-24
-26
-28
-30
-30
-27
-30
-29
-29
-29
-24
-20
-14
-9
-7
-2
0
2
9
13
20
32
40
50
62
72
76
82
98
110
127
141
146
149
158
167
180
193
201
207
205
200
192
184
182
188
185
176
166
147
131
115
99
86
74
62
50
36
10
-7
-19
-32
-37
-43
-51
-61
-65
-64
-63
-59
-56
-57
-60
-65
-68
-67
-62
-59
-54
-56
-61
-62
-61
-62
-68
-69
-69
-70
-71
-73
-73
-75
-78
-84
-85
-83
-84
-84
-83
-85
-82
-79
-78
-76
-74
-71
-66
-63
-58
-56
-50
-45
-39
-34
-35
-34
-34
-35
-36
-30
-26
-26
-25
-29
-28
-28
-29
-28
-30
-31
-29
-24
-23
-16
-11
-14
-12
-7
-5
1
5
11
19
25
34
41
48
50
60
70
71
77
86
89
98
103
103
107
115
114
120
122
119
119
112
104
98
101
102
102
99
87
73
60
51
40
31
24
13
6
-3
-15
-21
-29
-35
-42
-50
-55
-54
-55
-58
-62
-66
-67
-68
-71
-73
-72
-69
-62
-63
-65
-65
-62
-63
-65
-64
-62
-60
-58
-56
-58
-58
-59
-61
-59
-58
-54
-50
-51
-52
-50
-49
-47
-41
-44
-43
-37
-37
-34
-28
-30
-27
-24
-25
-21
-14
-11
-9
-10
-14
-15
-13
-8
-3
-1
-4
-4
-8
-5
0
4
10
12
13
9
11
15
16
21
22
22
25
27
33
39
45
49
52
53
55
59
66
68
71
75
77
80
86
86
88
89
87
89
91
88
88
84
76
78
77
75
75
69
58
51
44
36
32
28
20
12
2
-6
-15
-22
-28
-34
-47
-59
-66
-71
-75
-78
-80
-81
-79
-82
-89
-88
-90
-84
-76
-75
-75
-74
-74
-74
-76
-77
-75
-72
-65
-62
-62
-55
-56
-54
-52
-49
-48
-41
-37
-41
-36
-34
-33
-29
-26
-25
-24
-22
-21
-22
-17
-10
-10
-10
-17
-16
-14
-11
-10
-10
-8
-7
-8
-3
2
5
10
15
14
14
16
20
25
28
32
32
36
39
49
57
62
67
69
72
76
83
86
92
94
93
93
96
100
103
106
103
101
100
98
104
105
107
105
99
93
90
94
96
97
99
91
84
75
69
73
76
76
71
66
52
39
32
23
23
19
10
-2
-19
-33
-42
-46
-48
-55
-64
-74
-80
-82
-82
-87
-87
-90
-94
-96
-96
-95
-92
-91
-90
-90
-92
-88
-87
-86
-80
-81
-83
-77
-76
-76
-72
-70
-71
-70
-71
-67
-66
-70
-69
-67
-67
-64
-60
-60
-61
-59
-58
-57
-55
-49
-47
-46
-44
-42
-39
-38
-30
-28
-26
-21
-21
-18
-13
-12
-10
-10
-4
2
7
10
15
18
22
28
36
43
46
51
54
55
60
67
73
72
73
79
71
68
74
78
81
83
83
81
76
78
78
76
77
75
74
70
67
66
64
60
58
59
56
51
51
47
46
47
42
35
28
23
21
13
8
2
-6
-15
-22
-25
-30
-32
-36
-45
-53
-59
-62
-65
-66
-67
-69
-71
-73
-74
-75
-72
-67
-67
-69
-68
-69
-69
-70
-66
-60
-60
-61
-61
-64
-61
-55
-53
-50
-49
-48
-46
-46
-44
-39
-39
-39
-34
-33
-30
-30
-24
-26
-26
-21
-21
-19
-17
-16
-14
-12
-12
-8
-4
-3
-4
-1
2
6
8
13
16
18
24
28
33
39
42
43
48
50
51
54
58
62
66
73
78
79
80
79
86
87
88
87
86
82
78
79
72
70
75
74
73
71
69
64
58
57
55
57
57
54
53
45
40
38
42
45
46
40
32
20
12
13
15
17
8
0
-6
-11
-14
-14
-17
-25
-33
-40
-48
-51
-52
-51
-51
-57
-63
-67
-65
-63
-64
-64
-59
-64
-68
-66
-65
-66
-63
-60
-56
-55
-55
-59
-59
-57
-53
-50
-50
-48
-48
-46
-43
-39
-39
-38
-37
-36
-35
-35
-32
-31
-27
-24
-22
-19
-19
-15
-14
-13
-3
4
4
1
4
4
7
11
15
17
17
19
21
26
26
29
29
33
33
36
42
47
53
54
57
59
61
66
70
72
69
68
68
68
65
63
64
62
61
64
63
62
64
63
57
50
46
43
40
36
38
37
34
27
24
23
21
23
18
16
10
7
7
6
7
7
5
-2
-10
-14
-12
-10
-9
-16
-20
-25
-30
-31
-29
-28
-28
-33
-38
-41
-42
-43
-40
-40
-47
-52
-52
-52
-52
-50
-46
-46
-47
-51
-53
-56
-58
-53
-51
-51
-49
-47
-49
-51
-49
-49
-47
-48
-49
-46
-48
-48
-48
-47
-44
-40
-35
-30
-29
-30
-32
-32
-24
-22
-22
-18
-20
-16
-15
-10
-9
-7
-5
-1
3
3
10
15
17
18
17
19
19
22
26
32
35
38
41
42
45
48
49
50
50
49
52
55
56
54
54
56
59
55
54
58
53
51
47
47
49
48
44
43
39
30
30
26
24
26
26
25
21
15
15
17
15
11
13
12
9
10
7
4
6
7
6
5
5
3
4
0
-4
-3
-8
-8
-7
-13
-17
-19
-21
-25
-27
-28
-30
-29
-31
-35
-37
-34
-32
-32
-38
-42
-41
-39
-36
-34
-34
-36
-36
-35
-38
-38
-35
-33
-32
-35
-31
-31
-35
-33
-31
-30
-25
-24
-26
-27
-25
-24
-21
-18
-16
-13
-9
-10
-7
-2
1
4
7
9
7
7
8
9
12
16
16
18
21
21
23
26
25
26
25
23
25
26
30
29
28
26
27
27
28
31
34
34
34
32
31
33
34
31
30
28
25
24
21
18
19
18
17
16
12
10
9
10
10
12
12
12
9
2
-4
-5
-5
-3
-2
-2
-4
-4
-4
-4
-8
-7
-8
-10
-11
-14
-18
-18
-19
-21
-24
-29
-30
-30
-28
-28
-27
-29
-32
-33
-37
-40
-40
-40
-40
-37
-37
-38
-39
-41
-41
-42
-41
-40
-40
-38
-33
-30
-29
-28
-27
-27
-27
-25
-24
-22
-18
-16
-18
-17
-16
-15
-10
-7
-4
0
2
1
1
0
5
8
7
12
13
16
17
16
18
22
27
26
27
27
28
31
31
33
32
30
32
33
32
35
34
35
35
34
37
40
39
38
40
39
40
40
40
40
39
36
36
36
36
37
33
32
29
29
29
31
31
30
26
21
20
17
17
15
12
12
9
6
6
6
6
7
4
5
-1
-5
-8
-11
-9
-10
-8
-10
-11
-13
-16
-16
-17
-16
-20
-20
-21
-23
-24
