SAMPLES:	10710
BITSPERSAMPLE:	16
CHANNELS:	1
SAMPLERATE:	16000
NORMALIZED:	FALSE
14
16
11
4
-4
-3
-7
-7
9
21
30
31
16
6
5
4
7
-1
3
9
11
12
8
11
8
10
14
17
21
22
31
35
36
34
31
33
34
34
27
25
22
11
5
-1
-4
-12
-21
-16
-15
-9
-8
-9
-16
-22
-25
-21
-11
-11
-3
1
4
10
16
19
21
20
22
17
12
14
7
6
8
5
2
-9
-13
-8
-2
3
1
-5
0
0
-9
-14
-18
-15
-16
-15
-10
-8
-9
-12
-4
5
9
9
8
13
12
7
4
8
13
16
27
40
50
52
53
48
41
34
25
23
23
20
11
7
0
-10
-11
-11
-10
-14
-16
-17
-11
-10
-17
-17
-15
-8
-2
5
16
27
28
27
30
25
31
36
30
32
33
29
26
22
19
17
13
15
13
5
0
-6
-12
-19
-21
-26
-31
-31
-28
-29
-26
-20
-16
-14
-17
-23
-22
-23
-21
-13
-10
-9
-7
-2
2
1
1
15
22
23
17
16
13
0
-6
-6
-3
-2
-1
-8
-16
-21
-25
-25
-31
-32
-30
-29
-24
-19
-19
-20
-14
-5
5
13
20
22
13
8
5
4
0
-2
0
3
6
5
10
10
-3
-19
-26
-22
-24
-27
-21
-14
-21
-27
-31
-38
-40
-39
-34
-29
-29
-30
-30
-30
-27
-24
-25
-19
-9
-1
0
-2
-3
3
11
19
17
15
17
9
9
4
-8
-19
-27
-19
-15
-10
-3
-7
-9
-14
-19
-24
-25
-22
-20
-12
-5
4
9
8
7
2
7
18
27
34
33
34
33
28
22
13
1
1
-2
-8
-1
7
7
-2
-14
-21
-31
-25
-13
-12
-12
-14
-18
-23
-28
-24
-21
-13
-5
5
2
-6
-2
-6
3
5
-6
-9
-3
3
10
14
14
17
22
22
19
10
1
-11
-22
-26
-33
-34
-28
-20
-15
-15
-10
-9
-12
-16
-21
-21
-18
-7
-1
0
-4
1
7
8
4
7
20
34
47
39
20
8
-1
-5
-6
-5
-4
-3
-1
2
-1
-13
-22
-21
-16
-12
-8
-5
-5
-7
-6
-5
-5
-10
0
22
27
35
35
31
26
17
9
2
5
5
8
7
6
16
22
22
13
9
4
4
0
-11
-12
-16
-7
-3
2
6
7
4
-4
3
22
24
14
13
18
29
28
24
40
54
48
51
57
65
62
50
41
34
24
10
-4
-16
-18
-15
-3
10
21
18
6
0
-3
-3
17
23
16
5
4
6
11
15
17
30
45
62
75
69
50
29
0
10
30
30
20
14
-3
-28
-39
-23
3
-2
-7
3
4
-21
-31
-21
-11
-7
-9
-14
-19
-20
-5
24
37
22
-5
-7
-2
4
21
34
39
63
63
48
44
45
55
48
48
35
1
-20
-6
6
-17
-12
0
-25
-39
-43
-30
-16
-19
8
23
9
-6
13
23
12
34
49
49
22
31
51
38
32
25
29
36
40
11
-32
-55
-43
-46
-41
-37
-50
-77
-66
-32
0
7
-31
-51
-73
-88
-77
-43
2
17
26
53
34
-20
-50
-24
21
17
15
44
68
65
51
23
-12
1
15
38
39
36
52
-24
-46
-44
-68
-83
-105
-73
-24
-8
-37
-24
-41
-77
-52
-23
5
11
0
7
-12
-30
-19
15
31
42
72
52
56
55
24
32
1
-14
-9
-47
-68
-88
-104
-108
-86
-40
-49
-60
-63
-64
-45
-37
-31
-14
-34
-67
-93
-79
-39
-25
-16
-50
-39
-7
-6
-23
-18
34
12
-27
-3
15
-3
-15
-6
1
17
-1
-19
-45
-102
-110
-77
-81
-101
-93
-98
-137
-130
-89
-69
-80
-106
-61
-38
-65
-32
-34
-81
-25
18
-10
-1
36
39
-6
-49
-51
10
11
-15
-3
-63
-96
-45
13
-7
-114
-100
-58
-86
-35
44
61
-19
-55
-1
14
9
13
56
51
49
55
68
98
44
73
70
-12
2
76
98
28
47
24
-33
3
39
82
28
-41
-21
22
82
44
8
-4
-81
-58
12
4
-60
-75
34
51
-16
-20
-15
2
-5
-8
19
38
51
-6
-26
-32
-57
34
94
7
-32
-51
-114
-115
-6
6
-79
-126
-68
26
-59
-77
-67
-103
-149
6
110
103
23
238
-212
-795
197
836
488
-1312
-1096
970
615
-22
60
567
-54
-1088
276
814
47
-282
248
105
-536
-53
578
90
-768
-7
540
126
-69
122
247
-291
-322
262
213
-191
-102
-86
-967
-1013
100
930
422
118
329
-637
-1049
-462
1346
1191
-1143
-938
-573
468
441
-141
749
-493
-818
178
754
529
-281
237
157
-402
400
918
-150
-815
-1
550
64
269
571
385
-6
168
597
59
64
108
339
18
-321
312
422
608
-295
99
411
-802
-340
137
238
-537
-436
388
47
34
153
144
-53
-808
-253
315
-26
394
-367
-545
-320
-391
639
-100
-194
129
-207
234
233
579
181
-45
50
-207
-113
311
466
-338
-44
547
-55
451
337
-208
213
-328
247
172
-36
409
-306
12
67
533
882
314
408
-461
-256
130
-283
782
841
408
-319
-481
191
-23
-181
7
54
49
315
686
153
98
-257
-545
-427
-513
559
-165
135
-55
-753
400
105
193
187
135
233
-250
-97
7
237
-77
-29
393
-56
163
181
210
-199
-455
-298
373
691
328
248
-283
-196
225
0
190
58
-344
-466
-193
199
198
43
-199
-648
-381
145
-163
-187
-131
-164
-152
-310
94
-133
-304
33
-239
-147
-306
264
198
33
379
-85
157
203
81
84
58
54
-73
-58
-51
-421
-683
-451
183
-13
-429
81
110
-297
-318
-125
52
153
316
-125
-543
-516
71
68
-476
-61
51
-60
88
329
218
-121
-146
-265
-140
-18
-260
-95
-396
-672
-547
-58
170
-143
-390
-395
-409
-380
118
93
-322
-524
-139
574
117
-542
237
-10
-222
-74
-108
177
-161
-94
855
354
295
511
-41
-474
-306
150
-59
182
-111
398
51
-397
-183
-236
106
-114
218
-90
-366
-110
-556
-29
2
-147
-130
-419
102
-258
171
18
-214
362
297
372
254
-292
-82
92
262
470
234
59
-231
-437
93
755
122
-571
-232
74
-207
124
-107
-121
176
-31
42
-630
-581
-499
301
866
-481
111
-441
-536
88
-80
630
-359
287
490
257
820
-318
177
-661
446
870
-97
560
-535
-214
39
317
548
-609
-401
-568
-383
173
84
-339
-992
-365
515
973
82
-375
32
-53
454
137
26
-366
173
834
650
166
-293
-92
-318
725
677
-113
-164
213
133
154
581
134
-475
-1051
75
266
438
162
-885
-704
-165
710
-23
-304
-511
116
489
-115
709
-625
-269
-168
511
771
-20
39
-593
440
64
167
-37
72
331
654
543
-173
-220
-338
304
-81
-25
-451
-721
360
188
-67
-55
-215
-390
-1331
-137
1171
733
565
236
-62
-23
-58
369
-258
-264
484
413
512
-210
617
-256
-334
760
300
220
-333
-313
346
93
361
361
-259
-472
258
158
-788
51
-528
434
-459
-218
481
-93
755
227
-206
-241
-390
-572
189
379
476
734
298
773
-564
-616
645
161
676
-316
-152
-184
-494
703
640
484
-781
-246
-753
-344
708
387
435
-613
-786
-451
249
699
225
-11
-735
-676
178
389
385
-196
135
937
515
460
130
-1201
-456
-202
922
652
-158
-152
-1110
-11
347
1022
53
-947
-391
-1279
743
292
-10
-903
-1426
-84
-305
12
-402
-174
-534
91
-1
-298
24
-333
37
-200
-234
-95
163
325
-196
-109
-943
327
-146
-15
352
-400
-51
-890
-447
-347
63
124
562
-3
-595
-496
-843
95
-526
194
450
291
79
-439
-576
-309
476
350
1171
43
-335
-147
-242
559
-249
340
308
-350
331
-205
255
512
284
679
-116
-629
-644
-351
608
909
518
-47
-757
-277
-180
-82
842
399
-229
-460
142
362
-142
-701
98
340
456
1007
-24
-256
-493
-337
95
-381
269
1214
744
256
2
264
552
283
-97
-968
-1203
66
1440
744
-21
-563
39
244
117
533
456
158
-169
-666
-173
383
703
-172
-96
153
-471
120
62
958
-48
-541
-114
356
76
694
363
-302
-779
-584
1669
174
-509
-112
-275
378
58
365
-188
-1019
-777
22
531
957
831
99
-227
-330
-261
-94
-453
-832
121
502
836
305
-317
-14
40
107
-223
-925
-746
-22
540
895
399
-384
-889
-944
290
1157
1332
-275
-1516
-597
-370
1059
-11
-109
-475
-1200
1167
220
207
-850
-842
335
-160
551
-615
-766
-788
-35
885
377
-183
-762
-365
125
-108
349
-396
-1026
-261
150
903
343
376
50
-969
-453
-425
403
-203
-308
813
-229
687
-610
-208
95
1
1512
282
-128
-961
-438
1071
774
182
-320
-1256
-690
388
765
726
65
-127
-856
-599
-13
392
-108
-654
-851
-1232
127
1290
461
-65
-794
-643
429
743
1266
-112
-736
-485
-346
450
303
511
-298
-661
828
789
822
-64
-556
-169
-953
344
15
-175
209
256
806
19
-77
-472
-604
-309
772
646
-208
-721
-562
355
1016
1091
164
-870
-576
479
731
365
103
-471
-351
991
1042
697
-241
-663
-479
-277
914
1000
-241
-668
-8
138
450
18
-115
-569
-840
598
484
184
-146
-787
-653
-12
611
441
240
-620
-528
57
-469
594
-541
-148
292
217
982
182
356
-250
-208
-991
-971
-187
362
1200
877
789
597
-147
395
127
-156
-662
-893
-334
-214
686
1567
827
245
-52
-804
-472
-319
-209
-269
-407
-331
395
342
812
352
-159
-450
-399
112
-700
-821
-568
268
630
222
302
-54
-548
-865
-49
66
373
498
511
575
-835
-430
-333
83
-133
-473
150
60
571
817
1298
579
-180
-472
-680
-219
-47
329
379
133
186
425
677
127
-511
-394
-370
66
518
539
624
-260
68
1
-686
90
-379
156
-214
-420
295
-118
404
116
264
239
-55
-86
-91
402
-19
-142
-539
-370
94
161
360
-173
-657
-551
-896
-901
-289
112
190
-99
110
-151
-110
-277
-573
-801
-1099
-677
-648
121
888
1145
499
-32
349
-141
-411
-995
-1036
-1032
-72
1088
1013
1117
-90
-245
-534
-717
-522
-1166
-825
-922
-158
892
910
582
-141
-114
-250
26
-30
-601
-1251
-1029
-81
48
547
528
199
-53
-430
-53
164
-20
99
173
597
733
508
259
-273
-425
-207
229
772
442
405
234
-101
111
122
121
28
-135
-28
263
339
494
332
45
-132
-325
-91
-140
-221
-125
151
291
121
169
316
324
364
397
107
-587
-837
-317
343
552
218
-127
-461
-232
-74
23
-296
-1013
-1144
-1098
-798
-939
-781
-586
-310
-382
-511
-623
-890
-869
-760
-437
-316
-409
-654
-546
-594
-362
133
53
-247
-577
-529
-390
-228
10
85
73
-462
-788
-1154
-503
-342
-14
347
74
469
-111
182
60
-327
134
94
684
538
702
949
831
1358
1498
1715
1249
1047
1034
983
1289
1140
1316
1259
1269
1723
1921
2192
1924
1635
1529
1096
1347
1411
1172
1192
1025
1500
1636
1377
1525
1131
1309
910
587
291
-66
312
312
536
389
488
204
212
269
-8
-416
-909
-1443
-1960
-2331
-1959
-1733
-1649
-1638
-2132
-2369
-2890
-3116
-3457
-3650
-3697
-3529
-3093
-3034
-3071
-3038
-3170
-3274
-3499
-3256
-3322
-3210
-2948
-2610
-2212
-2113
-1722
-1781
-1555
-1174
-498
-136
-126
-21
159
509
650
868
1026
1006
1135
1555
1796
1542
1540
1711
2039
2204
2493
2839
2831
2871
2673
2846
3014
2993
3556
3855
4274
4217
4217
4414
3691
3493
2951
2957
3166
3202
3749
3831
4383
4537
4377
4316
3893
3838
3732
3281
3102
2699
3123
3253
3524
3383
3403
3669
3560
3380
2736
1260
-240
-1920
-2810
-3171
-3128
-3100
-3828
-4236
-4946
-4951
-5304
-5596
-6686
-8088
-9351
-10305
-10699
-10981
-11183
-11179
-10782
-9871
-8991
-8216
-8159
-7946
-7701
-7202
-6541
-6051
-5295
-4538
-3057
-1717
-455
14
382
515
1095
1881
2275
2637
2548
2917
3467
3995
4257
4342
4362
4586
4964
5026
4776
4511
4209
4125
4203
4329
4107
3800
3699
3977
4397
4736
4836
4753
4889
5019
5727
6091
6350
6025
5658
5968
5967
6534
6412
6399
6350
6169
6366
6109
6423
6078
6270
6044
6039
5652
5072
4683
3120
1106
-2115
-4237
-5354
-4864
-3528
-3138
-3686
-5825
-7210
-8116
-8059
-8029
-9427
-10813
-13127
-13357
-13183
-11802
-10816
-10376
-10052
-10404
-9987
-10160
-9575
-9397
-8604
-7697
-6782
-5851
-4922
-3728
-2185
-872
50
114
-129
-236
183
1120
1512
1804
1633
1962
2339
3001
3357
3477
3709
3975
4376
4476
4218
3739
3430
3783
4370
4644
4577
4400
4640
4943
5441
5537
5553
5505
5820
6520
6902
7139
6910
6783
6903
7265
7627
7889
7883
7605
7512
7124
6849
6201
5913
6247
6314
6873
6365
6112
5549
5495
5344
3752
1372
-3009
-5808
-7624
-6612
-4267
-3526
-3855
-6844
-8514
-10204
-9983
-9809
-10851
-12322
-15155
-15596
-15618
-14056
-12662
-11959
-11268
-11753
-11719
-12573
-12468
-12131
-10737
-8944
-7714
-6421
-5815
-4130
-2144
-75
1227
981
616
414
1510
2941
4099
4436
3971
3944
3984
4730
4852
4920
5185
5651
6442
6604
6384
5552
4949
4733
4589
4394
3834
3593
3889
4856
5930
6311
6288
5896
5877
6148
6324
6491
6175
6544
6968
7731
8010
7938
7999
8079
8590
8168
7660
6336
5770
5994
7099
8088
8314
7454
6646
4982
3026
-633
-4488
-7087
-7258
-5405
-4000
-4241
-6872
-9277
-10884
-10591
-10302
-11298
-13517
-16071
-17250
-16325
-15142
-13373
-13135
-12468
-12439
-11749
-11955
-12083
-12007
-11337
-9275
-7871
-5824
-5127
-3600
-2071
-123
1115
1543
1554
1936
2965
4403
5210
5180
4456
4038
3976
3968
4082
3878
4631
5590
6797
7211
6780
5669
4467
3722
3497
3641
3850
4380
5121
5926
6509
6513
6287
6106
6117
6448
6686
6978
7247
7614
8332
9016
9745
10129
10218
10141
9818
9430
8809
8277
7595
7436
7483
8161
8715
9020
7830
4461
-510
-5337
-7425
-6600
-3933
-2900
-4173
-7716
-10700
-12252
-12115
-11669
-12710
-14948
-17423
-19069
-18357
-17223
-15031
-14546
-13949
-14805
-14790
-15031
-14064
-12487
-10927
-9064
-8671
-7394
-6583
-4295
-2332
-473
2
224
502
1795
3719
5417
6278
5956
4801
3931
3559
3510
3823
4083
5054
6109
7373
7678
7240
5810
4486
3542
3167
3285
3578
4587
5941
7336
7911
7509
6534
5723
5666
6351
7455
8251
8897
9532
10282
11227
11695
12569
12928
13212
12128
11041
9786
9527
10356
11539
12676
12755
11251
7289
1873
-3788
-6526
-5965
-3214
-1333
-2464
-6398
-10355
-12920
-13088
-13134
-13809
-16544
-18978
-20858
-19804
-18372
-16388
-15974
-16813
-17986
-19178
-18515
-16823
-13464
-11089
-9023
-8803
-8190
-7468
-5519
-3438
-1818
-1217
-753
95
2185
4704
6540
6824
5263
3305
1882
2100
2768
3697
3777
4137
4607
5615
6091
5648
4441
2611
1561
1218
1986
3190
4664
5827
6238
6151
5517
5379
5454
6088
6481
6815
7618
8880
11001
12270
13129
12934
13176
13751
14542
14762
14240
13630
13374
14213
15321
16331
15362
10727
4165
-2623
-4287
-2177
1956
3341
90
-5574
-11376
-13629
-14146
-12628
-13148
-14778
-17635
-20296
-20008
-19499
-17484
-17919
-18939
-21004
-21488
-19923
-16698
-13039
-10969
-10120
-10598
-10453
-9179
-6908
-4004
-1728
-211
812
1518
3133
4646
6161
5795
4458
2717
2688
4098
5571
6028
4905
3838
3170
3188
3176
2757
2025
1427
1230
1395
1755
2675
3579
4205
3677
2489
1788
2302
4227
6017
7145
7174
6860
7156
7692
8784
9424
10794
12207
14402
15743
16448
15887
15133
14366
14090
14438
15387
16570
14770
9804
2583
-1786
-1272
2514
4905
2684
-3560
-9792
-13493
-13661
-12370
-10487
-11425
-13570
-18143
-20876
-21514
-20089
-18123
-18659
-19744
-21643
-20012
-17287
-12693
-10700
-10328
-11820
-12601
-11177
-8219
-4189
-953
1072
1903
2131
2619
3875
5498
6341
5471
4032
3219
4970
6699
7651
5837
3433
2090
2413
3637
4086
3522
1982
515
-612
-679
185
1387
2250
1996
1185
809
1286
2847
3954
4641
4462
4738
5320
6652
7761
8879
9815
10699
11864
12978
13850
14271
14489
14492
14725
14811
15649
16502
17022
14088
8284
1254
-1438
900
5852
7720
4721
-2288
-9034
-13458
-14388
-12407
-9394
-8463
-10891
-15684
-19635
-20252
-19528
-18182
-19186
-19883
-20077
-17462
-14417
-11418
-10828
-11738
-13435
-14347
-12716
-9047
-3981
41
1784
1104
286
451
2848
4997
6169
5547
5160
5692
7221
7731
6515
4172
2148
2260
3528
5389
6369
5949
3567
259
-2291
-2422
-302
2327
3582
2688
710
-372
-373
365
920
1239
2063
3340
5079
6236
6950
6893
6996
7139
8098
10157
12615
15052
15578
14530
12819
11792
12569
14436
16361
15886
11778
5548
1571
2288
5790
8074
5252
-732
-7401
-11195
-11212
-8416
-5132
-4559
-8833
-15881
-21531
-22476
-19574
-16683
-15516
-16419
-16912
-16943
-15355
-14320
-13172
-13489
-13875
-13436
-11019
-6504
-2501
-66
-595
-1845
-2651
-969
2466
6528
9137
9205
7667
6149
5588
5940
5738
5228
4544
4991
6038
6684
5994
3789
900
-2096
-3457
-2657
114
2440
2694
195
-3001
-4739
-4172
-2278
-512
433
928
1528
2117
2671
2583
2456
2961
4761
7715
11169
13647
14569
13374
11339
9868
10357
12589
15818
18508
19343
16325
9592
3101
820
3735
8007
8933
5469
-725
-6639
-9792
-9723
-6360
-3588
-4238
-10205
-16775
-20689
-19538
-17060
-15346
-15073
-15630
-15971
-16397
-15858
-14856
-13222
-12654
-11796
-10333
-6719
-3068
-827
-1468
-3315
-4186
-2501
1629
6222
9898
10491
8291
4819
3197
3919
6028
7387
7427
6697
6184
5459
4448
2310
334
-1491
-2457
-2264
-787
856
403
-2355
-5771
-6911
-5503
-2611
-709
-500
-1356
-2194
-2126
-1196
430
2211
3536
4417
5305
6982
9179
10864
11191
10242
9958
10940
13493
16227
18287
19243
17820
13296
6253
1933
3163
8876
12915
11662
5825
-1914
-8076
-10752
-8509
-3115
24
-2846
-11315
-18474
-20701
-18063
-15150
-13601
-13653
-15290
-17844
-19832
-18374
-14409
-10738
-9999
-10684
-10577
-8569
-6631
-5438
-4535
-2811
-712
1819
4884
8059
9427
7431
3979
2247
4537
8725
11593
11203
8778
6333
4746
4011
4282
5013
4677
2374
-552
-1679
-592
670
13
-1848
-3629
-3984
-3820
-3550
-3146
-2887
-2766
-2900
-2253
-323
1670
2406
1662
1386
2792
5998
9093
10999
11280
10526
10486
11588
14056
17362
19139
17580
11391
5049
3536
7920
13927
15357
11081
2680
-4796
-9029
-7010
-1140
3730
1406
-7724
-17471
-20897
-18643
-14171
-11860
-11545
-14040
-18539
-22446
-22097
-17270
-12420
-10759
-12124
-12520
-11641
-10090
-9201
-7616
-4964
-2016
314
2914
5907
7416
5833
2641
2191
5884
11119
13535
11733
7683
4689
4037
5623
8064
9860
8747
4457
-366
-1934
262
3343
4073
1943
-1109
-3779
-4763
-4218
-2055
-269
-170
-2054
-3601
-3122
-947
690
1353
2174
3916
6106
7568
8677
9559
10305
10347
11177
13787
16825
16718
11772
6747
5996
9880
14181
14643
11459
4729
-2058
-5834
-3500
2724
6076
2056
-8004
-16261
-18819
-15701
-11413
-9124
-10380
-15703
-21872
-24340
-21327
-15538
-12121
-12498
-14591
-15961
-15287
-13068
-9443
-6194
-4198
-4225
-3973
-1548
2009
4714
4772
4175
4465
6323
9114
10980
10875
8816
6916
6512
7751
9510
10292
9135
5770
2761
2032
3594
5128
4741
2439
-475
-2729
-3227
-1890
100
1038
-284
-2575
-4050
-3294
-1570
73
914
1706
2659
3726
5210
6545
7913
8952
10054
11315
12834
13755
12154
8438
6213
8327
13093
15575
13588
7731
1436
-2837
-2251
1810
6693
5987
-1324
-11498
-16856
-14881
-9986
-7059
-8678
-12803
-19034
-23381
-23243
-17740
-12258
-11454
-15031
-18438
-18872
-16513
-12916
-9148
-6122
-5194
-5944
-6217
-4061
-262
2871
3917
4069
4812
6336
7349
7559
7613
8597
9915
10790
10566
9021
7265
5782
5336
5929
7326
7787
5661
2046
-63
705
2224
2100
622
-848
-2179
-2844
-2701
-792
655
353
-984
-1893
-487
1299
3019
3994
4434
5668
6557
8206
9469
10800
12183
11706
9817
5655
4679
7454
12116
14178
10775
5672
150
-2274
-892
2903
6728
3929
-4011
-13117
-15657
-11459
-6461
-4995
-8637
-13896
-19471
-22160
-19963
-14460
-10385
-11435
-15624
-17940
-17320
-14303
-11356
-8823
-7229
-6706
-6606
-6258
-4266
-1270
1726
3232
3865
4796
5624
5964
5844
6153
7660
9833
11300
10669
8506
6937
6915
7384
7877
8143
7378
4938
2376
2136
3900
4861
3212
555
-1315
-1528
-721
255
949
498
-1092
-2432
-2462
-292
2432
3956
3900
2900
2866
4157
6471
8059
9601
10149
9222
5760
2476
4501
9048
13000
11308
6011
1009
-2518
-881
2394
6816
5988
-867
-9897
-15017
-11198
-5810
-3053
-6577
-12037
-16888
-19912
-18784
-14512
-10614
-10952
-14996
-17618
-16936
-14188
-11715
-10201
-8554
-7566
-6687
-6450
-5007
-2401
26
1424
1386
2436
4455
6575
7598
7521
7526
7936
8737
9238
9353
9603
9592
8931
7213
6621
6761
6811
5557
4385
4148
3996
3047
1401
336
-195
-203
-209
399
883
453
-1249
-2446
-1829
232
2417
3349
3714
2917
2886
3802
5610
7749
8433
10125
9752
7939
3758
1884
6096
10843
13773
9022
2592
-2531
-3457
975
5588
8435
3482
-6461
-14538
-14468
-6584
-1070
-2033
-9103
-16117
-19743
-19323
-14593
-9734
-8781
-12470
-17290
-17843
-15183
-11916
-10013
-9744
-8768
-8079
-7027
-6091
-4605
-1816
-299
892
1353
2575
4112
4610
5751
6425
7695
8240
8212
8070
8057
9096
9654
9056
7423
6330
6285
6609
7104
7508
7025
5049
2589
1382
2122
3293
3489
3098
1930
1460
613
533
1622
1973
3559
3356
3655
3627
3552
5519
5721
7470
8385
7926
5644
1166
3453
7140
11220
9734
4081
115
-2640
73
3449
5955
5138
-1401
-8147
-12332
-8445
-2867
-1858
-6177
-12552
-15182
-15737
-14163
-11396
-10517
-11515
-14749
-16220
-14881
-13175
-11176
-10402
-9135
-8352
-7916
-7687
-7085
-4801
-2003
92
594
327
567
1651
3571
6107
7536
7854
7440
6308
6173
6789
9162
10478
9179
6568
4551
4573
5312
6364
6967
6222
4304
1797
772
1345
2908
3268
1935
669
-70
398
518
1223
2728
2829
3018
2395
2639
3837
4997
6710
6838
7633
8005
6116
2752
2543
7878
12261
11877
6086
248
-2061
-525
4219
7341
6733
1043
-6953
-11266
-8530
-2441
-1097
-5783
-11796
-14380
-14621
-13933
-12315
-10591
-11289
-14082
-16035
-15247
-13099
-12526
-11821
-10155
-7598
-6323
-7799
-9338
-8457
-3486
743
2107
942
-405
302
1994
6007
8524
8539
7135
5573
6117
7372
10404
11240
9138
6091
5005
6259
6546
6643
6218
5164
3620
2549
2663
2836
2402
1711
1238
1069
1268
855
-449
-659
977
3206
3908
3104
2442
1876
2381
4245
6324
7659
8351
7492
3723
401
2930
9476
13110
9747
2656
-2094
-2493
1426
5637
7139
4343
-2873
-9911
-11720
-6440
-1158
-2474
-8605
-13611
-14670
-14757
-14103
-12238
-10751
-11630
-14825
-16548
-15691
-14155
-12579
-11245
-8841
-7529
-8068
-10116
-10206
-6159
-1637
1078
316
-1491
-1326
1265
5467
7706
7563
6702
6381
7056
8751
10531
11188
10042
7957
7270
8033
8671
8141
6867
6239
5996
5413
4167
3322
2974
2382
1806
1606
1915
1975
237
-1261
-1145
516
2575
3095
3077
1825
619
1568
3762
5962
7092
7663
6039
2391
-179
3444
9550
11957
8122
1134
-2009
-679
3957
6484
6015
2444
-3542
-8377
-8687
-3677
-710
-3818
-9501
-12757
-12786
-13065
-13245
-12204
-11274
-12127
-14785
-16144
-15258
-13491
-12008
-10917
-9218
-8670
-9752
-10924
-8844
-4166
-399
405
-1684
-2829
-1103
2991
6691
7544
7076
6347
6636
8088
9933
11297
11371
10317
8710
8086
8435
8849
8353
7682
7571
6776
4757
2984
2606
3076
2941
1803
1013
599
281
-247
-1191
-1169
135
1318
1971
1688
1076
1074
1611
3505
5196
6706
6985
5035
1855
328
4782
9609
10565
5808
195
-1067
821
4437
5607
4287
925
-4277
-7459
-6618
-2628
-1662
-5542
-10028
-12055
-11874
-12298
-12338
-11287
-10950
-12296
-14824
-15597
-13917
-12036
-10336
-9612
-8935
-9180
-10098
-9295
-6366
-1641
707
-435
-2709
-3165
512
5156
8268
8083
5807
4972
6025
9002
11386
12128
11129
8774
7547
7855
9345
9611
8689
7949
7267
6142
4262
3403
3944
4445
3605
1895
941
758
495
50
-386
-222
457
1071
1732
1618
1452
1273
1638
3413
4459
5627
5380
4629
2165
213
3713
7702
9199
4653
-342
-1662
41
3301
3926
2808
50
-3831
-6864
-7034
-4073
-3119
-6118
-9642
-11021
-10584
-11705
-12583
-12009
-11011
-11388
-13291
-13959
-13153
-11855
-10829
-9870
-8737
-8305
-8599
-8407
-6094
-2559
-151
-283
-1442
-1220
1184
4684
6895
7192
6111
5911
7416
9648
11329
10930
10323
9209
8592
9013
9635
9832
8749
7848
7250
6063
4572
3654
4122
4646
3772
2088
206
-423
-131
381
335
-476
-453
-561
-373
303
802
1313
1654
2779
3433
3560
4450
5052
3212
1110
2924
6691
8077
4928
969
-404
1146
3343
3350
1822
-41
-2777
-5806
-6468
-4038
-2906
-5699
-9552
-10922
-10412
-11242
-12605
-12681
-11535
-11539
-13066
-14121
-13374
-11928
-11211
-10802
-9726
-8487
-8301
-8434
-6548
-3124
-761
-762
-1690
-386
2448
5094
6098
5732
5922
6747
8534
10342
10876
10298
9317
8766
8984
9992
10334
8989
7461
6924
7093
6322
4618
3707
3827
3856
2648
724
-565
-821
-411
48
-272
-1111
-2050
-1994
-728
546
1423
575
391
1221
2795
4481
4640
5972
4555
1058
972
4601
9102
7868
3200
38
61
2739
3768
3102
1650
-564
-3544
-6588
-4940
-2791
-3562
-7150
-10409
-9984
-10378
-11671
-12546
-11693
-10563
-11837
-13595
-13976
-12669
-11190
-10650
-9241
-8221
-7937
-8777
-8892
-5295
-1667
-70
-957
-2008
-203
2417
5168
6226
5796
5895
6443
8349
9745
10144
9808
8884
8342
8335
9213
9488
8655
7670
6892
6040
5102
4457
4751
4835
3538
1282
-584
-647
461
1241
760
-894
-2659
-2599
-1280
320
1478
980
-21
-245
1476
3794
4935
5521
5062
2506
341
2786
7421
9274
6418
1676
123
1680
3992
4488
2664
1096
-735
-3270
-4440
-3208
-2511
-4441
-7557
-8985
-8891
-9641
-11573
-11881
-11021
-10507
-11598
-13453
-13414
-12291
-11010
-10188
-9337
-8526
-8599
-9047
-7898
-4776
-2338
-1324
-1469
-1582
171
2206
3756
4512
5133
6244
7317
8182
8564
8672
8462
8764
8921
8750
8894
8462
7820
7084
6412
5910
5264
4955
4918
4130
2112
483
372
930
1266
550
-390
-1547
-1886
-700
570
1263
1088
510
303
986
2699
4118
4911
5818
5913
3187
896
3112
7615
9737
6493
2285
912
1824
4032
4300
3540
2058
-388
-3163
-4566
-2860
-2163
-3865
-7081
-8314
-8254
-9996
-11555
-11361
-9322
-9008
-11705
-13914
-13607
-11450
-9599
-9062
-8769
-8865
-9341
-9641
-7865
-3993
-1298
-1427
-2967
-2602
-281
1716
2944
3517
4321
5359
6184
6590
6781
7339
7815
7926
7619
7432
7634
7385
6834
6746
6506
5897
5179
4722
4572
3693
2364
1547
1582
1972
1505
531
-383
-651
-516
82
883
1455
1655
1072
821
1550
2707
4229
4733
4997
5305
3873
1639
2218
5947
8929
7664
3390
753
1054
3478
4883
3975
2167
300
-2158
-3640
-2723
-1285
-2372
-5776
-8395
-8465
-8571
-9493
-9776
-9329
-9239
-11240
-13328
-12997
-10728
-9195
-9446
-10183
-10107
-9698
-9378
-7888
-5098
-2726
-2558
-3896
-3854
-1885
385
2204
3167
3474
3623
4094
5344
6687
7294
7461
7088
6778
6752
6860
7419
7754
7249
5876
4406
4257
4814
4854
3959
2630
1665
1086
889
736
678
66
-692
-648
-577
64
788
1041
1121
811
1095
1693
3023
4436
5091
5042
5088
5250
4066
3100
4921
7676
8730
5908
2745
1936
3164
4585
3790
2688
1907
256
-2188
-4035
-3204
-2489
-3876
-6425
-8191
-8337
-9434
-10570
-11047
-9985
-9585
-11133
-12149
-12272
-11407
-10708
-10161
-8891
-8343
-8383
-8559
-7622
-5250
-3087
-2257
-2720
-2552
-1221
382
1709
2553
3233
3607
4112
5025
5185
5177
6070
6559
6328
5452
5365
5802
5435
5043
4644
4027
3497
3136
2944
2713
2102
1403
643
246
395
940
768
446
773
525
759
1181
1607
2377
2596
3503
3729
4076
4908
5394
6335
6868
6817
4732
3715
5462
7978
8906
6308
3257
2154
2977
4482
3983
3060
1739
-439
-3038
-4295
-2996
-2043
-3462
-6386
-8354
-8721
-9394
-10060
-9743
-8881
-8921
-11041
-12669
-12307
-10748
-9173
-8724
-8481
-8490
-8739
-8538
-7123
-4382
-2144
-1884
-3135
-3830
-2255
555
2706
3161
2650
2542
2905
3693
4610
5506
6268
5920
4559
3842
4363
5175
5234
4656
3898
3069
1995
1511
2090
2650
2015
336
-876
-519
335
490
106
-102
463
645
437
857
1606
2550
3308
3873
4011
4035
4689
6011
6949
7630
7965
6885
5140
4955
7085
9082
8906
6243
3744
3154
3969
4673
4240
3268
1624
-1217
-3228
-3358
-1955
-2361
-4612
-6808
-7561
-8115
-9474
-10074
-9430
-8573
-9189
-10684
-11604
-11320
-10475
-9345
-8112
-7239
-7601
-8388
-8068
-6126
-3482
-2299
-2841
-3425
-2570
-623
698
1310
1565
1590
2109
2800
3440
3641
4185
4521
3804
2959
2711
3414
3868
3714
3119
2088
1100
976
1678
2178
1630
394
-432
-67
804
1272
957
767
1007
1452
1604
1993
3008
3971
4642
4493
4778
4929
5714
6995
7828
8210
7840
8026
7113
6062
6308
7598
9192
8142
5852
3475
3202
4208
4184
3645
2407
1131
-1484
-3179
-3185
-2138
-2514
-4816
-7004
-7923
-8395
-9016
-9129
-8347
-7902
-9385
-11316
-11931
-10785
-8964
-8009
-7815
-8123
-8781
-8914
-7793
-5498
-3751
-3324
-3763
-4063
-3221
-1842
-438
482
1037
1535
1492
1420
1763
2608
3600
3752
3241
2198
1670
2281
3123
3533
2922
1799
731
300
976
1994
2254
1520
530
-60
-118
676
1543
2082
1781
1386
1738
2159
2760
3389
4139
5110
5382
5339
5165
5769
7081
8230
8228
7891
8076
7156
6111
6007
7768
9435
8297
5099
2694
2714
4390
4966
4013
2153
461
-1808
-2912
-2626
-1648
-2056
-4797
-7216
-8082
-7858
-7993
-8356
-8348
-8348
-9520
-11064
-11279
-9935
-8560
-8179
-8745
-8848
-8505
-8274
-7527
-5932
-4346
-4151
-5029
-5087
-3711
-1823
-559
-430
-816
-802
-181
652
1428
1883
1947
1710
1490
1629
1927
2065
2095
2109
1925
1534
1191
1343
1810
2305
2197
1706
1094
1019
1636
2589
2984
2805
2251
2094
2766
3928
4762
4791
4638
4640
5129
5742
6256
6522
6904
7078
7346
7280
7544
7179
6205
5489
5984
7171
7422
5748
3463
2380
3032
3872
3434
2029
541
-742
-2062
-2317
-2397
-2580
-4315
-5859
-6547
-6465
-6842
-7935
-8744
-8730
-8741
-9206
-9742
-9678
-9301
-9185
-9035
-8783
-8203
-8050
-7958
-7277
-6237
-5168
-4774
-4788
-4452
-3577
-2561
-1862
-1750
-1465
-753
335
1102
1149
950
1003
1499
2070
2467
2544
2295
2290
2171
2254
2358
2302
2368
2339
2186
1872
1644
1801
2222
2506
2383
2211
2118
2314
2722
3142
3678
3736
3546
3418
3827
4579
5592
5899
5885
5550
5252
5562
6386
7254
7978
7524
6003
4797
4584
5858
7402
6827
5073
2976
1926
2411
2590
2772
2055
703
-1277
-2549
-3194
-2922
-2988
-4012
-5045
-6268
-7321
-8123
-8452
-8055
-7636
-8178
-9251
-10128
-10166
-9604
-8811
-8205
-7774
-7978
-8443
-8413
-7549
-5973
-4642
-4511
-4957
-4780
-3785
-2494
-1715
-1065
-518
-76
358
500
1005
2003
2867
3024
2802
2844
3030
3307
3497
3682
3923
3738
3431
3307
3304
3537
3674
3464
3449
3331
3134
2652
2394
2661
3064
3051
2895
2804
2584
2570
2731
3061
3529
3839
3954
3831
3674
3958
4532
4863
5356
5357
5484
5241
4587
4597
4513
5362
5746
5083
3969
2996
2756
2540
2601
2696
2150
762
-1014
-1838
-2159
-1898
-2501
-3754
-4846
-5851
-6460
-7187
-7511
-7552
-7859
-8625
-9344
-9661
-9640
-9572
-9142
-8630
-8222
-8297
-8544
-8189
-7224
-5915
-4961
-4642
-4249
-3825
-3103
-2076
-1118
-80
365
713
1231
1721
2533
2998
3311
3595
3783
3864
3847
3826
3950
4145
4106
3829
3601
3195
3068
2813
2653
2578
2394
2148
1815
1492
1328
1318
1359
1637
1627
1351
1274
1386
1702
2031
2336
2844
3113
3216
3048
3314
4147
4994
5369
5111
4899
5119
5685
5636
5586
5463
5066
5267
4994
4758
4065
3169
2862
2409
2401
1665
589
-496
-1178
-1825
-2605
-3267
-4046
-4622
-5478
-6243
-6960
-7635
-7951
-7998
-8341
-8537
-8974
-9269
-9130
-8891
-8276
-7812
-7720
-7579
-7151
-6382
-5312
-4425
-3927
-3359
-3100
-2486
-1415
-504
372
839
1016
1469
1933
2525
2955
3167
3508
3635
3529
3545
3668
3576
3403
3393
3358
3159
2655
2271
2230
2041
1898
1555
1178
933
777
711
622
687
654
585
548
645
975
1199
1407
1794
2014
2284
2539
2873
3468
3918
4144
4355
4517
4557
4954
5038
5402
5543
5054
4840
4269
3974
4319
4205
4105
3195
1889
942
860
830
735
-282
-1553
-2393
-3371
-3625
-3791
-4180
-4961
-5881
-6708
-7016
-7242
-7353
-7523
-7474
-7554
-7783
-8159
-8141
-7503
-6829
-6229
-6061
-6083
-5884
-5367
-4477
-3658
-3218
-2765
-2539
-2317
-1743
-1034
-198
148
271
617
915
1284
1747
2070
2416
2347
2106
2121
2655
3230
3378
2801
2358
2344
2703
3078
2973
2762
2415
2200
2441
2604
2539
2420
2086
2020
2152
2409
2453
2355
2270
2270
2406
2372
2337
2554
2735
2928
2789
2609
2841
3028
3175
3250
3134
3289
3426
3349
3388
3219
3013
2982
2929
2959
2935
2599
2246
1710
1371
1117
1077
812
295
-672
-1174
-1572
-1944
-2339
-2850
-3393
-4138
-4895
-5350
-5411
-5511
-5983
-6661
-7161
-7492
-7358
-7359
-7239
-7429
-7594
-7580
-7354
-6821
-6434
-6111
-5775
-5292
-4638
-4191
-3760
-3117
-2459
-1789
-1134
-445
332
980
1431
1909
2428
3035
3683
4192
4480
4805
5019
5246
5559
5655
5728
5550
5545
5482
5360
5205
4925
4472
3993
3724
3517
3132
2607
1993
1694
1438
1147
930
504
216
-50
-268
-255
-157
-112
-221
-350
-194
149
334
623
1037
1317
1388
1457
1871
2531
3082
3081
3045
2961
3211
3472
3448
3524
3507
3206
2599
1954
1873
1849
1530
571
-297
-1062
-1734
-2416
-3059
-3479
-4215
-5257
-6361
-6967
-7186
-7412
-8002
-8416
-8679
-8843
-9087
-9125
-8772
-8319
-7946
-7594
-7005
-6386
-5778
-5164
-4282
-3098
-2005
-1147
-314
347
1173
2196
3179
4319
4973
5396
5751
6100
6668
7144
7464
7551
7240
6823
6568
6611
6416
6113
5277
4577
3998
3392
2944
2365
1838
1226
529
-35
-450
-787
-1093
-1360
-1502
-1617
-1671
-1894
-1977
-1773
-1434
-934
-813
-736
-535
-254
331
847
1320
1761
1951
2084
2204
2532
2922
3183
3417
3462
3396
2962
2486
2471
2462
2498
2043
1336
676
117
-395
-815
-1087
-1476
-2160
-3241
-3989
-4243
-4514
-4884
-5341
-5671
-6019
-6498
-6792
-6630
-6419
-6341
-6405
-6338
-5905
-5448
-5073
-4719
-4159
-3542
-2894
-2290
-1646
-908
-320
263
890
1564
2283
2890
3287
3654
3985
4344
4664
4805
5005
5207
5204
5022
4779
4625
4624
4492
4126
3672
3286
2968
2710
2308
2032
1601
1083
613
294
149
-58
-402
-796
-1102
-1260
-1217
-1195
-1326
-1515
-1719
-1771
-1543
-1333
-1172
-1121
-1234
-1300
-1244
-1041
-666
-468
-453
-562
-566
-518
-350
-127
16
144
85
-31
10
132
357
433
241
171
161
266
294
240
188
212
197
123
149
175
111
-32
-342
-184
-121
-146
-334
-592
-677
-741
-799
-867
-923
-1125
-1260
-1399
-1404
-1377
-1378
-1446
-1471
-1481
-1410
-1311
-1224
-1032
-819
-680
-549
-426
-139
220
526
704
810
1060
1344
1622
1776
1955
2148
2242
2400
2508
2537
2422
2234
2306
2432
2350
1967
1455
1107
1040
1031
787
341
-294
-925
-1263
-1277
-1249
-1615
-2348
-2932
-3188
-3186
-3193
-3265
-3530
-3716
-3873
-3836
-3694
-3468
-3313
-3232
-3045
-2770
-2485
-2236
-1940
-1452
-913
-486
-148
147
571
1097
1575
1895
2217
2591
3062
3446
3673
3688
3833
4002
4284
4384
4371
4144
4023
3809
3870
3879
3532
3033
2453
2267
2180
1862
1321
753
321
-23
-332
-639
-939
-1311
-1855
-2108
-2253
-2270
-2465
-2674
-2691
-2655
-2657
-2668
-2588
-2381
-2141
-1923
-1720
-1530
-1381
-1164
-861
-550
-251
-90
2
199
380
545
591
622
739
788
793
680
392
295
322
324
142
-248
-541
-749
-828
-905
-1005
-1336
-1732
-1964
-1969
-1864
-1892
-2060
-2210
-2237
-2105
-1959
-1816
-1615
-1548
-1498
-1421
-1093
-700
-431
-291
-161
49
226
500
790
1048
1200
1258
1390
1608
1808
1962
2046
2171
2322
2388
2431
2520
2672
2874
3020
3009
2969
3017
3156
3403
3430
3398
3330
3362
3365
3559
3574
3426
3066
2827
2829
2910
2586
2225
1746
1457
1082
714
387
-17
-571
-1269
-1630
-1986
-2238
-2884
-3430
-3854
-4119
-4451
-4765
-4993
-5130
-5326
-5514
-5546
-5406
-5280
-5162
-4982
-4708
-4354
-4090
-3718
-3312
-2774
-2265
-1803
-1305
-809
-251
206
616
1104
1610
2121
2412
2614
2809
3057
3347
3485
3491
3333
3233
3101
3018
2844
2492
2201
1879
1584
1227
775
349
-35
-274
-535
-838
-1237
-1603
-1827
-1928
-1897
-1957
-2062
-2213
-2166
-1948
-1688
-1496
-1378
-1138
-812
-409
23
315
685
1062
1589
2060
2446
2740
2980
3372
3770
4200
4419
4375
4356
4398
4537
4650
4587
4443
4118
3830
3502
3157
2765
2392
1967
1456
867
170
-453
-939
-1409
-1890
-2541
-3135
-3650
-4120
-4479
-4795
-4975
-5195
-5433
-5640
-5732
-5729
-5566
-5331
-5051
-4818
-4625
-4379
-3935
-3368
-2808
-2339
-1923
-1474
-927
-447
16
472
949
1447
1807
2042
2235
2405
2558
2854
3149
3246
3085
2690
2497
2572
2668
2618
2245
1824
1423
1143
950
939
735
353
-175
-499
-605
-670
-871
-1063
-1231
-1362
-1479
-1589
-1549
-1525
-1542
-1583
-1495
-1366
-1293
-1344
-1308
-1096
-863
-728
-710
-652
-482
-334
-184
34
215
373
488
634
834
1018
1133
1309
1506
1727
1881
1962
2147
2338
2443
2444
2562
2798
2941
2817
2658
2725
2876
2824
2586
2374
2262
2114
1821
1556
1324
1074
594
162
-110
-270
-663
-1219
-1679
-1911
-2101
-2469
-2834
-3102
-3243
-3446
-3643
-3749
-3698
-3691
-3761
-3737
-3520
-3240
-3096
-3003
-2722
-2280
-1880
-1637
-1412
-1043
-609
-258
40
335
708
954
1164
1348
1606
1728
1678
1838
1971
2061
1904
1604
1502
1454
1410
1202
881
596
270
38
-217
-256
-619
-918
-1346
-1486
-1501
-1642
-1863
-2087
-2172
-2174
-2175
-2221
-2159
-2098
-2009
-1947
-1766
-1516
-1248
-1114
-931
-633
-279
2
211
486
896
1250
1483
1703
2021
2414
2761
2958
3194
3427
3652
3806
3924
4161
4350
4389
4217
4174
4250
4313
4188
3905
3692
3575
3312
3009
2610
2411
2055
1645
1096
754
400
-78
-611
-1074
-1333
-1737
-2231
-2767
-3053
-3283
-3518
-3889
-4116
-4301
-4416
-4571
-4596
-4526
-4417
-4393
-4335
-4150
-3878
-3605
-3371
-3101
-2723
-2330
-2011
-1688
-1324
-871
-457
-145
168
487
813
1096
1314
1567
1780
1906
1964
2026
2135
2168
2116
2000
1918
1866
1690
1481
1285
1178
976
735
468
295
136
-75
-261
-414
-548
-656
-809
-889
-944
-960
-956
-944
-886
-841
-786
-698
-534
-374
-223
-77
73
274
468
692
890
1081
1272
1476
1659
1806
1964
2134
2283
2402
2448
2543
2594
2696
2715
2697
2665
2606
2547
2416
2342
2250
2100
1762
1478
1366
1297
1089
741
305
158
-160
-318
-691
-803
-1128
-1411
-1833
-2004
-2089
-2244
-2504
-2771
-2832
-2926
-3026
-3230
-3196
-3154
-3032
-3139
-3091
-3031
-2841
-2730
-2575
-2326
-2052
-1866
-1779
-1567
-1211
-817
-601
-472
-248
88
342
545
684
1004
1227
1357
1378
1494
1703
1827
1859
1759
1894
1945
1894
1781
1681
1736
1674
1492
1364
1262
1246
1003
847
643
674
488
312
110
-6
-23
-209
-365
-505
-529
-595
-720
-877
-907
-959
-1040
-1131
-1145
-1133
-1130
-1236
-1259
-1185
-1091
-1056
-1050
-1003
-844
-735
-677
-571
-421
-203
-72
43
198
447
653
809
946
1156
1384
1536
1656
1818
2021
2096
2092
2100
2213
2359
2312
2163
2071
2005
1953
1716
1555
1377
1266
891
568
263
96
-145
-519
-830
-1104
-1307
-1637
-1922
-2117
-2161
-2303
-2497
-2676
-2690
-2657
-2643
-2649
-2507
-2336
-2193
-2146
-1995
-1704
-1356
-1131
-942
-704
-408
-135
45
280
576
863
996
1049
1100
1306
1420
1467
1412
1375
1292
1152
1003
913
832
614
307
11
-199
-345
-571
-822
-1068
-1248
-1423
-1643
-1800
-1910
-1948
-2061
-2104
-2136
-2090
-2066
-2037
-1914
-1741
-1560
-1465
-1375
-1184
-931
-672
-489
-284
-83
124
317
505
784
998
1183
1277
1438
1620
1767
1865
1939
2098
2214
2281
2260
2347
2461
2562
2535
2544
2576
2670
2646
2652
2685
2731
2674
2464
2425
2441
2512
2396
2178
2034
1921
1776
1598
1437
1328
1064
783
413
282
43
-175
-553
-844
-1092
-1383
-1689
-2016
-2221
-2416
-2627
-2882
-3117
-3291
-3397
-3517
-3573
-3617
-3614
-3665
-3666
-3599
-3437
-3279
-3161
-3033
-2871
-2658
-2431
-2208
-1986
-1713
-1488
-1238
-1033
-795
-538
-332
-137
38
223
368
531
619
757
831
891
919
955
994
1012
995
972
950
919
866
824
790
772
737
684
630
606
614
640
648
654
675
711
760
836
918
1016
1098
1178
1284
1422
1551
1667
1758
1879
2007
2135
2241
2352
2457
2537
2594
2629
2700
2750
2765
2736
2679
2631
2582
2474
2350
2199
2058
1867
1655
1355
1142
925
710
419
90
-234
-503
-808
-1080
-1372
-1609
-1914
-2207
-2491
-2666
-2824
-3040
-3218
-3402
-3441
-3552
-3602
-3685
-3645
-3602
-3545
-3511
-3429
-3300
-3164
-3024
-2851
-2643
-2437
-2257
-2080
-1849
-1603
-1357
-1175
-972
-741
-500
-311
-135
39
249
430
570
705
847
983
1109
1194
1322
1416
1509
1550
1606
1699
1780
1848
1838
1889
1889
1939
1928
1966
1986
1988
1960
1902
1904
1887
1870
1794
1730
1669
1605
1530
1428
1353
1258
1156
1043
915
815
695
584
459
356
247
128
8
-110
-173
-271
-345
-436
-494
-513
-559
-590
-645
-646
-650
-636
-621
-616
-571
-575
-518
-492
-420
-370
-377
-372
-379
-288
-251
-190
-249
-265
-305
-305
-297
-338
-349
-436
-494
-596
-610
-689
-715
-824
-885
-942
-992
-1052
-1137
-1180
-1202
-1185
-1211
-1243
-1263
-1252
-1209
-1145
-1085
-1013
-980
-929
-845
-704
-555
-436
-372
-275
-144
14
156
260
372
483
603
696
783
862
942
1005
1047
1070
1088
1083
1070
1039
1027
994
940
844
743
657
555
481
353
254
99
-24
-155
-252
-356
-461
-575
-696
-780
-869
-916
-974
-1001
-1028
-1053
-1080
-1085
-1057
-1011
-945
-885
-828
-770
-691
-585
-457
-330
-203
-92
25
162
289
448
586
715
850
974
1112
1216
1337
1432
1526
1594
1667
1734
1781
1813
1819
1824
1815
1813
1785
1729
1652
1566
1483
1382
1266
1144
1008
859
711
544
375
192
25
-158
-321
-504
-669
-850
-1017
-1165
-1325
-1456
-1603
-1708
-1832
-1913
-2010
-2073
-2143
-2190
-2212
-2236
-2237
-2230
-2189
-2149
-2096
-2038
-1965
-1881
-1788
-1685
-1582
-1454
-1328
-1208
-1088
-960
-833
-713
-606
-506
-387
-293
-191
-97
8
87
165
214
276
341
397
445
479
510
538
557
576
601
635
651
679
689
724
761
803
849
889
942
983
1052
1113
1191
1253
1316
1381
1449
1537
1618
1713
1788
1853
1907
1954
2028
2073
2146
2159
2177
2171
2163
2167
2132
2103
2026
1960
1849
1755
1658
1531
1409
1213
1059
853
694
494
305
102
-118
-331
-558
-739
-953
-1125
-1328
-1504
-1690
-1863
-2016
-2164
-2271
-2392
-2470
-2572
-2620
-2680
-2707
-2725
-2723
-2696
-2684
-2637
-2593
-2510
-2430
-2332
-2234
-2128
-2015
-1902
-1769
-1642
-1498
-1371
-1242
-1119
-979
-846
-718
-591
-461
-331
-228
-112
-10
122
224
334
429
535
630
716
811
898
1001
1081
1165
1248
1328
1405
1468
1547
1619
1699
1758
1810
1867
1920
1967
1997
2031
2038
2067
2067
2089
2086
2078
2056
2024
1993
1954
1902
1848
1806
1737
1658
1571
1476
1380
1276
1185
1087
973
854
730
612
481
373
250
140
16
-89
-215
-328
-433
-535
-627
-738
-831
-923
-1010
-1083
-1165
-1230
-1312
-1379
-1435
-1474
-1515
-1544
-1575
-1605
-1608
-1620
-1608
-1612
-1599
-1579
-1546
-1514
-1483
-1444
-1403
-1349
-1305
-1247
-1182
-1124
-1068
-1014
-950
-874
-815
-761
-709
-647
-582
-515
-457
-415
-372
-334
-277
-233
-184
-152
-122
-89
-46
0
45
81
119
161
204
250
292
332
376
441
501
555
595
645
702
767
824
883
935
981
1036
1081
1144
1173
1203
1216
1249
1281
1297
1309
1294
1288
1265
1250
1220
1188
1139
1087
1024
960
884
798
712
625
542
461
367
259
153
54
-25
-115
-214
-312
-406
-484
-557
-623
-686
-747
-807
-859
-891
-916
-929
-948
-958
-961
-952
-941
-920
-896
-864
-824
-780
-733
-679
-622
-558
-500
-448
-391
-336
-284
-241
-189
-134
-81
-57
-39
-32
-4
11
22
31
23
0
-37
-68
-108
-135
-167
-206
-258
-300
-345
-411
-481
-522
-553
-586
-623
-666
-695
-723
-724
-720
-721
-715
-707
-681
-647
-598
-548
-497
-450
-382
-296
-212
-134
-56
35
117
212
298
374
444
523
604
668
728
777
808
835
878
917
931
914
902
900
886
862
825
781
728
682
634
571
496
426
370
310
236
147
73
7
-59
-112
-145
-188
-247
-293
-323
-333
-347
-353
-364
-371
-361
-323
-289
-264
-232
-204
-166
-113
-41
2
44
102
169
217
273
332
367
395
439
484
503
515
517
513
494
484
476
444
389
336
292
229
161
95
29
-58
-141
-212
-299
-392
-476
-560
-641
-697
-761
-849
-922
-952
-962
-988
-1017
-1041
-1051
-1039
-1001
-963
-930
-914
-879
-815
-730
-655
-603
-536
-451
-351
-266
-185
-110
-33
48
146
237
295
339
401
466
527
581
614
619
642
690
727
731
727
724
706
716
734
740
717
697
686
681
683
676
658
640
642
649
658
660
650
649
662
691
701
705
715
723
733
767
810
812
793
788
801
798
798
813
794
754
730
722
691
641
591
545
479
417
357
285
204
109
10
-71
-151
-253
-364
-451
-537
-647
-745
-836
-939
-1034
-1097
-1161
-1253
-1344
-1406
-1444
-1483
-1521
-1553
-1601
-1627
-1624
-1612
-1613
-1608
-1579
-1548
-1517
-1457
-1403
-1371
-1302
-1205
-1114
-1034
-959
-871
-789
-672
-536
-433
-361
-257
-127
3
135
244
348
433
552
692
811
895
971
1051
1155
1268
1357
1402
1432
1485
1556
1614
1647
1651
1636
1662
1697
1700
1663
1625
1575
1522
1503
1502
1416
1275
1206
1180
1130
1041
952
828
689
630
626
540
390
267
198
149
119
64
-61
-210
-272
-249
-251
-331
-443
-536
-593
-583
-576
-625
-746
-831
-854
-841
-836
-887
-992
-1087
-1106
-1088
-1084
-1145
-1257
-1357
-1363
-1315
-1316
-1375
-1450
-1518
-1528
-1462
-1407
-1462
-1555
-1550
-1459
-1374
-1325
-1305
-1327
-1307
-1170
-1007
-932
-920
-871
-775
-621
-446
-320
-268
-218
-92
84
272
384
432
482
612
790
944
1029
1048
1059
1147
1311
1424
1434
1399
1371
1398
1503
1598
1562
1423
1356
1383
1402
1385
1325
1185
1037
1017
1059
994
840
711
606
509
487
464
310
126
49
47
-5
-92
-187
-321
-437
-415
-372
-444
-581
-666
-687
-695
-654
-629
-721
-843
-817
-739
-717
-726
-729
-782
-814
-710
-615
-636
-692
-676
-659
-627
-522
-461
-523
-565
-492
-413
-376
-324
-292
-355
-365
-250
-146
-138
-133
-128
-144
-116
2
85
45
9
36
86
153
227
231
162
153
238
309
318
295
265
237
287
366
375
315
257
258
304
357
350
276
196
191
245
283
277
220
142
113
161
213
187
101
43
33
57
98
84
-13
-105
-95
-31
-28
-96
-175
-234
-246
-194
-168
-234
-356
-425
-400
-334
-303
-372
-490
-543
-493
-403
-372
-413
-477
-503
-426
-309
-244
-271
-318
-298
-174
-29
41
30
22
91
215
366
456
434
402
475
623
753
805
794
744
761
910
1037
1011
927
902
911
962
1031
1016
878
773
802
843
806
741
634
503
449
494
488
360
221
132
71
67
77
-24
-187
-249
-242
-273
-320
-356
-458
-578
-565
-509
-552
-646
-694
-728
-762
-720
-673
-757
-847
-829
-786
-781
-770
-760
-810
-820
-734
-693
-739
-732
-684
-682
-646
-535
-505
-564
-534
-421
-365
-336
-258
-235
-245
-157
-27
5
2
71
146
197
281
373
381
388
479
567
607
650
687
678
713
820
881
861
862
905
922
944
1002
993
934
939
994
985
943
936
904
844
839
866
824
736
685
662
630
600
563
482
392
359
358
322
254
171
93
45
40
9
-61
-137
-210
-266
-294
-301
-361
-468
-543
-563
-585
-622
-663
-736
-818
-858
-847
-860
-921
-985
-1023
-1048
-1054
-1052
-1066
-1111
-1144
-1124
-1086
-1076
-1094
-1095
-1080
-1043
-978
-910
-904
-914
-852
-744
-671
-623
-552
-501
-467
-374
-241
-174
-147
-67
25
92
182
278
320
350
454
562
621
659
706
748
804
883
937
943
949
976
1014
1067
1110
1108
1081
1079
1097
1106
1100
1080
1050
1017
1003
995
947
873
818
779
754
718
643
541
464
429
384
313
230
126
26
-29
-65
-129
-215
-311
-393
-445
-470
-523
-592
-641
-703
-772
-791
-782
-844
-920
-917
-905
-937
-946
-937
-977
-1024
-978
-922
-936
-955
-939
-942
-945
-892
-845
-860
-870
-822
-810
-819
-763
-707
-721
-724
-655
-631
-660
-614
-531
-529
-519
-435
-392
-407
-343
-238
-214
-195
-115
-69
-72
8
126
157
172
247
314
349
424
510
537
566
649
703
724
789
843
837
852
918
961
947
959
985
967
965
1003
1001
949
912
902
867
830
812
779
700
634
596
547
498
444
382
304
231
169
112
53
-8
-68
-129
-189
-246
-287
-323
-375
-428
-455
-475
-503
-524
-543
-570
-593
-590
-576
-587
-591
-579
-576
-580
-554
-516
-511
-511
-486
-457
-445
-419
-387
-384
-374
-337
-305
-300
-275
-232
-224
-225
-194
-163
-157
-140
-109
-104
-112
-76
-36
-32
-33
-5
5
-4
23
54
45
33
58
71
66
93
123
107
99
126
145
145
156
177
165
155
189
211
197
198
220
219
219
252
279
261
257
292
310
307
320
329
318
323
356
366
352
356
361
349
350
372
371
344
330
334
317
292
274
249
211
195
204
175
119
91
84
49
13
6
-22
-71
-95
-90
-101
-133
-144
-150
-164
-157
-135
-135
-145
-131
-99
-86
-77
-49
-28
-22
7
59
94
102
113
152
189
229
268
290
294
301
332
368
382
387
386
364
354
372
378
344
306
289
262
234
220
185
110
54
36
2
-56
-98
-138
-202
-257
-272
-292
-353
-406
-428
-452
-484
-499
-506
-537
-561
-547
-531
-528
-518
-500
-487
-473
-427
-381
-363
-346
-294
-243
-207
-164
-118
-79
-46
16
70
99
135
179
210
235
277
312
319
330
361
376
373
394
417
420
420
434
430
399
397
422
416
390
388
384
350
336
352
352
323
312
315
301
290
292
278
249
243
244
234
220
216
190
152
146
155
147
120
95
66
35
21
10
-22
-56
-79
-101
-135
-160
-184
-222
-262
-284
-303
-333
-363
-390
-422
-453
-469
-485
-508
-534
-556
-569
-586
-603
-618
-631
-640
-646
-648
-640
-647
-657
-656
-649
-630
-620
-609
-593
-580
-557
-526
-498
-465
-428
-398
-371
-332
-276
-228
-189
-145
-99
-58
-8
51
98
136
180
234
274
314
357
391
408
436
478
507
525
542
552
555
562
579
580
564
548
539
523
502
484
466
439
406
383
356
322
288
259
228
196
170
143
116
82
55
31
9
-6
-25
-50
-73
-90
-106
-124
-139
-149
-159
-168
-178
-187
-190
-189
-191
-195
-195
-199
-214
-224
-219
-214
-218
-220
-216
-225
-241
-243
-236
-236
-239
-243
-252
-260
-259
-258
-267
-283
-292
-293
-296
-297
-302
-313
-317
-313
-307
-302
-298
-307
-314
-303
-285
-274
-270
-265
-258
-247
-219
-188
-167
-155
-143
-120
-93
-65
-36
-14
5
30
58
88
110
129
149
175
205
228
240
242
252
270
293
315
325
327
326
329
343
354
356
355
348
344
342
342
337
328
318
309
294
283
279
272
260
251
238
223
206
191
183
174
159
144
130
115
100
90
79
69
65
55
46
37
29
20
16
13
5
-7
-13
-14
-15
-10
-11
-11
-18
-21
-24
-31
-34
-41
-53
-68
-72
-76
-88
-102
-114
-128
-141
-148
-156
-170
-189
-200
-214
-231
-243
-250
-261
-278
-285
-290
-298
-299
-298
-300
-308
-302
-296
-292
-283
-262
-248
-240
-229
-208
-182
-160
-139
-119
-96
-73
-45
-18
6
27
54
85
113
137
153
172
195
222
252
279
291
303
321
338
347
352
365
382
388
394
397
396
397
401
412
414
405
395
383
369
368
367
356
338
318
299
283
268
253
235
215
197
178
158
133
109
87
66
47
29
9
-15
-45
-65
-83
-101
-119
-135
-151
-171
-187
-201
-220
-240
-254
-267
-279
-291
-306
-321
-332
-339
-347
-355
-365
-370
-370
-367
-369
-372
-375
-374
-363
-354
-341
-334
-326
-310
-289
-270
-255
-245
-235
-213
-189
-159
-131
-113
-94
-75
-48
-24
0
19
36
56
76
94
110
130
148
163
179
189
200
208
217
232
243
248
254
257
265
267
267
274
274
272
270
270
267
263
260
257
248
240
236
226
218
207
191
178
168
158
145
129
112
97
83
71
58
41
25
9
-6
-21
-34
-45
-59
-64
-71
-79
-94
-108
-115
-118
-121
-129
-132
-137
-139
-138
-139
-145
-145
-142
-142
-140
-141
-146
-152
-153
-149
-145
-144
-142
-144
-143
-138
-136
-137
-140
-139
-137
-134
-132
-130
-129
-128
-126
-122
-120
-118
-114
-115
-113
-107
-107
-104
-102
-95
-91
-89
-86
-88
-88
-86
-85
-81
-81
-81
-80
-79
-78
-75
-69
-67
-65
-65
-60
-54
-46
-40
-39
-31
-20
-9
-3
-1
2
6
12
20
33
45
53
57
56
62
73
87
96
104
110
110
114
120
129
137
144
151
155
161
170
176
179
187
194
199
204
206
209
213
218
224
226
227
222
219
215
217
219
221
220
212
200
189
175
167
163
160
140
117
97
81
61
41
27
7
-19
-38
-51
-70
-91
-111
-128
-144
-157
-170
-179
-196
-211
-224
-238
-247
-253
-260
-272
-285
-292
-291
-287
-287
-291
-295
-295
-290
-279
-271
-268
-268
-269
-265
-258
-242
-228
-218
-206
-191
-176
-159
-141
-122
-105
-87
-67
-40
-15
5
23
39
59
80
102
118
129
141
156
178
196
214
223
234
241
250
262
267
274
280
285
286
282
283
283
284
283
286
282
278
274
270
265
260
258
254
247
239
232
221
213
203
193
180
163
147
133
122
106
91
75
56
32
11
-2
-16
-31
-50
-68
-89
-108
-121
-129
-140
-156
-171
-184
-191
-200
-209
-216
-221
-228
-228
-222
-222
-222
-221
-222
-221
-215
-207
-203
-202
-200
-190
-183
-176
-169
-165
-160
-150
-139
-130
-121
-114
-106
-99
-92
-82
-70
-60
-48
-40
-29
-20
-15
-3
7
18
29
36
47
58
70
79
87
95
104
107
114
121
125
130
131
130
129
129
134
137
140
137
132
130
126
124
121
120
117
116
111
105
99
96
93
88
83
77
70
64
62
59
53
47
40
36
30
27
22
14
9
0
-11
-17
-23
-30
-36
-43
-51
-57
-60
-61
-64
-70
-70
-72
-74
-76
-79
-79
-80
-81
-78
-81
-81
-77
-76
-74
-74
-74
-74
-72
-70
-66
-67
-64
-66
-67
-66
-65
-64
-62
-62
-60
-56
-58
-57
-55
-50
-46
-44
-39
-33
-24
-18
-10
-6
-2
2
7
10
14
22
28
34
39
43
47
51
54
61
63
63
67
65
66
68
68
67
67
63
59
60
59
58
56
53
53
53
52
50
49
49
48
50
50
49
47
43
39
37
35
34
31
27
22
15
9
4
-2
-5
-9
-15
-21
-33
-43
-51
-55
-59
-61
-62
-69
-76
-81
-82
-85
-83
-82
-82
-84
-84
-82
-81
-81
-77
-76
-75
-72
-67
-63
-61
-60
-58
-52
-47
-41
-38
-35
-32
-30
-25
-20
-16
-16
-18
-18
-9
-2
3
5
3
8
11
11
16
22
24
26
28
32
34
36
40
41
41
42
47
49
52
56
53
48
45
44
43
44
46
46
43
36
32
28
27
26
24
26
24
19
17
18
17
13
9
8
9
10
9
9
8
10
10
9
5
0
-2
-4
-1
-1
-2
-4
-4
-2
-3
-10
-16
-22
-26
-28
-28
-23
-24
-22
-22
-18
-17
-18
-16
-13
-10
-9
-7
-3
-1
1
3
8
9
9
8
11
12
13
18
20
22
24
23
19
17
16
14
10
7
6
8
11
12
12
12
7
6
3
4
8
10
13
15
15
17
18
20
23
25
25
21
19
19
19
18
17
14
9
2
2
4
4
-1
-4
-6
-10
-13
-14
-15
-20
-24
-26
-28
-30
-31
-30
-30
-30
-25
-24
-27
-25
-22
-22
-19
-11
-3
-3
-3
0
2
7
9
11
12
16
20
24
27
28
25
22
22
22
24
24
25
25
25
28
31
31
31
29
30
26
24
23
24
25
26
30
30
29
26
25
16
12
11
12
12
11
11
11
11
10
9
7
4
2
2
-1
-5
-5
-3
-2
0
-1
-7
-10
-11
-14
-13
-13
-11
-8
-9
-11
-13
-15
-19
-19
-19
-22
-24
-27
-29
-30
-31
-27
-28
-32
-35
-37
-37
-37
-34
-31
-31
-29
-26
-24
-25
-22
-19
-18
-14
-10
-5
-2
3
7
9
11
12
9
7
7
9
12
11
9
9
6
4
4
2
3
4
4
1
3
8
8
6
6
4
5
6
6
8
12
15
18
22
26
27
28
30
32
29
27
28
25
27
25
22
17
8
5
-1
-8
-13
-18
-20
-21
-21
-23
-28
-32
-40
-46
-51
-54
-55
-56
-56
-54
-50
-47
-45
-39
-38
-36
-34
-35
-34
-33
-24
-18
-16
-15
-12
-10
-11
-13
-15
-20
-21
-20
-22
-20
-21
-16
-15
-15
-14
-19
-18
-19
-19
-15
-13
-8
-4
-5
-6
-7
-6
-2
2
6
14
22
25
28
30
34
37
42
47
46
48
46
45
45
40
36
34
35
36
34
33
31
32
31
30
28
24
18
17
14
10
7
9
10
8
8
6
4
3
2
-2
-4
-8
-10
-8
-7
-5
-9
-15
-24
-29
-30
-33
-36
-39
-40
-40
-41
-40
-37
-36
-35
-34
-36
-36
-33
-33
-29
-25
-26
-28
-30
-28
-25
-19
-14
-11
-10
-8
-9
-7
-3
-2
-2
1
4
1
1
4
11
14
16
20
21
24
28
32
34
35
35
37
37
38
45
48
53
54
52
51
53
53
51
51
50
46
42
37
33
30
25
23
18
13
7
1
-3
-8
-10
-16
-19
-24
-25
-27
-33
-36
-38
-37
-37
-33
-30
-35
-34
-34
-33
-34
-36
-32
-32
-32
-31
-28
-28
-31
-28
-25
-22
-20
-18
-17
-19
-18
-15
-14
-12
-9
-7
-3
3
12
19
25
31
33
36
44
51
58
62
65
67
71
77
81
81
84
87
85
84
89
88
88
90
89
85
77
70
66
58
56
52
48
41
33
28
22
16
12
10
7
5
7
4
4
4
0
-1
-3
-4
-7
-12
-20
-26
-31
-34
-39
-44
-49
-55
-62
-71
-75
-82
-85
-92
-95
-97
-102
-105
-108
-105
-104
-105
-103
-96
-91
-89
-83
-78
-72
-66
-59
-52
-51
-46
-40
-35
-28
-16
-9
-3
5
13
16
16
21
23
21
23
29
31
31
34
41
41
40
43
46
49
52
59
63
69
75
83
85
87
91
89
89
89
91
95
95
93
94
90
91
89
82
74
69
63
58
51
48
39
29
22
14
4
-8
-19
-29
-38
-44
-49
-53
-56
-57
-63
-69
-77
-81
-85
-91
-90
-88
-92
-97
-96
-97
-96
-95
-95
-98
-102
-98
-94
-94
-92
-88
-85
-86
-86
-83
-88
-85
-76
-68
-62
-58
-53
-48
-44
-38
-35
-36
-32
-25
-23
-18
-8
4
9
11
17
20
23
26
30
35
38
44
48
46
52
56
55
54
57
58
60
64
66
69
69
70
70
66
71
76
79
81
82
85
87
88
91
90
84
79
75
68
60
54
51
43
41
39
29
23
17
7
-4
-14
-20
-29
-40
-46
-49
-55
-62
-67
-69
-76
-79
-80
-88
-85
-83
-79
-79
-81
-77
-80
-82
-75
-74
-78
-79
-69
-63
-61
-56
-51
-51
-55
-53
-50
-52
-48
-44
-40
-34
-26
-18
-18
-15
-12
-12
-12
-6
-1
-1
0
2
5
6
15
17
18
21
27
35
39
42
47
52
56
60
61
59
58
55
59
62
64
69
69
70
72
70
69
67
68
67
64
63
60
56
57
60
55
55
51
44
34
27
27
26
28
33
31
27
22
22
15
7
7
5
1
-2
-5
-8
-14
-19
-24
-29
-35
-36
-37
-42
-48
-47
-45
-40
-38
-37
-39
-44
-43
-44
-40
-34
-34
-33
-33
-26
-21
-20
-16
-18
-20
-19
-20
-19
-21
-16
-11
-4
-1
1
2
2
6
5
2
6
9
13
10
12
20
21
25
28
27
25
25
27
29
26
26
27
25
27
27
28
26
25
25
23
23
21
16
13
13
14
12
10
8
11
11
10
11
10
15
16
15
15
14
16
21
24
29
28
26
27
27
28
28
22
23
24
21
23
28
24
21
17
14
10
4
3
-1
-3
-4
-12
-15
-16
-20
-21
-30
-36
-37
-42
-41
-45
-46
-42
-44
