SAMPLES:	9782
BITSPERSAMPLE:	16
CHANNELS:	1
SAMPLERATE:	16000
NORMALIZED:	FALSE
-12
-7
4
-2
2
-8
-11
1
-8
-5
-6
-16
-12
-18
-9
-4
-8
-3
-12
-6
4
-9
-2
-6
-13
-5
-12
-9
-4
-12
-4
-5
-6
1
-7
-9
-4
-6
3
8
3
2
-6
-10
1
2
5
2
-3
3
-5
-8
-8
-9
8
1
-1
0
-10
0
-5
-2
10
5
15
11
-4
-3
-16
-3
14
6
15
8
1
8
-6
0
7
3
9
-2
-1
11
0
7
4
3
16
6
8
9
-1
4
-1
-4
0
-14
-9
-5
-7
7
-1
-4
5
-1
4
-3
-15
-3
-5
-1
7
-5
3
0
-4
2
-15
-9
3
-1
13
1
-3
8
-2
10
11
10
18
6
14
23
16
17
6
9
17
6
5
0
10
25
19
23
17
8
13
12
22
19
2
2
-7
-8
2
-4
-5
-11
-16
-6
-11
-12
-14
-24
-18
-16
-23
-26
-32
-33
-20
-25
-29
-28
-27
-15
-17
-29
-27
-33
-30
-14
-20
-15
-15
-24
-6
1
1
-3
-30
-20
-6
0
13
3
1
3
-3
5
6
9
15
12
16
19
20
24
19
8
11
11
11
13
10
24
34
25
17
2
3
8
9
12
11
8
4
1
2
12
17
12
5
2
3
0
-10
-15
-15
-10
-7
-8
-6
3
1
0
4
2
11
8
-2
0
-7
3
5
-2
3
-2
-6
-6
-8
5
7
4
0
-8
5
7
6
2
-4
8
9
0
6
-1
-4
-8
-21
-10
-15
-19
-7
-4
7
7
-3
0
0
2
9
4
4
4
-11
-11
-11
-8
6
-2
-1
4
-5
5
-1
0
14
11
25
24
13
28
24
31
41
26
32
23
14
21
6
13
14
4
19
17
15
19
8
19
26
20
17
8
9
18
4
-1
-6
-21
-19
-24
-23
-7
-7
-8
-15
-26
-12
-5
-6
-3
-15
-7
-1
-1
7
-4
-7
-5
-11
-5
-7
-10
-3
-12
-7
5
-1
8
4
5
26
21
10
-4
-13
-5
-8
-18
-15
-15
-7
-1
-7
-9
-18
-24
-15
-9
2
3
0
0
-13
-11
-4
-3
3
-4
-8
-4
-6
-4
-9
-11
-4
-4
2
8
12
20
21
24
23
20
16
6
6
12
10
8
2
1
7
9
3
-5
0
12
19
26
29
21
17
8
11
14
12
20
15
11
8
1
6
3
2
8
8
16
18
15
22
19
24
21
11
13
7
6
7
-5
-2
-1
-5
-1
-5
-3
3
0
3
2
1
13
11
10
7
-8
-16
-22
-23
-21
-26
-25
-22
-23
-20
-21
-13
-6
-10
-11
-23
-26
-23
-24
-8
-6
-9
-9
-24
-32
-33
-33
-18
-20
-19
-16
-30
-17
-12
-15
-8
-26
-20
-8
-10
7
3
-7
-4
-13
-3
0
-12
-3
2
5
18
17
20
22
13
20
32
37
48
48
50
57
48
45
45
47
54
44
45
55
56
62
51
44
53
61
79
80
70
69
60
66
72
63
62
47
35
34
22
26
18
6
10
3
1
-3
-12
-7
-10
-11
-13
-22
-26
-33
-44
-51
-57
-55
-52
-62
-73
-84
-86
-80
-81
-79
-81
-85
-81
-76
-72
-71
-80
-80
-76
-77
-80
-90
-95
-86
-82
-80
-81
-93
-89
-83
-82
-73
-77
-74
-68
-70
-57
-44
-41
-35
-43
-41
-28
-28
-24
-23
-26
-10
-9
-7
5
0
11
14
12
26
20
25
30
35
59
65
62
57
38
42
53
59
75
69
69
87
86
95
99
91
110
110
109
123
114
118
124
122
140
137
125
132
125
132
143
128
133
134
128
137
121
113
109
93
98
97
82
67
43
40
42
32
23
8
-8
-23
-45
-56
-57
-69
-81
-95
-112
-121
-131
-141
-148
-172
-197
-196
-198
-195
-200
-233
-241
-245
-248
-235
-243
-247
-240
-242
-217
-210
-214
-200
-197
-176
-160
-161
-142
-129
-116
-93
-89
-67
-44
-31
6
30
54
83
99
134
165
180
203
225
253
293
312
324
337
348
367
386
403
419
432
446
469
483
494
497
500
508
506
503
496
494
487
467
447
428
415
397
372
341
310
289
257
217
187
150
115
80
34
-1
-46
-91
-131
-178
-213
-242
-278
-305
-348
-396
-432
-474
-504
-541
-583
-608
-640
-669
-683
-701
-712
-728
-752
-764
-777
-782
-790
-803
-804
-805
-801
-791
-783
-766
-748
-731
-701
-673
-647
-609
-575
-532
-484
-444
-395
-345
-290
-225
-172
-115
-56
-2
67
128
180
245
310
381
451
505
565
625
681
740
786
831
887
935
979
1022
1052
1088
1117
1145
1182
1203
1215
1226
1230
1255
1268
1266
1270
1255
1248
1240
1207
1179
1143
1108
1076
1021
965
909
842
785
713
637
562
468
385
294
203
109
4
-106
-212
-321
-438
-549
-669
-786
-894
-1014
-1133
-1252
-1370
-1468
-1561
-1658
-1740
-1827
-1910
-1973
-2040
-2083
-2123
-2177
-2203
-2216
-2212
-2185
-2173
-2147
-2100
-2053
-1978
-1898
-1822
-1720
-1626
-1512
-1366
-1230
-1082
-940
-802
-637
-482
-319
-155
-13
143
295
436
582
704
828
956
1070
1192
1293
1385
1487
1564
1643
1726
1782
1845
1887
1915
1966
2005
2039
2071
2086
2111
2135
2143
2148
2146
2149
2159
2162
2163
2159
2140
2109
2066
2016
1967
1904
1828
1733
1622
1499
1349
1189
1034
865
703
519
296
79
-149
-373
-577
-803
-1030
-1270
-1523
-1754
-1979
-2178
-2346
-2531
-2710
-2884
-3044
-3144
-3226
-3284
-3325
-3379
-3399
-3387
-3353
-3271
-3195
-3113
-3004
-2899
-2749
-2587
-2433
-2259
-2099
-1930
-1729
-1544
-1346
-1152
-986
-799
-620
-452
-274
-110
47
203
338
475
613
716
823
921
1000
1094
1166
1231
1301
1338
1387
1447
1493
1553
1588
1612
1672
1716
1769
1822
1840
1891
1940
1973
2036
2072
2119
2176
2208
2256
2296
2322
2358
2368
2386
2411
2418
2429
2413
2386
2359
2313
2266
2204
2123
2019
1884
1728
1555
1386
1208
1013
803
568
328
64
-214
-475
-726
-964
-1221
-1505
-1782
-2052
-2300
-2537
-2764
-2946
-3118
-3285
-3421
-3540
-3612
-3650
-3688
-3686
-3656
-3590
-3477
-3355
-3212
-3045
-2878
-2676
-2455
-2222
-1977
-1756
-1537
-1300
-1065
-818
-584
-376
-168
9
171
324
454
596
714
817
902
948
981
990
984
982
980
969
936
887
844
815
788
749
717
691
669
675
675
678
700
708
735
785
829
895
945
989
1058
1119
1198
1275
1340
1430
1501
1567
1629
1679
1757
1827
1892
1958
1990
2025
2053
2066
2101
2115
2116
2111
2077
2050
2008
1932
1842
1727
1618
1507
1375
1218
1019
809
592
388
198
-18
-252
-519
-805
-1077
-1342
-1565
-1763
-1975
-2184
-2397
-2595
-2762
-2899
-2991
-3064
-3118
-3155
-3180
-3154
-3093
-3014
-2915
-2814
-2689
-2545
-2389
-2202
-2018
-1818
-1608
-1413
-1212
-1029
-849
-672
-520
-369
-235
-114
20
112
203
283
322
363
361
362
382
370
388
393
377
390
358
346
355
338
372
373
368
420
441
500
572
604
699
764
823
918
968
1064
1154
1224
1341
1430
1524
1632
1705
1805
1893
1964
2062
2126
2187
2262
2318
2375
2417
2439
2461
2469
2470
2461
2438
2393
2319
2228
2119
1996
1858
1699
1516
1306
1074
808
549
306
51
-210
-502
-821
-1139
-1463
-1770
-2037
-2297
-2533
-2757
-3001
-3204
-3371
-3508
-3596
-3681
-3737
-3763
-3769
-3711
-3633
-3526
-3373
-3241
-3080
-2896
-2724
-2495
-2270
-2054
-1818
-1615
-1389
-1151
-956
-749
-578
-433
-261
-129
14
152
240
327
379
423
484
519
548
566
555
553
545
529
529
518
505
506
500
504
514
513
534
576
605
662
691
729
809
855
928
1005
1050
1135
1204
1277
1379
1439
1529
1622
1696
1791
1848
1914
1990
2054
2141
2215
2276
2337
2384
2424
2458
2468
2472
2432
2371
2293
2203
2105
1980
1851
1678
1476
1271
1020
775
526
258
5
-280
-570
-863
-1173
-1447
-1726
-1982
-2213
-2458
-2665
-2868
-3053
-3169
-3273
-3316
-3320
-3342
-3313
-3265
-3195
-3052
-2922
-2762
-2599
-2458
-2268
-2063
-1854
-1620
-1422
-1229
-1037
-885
-716
-556
-427
-280
-167
-70
39
97
158
201
186
191
177
151
137
86
41
12
-32
-54
-68
-89
-103
-119
-141
-131
-103
-51
15
50
91
152
212
306
408
501
616
708
810
925
1031
1156
1258
1358
1476
1583
1703
1814
1923
2046
2165
2297
2423
2516
2610
2681
2760
2851
2914
2979
3011
3011
2977
2903
2846
2781
2690
2578
2421
2226
2003
1749
1521
1274
998
717
391
63
-265
-622
-952
-1285
-1593
-1891
-2203
-2459
-2713
-2922
-3081
-3246
-3330
-3413
-3478
-3463
-3474
-3409
-3311
-3237
-3062
-2943
-2805
-2588
-2462
-2251
-2043
-1893
-1633
-1470
-1305
-1074
-967
-783
-630
-548
-396
-328
-253
-156
-148
-106
-82
-94
-63
-79
-97
-109
-157
-177
-198
-210
-205
-198
-195
-188
-156
-131
-78
4
52
140
215
290
422
508
629
765
858
1013
1138
1264
1423
1541
1703
1868
1980
2130
2250
2378
2545
2656
2790
2927
3027
3164
3262
3369
3488
3546
3603
3630
3604
3566
3485
3377
3286
3132
2976
2799
2542
2289
1969
1641
1349
986
631
256
-174
-571
-1003
-1424
-1776
-2182
-2525
-2850
-3201
-3452
-3732
-3965
-4097
-4273
-4350
-4414
-4496
-4440
-4399
-4300
-4107
-3965
-3741
-3531
-3334
-3039
-2807
-2544
-2247
-2027
-1747
-1508
-1298
-1023
-821
-600
-398
-270
-84
48
147
266
281
318
351
314
343
328
309
356
339
351
320
231
246
242
264
309
293
328
353
372
456
538
617
725
814
933
1054
1129
1249
1380
1511
1653
1761
1872
1988
2087
2219
2357
2458
2579
2684
2784
2915
3000
3099
3197
3265
3352
3389
3420
3443
3381
3319
3221
3087
2954
2765
2566
2346
2038
1729
1377
1026
710
304
-76
-490
-960
-1384
-1856
-2280
-2658
-3071
-3413
-3756
-4086
-4340
-4577
-4752
-4852
-4951
-4969
-4942
-4913
-4793
-4678
-4515
-4267
-4053
-3779
-3487
-3191
-2841
-2522
-2194
-1861
-1575
-1257
-967
-704
-413
-206
-3
191
330
515
622
699
770
760
791
778
756
762
694
654
602
531
507
462
434
427
398
413
420
418
459
462
503
552
595
686
752
849
935
1018
1144
1270
1398
1516
1607
1694
1780
1853
1951
2037
2129
2225
2302
2403
2488
2578
2679
2741
2834
2898
2939
3006
2998
2970
2909
2777
2673
2539
2390
2250
2044
1817
1547
1228
951
647
338
22
-371
-718
-1121
-1550
-1909
-2295
-2607
-2912
-3223
-3485
-3786
-4014
-4187
-4308
-4342
-4383
-4377
-4324
-4258
-4110
-3949
-3750
-3507
-3315
-3057
-2802
-2539
-2223
-1998
-1711
-1418
-1163
-840
-588
-336
-117
12
163
291
440
619
731
805
799
719
678
645
645
672
625
556
455
345
295
244
232
208
161
124
101
98
100
158
195
268
373
459
614
718
800
919
987
1118
1263
1375
1564
1676
1762
1886
1942
2098
2253
2362
2562
2678
2818
2979
3053
3163
3225
3266
3364
3448
3532
3503
3319
3102
2855
2660
2567
2473
2319
2035
1591
1128
760
495
309
94
-238
-712
-1278
-1829
-2253
-2550
-2814
-3130
-3529
-3932
-4269
-4486
-4566
-4594
-4605
-4608
-4606
-4522
-4342
-4140
-3892
-3649
-3431
-3146
-2890
-2584
-2260
-2028
-1744
-1517
-1268
-943
-669
-368
-130
19
165
290
460
648
789
862
861
805
730
672
605
532
463
340
222
129
23
-14
-94
-162
-165
-232
-182
-130
-106
24
39
111
248
325
544
718
858
1064
1150
1293
1461
1570
1808
1971
2086
2248
2267
2370
2505
2592
2809
2937
3063
3243
3309
3438
3521
3537
3646
3708
3787
3879
3764
3563
3306
2968
2783
2658
2528
2360
1947
1402
846
388
157
9
-206
-573
-1172
-1854
-2422
-2815
-3004
-3174
-3489
-3906
-4406
-4830
-5018
-5048
-4980
-4919
-4947
-4937
-4853
-4677
-4375
-4098
-3832
-3546
-3301
-2944
-2554
-2240
-1957
-1784
-1577
-1251
-903
-505
-173
-6
116
212
334
595
798
938
1018
933
879
817
746
752
664
573
487
320
240
145
20
16
-12
-9
25
-22
-27
-58
-83
-25
44
157
253
335
426
519
645
770
944
1126
1262
1428
1547
1659
1779
1825
1948
2092
2196
2344
2423
2504
2663
2783
2969
3136
3190
3273
3334
3499
3725
3776
3702
3405
3063
2838
2691
2780
2789
2489
1958
1178
607
413
309
292
33
-630
-1361
-2079
-2472
-2500
-2601
-2901
-3485
-4181
-4604
-4747
-4652
-4471
-4514
-4690
-4853
-4848
-4529
-4166
-3852
-3592
-3429
-3181
-2800
-2386
-1992
-1761
-1652
-1406
-1051
-575
-102
107
222
270
302
538
828
1050
1179
1069
913
837
736
722
699
535
379
148
-50
-96
-182
-236
-291
-423
-496
-528
-561
-517
-505
-519
-420
-365
-221
-5
91
242
312
375
661
910
1222
1495
1507
1600
1678
1764
2040
2208
2329
2447
2448
2655
2889
3076
3334
3416
3535
3666
3726
3970
4168
4286
4416
4187
3851
3507
2959
2761
2843
2854
2807
2225
1349
636
138
166
384
321
-220
-1307
-2317
-2818
-2833
-2667
-2900
-3618
-4530
-5301
-5479
-5145
-4813
-4765
-5135
-5522
-5494
-5054
-4432
-3964
-3814
-3873
-3760
-3378
-2777
-2160
-1977
-1959
-1834
-1560
-922
-313
17
170
-3
-34
258
587
966
1047
831
701
548
517
638
569
467
279
32
-16
-90
-142
-177
-252
-228
-225
-200
-80
-113
-163
-146
-133
105
350
524
700
804
848
909
1115
1339
1622
1866
1924
2028
2172
2295
2475
2600
2625
2653
2649
2765
2995
3250
3480
3590
3662
3702
3706
3761
3881
4081
4310
4391
4239
3834
3295
2608
2190
2285
2435
2519
2119
1181
367
-216
-370
-143
-49
-473
-1458
-2613
-3299
-3221
-3045
-3271
-3935
-4915
-5673
-5764
-5297
-4755
-4495
-4812
-5240
-5236
-4812
-4254
-3862
-3693
-3577
-3302
-2728
-1962
-1467
-1456
-1644
-1798
-1491
-806
-296
52
116
-25
-139
-137
130
275
158
52
-16
-42
-24
-120
-130
-156
-195
-179
-460
-548
-549
-614
-455
-267
-278
-525
-630
-401
-199
-115
80
174
411
844
1218
1581
1593
1537
1686
1826
2255
2611
2591
2477
2442
2639
2886
3325
3575
3456
3443
3621
3916
4302
4684
4800
4653
4573
4547
4499
4552
4940
5217
5117
4572
3317
1607
-432
-1770
-1838
-1161
-651
-923
-2384
-4090
-4335
-3912
-3060
-1888
-2006
-3070
-3806
-3859
-3148
-2491
-2451
-3013
-3529
-3161
-2361
-1470
-884
-1357
-2209
-2679
-2474
-1533
-904
-1005
-1248
-1426
-1210
-600
-227
-516
-1352
-2018
-2226
-1910
-1125
-938
-1247
-1399
-1780
-2090
-2111
-2245
-2494
-2489
-2409
-2227
-1751
-1419
-1407
-1669
-1976
-2188
-2055
-1491
-853
-207
158
250
349
251
203
315
449
811
1155
1582
2037
2319
2613
2404
2106
2002
1813
2170
2674
2890
3178
3115
2730
2759
2746
2790
3007
3153
3524
4091
4492
4064
4313
4599
4508
5342
6307
6212
6211
6586
5422
5298
6230
5437
3786
1720
-2537
-6455
-6475
-4243
-2271
-1384
-2993
-7150
-8590
-6688
-4614
-1215
786
-706
-2332
-3152
-2788
-1985
-2063
-2927
-3404
-2559
-1088
99
-365
-2685
-5174
-6226
-5412
-2804
-610
-338
-797
-1197
-1196
-763
-298
-570
-1158
-802
-33
803
1633
1204
-191
-1605
-2636
-2858
-2463
-1824
-1365
-1304
-1857
-2571
-3038
-3206
-2973
-2221
-2155
-2237
-1472
-821
247
1049
999
-69
-884
-238
599
1870
2654
1773
708
41
194
882
1550
1830
1518
1284
1355
1757
1594
1273
883
706
1493
2431
3493
3852
3559
3327
3633
3960
4143
4712
4985
5708
6545
7203
6756
6231
6209
5623
5925
6205
6139
5787
5737
4807
2340
-434
-5964
-8799
-6521
-3165
13
370
-3183
-7919
-8045
-5436
-1898
2580
2285
-627
-2472
-3313
-2482
-2232
-3750
-5190
-5202
-3822
-1756
-1393
-3336
-5975
-7794
-7363
-4596
-1710
-508
-392
-477
-307
117
316
126
-34
432
1099
1627
1846
1203
-258
-1612
-2325
-2607
-2485
-2390
-2492
-2308
-2186
-2850
-3225
-3228
-2942
-1790
-994
-554
-39
12
407
667
342
-113
-916
-892
-326
260
863
596
39
-216
-161
710
1557
1960
2151
1828
1861
1867
1675
1585
1307
1578
2123
2537
3187
3682
3284
2924
3669
4019
4687
5934
5875
5672
5994
6264
6076
6395
7085
5428
5580
6252
5957
7107
6567
3903
1174
-4070
-8981
-7601
-3842
-362
1411
-1513
-7347
-8106
-5336
-2614
2367
4140
578
-1041
-2196
-3195
-2468
-4099
-6321
-5451
-3716
-1815
-436
-2535
-5864
-8138
-8570
-6562
-2967
-780
-292
83
55
-93
-206
-896
-1276
-558
803
2110
2143
1359
-102
-1955
-2630
-2989
-3445
-5454
-5355
-3347
-2377
-772
-804
-2929
-4189
-2509
-912
-127
1917
1464
230
975
-7
-959
-2052
-3473
-2477
-818
723
2128
1308
-322
-793
-752
421
2131
3470
4007
3482
3071
2187
957
645
481
1152
2355
2820
3013
2800
2681
3139
3683
3672
3858
4599
5640
7248
8512
7559
6409
5948
5538
6526
7206
6864
6079
6380
5238
3247
1310
-5189
-10270
-9513
-5959
-683
2057
-796
-6646
-8062
-5296
-2231
2801
4146
789
-682
-1452
-2223
-2049
-4203
-6860
-6439
-4507
-2353
-1139
-2935
-6215
-8304
-8341
-6156
-2773
-529
129
643
1006
909
683
-125
-650
-55
1024
2065
2115
801
-1140
-2439
-2929
-3090
-3076
-3532
-3564
-2940
-2162
-2026
-2788
-3127
-3165
-2589
-1136
-440
-581
-636
-603
-206
259
-152
-1199
-1820
-1573
-724
248
835
611
345
551
959
1946
2410
2424
2487
2054
2020
1801
1138
666
524
1181
2096
2484
2728
3025
3039
4014
5181
5786
6379
6704
6757
7101
7436
7104
6838
6471
6232
6226
5862
5584
5154
5347
5987
4860
2857
-3626
-11052
-10893
-5899
-9
3318
512
-7002
-8792
-4722
-1212
3938
5213
165
-1986
-2330
-2978
-2327
-4257
-7832
-7630
-5394
-2746
-36
-1628
-5462
-7839
-8148
-5725
-1983
-9
309
742
1073
951
761
-168
-970
-659
199
1055
943
-256
-1676
-3139
-3544
-3568
-4608
-4704
-4106
-3468
-2094
-1576
-2557
-3396
-3086
-2644
-1502
-460
-1161
-1233
-923
-1024
-651
-1263
-2014
-1897
-1529
-68
1521
2067
1875
829
502
1258
2247
3415
3481
2927
2653
2069
1925
1730
1664
2006
2125
2984
4015
4239
4240
4223
4074
4900
5889
6618
6754
7644
7964
7257
6969
6118
5929
6296
7286
7366
6820
6387
5536
4550
3091
-286
-7930
-11511
-7967
-3533
729
964
-5447
-9659
-6670
-2946
1639
5674
2765
-846
-1812
-3389
-3177
-3816
-6795
-7691
-6205
-4316
-1247
-1016
-4298
-6843
-8043
-6932
-3230
-514
551
1519
1626
1578
1559
342
-703
-681
-211
990
1275
405
-517
-1554
-3462
-5052
-5417
-5838
-4545
-2735
-2000
-1922
-2109
-2402
-2763
-1552
-594
-989
-802
-1168
-1515
-1226
-1431
-1523
-2056
-2434
-1811
-1034
-28
1160
1189
548
312
587
1227
2108
2689
2545
2150
1648
990
1046
1296
1342
1470
1349
2166
3283
3785
4102
4304
4340
5013
6261
6685
7024
7773
7828
7972
7552
7857
7879
7412
7672
6802
6694
7314
6955
4461
-954
-8938
-12776
-8779
-1957
1386
179
-6596
-10339
-6000
-1869
2365
5397
1845
-1505
-1918
-3066
-2562
-3315
-6870
-8090
-6283
-4171
-1647
-2198
-5383
-7024
-7284
-5895
-2539
-666
-105
967
1122
1297
1654
612
-335
-125
420
1276
1624
413
-565
-1112
-2182
-3255
-4605
-5352
-5416
-4715
-3062
-1872
-1324
-1229
-1747
-2172
-1241
-545
-442
572
366
-478
-710
-1621
-2000
-2238
-2366
-1367
-567
240
978
635
308
726
854
1383
2129
2134
2138
1744
1164
850
533
650
933
1417
2091
2976
3500
3224
3407
3736
4820
6090
6018
6575
6947
7202
8719
9568
9326
9091
8730
6965
7206
8105
6708
5268
2389
-6496
-12520
-10532
-5585
98
1474
-4754
-9943
-7104
-2722
1549
5478
3918
25
-1389
-2867
-2530
-2017
-4923
-7248
-6414
-4745
-2131
-1784
-4993
-6970
-7578
-7076
-3835
-1070
-481
-14
43
234
1428
1743
771
101
302
1044
1473
725
-219
-1110
-2044
-3280
-5092
-5993
-4989
-3841
-2936
-1626
-2273
-3132
-1971
-1031
138
835
-179
-737
-551
-434
-315
-580
-677
-721
-1138
-889
-286
136
344
608
822
749
1685
2828
2853
3091
2420
1326
1015
546
1017
1361
1164
1386
1683
1944
2783
3320
3246
3793
4833
5564
5856
6880
7051
7398
8751
9651
9387
9066
8251
7110
7633
8609
6243
3073
-1394
-9831
-11982
-7569
-2667
504
-1286
-8754
-11371
-6332
-1627
3163
6091
2949
70
-1267
-3310
-3008
-3241
-5617
-6171
-4925
-3716
-2012
-3848
-7466
-8400
-7696
-5228
-1474
35
-28
-30
-820
-250
1441
1804
1962
1531
744
802
99
-1485
-2315
-2251
-2396
-2475
-3387
-4876
-5507
-5291
-3811
-2272
-1455
-1160
-727
179
603
-219
-1390
-1697
-951
-185
287
320
-417
-1322
-1673
-1504
-555
330
743
1400
1144
1125
1702
2147
2972
3173
2676
2103
1577
1418
1143
772
945
1148
1546
2842
3289
2971
3409
4182
5064
6216
7632
7918
8302
8678
8421
8971
10936
11471
9052
8277
7075
4485
3085
-1242
-9373
-10910
-6282
-1924
712
-2144
-10927
-12923
-6744
-1036
5195
7700
2869
-1601
-3931
-5203
-2927
-2486
-4422
-4641
-4190
-3438
-2702
-5742
-8940
-8968
-7759
-4227
272
1105
82
-1343
-2385
-778
1077
2065
2799
3291
3492
2281
-378
-2848
-3711
-3416
-2627
-1497
-2090
-3968
-5382
-6097
-4760
-2376
-1235
-396
1012
1694
1408
102
-1083
-1476
-1371
-958
-247
464
444
-356
-938
-1009
-621
-91
-8
596
1406
1530
1977
2369
2271
2470
2404
2107
2316
1733
822
398
496
495
1060
1711
1668
2329
3341
3809
4310
6295
6358
5990
7647
8478
9329
11605
11101
8981
9385
9402
6365
3894
-843
-10139
-12218
-6403
-802
2416
-1020
-12214
-16183
-9091
-1809
4994
7809
2917
-1770
-3816
-5098
-2719
-1628
-3802
-3957
-3296
-2495
-2137
-6865
-11640
-11633
-8795
-3811
725
1284
-563
-2674
-4272
-2885
1
1684
2833
3695
3793
3330
486
-3254
-4325
-3484
-2262
-1037
-1094
-2529
-4295
-5691
-4860
-2896
-1019
753
1719
2237
1824
-18
-1518
-1273
53
1143
1593
1682
1453
532
-130
-233
53
713
1209
1314
1493
1992
2118
2029
2340
2578
3266
3816
3899
3479
2258
1438
1035
831
814
1220
1364
1992
2197
2630
4003
4898
5500
5885
6676
7916
10219
10959
9307
8267
7473
6796
6382
3632
-4920
-12178
-10977
-4099
2418
1865
-6877
-16151
-14375
-5593
1981
7464
6266
-928
-5221
-5858
-3723
-244
-325
-2714
-3244
-2278
-1317
-3577
-9059
-12311
-11243
-7305
-2153
1159
-113
-2885
-4509
-4237
-1285
1688
2513
2792
3309
2704
282
-2155
-3507
-3927
-2679
-1091
-645
-1675
-4148
-6863
-6752
-3747
-647
1250
2273
2105
690
-550
-1267
-1188
284
1600
2430
2723
2309
1205
26
116
965
2256
2791
2603
1582
1463
2378
2329
2498
3177
3564
4078
4791
3910
2851
2665
2118
2452
3366
3180
2789
1943
2101
2858
3591
4161
4113
4717
5757
8326
10628
9594
7438
6821
7378
8307
6702
-479
-9700
-11190
-5201
1435
3566
-3600
-14861
-17417
-10335
-1092
5950
6192
-207
-6425
-7365
-4435
-498
244
-2111
-3390
-2463
-851
-1929
-6495
-10236
-10607
-7503
-2762
-200
-1565
-5390
-7401
-5689
-1504
2121
2785
1779
1450
1714
1364
-660
-2760
-2662
-970
338
111
-1942
-5044
-6167
-5136
-3236
-1725
-709
-205
147
910
761
-241
-501
69
821
1523
1767
1529
702
389
1221
2550
3431
3656
2824
1593
1589
2032
3000
3962
3914
3685
3633
3676
3992
3404
3039
3491
3891
3978
4073
3546
2476
2351
3076
3861
4653
4815
4183
5022
6705
8330
9080
7944
6655
6727
6968
5935
3697
-3758
-11893
-10870
-4397
1899
3021
-6105
-17658
-17254
-8339
560
7113
5559
-3144
-8771
-8712
-4775
620
1458
-1686
-4057
-3946
-2410
-3150
-6660
-8425
-7590
-4779
-1262
-74
-2565
-6061
-7050
-4735
42
3251
2694
728
-182
-337
-610
-775
-542
240
-714
-2215
-2116
-2747
-3767
-4087
-4614
-3835
-1355
-806
-972
275
783
221
223
761
1173
1126
794
619
627
1266
1742
1465
2254
3413
2908
2008
2033
2587
3334
4846
6064
5904
4696
3269
2247
2781
3931
4853
4677
4051
4195
3202
2496
2578
3954
5066
5558
5581
5168
5532
6936
8911
8211
6831
7063
6592
6686
6088
433
-8706
-11298
-6424
-446
2418
-3081
-15303
-19313
-11269
-2470
4214
4987
-2647
-9478
-9453
-4920
1150
3001
-389
-4688
-5781
-3826
-2334
-4272
-7005
-7364
-5801
-2577
-217
-1740
-5111
-6478
-5386
-1880
1652
1761
-196
-1620
-1715
-1832
-2636
-1966
-503
-19
-438
-2368
-4882
-4927
-2786
-994
216
-510
-3406
-4599
-2717
-194
1420
1493
762
565
1237
1848
1485
981
933
1275
2304
3250
3601
2898
2117
2664
3417
4123
4806
4924
5143
5384
5684
5395
4769
4500
4568
5037
5669
4533
3033
2498
2553
4018
4966
5375
5204
5051
4012
5272
7361
9168
10246
9204
7419
5587
3557
832
-3041
-5875
-3716
-1050
-1519
-6265
-13933
-17627
-11211
-3465
530
678
-5112
-11431
-10965
-5673
390
3836
919
-4282
-6628
-5510
-2992
-1912
-3164
-4644
-4889
-4152
-2679
-2769
-5107
-5750
-4127
-1774
538
110
-2070
-3070
-2821
-2392
-1976
-1938
-1988
-1947
-1893
-2035
-3271
-4797
-4751
-2713
-390
484
-967
-2968
-2832
-1504
-185
1053
1222
824
815
1047
1802
2092
1679
1982
2928
4233
4889
3873
2842
2719
3105
4581
5894
6418
6272
5505
5354
5478
5676
6299
6915
6659
6782
5994
4689
4760
4669
4234
4904
5908
5422
5129
4826
4710
6060
8089
8227
7163
5724
2987
53
-3499
-3856
-1264
-216
-2686
-8183
-14004
-12894
-7289
-4193
-2593
-4060
-9130
-11246
-9065
-5329
-668
291
-2933
-5592
-5619
-4059
-2124
-2399
-3651
-4188
-4588
-3481
-1559
-1401
-2595
-3391
-3126
-1369
-133
-822
-1980
-1843
-1831
-2344
-2491
-2607
-2173
-1722
-2350
-2842
-3274
-3924
-3036
-2274
-2311
-2491
-3582
-3672
-1828
-605
-299
-718
-1285
-792
706
2061
3234
3577
2682
2305
2901
4087
5028
4751
3546
3044
3233
3821
4980
5784
5988
5919
5556
5086
5616
6352
6499
6900
6415
6120
5362
4715
4744
5216
5638
6368
6056
4914
5261
5583
5810
7508
7619
4583
4048
2663
-2114
-3010
-636
-712
-796
-5025
-12576
-13246
-7419
-3725
-2188
-3532
-9260
-12304
-10159
-5887
-1211
-135
-3967
-7537
-8183
-5293
-1301
-1102
-3049
-4600
-5917
-4484
-1341
-545
-1423
-2873
-3782
-2048
162
641
164
-697
-1588
-2512
-2980
-1737
-518
-1059
-2304
-3297
-3412
-2839
-2443
-2622
-2528
-2944
-3961
-3747
-2711
-2209
-1986
-2318
-2097
-787
-43
220
785
1419
2501
3661
4394
4864
4883
4635
4598
4947
4766
4372
4422
4396
4458
4615
4568
4800
5429
6249
6498
5886
5495
5749
6332
6711
6729
5260
4705
5644
5715
5978
6955
6284
5347
7106
6846
4553
3874
2319
-1814
-1912
357
716
281
-4082
-11552
-13103
-7259
-3087
-2071
-3358
-8741
-12908
-10240
-5484
-1315
-209
-4510
-8696
-8553
-5294
-1544
-659
-2914
-5466
-6781
-5066
-1306
832
-300
-2428
-3500
-2482
107
1325
705
-442
-1851
-2484
-1368
-133
543
110
-1701
-2506
-2202
-2589
-2520
-2027
-2050
-2080
-2581
-3558
-3761
-3100
-2869
-2766
-2498
-2520
-2502
-1912
-713
1011
1977
2110
2311
2610
3758
5072
5495
5492
5296
5035
5384
6185
6232
5599
4865
4399
5148
6480
6462
5722
4708
3838
4896
5936
5323
4947
5640
4793
5467
6202
5577
6004
7291
6522
6276
6837
4410
4093
2243
-2604
-2100
1381
274
-1834
-7010
-12990
-9841
-4492
-3700
-2782
-5249
-11368
-11313
-7459
-4355
-1608
-3603
-8474
-8510
-6351
-3744
-1661
-3497
-6052
-6568
-5812
-2822
220
-1398
-3682
-3903
-3297
-196
2021
1241
537
-792
-2428
-1434
174
845
841
-552
-1781
-1328
-1252
-1639
-891
-998
-1493
-1612
-2331
-2368
-1827
-2089
-1928
-1863
-2231
-2164
-2151
-1518
-151
497
827
1359
1786
2561
3752
4554
4641
4259
3876
4559
5993
6565
5897
4861
4052
4412
5477
6423
7016
5621
4267
4220
4044
4990
5433
4019
3065
4794
4610
4914
5864
4092
4473
6932
7538
5994
5204
3081
30
-1904
295
1998
888
-2160
-8470
-12040
-6884
-2686
-4082
-4563
-7615
-11916
-8848
-3977
-3314
-2903
-6048
-10264
-8111
-3558
-2274
-2902
-5348
-7840
-6328
-3762
-1272
-200
-2837
-5244
-4678
-2286
1342
2533
29
-1005
-1907
-1950
691
2033
1427
762
-1526
-2594
336
1255
425
-204
-2125
-3024
-1626
-1402
-1112
-788
-2471
-3140
-2228
-978
57
-308
-1386
-1186
-478
386
1859
2938
3320
3819
3691
3427
4056
4207
4504
5454
5507
5077
5080
4941
5255
5973
5401
4743
4862
4924
5406
5557
4664
3407
3324
3566
4235
5905
4514
2022
3241
3463
3935
6832
5682
2672
4063
161
-3820
1657
2370
-1260
-2146
-7242
-11308
-4224
-2012
-5124
-4530
-8227
-12146
-6888
-3222
-4051
-3720
-7714
-10527
-6713
-3287
-2545
-2984
-6602
-7968
-5704
-3380
-559
-243
-3622
-4803
-3423
-2150
873
1249
-952
-1305
-1554
-1487
364
1244
963
701
-963
-732
760
726
778
284
-1356
-1459
-1235
-1623
-807
-896
-2248
-2722
-2457
-2281
-1114
-701
-1020
8
519
744
1784
2055
2709
4079
4219
3972
3932
3787
4400
5385
5671
5689
5261
4748
5067
5722
6271
5828
4879
5119
5184
5130
5772
5120
4576
4608
3358
3692
4722
3858
3951
4596
2581
3784
4756
2457
3394
3263
-1994
-1750
929
-1290
-573
-2025
-8719
-7581
-2843
-4860
-4105
-4308
-9217
-8370
-4778
-5108
-3749
-4198
-8977
-8395
-5350
-4381
-3632
-4874
-6847
-5382
-3984
-2820
-1163
-2088
-3656
-3242
-2312
-265
778
-975
-1685
-1333
-1488
-423
396
303
477
-808
-1248
371
660
380
557
-500
-844
-425
-1205
-999
-380
-1570
-2014
-1806
-2180
-1696
-1206
-1388
-423
300
382
1314
1787
2359
3502
3651
3896
4575
4433
5010
5634
5306
5487
5438
4884
5312
5677
5514
5416
5139
4880
5100
5078
5043
4975
4276
4041
3838
4136
5022
4823
3504
3517
3122
3998
5147
4191
2246
2105
341
-1440
137
184
-874
-2199
-5106
-7188
-3517
-2227
-4417
-5408
-6903
-7585
-4953
-3197
-4493
-5242
-7420
-8453
-6000
-3775
-4591
-6087
-6921
-6484
-4847
-3402
-2863
-3099
-3809
-3960
-2200
-103
627
-482
-1523
-1448
-638
205
255
240
-251
-1286
-1465
-74
655
772
504
-522
-698
-211
-79
156
172
-914
-1699
-1697
-1223
-951
-850
-1296
-1611
-1119
-376
857
1813
2053
2103
2680
3406
4205
4517
4519
4870
5065
5217
5627
5816
5621
5973
5744
5248
5193
5166
5104
5359
5561
4275
4182
3834
3716
4456
4309
4114
3149
3068
3594
4476
4534
4502
3085
1282
2581
741
-1268
-252
-453
-2670
-2755
-4869
-6715
-2468
-2875
-6197
-5625
-5984
-7285
-4138
-3643
-5881
-5252
-6881
-8102
-4550
-3694
-6054
-6415
-6966
-6588
-4371
-4015
-4442
-3992
-4962
-4383
-1692
-486
-536
-1447
-2206
-684
1000
537
146
-747
-1751
-1392
-728
80
630
-599
-1787
-1291
-895
-300
-31
-454
-602
-956
-1607
-1401
-927
-1175
-1417
-1754
-1552
-545
-9
477
995
1146
1719
2794
3704
4410
4858
4413
4427
5233
5525
6075
6484
6093
5786
5531
5236
5951
6106
5602
5359
4538
4615
4437
3675
3675
3710
2686
3009
3908
3111
3998
4553
3228
3196
4037
2408
2794
4057
-676
-1975
383
-696
-1355
-1524
-5772
-5599
-1719
-4139
-5348
-4383
-6603
-6448
-3151
-4089
-5593
-5917
-7948
-6588
-3320
-4295
-6384
-6774
-7107
-5762
-3668
-3815
-4394
-4689
-5062
-3210
-1103
-1071
-2014
-2248
-1370
158
700
-280
-989
-1404
-1247
-246
323
18
-1017
-1731
-1013
46
40
-584
-1089
-1171
-853
-1034
-1235
-1164
-1605
-1980
-1759
-1157
-713
-634
-284
-112
205
998
1821
3049
3725
3373
3203
3894
4985
5772
5757
5396
5027
4880
5075
5782
5844
5230
4963
4344
4916
5056
4608
3920
4158
4139
2925
3076
3290
3484
3175
3858
3350
4187
4796
3367
2430
3389
3215
399
-79
20
360
679
-1016
-4712
-4262
-2265
-3386
-3529
-3860
-5634
-5249
-3701
-4339
-4415
-5006
-6628
-6060
-4178
-4628
-5897
-6532
-6527
-5419
-4367
-4325
-4399
-4345
-4550
-3691
-2092
-1278
-1287
-1482
-1537
-458
-50
-434
-427
-641
-812
-646
40
-106
-415
-1264
-979
24
421
-115
-1251
-1548
-1095
-431
-730
-1253
-1960
-1995
-1570
-1050
-1028
-1160
-699
-198
890
1927
2201
2356
2474
2672
3741
4326
4242
4337
4190
4022
4744
4824
4596
4579
4156
4058
4669
4985
4644
4653
4230
4027
4145
3837
3788
4080
3118
2872
3263
3022
4141
4506
3393
3309
3716
2936
3754
3789
405
-292
886
1313
1536
273
-3635
-3673
-1423
-2088
-2350
-3021
-4885
-4778
-3165
-3660
-4173
-5373
-7300
-6271
-4051
-4322
-6084
-7480
-8075
-6209
-4186
-4065
-4250
-4757
-5111
-3413
-1498
-1183
-2011
-2609
-1938
-151
678
-303
-1651
-2073
-1326
-45
987
439
-756
-1010
-348
603
672
-405
-1213
-891
-357
-227
-867
-1763
-2234
-1708
-884
-493
-392
-470
-165
614
1319
1702
2195
2781
3211
3336
3096
3032
3280
3679
3930
3896
3531
3322
3548
3745
4386
4173
3865
4076
4326
4512
4756
4122
3593
3852
3479
3800
3702
3431
3504
3647
3337
3299
3486
3478
3705
3254
2832
2610
1339
320
979
1401
964
-136
-2298
-2599
-936
-1654
-2561
-2818
-3698
-3631
-2937
-3906
-4538
-5064
-6678
-5901
-4299
-5226
-6636
-7406
-7603
-5997
-4898
-5299
-5117
-4781
-4943
-3850
-2248
-2178
-2732
-2930
-2215
-516
-43
-1306
-1951
-1613
-1118
-248
123
-211
-682
-1115
-598
423
310
-589
-1210
-956
-171
-250
-876
-1173
-1339
-1172
-554
-279
-28
-51
58
919
1746
1886
1762
2011
2533
2897
2962
2826
2810
2860
2862
3123
3483
3226
2904
2718
2804
3389
3426
3491
3397
3817
3616
3897
3561
3312
3579
3445
3801
3600
3494
3113
3693
3537
4199
4262
3472
3047
2987
3181
3114
1674
616
979
1439
1200
-114
-1401
-1561
-1218
-1590
-1623
-1950
-2852
-3724
-3589
-3748
-4123
-4998
-6208
-5733
-5078
-5850
-6577
-6760
-6903
-6199
-5471
-5027
-4616
-4945
-5210
-3773
-2266
-2147
-2326
-1966
-1151
-412
-539
-1259
-1111
-555
-369
290
667
141
-491
-598
-216
378
230
-451
-420
-132
-46
-126
-478
-709
-727
-529
-37
355
227
93
346
792
1364
1687
1970
2055
2038
1956
1858
2016
2100
1749
1879
1903
1826
1998
1943
2062
2264
2273
2348
2834
3027
3209
2977
3079
3011
3100
3400
3329
3139
3099
3228
3474
3801
3736
3909
3749
4104
4095
3909
4007
3551
2159
1596
1877
1900
2092
1265
-474
-965
-719
-1171
-930
-1001
-2111
-2829
-3230
-4027
-4201
-4457
-5627
-6125
-6027
-6546
-6974
-7085
-7354
-7001
-6251
-5979
-5599
-5022
-4918
-4328
-3370
-2756
-2325
-1913
-1454
-833
-636
-815
-948
-808
-198
201
443
508
28
-250
51
487
980
766
238
222
371
391
330
207
237
260
207
237
432
657
666
804
1117
1284
1456
1629
1540
1461
1279
1174
1254
1291
1323
1076
1008
1030
1053
1407
1646
1969
2210
2169
2253
2585
2710
2876
3079
3081
3103
3123
2878
2792
3259
3261
3350
3825
3998
4090
4377
4364
4619
4845
4635
4325
4353
3768
2798
2558
2492
2508
2225
1121
167
-274
-952
-1188
-1019
-1327
-2333
-3622
-4733
-5117
-5441
-5959
-6311
-6433
-6991
-7802
-7999
-7683
-7162
-6717
-6435
-5844
-5163
-4871
-4376
-3565
-2976
-2739
-2342
-1662
-918
-654
-815
-925
-775
-518
-61
518
885
734
405
474
837
1135
1348
1423
1437
1346
1059
999
1141
1001
821
854
787
943
812
577
717
420
336
477
472
564
268
-91
-17
-72
-159
-122
-199
-100
-93
1
275
459
563
648
858
1212
1314
1256
1346
1416
1282
1295
1413
1455
1716
1796
1976
2410
2645
2775
3284
3733
4145
4567
4756
5103
5451
5445
5350
5258
5012
4668
4596
4591
4242
3975
3444
2806
2418
1754
1062
764
157
-586
-1457
-2374
-3167
-3864
-4488
-4995
-5470
-6051
-6603
-7023
-7040
-6989
-6894
-6731
-6483
-6191
-5853
-5418
-5093
-4772
-4436
-4144
-3606
-3165
-2965
-2827
-2728
-2373
-1791
-1302
-832
-435
-232
157
487
991
1456
1611
1615
1608
1566
1469
1464
1349
1162
1014
694
368
268
48
-239
-305
-506
-649
-704
-942
-964
-872
-1080
-1160
-1203
-1260
-990
-848
-764
-422
-134
166
629
778
1119
1461
1501
1812
2037
2313
2637
2806
3006
3234
3313
3471
3881
4296
4808
5113
5415
5873
6103
6391
6490
6505
6654
6366
6093
5818
5299
4820
4382
3924
3619
3067
2397
1688
898
318
-177
-729
-1176
-1883
-2712
-3379
-4140
-4706
-5255
-5828
-6142
-6572
-7000
-7178
-7289
-7146
-7000
-6856
-6553
-6362
-6104
-5777
-5387
-4924
-4533
-4064
-3645
-3287
-2869
-2665
-2258
-1681
-1272
-699
-207
168
595
820
968
1285
1510
1588
1733
1656
1421
1279
1089
927
806
548
252
-22
-275
-443
-650
-746
-777
-818
-779
-843
-871
-874
-865
-730
-579
-321
-80
25
196
403
621
942
1241
1531
1862
2032
2215
2405
2685
2954
3070
3349
3618
3774
3972
4048
4317
4654
4730
4900
5111
5252
5427
5409
5385
5407
5277
5155
4963
4699
4348
3743
3206
2820
2461
2235
1773
1181
659
55
-407
-679
-1007
-1289
-1744
-2420
-2886
-3449
-3906
-4225
-4625
-4899
-5282
-5727
-5983
-6079
-6066
-5958
-5813
-5655
-5495
-5302
-4959
-4613
-4248
-3865
-3576
-3084
-2644
-2372
-2042
-1823
-1615
-1197
-794
-356
-50
-50
80
229
455
699
631
592
475
250
185
73
-66
-255
-594
-740
-807
-1001
-1093
-1185
-1215
-1133
-1175
-1173
-1077
-1006
-932
-891
-878
-775
-635
-507
-303
-110
42
230
536
914
1291
1610
1849
2107
2433
2751
2992
3282
3498
3735
3965
4029
4111
4152
4218
4417
4621
4745
4770
4741
4762
4840
4890
4949
4934
4848
4756
4562
4336
4093
3793
3489
3285
3007
2647
2199
1605
1073
625
211
-97
-493
-1064
-1614
-2194
-2737
-3190
-3599
-4055
-4473
-4830
-5267
-5490
-5640
-5845
-5820
-5851
-5828
-5612
-5461
-5204
-4915
-4734
-4435
-4060
-3687
-3314
-3000
-2729
-2479
-2205
-1884
-1532
-1216
-1001
-847
-793
-702
-544
-470
-380
-354
-445
-471
-444
-419
-419
-515
-559
-633
-670
-666
-701
-653
-637
-665
-589
-537
-419
-359
-413
-301
-291
-225
-96
2
230
433
575
743
967
1289
1623
1934
2172
2312
2482
2613
2759
2932
2983
2963
2969
2939
2931
2927
3006
3057
3051
3102
3133
3349
3548
3621
3811
3950
4023
4133
4187
4292
4339
4226
4105
3982
3864
3633
3359
3148
2927
2650
2321
1869
1372
982
526
135
-258
-883
-1537
-2141
-2749
-3173
-3639
-4100
-4453
-4888
-5185
-5390
-5521
-5601
-5725
-5739
-5598
-5504
-5299
-5113
-4928
-4608
-4405
-4178
-3844
-3563
-3230
-2903
-2688
-2366
-2089
-1758
-1384
-1159
-908
-680
-496
-288
-117
24
114
150
146
141
248
331
220
172
118
52
94
21
18
22
3
11
28
79
75
95
121
137
201
287
297
402
461
510
657
673
716
799
841
970
1023
1064
1217
1291
1409
1456
1502
1721
1870
2017
2165
2289
2514
2812
3093
3332
3563
3748
4016
4333
4597
4901
5079
5229
5333
5381
5433
5398
5202
5009
4773
4495
4204
3699
3305
2811
2230
1666
987
407
-110
-763
-1341
-1987
-2666
-3225
-3804
-4367
-4779
-5179
-5562
-5874
-6199
-6332
-6450
-6502
-6453
-6401
-6263
-6062
-5829
-5490
-5074
-4763
-4407
-4030
-3647
-3185
-2748
-2343
-1942
-1580
-1170
-870
-556
-260
-55
244
406
506
661
715
783
817
719
729
699
625
607
474
380
228
62
48
7
-6
-102
-213
-269
-384
-420
-426
-458
-406
-397
-367
-295
-271
-153
20
138
283
402
526
717
889
1065
1257
1431
1637
1840
2062
2252
2425
2643
2879
3137
3417
3670
3892
4144
4383
4625
4834
5027
5175
5289
5463
5520
5510
5583
5493
5327
5208
4862
4583
4250
3773
3468
3057
2504
1981
1329
764
275
-339
-827
-1430
-1989
-2528
-3167
-3636
-4130
-4629
-5027
-5438
-5719
-5962
-6291
-6400
-6493
-6524
-6392
-6283
-6049
-5850
-5668
-5354
-4973
-4568
-4210
-3873
-3423
-3052
-2669
-2267
-1918
-1504
-1162
-830
-450
-183
90
300
441
676
785
892
984
951
954
880
774
736
564
426
285
53
-78
-270
-387
-442
-606
-680
-715
-767
-765
-824
-824
-709
-656
-509
-401
-270
-63
48
259
502
678
950
1180
1384
1688
1895
2172
2462
2639
2883
3058
3221
3434
3569
3764
3948
4016
4113
4171
4303
4424
4369
4392
4359
4324
4371
4296
4200
4107
3971
3851
3738
3529
3256
2907
2626
2330
2052
1786
1372
974
478
24
-352
-765
-1183
-1656
-2130
-2533
-3002
-3392
-3755
-4137
-4427
-4809
-5101
-5252
-5469
-5612
-5655
-5713
-5631
-5556
-5440
-5218
-4991
-4714
-4461
-4157
-3796
-3450
-3056
-2662
-2362
-2019
-1709
-1367
-990
-711
-453
-210
-14
165
295
397
473
487
479
410
361
261
103
-10
-105
-244
-386
-535
-642
-665
-720
-741
-740
-757
-738
-670
-543
-419
-309
-192
-50
148
385
581
782
1012
1227
1475
1700
1879
2078
2224
2394
2568
2660
2739
2727
2714
2719
2699
2705
2685
2620
2578
2528
2555
2589
2567
2582
2539
2588
2667
2689
2767
2825
2875
2965
3035
3109
3163
3174
3188
3128
3114
3059
2915
2813
2571
2321
2086
1762
1473
1130
722
316
-152
-584
-989
-1428
-1863
-2329
-2742
-3126
-3529
-3819
-4082
-4353
-4571
-4795
-4891
-4881
-4906
-4865
-4803
-4724
-4544
-4369
-4125
-3822
-3585
-3300
-3023
-2768
-2477
-2235
-1993
-1758
-1558
-1357
-1188
-1044
-927
-900
-830
-729
-703
-662
-689
-748
-786
-871
-893
-889
-911
-932
-981
-992
-958
-903
-808
-710
-610
-465
-314
-128
70
232
416
581
792
1005
1180
1383
1526
1664
1803
1898
2016
2096
2131
2162
2139
2150
2141
2115
2131
2082
2061
2057
2021
2062
2072
2071
2156
2212
2340
2461
2536
2715
2826
2950
3146
3269
3447
3601
3701
3881
3979
4056
4141
4164
4190
4117
3990
3885
3672
3481
3230
2841
2528
2109
1639
1240
757
263
-237
-764
-1252
-1768
-2263
-2737
-3201
-3579
-4011
-4392
-4676
-4989
-5191
-5357
-5523
-5570
-5608
-5606
-5510
-5440
-5306
-5146
-4948
-4676
-4447
-4166
-3897
-3676
-3388
-3122
-2833
-2510
-2275
-2020
-1775
-1598
-1373
-1197
-1030
-848
-741
-600
-477
-384
-301
-258
-180
-129
-79
-7
24
101
179
228
372
512
600
711
785
877
992
1086
1198
1269
1336
1411
1459
1539
1589
1624
1678
1691
1713
1741
1731
1760
1771
1765
1793
1780
1782
1785
1773
1810
1822
1878
1960
2028
2153
2252
2367
2523
2662
2820
3012
3167
3364
3548
3694
3877
4008
4141
4269
4349
4434
4472
4430
4335
4163
4002
3816
3538
3270
2913
2476
2043
1550
1095
637
92
-447
-988
-1508
-2006
-2525
-3009
-3477
-3938
-4346
-4749
-5063
-5342
-5630
-5827
-5963
-6056
-6084
-6070
-6003
-5881
-5750
-5571
-5367
-5120
-4873
-4633
-4341
-4071
-3816
-3540
-3250
-2936
-2659
-2434
-2214
-2006
-1769
-1551
-1357
-1171
-1037
-895
-728
-607
-491
-412
-363
-253
-166
-61
43
103
205
290
382
527
624
755
901
1002
1157
1266
1384
1535
1625
1741
1833
1899
2019
2094
2161
2235
2246
2289
2313
2314
2349
2341
2343
2357
2330
2351
2362
2367
2417
2430
2487
2559
2610
2729
2827
2948
3092
3189
3316
3433
3528
3654
3751
3857
3958
4020
4095
4117
4107
4100
4021
3935
3804
3595
3366
3106
2817
2484
2093
1663
1205
737
261
-246
-734
-1260
-1792
-2294
-2785
-3262
-3737
-4205
-4644
-5044
-5400
-5719
-6007
-6237
-6445
-6597
-6682
-6729
-6719
-6668
-6587
-6443
-6261
-6051
-5810
-5543
-5245
-4932
-4611
-4276
-3941
-3580
-3217
-2868
-2509
-2188
-1861
-1521
-1210
-904
-615
-361
-105
129
342
528
700
870
1023
1185
1334
1445
1548
1634
1726
1832
1903
1975
2045
2103
2171
2214
2240
2271
2302
2330
2346
2365
2379
2383
2400
2414
2425
2437
2431
2428
2433
2421
2408
2396
2382
2372
2362
2358
2349
2350
2370
2397
2445
2490
2522
2566
2617
2692
2778
2837
2894
2936
2976
3046
3107
3146
3167
3160
3159
3151
3120
3063
2953
2830
2677
2488
2280
2038
1777
1487
1159
822
466
61
-327
-733
-1146
-1540
-1960
-2388
-2803
-3195
-3575
-3951
-4306
-4646
-4967
-5237
-5480
-5678
-5847
-5997
-6094
-6134
-6138
-6093
-6028
-5937
-5797
-5627
-5411
-5168
-4904
-4640
-4358
-4042
-3715
-3383
-3041
-2702
-2352
-2008
-1672
-1339
-1004
-667
-340
-28
266
538
785
1012
1231
1447
1639
1819
1977
2113
2239
2349
2445
2534
2616
2684
2736
2773
2792
2806
2816
2812
2799
2782
2751
2704
2656
2586
2528
2472
2398
2347
2276
2198
2132
2056
1994
1957
1895
1841
1797
1747
1739
1714
1696
1699
1689
1703
1727
1750
1810
1856
1895
1955
1994
2052
2109
2139
2191
2216
2224
2253
2239
2235
2218
2161
2113
2003
1873
1739
1551
1360
1132
853
602
317
11
-293
-642
-990
-1341
-1722
-2072
-2432
-2812
-3179
-3552
-3873
-4173
-4485
-4753
-5012
-5245
-5419
-5592
-5714
-5806
-5891
-5909
-5886
-5817
-5708
-5594
-5442
-5251
-5040
-4777
-4498
-4189
-3860
-3536
-3166
-2771
-2390
-1996
-1609
-1228
-833
-455
-84
279
621
940
1253
1552
1823
2072
2289
2486
2674
2836
2980
3100
3178
3248
3286
3308
3322
3297
3272
3238
3176
3109
3020
2921
2835
2724
2615
2494
2362
2245
2115
1988
1872
1747
1641
1528
1422
1337
1245
1164
1084
1005
950
898
856
819
795
794
787
796
825
852
895
932
963
1019
1071
1129
1193
1247
1293
1337
1373
1411
1438
1456
1456
1436
1406
1361
1299
1218
1107
965
807
628
428
210
-36
-287
-549
-840
-1129
-1440
-1767
-2094
-2430
-2738
-3030
-3325
-3607
-3887
-4141
-4368
-4588
-4773
-4933
-5061
-5134
-5185
-5190
-5163
-5116
-5009
-4877
-4711
-4501
-4287
-4039
-3757
-3466
-3131
-2781
-2440
-2078
-1719
-1356
-977
-612
-246
109
453
795
1112
1408
1688
1925
2151
2370
2554
2728
2863
2953
3025
3077
3110
3129
3121
3100
3061
3005
2948
2873
2796
2707
2594
2478
2358
2237
2115
1990
1866
1740
1626
1518
1417
1326
1230
1144
1060
995
943
881
837
796
751
740
724
717
722
712
722
730
743
772
790
824
854
860
892
905
912
932
930
926
919
897
873
835
785
724
649
565
460
349
234
95
-45
-188
-354
-521
-702
-900
-1086
-1276
-1482
-1685
-1880
-2070
-2248
-2423
-2592
-2760
-2919
-3058
-3191
-3298
-3385
-3472
-3529
-3568
-3595
-3588
-3571
-3533
-3464
-3383
-3271
-3134
-2992
-2829
-2663
-2470
-2260
-2044
-1807
-1587
-1353
-1098
-857
-594
-340
-103
149
388
635
877
1095
1316
1516
1701
1892
2046
2190
2323
2422
2526
2606
2678
2742
2771
2797
2814
2811
2806
2776
2727
2680
2624
2548
2467
2371
2270
2164
2053
1939
1831
1722
1615
1507
1386
1282
1168
1067
974
871
791
709
624
563
487
432
383
320
283
240
201
177
139
119
100
74
69
47
27
23
2
-2
-5
-28
-45
-69
-92
-117
-153
-189
-237
-291
-344
-407
-474
-538
-621
-697
-768
-853
-940
-1021
-1106
-1184
-1261
-1337
-1425
-1505
-1584
-1661
-1716
-1781
-1840
-1888
-1937
-1961
-1987
-2003
-2002
-2015
-1996
-1980
-1954
-1898
-1850
-1784
-1700
-1635
-1546
-1452
-1357
-1227
-1113
-985
-846
-722
-565
-424
-287
-124
17
180
337
479
646
789
936
1078
1191
1326
1441
1541
1650
1724
1805
1870
1926
1983
2020
2048
2059
2060
2059
2031
1997
1958
1906
1852
1778
1702
1613
1515
1424
1320
1220
1113
1000
897
789
686
579
472
381
278
183
92
4
-64
-140
-204
-253
-312
-343
-373
-414
-424
-458
-475
-477
-495
-484
-488
-493
-460
-451
-438
-415
-424
-401
-375
-365
-339
-339
-341
-330
-338
-329
-322
-335
-340
-368
-378
-384
-416
-435
-472
-512
-532
-578
-608
-642
-698
-729
-775
-819
-855
-910
-951
-986
-1022
-1036
-1053
-1073
-1090
-1110
-1106
-1090
-1076
-1058
-1039
-1016
-974
-928
-873
-805
-740
-658
-574
-497
-399
-300
-209
-95
16
133
245
340
453
564
671
779
865
957
1051
1123
1198
1267
1318
1366
1396
1418
1439
1437
1425
1412
1376
1340
1290
1225
1168
1092
1013
930
836
744
642
533
432
323
214
108
-7
-107
-211
-313
-393
-484
-557
-632
-708
-767
-836
-879
-912
-946
-950
-968
-983
-977
-976
-952
-926
-900
-852
-815
-768
-707
-662
-601
-538
-481
-403
-342
-279
-206
-156
-97
-44
-6
44
90
121
158
177
193
218
220
228
233
218
219
192
166
159
125
99
71
28
8
-34
-68
-75
-111
-126
-144
-183
-185
-201
-209
-201
-208
-199
-184
-162
-121
-90
-56
-10
32
88
151
210
274
332
386
455
519
586
663
721
769
828
867
908
957
985
1014
1029
1019
1017
1009
992
981
944
901
852
773
713
642
554
479
374
272
188
67
-43
-151
-288
-371
-477
-593
-660
-775
-852
-920
-1030
-1075
-1148
-1216
-1233
-1300
-1329
-1340
-1377
-1358
-1361
-1354
-1316
-1305
-1270
-1227
-1179
-1106
-1040
-983
-912
-838
-758
-670
-590
-513
-410
-333
-258
-162
-104
-13
63
122
214
264
321
390
423
484
528
546
596
621
648
683
675
689
708
708
730
725
716
724
694
689
693
667
673
650
630
634
612
607
586
554
553
540
534
535
514
516
520
520
532
533
541
560
575
592
610
616
629
638
643
656
662
652
660
657
649
650
616
607
594
549
533
484
427
403
339
297
255
175
127
53
-36
-99
-197
-274
-340
-447
-523
-598
-689
-755
-839
-923
-968
-1045
-1120
-1176
-1247
-1285
-1319
-1381
-1389
-1409
-1452
-1438
-1464
-1464
-1431
-1448
-1407
-1369
-1357
-1284
-1256
-1212
-1122
-1080
-995
-910
-862
-746
-671
-611
-499
-434
-331
-209
-142
-26
57
125
246
305
384
481
532
631
700
738
826
854
897
961
958
1010
1032
1022
1067
1053
1060
1064
997
1040
1056
1003
1019
955
914
944
902
886
850
805
791
725
721
702
622
621
585
532
542
498
466
454
404
404
381
351
360
316
294
303
263
249
237
197
206
179
140
144
105
99
91
40
30
-12
-58
-73
-122
-141
-167
-233
-269
-322
-367
-403
-458
-506
-572
-636
-693
-760
-799
-850
-900
-941
-1002
-1035
-1073
-1111
-1137
-1179
-1204
-1206
-1222
-1215
-1221
-1236
-1213
-1206
-1177
-1145
-1124
-1070
-1027
-977
-893
-828
-748
-662
-596
-502
-419
-339
-235
-154
-61
45
121
227
314
382
471
532
613
699
746
829
879
912
970
977
1007
1039
1028
1055
1045
1027
1030
993
981
972
921
903
860
798
774
705
655
621
555
522
475
412
384
322
269
244
179
153
114
66
63
24
10
17
-24
-20
-31
-49
-29
-46
-46
-30
-29
-8
5
-2
13
16
14
32
27
33
47
31
40
46
32
32
16
4
0
-29
-47
-73
-112
-134
-175
-218
-250
-307
-354
-399
-450
-468
-509
-543
-580
-641
-679
-726
-760
-769
-808
-826
-839
-867
-863
-877
-888
-869
-860
-838
-786
-769
-722
-677
-655
-588
-540
-479
-392
-336
-252
-164
-117
-38
24
87
182
245
321
399
443
520
585
630
706
742
782
828
848
885
908
907
918
904
894
894
877
866
845
804
769
724
657
621
577
518
491
438
385
339
259
208
147
78
44
-7
-53
-84
-141
-182
-215
-268
-283
-308
-319
-312
-333
-337
-338
-347
-337
-331
-321
-316
-316
-304
-290
-262
-244
-226
-209
-188
-154
-144
-128
-106
-105
-77
-59
-51
-25
-36
-28
-31
-46
-43
-73
-91
-91
-121
-126
-160
-212
-221
-260
-275
-281
-328
-338
-361
-403
-403
-439
-458
-444
-473
-478
-482
-502
-483
-488
-483
-443
-447
-412
-372
-371
-308
-271
-242
-172
-146
-80
-9
13
86
138
173
263
304
360
437
462
531
588
618
675
690
716
765
777
811
845
842
859
846
825
828
801
787
768
731
701
658
605
565
521
469
417
357
301
252
191
123
70
-4
-54
-100
-166
-200
-259
-320
-349
-414
-448
-468
-528
-531
-551
-574
-561
-600
-606
-591
-615
-584
-582
-586
-542
-543
-517
-480
-482
-435
-410
-403
-346
-335
-308
-259
-259
-219
-171
-163
-114
-104
-97
-47
-51
-33
-4
-20
15
37
23
56
38
35
55
27
51
55
33
65
47
41
68
27
47
62
34
67
51
35
64
37
48
68
40
77
68
54
98
85
109
147
121
159
167
151
203
190
202
230
202
222
225
215
255
235
240
259
231
252
243
219
241
224
238
257
220
232
204
175
184
166
177
175
143
133
97
84
87
56
59
35
14
19
-6
-3
-18
-45
-43
-65
-67
-70
-92
-84
-100
-117
-112
-127
-114
-114
-137
-129
-145
-137
-129
-148
-133
-142
-148
-131
-156
-147
-147
-170
-141
-163
-168
-142
-172
-156
-157
-179
-131
-149
-146
-120
-166
-140
-141
-173
-128
-150
-148
-115
-152
-117
-110
-130
-84
-103
-94
-61
-90
-45
-35
-56
-12
-31
-18
10
-17
11
26
21
49
31
36
49
50
76
75
77
85
68
79
82
85
104
101
116
113
110
123
116
126
135
122
138
125
124
148
132
140
141
135
158
143
140
149
132
159
148
144
173
158
168
165
141
152
128
117
124
103
117
112
101
114
86
76
67
36
52
27
2
1
-34
-35
-45
-73
-64
-81
-96
-90
-116
-110
-112
-137
-122
-145
-149
-138
-163
-158
-171
-183
-162
-164
-160
-157
-173
-163
-161
-159
-147
-144
-131
-116
-110
-102
-101
-98
-96
-85
-71
-72
-60
-61
-64
-42
-42
-28
-19
-26
1
-2
0
21
11
22
17
12
39
35
36
55
38
44
42
30
48
40
45
48
38
50
49
45
54
44
49
57
52
60
56
56
58
53
59
58
64
72
65
71
63
60
70
66
75
78
68
76
75
80
90
86
93
89
75
79
71
75
82
68
73
67
57
63
47
43
39
27
29
18
0
-5
-20
-15
-10
-22
-21
-38
-56
-58
-76
-83
-87
-99
-94
-111
-117
-110
-120
-107
-107
-111
-103
-116
-119
-126
-136
-116
-101
-89
-88
-100
-87
-80
-74
-63
-74
-69
-57
-49
-28
-25
-17
-8
-13
-5
-5
0
11
8
20
22
18
26
21
23
41
42
44
47
46
64
61
59
62
50
59
58
44
44
36
39
50
51
60
53
42
44
34
41
46
40
47
42
36
31
23
36
39
32
30
15
15
23
22
29
28
34
39
34
40
31
31
44
44
52
39
27
32
18
19
21
10
24
23
18
30
15
18
16
0
3
-19
-30
-25
-37
-28
-36
-49
-43
-61
-64
-70
-90
-73
-79
-84
-75
-93
-82
-79
-83
-67
-82
-84
-72
-83
-68
-62
-71
-59
-70
-63
-59
-68
-48
-39
-31
-13
-20
-11
-9
-12
-4
-11
0
11
12
24
18
19
31
21
34
37
32
42
24
28
36
31
59
59
52
69
48
53
57
42
59
47
44
60
42
50
49
34
53
54
57
64
50
58
54
42
51
40
46
52
37
39
24
23
29
22
31
27
24
27
14
11
9
3
8
-1
-4
4
-4
-4
-16
-24
-16
-22
-11
-10
-26
-21
-26
-16
-5
-26
-27
-35
-39
-20
-30
-31
-30
-44
-35
-44
-45
-32
-44
-44
-41
-50
-36
-37
-39
-31
-46
-42
-37
-42
-27
-31
-37
-30
-42
-34
-23
-25
-15
-22
-23
-13
-25
-22
-14
-22
-12
-8
-6
-1
-7
-3
-10
-8
4
2
8
9
2
3
1
14
23
19
29
22
19
23
17
33
36
34
43
24
25
27
24
47
41
37
43
27
42
48
40
56
40
38
49
30
44
43
29
46
26
24
36
12
27
24
3
18
-5
1
18
-5
14
2
-16
4
-18
-14
-5
-22
2
-2
-13
-2
-30
-32
-29
-45
-27
-35
-38
-25
-44
-33
-22
-28
-14
-28
-38
-31
-39
-31
-28
-34
-25
-28
-28
-20
-25
-19
-20
-19
-13
-20
-13
-15
-18
-10
-18
-14
-8
-5
5
-2
-10
-13
-13
-2
-3
-7
-6
-8
4
12
6
3
-4
4
13
8
11
2
-6
-2
-4
7
19
17
24
20
14
25
20
24
34
27
34
29
23
34
36
41
44
35
35
33
34
42
42
37
36
27
23
24
14
10
9
14
20
17
13
16
14
12
13
9
7
-1
-11
-8
-12
-13
-2
-5
-6
-10
-24
-27
-31
-26
-8
-6
-1
-2
-14
-13
-23
-33
-30
-35
-32
-33
-40
-36
-35
-32
-28
-26
-24
-30
-32
-34
-36
-36
-37
-35
-31
-29
-25
-33
-32
-19
-15
-9
-9
-17
-9
-13
-13
-5
-11
-1
7
3
5
0
-5
3
4
13
12
3
3
-2
1
5
2
10
12
13
16
11
17
20
18
21
14
15
26
26
30
27
18
20
14
14
18
15
20
21
20
24
22
21
25
26
29
21
15
16
15
15
11
10
13
12
8
0
-3
0
7
10
1
-7
-8
-8
-2
1
2
10
8
2
2
-4
0
1
-9
-10
-12
-13
-8
-13
-11
-12
-15
-8
-16
-21
-18
-23
-20
-17
-19
-17
-20
-19
-22
-35
-35
-33
