SAMPLES:	6765
BITSPERSAMPLE:	16
CHANNELS:	1
SAMPLERATE:	16000
NORMALIZED:	FALSE
-67
-19
-30
7
-4
25
20
-16
-19
-40
-42
-62
-46
-38
-55
-53
-57
-37
-63
-29
-48
-62
-46
-20
14
-15
-13
-6
12
19
-23
-35
-40
-3
14
-19
-15
-31
25
-44
-44
-47
-28
-16
-13
0
-19
5
-40
45
-3
20
-45
-40
-15
-22
28
-34
-19
-38
-19
-37
-62
-25
-12
3
-21
-3
-24
-17
-3
-5
-9
-41
-5
-26
28
10
11
-4
-39
-1
-30
32
-58
24
36
61
103
46
112
-21
32
-13
29
-23
3
20
-8
64
-10
29
-50
55
25
-3
55
10
129
35
91
10
18
21
-1
33
-43
36
3
73
31
78
31
5
35
-28
25
-59
6
26
79
64
40
34
18
2
-25
36
0
-46
-40
6
-8
1
-12
-36
-49
20
27
-13
-44
-8
59
12
22
31
5
26
55
77
7
-32
0
1
-76
-3
-30
-6
9
89
94
-30
16
60
33
-28
26
37
-21
-9
34
39
-60
18
74
-24
-21
31
46
-23
21
85
62
6
35
25
-38
-4
18
8
-82
-15
85
-31
-22
19
47
3
-15
57
-5
-40
1
13
-47
8
25
75
-2
-16
-13
-83
-41
27
55
0
2
18
43
-45
30
-28
-15
-11
90
43
22
6
5
35
-1
66
-49
-34
-17
-24
24
-16
36
-25
-33
44
88
66
16
26
-71
-43
-46
-63
-67
-6
52
-9
19
-36
14
-67
3
10
28
27
65
30
-90
-32
-24
-16
-35
-3
13
-52
12
48
36
-5
-2
74
-45
14
-15
-23
-64
-73
-17
-16
-19
4
2
-14
44
7
68
-3
31
-5
-53
-16
-42
-19
-12
16
21
50
79
67
77
21
-51
-34
-66
22
-31
-61
-26
26
94
26
3
25
47
5
16
-8
-60
-28
-34
-38
-54
20
35
-4
-14
28
15
-31
40
-37
-29
-57
17
53
26
37
-95
-66
-118
13
-18
-76
18
80
27
-59
-104
-120
-116
-118
-31
-51
-73
22
63
-1
106
6
82
-43
-1
13
-71
-11
-81
-97
-84
-33
24
42
-18
45
5
-41
76
-10
15
-6
0
14
-134
-21
28
3
100
52
-28
17
74
54
33
31
93
43
4
51
-23
-21
22
-48
-21
-70
67
89
81
136
23
-19
-128
-32
-38
-8
22
113
130
128
180
46
-74
-52
-28
-4
-64
122
95
111
96
71
83
-44
14
-12
21
27
58
62
53
56
78
64
15
27
61
-101
-96
-29
65
113
73
187
38
-36
-12
-108
11
42
61
58
-52
113
115
108
60
-47
-99
-68
-110
43
41
80
142
61
14
-41
-169
-26
10
-35
-54
-66
123
232
156
28
-63
-213
-81
-222
-133
-185
-107
24
-22
136
111
78
-6
-46
-82
-56
-219
-198
-89
-112
-105
-92
-142
-23
50
13
-56
-164
9
27
-21
25
-93
-173
-75
59
114
-66
-80
-67
-48
-1
-7
-104
-156
-10
80
-85
-136
-80
74
73
107
160
-18
-107
-72
-6
-52
-28
-74
41
133
151
21
-108
-138
-17
31
-15
-85
-35
160
207
141
-27
-21
3
-10
-121
-241
-237
-98
36
111
71
-4
34
9
32
-81
-161
-79
-34
45
33
-1
36
27
20
69
-126
-213
-100
-49
89
66
-18
-85
-145
-136
-151
-217
-76
59
117
296
111
73
14
-78
-145
-255
-135
-80
-19
133
187
90
120
121
98
41
-68
49
15
108
229
179
121
55
63
40
-84
-158
-75
-142
28
195
161
107
139
107
2
-110
-177
-156
-164
-117
-167
-246
-211
-107
-23
7
49
-11
5
87
32
-66
-180
-194
-156
-198
-136
-112
-171
-95
-5
-22
-50
-29
-11
-21
-66
15
14
-6
71
89
64
88
207
285
303
253
237
151
103
109
-37
-124
-169
-126
-89
-51
8
55
100
252
284
198
174
107
136
66
75
92
161
275
301
291
217
150
47
7
-46
-25
52
166
246
289
307
230
132
138
171
80
9
-73
-47
-57
-73
-39
-83
-65
-37
32
98
151
248
280
334
331
339
280
222
176
76
21
-70
-127
-185
-145
-230
-273
-239
-189
-88
-17
77
93
140
180
194
95
-17
-61
-192
-242
-291
-310
-342
-244
-113
-59
66
103
214
165
166
222
122
41
45
63
-17
36
44
145
185
234
291
151
111
57
-65
-170
-170
-194
-144
-68
-45
44
103
258
336
352
359
289
226
93
24
-100
-175
-235
-277
-263
-178
-70
12
164
243
306
320
272
263
162
87
23
-36
-103
-123
-170
-275
-289
-333
-370
-377
-282
-179
-154
-113
-22
-54
-60
-95
-76
-97
-128
-94
-145
-96
-108
-129
-191
-244
-273
-318
-326
-285
-290
-251
-151
-119
9
-37
-8
-119
-147
-94
-159
-121
-177
-161
-243
-291
-383
-372
-338
-310
-232
-268
-237
-254
-165
-45
-12
-99
-208
-181
-171
-245
-243
-212
-199
-111
-47
-7
-19
-13
33
1
-26
107
144
210
330
340
350
322
284
317
358
307
290
161
187
294
279
363
436
491
561
690
887
1097
1419
1787
2083
2309
2554
2737
2749
2786
2567
2280
1934
1645
1428
1101
1118
1037
1125
1285
1335
1340
1188
852
147
-786
-1950
-3074
-4259
-5187
-5797
-6153
-6147
-5736
-4894
-3917
-2774
-1541
-522
255
674
810
611
75
-573
-1388
-2242
-2931
-3475
-3738
-3685
-3460
-3066
-2480
-1924
-1436
-1086
-761
-544
-538
-471
-506
-527
-608
-604
-564
-538
-448
-392
-246
-137
174
574
1021
1434
1914
2384
2821
3222
3456
3737
3804
3922
3873
3918
3663
3446
3254
3065
3067
3094
3468
3818
4293
4637
5034
5257
5261
5491
5411
5109
4669
4278
4044
3107
1832
28
-1995
-3575
-4992
-6109
-6586
-6444
-5825
-4953
-4123
-3007
-1820
-779
80
415
485
398
214
199
29
-167
-288
-293
-235
-23
113
234
164
-227
-763
-1626
-2451
-3387
-4218
-4779
-5493
-6072
-6342
-6364
-6131
-5357
-4392
-3410
-2136
-1052
-81
624
1212
1328
958
572
-96
-803
-1296
-1724
-2125
-2297
-2294
-2099
-1771
-1304
-705
-200
286
694
952
1010
843
675
623
468
375
450
346
428
765
1161
1573
2020
2658
3142
3775
4335
4856
5163
5195
5034
4580
4377
3861
3657
3506
3462
3508
3586
4161
4389
4992
5652
5996
6380
6581
6489
6503
6463
5518
2807
-1416
-5176
-8031
-9063
-9887
-10514
-9171
-6451
-3662
-1671
385
2491
3873
3750
2731
1192
-203
-814
-1347
-1596
-2057
-2415
-1991
-1381
-779
55
394
-256
-1344
-2745
-4173
-6087
-7098
-7281
-7328
-6965
-6250
-4838
-3245
-2121
-1588
-1193
-1419
-1778
-1979
-1994
-1674
-1532
-1205
-846
-539
-118
-153
-384
-529
-885
-1372
-2001
-2590
-2557
-2158
-1749
-1215
-620
127
747
1092
1256
977
469
40
-357
-436
-158
220
701
1363
1960
2512
2660
2577
2563
2251
2040
1936
1971
2149
2572
3106
3626
4129
4476
4930
5300
5379
5245
4935
4878
5203
5199
5368
5931
6396
6991
7159
7513
7958
8088
5870
875
-3994
-7988
-9384
-10264
-11251
-10066
-6706
-2531
82
1846
4358
6298
6099
4632
2244
25
-892
-959
-484
-307
-469
-121
551
1004
1325
896
-606
-2700
-4837
-6506
-8415
-9301
-8420
-7092
-5868
-4587
-2891
-1303
-215
393
345
-546
-2194
-3581
-3942
-3308
-2672
-2211
-1668
-1253
-691
-738
-1372
-1889
-2245
-2558
-2980
-3268
-3036
-2167
-1016
-149
267
342
172
-149
-382
-663
-1149
-1610
-1454
-834
-129
653
1360
2176
2826
2932
2576
1905
1319
1055
910
979
1256
1756
2867
3627
4241
4474
4318
4596
4601
4798
4738
5007
5474
6077
6602
7092
7639
8007
8387
8508
8459
8085
7943
6842
3009
-2527
-7126
-9895
-9960
-9811
-9692
-7017
-2884
789
2728
3543
5019
5482
4369
2656
562
-476
-82
854
1932
2300
1762
1349
419
-657
-1661
-3486
-5860
-7869
-9086
-9553
-10054
-9131
-6775
-4840
-3282
-2249
-1381
-590
-571
-557
-893
-2012
-3409
-4666
-4671
-4203
-3957
-3672
-3510
-3172
-2731
-2951
-3206
-3038
-2473
-1897
-1802
-1728
-1432
-917
-329
-282
-779
-1312
-1855
-1999
-1649
-1097
-514
40
759
1561
1904
2089
2220
2203
2060
1596
1225
1070
1109
1579
2094
2540
2989
3488
4088
4206
4222
4319
4463
4974
5246
5361
6190
6573
7389
7891
7594
7848
7449
7479
7479
7048
6900
6878
6126
4467
-344
-5644
-8925
-10676
-9674
-9056
-7871
-4202
-55
2823
4083
4442
5341
5128
3217
1539
-100
-445
605
1432
2179
2007
893
-251
-1643
-2991
-4056
-6014
-7897
-8857
-8987
-8318
-7652
-5891
-3428
-1723
-738
-323
-255
-113
-41
-123
-447
-1436
-2868
-3828
-3832
-3654
-3906
-4452
-4779
-4581
-4099
-3728
-3415
-2423
-1023
10
291
189
150
117
-19
-549
-1331
-2059
-2362
-2098
-1311
-554
145
681
1056
1390
1306
1248
1099
1147
1467
1427
1221
1250
1365
1709
2120
2313
2471
2747
2932
3053
3432
3941
4592
5435
5690
6092
6183
6200
6743
6461
6773
6885
6980
7428
7820
7315
7218
6752
5603
3302
-2849
-8247
-11757
-11724
-9312
-8358
-5976
-753
3876
6220
6131
5207
5509
4266
2293
757
-305
933
3073
4518
4920
4009
1730
-775
-3763
-6087
-7341
-9433
-10056
-9692
-8449
-6664
-5329
-3235
-1248
-298
-114
-444
-915
-659
-258
725
1804
1576
445
-901
-3266
-5613
-8491
-11263
-11351
-10827
-8847
-6397
-3690
-152
2261
3538
2939
1055
-257
-1790
-3138
-3208
-3066
-2425
-1866
-1422
-952
-1343
-1504
-1772
-2087
-1899
-1337
-619
651
2063
3249
4108
3546
2639
1403
149
-526
-747
-271
863
2673
4602
6020
7115
8102
7863
7204
6326
5392
5052
5100
5581
6539
8074
8945
9662
9449
9288
8908
7655
7234
5739
3462
-2135
-8709
-12036
-11996
-9184
-7091
-5102
-840
4151
5869
4982
3246
3187
3198
2120
1554
1593
3427
5499
6887
6373
3755
-490
-5007
-8432
-11071
-11610
-11423
-10167
-8200
-6465
-4824
-4038
-2621
-1522
-1419
-1620
-1746
-1896
-1182
420
2254
3423
2513
130
-2370
-4781
-7326
-10240
-13227
-13315
-12344
-10720
-8245
-5608
-1463
2210
3681
3221
1412
19
-776
-1682
-1523
-1539
-1307
-862
-1181
-1644
-2563
-3529
-4478
-4955
-4467
-2860
-458
2172
4947
6703
7342
6407
4069
1601
-367
-915
-476
223
1711
3574
5483
6786
7030
7490
7305
6800
6900
6745
6658
8069
9165
9848
10747
10199
10034
9690
9168
8369
7863
6964
5601
790
-7480
-12556
-15078
-12077
-8460
-7045
-3344
2255
6156
6481
4151
2533
3642
2839
2440
2578
3834
7046
8134
7852
5101
284
-5190
-9953
-13701
-14427
-12803
-11188
-8473
-6611
-4553
-3465
-3316
-2610
-2364
-1860
-1352
-985
-115
2039
4385
5846
4967
1786
-1238
-4088
-6273
-8931
-10480
-10842
-10962
-9983
-9910
-8729
-6094
-3115
-791
1189
2149
2451
2749
2833
2878
1949
1312
-143
-1943
-3076
-3925
-4838
-5705
-5767
-5306
-4312
-2758
-77
2736
5238
7058
7085
5946
3695
1534
273
-370
-393
527
1667
2831
4153
4967
5847
5919
5933
5972
6391
7413
8722
9516
10390
11116
10440
9670
8046
7089
6401
7134
7144
7474
7315
5710
1016
-7631
-12906
-14619
-11179
-7360
-5087
-856
5029
8289
7048
4144
1516
1540
1119
1425
2886
5138
8579
9294
7610
3402
-1989
-7554
-12241
-15383
-15113
-11613
-8150
-4749
-2964
-1954
-2309
-3547
-4287
-4658
-3864
-2920
-1765
123
3174
5551
5913
3877
31
-3327
-6251
-8426
-9936
-9647
-7453
-5255
-4684
-6727
-8838
-10151
-9573
-7736
-5746
-2788
332
3268
5034
5373
4160
1939
-804
-3349
-5067
-6016
-5434
-4350
-3311
-2686
-2782
-3074
-2999
-1814
-134
2012
3814
5172
5601
4978
3578
1647
41
-792
-350
316
1401
2461
3731
5328
6790
7563
8088
8366
8801
10207
10858
11156
10950
10199
9912
9375
7610
7048
6043
6067
7032
6550
4972
-2836
-10837
-13913
-12553
-7374
-4155
-1822
3354
8525
8229
4632
116
-413
1345
1780
3618
5474
8730
11112
8778
3734
-1620
-7085
-11651
-14893
-15396
-10667
-5525
-2116
-884
-1461
-2896
-6406
-9085
-9027
-6486
-2873
-201
1510
3863
6115
5721
2978
-1242
-5159
-7526
-8632
-8278
-6608
-3654
-1308
-1065
-2661
-6306
-10704
-13995
-14426
-11650
-7020
-1870
2104
5180
6808
5607
2505
-359
-2885
-4571
-4570
-3656
-1874
403
1709
759
-1935
-4456
-5573
-5268
-3383
62
3704
6491
7609
6714
4193
776
-1852
-2972
-2211
-253
2469
5035
6897
8275
8711
8724
8144
8121
8834
9772
11334
12724
12204
11312
9709
7776
5906
4169
4279
4760
6602
7361
6728
1516
-7252
-12669
-13334
-7938
-3437
-1027
2516
7154
8274
4288
-1048
-3199
-1220
101
1731
4276
8053
11115
9209
3607
-2241
-6510
-9914
-12424
-12851
-8796
-3346
-511
-242
-2229
-4851
-8868
-12368
-11957
-7926
-2581
1173
2655
3576
4375
3168
-52
-3563
-5854
-6243
-5479
-3774
-1347
866
1831
-559
-4542
-9345
-14867
-16275
-14986
-9997
-3519
689
3183
3751
3203
549
-2465
-3959
-3469
-2143
140
1816
2202
2897
1786
-1353
-5275
-6984
-6613
-4752
-1104
2614
5356
6070
5151
2433
-523
-2885
-3901
-2437
486
4092
6259
6848
6316
5636
5021
5057
6339
8298
10802
12459
13945
13730
12069
9992
7555
5890
4811
4983
5920
7532
8933
9500
8207
5217
-2219
-11215
-14610
-12633
-5164
568
3181
5544
6768
4049
-2244
-7254
-7204
-3106
656
4450
8086
11180
11584
5978
-1743
-7169
-9580
-10434
-10039
-6987
-1524
2267
1390
-2778
-7762
-11872
-15644
-16729
-12340
-4874
1515
3906
2925
948
-1028
-3873
-6098
-5955
-3750
-730
1432
3009
3810
2823
-589
-5643
-9616
-11201
-12237
-11615
-8770
-5990
-2368
-1248
-2933
-3427
-3961
-3996
-3004
-1009
1899
3716
4233
3739
2119
1233
79
-2677
-4012
-3870
-3267
-2179
-903
602
1360
1467
956
150
-170
165
380
1546
3340
4542
5251
5106
4908
5305
6057
6701
8151
9871
11452
11578
12306
11923
10617
9988
8001
7560
7834
7694
7198
7296
7491
7774
6366
4034
-3402
-11078
-12320
-9235
-1795
2199
2630
3101
3352
150
-5251
-7754
-4732
605
3386
5608
7588
9495
8942
2716
-4014
-6484
-6166
-5357
-4289
-2176
959
1452
-2782
-8222
-11714
-13235
-14774
-14094
-8995
-2756
973
358
-2720
-5059
-5694
-6126
-5063
-1569
1909
3814
3847
2760
1511
-163
-2975
-6241
-8953
-9848
-8312
-6265
-3498
-1996
-3260
-4932
-7308
-8057
-6434
-3940
-422
2188
3721
4465
3328
1525
-21
-1487
-2365
-2011
-646
768
1372
1713
1386
257
-725
-1166
-1027
-451
544
1743
2803
3390
3941
3483
2642
2622
3338
5169
6939
8946
10240
10389
10413
10540
10392
10724
11082
10327
10437
9085
7626
7282
7638
8671
7991
6742
4552
3563
-608
-7185
-10098
-8773
-2115
1135
187
-774
-474
-1299
-4879
-7589
-5004
1169
3933
4295
4893
6818
7297
2914
-2716
-4576
-2714
-1454
-1527
-1038
837
338
-4602
-10256
-13102
-12544
-12089
-11837
-9146
-4925
-2586
-3937
-6870
-8381
-7531
-6240
-4471
-1229
2285
3863
3060
1302
71
-452
-1805
-3222
-4038
-4755
-6824
-8027
-7088
-5306
-4433
-6373
-7409
-6761
-4127
-2205
-1729
-260
1057
1049
217
323
1161
2205
1521
-213
-980
-578
151
-476
-552
492
1570
1753
1490
1801
1933
1554
694
1584
3674
5234
5248
3865
3680
4256
5546
6826
7972
10125
10658
10464
10678
10832
11411
10956
8779
7908
7970
8990
10682
10501
9538
6501
2923
-4204
-9688
-9976
-5885
353
1881
-18
-2278
-3332
-5201
-7956
-8149
-3907
1018
3060
3762
4217
4716
3899
384
-2627
-2246
-286
940
1232
1450
1468
-628
-5158
-9345
-10767
-9973
-9727
-9460
-7743
-5707
-5592
-7639
-10079
-10794
-9164
-7277
-5193
-2102
226
804
285
-824
-1131
-2091
-3230
-3060
-2480
-957
-533
-1423
-2871
-4310
-5441
-6014
-4635
-2899
-1618
-1345
-1689
-2255
-2465
-2305
-2246
-1822
-868
487
1095
1387
1765
1278
571
140
378
1648
3294
4175
4259
4319
3862
3325
2662
2883
3693
4375
4938
5138
5807
6291
6607
6719
6818
7450
8485
8790
9457
10079
9973
9724
9558
9269
9679
9636
8678
8371
7180
5913
-58
-5538
-6295
-3715
688
1155
-1475
-3392
-3822
-5333
-6788
-5977
-2131
713
-96
-1071
-140
1955
2335
11
-1328
23
954
544
273
812
1643
245
-3032
-5107
-4724
-4155
-5686
-7353
-7508
-6712
-6707
-7854
-8559
-7885
-7142
-7597
-7630
-6306
-4665
-3720
-3525
-2671
-1575
-903
-1628
-3583
-5273
-6348
-5485
-3383
-707
522
-332
-2164
-3306
-3200
-2330
-1291
-771
-738
-1366
-1770
-1871
-1756
-1780
-2540
-3249
-3191
-2117
-945
-17
679
881
1250
1504
2209
3312
4387
4827
4748
5067
5439
5516
5194
5192
5484
6082
6402
6724
7504
8342
8520
8349
8621
9092
9257
9206
9195
9608
10164
9394
7675
5691
4478
267
-4934
-5884
-3048
2276
3122
-1055
-4584
-5303
-5398
-5791
-4570
-74
3309
1548
-1775
-2153
472
2290
803
-653
747
1848
544
-1201
-900
564
-212
-2912
-4359
-3170
-1775
-3334
-6199
-7012
-6259
-6115
-6980
-7231
-6196
-5168
-5888
-7091
-6455
-5023
-5156
-6344
-6464
-5056
-3504
-3137
-2948
-2374
-2196
-3247
-4483
-3836
-2389
-1662
-1486
-1200
-154
268
-840
-2337
-2549
-1904
-1609
-1756
-1507
-1190
-1476
-2350
-2984
-2160
-677
33
-22
105
717
1071
1232
1789
3065
4277
4779
4476
4273
4955
5350
5081
5133
5724
6578
7377
7662
7653
8295
8772
9236
9419
9334
9769
9818
10336
10202
10202
9374
6712
3216
-2791
-5667
-4235
-329
2807
938
-3246
-6090
-7049
-6981
-5681
-2679
1095
1626
-1188
-2743
-1265
1397
2515
1429
1077
2341
2291
1035
307
1015
1651
-119
-2191
-2762
-1564
-1042
-3252
-5713
-6023
-5350
-5823
-7057
-7518
-6779
-6291
-6823
-6834
-5787
-5047
-5714
-6954
-6206
-5309
-4990
-4371
-3878
-2134
-1298
-1777
-1870
-1591
-1182
-1268
-1382
-516
467
411
-245
-1230
-1711
-1514
-1867
-1994
-1628
-1463
-1917
-2709
-2707
-1879
-957
-480
-444
-188
533
539
898
2038
3374
4369
4472
4623
4870
5546
6003
6121
6332
6759
7018
7288
7781
7741
8066
8614
8989
9435
9611
9808
10171
9932
9932
8842
6603
4306
-753
-3154
-1734
1200
3166
438
-4248
-7030
-7452
-7063
-5593
-2817
156
136
-2911
-4292
-2651
175
2059
1890
2006
2965
2653
1593
1404
2442
2996
1580
-211
-986
-668
-897
-2831
-4369
-4388
-4063
-4952
-6394
-7119
-6988
-7092
-7946
-7817
-6802
-6501
-7636
-8818
-8403
-6859
-5908
-5715
-5053
-4099
-3345
-3082
-2531
-1016
393
659
208
-5
244
296
-60
-333
-703
-1111
-1805
-2517
-2810
-2779
-2987
-3625
-3734
-2989
-2261
-2167
-2099
-1743
-1137
-581
-221
746
2183
3125
3112
3441
4658
5300
5944
6322
7130
7918
7698
7759
7600
8627
9471
9235
9216
9429
9595
9547
9257
9225
8892
7148
4367
-95
-1936
-730
1833
3286
1103
-2693
-5496
-6464
-6192
-4906
-2631
-658
-1296
-3827
-4764
-3385
-800
980
1041
1396
1777
1233
882
1880
3691
4639
3578
1979
1115
922
302
-1270
-2135
-1753
-1575
-2667
-4305
-5530
-5912
-6255
-6935
-7037
-6580
-6744
-7852
-8825
-8994
-8256
-7506
-6903
-5946
-5310
-5184
-5020
-3902
-1912
-220
776
1072
948
770
740
844
1329
1790
1415
187
-995
-1652
-1990
-2158
-2119
-1991
-2058
-2483
-3227
-3559
-2961
-2320
-1748
-988
-219
658
1081
1294
1677
2816
4448
5846
6398
6810
7177
7347
8226
8762
9769
10609
10687
10515
10224
10318
10744
10861
10793
9439
6705
2576
-1321
-918
1949
4485
3247
-1242
-5353
-6941
-6784
-5844
-3761
-1353
-1173
-3923
-6580
-5955
-3164
-902
-328
-281
368
327
-79
723
2789
4471
4261
2861
2032
2135
2419
1502
274
97
467
-38
-1858
-3518
-4250
-4355
-4905
-5296
-5017
-5243
-6676
-8385
-8817
-8336
-8077
-7735
-7657
-7594
-7291
-7122
-6172
-4416
-3093
-2740
-2233
-1049
322
1147
1443
1619
1569
1674
1695
1501
1466
825
-292
-1018
-1001
-683
-856
-1584
-2441
-3070
-3263
-3219
-2906
-1970
-1148
-1045
-913
-464
115
1030
1944
2778
3934
4824
5826
6626
7479
8379
8620
8676
9461
10302
10468
10892
11282
11873
12355
11295
8861
6658
2913
140
458
2978
5785
3932
-1236
-5460
-6917
-6494
-5535
-4263
-2395
-2315
-5734
-8520
-7557
-4160
-1441
-1422
-2054
-1662
-1286
-1235
-389
1915
4251
4321
2662
1620
2192
3217
2543
1141
1124
2032
1446
-716
-2340
-2435
-2318
-3384
-4269
-4250
-4349
-5931
-7870
-8412
-7330
-7030
-7596
-8383
-10176
-9845
-8722
-7024
-4602
-3822
-4145
-4291
-3698
-2065
-249
1009
1718
1394
1087
1508
1642
1939
1722
684
-57
-37
259
282
-81
-785
-1661
-2581
-2872
-2643
-1818
-1374
-2070
-1994
-1054
-174
93
283
398
925
2358
3760
5373
6353
6725
6820
7137
8048
9458
10502
10828
11102
10945
11481
12074
12521
11820
9833
5705
1554
1570
4033
7041
6158
1452
-3031
-5196
-5848
-5338
-3878
-2058
-2439
-6129
-9465
-8988
-6081
-3777
-3560
-3855
-3308
-3269
-3901
-3132
-321
2398
2817
1484
1002
1821
2837
2518
1795
2509
3500
3078
1393
104
110
215
-730
-1722
-1712
-1912
-3549
-5777
-6538
-6153
-6321
-7641
-9961
-10227
-8884
-7749
-6977
-6792
-6818
-6683
-6325
-5170
-2925
-837
-304
-981
-1297
-168
1249
1824
1998
1627
927
564
694
1469
2407
2456
1181
-349
-899
-500
299
492
-102
-575
-779
-1105
-1008
-493
-77
-71
38
947
2022
2959
3360
3982
4931
5775
7057
7755
8571
9213
9864
10385
10830
11525
11937
11684
10786
8434
5281
4356
5579
7502
7337
4264
507
-1915
-2976
-3285
-2638
-1425
-1323
-3929
-7378
-8299
-7146
-5443
-4912
-5230
-4964
-5057
-5923
-5979
-3914
-1235
-236
-1085
-1790
-1113
289
964
784
1426
2658
2701
1727
1079
1472
1769
1058
198
51
-20
-1112
-3093
-4148
-4184
-4257
-5256
-6346
-7311
-9035
-9505
-8983
-7168
-5492
-5732
-7027
-7992
-7310
-5290
-3197
-1530
-1030
-1717
-2470
-2213
-1059
589
1506
1223
403
-87
324
1151
2076
2643
2385
1311
466
442
1437
1997
1349
841
512
149
190
516
956
966
691
892
1112
2082
2997
3707
4478
5145
5555
6172
7115
8072
9169
9664
9910
10283
10763
10630
9942
8873
6647
5187
5274
6703
7572
5972
2907
160
-1426
-1935
-1936
-1266
-426
-1406
-4553
-7011
-7322
-6284
-5087
-4909
-5386
-6034
-7074
-7613
-6679
-4703
-3045
-2695
-3260
-3747
-3246
-2017
-910
258
1392
2018
1424
328
166
932
1701
1584
985
310
-499
-1648
-2733
-2917
-2884
-3572
-4214
-4975
-6800
-8152
-8049
-6830
-5425
-5430
-6447
-7394
-7367
-6531
-5341
-3603
-2211
-2065
-2802
-2859
-2141
-1258
-211
303
450
678
1083
1392
1816
2497
2994
2797
2097
1996
2791
3525
3090
2490
2358
2014
1457
1337
1664
1848
1912
1799
1874
1864
2105
2734
3320
4453
5485
5940
6041
6357
7383
8276
8748
9326
9909
10477
10012
8965
7419
5554
5253
5886
7191
7587
5937
3280
803
-762
-1171
-676
221
532
-970
-4038
-6277
-6818
-6164
-5418
-5169
-5275
-6099
-7507
-8136
-7369
-5787
-4195
-3627
-3865
-4099
-3731
-2903
-1900
-756
414
855
371
-162
10
849
1338
1263
1093
806
128
-835
-1611
-1846
-1989
-2600
-3474
-4077
-4345
-4876
-5793
-6217
-6111
-5746
-5614
-5720
-5685
-5267
-4803
-4601
-4266
-3491
-2826
-2723
-2710
-2237
-1399
-720
-182
308
763
1025
1230
1429
1928
2655
3224
3482
3364
3207
2952
2614
2360
2428
2628
2653
2414
2025
1689
1446
1508
1961
2807
3660
4145
3991
3867
4345
5217
6287
7058
7815
8109
8326
8532
8717
8512
7979
7498
6431
5322
4971
5556
6617
6132
4188
2112
670
-287
-1246
-1317
-275
-3
-1838
-4386
-6064
-6423
-6338
-6332
-5818
-5447
-6055
-7434
-8216
-7500
-5862
-4541
-4329
-4517
-4370
-3901
-3533
-3089
-1873
-521
-275
-1015
-1295
-641
262
516
356
322
38
-687
-1341
-1292
-903
-1074
-2539
-4485
-5861
-6283
-5451
-4255
-3541
-3764
-5123
-6602
-7048
-6172
-4418
-2839
-2346
-2742
-3435
-3850
-3435
-2419
-1318
-558
-424
-563
-431
248
1332
2353
2873
2811
2625
2700
2966
3306
3479
3517
3261
2844
2506
2447
2665
2783
2732
2644
2645
2721
3178
3784
4393
4753
4953
4927
5069
5741
6455
7324
7919
8210
8398
8142
7841
7520
7547
7063
5923
5137
5222
6050
6015
4856
3202
1721
305
-942
-1240
-446
87
-1005
-3104
-4927
-5919
-6201
-6229
-5760
-5087
-5216
-6322
-7425
-7464
-6598
-5546
-4986
-4729
-4531
-4202
-4035
-3931
-3061
-1816
-1237
-1594
-1834
-1384
-658
-222
-200
-210
-358
-1056
-1995
-2338
-1941
-1681
-2224
-3174
-3664
-3830
-3927
-4120
-4329
-4173
-4204
-4429
-4383
-3809
-3081
-2825
-3012
-3116
-2985
-2628
-2337
-1860
-1081
-482
-265
-157
50
452
882
1146
1483
2103
2696
2833
2646
2466
2464
2404
2330
2508
2881
3004
2883
2653
2545
2602
2642
2948
3565
4154
4451
4649
4857
5154
5532
5940
6335
6843
7247
7631
7879
8123
8304
8140
7740
7179
6481
5541
4802
4704
5243
5336
4364
3005
1755
537
-749
-1473
-1174
-635
-946
-2303
-3503
-4472
-5420
-6184
-6328
-5764
-5467
-5896
-6500
-6681
-6396
-5975
-5767
-5553
-5096
-4519
-4293
-4107
-3527
-2722
-2254
-2474
-2687
-2383
-1675
-1172
-935
-720
-648
-1126
-1860
-2349
-2430
-2165
-2282
-2472
-2702
-3180
-3672
-3958
-3921
-3792
-3625
-3629
-3625
-3551
-3474
-3268
-3185
-3005
-2744
-2486
-2152
-1737
-1441
-1172
-874
-570
-151
283
764
1290
1748
2089
2288
2297
2269
2267
2140
2179
2398
2708
2925
2896
2840
2739
2667
2685
3040
3422
3723
3902
4063
4333
4689
5094
5305
5449
5585
5659
5821
6190
6547
7124
7333
7282
7018
6632
6340
5723
4945
4398
4188
4348
4342
3797
2935
1947
672
-674
-1643
-1889
-1601
-1682
-2256
-3058
-3893
-4766
-5658
-6285
-6375
-6099
-5971
-5921
-5742
-5495
-5485
-5874
-6239
-6130
-5605
-5032
-4499
-3751
-3036
-2707
-2835
-3012
-2823
-2353
-1869
-1433
-877
-612
-780
-1209
-1472
-1348
-1271
-1338
-1735
-1849
-2571
-3435
-3534
-3236
-2425
-2307
-2536
-2724
-2904
-3132
-3193
-2820
-2102
-1557
-1612
-1518
-1238
-1042
-903
-946
-864
-658
-248
202
882
1570
2040
2045
1540
1463
1771
2341
2772
3275
3818
3775
3233
2704
2590
2699
2996
3433
3844
4076
4030
3876
3901
4239
4538
4614
4578
4823
5316
5815
6126
6309
6462
6256
5840
5621
6050
6472
6615
6326
5739
4962
3954
3176
2868
2981
2919
2432
1719
993
157
-885
-1874
-2610
-3124
-3474
-3836
-4113
-4229
-4528
-5304
-6259
-7064
-7368
-7240
-6905
-6312
-5612
-5145
-5241
-5550
-5584
-5232
-4791
-4392
-3830
-3084
-2470
-2196
-2104
-1800
-1424
-1278
-1336
-1383
-1141
-875
-678
-585
-589
-694
-1153
-1775
-2177
-2063
-1707
-1456
-1413
-1693
-2034
-2422
-2635
-2529
-2114
-1648
-1448
-1329
-1201
-1083
-969
-848
-627
-373
-188
98
503
912
1155
1201
1210
1239
1270
1488
1894
2331
2647
2785
2720
2574
2497
2575
2754
2906
3090
3237
3280
3143
3155
3290
3305
3193
3267
3575
3812
4024
4299
4664
4878
4860
4925
5002
5185
5295
5316
5405
5500
5583
5452
5257
4819
4265
3476
2710
2211
1979
1823
1413
873
335
-401
-1324
-2276
-2950
-3398
-3893
-4421
-4869
-5154
-5373
-5646
-6044
-6342
-6593
-6862
-7038
-6976
-6569
-6005
-5449
-5062
-4786
-4531
-4297
-4079
-3761
-3295
-2800
-2421
-2124
-1826
-1483
-1159
-1009
-971
-1056
-1124
-1213
-1284
-1144
-973
-835
-930
-1089
-1288
-1444
-1658
-1713
-1570
-1521
-1474
-1530
-1371
-1171
-948
-740
-644
-551
-531
-421
-250
123
519
780
1048
1087
1132
1181
1366
1571
1744
1889
1916
2069
2170
2314
2317
2298
2331
2366
2287
2271
2412
2487
2492
2400
2389
2427
2510
2736
2957
3064
3170
3290
3389
3437
3570
3817
4066
4215
4409
4591
4665
4602
4529
4495
4414
4236
4106
4026
3909
3717
3317
2856
2244
1683
1029
476
-4
-334
-643
-1050
-1460
-1947
-2480
-3090
-3628
-4062
-4441
-4775
-4998
-5092
-5133
-5148
-5223
-5315
-5399
-5540
-5581
-5476
-5148
-4700
-4203
-3798
-3537
-3317
-3147
-2962
-2794
-2529
-2295
-2126
-1910
-1616
-1251
-987
-857
-779
-872
-962
-1024
-917
-745
-544
-367
-235
-134
-153
-129
-154
-122
-89
-77
-39
186
467
610
708
721
729
672
613
697
873
1071
1173
1305
1382
1498
1504
1457
1450
1439
1432
1489
1631
1609
1627
1665
1623
1685
1750
1778
1772
1794
1901
1973
1970
1937
2034
2121
2242
2312
2366
2479
2551
2601
2579
2731
2855
2870
2870
2885
2891
2869
2851
2931
3012
2954
2814
2579
2375
2251
2168
2047
1893
1727
1443
1043
597
220
-139
-460
-785
-999
-1245
-1596
-1914
-2284
-2691
-3114
-3498
-3801
-4063
-4256
-4435
-4559
-4659
-4721
-4807
-4856
-4822
-4754
-4663
-4545
-4320
-4073
-3801
-3566
-3352
-3102
-2874
-2612
-2338
-2017
-1637
-1369
-1180
-989
-719
-418
-191
-27
166
362
500
507
464
563
700
772
723
672
667
653
612
579
604
710
725
605
503
531
584
577
562
631
680
730
700
735
859
924
988
844
884
972
1123
1144
1178
1330
1352
1316
1253
1321
1342
1401
1349
1444
1372
1262
1335
1339
1401
1305
1312
1320
1280
1262
1256
1318
1370
1549
1696
1752
1732
1699
1744
1750
1773
1752
1865
1910
1908
1920
1862
1812
1658
1551
1363
1195
1030
846
679
470
221
-173
-554
-911
-1215
-1462
-1773
-2009
-2285
-2511
-2835
-3173
-3375
-3493
-3637
-3880
-4043
-4119
-4054
-3948
-3823
-3685
-3532
-3379
-3262
-3123
-2889
-2558
-2304
-2034
-1694
-1349
-1050
-795
-483
-190
52
208
321
468
637
824
967
1122
1269
1331
1274
1175
1108
1004
946
892
912
952
944
888
798
726
656
567
483
471
458
420
412
480
491
555
530
497
421
342
314
368
510
648
647
641
655
634
730
650
746
745
866
815
744
881
976
1185
990
979
883
899
896
937
1145
1108
1301
1159
1158
1125
1262
1343
1281
1366
1308
1378
1230
1275
1336
1362
1369
1292
1267
1146
1072
956
843
842
725
650
509
354
194
-25
-195
-429
-644
-923
-1186
-1378
-1505
-1585
-1766
-1927
-2034
-2118
-2270
-2419
-2451
-2513
-2559
-2607
-2591
-2516
-2359
-2188
-2065
-1960
-1885
-1787
-1697
-1534
-1304
-1027
-794
-647
-491
-322
-159
-35
110
272
377
419
441
548
674
732
741
769
741
665
538
431
353
330
271
204
165
131
105
-33
-78
-129
-194
-294
-366
-342
-341
-307
-346
-294
-274
-286
-291
-264
-96
30
134
147
204
344
386
469
485
660
742
731
724
766
872
881
897
937
1060
1004
947
877
906
947
968
863
865
807
859
769
741
741
767
717
651
686
721
773
732
735
710
675
596
609
621
704
714
669
591
535
480
389
288
226
208
136
-23
-204
-327
-462
-617
-778
-852
-965
-1043
-1111
-1143
-1225
-1332
-1425
-1537
-1603
-1616
-1567
-1543
-1484
-1397
-1344
-1330
-1307
-1260
-1176
-1082
-983
-886
-763
-632
-524
-436
-393
-348
-310
-274
-237
-205
-170
-100
-66
-91
-141
-142
-171
-157
-223
-315
-334
-336
-292
-347
-356
-325
-255
-271
-283
-242
-201
-125
-89
-41
45
172
265
294
346
413
486
514
587
667
746
785
757
801
845
893
878
838
845
872
835
795
722
723
704
669
641
559
552
490
480
420
461
459
466
476
406
413
343
398
387
439
480
479
558
607
680
674
734
773
816
824
817
868
889
879
828
812
799
765
671
603
597
573
457
314
234
163
64
-69
-163
-245
-315
-403
-524
-599
-651
-713
-859
-934
-934
-927
-977
-1073
-1095
-1092
-1090
-1112
-1107
-1078
-1076
-1085
-1113
-1087
-1030
-1008
-998
-971
-903
-835
-793
-778
-768
-711
-665
-631
-603
-550
-501
-499
-451
-400
-362
-338
-293
-239
-182
-132
-96
-60
-48
17
40
88
132
187
200
207
257
303
348
314
326
314
355
363
370
357
355
349
317
339
337
346
319
292
291
304
271
274
261
244
241
232
258
254
288
289
321
323
328
355
349
353
388
441
492
520
563
585
617
644
718
799
829
872
894
949
924
960
960
973
957
948
936
872
859
835
783
686
618
525
426
325
243
144
15
-139
-287
-406
-519
-637
-725
-810
-889
-985
-1067
-1178
-1281
-1356
-1373
-1406
-1431
-1460
-1467
-1461
-1459
-1427
-1389
-1339
-1292
-1230
-1179
-1118
-1046
-959
-895
-817
-718
-638
-581
-529
-452
-385
-348
-296
-240
-176
-138
-84
-45
-17
13
42
73
88
114
145
161
188
223
265
276
296
314
319
327
325
374
410
440
425
414
401
414
446
457
480
502
502
495
465
461
443
427
408
412
435
428
412
369
348
313
321
314
330
333
358
368
364
366
357
364
390
442
493
529
512
530
548
573
581
569
576
596
632
639
639
596
568
523
515
479
437
402
346
296
238
172
86
21
-23
-94
-172
-277
-367
-445
-529
-593
-680
-723
-768
-786
-851
-899
-940
-961
-977
-978
-977
-961
-943
-918
-865
-814
-789
-786
-776
-741
-678
-616
-561
-504
-457
-421
-392
-358
-318
-261
-209
-174
-155
-136
-104
-87
-49
-30
-4
-2
17
21
29
56
91
124
135
141
137
149
171
193
214
235
265
291
311
325
333
341
355
368
383
415
422
439
448
473
491
496
486
476
495
510
536
550
537
504
487
483
475
489
481
480
459
446
415
385
374
375
373
381
373
369
371
356
333
319
303
290
270
266
265
271
276
275
278
245
235
210
205
181
184
162
140
96
68
22
-17
-59
-78
-95
-123
-166
-226
-281
-333
-377
-438
-466
-534
-565
-610
-637
-676
-700
-713
-742
-767
-798
-817
-852
-864
-865
-848
-834
-812
-787
-769
-767
-739
-703
-662
-625
-588
-545
-502
-458
-427
-372
-339
-294
-270
-233
-211
-190
-165
-136
-103
-77
-42
-12
30
52
84
103
136
163
185
190
210
229
258
283
295
290
283
297
305
306
332
359
370
364
358
365
357
352
340
347
337
322
304
302
278
256
231
219
192
165
145
133
109
92
69
47
29
13
34
41
56
61
57
47
47
43
37
28
45
80
104
128
159
182
192
211
248
273
315
340
369
388
398
407
417
429
426
412
400
383
380
356
329
293
261
233
220
195
159
139
103
64
4
-45
-103
-151
-194
-229
-257
-276
-304
-340
-368
-378
-407
-432
-455
-459
-472
-473
-455
-452
-450
-446
-444
-436
-429
-416
-407
-394
-380
-358
-343
-323
-294
-271
-240
-221
-200
-182
-140
-105
-74
-52
-33
-21
-11
9
25
40
65
84
94
101
114
121
112
122
141
151
151
144
136
129
129
132
121
112
127
132
116
95
88
76
63
56
45
42
45
53
44
42
41
47
56
67
66
67
60
66
81
95
102
98
104
136
151
156
180
202
217
215
226
242
267
286
312
308
289
284
278
275
277
281
276
267
271
257
246
219
203
185
172
165
147
117
83
55
24
-3
-40
-81
-118
-149
-180
-211
-247
-271
-303
-324
-346
-355
-373
-387
-414
-442
-472
-495
-503
-511
-510
-505
-487
-481
-474
-473
-475
-477
-460
-430
-389
-356
-323
-296
-264
-245
-222
-201
-185
-148
-116
-92
-86
-63
-35
-4
32
66
91
106
116
125
135
144
167
182
191
203
205
207
204
198
204
203
199
192
185
187
211
211
197
197
178
173
162
164
173
176
172
163
146
139
124
107
105
107
109
105
99
93
87
87
99
107
130
130
137
135
128
128
121
133
146
149
150
147
144
134
121
103
109
114
122
128
117
118
96
85
60
45
31
22
13
-7
-23
-44
-61
-88
-100
-111
-124
-132
-146
-158
-172
-187
-201
-213
-232
-242
-247
-253
-263
-271
-270
-269
-262
-264
-254
-241
-233
-241
-240
-220
-206
-192
-172
-150
-133
-128
-109
-94
-78
-69
-62
-51
-43
-29
-26
-17
-8
12
24
42
51
60
71
84
87
87
93
88
89
84
86
91
85
78
72
74
76
81
81
87
95
103
110
114
104
101
97
94
104
120
114
103
91
85
97
110
121
126
125
112
116
122
130
129
128
140
147
156
154
141
129
124
124
121
115
110
115
119
128
133
128
119
112
99
104
101
116
106
107
83
74
58
37
17
-11
-21
-26
-27
-40
-42
-53
-59
-79
-89
-99
-106
-123
-123
-127
-125
-156
-169
-191
-191
-193
-188
-198
-203
-213
-226
-228
-236
-225
-211
-198
-185
-181
-176
-175
-173
-169
-175
-175
-180
-175
-181
-175
-170
-160
-154
-141
-131
-114
-88
-73
-67
-62
-66
-53
-39
-18
-4
13
16
18
11
1
-7
3
15
30
54
67
76
82
92
98
107
117
133
142
148
139
135
135
140
146
150
141
135
127
135
148
153
161
167
164
158
144
146
149
147
143
141
132
119
113
94
93
92
104
104
107
107
99
85
69
53
38
29
22
33
31
35
31
21
10
-9
-18
-33
-49
-60
-53
-35
-25
-27
-49
-52
-73
-75
-89
-83
-89
-92
-92
-102
-107
-123
-130
-139
-128
-126
-124
-119
-125
-122
-131
-129
-134
-138
-134
-131
-123
-135
-125
-125
-120
-130
-131
-131
-133
-121
-129
-113
-107
-86
-77
-61
-49
-44
-41
-48
-39
-46
-43
-35
-21
-14
-16
-1
3
12
19
13
16
8
13
18
32
44
51
65
74
90
90
99
102
102
103
101
108
112
111
116
121
135
145
154
161
166
171
158
149
133
133
128
134
138
145
150
150
147
130
129
118
114
109
113
112
113
111
115
110
118
112
97
81
71
52
45
46
43
60
46
64
49
43
25
2
-12
-21
-25
-35
-26
-23
-26
-36
-60
-59
-85
-91
-110
-118
-116
-113
-104
-117
-108
-130
-125
-141
-135
-133
-144
-146
-157
-155
-166
-173
-169
-169
-156
-148
-128
-138
-136
-145
-139
-136
-136
-123
-121
-116
-110
-100
-80
-73
-53
-56
-55
-63
-69
-54
-48
-16
-14
8
4
22
25
20
24
12
17
9
23
37
37
44
47
60
38
32
17
11
19
28
57
60
77
70
67
62
59
60
52
57
65
70
75
78
86
76
79
72
69
64
66
66
59
65
68
85
79
85
81
70
60
48
40
45
56
68
72
81
70
78
56
48
26
14
26
23
45
33
43
29
28
-13
-27
-38
-46
-35
-42
-21
-27
-23
-24
-35
-33
-54
-42
-55
-54
-61
-60
-61
-50
-30
-49
-36
-54
-51
-52
-76
-65
-71
-37
-37
-32
-30
-41
-39
-56
-38
-62
-48
-58
-46
-42
-50
-31
-46
-32
-42
-41
-33
-41
-28
-38
-15
-23
-8
-5
-3
12
2
14
-7
5
-9
-13
-15
-23
1
1
18
1
3
1
-3
-2
-22
-15
-27
-9
-11
-6
7
2
5
-13
-4
-7
7
18
23
42
32
46
28
36
39
33
31
13
25
9
29
36
42
50
40
49
30
39
36
40
43
54
71
67
79
73
72
54
36
42
35
56
59
68
63
51
57
39
52
41
56
45
38
35
18
21
6
15
5
3
11
12
39
15
21
-7
-9
-1
6
19
-7
19
-17
-10
-27
-28
-14
-40
-15
-43
-15
-35
-26
-31
-54
-40
-51
-32
-46
-37
-14
-25
9
-28
0
-40
-25
-37
-38
-22
-36
-8
-34
-29
-37
-47
-38
-46
-25
-33
-27
-32
-24
-22
-30
-16
-45
-24
-40
-32
-34
-37
-25
-27
-15
-18
-5
-10
-11
-13
-22
-13
-30
-24
-32
-20
-12
