-1
0
-4
-4
0
-9
-10
-6
-17
-18
-19
-25
-15
-15
-7
-1
-17
-10
-4
-2
12
-2
6
16
-1
7
-3
-6
12
-6
8
1
-23
-2
-19
-7
13
-14
2
-9
-25
10
-8
8
21
-11
14
-7
-22
-4
-32
-18
-10
-30
-1
-18
-24
-4
-18
10
16
-12
-1
-18
-16
10
-3
18
12
-9
-1
-17
-2
14
3
14
9
9
25
17
22
23
13
23
28
28
27
13
9
19
17
13
8
3
2
8
11
9
15
7
10
13
3
6
1
0
20
6
2
1
-11
1
-4
-8
11
-3
-7
-11
-19
-5
-10
-14
-6
-12
-13
-13
-17
-8
-9
-6
-5
-12
-11
-13
-13
-9
-15
-13
-8
-6
0
-5
-8
-2
-2
12
14
15
22
12
13
20
22
29
27
30
34
23
22
17
17
23
12
16
11
5
16
19
24
31
25
21
18
16
19
17
14
18
22
13
10
1
2
11
17
28
19
9
-2
-8
5
8
8
15
10
9
8
-4
7
9
5
16
1
-2
2
-14
5
13
11
24
13
21
30
12
23
22
16
32
22
21
26
9
15
11
4
9
-2
-8
-5
-9
-2
4
1
4
-5
-9
-5
-17
-17
-17
-24
-15
-20
-26
-21
-26
-14
-6
-12
-1
-10
-12
1
-13
-5
6
-8
4
-10
-18
1
-10
3
8
-6
19
11
5
17
2
20
30
20
41
34
22
27
15
28
34
18
24
19
9
16
11
17
25
10
8
10
-2
-2
-9
-12
-3
-7
-12
-9
-17
-18
-19
-24
-17
-19
-27
-28
-25
-21
-20
-21
-15
-12
-22
-31
-33
-36
-34
-28
-28
-21
-20
-36
-34
-29
-24
-5
-11
-14
-4
-22
-18
-9
-20
-8
-14
-15
11
0
4
5
-11
9
3
1
19
4
4
0
-6
11
1
-2
9
-4
-3
-4
-9
8
3
-2
2
-8
1
-5
-7
15
13
11
9
-9
1
11
16
33
24
15
18
3
12
18
2
17
15
7
15
-2
2
7
-3
18
13
4
15
-4
5
16
-1
12
7
0
16
-4
1
12
-6
6
-13
-21
1
-14
-6
1
-15
0
-11
-20
-8
-20
-16
-16
-21
-9
-15
-25
-28
-26
-24
-25
-21
-23
-26
-17
-17
-10
-2
-8
-4
-6
-10
-6
-16
-13
-7
-9
6
3
-6
-8
-14
-3
4
-6
0
2
11
21
8
12
15
9
13
7
11
13
7
5
5
19
23
18
19
11
15
22
25
29
16
10
8
0
1
-3
-2
1
-6
-3
-15
-21
-6
-13
-11
-5
-19
-16
-26
-27
-11
-24
-19
-17
-30
-20
-26
-33
-28
-46
-33
-26
-34
-19
-33
-35
-21
-31
-8
-9
-18
-3
-21
-17
-8
-19
-3
0
-5
14
-5
-4
8
-1
23
22
12
29
12
15
25
7
29
24
15
30
10
14
11
-10
13
10
5
17
-3
13
15
4
23
11
14
21
1
17
12
1
21
10
14
9
-18
6
10
4
21
-1
6
16
-6
10
17
14
19
6
21
29
14
22
14
3
9
5
8
5
-7
-7
-19
-20
-8
-10
-6
-8
-9
-13
-14
-4
-11
-12
-13
-21
-20
-25
-25
-21
-34
-30
-38
-47
-31
-36
-33
-15
-22
-15
-20
-36
-20
-27
-29
-15
-26
-20
-16
-28
-18
-24
-25
-11
-14
1
5
-2
13
5
8
17
17
29
21
17
25
24
32
30
26
40
33
34
34
17
35
30
23
35
25
42
36
21
37
32
42
49
30
32
28
21
33
24
24
19
7
34
33
22
28
10
12
15
1
8
-1
0
17
3
8
2
-21
-16
-17
-11
-1
-15
-3
-5
-17
-8
-26
-20
-10
-18
-4
-12
-24
-20
-24
-12
-4
-17
-14
-25
-33
-12
-9
-2
0
-20
-18
-20
-26
-11
-12
-13
-7
-14
-19
-25
-30
-14
-7
-12
0
-5
-18
-18
-18
-6
-1
5
21
19
9
6
-7
-10
2
9
18
13
5
11
1
7
13
12
19
12
4
3
-2
12
19
19
25
18
11
11
11
20
11
3
2
-5
4
11
17
18
2
6
11
3
-2
-5
5
8
10
17
3
-6
-6
-18
-12
-3
-7
-3
-16
-14
1
-10
-1
-9
-24
-8
-12
-9
-6
-24
-11
-17
-22
-12
-28
-28
-26
-35
-19
-26
-32
-19
-26
-10
-10
-23
-12
-13
-9
2
-12
-14
-11
-11
14
15
13
22
3
1
4
-3
11
4
6
20
5
11
17
2
12
5
-5
8
-6
-1
-1
-21
-3
-9
-15
4
-10
0
1
-7
20
15
14
24
3
8
4
-6
9
-4
5
18
11
18
1
-11
4
1
11
11
1
11
-1
-1
11
8
9
-3
-8
3
-3
1
-5
-12
2
-3
-1
7
-4
0
-8
-3
6
-4
1
0
-5
0
-14
-18
-8
-12
2
1
-5
-4
-27
-18
-3
-16
-3
-8
-15
2
-14
-5
9
-8
7
0
-15
-3
-20
-20
-12
-24
-5
-3
-16
-3
-14
-12
1
-10
-1
3
-8
0
-6
-4
6
-3
8
10
1
11
4
8
8
-3
-2
-2
3
8
5
11
8
-1
4
6
8
5
0
5
3
1
-1
-12
-5
2
1
9
0
2
4
-7
4
-1
-7
6
6
12
14
-4
-1
-2
-13
3
3
1
4
-6
6
5
-9
-3
-3
7
23
11
8
-1
-19
-13
-21
-11
1
-12
-3
-11
-11
5
-9
0
8
0
12
-4
-10
-8
-30
-11
-9
-19
4
-11
-14
-5
-30
-16
-15
-19
15
8
11
20
2
13
9
0
16
8
20
32
23
35
28
25
33
21
24
23
19
26
9
11
10
9
25
19
23
25
12
23
21
18
20
6
8
10
6
19
19
14
25
19
25
32
20
25
10
1
11
-7
-1
-6
-17
1
-5
-3
8
-15
-12
-17
-14
11
0
-1
3
-11
-6
-14
-23
-20
-27
-16
-5
-4
-7
0
7
9
10
-15
-22
-18
-10
8
1
12
7
-7
6
-1
16
13
0
6
-5
-1
-4
-11
-6
-16
-18
-14
2
7
5
8
-6
4
4
-8
-6
-35
-29
-25
-30
-11
-33
-25
-11
-16
2
-15
-18
-18
-19
3
8
34
38
28
31
15
26
21
17
43
25
29
22
17
32
18
33
36
29
40
26
29
27
24
34
32
48
41
29
24
20
40
24
17
16
9
29
11
28
48
39
54
36
37
36
18
44
32
21
11
-17
-2
-23
-32
-23
-29
-1
-5
-12
-14
-26
-19
-28
-19
-24
-27
-38
-73
-65
-109
-123
-77
-87
-42
-71
-102
-28
-23
-12
-41
-31
-19
-79
-84
-136
-133
-90
-88
-48
-81
-87
-62
-75
-48
-53
-11
-29
-56
-16
-34
15
23
30
91
65
93
106
94
121
101
130
153
143
162
147
153
175
182
217
219
225
213
194
219
211
216
202
195
215
189
184
161
136
132
86
84
51
16
-1
-32
-2
-2
9
10
-9
-2
-62
-49
-83
-109
-148
-270
-215
-261
-250
-233
-313
-226
-284
-286
-241
-280
-183
-229
-188
-119
-229
-148
-177
-136
-66
-152
-82
-122
-137
-96
-181
-139
-155
-200
-145
-219
-224
-239
-320
-284
-318
-323
-304
-350
-294
-277
-259
-199
-208
-167
-154
-186
-173
-190
-182
-139
-130
-103
-41
20
139
259
359
521
641
724
814
798
822
845
766
788
680
664
675
579
651
596
622
671
601
667
613
566
568
416
434
310
234
235
64
112
17
29
66
-7
108
90
122
169
71
105
4
-44
-43
-181
-128
-255
-264
-310
-398
-323
-395
-297
-300
-291
-235
-307
-300
-376
-431
-498
-598
-681
-834
-933
-1088
-1146
-1233
-1319
-1277
-1366
-1258
-1239
-1176
-1027
-1058
-867
-841
-732
-574
-596
-415
-422
-345
-240
-300
-197
-227
-147
-42
-25
121
144
266
367
455
599
672
835
945
1101
1228
1283
1391
1396
1454
1463
1422
1449
1405
1468
1502
1521
1644
1731
1910
2068
2222
2444
2600
2808
2913
3043
3117
3151
3231
3142
3100
2966
2788
2718
2502
2360
2266
1948
1913
1561
1263
982
328
-14
-759
-1483
-2149
-3164
-3877
-4790
-5647
-6173
-6908
-7134
-7385
-7454
-7178
-7063
-6567
-6147
-5679
-5103
-4687
-4189
-3774
-3462
-3143
-2919
-2732
-2522
-2348
-2127
-1806
-1574
-1204
-816
-509
-80
166
460
781
827
1040
968
896
971
754
847
750
687
900
859
1178
1418
1556
2077
2132
2600
2819
2964
3434
3416
3858
3943
4092
4412
4364
4701
4787
4779
5117
4856
5154
4962
4856
4986
4514
4918
4460
4705
4776
4578
5086
4697
4970
4969
4549
4761
3819
3389
2549
1111
417
-1613
-2702
-4336
-5966
-6842
-8345
-8644
-9226
-9351
-8884
-8660
-7558
-6761
-5685
-4452
-3732
-2557
-2016
-1318
-838
-799
-491
-713
-634
-753
-848
-615
-543
-89
180
628
1021
1203
1479
1265
1051
524
-292
-1080
-2359
-3490
-4669
-5822
-6522
-7215
-7412
-7386
-6962
-6140
-5129
-3945
-2785
-1514
-501
463
1166
1513
1863
1767
1648
1541
1084
1047
737
652
806
725
1201
1459
1890
2332
2560
2908
3168
3457
3650
3874
3957
4133
4424
4545
5002
5157
5305
5778
5608
6029
5935
5680
5871
5215
5365
4969
4705
4796
4421
4602
4421
4549
4659
4692
4800
4425
4286
3505
2743
1906
42
-1054
-3218
-4934
-6254
-8619
-9446
-10993
-11653
-11436
-11795
-10620
-9780
-8593
-6759
-5636
-3874
-2577
-1632
-678
-377
-44
-82
-92
-327
-556
-719
-878
-383
-120
536
1256
1814
2837
3330
3837
4159
3878
3674
2911
1995
910
-525
-1819
-3170
-4292
-5297
-5867
-6240
-6246
-5882
-5406
-4390
-3521
-2400
-1291
-526
383
809
1163
1385
1050
904
293
-161
-546
-1196
-1359
-1786
-1770
-1594
-1418
-929
-665
-211
312
747
1266
1525
1793
2033
2165
2298
2352
2525
2567
2820
2779
2907
3151
3078
3634
3597
3830
4350
4095
5052
5096
5363
6224
5819
7039
7070
7288
8012
7419
8098
7636
7254
7146
5979
5620
4167
3025
1500
-445
-1628
-3919
-4879
-6995
-8438
-8921
-10380
-9728
-10350
-9995
-8711
-8658
-6783
-6119
-5141
-3496
-3347
-2130
-1894
-1702
-1097
-1320
-958
-1053
-911
-522
-192
360
566
1171
1568
2045
2442
2173
2206
1731
1019
431
-987
-2039
-3063
-4495
-5054
-6224
-6780
-6621
-6941
-6110
-5540
-4739
-3139
-2307
-830
313
1025
2114
2315
2620
2425
1901
1462
796
207
-570
-1017
-1411
-1587
-1461
-1423
-836
-302
143
906
1278
1957
2545
2821
3329
3519
3610
3890
3802
4043
4098
4004
4191
3940
4270
4043
4210
4336
4091
4651
4444
5073
5432
5314
6114
5927
6543
6721
6466
7180
6621
7031
6484
6041
5958
4885
4598
3133
1680
308
-1489
-2870
-4642
-6818
-8353
-9756
-10548
-10924
-11332
-11073
-10196
-9334
-8010
-6788
-5495
-3769
-2925
-1926
-1412
-926
-465
-190
-125
-488
-475
-545
-53
100
8
492
765
1143
1531
1319
1411
1223
485
132
-1027
-2061
-2931
-4094
-5037
-5897
-6624
-6672
-6359
-6310
-5361
-4517
-3192
-1525
-531
924
2071
2864
3707
3728
3595
3185
2304
1569
606
-287
-1270
-1828
-2219
-2300
-2099
-1878
-1039
-485
235
1170
1883
2706
3287
3491
3866
3926
3968
4072
3878
3910
3753
3549
3447
3470
3442
3527
3391
3502
3589
3714
4148
4322
4741
4925
5331
5861
6153
6368
6694
6896
7223
7117
6895
6790
6318
5804
4832
3420
1811
400
-1614
-3107
-5255
-7202
-8212
-9660
-9885
-10299
-10398
-9396
-8681
-7568
-6327
-5380
-3793
-2814
-2156
-1588
-1223
-873
-646
-414
-809
-598
-627
-368
188
-187
294
751
867
1393
1045
943
975
160
-231
-1274
-2507
-3539
-4657
-5708
-6734
-7423
-8074
-7714
-7583
-7097
-5997
-5227
-3559
-2338
-1394
-41
528
1355
1585
1315
1175
371
-117
-996
-1598
-2294
-2945
-2851
-2916
-2416
-1918
-1247
-52
783
1763
2873
3618
4568
5018
5228
5566
5522
5509
5507
5215
5028
5068
4655
5087
4907
4967
5517
5095
5846
5671
5729
6490
6071
6702
6815
6625
7505
7082
7412
7708
7231
7628
7137
6861
6516
5509
4488
2806
1067
-731
-2617
-4404
-6878
-8499
-9974
-10967
-10971
-11622
-10734
-9810
-8920
-7157
-6418
-4645
-3264
-2660
-1482
-1429
-898
-669
-710
-486
-1078
-1222
-1184
-832
-634
-741
-436
9
260
382
119
1
-367
-1149
-1791
-2916
-4043
-5332
-6264
-7437
-8004
-8682
-8888
-8129
-8183
-6927
-6014
-4759
-2749
-1894
-480
584
1147
2341
2129
2252
1891
1038
795
-138
-342
-1183
-1549
-1571
-1428
-757
-449
492
1393
2204
3333
4038
4920
5806
6035
6668
6683
6761
7097
6679
6729
6229
5977
6002
5526
5577
5085
4834
4697
4407
4686
4447
4625
4687
5007
5450
5403
5963
5721
6504
6465
6211
6551
5423
5499
4397
3106
2371
-316
-1438
-3741
-5872
-7202
-10241
-10417
-11735
-12007
-11546
-12028
-9913
-9095
-7680
-5888
-5075
-2807
-2117
-1431
-569
-842
-11
-252
-85
-216
-842
-264
-174
427
274
255
1137
1272
1927
1585
1287
1360
260
-239
-1363
-2824
-3640
-5129
-6079
-6840
-7830
-7859
-7625
-7250
-6353
-5424
-4202
-2390
-1266
-53
970
1367
2154
2067
1742
1416
436
-97
-962
-1726
-2128
-2702
-2636
-2560
-2065
-1361
-564
567
1550
2623
3551
4296
5119
5756
6116
6306
6347
6247
6358
6150
5688
5782
5004
5238
5073
4497
5069
3987
4531
4545
4316
5440
4664
5767
5786
6133
6847
6381
7298
6578
6958
6396
5635
5713
3919
3397
1512
-873
-1481
-4752
-5387
-7449
-10308
-9957
-12159
-11159
-11028
-11515
-9110
-8515
-6727
-4688
-4251
-1807
-1419
-931
161
-371
554
15
217
-25
-553
80
191
1118
728
968
1698
1902
2608
2121
1819
1535
582
216
-826
-2045
-2935
-4511
-4980
-6217
-6589
-6715
-7028
-6014
-6128
-4864
-3674
-2878
-1025
-718
307
1294
1113
2115
1298
883
392
-1021
-1239
-2459
-3084
-3840
-4530
-4341
-4255
-3569
-2985
-2088
-826
203
1779
2880
3930
5070
5247
6019
6056
6212
6613
6123
6251
5568
5455
5180
4972
4921
4241
4699
4433
5044
5593
5233
6286
6372
6944
7883
7320
8273
8091
7874
8214
6856
6919
5534
4296
3209
505
-630
-3066
-4872
-6222
-9398
-10024
-11479
-11820
-10897
-11791
-9754
-8884
-7313
-5076
-4698
-2132
-1624
-842
-2
-491
328
-559
-590
-727
-1750
-1303
-1417
-734
-43
-572
534
1063
1598
2400
1500
1690
993
-108
-332
-2130
-3157
-4457
-6235
-6465
-7691
-7660
-7377
-7608
-6123
-5541
-3932
-2157
-1240
775
1381
2292
3187
3004
3459
2531
1559
717
-627
-1183
-2088
-2965
-3665
-4056
-3729
-3087
-2342
-1642
-474
524
1867
3285
3956
4971
5262
5657
6079
5721
6124
5916
5514
5359
4533
4777
4547
4260
4572
3674
4341
4327
4642
5574
4868
6073
6209
6604
7998
7061
8327
7638
7207
8290
6076
6918
4769
3222
2762
-1211
-1219
-4319
-6247
-7030
-11089
-10288
-12053
-11993
-10470
-11975
-8870
-8480
-6608
-3836
-4090
-1179
-1390
-820
366
-867
203
-1019
-1051
-721
-1949
-861
-1025
-82
723
297
1941
2081
2778
3116
2124
2408
1144
394
-514
-2451
-3401
-5175
-5795
-6640
-7370
-7152
-7771
-6437
-6619
-5348
-3783
-3419
-1055
-1045
233
1544
1260
2618
1798
1578
1619
109
347
-1303
-1979
-2767
-4143
-3957
-4806
-4027
-3564
-3077
-1757
-964
695
2084
3076
4408
5113
5770
6630
6450
6589
6130
5338
5221
4367
3982
3819
3217
3311
3254
3224
4097
4307
5243
5633
6514
7381
7753
8663
8335
8971
8876
8332
8331
7204
6478
5322
3561
1955
-411
-2116
-4615
-5934
-8281
-10370
-10531
-11660
-10506
-10607
-10073
-7510
-6631
-4386
-2891
-1933
199
-154
606
568
29
12
-1055
-968
-1777
-2062
-1694
-1463
-474
-545
209
1405
1666
2643
2192
1934
1950
524
93
-1403
-3226
-4146
-5952
-6648
-7242
-8261
-7932
-7877
-7294
-5853
-5138
-3244
-2136
-1070
120
431
1363
1431
1472
1128
-8
-755
-1836
-2706
-3510
-4833
-5079
-5639
-5275
-4752
-4204
-2834
-2170
-606
709
2046
3391
4327
5356
6000
6237
6476
6449
6442
6480
6170
6257
5939
5963
5911
5717
5890
5568
5895
5791
6091
6761
6415
7408
7046
7649
8540
7625
9134
8118
8408
8534
6725
7260
5272
4154
2603
-876
-1681
-4809
-6440
-8318
-11743
-11791
-13902
-12975
-12638
-12595
-10007
-9322
-6540
-4778
-3654
-842
-717
485
1013
108
1310
-263
105
-386
-1914
-809
-1332
-180
45
-283
1169
1486
2199
2527
1981
1955
1096
194
-457
-2294
-3414
-5084
-6231
-6857
-8122
-7805
-7819
-7219
-5964
-5421
-3372
-1702
-395
1341
1488
2612
2951
2681
2364
713
-125
-1535
-2552
-3332
-4354
-4761
-5186
-4728
-4000
-3323
-1954
-808
411
1571
2334
3547
4359
4759
5133
4984
5090
5336
5288
5329
5119
4821
5099
4829
5035
5102
4842
5246
5063
5608
5895
5765
6314
6466
6846
7568
7580
8424
8659
8576
9119
8591
8586
7979
6689
5714
3085
888
-1169
-4159
-5671
-9113
-11487
-12434
-13731
-12740
-13043
-12010
-9859
-8451
-5794
-4454
-2254
-311
-69
828
370
430
76
-951
-740
-2009
-2362
-1894
-1593
-354
-570
65
1425
2120
3203
3025
2955
2682
1565
936
-542
-1918
-3491
-4954
-6054
-7120
-7504
-7779
-7143
-6616
-5804
-4571
-3239
-1456
-192
566
1307
1682
2002
1796
913
-86
-1255
-2323
-3329
-4054
-4981
-5300
-5422
-5200
-4458
-3802
-2500
-1379
-305
933
2012
3055
4213
4749
5310
5580
5614
6258
6029
6276
5835
5558
5716
5109
5507
5021
4844
4858
4560
5154
5253
5445
6097
6271
7038
7163
7678
8408
8337
8748
8103
8133
7702
7030
6068
4506
2232
-43
-2108
-4594
-5982
-9036
-10725
-11633
-12251
-11439
-11298
-9975
-7759
-6291
-4213
-2438
-730
1134
971
1502
1236
977
628
-130
-461
-1625
-1922
-1683
-846
-450
-454
349
1174
1790
2149
1754
1781
1001
-69
-666
-2332
-3003
-4596
-5658
-6256
-7579
-7244
-7548
-6884
-6174
-5851
-4194
-2965
-1450
-309
171
1229
1734
2143
1937
1129
575
-769
-1478
-2651
-3563
-4177
-5123
-4760
-5070
-4431
-3389
-2695
-1166
-277
1050
2455
3318
4495
4899
5183
5509
5405
5690
5188
4926
4680
4155
4379
3958
4310
4021
3968
4481
4168
5505
4888
5892
6417
5987
7850
6681
8096
7992
7643
8870
7387
8181
6903
5682
5742
2032
1145
-1505
-4603
-4676
-9250
-10318
-11981
-13211
-11786
-12732
-11085
-9481
-7777
-5146
-3993
-1834
181
427
1807
877
1262
931
-321
508
-1348
-1339
-1531
-1259
-106
-363
304
1225
2024
2467
2383
2045
1941
896
57
-1249
-2698
-3879
-5258
-5921
-6759
-7296
-7216
-6706
-6115
-4853
-3870
-2409
-887
42
1070
1520
1998
2154
1714
1005
-92
-1045
-1632
-2560
-3169
-4034
-4317
-4050
-3716
-2995
-2539
-1717
-888
10
900
1729
2357
3015
3400
3751
3932
4097
4482
4544
4629
4563
4397
4376
4269
4009
4163
3448
3740
3470
3657
4320
3856
5021
5000
6080
6647
6872
7946
8114
8769
8524
8025
7981
6656
5951
4337
1490
12
-3177
-4994
-6615
-9563
-10972
-11791
-12129
-11235
-10512
-9276
-6916
-5364
-3312
-1862
-350
1004
1217
1234
604
533
-370
-810
-1101
-2109
-1849
-1653
-878
1
33
727
1670
2010
2415
1796
1555
1123
-18
-628
-2105
-2873
-4299
-5206
-5398
-6418
-5758
-5915
-5656
-4623
-4270
-2851
-1555
-631
285
571
1050
1444
1464
1210
281
-494
-1758
-2509
-3343
-3956
-4366
-5251
-4946
-4640
-3874
-2930
-2168
-1107
-238
869
2120
2883
3672
4027
4266
4644
4688
5082
4850
4757
4543
4494
4430
4686
4625
4501
4731
4315
5199
5277
5506
5997
6038
6620
7293
7284
8198
7973
8156
8639
7771
8495
6911
6263
5161
2550
1149
-1228
-3919
-5268
-8167
-10149
-10956
-11990
-10802
-10918
-9457
-8023
-5929
-3619
-2143
364
1265
1934
2175
1782
1881
1285
52
-92
-1378
-1601
-1258
-1261
-374
-416
294
1002
1669
1882
1648
1404
437
-482
-1442
-2775
-3709
-5083
-6257
-6653
-7559
-6797
-6878
-6562
-5441
-5118
-3085
-1927
-894
271
346
1065
1280
1070
1058
151
-378
-1488
-2263
-2737
-3395
-3366
-4142
-3841
-3826
-3334
-2341
-1876
-983
-650
382
1321
2014
2805
3097
3602
4156
4173
4921
4710
5061
5215
4648
5076
4529
5169
4892
4891
4558
4544
5156
4962
5625
5624
6051
6997
7355
7823
8587
8466
9187
8808
8911
8314
7173
5825
3205
1435
-1221
-3768
-5946
-8315
-11080
-11829
-12590
-12062
-10925
-10068
-7755
-5897
-3413
-1560
288
1877
2222
2291
1831
1432
775
-553
-1030
-2044
-2672
-1863
-1807
-724
-145
129
1436
1991
2582
2492
1873
1380
333
-1021
-2199
-3481
-4516
-5815
-6722
-7217
-7240
-6867
-6320
-5601
-4921
-3633
-2246
-834
245
823
1330
1922
2018
1717
936
195
-791
-1820
-2641
-3552
-3656
-4082
-4031
-3875
-3504
-2206
-1251
-230
678
1291
2171
2940
3429
3682
3579
3732
3869
3909
4016
3987
4310
4501
4734
4846
4768
5286
5035
5052
4880
4640
4790
4955
4901
4867
5567
5407
6429
6676
6532
7563
7480
7995
7746
6136
5729
3496
1290
-421
-4140
-5766
-8465
-11182
-12891
-13642
-13461
-13254
-11344
-10320
-7846
-5106
-3213
-774
1061
1558
2170
1921
1515
1359
-541
-667
-1628
-2577
-2254
-1958
-1161
-295
95
902
2073
2380
2713
2173
1665
660
-647
-1708
-2955
-4048
-5149
-5608
-6130
-6446
-5926
-5466
-4812
-3756
-3497
-2343
-1211
-721
183
186
864
1158
1114
1288
498
488
-27
-872
-1083
-2123
-2530
-3005
-3243
-3121
-3405
-2600
-1971
-1353
-340
347
1530
2547
3214
3960
4295
4867
5036
5268
5036
4776
5039
4422
4512
4206
3941
4171
4059
3836
4387
4639
4481
5604
5561
6133
7033
6869
7504
7927
7522
7811
7435
6829
5636
4532
2480
-165
-1055
-5174
-6237
-8093
-11871
-11783
-12986
-13088
-11603
-10957
-9220
-7101
-4984
-2962
-1543
696
951
1623
1118
891
1217
-558
71
-1028
-1754
-728
-857
94
939
881
1899
2545
2846
2917
2119
1787
569
-554
-1717
-2890
-3854
-4958
-5746
-6097
-6175
-5743
-4919
-4497
-3379
-2417
-1057
86
821
1243
1204
1562
1238
639
157
-856
-1584
-2169
-2720
-2654
-3108
-2957
-2620
-2485
-1821
-1180
-563
-24
354
571
1131
1497
1727
1862
1712
1882
2230
2623
2941
3103
3511
3792
4387
4825
4935
5155
4891
5052
4691
4955
5114
4453
5233
4632
4867
6318
5844
7037
7410
7155
8383
7990
8350
7801
6315
5215
2477
360
-1970
-5054
-6927
-9966
-12749
-13427
-13946
-13253
-12538
-11023
-9149
-6908
-3623
-2424
-28
1759
1420
2359
1502
1412
1237
-482
-185
-1235
-1483
-290
-128
1027
1465
1816
3025
3535
3694
2931
2167
1182
-272
-1290
-2817
-3964
-4934
-6122
-6245
-6443
-6039
-5068
-4328
-3054
-2266
-1117
408
1184
1707
1801
1674
1823
1411
448
-423
-1104
-1833
-2279
-2603
-2851
-2764
-2920
-2300
-1945
-1545
-448
-52
487
852
980
1714
2029
2115
2283
2012
2531
2926
3327
3738
3640
4414
4642
5194
5374
5176
5754
4789
5039
4889
4121
4908
3647
4417
4569
4204
6334
5309
6729
7191
6581
8491
7252
7233
6271
4287
2237
-377
-1720
-5792
-7065
-9883
-13643
-12227
-14158
-12958
-10994
-11303
-7728
-6016
-3772
-1191
260
2071
1708
1710
1425
1041
337
-861
-1011
-2449
-2232
-1003
-778
649
1134
1611
3206
3471
3586
3196
2195
1368
-391
-1600
-2678
-3979
-4911
-5623
-6246
-6181
-5015
-4990
-3782
-2981
-2917
-887
-173
503
1306
982
1425
1519
1318
907
302
259
-680
-1190
-1489
-1647
-1969
-2274
-1753
-2414
-1841
-924
-987
-218
162
995
1960
2304
2909
2966
3226
3815
3861
4065
3899
3905
4059
4155
4096
4287
4491
4194
4858
4327
4776
5609
4655
5607
5586
5441
6772
6431
6954
6702
6887
7263
6831
7355
5633
5159
3335
459
-319
-3752
-5985
-7413
-11595
-12915
-13599
-14068
-12833
-12287
-10841
-9069
-6214
-3909
-2131
184
797
1267
1137
920
1223
-621
-892
-1427
-2707
-1693
-1611
-572
386
616
1898
2463
3538
3451
2466
2032
373
-645
-1705
-3593
-4449
-5850
-6973
-6608
-6639
-5988
-5052
-4621
-3226
-1850
-869
619
1162
1071
1557
1365
1172
867
-165
-859
-1311
-1731
-1973
-1960
-2019
-2044
-1742
-1196
-654
-250
268
778
936
1405
2010
2137
2325
2365
2552
2718
2996
3316
3201
3505
3820
4182
4918
4821
5170
5334
5086
5857
5344
5484
5869
5000
5673
5642
5670
7006
6513
7087
7469
7486
8294
8127
7560
6255
5997
3104
489
-462
-4961
-7159
-8742
-12999
-13719
-14185
-14623
-13249
-12155
-10373
-8164
-4975
-3195
-1294
393
1005
1577
490
619
82
-1908
-1504
-2419
-3303
-2019
-1835
-607
598
1013
2378
2963
3473
3109
2104
1286
-240
-1741
-3395
-4804
-6180
-7478
-7320
-7834
-7279
-5724
-5472
-3402
-2116
-988
925
1479
2476
2421
2069
1966
913
557
-737
-1657
-1871
-2616
-2581
-2718
-2031
-1655
-1168
-139
124
983
1453
1973
2160
1947
2275
2133
2260
2276
2127
2415
2719
2970
3588
3985
4523
4934
5156
5409
5335
5768
5627
5427
5315
5094
5083
5267
5042
5837
5937
5721
7309
6664
7660
7883
7075
7994
6233
5745
4115
257
-727
-4521
-7299
-8296
-12931
-14042
-14725
-15011
-13718
-12617
-10289
-8398
-5268
-3185
-1382
819
1407
1786
912
2
-84
-1775
-2239
-2630
-3739
-2609
-2013
-327
1060
1938
3666
4298
5056
4764
3885
2977
1224
-490
-2752
-4564
-5631
-7336
-7453
-7588
-7590
-5990
-5034
-3699
-1924
-295
1071
2128
2942
3052
2977
2883
2083
1155
196
-895
-1427
-1707
-2063
-2303
-2015
-1599
-1050
-241
765
1264
1742
2498
2775
2825
2925
2966
2592
2369
2351
2343
2634
2671
2990
3542
3856
4820
4693
5462
5380
5279
6115
5298
5910
5215
5679
5713
5155
6197
5626
6296
6836
6315
7174
6916
6640
6207
5031
3237
-295
-772
-5034
-7261
-8484
-13941
-13973
-14988
-15199
-13497
-12617
-10765
-7921
-5253
-2954
-805
1047
1771
1379
889
305
-253
-2366
-2403
-3759
-4594
-3130
-2767
-689
414
1498
3490
4678
5511
5484
4558
3805
1699
-121
-2131
-4296
-5444
-7283
-7653
-7848
-7635
-6053
-4812
-3380
-1501
-233
1376
2347
2801
2708
2379
2369
1055
468
-469
-1275
-1082
-1499
-1485
-1283
-872
-56
226
789
1213
1409
1849
2035
2205
2106
2440
2489
2448
2633
2591
3036
3177
3226
3420
3464
4060
4109
3893
3966
3634
4093
4199
4352
4556
4491
5316
5437
6258
6757
7012
7799
7671
8476
8036
8081
8257
6317
5898
4411
1119
-742
-3323
-7182
-8702
-11257
-14708
-14549
-15218
-15224
-12656
-11892
-9240
-6386
-4385
-1686
-753
1242
1626
786
556
-250
-1417
-2388
-2613
-3292
-2969
-2223
-1094
548
1809
3014
4214
4853
5077
4367
3345
2188
-165
-2014
-4009
-5704
-6629
-7973
-8322
-7895
-7438
-5753
-4092
-2997
-1036
686
1520
2628
3052
2707
2708
1853
738
-128
-1141
-1625
-1924
-2428
-2242
-2002
-1484
-464
-144
271
1050
1253
1682
2212
2124
2603
2480
2624
2913
2757
3395
3523
3438
3655
3670
3578
4189
3694
3599
3829
3610
3848
3709
4266
4425
4849
5195
5739
6168
7067
7557
7557
8365
8292
8108
8359
7895
6172
5814
2771
-491
-1485
-5907
-8153
-9635
-14637
-15161
-15285
-16009
-13179
-12926
-10536
-7364
-5428
-2431
-995
648
1186
396
-412
-621
-1878
-3030
-3245
-4284
-3947
-3012
-1515
336
1470
3053
4301
5382
5938
5224
4410
2638
341
-1639
-3946
-5454
-7009
-8760
-9197
-9292
-8251
-6710
-5722
-4038
-2559
-687
1291
2216
3042
3170
2788
2710
1856
1131
409
-772
-1110
-1765
-1895
-1444
-1161
-707
-392
251
991
1681
2247
2473
2734
3028
3281
3696
3751
3823
4140
4211
4481
4652
4725
5004
4441
4335
4205
3811
4049
3523
3286
3576
3704
4254
4612
5143
6483
6609
7772
8406
8175
9291
9061
8743
7886
6441
4992
1456
-700
-3435
-8091
-8432
-12547
-16230
-15234
-16549
-15084
-13091
-11894
-9059
-6282
-3459
-1405
71
1372
801
-281
-1165
-1840
-3741
-4629
-4827
-6109
-4897
-3531
-1843
596
1936
3499
5271
6220
6535
5507
4189
2575
-224
-2590
-4432
-6183
-8126
-9304
-9351
-8974
-7234
-5488
-4610
-2819
-523
1085
2553
3701
3106
3034
2894
1616
1127
125
-905
-1454
-1850
-1277
-1200
-443
948
713
1505
2466
2977
3325
2948
3054
2599
2562
2788
2479
2761
2971
3321
3840
4538
5344
5938
6133
5980
6124
5400
5535
4964
3326
3977
3075
2361
3731
2790
3882
5253
5209
7752
7299
8551
9761
8600
9375
7763
6038
2633
-468
-3257
-7697
-9226
-13295
-17122
-16170
-17092
-15701
-12849
-11208
-7755
-4792
-1507
181
2311
3216
1955
916
-1091
-2186
-4392
-5535
-6259
-7393
-6296
-4417
-2464
139
2410
4207
6384
7575
7598
6916
5560
3173
497
-2213
-4137
-5928
-7515
-8360
-8755
-7561
-6184
-4487
-3283
-2474
-707
184
502
666
-223
-393
-826
-1507
-1520
-1831
-1049
-591
-429
758
1372
1976
2640
2332
2124
1703
1651
1599
460
403
659
822
1794
2337
3267
4574
5265
6507
7038
7380
7906
7317
6723
5778
4996
4623
3526
2735
2353
2180
3122
2989
3746
4991
5787
7326
7896
8845
9121
9268
10146
8371
6868
6229
1168
-652
-2974
-8406
-8458
-12399
-16427
-15316
-16263
-14367
-11615
-11014
-7348
-5214
-2393
228
535
2405
984
-636
-1304
-3143
-4388
-5359
-6151
-6376
-5988
-3982
-1535
243
2539
3649
5242
6865
6505
5952
4604
2203
129
-1951
-3915
-5198
-6695
-7628
-7337
-6862
-5108
-3604
-2685
-1221
-477
787
1796
1337
929
201
-910
-990
-1580
-1894
-1672
-1851
-1042
-426
492
2023
2025
2509
2898
2246
2982
2598
1830
1547
797
1147
1296
1434
2148
2371
3142
4326
5130
6277
7046
7035
7310
7154
6851
6713
5916
4945
3946
3179
2898
3400
2709
3227
4303
3868
6191
6982
7289
8933
8297
8602
7136
6275
4085
-1370
-1781
-7144
-10335
-10886
-17398
-16823
-16961
-17229
-13255
-12604
-8935
-5530
-3654
179
958
2540
2411
223
-926
-2735
-4456
-6291
-7017
-7757
-7705
-5925
-3671
-1088
1475
3233
5320
6878
7289
7059
5563
3642
791
-1863
-3791
-5388
-6666
-7621
-8311
-7306
-5647
-4328
-1981
-1719
-293
1136
1064
2280
1431
759
510
-1025
-938
-1304
-1660
-1008
-1835
-1002
-258
629
1759
1807
2402
2319
2880
3258
2985
2707
2461
2134
2488
2742
2849
3642
3684
4283
5027
5750
7176
7206
7062
7526
7022
7187
6895
5628
5277
4518
4183
3979
3602
4354
4806
5248
5989
6577
7373
8005
8319
6624
6087
5116
-6
-757
-4492
-9199
-9101
-14855
-16793
-15827
-17335
-14159
-12607
-10724
-6658
-4669
-603
530
1662
3089
559
-206
-1788
-3778
-5390
-7141
-7510
-8072
-7515
-5034
-3534
-1166
1001
2117
4557
5150
4855
4235
2601
796
-1506
-3599
-4829
-6369
-7456
-7267
-7186
-5871
-3917
-2924
-1767
-479
15
803
760
268
-274
-1696
-2166
-2760
-3253
-2861
-3247
-2937
-1810
-1571
-27
1094
1141
1955
2110
2542
2912
2483
2485
2359
2056
2806
3141
3613
4199
4301
5425
5958
6460
7406
7411
7293
7593
7263
7451
7138
6566
6220
5570
5992
5493
5865
6095
5994
7020
7619
8204
8750
9001
9504
8826
7108
6708
2786
-574
-1464
-7404
-9149
-10645
-16858
-15955
-16154
-16445
-12328
-11786
-8478
-5070
-2990
590
485
2320
2376
-664
-1273
-2921
-4791
-6033
-6826
-7075
-7094
-5542
-3243
-1507
844
2073
2993
4440
4399
3694
2229
460
-1898
-4158
-4865
-5972
-6965
-6953
-7061
-5552
-3553
-2498
-877
-364
199
1396
1233
1044
526
-556
-1185
-1394
-1733
-1850
-1888
-1898
-1454
-1067
-267
517
344
440
928
758
1428
1829
1550
1994
2214
2834
4032
4265
4961
5363
5476
6089
5964
7094
6905
6384
6732
6193
6921
6899
6735
7188
6405
6637
6754
6287
7143
7351
6480
7374
7337
7451
8330
7711
7473
5493
5503
2540
-1264
-868
-7005
-9094
-9904
-16679
-15123
-15791
-16387
-12010
-13006
-8539
-5768
-4209
234
-646
1258
1008
-1552
-1497
-3329
-4762
-5923
-6901
-6649
-6781
-4727
-2719
-1404
709
1562
3232
4001
3678
2901
1098
-390
-2739
-4497
-5715
-6821
-7295
-7437
-6477
-5083
-3187
-1103
94
1444
2616
2953
3469
2729
1717
733
-723
-1057
-2094
-2442
-2110
-2481
-1381
-545
152
1640
1884
2193
2652
2361
2590
2297
1716
1813
1215
1746
2750
2939
4101
4665
5110
6486
6499
7315
7939
6935
7557
6617
6456
6992
6035
5928
5586
5231
5718
6091
6416
7241
6756
8156
7950
8002
9525
8306
7639
6792
4912
2111
-307
-2791
-6909
-9096
-11372
-15966
-15347
-15135
-15097
-12168
-11326
-7771
-5140
-2993
-438
-569
759
-280
-2458
-2487
-4294
-5499
-6294
-6926
-5788
-5588
-3638
-1369
-276
1896
2625
3441
3888
2680
1458
-704
-2911
-4739
-6567
-7467
-8205
-8978
-8364
-7189
-5393
-3527
-2189
-603
451
1641
2613
2650
2325
1742
977
298
-62
-669
-1380
-1334
-1335
-807
154
760
1508
1494
1931
2378
2346
2686
2448
1988
1683
1717
2047
2711
3352
3584
4237
5034
5918
6928
7327
7680
7419
7215
7697
6776
6806
6051
4859
5182
4548
5204
5666
5767
6112
6903
7696
7904
8169
8466
6626
5936
4178
-1210
-1180
-4903
-8746
-9065
-14430
-15411
-14033
-14684
-11667
-10573
-8441
-4428
-3854
-344
106
181
790
-2283
-3198
-4451
-5482
-6224
-6919
-6361
-6007
-4035
-1586
-23
1909
2410
2943
3267
2167
1438
-715
-2897
-4836
-6954
-7304
-7659
-7740
-7771
-6691
-5170
-3819
-1511
-1176
-488
117
-298
196
-168
-321
-482
-1293
-547
-612
99
1425
1016
2168
2591
2697
3741
3163
2728
2368
1568
1663
1661
1229
1621
1609
1657
2994
3613
4512
5512
4949
6060
6469
6694
7525
6265
6483
6091
5850
6576
5553
5812
5745
5138
6569
6160
7660
8029
7181
8665
7472
9129
8849
5562
5397
1620
-1911
-2414
-7354
-8918
-10783
-15796
-15155
-15237
-13137
-10264
-9648
-6362
-3854
-1579
1208
767
1242
85
-3067
-3687
-5405
-6154
-7031
-7529
-6197
-5232
-2946
-82
1693
3021
3312
3316
3522
2165
15
-2403
-4858
-6884
-8493
-8894
-8534
-8401
-7601
-5889
-4323
-2255
-736
-502
49
-108
-147
-264
-1451
-2200
-2958
-2979
-2180
-1810
-494
833
1395
3107
4138
5006
6112
5525
5128
4501
3364
3082
2298
1207
1160
805
1155
2230
3002
4250
5115
5809
6496
7247
7574
8099
7319
6999
6320
5268
5780
4909
4638
4859
4086
4906
5962
5511
7501
7116
7567
8639
7513
8208
6182
4741
1864
-2734
-3845
-7875
-10007
-11269
-16441
-15540
-14497
-13403
-9244
-8382
-4709
-2129
-530
2266
1659
2570
814
-2814
-3789
-5702
-6158
-6725
-6969
-5651
-4562
-1595
1208
3286
4836
4549
4503
3900
2363
514
-2123
-4348
-7234
-8138
-7790
-7535
-6678
-6727
-5037
-3171
-1566
-383
-893
-927
-1311
-2024
-1976
-2684
-3176
-3156
-3228
-2265
-1084
714
1882
2170
3333
4326
5365
6352
6154
5491
5058
4623
4534
4398
3889
3604
2798
2582
3137
3244
4210
4174
3841
4548
5065
5746
6272
5934
5435
5552
5395
5506
5336
5005
5107
4683
4925
5398
5457
6896
7119
6553
7532
7194
7288
6201
3671
274
-3496
-5068
-9424
-11064
-13138
-17602
-16484
-15500
-13555
-9763
-8315
-4523
-2058
-301
2239
1528
2380
-136
-3504
-4137
-5747
-5836
-6082
-5529
-4167
-2702
360
2867
4915
5922
5257
4643
3278
1599
-497
-2885
-5181
-7031
-7134
-6227
-4753
-3877
-3370
-2572
-1369
-629
-598
-1601
-3770
-5036
-5405
-5813
-5454
-4827
-4267
-2910
-1191
1017
2968
4374
4383
3555
3490
3338
3496
3299
2492
2244
2361
3697
5399
5960
6388
6201
5698
5756
5765
5847
4789
3429
2928
3118
4173
5114
5050
5411
5780
5930
7240
7139
6242
6384
4996
5150
5930
5276
6327
6214
5881
6478
7285
7756
5985
4802
-28
-3617
-3927
-8752
-9878
-13845
-18841
-16670
-16750
-13626
-10245
-9548
-4444
-3545
-1330
1560
703
1781
-2039
-5116
-5733
-6653
-5956
-6521
-5733
-4244
-2288
1219
3522
5439
5492
4313
3543
1813
787
-1310
-3339
-5668
-7911
-7002
-6031
-4391
-3717
-3830
-2605
-2152
-1335
-1399
-2772
-3654
-5339
-5740
-5603
-5703
-4529
-4185
-3402
-1853
-350
1987
2856
2918
3035
2886
3747
4316
4257
4193
4052
4285
5189
6199
6440
6438
5746
5032
4914
4866
5163
4344
3474
3465
3874
4951
5851
5953
6178
6136
6695
6827
7035
7101
5799
5965
5309
5519
6131
6786
6755
6647
7545
7103
7634
5889
3121
469
-4191
-5868
-8961
-12064
-13393
-17928
-16815
-14461
-13498
-8906
-8251
-4858
-2235
-2570
170
-1037
-1194
-3111
-7146
-6733
-7415
-6693
-5358
-4463
-2057
-422
2007
4208
4946
4487
2746
1313
-460
-1986
-3227
-4589
-5622
-6961
-5600
-3632
-2150
-1019
-1903
-1537
-1052
-1588
-1917
-3378
-5127
-5911
-6207
-6068
-5070
-4458
-3733
-3093
-2637
-671
693
1185
1222
416
1116
2427
3390
4555
4857
5201
6100
6809
7870
7816
6942
5826
4178
3557
3863
4249
3966
3857
3952
5142
6786
7299
7578
7519
7067
6247
6062
4970
5388
5211
4249
4951
5526
7395
8721
9072
8722
9013
8635
6373
4247
967
-4610
-6414
-10139
-12602
-12602
-16818
-15156
-13465
-12354
-8068
-7099
-3759
-1860
-3475
-1762
-2831
-3282
-4420
-8075
-7853
-7540
-6573
-4443
-2824
-264
1269
2655
4033
4289
3699
1854
-123
-2474
-3941
-4739
-5026
-5611
-6147
-5155
-3247
-782
-529
-301
70
-73
-269
-817
-1418
-2052
-3132
-3359
-3676
-3139
-2261
-2798
-2705
-3311
-2959
-1865
-1196
-947
-823
88
1469
3155
4709
5948
6741
6550
6693
6643
6468
6229
4574
3645
2933
3231
4857
5586
6212
6592
7283
7998
7642
7672
6806
5737
4662
3300
3634
3748
4393
5457
6216
8205
9308
10644
11002
10976
10759
8510
6248
2767
-2172
-5780
-8889
-11545
-12006
-13875
-15109
-13934
-11618
-9021
-6496
-4573
-3094
-2937
-4088
-4252
-4830
-5306
-7278
-9300
-8246
-6739
-4526
-1883
39
1809
2833
3504
4130
3178
1028
-1200
-3611
-5060
-5999
-5676
-4826
-5275
-5190
-3946
-1886
-179
-189
-1076
-1184
-1593
-1702
-1387
-1076
-991
-1172
-779
-522
183
264
-345
-1976
-3233
-3488
-3090
-2161
-1883
-1323
165
1992
4104
5897
7082
7452
6584
5952
5135
4825
4283
3107
2694
3147
4272
6561
7970
8657
9221
8554
8877
7609
6627
5046
2149
1727
801
1134
3773
4444
6496
8315
8430
11531
12219
12335
12096
8130
5905
2391
-2779
-5230
-8051
-11047
-11296
-14024
-14272
-10917
-9046
-6506
-5291
-4740
-2393
-3245
-4340
-4861
-6462
-6534
-8779
-9846
-7412
-5663
-3263
-1187
461
2520
3079
3388
3094
1197
-1031
-3153
-4739
-5835
-6299
-6112
-4853
-4670
-4771
-3339
-2134
-1533
-2051
-2728
-2793
-3201
-3243
-2793
-2054
-937
-580
-95
704
961
1015
406
-703
-1690
-2026
-1668
-1035
86
1371
2879
4163
5125
6240
6691
6645
6024
5065
4298
3622
3616
3938
4378
5252
6235
7434
8767
9122
9221
8228
7037
6197
4104
3243
2151
699
1571
1095
2650
5979
5857
7678
7849
8128
10744
9355
8540
7769
4706
2566
-3120
-6048
-6731
-9090
-9931
-14270
-14756
-11209
-10120
-8105
-6429
-5388
-2468
-3765
-4654
-4189
-4690
-5075
-7483
-8756
-7117
-5567
-3367
-1157
-98
1357
2342
2608
2602
1046
-763
-2211
-4563
-5926
-6321
-5883
-5611
-6796
-6934
-6092
-4919
-4445
-4818
-4511
-3860
-3435
-2275
-1601
-385
728
988
774
-190
-422
-883
-1962
-3073
-3853
-3239
-1834
-276
1715
3905
5516
6804
7392
7609
7494
6400
5638
4648
4127
4248
4975
5737
6688
7797
8868
9153
9047
8817
7592
6989
4153
3388
2171
1863
1708
1164
2651
2177
4147
5357
5585
6680
5891
5423
7578
6314
5976
3897
925
-1189
-4929
-6975
-8410
-9854
-12510
-13761
-12596
-10744
-9079
-7702
-5176
-2954
-4084
-4343
-4637
-4162
-4439
-6745
-6165
-5352
-4517
-2636
-227
2526
3352
3233
3562
3014
1884
-172
-1253
-2856
-4795
-5373
-5143
-4319
-5058
-5215
-5869
-6829
-6629
-6930
-5852
-5788
-6482
-4319
-2019
-330
1296
1659
2564
1606
55
-970
-2587
-3426
-4335
-4172
-2611
-1101
1552
3857
5888
7438
7729
7978
6723
5870
5495
5195
5419
5325
6394
8012
9140
10883
10963
11123
10702
9220
8350
6369
5264
3987
2936
2600
2030
2667
3443
3041
3800
3300
3766
3404
3644
4648
3810
4523
4419
3312
2447
-2188
-4826
-5868
-9346
-10489
-14320
-14950
-12414
-11668
-9721
-7193
-5272
-2618
-3862
-4419
-3451
-4724
-6052
-7417
-7092
-4651
-3759
-2646
616
2583
4074
4663
4084
4090
2157
238
77
-1331
-2251
-2982
-4001
-3511
-4783
-5665
-6335
-9033
-9262
-9013
-8011
-6328
-6180
-3682
-690
348
2032
2250
1922
267
-2522
-3262
-4197
-4583
-4209
-3240
-308
2243
4729
6982
8015
8740
8324
7553
6514
5521
5694
5678
6381
7673
8627
10163
10664
11091
10945
10482
9217
8264
7898
6126
6904
6847
6257
6354
4554
5087
5104
3296
3210
1259
753
1487
905
3210
4141
3758
5089
3843
2648
-1690
-5371
-7690
-10837
-12234
-15211
-15358
-13195
-11582
-9303
-7050
-5032
-3897
-5621
-6335
-6633
-7083
-8085
-8970
-7239
-4616
-2556
-485
2024
4061
4357
4092
3665
3068
1960
236
499
580
511
180
-233
-692
-2769
-4700
-6115
-7509
-8694
-9811
-9259
-6944
-5007
-2654
-980
309
861
-10
-842
-2612
-4030
-5425
-6040
-5204
-3634
-1538
671
2735
5023
6564
7205
7341
6704
6519
6365
6709
7704
8751
9602
10679
10902
11574
11546
10468
10145
8349
7303
7619
6753
7906
7835
7110
8598
6960
6644
4864
2850
3627
1432
762
1132
1228
3843
4196
4304
6444
4706
3528
-554
-5743
-6525
-10267
-12024
-13602
-15413
-13163
-10855
-10376
-8219
-7186
-6635
-7193
-9816
-9693
-9419
-10573
-11002
-9763
-6482
-3307
-2189
31
2356
2682
2435
2665
2843
3001
2386
2693
4341
4794
4773
4055
2610
-547
-3850
-5322
-6744
-8071
-9070
-8953
-6624
-3871
-1757
319
611
269
-1134
-2657
-3928
-6010
-7982
-8775
-8423
-6187
-3457
-1309
1209
2520
3652
4520
4873
5424
5589
5236
6248
7878
9464
11074
11289
11358
11128
10401
10278
9683
8716
8424
7950
8925
9546
9564
9723
8243
6691
4792
3476
2870
1649
564
-196
-238
2339
3644
5099
6146
5555
5288
3637
2203
-2024
-5636
-6910
-9493
-9732
-11555
-12561
-9209
-9966
-10391
-8914
-8531
-7290
-10882
-12135
-9774
-10300
-10853
-11970
-10271
-7212
-7633
-6246
-2955
-1158
-1331
-1820
519
2682
3162
3853
5812
7106
6555
5810
5730
5287
2358
-1751
-3055
-3201
-3713
-3346
-3743
-2672
-1371
-931
-72
116
-215
-1978
-4724
-5488
-5754
-6575
-7432
-8123
-6841
-5284
-4112
-2091
-173
863
1067
1971
3975
5225
5544
6308
7349
8591
9724
10479
11086
10967
9793
9528
9955
10153
10192
9426
9471
8994
9052
8372
6710
5926
3224
2319
743
-631
-8
-1349
-887
163
-342
1806
1616
2433
4243
2647
3387
2051
-241
-2198
-4341
-4327
-4964
-6809
-8050
-8935
-7243
-7421
-7583
-6289
-6701
-7276
-9078
-9030
-7808
-9181
-11049
-11970
-11383
-10080
-9958
-8520
-6353
-5560
-4982
-3244
-515
1084
1049
1359
2993
3283
2616
2850
2857
2461
994
93
1403
1719
1054
1722
2213
2707
2227
1599
2047
745
-800
-1883
-2623
-3506
-4796
-5497
-5216
-5066
-4665
-4022
-2688
-1725
-1289
340
1759
3205
4035
4405
5378
6274
6571
6855
7010
7370
7726
8070
8956
9907
10762
10839
10804
10558
10090
8914
7167
5319
4150
2415
1028
680
-94
-456
-857
-762
-504
-308
-170
-395
-298
197
234
722
1400
1041
510
-1230
-2234
-1558
-2200
-2848
-3358
-4554
-3662
-3023
-2952
-1667
-1964
-2845
-3909
-5592
-5866
-6419
-8595
-9693
-9904
-9637
-8591
-7892
-6945
-5799
-5922
-5471
-4166
-3782
-3396
-3630
-3245
-1984
-1675
-53
1113
1405
1364
480
1725
2919
2165
2413
2653
3119
3514
3260
4067
3439
1505
448
-283
-545
-1507
-2693
-2788
-2820
-2916
-1438
-43
244
168
396
813
1231
2595
2194
2132
3543
3050
3116
5890
4969
4294
7151
5818
5001
7876
8108
6988
7380
5972
5430
6424
4890
2861
2496
2081
107
312
1983
776
103
352
-63
207
209
-85
45
360
-114
-319
1161
1079
-278
313
-140
-791
-115
-286
-664
-1330
-1753
-913
-830
-1152
-878
-2044
-3350
-4136
-4552
-4854
-5712
-6837
-7339
-7125
-6562
-6249
-5452
-5131
-5352
-5319
-5169
-4584
-4503
-4455
-3839
-3541
-2767
-1726
-750
786
1235
1205
1819
2181
2480
2576
2391
2606
2269
1754
1970
1726
1601
779
33
153
-760
-1033
-573
-988
-961
-402
-497
-212
885
-145
-666
1340
456
1529
2841
1138
2572
2215
3682
4124
2629
5917
4081
3125
6064
3291
5139
5253
3106
4575
2410
3834
2710
422
3829
1155
-752
2676
712
-7
2098
798
27
463
386
4
-217
-127
-244
78
1962
1621
2320
3841
2392
2550
2651
2422
2490
1101
1233
205
-595
418
-533
-30
-228
-1785
-1421
-2340
-3171
-3280
-4658
-5532
-5805
-5848
-5442
-5375
-5399
-5197
-5346
-5487
-5103
-4904
-4920
-4765
-4546
-3734
-2536
-1982
-1306
-433
-697
-629
-390
-1059
-1073
-1135
-1454
-418
-319
-63
1246
277
223
953
-20
-588
-519
-1336
-1802
-495
-333
-746
549
1349
398
704
2476
1272
85
3001
681
154
4018
2150
1543
4657
3318
2110
4290
2626
1354
3310
878
652
3074
1216
1072
1490
1388
671
1402
1348
12
1124
480
-1238
373
1606
-888
782
2074
-189
1485
2957
1022
2944
3795
2401
4014
4617
4662
4051
4041
3580
2483
2306
1945
1221
328
344
29
422
1242
393
47
-255
-1531
-2396
-2941
-3768
-4831
-5544
-5700
-5701
-5475
-4810
-4779
-4906
-4708
-4918
-4803
-4552
-4878
-4746
-4293
-4298
-3798
-3649
-2896
-2781
-3135
-1885
-2099
-1446
-887
-1401
-232
-621
-444
947
-391
109
563
-1192
419
171
-1110
410
97
76
643
1297
1416
635
1880
1268
905
2242
2094
1087
1148
2751
1441
1468
3542
807
1631
2935
-636
1850
2604
-426
1788
818
840
635
1283
1432
-123
1574
830
581
807
713
375
1211
1659
1078
2454
3090
1478
2970
4273
2024
3838
4475
2342
3847
4677
2950
4436
4508
2007
3605
2995
1327
2539
2229
1580
1261
1612
1320
618
1369
-90
-702
-742
-2288
-2565
-3191
-3853
-4324
-4771
-4548
-4976
-4958
-4885
-5587
-5761
-5684
-6408
-6297
-5786
-6242
-5648
-5065
-4795
-3955
-3574
-3529
-3011
-3199
-2744
-2482
-2340
-1905
-1237
-855
-596
485
131
404
1056
-520
530
1243
-1393
1232
-16
-833
1421
513
713
1450
997
855
1391
1192
1296
346
2171
357
281
2977
-195
804
3180
-796
563
3741
-2284
2769
2009
-1410
4074
1178
363
2629
2528
680
1617
2879
1137
1320
3758
1698
2408
3720
2274
4063
2929
3854
3729
2699
4272
2913
2130
4711
3787
2650
5874
4155
3647
5544
3726
3278
4148
2600
2341
2869
1667
1476
1740
1287
866
797
-87
-745
-1491
-2867
-3296
-4194
-5270
-5355
-6237
-5999
-5665
-6364
-5871
-5996
-6506
-6365
-6448
-6674
-6773
-6683
-6173
-5807
-5046
-3968
-3648
-3220
-2462
-2164
-2140
-1283
-1389
-1189
-552
-399
567
110
1095
1776
-476
1798
951
-990
1997
-435
-463
1234
434
442
1528
900
756
271
786
202
-270
905
-1159
861
1496
833
1544
1827
1330
1223
662
1218
49
358
676
-563
2467
759
1768
3497
778
3703
2988
1584
4154
1810
2190
4226
1499
4091
2858
3486
4284
2040
4969
3455
2769
4545
2735
2787
4918
3065
3893
4744
2751
4500
3403
3175
3533
1721
2250
1418
615
1559
99
439
342
-1117
375
-1267
-1886
-1415
-3446
-3341
-3979
-4818
-4287
-5268
-5175
-5014
-5529
-4792
-5377
-5145
-4917
-6027
-4850
-4944
-4862
-3497
-3178
-2877
-1868
-1333
-2456
-743
-1421
-2482
-167
-1565
-1868
-108
-832
-301
524
-291
817
-82
-244
-545
-854
-1426
-1037
-1097
-2213
383
-1294
-551
680
-392
126
-35
-1072
722
-1463
-756
829
-2309
966
-119
-681
1306
287
-676
743
1343
-377
901
2807
-640
2491
3397
37
5129
1598
1016
5715
395
2868
4659
1490
3989
3280
3360
4928
2948
4101
3831
2599
3090
2948
2119
2629
2682
1711
2862
3193
2259
2711
3761
2291
2007
3311
1119
1524
1988
246
1566
990
179
1114
217
232
-144
-1048
-809
-2136
-2053
-2172
-3064
-3169
-2850
-3150
-3223
-2773
-3192
-3103
-3211
-3597
-3440
-3314
-3923
-3063
-3375
-3022
-2270
-3048
-1876
-2399
-2746
-2048
-2623
-2323
-2378
-2380
-1693
-2087
-951
-1907
-332
-722
-2302
2
-2149
-1784
-645
-3139
-1461
-619
-2991
-888
-346
-1976
-625
-442
-2443
120
-857
-2590
999
-989
114
874
-1152
2815
-697
346
3100
-1687
899
2970
-1703
3215
2916
-147
5540
1428
2859
4837
1146
4086
2150
953
4739
-243
2497
4362
-507
4681
1833
1803
4321
378
3360
2025
36
3930
630
918
4335
194
3013
3684
704
4107
2191
1559
3026
1205
2103
2092
1203
2597
989
1381
1916
563
1337
281
-258
269
-1501
-1301
-1166
-2339
-2024
-2717
-3219
-2197
-3469
-3631
-3475
-4181
-4009
-4581
-3868
-4345
-3691
-3849
-3743
-3550
-2977
-3371
-3548
-2413
-3740
-2522
-3487
-2527
-2053
-3138
-1053
-2517
-1797
-934
-3223
-1202
-1102
-3372
-711
-1744
-2228
-324
-985
-659
-1037
1425
-1452
-525
1482
-1539
80
1266
-126
654
918
2298
68
1378
3621
-674
1290
2261
1274
102
1388
3134
-421
1804
3811
-30
2013
3459
461
1597
3086
1486
-247
3772
1192
380
3398
860
1736
859
3893
86
1778
4558
293
2673
4049
2024
3604
3013
4173
3172
3107
4613
2561
5214
3121
3592
5053
2547
3543
3515
3281
2121
2358
2038
851
1269
235
219
-427
-1658
-1123
-2452
-2744
-2727
-3606
-3506
-4320
-4255
-4221
-4568
-4746
-4778
-4647
-5083
-4758
-4348
-4667
-4484
-4007
-4367
-3987
-3639
-3652
-3055
-4029
-2030
-2863
-4170
-174
-2421
-3939
1429
-2602
-3188
2287
-3874
-797
1038
-2779
643
-1464
-496
894
-1770
1699
321
-1952
3379
-1347
-751
2889
-1537
1563
619
-1
1421
369
592
615
1215
204
962
814
364
2395
-470
906
3344
-970
2721
1237
-270
5484
-1564
3318
3782
-1535
6633
878
1462
4958
736
3985
2427
2207
4787
1353
4663
3195
3584
4742
3871
3572
4294
4663
1784
4997
3543
2306
4529
2718
2983
2916
2137
1891
1098
1149
146
16
945
-1282
51
-411
-1502
-924
-1497
-1900
-3256
-2427
-3122
-3730
-3545
-3769
-3906
-4046
-3573
-3290
-3494
-3355
-3305
-3494
-3769
-2438
-4572
-2891
-2633
-4965
-951
-3290
-3487
286
-4928
-1290
-1439
-4289
1326
-3850
-1219
330
-4162
906
-1279
-1890
797
-2822
68
-945
-2057
674
-2419
-203
945
-3344
1794
304
-2285
1451
-503
136
-535
-344
1056
-819
-172
1719
-1906
2017
1519
-1660
4387
-861
2493
2234
881
3461
1932
1996
4754
620
3248
5239
-83
6733
1508
4182
4443
-950
7114
1660
2277
6639
32
5028
3681
545
6002
789
1950
3186
253
3142
509
1574
2009
746
1350
1074
734
340
1376
-1171
394
-304
-1677
422
-1830
-55
-1465
-740
-592
-1508
-33
-1540
-1478
-1075
-2237
-1493
-1628
-2370
-1352
-2645
-1323
-2690
-1617
-1736
-3049
-889
-3335
-2115
-1303
-3257
-1820
-2432
-3650
-1755
-3157
-3018
-1596
-3654
-2720
-2233
-3687
-857
-2616
-2573
-766
-3686
-874
-1371
-3628
382
-2319
-4339
284
-3639
-991
-191
-4536
1024
-3050
-2907
2783
-3996
1581
-14
-3553
2530
-518
-315
2108
-167
642
1314
615
2125
981
3483
850
1619
5664
-1079
5259
4895
85
6621
4195
1202
4933
3436
1493
4097
1428
3472
750
2356
2728
1243
3206
1937
2057
-69
3848
-605
1603
2572
-1393
2473
-891
647
1933
-266
1992
-18
822
849
-82
2330
259
1108
1446
-298
2010
864
1326
2038
585
1105
816
800
519
776
137
-87
64
-947
308
-1371
-1033
-1347
-2178
-978
-2897
-1609
-2604
-2925
-2399
-3354
-2808
-2539
-4102
-3712
-3296
-4582
-3706
-3436
-4694
-3664
-3075
-5499
-1129
-3969
-3961
-1680
-4380
-2318
-2713
-3366
-2596
-3134
-2502
-2592
-2517
-706
-2301
-1821
-552
-2272
-561
1348
-2550
484
1324
-1627
2218
831
996
2587
1173
2281
261
3864
2175
-457
5513
685
2306
3783
1441
4097
2022
3590
1835
3442
2509
858
4286
247
2416
2526
-432
2956
612
1781
1642
733
2674
-75
2236
1024
1331
2214
990
1994
1023
2579
890
2337
3544
-141
3867
1872
1001
4747
807
3245
3210
1664
3460
1516
2939
1911
1550
2109
607
1731
1020
277
1223
313
280
230
-822
-456
-1142
-1922
-1632
-2394
-2814
-2302
-3472
-2534
-2761
-3670
-2127
-3799
-3684
-2489
-4616
-3427
-3641
-4947
-3016
-4272
-4341
-3022
-3997
-3295
-3263
-3783
-3123
-2904
-3764
-2659
-2419
-3289
-2049
-2448
-1975
-2061
-564
-1782
-882
-560
-2526
381
-223
-2214
3391
-1842
-14
3852
-2731
3477
1928
-20
3316
-386
2000
1108
1464
2668
-119
2827
1955
1134
2387
1836
2595
1346
1315
2857
1539
1589
2540
1479
1040
2701
1807
1453
2765
1713
906
3240
2228
1826
2510
3856
1220
1948
3821
1541
2574
2525
2354
2765
2497
3538
2418
2689
3214
2050
3360
2599
1207
3258
1356
1127
2868
927
1363
1049
1294
1171
214
1014
-10
36
-392
-451
-703
-1224
-1698
-1530
-1645
-2532
-2153
-3061
-3217
-2921
-3324
-3257
-3471
-4027
-3219
-3851
-3612
-3454
-4356
-3480
-4515
-3538
-4089
-3707
-3287
-4370
-3366
-2540
-4512
-1265
-3590
-4013
270
-5936
-893
-965
-4748
-90
-2367
-2483
5
-1431
-1842
-45
-1876
107
-1434
-189
1711
-2573
2373
-345
193
2373
239
182
2944
-797
2680
892
1496
3069
-275
4087
1382
1994
4186
1167
3228
3149
987
4123
2969
825
4774
1894
988
5325
698
3135
4060
1277
3348
2209
3517
2103
1869
4261
444
3342
2016
1164
3567
1935
2391
2504
1700
3284
1011
2835
1337
1978
2501
438
2179
407
1255
817
211
1528
26
-22
-115
-42
-206
-1135
-502
-1469
-1507
-2051
-1553
-2096
-2695
-2340
-3435
-2391
-3198
-3504
-2896
-3766
-3255
-3709
-3259
-3770
-4121
-3217
-4622
-3777
-3330
-4649
-3449
-3871
-3833
-3640
-3110
-3199
-4162
-2646
-3117
-3628
-2175
-2281
-3840
-2068
-1734
-3874
408
-2563
-1816
409
-3776
3083
-2649
-290
2438
-3435
3303
688
-1186
4930
-1017
840
4408
-122
3549
1866
2112
2019
2009
3727
1819
3217
3407
2968
1915
4933
2995
2633
3387
2580
3518
1300
4548
1349
2415
3989
330
5093
2170
1835
4140
630
3413
2915
1207
3167
1259
1699
2198
1362
2887
424
2359
1454
411
3322
-33
1330
1383
448
729
1144
626
1
740
-715
533
-565
136
-821
-1299
-635
-1838
-920
-839
-2075
-1772
-1444
-3220
-1447
-2564
-2878
-2648
-3587
-3028
-3517
-3261
-3561
-3759
-3382
-4715
-2742
-3939
-4822
-2854
-4197
-4277
-3120
-3786
-4007
-2903
-3404
-3432
-2461
-3388
-3494
-1982
-3941
-1292
-2822
-2374
-639
-3498
-932
417
-1973
-635
293
-1118
89
29
1054
93
1195
591
647
2358
1120
1526
2153
2540
658
4013
1820
2578
3178
2058
3451
2620
3825
3427
2590
4241
2604
3096
5077
1973
4197
4172
1247
5222
2288
3010
4180
1220
4571
1475
3125
3391
1679
2631
2392
3020
872
3168
1843
543
3170
-221
2419
1321
116
2696
-609
1391
1802
-737
2173
-520
762
774
-852
1082
-899
62
-504
-1058
-114
-1458
-1195
-1159
-1922
-1574
-1651
-2298
-1918
-2343
-2667
-2183
-2961
-2834
-2850
-3164
-3291
-3393
-2941
-3823
-3604
-2967
-4620
-3388
-3177
-4432
-3266
-3374
-3890
-4057
-2110
-4260
-3838
-960
-4704
-2731
-1433
-3999
-1946
-1718
-2452
-1490
-2702
-9
-3030
-692
569
-1934
873
-605
-118
224
250
1546
31
1470
2408
-798
4135
1417
1825
3910
1754
3584
2823
2775
2884
3653
2587
3347
3554
3094
3463
3493
3645
2820
3384
3528
2945
1765
4228
2000
2458
2939
2558
2623
1884
2424
1896
2292
1880
1414
2076
1091
1586
923
1828
925
1180
1874
-1025
3096
-362
442
1939
-1100
1115
153
-689
1551
-105
-727
1468
-1642
769
-315
-911
195
-1507
-177
-1156
-851
90
-2140
-753
-840
-2211
-481
-2111
-1954
-1601
-3137
-1598
-1746
-3483
-659
-3437
-2915
-1039
-4803
-1242
-3016
-4273
-1419
-4287
-3104
-2044
-4170
-2773
-2198
-4435
-1854
-2875
-4173
-1953
-3157
-2877
-1408
-3168
-1319
-2519
-2200
-157
-2671
533
-1461
-754
-59
-646
558
-77
427
1045
23
2163
378
2653
1127
1042
3506
556
3428
2048
3246
1392
3771
3071
1357
5400
1381
3313
3798
1917
3589
3249
2646
2412
3132
3588
1008
4310
2519
1126
4432
418
3134
1642
1795
2076
177
3096
1239
485
3065
150
904
1968
-133
1759
139
985
509
-52
635
936
-455
762
-184
365
-774
421
-55
-1319
1310
-2073
222
-376
-1709
284
-1406
-1022
-643
-2043
-594
-1762
-2164
-289
-2998
-1457
-2039
-2233
-1943
-2343
-2697
-2189
-2921
-3128
-2162
-2898
-2659
-2931
-2695
-3393
-2323
-3454
-2760
-2116
-4296
-2205
-2667
-3584
-1181
-3459
-2351
-1385
-3878
-363
-2331
-1853
-1334
-2202
-995
-1266
-1043
-771
-638
-711
53
-626
776
669
-434
1649
825
67
3129
-148
1947
2453
1193
2209
2124
2409
2193
2425
2165
2975
2841
2279
2542
3381
1832
2711
2602
2524
2149
2907
2423
1684
2541
2076
1898
1801
3349
31
3239
795
1056
2992
-509
2414
302
1054
1068
242
2033
-88
337
1890
-1450
1779
-48
-535
1384
-1359
1140
-381
-581
970
-1452
129
-312
-880
-643
-466
-729
-1588
168
-1823
-861
-299
-1722
-907
-729
-1406
-1591
-941
-1763
-1308
-1958
-884
-2566
-1074
-1110
-3014
-129
-1828
-2128
-900
-2216
-1389
-1489
-2008
-1779
-1557
-1648
-1805
-1773
-1404
-2050
-1932
-1314
-1969
-1337
-1543
-1049
-2180
-170
-662
-2206
812
-1460
-1653
1131
-2194
-481
1410
-2914
1624
115
-1239
2942
-2174
2219
1295
-2006
4404
-788
-287
5095
-3219
4219
2164
-1409
5605
-1740
2942
2459
-616
3955
538
1313
3744
355
2851
2859
373
3360
775
2545
1225
1780
1359
1101
2235
1145
1992
1684
1969
234
2684
884
376
2595
-1025
1753
195
986
828
193
1004
-726
707
724
-1301
347
363
-1947
775
-647
-774
-706
-238
-1325
-1525
713
-2797
201
-1430
-2124
841
-2657
-798
-410
-2330
-523
-1155
-1912
-340
-2549
-1078
-786
-2858
-797
-1447
-2109
-901
-1368
-1262
-1149
-1783
-875
-1575
-1636
-80
-2718
-181
-1141
-2049
1055
-1948
-1015
-166
-1226
-462
-1309
735
-847
-1613
2286
-2601
742
1490
-2556
2270
-1389
256
587
-53
628
33
1038
298
988
618
1690
122
679
1936
-419
1668
1697
-494
3211
132
1773
1907
810
1870
841
1990
1121
844
2217
1438
620
2737
969
884
2457
-159
1963
1496
-290
2627
-542
1720
1667
-1368
3928
-2068
1811
729
-1340
2420
-2000
807
12
-1414
1100
-832
-597
737
-1433
-284
-293
-329
-1845
-185
-1203
-1122
111
-1743
-174
-1347
-675
-1720
-120
-657
-2204
-569
-1078
-1132
-618
-347
-1255
-404
-1071
-366
-1294
-63
-1362
-1507
289
-1417
-208
-541
-51
-692
-133
241
-391
-708
527
-980
-710
1529
-1661
550
719
-1481
1296
331
-965
949
-541
-192
585
7
201
931
-611
103
1317
-527
703
964
-1379
1301
693
-1294
2962
-620
57
2974
-1966
2054
1137
-1320
2867
-454
121
1857
-666
1062
1258
-360
2343
-701
1057
1034
90
869
-99
1024
-141
229
1232
-38
144
1273
-1597
2041
-427
-476
1564
-1935
2071
-1455
74
1727
-2462
1343
169
-2505
2838
-2665
871
216
-2773
3152
-3163
308
1159
-3079
814
-633
-2805
2903
-2832
-589
997
-4143
2302
-1595
-1901
2366
-3482
-273
362
-2210
1710
-1959
-695
255
-2107
615
-679
-928
15
-1632
-177
68
-346
-609
-107
-169
-1153
1045
-694
179
-787
-762
842
-1903
1069
364
-1375
908
-424
-723
1702
-1173
376
340
-252
1029
-733
1625
-207
-200
891
-494
986
675
-103
1040
123
588
935
621
413
1684
-627
948
1545
-936
2356
-908
521
1446
-890
1533
454
-132
1207
-568
1222
517
661
456
-69
927
-1055
2092
-168
44
1137
-873
1290
-682
1026
627
-1115
1301
-732
-87
1199
-1482
1004
-318
-412
320
-600
389
-991
-117
-134
-399
231
-497
-565
-836
-14
-500
-621
538
-1251
-436
-879
-118
-609
-92
-662
-1392
647
-898
-1292
1100
-1331
-975
848
-1810
548
-515
-1795
831
-1961
293
-261
-1697
970
-1474
-807
1254
-2199
1202
-418
-1243
826
-1174
1012
-444
-800
656
-1466
204
1010
-1505
1535
-751
-1004
1855
-554
787
1029
-1483
1721
-678
-243
2676
-1969
1457
212
-880
2109
-807
925
95
206
967
-114
1009
190
-240
584
158
317
732
406
-328
757
121
211
1914
-979
842
362
-959
1804
-781
1586
43
-1298
1820
-1483
1484
92
-315
1148
-914
1083
-463
1077
78
-1245
2221
-2064
1051
1140
-2327
1615
-1101
22
790
-877
553
-803
-499
868
-60
-507
1086
-2048
235
972
-1772
1161
-303
-1999
1215
-1367
-1
400
-2299
1644
-1894
65
805
-1887
91
-442
-676
110
93
-1407
1323
-2026
106
441
-1700
1118
-986
-116
508
-892
152
411
-888
1057
-794
-96
967
-1702
1076
924
-1644
1302
579
-1923
2582
-1757
226
2191
-2748
2005
-437
-938
1936
-973
224
1300
-1817
1712
93
-611
1517
-1035
959
90
696
599
-548
898
154
209
612
-28
256
6
328
642
137
926
-425
611
170
37
892
-871
1057
-460
8
1084
-1232
1785
-1007
165
718
-1005
1178
-1154
298
369
-598
442
-236
447
-947
767
-224
-1448
2042
-2366
834
599
-2565
2093
-1659
-460
1451
-1993
1276
-944
-984
1396
-1971
853
216
-1879
1208
-1142
-352
817
-1070
455
-547
-1035
1198
-2019
1036
690
-2159
1978
-1249
-764
1908
-1703
364
836
-1856
1750
-1360
102
1492
-2011
1732
-590
224
341
-863
793
-730
799
359
-413
709
61
-935
2075
-1199
728
1387
-1291
1750
-685
665
481
-574
1203
-304
261
1150
-1111
1473
551
-1492
3414
-2246
791
1682
-2200
2131
-323
-376
829
-181
-370
825
-434
-297
899
-1115
637
470
-761
631
11
-735
1342
-1020
152
405
-1312
815
-418
-99
314
-736
-58
602
-991
486
-181
-766
708
-1196
845
-63
-899
797
-978
-225
676
-1318
644
125
-919
401
-134
-970
1257
-852
-705
1387
-2209
821
240
-1769
1726
-1575
-526
1707
-2346
1024
119
-1747
1536
-940
-65
-77
-1007
3
-350
-225
-293
-190
449
-1275
685
204
-1187
1043
-1304
213
272
-413
-12
163
131
-702
1127
137
-1147
1056
-30
-953
1846
-825
564
1133
-1087
1332
33
505
70
356
372
472
-334
1389
601
-623
1321
-119
276
452
632
-102
355
154
-332
1304
-228
644
183
288
-430
-42
502
-380
527
-178
-192
3
-670
597
-122
-888
1182
-1488
18
371
-1178
777
-557
-246
-40
-10
-2
-399
450
-715
-300
-284
90
-531
272
-99
-1132
1359
-1679
679
269
-1516
1319
-1510
-10
1110
-1820
810
497
-2645
2582
-1710
-999
2176
-3091
938
531
-1797
1756
-1336
-945
1323
-2444
1623
-837
-1329
2003
-2857
759
858
-1902
1064
-351
-836
1138
-975
51
722
-1535
935
-223
-513
1109
-1054
810
174
-754
1423
-52
-426
1539
-1114
683
1352
-1342
2087
56
-419
1395
-82
521
431
154
401
622
223
920
63
1122
-235
315
1427
-919
1154
-235
-612
1227
-457
388
1200
-716
579
495
-836
821
-297
-225
128
-464
254
140
29
143
421
-456
-70
438
-756
-327
557
-1477
722
330
-1455
1635
-547
-512
437
-838
-57
-728
210
-669
-594
450
-486
-814
1103
-290
-1334
1273
-1569
-80
322
-1106
120
-529
424
-587
219
283
-764
-461
756
-1204
-94
315
-1676
1213
-597
219
278
-313
144
-632
88
-59
-69
-533
-268
-244
63
-460
945
-928
595
392
-1085
947
-357
-106
-279
777
-398
-4
1202
-1005
1088
261
-6
577
-16
690
-737
1011
265
-643
1538
-337
540
561
-190
453
-189
330
299
411
401
408
118
253
1069
-473
787
741
-944
1287
-594
151
1032
-1002
1263
-298
-187
962
-281
-58
758
88
-473
606
-507
-359
844
-417
70
706
-557
143
-33
13
-517
-671
121
-769
174
-221
-204
-173
-94
-125
-374
582
-732
-408
-451
-174
-849
539
-338
-576
748
-1375
-19
388
-1091
-241
-54
-1253
149
-65
-736
434
-361
-271
-180
-254
120
-679
-236
427
-932
529
60
-825
923
-421
-148
-15
-51
286
-687
1199
-216
-237
1356
-1042
541
710
-631
830
-111
2
603
252
136
451
354
-298
919
-84
247
501
-269
366
203
504
402
438
363
-69
257
560
-150
506
775
-414
671
446
-52
668
50
37
375
-140
336
78
210
551
-141
319
310
-334
-13
372
-558
148
440
-307
235
123
-249
-218
-111
-426
-195
-65
-178
-249
-32
216
-681
140
-541
-883
326
-884
-788
277
-1096
-188
20
-481
94
-315
-565
-700
-107
-1075
106
-419
-687
139
-541
-19
-199
-188
-437
217
-704
-95
-136
-800
311
-369
140
-137
-42
-64
-506
55
11
-273
240
-92
-333
394
294
-154
496
-142
-520
592
-212
203
409
-381
660
-214
207
899
-400
263
491
-259
525
23
-57
527
160
176
283
648
-131
238
417
147
197
208
430
248
478
110
478
230
-29
458
-30
30
11
122
89
669
-139
68
902
-393
63
759
-839
458
168
-655
964
-375
-185
534
-509
279
-52
-494
385
-707
60
114
-622
658
-629
-9
280
-876
382
-472
-561
256
-922
-72
178
-949
167
-301
-171
279
-883
-332
-651
-757
-13
-292
-226
-339
-359
-154
235
-141
-409
111
-949
-476
89
-582
402
-46
-567
768
-332
-242
103
-336
102
-224
99
163
-198
118
269
252
236
-153
-208
-157
63
-131
394
572
-276
442
159
75
582
-81
174
67
-216
391
-218
329
501
-396
802
-75
-130
543
-328
361
131
-147
708
-93
87
358
-455
569
79
50
687
-219
106
331
-156
338
-264
-463
394
-209
222
309
-269
179
-160
-109
112
-67
-266
18
-212
-75
-35
-541
474
-162
-292
258
-771
543
9
-550
520
-934
-46
-181
-300
548
-402
209
11
-80
282
-298
-391
134
-297
-165
486
-394
370
117
-231
334
-225
-154
-46
-302
-8
-267
104
312
-198
491
-126
9
65
-194
29
-604
89
-309
-8
561
-206
164
254
-207
324
-166
-366
-42
-376
342
262
350
535
-45
141
255
-298
56
-42
-505
710
-207
445
758
-262
921
-271
-72
277
-825
421
-123
93
857
-145
733
363
56
499
-482
-72
116
-414
378
281
-18
681
-32
-11
67
-492
-81
-300
-356
209
-54
125
761
-167
262
-110
-638
-116
-364
-197
-137
84
-71
524
17
182
25
-780
43
-540
-217
240
-221
210
340
-205
499
-217
-448
88
-1085
151
101
-344
826
-447
-166
577
-850
379
-245
-785
225
-667
462
434
54
245
-274
47
-33
-239
61
-246
-224
82
-96
445
172
-229
85
-353
-68
172
-251
341
162
-251
475
89
185
276
-511
-104
-186
-16
252
299
364
-132
75
243
96
195
-38
-256
-53
-46
126
294
349
134
48
218
194
138
108
-38
167
132
53
326
107
207
234
-109
341
-66
-147
136
-310
144
99
82
515
144
-43
-63
-209
-149
1
-295
-131
64
-50
339
3
-28
24
-305
-17
-102
-70
-22
-319
190
119
119
218
-132
-199
-272
-356
-66
-84
-162
164
-31
118
-70
-155
-22
-314
-214
-65
-92
120
-61
-35
131
-62
207
194
-121
-69
-306
-189
242
-48
227
52
-160
262
-89
148
111
-390
-95
-52
-119
273
42
-150
312
-151
159
117
-416
193
-342
45
259
-238
230
-353
-46
192
-223
354
-30
8
314
-225
220
139
-156
107
-183
33
91
18
323
121
-34
83
-232
-27
-4
-216
17
3
39
280
158
92
78
-245
5
-146
-104
74
-152
75
163
153
95
93
-100
-48
-157
-151
3
-91
-23
39
41
121
-8
-106
-117
-222
-18
-123
-29
28
-94
-9
10
-23
5
-128
-255
-136
-200
-47
67
80
-42
-54
-64
-79
40
-105
-96
-204
-114
-139
-52
24
-114
-39
-67
-66
51
-114
-140
-139
-222
58
24
-5
44
-197
-133
-15
-117
71
-110
-227
21
-68
142
113
-167
-44
-204
-115
179
-13
83
-9
-135
138
-48
66
10
-83
110
41
192
78
71
-1
14
66
1
152
56
72
78
67
115
187
2
110
-16
-24
113
-131
145
-26
104
231
93
158
25
-111
-89
17
17
188
52
53
85
0
122
11
-140
-80
-213
-9
60
2
190
-42
93
58
-127
58
-190
-210
-61
-185
163
100
14
246
-141
55
-103
-373
-33
-345
-109
130
-128
242
77
-104
79
-344
-205
-125
-323
88
-42
-53
234
-90
85
-55
-250
3
-298
-113
2
-77
210
130
156
168
-49
-5
-97
-151
-29
-88
80
113
196
227
74
124
-79
-13
0
-49
69
117
83
237
146
54
186
-104
38
-38
-85
126
8
204
236
52
134
17
-68
23
-124
-67
-35
-41
101
77
82
158
50
61
81
-118
60
-76
-3
150
6
109
79
39
121
-25
-10
65
-138
114
42
-13
254
-31
130
108
-170
43
-184
-135
86
-113
84
37
-118
102
-81
1
75
-82
6
-10
-61
117
37
-16
56
-147
-27
-15
-65
93
-67
-13
46
-134
50
-92
-122
37
-126
20
38
-102
20
-11
-58
103
-91
-35
-20
-193
82
-69
-35
90
-175
27
-53
-162
41
-159
-51
-33
-141
202
48
8
165
-168
55
-34
-148
98
-119
38
150
-14
210
53
-82
157
-104
88
90
-121
169
12
110
263
-1
184
115
-74
267
-31
53
163
-83
213
81
38
215
-63
18
64
-98
187
46
10
188
-24
162
112
-16
113
-75
-7
97
-14
140
68
-8
110
-44
48
48
-54
79
4
47
142
-4
80
109
-38
148
18
-22
75
-95
57
39
1
141
-9
-45
64
-109
43
26
-112
59
-74
-40
79
-82
7
5
-83
32
-39
-60
-47
-160
-106
-26
-95
28
-4
-8
42
-52
-61
-36
-124
-85
-63
-171
-13
-144
-154
6
-128
11
9
-126
25
-84
-92
-7
-168
-9
-102
-140
31
-109
-16
2
-160
7
-59
-113
46
-146
-36
-4
-103
127
-48
-54
69
-204
21
-58
-132
112
-148
-18
61
-86
171
16
-88
152
-127
58
85
-105
165
-37
1
136
-79
105
50
-91
131
-33
60
86
-69
91
-1
9
82
-24
39
4
-67
47
-24
31
66
-36
49
-49
-35
-3
-80
-4
-17
-11
49
7
15
28
-41
-5
-53
-60
20
-51
20
30
-62
34
-41
-51
30
-122
-15
-23
-63
47
-42
22
73
-38
11
-58
-86
26
-70
-18
6
-72
4
-53
-60
10
-91
-26
-12
-59
44
-24
-50
21
-111
-1
-54
-131
30
-99
-3
38
-101
19
-59
-104
23
-81
-3
30
-61
43
16
-2
124
-27
5
51
-77
82
-45
-63
53
-103
38
31
-61
91
-83
-38
55
-99
58
1
-51
84
-60
-18
27
-86
61
-16
-66
29
-102
-12
-2
-66
40
-78
-86
-59
-146
-32
-87
-17
17
-35
27
-37
-66
-64
-105
-65
-45
-68
7
-50
-25
-52
-78
-41
-64
-45
-11
-23
-1
-4
-1
53
22
25
-2
-13
-15
28
25
67
50
22
77
18
94
44
40
69
11
73
80
77
91
61
45
70
74
51
64
19
50
46
14
77
14
74
113
76
104
53
25
60
8
59
117
72
132
81
70
108
26
43
27
-10
55
-1
49
57
14
31
-5
-30
24
-4
14
62
-27
59
-1
-63
7
-109
-44
-11
-59
31
-30
-48
15
-73
-65
-43
-142
-41
-56
-101
9
-70
-36
11
-90
-23
-44
-122
9
-60
-46
6
-116
-6
-33
-51
68
-26
13
47
-64
48
3
-33
81
-25
35
49
-38
68
3
-29
66
-25
47
76
-6
79
45
43
104
17
60
79
22
125
49
39
69
-21
57
21
-4
57
-13
51
65
48
106
49
47
44
10
12
18
-12
41
19
2
34
-13
24
-2
15
33
20
44
22
24
14
25
32
37
29
28
21
25
10
-13
3
-30
12
13
11
28
20
11
29
26
22
25
-15
-7
-31
-22
2
-11
5
-4
-49
-36
-42
-48
-22
-42
-8
1
-17
1
-21
-19
-16
-41
-24
-34
-38
-12
-9
-6
9
-24
-2
-2
-30
12
-12
4
18
10
46
44
35
45
33
37
31
36
50
48
59
51
47
66
55
53
56
32
59
49
43
69
46
59
50
17
41
11
-4
8
0
22
15
0
8
23
-4
35
4
-1
9
-27
14
-3
-6
10
-8
0
5
-19
2
-12
-16
5
13
10
16
-2
-5
7
-17
-1
-4
-12
1
-34
-31
-20
-28
-16
-18
-31
-15
-30
-48
-48
-66
-62
-62
-72
-62
-59
-77
-68
-84
-78
-64
-96
-54
-54
-50
-24
-68
-49
-52
-61
-58
-81
-91
-75
-71
-45
-27
-41
-22
-34
-29
-18
-19
-2
-8
-14
11
-3
-8
-6
-30
-2
-15
2
16
-11
6
0
16
23
27
33
30
36
25
36
32
31
26
16
25
16
33
19
20
26
20
29
18
32
14
12
7
-5
-8
-23
-26
-25
-38
-32
-19
-36
-17
-45
-42
-33
-45
-15
-18
-23
-6
-19
-38
-30
-49
-40
-37
-50
-32
-45
-54
-46
-52
-44
-27
-47
-35
-43
-41
-5
-15
-9
-8
-23
-28
-20
-33
-11
-23
-33
0
-18
-5
-9
-35
-19
-21
-18
18
6
11
8
-12
16
2
16
22
10
9
8
0
7
19
19
45
22
24
25
17
33
28
38
39
23
19
18
18
31
11
4
-3
-1
1
-6
-1
-4
10
3
7
5
1
-8
-12
2
-1
0
6
-12
-8
-18
-21
-7
-19
-10
-14
-29
-29
-31
-28
-11
-10
-18
-7
-17
-9
2
-28
-4
-4
-20
16
-6
-2
-2
-25
6
-10
-11
7
-1
11
16
10
34
27
14
50
23
45
36
22
45
16
25
21
4
5
-5
-18
8
2
10
22
9
29
15
8
8
-11
-6
-3
-10
10
10
-4
-4
-24
-8
-7
-19
2
-6
-2
18
-4
16
-2
-15
5
-14
1
8
-10
-11
-12
-19
4
-13
-17
-4
-34
1
3
-5
13
-4
-1
16
-4
9
7
-24
7
-8
13
25
0
3
-18
-18
13
9
29
47
42
59
39
44
36
37
41
42
48
45
54
60
64
60
60
45
46
34
46
48
48
54
40
48
41
50
43
49
20
41
32
22
24
5
12
10
3
2
-6
-27
-3
-26
-6
-17
-24
-16
-22
-10
-13
-8
-20
-15
-15
-8
-24
-13
-21
-13
-17
-23
-14
-25
-11
-13
-8
-25
-13
-18
-2
-7
-1
19
4
10
-9
