SAMPLES:	8325
BITSPERSAMPLE:	16
CHANNELS:	1
SAMPLERATE:	16000
NORMALIZED:	FALSE
106
110
44
-101
-145
-176
-179
-154
-83
-43
5
79
76
43
-13
-32
-62
-68
-50
-53
-16
6
58
83
47
11
-26
-41
-80
-85
-89
-56
7
58
92
110
95
61
28
-60
-85
-93
-44
-2
10
58
65
94
77
33
18
-42
-52
-79
-115
-34
-4
61
58
-20
-54
-48
10
-32
-95
-115
-115
-77
-61
-105
-40
44
72
68
27
45
12
-75
-111
-160
-178
-105
19
75
-9
-104
-109
-93
-124
-114
-112
-138
-119
-80
38
76
17
44
19
9
-26
-80
-84
-75
13
72
26
-35
-116
-110
-80
-87
-87
-37
83
169
166
57
27
-7
61
39
-150
-165
-105
-100
-82
-42
-19
-15
46
123
-15
-64
22
-24
-82
-77
9
-5
-62
73
125
142
92
0
-64
-180
-155
-111
-168
-152
-78
68
149
75
114
150
81
44
94
-46
-164
-155
-67
-88
-116
11
70
-4
-6
117
62
52
83
39
-71
-129
-70
-89
-125
50
50
4
-1
75
142
62
174
72
-77
-114
-18
-44
-189
-81
77
39
8
93
49
-52
-125
-63
-19
-40
178
265
230
186
157
201
63
35
26
39
-58
-70
-4
55
162
125
238
142
163
156
35
67
67
169
68
99
126
27
111
127
64
-76
-91
-63
-58
-38
51
180
144
136
205
203
107
263
282
97
81
149
202
3
48
14
-124
-34
-45
-17
-5
141
260
194
158
28
22
-34
-14
-24
-43
48
71
92
-37
-102
-20
151
66
6
42
122
25
-3
149
-22
-113
38
174
66
-38
60
-63
-122
-68
-103
-59
-45
59
2
201
-7
-205
-24
13
-119
-267
-80
-169
-80
154
164
-77
-114
34
113
47
74
59
-9
39
-12
0
-186
-200
59
-31
-94
-162
-150
35
76
155
101
198
423
299
142
-62
-169
-163
-295
-301
-353
-236
-202
129
267
34
-22
-2
122
92
138
236
214
97
239
328
284
-18
-195
-32
-90
-291
-353
-232
-123
69
334
414
213
207
293
123
-65
-60
-75
-152
-95
-93
-246
-273
-12
28
-70
-4
119
198
254
246
115
40
135
240
105
-151
-103
-55
-11
-77
-220
-54
88
100
178
279
130
84
157
41
-9
168
363
171
-31
146
82
-12
-46
-80
-292
-220
52
3
110
200
211
319
356
269
141
-95
-212
-256
-280
-71
314
393
183
230
295
74
-242
-303
-233
-241
126
171
87
193
241
232
-21
-203
-194
-175
-217
-323
-233
0
221
437
269
81
-80
30
-269
-665
-576
-351
-75
238
292
156
198
441
404
-76
-188
-103
69
-110
-77
-76
-270
-86
43
128
-109
-33
114
-84
206
306
203
-88
-249
-94
-348
-277
-74
-45
-133
-146
-191
-192
-255
-119
127
133
77
-29
7
-133
25
265
65
-229
-159
-81
-121
-163
-284
-205
-68
-132
-183
-192
105
-20
-34
249
90
222
32
-89
-236
-386
-180
-182
-207
-35
82
235
158
-25
-94
-162
-222
-61
4
-286
-152
-72
-250
-246
-184
-171
-202
-58
348
236
125
262
175
-242
-445
-314
-92
131
201
86
-38
-54
-91
-40
-249
-98
26
186
241
-79
159
150
47
-22
-5
-78
-135
-107
-47
103
68
75
-176
-261
-199
72
66
54
284
248
18
-202
79
-36
-242
-130
75
-105
-306
-102
0
-119
63
-42
-256
-191
-204
-63
-138
-113
-123
-254
-323
-280
-66
168
-49
-185
-180
-342
-310
-122
-102
-430
-100
-8
-171
-32
104
-97
-523
-514
-270
-142
-293
33
271
1
45
127
-101
-171
-258
-202
-71
-179
175
174
-69
86
-141
-178
-5
-64
225
409
398
216
-184
-232
-187
157
339
167
-60
8
-224
-292
-282
-414
-154
213
453
240
466
253
-180
-322
-49
263
-166
-96
129
123
159
-75
17
-52
-61
182
7
-437
-41
560
393
-147
-238
-183
-359
-143
-257
-241
79
374
334
-241
-428
-209
-250
-311
-44
236
142
76
414
317
-238
-399
-57
46
-257
45
197
-57
190
48
-311
-264
-302
-53
209
99
163
357
350
-24
-242
-11
-181
-224
119
249
386
289
241
218
25
-222
-314
100
-31
110
442
254
229
572
422
-358
-314
-128
60
296
417
353
201
218
228
110
-134
191
57
199
499
-29
-385
-344
-48
115
29
103
695
653
399
294
-306
-573
-298
-218
-231
-4
396
962
655
45
306
-181
-573
-463
-17
240
27
224
339
117
-5
11
-81
-169
108
136
92
139
-203
102
247
-173
-79
178
28
-43
-270
-89
2
-152
-71
-38
-69
116
258
250
432
-57
-552
-60
200
208
72
178
340
312
194
-290
-733
-443
298
120
56
300
375
345
411
217
-138
-30
122
-104
-359
-192
56
-25
-114
134
166
332
279
-60
95
53
115
-11
-186
376
464
275
-65
-514
-47
173
-121
-28
-157
103
395
406
311
-162
-399
-68
140
-60
332
421
43
-56
-406
-280
-100
-26
163
294
178
-49
192
71
86
311
140
-77
-109
-231
-224
-152
7
18
-100
355
511
174
240
412
183
-404
-566
-464
-216
117
141
323
302
264
388
-107
-689
-346
-51
-142
184
104
54
114
16
97
-148
-259
-337
-374
-122
26
99
258
351
154
-107
-193
-413
-401
143
224
189
142
-22
283
233
-128
-109
-46
156
231
255
216
-177
-322
-240
-132
-243
156
442
467
458
349
36
-306
-101
-45
-189
-214
196
120
66
211
-7
-397
2
313
76
-113
-121
-177
-79
89
-8
-242
-113
631
417
59
-114
-135
-78
-76
214
181
-113
-422
4
13
-308
-226
11
206
93
237
92
-63
-100
-36
-56
126
74
-111
61
88
40
-443
-435
-108
116
293
16
212
253
125
79
-81
-171
-163
127
274
111
-203
-368
-587
-496
104
250
29
154
-7
-196
-261
-480
-239
-200
-302
133
186
300
26
-154
27
-16
88
-128
-114
-41
-187
-241
-212
-234
-195
74
80
-216
-155
392
221
281
330
-309
-222
-280
-598
-670
-27
239
96
-2
231
282
-12
48
-298
-285
-153
-205
-24
314
574
558
-111
-196
-108
-480
-669
-457
134
483
374
512
190
-128
-53
-217
-552
-514
-20
-9
304
281
85
49
117
214
-27
-352
-652
-410
-262
-223
-139
-309
-34
559
650
390
-145
-163
-142
-527
-314
-659
-252
582
434
194
-113
-146
-188
-474
-458
-116
146
-143
-25
197
-68
-78
-517
-218
160
-310
105
-31
-59
563
223
-462
-581
-84
-195
-394
-229
-56
-17
84
246
-132
-177
319
224
-97
-302
-377
-278
-242
77
37
106
359
141
-462
-457
-1
287
19
72
285
-44
210
326
-194
-111
14
-41
-92
-255
-39
404
198
150
12
-251
-48
-280
-113
127
272
292
157
252
-86
-32
228
-192
-484
-302
-15
-42
144
327
302
32
-60
-247
-555
-418
13
454
333
289
61
145
101
44
85
-237
124
-154
-261
-227
-193
-80
143
108
-212
-243
108
354
-294
-352
-288
200
232
-140
25
1
-8
-76
-29
86
7
-83
-37
-33
132
333
194
82
148
143
-4
-179
-53
-357
-214
-71
35
23
72
114
325
738
438
123
-164
-2
59
-21
108
24
-91
114
123
304
254
97
258
-310
-267
101
225
523
250
184
286
-323
-315
-426
-559
291
525
498
565
722
302
-2
-303
-507
-452
-277
-2
121
571
440
348
48
24
-23
-432
-382
-87
144
312
390
456
560
37
-192
-290
-404
-212
-237
106
191
104
119
-68
250
219
-240
-584
-132
426
80
-212
-282
-245
-6
157
348
43
-227
220
183
-171
-192
76
151
85
152
41
-153
-80
20
29
10
14
262
-132
-221
-141
46
133
182
442
70
448
648
46
-258
-217
-211
-420
-118
527
361
3
-46
106
182
81
354
356
-2
-77
281
501
-48
-3
53
-243
-65
50
-93
-270
-9
557
562
244
53
-263
-633
-172
356
4
-25
242
438
325
65
-300
-419
-374
-78
70
-134
90
513
535
151
-19
-195
-123
162
229
72
12
41
-89
-74
58
-29
-257
-302
40
380
54
-79
78
12
58
-312
-568
-233
151
369
264
246
292
92
-2
-148
-390
-432
-400
-76
231
-50
-171
5
376
287
-36
-250
-298
-79
15
50
79
36
-101
-123
-69
116
-33
-81
32
-112
-160
75
57
-178
-218
37
242
150
129
232
263
216
248
57
-24
4
-230
-279
-112
234
221
45
182
181
36
106
86
131
149
-94
-75
-11
243
200
113
101
-23
-5
80
10
-263
-188
-138
-43
8
-167
-25
108
308
324
79
181
33
-319
-226
-65
82
18
-181
-213
-153
-25
-348
-397
-293
-114
14
-334
-381
-164
-250
-242
-361
-350
-280
-281
39
75
-102
-251
-258
-366
-293
-109
32
-294
-469
-129
-90
-273
-367
-299
-214
38
164
81
-1
-104
-159
-122
-236
-441
-203
217
412
370
267
83
-132
-158
-213
-154
119
426
385
286
179
-82
-65
-259
-236
-81
-25
170
265
334
173
-5
-31
202
374
209
194
293
162
284
165
70
261
280
424
358
134
-163
-432
-508
-460
-376
-142
36
115
184
162
5
-216
-295
-231
-119
-36
-20
13
177
284
201
20
-256
-356
-361
-276
-105
-12
-89
-54
-46
-177
-364
-415
-284
-256
-195
-82
-40
-191
-241
-334
-481
-640
-648
-572
-403
-63
112
111
35
49
-74
-349
-568
-747
-735
-367
-130
-207
-177
-102
-117
-196
-377
-493
-454
-363
-278
-265
-126
159
107
109
196
-3
46
29
-13
-161
-159
-126
-188
59
125
366
460
415
292
-39
-212
-360
-498
-434
-259
-105
1
34
39
48
233
156
197
232
216
67
-85
-67
-42
3
-52
-94
-37
135
248
226
179
160
48
58
-90
-208
-65
-38
-49
-95
-150
-128
-100
-117
-123
-234
-149
-284
-345
-304
-291
-350
-409
-175
-121
97
153
259
159
-36
-148
-451
-565
-441
-255
-195
-171
35
90
3
-147
-275
-107
76
193
343
360
294
403
320
191
119
113
48
3
149
127
280
421
376
206
-19
78
32
130
303
439
520
500
557
463
609
598
651
539
489
621
732
819
750
933
900
925
956
1041
1092
1073
1157
1003
1096
1217
1374
1521
1843
2055
2170
2005
1760
1457
1304
1313
1149
1117
1248
1365
1427
1336
1261
1203
1031
825
324
-326
-890
-1637
-2299
-2935
-3537
-4068
-4444
-4769
-5009
-4920
-4605
-4072
-3677
-3254
-2858
-2439
-1953
-1699
-1386
-1378
-1619
-1892
-2152
-2386
-2641
-2624
-2676
-2591
-2384
-2261
-2035
-1723
-1243
-888
-764
-519
-378
-367
-220
-35
130
394
530
639
728
794
911
1062
1476
1719
2079
2422
3002
3776
4476
5047
5319
5443
5174
4820
4336
4071
3932
3634
3766
3942
4273
4995
5296
5791
6143
6035
5927
5397
5186
5196
5124
5352
5393
5841
5541
3838
838
-2250
-4636
-6738
-8650
-10358
-10269
-9142
-7790
-6349
-4561
-2485
-1231
-249
206
234
276
317
265
-177
-754
-1106
-837
-667
-331
144
457
204
-994
-2378
-4370
-6204
-8078
-9611
-10077
-9781
-8442
-6972
-4740
-2585
-1124
7
491
520
166
-462
-1046
-1250
-1717
-1914
-1991
-1892
-1593
-1316
-744
-317
182
386
545
762
901
1241
1551
1785
1904
1962
1828
1756
1465
1283
1094
909
967
1287
2064
3116
4459
5721
6591
7087
7415
6898
6436
5772
4782
4503
3771
3586
3943
3774
4747
5104
5665
6624
6749
7484
7332
7185
7048
6262
5393
3643
-75
-4112
-6996
-8784
-9116
-10055
-9925
-7799
-5418
-3461
-2097
-384
1253
1650
1388
1103
676
775
675
462
263
-505
-755
-641
-603
-853
-1394
-1772
-2606
-3591
-4769
-5924
-6954
-7778
-8591
-9113
-9205
-9832
-8884
-7888
-6107
-3886
-2380
-69
1454
2622
2718
2154
1775
676
-577
-1665
-2977
-3885
-4166
-4227
-3918
-3549
-2737
-1598
-360
867
1706
2388
2666
2582
2105
1332
854
607
570
465
629
738
1054
1904
2622
3568
4511
5636
6414
7000
6662
6416
5875
4926
4064
2901
2589
2505
3164
3824
4927
5514
6145
6977
7812
8945
9301
9713
9758
9423
6347
99
-5465
-9521
-11223
-12304
-13553
-12452
-8472
-3976
-1400
650
3315
5143
4982
4045
2611
1684
1796
1560
1525
755
-386
-342
323
176
-773
-1690
-2746
-3935
-5629
-6957
-7946
-8526
-8683
-8766
-7871
-6532
-5667
-5067
-3983
-3604
-3942
-3626
-3168
-1936
-851
-299
255
691
809
143
-785
-2145
-3930
-4956
-5127
-5283
-4882
-3892
-2883
-1798
-840
-177
352
866
1049
778
387
143
107
411
666
904
1082
1077
1639
2520
3248
3654
3977
4808
5350
5581
5520
4856
4414
3786
2997
2879
2534
2728
3903
4435
5376
5851
6357
7817
8854
9870
9898
10392
10613
9595
5151
-2448
-8120
-11339
-12088
-13614
-14275
-10551
-5353
-1247
758
2706
5634
6722
5645
4443
3247
2859
3589
3883
3871
2751
1552
1583
1360
110
-1791
-3680
-5146
-6545
-8264
-9122
-8930
-8241
-7633
-6902
-5259
-3804
-2527
-1643
-1048
-879
-1713
-2713
-3486
-3351
-2976
-2823
-2669
-2279
-1798
-1558
-2087
-3225
-4087
-4563
-4357
-4007
-3648
-2889
-2020
-1371
-1241
-1320
-1503
-1731
-1864
-1706
-1314
-586
345
1162
1838
2300
2381
2029
2058
2148
2399
2672
2827
3445
3968
4633
4861
4537
4367
3540
3400
3461
3210
3960
4621
6513
7525
8116
8842
8894
9841
10181
10243
10473
10635
9808
6820
-470
-7325
-11297
-13169
-12836
-13323
-11121
-5438
-396
2414
3727
5855
7783
6893
5132
4046
3617
4754
5709
5613
5023
2896
1205
121
-1790
-4045
-6352
-7930
-8860
-9452
-9420
-8033
-6271
-4731
-3733
-2999
-1992
-1590
-1370
-1045
-577
-436
-465
-428
-837
-1007
-2284
-4428
-6222
-7278
-6846
-6283
-5709
-4718
-3377
-1738
-589
-101
-256
-860
-1372
-1917
-2677
-2896
-2556
-2228
-1912
-1527
-1086
-430
342
970
1287
1264
1201
1419
2014
2491
2944
3213
3315
3485
3668
3160
2360
1784
1211
1444
1876
2905
4213
5966
8112
9019
9518
9535
8746
9066
8853
8215
8644
8671
9445
8612
5742
387
-7071
-10988
-13030
-12855
-11508
-9791
-5029
463
3471
4438
5728
7233
7236
5513
3956
3792
4225
5077
4896
3862
2168
-270
-1808
-3344
-5505
-7361
-8546
-9049
-8758
-7985
-6432
-4630
-3202
-2069
-1540
-978
-574
-480
-8
592
914
1008
947
615
227
-902
-3022
-6839
-9370
-9540
-9259
-7300
-5781
-3645
-409
1774
2529
1650
1027
38
-1235
-1543
-2151
-2333
-1292
-509
-569
-1050
-1766
-1906
-1504
-1030
-454
325
1742
3457
4705
5007
4399
3507
2022
520
-438
-1292
-1593
-1093
79
1760
3741
5169
7442
8905
9355
9082
7838
7104
6538
7412
7286
7990
9180
9820
9424
6912
2400
-6794
-12501
-15044
-15918
-13124
-10645
-5379
1297
6095
7616
7179
7622
7195
5078
3016
2619
3585
6135
7437
6715
5564
2103
-1329
-4097
-7365
-9923
-11163
-10953
-9561
-7506
-4906
-2276
-663
218
-143
-764
-1006
-1401
-965
659
2403
3199
3425
2947
1730
-518
-4201
-8473
-12337
-13508
-12579
-10753
-7342
-4104
-620
2653
3646
2878
1237
-60
-1457
-2186
-1710
-1198
-232
874
672
-1022
-3017
-4497
-5146
-4598
-3340
-1412
1272
4231
6549
7025
5688
3239
421
-2262
-3656
-4104
-3517
-1658
961
3689
5749
7583
8404
8754
8643
7079
6502
5689
5946
7606
8078
9147
9423
10101
10712
7962
3304
-3835
-12985
-16716
-17659
-15198
-9739
-5399
831
6545
8328
7224
4996
4451
4092
2134
2222
4394
7560
11099
10898
7961
4057
-2078
-6999
-10404
-13049
-13197
-11719
-8767
-5184
-2378
-463
369
-502
-2153
-3844
-4138
-2735
-531
2206
5282
6973
6428
4889
1513
-2299
-6099
-9912
-12557
-13373
-13253
-11653
-9067
-6350
-3713
-2210
-896
47
327
51
-348
900
2328
2600
2821
2098
-27
-2241
-4535
-7091
-8417
-7821
-5676
-2994
518
4051
6257
7331
6197
3727
541
-2204
-3269
-3365
-2039
31
2412
4176
5580
6591
6502
6426
5852
6616
7256
7723
9700
10459
10992
10952
9151
7502
6724
6998
6640
3184
118
-5533
-11974
-13220
-13773
-10233
-5529
-2946
1428
4975
5623
4209
3040
3748
4255
4000
5338
7370
9561
10522
6923
2701
-2187
-8129
-10773
-12007
-11623
-9471
-7196
-4772
-3086
-2622
-3161
-4436
-5577
-5699
-4902
-2202
1556
4844
7706
8470
6894
3631
-70
-5577
-10080
-10988
-12007
-10100
-8983
-9387
-7397
-6094
-5408
-5559
-4998
-2745
-1036
1637
3703
4499
6551
6847
4300
1070
-3030
-5842
-6790
-7431
-6748
-5392
-3364
-748
1342
2747
3159
3230
2679
1726
1427
1153
887
1451
2380
2770
2444
2092
2559
3342
4119
5211
5157
6920
8995
9830
11258
10155
9606
9060
7741
6836
6103
6718
8864
7572
4414
-716
-10244
-14029
-14867
-13282
-7696
-4391
426
5181
6640
4892
1440
1088
2567
2657
4302
7643
10245
12937
10984
5257
-71
-6964
-11115
-11914
-11339
-8443
-5301
-3333
-2154
-2627
-4508
-6593
-8455
-8011
-5917
-2378
2496
6276
9066
10308
8075
3880
-406
-4024
-7144
-9042
-8751
-6896
-4540
-3610
-4408
-6243
-8104
-11542
-12993
-10042
-5390
573
5360
8918
10697
9645
5677
201
-3641
-6278
-7407
-5874
-3358
-890
1236
1337
-1162
-3579
-5235
-5300
-3202
177
3890
6378
7893
7158
5001
2418
198
-1427
-1356
215
2566
5705
7548
9257
9687
8922
6939
6587
7334
7765
8902
8573
8812
9789
9815
9797
6828
2711
-1288
-9884
-14357
-14669
-12061
-4269
-255
971
2415
3237
1494
-2663
-2932
1284
4752
7658
10680
12065
12995
9706
2075
-3541
-8694
-11197
-10046
-7579
-3285
-360
-339
-2448
-6100
-9721
-11634
-11737
-8961
-4533
485
5483
7741
7583
5971
2882
-891
-3299
-3867
-2788
-1018
412
776
-1168
-6847
-14327
-18263
-18249
-14638
-8499
-2571
3364
7112
6994
3825
598
-649
-1899
-1383
1043
2773
3798
3479
384
-4303
-8520
-11018
-10729
-7511
-2195
3289
6876
8560
7687
4710
1341
-1120
-1404
115
2492
4648
5659
5693
4440
2641
965
679
3974
7033
10843
13677
15205
13964
10836
7634
3511
3951
5625
8929
9814
7545
2310
-8016
-13905
-16301
-14624
-8223
-3602
867
4600
6029
2750
-1707
-2576
-795
1757
4679
8808
11983
13555
10377
4008
-1345
-6260
-9095
-8503
-5598
-1640
1034
95
-3017
-7360
-11080
-13113
-12508
-9244
-4607
283
3858
5112
4372
2380
-71
-2310
-3616
-2337
-174
2021
3552
2188
-1439
-5624
-9345
-11126
-11431
-10773
-7626
-3809
-600
585
-989
-2111
-2710
-2638
-2225
-978
1935
3745
3899
3019
399
-2590
-4341
-5693
-5596
-3608
-1127
1162
2551
3277
2896
1492
239
-361
-315
884
2331
3306
3586
3374
2809
1749
1603
2564
4763
7068
10149
12019
12486
11371
10061
8989
7630
7817
7327
9126
9287
5446
1607
-5072
-12050
-14811
-14249
-8108
-2204
-130
997
2401
1629
-3074
-6082
-2775
2508
6511
9968
11358
11459
9246
3202
-1825
-3876
-4633
-3693
-1744
744
2488
1196
-2748
-8349
-12366
-13385
-12151
-9018
-4683
-1370
-229
-526
-2637
-3975
-3611
-2768
-640
2727
5189
5830
4638
-990
-4195
-6540
-9161
-7897
-7486
-5140
-2816
-1711
-3303
-6963
-7570
-8078
-7424
-2855
1392
3455
4982
3686
66
-2972
-4546
-4776
-4159
-1572
1376
2104
2024
964
-749
-1809
-1618
-362
1106
2740
3726
3676
2489
818
-938
-1474
-863
1715
4534
6643
9118
9885
9683
8849
8454
8170
8605
9677
10787
11141
10682
9710
6351
1909
-2699
-8089
-11298
-10040
-7100
-2206
303
-846
-2434
-3898
-5426
-7282
-5623
241
5248
8401
9121
7599
5322
2227
-1355
-1698
554
2567
4184
4367
4184
2251
-1790
-6154
-9633
-10256
-8811
-7001
-5156
-3959
-4717
-6642
-8629
-9385
-7708
-4282
-613
2561
4323
4285
1948
-1797
-2821
-2967
-1746
855
340
-147
-1278
-3596
-6039
-8151
-8608
-8675
-6019
-2171
-289
858
373
-2005
-3390
-3152
-2731
-1391
850
2210
2398
1597
-159
-2181
-2653
-1261
628
3213
4771
4412
3146
1295
-9
-296
407
1511
3274
4595
4875
5087
5463
5631
5958
6499
7246
8150
9356
10065
10678
11740
10750
9741
8469
5606
3038
-466
-5260
-7730
-6875
-4269
-900
-1012
-2948
-4334
-4302
-5075
-6886
-4073
1385
4391
5457
4885
3584
2388
91
-1412
501
3695
5922
5911
4977
4305
2042
-929
-3642
-4871
-3931
-3370
-3805
-4280
-5557
-7812
-10186
-11614
-10636
-8000
-5213
-3009
-1362
-569
-1062
-1907
-3246
-3273
-1662
804
2361
2222
1277
-1201
-2278
-3728
-5760
-5485
-4050
-2712
-1712
-516
-824
-2529
-3616
-4100
-4285
-2813
-1118
-828
-225
199
-654
-1493
-1666
-828
345
1941
3357
3616
3135
2143
1446
1526
2616
3763
4899
5185
4853
4556
4522
4535
5580
6316
6628
8615
9160
9479
8690
7955
7778
8150
8247
5812
3559
1719
-2859
-6791
-7113
-4655
-50
749
-2227
-3917
-2952
-2899
-5505
-4877
98
3795
4086
2578
1436
1170
-30
-2138
-1016
2731
4905
4272
2829
2814
2421
674
-1195
-1810
-636
-68
-1165
-2382
-3656
-5739
-8048
-9404
-8763
-6776
-5215
-4400
-3737
-4138
-5720
-6575
-4847
-1785
340
825
457
555
282
-1357
-2742
-2050
-590
-518
-1000
-925
-699
-1151
-2631
-3714
-3464
-2178
-1440
-1656
-1206
-831
-1508
-2867
-3348
-2408
-1406
-550
434
1332
2023
2050
1138
1089
1883
2733
3534
4613
5544
5194
4690
4376
4842
6083
6465
6792
7905
8999
9593
8458
7635
6644
7043
8096
6862
4871
2513
-1726
-6590
-7167
-5250
-1800
-590
-3575
-5741
-5634
-4532
-5023
-4618
-101
3229
3725
2841
1707
1448
645
-699
-110
3028
5041
4095
2292
1342
988
-111
-788
-584
-187
407
-301
-1574
-2494
-4120
-5778
-6764
-6719
-5754
-4726
-4587
-4886
-5191
-5806
-5825
-5590
-4620
-3238
-2960
-1205
262
386
-103
-1597
-1182
-156
284
543
286
628
250
-1009
-1442
-1697
-2130
-2586
-2786
-2181
-1470
-1536
-2221
-2746
-2783
-2382
-2298
-1747
-636
49
864
1242
1434
1818
1905
2217
2745
3750
4620
5049
5111
5533
5808
6483
7732
7717
8400
9163
8919
9274
9435
8397
7647
5760
3730
1259
-3847
-5598
-4368
-1839
139
-3812
-7144
-7874
-7433
-6507
-5904
-1940
2355
2444
594
-10
919
1451
654
1148
4340
6228
5244
3503
2223
2248
1108
-599
150
716
601
-186
-1365
-1741
-2515
-3961
-5102
-5464
-5329
-4956
-5244
-5756
-6620
-7811
-7975
-7641
-5629
-3803
-3689
-2892
-2778
-2511
-2120
-2137
-509
962
1753
1588
788
1009
595
106
40
-514
-840
-1222
-1839
-1853
-1684
-1895
-2223
-2598
-2291
-2204
-2909
-2935
-2507
-1748
-733
-484
-121
978
1674
2060
1994
2965
3584
3861
4939
6174
7100
7718
7819
7458
8541
8956
9462
9216
9754
9896
8112
5871
3574
558
-3845
-4288
-2500
310
319
-5225
-9038
-9606
-8550
-8284
-7440
-2884
-274
-1216
-2551
-2444
-665
87
-183
1589
4831
5994
4828
3778
4128
4574
3375
2644
3054
2434
1396
-244
-1170
-802
-1350
-2401
-3994
-5001
-5176
-5638
-6043
-6001
-6403
-8032
-9013
-8858
-6881
-4929
-4684
-5682
-6232
-4938
-3652
-1802
183
1069
1405
1704
1921
2070
2669
2931
2702
2674
2418
1280
29
-512
-758
-811
-613
-668
-947
-1342
-1965
-2451
-2310
-1498
-1230
-1146
-699
-162
781
1243
1524
2091
2318
3070
3883
5442
7306
7447
7702
7827
8564
9654
10375
10275
10849
10989
9048
6888
4905
673
-2103
-1120
444
2059
-1172
-5822
-8389
-8462
-7740
-8412
-6784
-3995
-3894
-5428
-5992
-4620
-2902
-2447
-1861
424
2443
2731
2740
3296
4791
5252
4306
4560
4379
3734
3160
2190
2158
2017
870
-514
-1668
-2570
-3185
-4139
-4845
-4945
-5380
-6393
-7361
-8896
-10122
-8149
-6358
-4630
-4767
-6952
-7786
-6684
-2960
-1175
101
1898
1390
1150
2058
2902
3454
3836
3762
3001
2844
2559
1375
337
247
550
-150
-478
-783
-1447
-1392
-1460
-1191
-1157
-1213
-1258
-1540
-833
51
667
1187
2232
3138
3656
4688
5750
6131
7112
8369
8622
9238
10054
10596
10738
10036
8773
6836
3227
994
1143
2435
4163
1015
-3924
-6183
-6406
-6235
-6969
-5877
-4102
-4807
-6897
-7967
-6631
-4972
-4885
-4596
-2430
-748
-898
-624
788
2913
3964
3754
4435
4532
4045
3966
3827
4353
4618
3605
2010
862
96
-467
-1268
-1936
-2379
-3990
-5571
-6651
-7690
-7546
-7994
-8654
-7705
-7193
-7391
-8088
-7906
-6133
-4496
-3286
-2559
-1784
-627
416
1361
2436
3107
3012
2694
2887
3631
4047
3434
2897
2607
2096
1623
1265
1306
1181
500
-56
-207
-370
-500
-874
-1224
-864
-950
-631
254
959
2493
2700
2677
3719
4277
5587
6511
7718
8877
9276
9702
8924
8630
8936
6881
3590
3523
4790
6565
5523
498
-2545
-2571
-2375
-3777
-4273
-2710
-2982
-6000
-8388
-7535
-5742
-5845
-6764
-5834
-3937
-4080
-4633
-3271
-1074
303
232
755
2127
2555
2203
2322
3481
4480
4206
3410
2813
2417
1646
1023
817
821
-462
-3960
-4562
-4531
-4493
-4680
-7078
-7504
-7359
-7442
-8935
-9099
-6411
-5657
-5919
-5647
-4734
-3617
-2882
-1824
-426
855
978
476
1026
2282
3482
3486
3885
4478
3767
2929
2555
3347
4079
3581
2734
2443
2298
1850
1386
1173
1015
933
352
-110
735
1375
1874
1595
2100
2973
3592
4345
4924
5877
6321
6714
6917
6614
6605
5952
2731
2463
4321
6129
6220
1954
-610
-949
-359
-909
-1603
-475
-998
-3476
-5878
-5848
-4508
-4805
-5925
-5814
-4636
-4949
-6027
-5084
-3199
-1939
-1932
-1826
-899
-663
-626
-45
1379
2660
2325
1412
1305
1542
1303
1236
1359
1231
442
-925
-2522
-2751
-3691
-4555
-3773
-4162
-4990
-7327
-8961
-8001
-5509
-4534
-5658
-5910
-5617
-5089
-3975
-2349
-1105
-978
-1189
-1451
-603
845
1463
1937
2640
3345
3240
2636
3085
4014
4344
4226
4224
4185
3555
2941
2859
3319
3297
2960
2402
2083
2045
2271
2436
2543
3178
3449
2986
3285
4049
4512
5884
5074
4671
3714
3444
2599
-372
1858
3746
5578
3604
-1549
-2210
-1323
-196
-1064
-921
680
-882
-3431
-5141
-3842
-2603
-3830
-4635
-4110
-3192
-4808
-5484
-3292
-1940
-1626
-2615
-2364
-1421
-1513
-1430
-670
1378
1763
697
-49
124
730
516
874
1050
343
-671
-1965
-2378
-2077
-2605
-3312
-4144
-4485
-4446
-5410
-5808
-5845
-5588
-5189
-5161
-4707
-4175
-3643
-3267
-2860
-1963
-1476
-1445
-1501
-816
46
489
1039
1493
2021
2057
2119
2758
3351
3861
3975
4002
3792
3521
3342
3183
3446
3564
3211
3159
2992
3028
3408
3281
4046
3675
3927
4358
4030
4838
5727
5846
4484
3570
3352
3896
1580
86
1644
3839
4906
981
-1794
-1008
-294
-930
-1712
-129
733
-1525
-3813
-3322
-1757
-2423
-3725
-3664
-2876
-3470
-4896
-3635
-1812
-1361
-1782
-2334
-1397
-1216
-1809
-1216
693
1717
853
68
107
769
729
392
337
582
-90
-1693
-2264
-2037
-1811
-2613
-4043
-4130
-3838
-4147
-4682
-5135
-4398
-4213
-4859
-5014
-4387
-3522
-3247
-3032
-2402
-1656
-1547
-1398
-1035
-196
599
756
1294
2035
2389
2287
2372
2956
3575
3719
3628
3849
3801
3853
3771
3755
3844
3561
3517
3593
3930
3806
3859
3627
4002
4581
4098
4331
4359
5303
5674
4901
4064
3242
4316
1757
-763
364
2199
4346
1050
-1860
-1108
-380
-821
-2050
-639
363
-1325
-3695
-3613
-1494
-2060
-3312
-3517
-2542
-2832
-5032
-4226
-2540
-1738
-1870
-2398
-1514
-1573
-2238
-1836
-116
1239
846
31
-342
104
-467
-961
-164
51
-347
-1813
-2399
-1494
-2160
-2982
-3292
-3070
-2519
-3960
-5394
-4791
-3471
-3054
-3165
-3392
-3896
-4473
-4706
-3529
-1915
-1091
-1338
-1861
-1363
-670
9
944
1638
1914
1830
1711
2513
3443
3717
3962
4197
4049
3840
3908
4033
4365
4554
4470
4181
3851
4306
4275
4227
4906
4800
4725
4575
4971
5122
5602
5108
4062
3728
3583
3219
404
48
1406
2836
2271
-1353
-2139
-1498
-1450
-1678
-1033
107
-1026
-3333
-4730
-3036
-1631
-2754
-3162
-2994
-3027
-4125
-4285
-2398
-1626
-1835
-2352
-2064
-1485
-1674
-1554
-725
390
181
-194
-378
-677
-381
-455
6
96
-901
-1669
-2645
-2336
-2058
-2340
-2087
-2786
-3509
-4114
-4568
-3998
-3121
-2951
-3139
-3440
-3731
-3459
-3039
-2442
-1771
-1530
-1633
-1638
-1267
-514
291
982
1325
1245
1405
1814
2229
3015
3748
3865
3896
3677
3529
3693
3955
4333
4171
4206
4144
4019
4431
4302
4594
4709
4639
5026
4821
4840
4904
5349
5171
4458
3648
3474
2994
542
692
1883
3037
2211
-1695
-2718
-1817
-1619
-2118
-1644
-597
-1671
-4148
-5291
-3756
-2616
-3259
-3755
-3454
-3233
-4678
-4871
-2848
-1801
-1746
-2539
-2266
-1236
-1486
-1537
-337
927
745
-259
-1141
-488
129
-465
-251
-372
-404
-1314
-2593
-2175
-1889
-1789
-2574
-3116
-3047
-3538
-3904
-3731
-2909
-2769
-3336
-3879
-3690
-3086
-2911
-2189
-1449
-1087
-1106
-1294
-778
145
497
717
1232
1704
1940
1773
2256
3022
3204
3263
3108
3159
3062
3140
3439
3960
4443
4143
4067
3504
3837
4211
4233
4955
4852
4830
4693
4755
5216
5304
4753
3543
3172
2921
1320
389
790
2286
2604
-117
-2264
-2318
-1759
-2407
-2561
-1505
-1535
-3279
-5382
-5037
-3647
-3608
-4486
-4464
-3952
-4999
-5673
-4673
-3006
-2216
-2736
-2895
-2166
-1789
-1933
-1036
455
818
98
-551
-290
134
-318
-534
-350
-295
-772
-1931
-1956
-1787
-2003
-2276
-2867
-3003
-3077
-3456
-3593
-3243
-3184
-3364
-3350
-3304
-3099
-3044
-2749
-2155
-1609
-1324
-1242
-781
-118
459
875
1297
1654
1948
2066
2310
3198
3715
3517
3468
3418
3574
3726
4009
4287
4305
4094
3758
4004
4274
4563
4830
4661
4568
4413
4223
5021
5289
5515
5164
3809
3145
3018
2381
1462
1477
2106
2486
814
-1629
-1908
-1432
-1844
-2339
-1790
-1206
-2467
-4603
-5030
-3874
-3314
-3802
-3957
-3655
-4411
-5485
-4853
-3044
-2169
-2552
-2958
-2417
-1892
-1920
-1179
171
461
-172
-541
-16
776
514
43
309
593
-105
-1057
-1161
-1025
-1095
-1724
-2174
-2085
-2298
-3055
-3394
-3122
-3107
-3291
-3475
-3225
-3085
-3237
-3066
-2537
-1974
-1882
-1891
-1367
-669
-223
229
785
1506
1871
1840
2184
2865
3161
3351
3542
3590
3825
3715
3867
4357
4442
4540
4235
3954
4118
4488
4723
4775
4682
4296
4315
4454
4609
5118
4905
3745
2835
2786
2726
1887
1435
1711
2412
1548
-776
-1565
-1039
-1261
-2032
-1896
-1232
-1646
-3380
-4749
-4059
-3367
-3929
-4131
-3608
-3904
-5152
-5278
-4067
-2931
-2760
-3045
-2708
-2274
-2526
-2288
-949
-129
-179
-498
-246
280
45
-269
132
688
291
-575
-864
-778
-894
-1441
-1794
-1566
-1609
-2265
-2994
-3169
-3037
-3063
-2939
-2681
-2522
-2794
-3252
-2918
-2121
-1654
-1395
-1018
-749
-587
-367
288
1150
1585
1666
1694
2324
2884
3179
3530
3837
4115
4021
4004
4534
5030
4870
4764
4759
4700
4940
4945
5137
5209
4815
4484
4471
5105
5576
5162
4201
3245
2759
2489
1747
1660
2025
2449
1635
-245
-1269
-1290
-1327
-2062
-1866
-1190
-1424
-2804
-4070
-3736
-3458
-3847
-3878
-3344
-3334
-4362
-4889
-4181
-3175
-3047
-3161
-2728
-2362
-2643
-2769
-1744
-834
-749
-793
-364
100
-209
-1002
-739
106
-75
-259
-378
-413
-731
-1678
-2202
-1933
-1703
-2021
-2384
-2800
-3016
-3270
-3373
-3009
-2828
-2847
-3024
-2999
-2626
-2414
-2002
-1283
-967
-763
-626
-411
233
793
1065
1480
2056
2334
2652
2958
3159
3445
3590
3926
4338
4508
4565
4614
4763
4919
5048
5260
5251
4928
4618
4405
4620
5102
5302
5540
5054
3824
2898
2428
2102
1910
1938
2271
2263
792
-796
-1345
-1517
-1733
-1952
-1668
-1327
-2014
-3305
-3935
-3773
-3741
-3847
-3559
-3152
-3549
-4213
-4239
-3754
-3175
-3011
-2797
-2179
-2062
-2240
-1855
-1260
-1025
-824
-505
40
343
-200
-479
-312
-277
-378
-507
-300
-334
-800
-1390
-1806
-1746
-1802
-2065
-2208
-2250
-2439
-2629
-2701
-2708
-2486
-2480
-2369
-2116
-2152
-2050
-1780
-1408
-948
-474
-166
135
377
384
648
1079
1701
2174
2453
2806
2858
2878
2852
3165
3637
3897
4021
4210
4493
4379
4398
4275
4498
4779
4588
4560
4338
4325
4421
4555
4540
4040
3527
2918
2246
1439
1197
1697
2022
1481
318
-508
-1130
-1818
-2167
-1876
-1380
-1656
-2691
-3419
-3687
-4027
-4274
-4017
-3621
-3700
-4116
-4169
-3751
-3471
-3421
-3177
-2686
-2463
-2484
-2077
-1560
-1457
-1717
-1621
-1011
-625
-588
-690
-600
-686
-1265
-1529
-1363
-1088
-1039
-1344
-1603
-1903
-2272
-2545
-2565
-2392
-2274
-2294
-2403
-2421
-2460
-2480
-2396
-2090
-1708
-1603
-1506
-1260
-995
-656
-369
-21
393
603
763
940
1158
1450
1811
2170
2507
2671
2548
2583
2682
2941
3213
3246
3305
3315
3398
3473
3589
3660
3784
3943
3901
3897
3721
3716
3865
4123
4200
3890
3490
2935
2417
1921
1903
2098
2245
1891
1087
408
-256
-700
-893
-841
-736
-1156
-1766
-2254
-2452
-2597
-2871
-3074
-3206
-3310
-3382
-3217
-2886
-2737
-2830
-2959
-2877
-2598
-2365
-1918
-1517
-1350
-1449
-1630
-1534
-1368
-1173
-1088
-855
-784
-912
-1268
-1845
-1954
-1935
-1709
-1527
-1589
-1712
-2053
-2457
-2753
-2648
-2341
-2008
-1813
-1769
-1708
-1783
-1792
-1642
-1337
-1010
-758
-441
-125
109
207
407
647
780
835
971
1399
1737
1733
1700
1729
1816
1878
1898
2183
2430
2418
2317
2234
2244
2337
2530
2781
2992
3068
3080
3039
3007
3104
3254
3622
3927
4137
4041
3649
3305
2872
2787
2835
2931
2997
2804
2331
1653
1206
852
585
309
103
-47
-398
-848
-1325
-1573
-1856
-2234
-2550
-2672
-2757
-2928
-2847
-2667
-2618
-2755
-2999
-2914
-2699
-2559
-2243
-1915
-1700
-1992
-2274
-2142
-1797
-1488
-1496
-1452
-1546
-1796
-2087
-2150
-1882
-1723
-1749
-1853
-1930
-2130
-2323
-2355
-2293
-2201
-2283
-2176
-1992
-1852
-1751
-1724
-1552
-1331
-1170
-1003
-732
-517
-335
-249
-74
317
684
883
1007
1046
1058
1236
1457
1627
1863
2013
1878
1854
1997
2119
2087
2133
2339
2527
2633
2555
2458
2630
2722
2705
2925
3195
3474
3601
3645
3752
3752
3775
3946
4060
3991
3842
3632
3502
3269
3015
2954
2824
2590
2168
1702
1350
1036
660
311
76
-286
-765
-1206
-1496
-1757
-2031
-2282
-2516
-2709
-2839
-2917
-2905
-2849
-2849
-2807
-2769
-2776
-2724
-2576
-2420
-2227
-2173
-2215
-2236
-2251
-2081
-1981
-1896
-1939
-2091
-2168
-2343
-2362
-2303
-2172
-2083
-2187
-2257
-2306
-2300
-2363
-2378
-2218
-2102
-1969
-1848
-1613
-1453
-1357
-1225
-1031
-797
-618
-313
-19
310
416
612
742
923
1045
999
1233
1232
1431
1472
1508
1768
1742
1754
1531
1524
1609
1697
1845
1933
2101
2186
2213
2154
2219
2336
2443
2630
2877
3101
3328
3476
3552
3624
3699
3862
4035
4029
3893
3809
3615
3388
3207
3113
3103
2870
2501
2120
1813
1449
951
561
312
39
-379
-818
-1149
-1474
-1841
-2193
-2407
-2567
-2742
-2900
-2962
-3004
-3056
-3101
-3089
-3020
-2998
-2911
-2780
-2656
-2589
-2571
-2496
-2433
-2381
-2331
-2256
-2219
-2282
-2422
-2523
-2464
-2321
-2246
-2245
-2214
-2196
-2222
-2347
-2324
-2240
-2099
-2034
-1987
-1748
-1545
-1284
-1220
-1131
-1024
-867
-677
-671
-239
111
244
366
442
547
636
767
816
926
1120
1190
1095
1005
1001
1056
1175
1118
1060
1233
1360
1443
1522
1546
1559
1622
1743
1926
2218
2464
2639
2769
2956
3075
3188
3371
3452
3627
3729
3919
4002
4033
3999
3858
3687
3373
3084
2871
2815
2682
2507
2186
1783
1379
939
494
107
-153
-407
-762
-1156
-1486
-1728
-1975
-2253
-2427
-2603
-2753
-2933
-3019
-3011
-2976
-2972
-3011
-2982
-2896
-2865
-2845
-2772
-2643
-2585
-2613
-2526
-2516
-2484
-2437
-2352
-2272
-2252
-2271
-2360
-2406
-2427
-2323
-2195
-2102
-2031
-2037
-1974
-1943
-1902
-1807
-1672
-1557
-1542
-1466
-1329
-1217
-1163
-1000
-840
-690
-636
-559
-244
-133
-114
-88
89
402
255
306
439
667
799
603
624
638
849
984
1190
1272
1332
1340
1532
1572
1567
1721
1908
2271
2294
2460
2562
2785
2859
2840
3134
3280
3457
3405
3497
3688
3664
3645
3501
3564
3595
3466
3252
3027
2774
2523
2246
1975
1750
1479
1160
826
533
185
-184
-552
-868
-1179
-1489
-1758
-1962
-2084
-2294
-2473
-2640
-2733
-2846
-2954
-2925
-2883
-2799
-2783
-2714
-2565
-2493
-2413
-2353
-2313
-2266
-2246
-2160
-1987
-1838
-1751
-1751
-1766
-1793
-1868
-1866
-1922
-1845
-1732
-1629
-1574
-1731
-1720
-1743
-1606
-1655
-1738
-1610
-1539
-1421
-1483
-1370
-1233
-1029
-879
-869
-694
-595
-539
-204
17
161
406
460
537
513
587
696
952
1259
1223
1365
1336
1361
1398
1312
1651
1653
1852
2000
2006
2186
2154
2315
2365
2427
2410
2532
2691
2842
2937
2960
3150
3160
3223
3203
3233
3334
3317
3274
3254
3226
3186
3093
2955
2795
2553
2323
2040
1852
1638
1410
1203
949
691
296
-26
-265
-516
-757
-1032
-1232
-1413
-1614
-1818
-1988
-2110
-2225
-2358
-2479
-2536
-2545
-2536
-2521
-2502
-2506
-2523
-2540
-2576
-2591
-2543
-2511
-2535
-2505
-2517
-2503
-2482
-2490
-2442
-2490
-2444
-2452
-2430
-2395
-2387
-2298
-2308
-2177
-2094
-2056
-2009
-1959
-1830
-1790
-1653
-1514
-1450
-1205
-1061
-1012
-739
-578
-370
-271
-228
161
249
380
337
538
762
916
1147
1067
1297
1352
1511
1529
1593
1832
1831
2069
2049
2106
2126
2211
2239
2406
2518
2482
2609
2546
2717
2642
2791
2841
2952
2977
2978
3054
3060
3107
3056
3129
3045
3061
2939
2911
2796
2669
2612
2426
2389
2127
1975
1797
1643
1469
1202
1056
779
591
299
111
-95
-314
-536
-792
-944
-1168
-1321
-1528
-1669
-1851
-2063
-2189
-2307
-2381
-2517
-2602
-2672
-2769
-2858
-2946
-2952
-2979
-3039
-3033
-3072
-3024
-3036
-3023
-2905
-2919
-2837
-2845
-2792
-2716
-2673
-2438
-2389
-2186
-2216
-2223
-2074
-2004
-1771
-1683
-1447
-1335
-1199
-1145
-1082
-732
-567
-439
-223
-33
-65
23
192
518
695
892
930
877
1170
1011
1134
1308
1586
1648
1756
1804
1884
1947
1906
2011
2037
2299
2192
2363
2377
2476
2475
2339
2566
2490
2607
2429
2530
2776
2654
2764
2733
2747
2756
2606
2614
2615
2591
2578
2429
2538
2444
2296
2188
2022
1971
1752
1601
1474
1355
1252
968
772
585
319
89
-112
-281
-445
-673
-870
-1055
-1283
-1468
-1733
-1845
-2039
-2269
-2431
-2668
-2741
-2907
-2994
-3066
-3154
-3173
-3345
-3407
-3455
-3500
-3430
-3411
-3371
-3349
-3247
-3216
-3167
-3087
-3154
-3052
-2906
-2761
-2689
-2578
-2416
-2235
-2059
-1967
-1823
-1669
-1434
-1309
-1141
-952
-803
-500
-418
-259
-92
83
255
365
513
657
811
983
1045
1123
1283
1429
1577
1679
1749
1907
1962
2018
1990
2144
2179
2218
2379
2429
2290
2399
2498
2427
2484
2316
2490
2480
2548
2445
2449
2657
2472
2447
2394
2391
2323
2305
2296
2183
2187
2113
1973
1933
1786
1667
1647
1558
1401
1142
1043
951
812
649
419
322
232
14
-196
-337
-501
-649
-787
-1015
-1207
-1361
-1525
-1738
-1884
-2033
-2228
-2301
-2473
-2637
-2796
-2867
-2968
-3067
-3053
-3227
-3223
-3246
-3376
-3391
-3376
-3408
-3449
-3382
-3342
-3261
-3194
-3096
-3042
-2884
-2798
-2740
-2467
-2443
-2331
-2111
-1939
-1729
-1682
-1351
-1328
-1209
-785
-752
-455
-337
-190
52
199
361
405
713
852
950
1280
1268
1335
1566
1565
1711
1828
1954
1934
2020
2326
2086
2301
2364
2251
2418
2322
2294
2313
2418
2343
2272
2485
2350
2310
2362
2251
2227
2229
2109
2058
2118
2086
2021
1989
1953
1781
1859
1765
1574
1574
1489
1451
1374
1376
1238
1152
1136
877
779
741
637
530
470
240
140
77
-31
-276
-385
-428
-668
-703
-931
-1054
-1176
-1226
-1401
-1577
-1592
-1812
-1910
-2058
-2155
-2288
-2360
-2457
-2523
-2479
-2586
-2649
-2669
-2689
-2773
-2721
-2658
-2687
-2588
-2574
-2540
-2552
-2478
-2464
-2328
-2128
-2086
-1984
-1860
-1739
-1682
-1530
-1467
-1280
-991
-899
-788
-608
-425
-364
-332
-115
-57
246
487
550
730
695
732
1003
1041
1119
1302
1485
1480
1500
1628
1650
1752
1811
1874
1995
2021
1939
1989
2036
2183
2154
2183
2242
2085
2247
2134
2173
2200
2093
2135
1982
1950
1958
1856
1888
1852
1779
1749
1611
1626
1408
1260
1208
1211
1182
1053
961
881
795
666
510
286
267
197
191
131
-7
-38
-272
-333
-459
-560
-679
-863
-812
-919
-998
-1005
-1162
-1145
-1293
-1410
-1486
-1577
-1592
-1721
-1620
-1686
-1766
-1730
-1808
-1844
-1991
-2030
-2076
-1946
-1953
-1959
-1874
-1895
-1809
-1838
-1750
-1820
-1733
-1535
-1631
-1439
-1323
-1293
-1210
-1187
-1068
-962
-829
-665
-717
-481
-392
-383
-176
-195
69
86
336
421
453
650
634
826
828
814
1048
1219
1251
1320
1427
1450
1551
1516
1605
1544
1595
1815
1615
1831
1782
1873
1906
1735
1857
1729
1728
1818
1764
1815
1692
1667
1644
1347
1397
1327
1405
1416
1322
1353
1061
974
831
720
780
796
810
725
626
514
344
153
163
35
70
-13
-21
-20
-195
-251
-341
-454
-530
-580
-582
-629
-696
-737
-838
-861
-963
-989
-968
-1014
-1108
-1182
-1231
-1262
-1314
-1276
-1293
-1285
-1209
-1248
-1288
-1410
-1476
-1453
-1451
-1450
-1330
-1259
-1190
-1213
-1140
-1183
-1270
-1228
-1174
-1041
-971
-782
-788
-696
-578
-655
-642
-626
-495
-346
-257
-99
-49
137
178
131
176
179
362
472
543
737
812
858
819
730
878
883
994
1125
1117
1259
1288
1262
1211
1089
1128
1203
1224
1277
1181
1249
1301
1118
1082
991
1076
1089
914
1072
882
756
695
721
852
776
835
629
441
412
287
334
414
363
441
376
342
163
-82
-7
-27
57
-65
-58
85
-81
-129
-320
-435
-422
-480
-313
-478
-449
-371
-544
-559
-666
-698
-722
-710
-546
-727
-710
-639
-776
-852
-905
-896
-978
-902
-904
-829
-894
-921
-860
-929
-940
-1012
-976
-978
-1021
-829
-909
-900
-840
-882
-835
-854
-714
-895
-761
-667
-695
-578
-574
-422
-537
-441
-496
-415
-382
-297
-145
-99
28
-50
65
-66
-41
11
-18
240
228
425
378
279
315
125
289
425
458
629
606
632
532
478
463
351
441
546
719
782
744
785
549
428
229
203
490
534
739
694
731
606
490
427
235
274
368
554
564
641
593
370
384
302
120
201
230
248
365
334
297
323
328
201
-97
-74
11
-21
109
59
88
7
-63
-58
-267
-264
-388
-472
-331
-289
-248
-284
-227
-250
-501
-503
-649
-699
-633
-579
-429
-325
-319
-465
-537
-664
-732
-693
-602
-410
-318
-250
-377
-467
-498
-656
-460
-437
-372
-177
-194
-189
-282
-313
-321
-420
-329
-250
-129
130
50
70
-71
-237
-114
-102
-6
48
139
264
208
227
167
43
90
113
122
185
343
362
413
334
232
245
115
221
223
262
316
263
435
361
364
329
148
212
183
174
216
242
330
224
316
396
268
268
181
222
178
104
145
206
303
222
269
217
113
69
17
-43
13
61
101
246
117
110
-106
-102
-138
-134
48
-96
-17
-119
-186
-190
-206
-166
-88
-63
-72
-140
-249
-293
-467
-269
-216
-77
-1
-101
-57
-175
-292
-403
-374
-222
-86
0
45
-88
-190
-261
-268
-345
-249
-111
63
130
86
-48
-210
-198
-172
-56
36
85
72
-45
36
43
-33
6
34
141
79
-14
45
1
59
63
93
192
94
293
188
88
45
-14
24
-63
174
134
141
229
261
187
3
0
-66
-115
-16
138
226
284
274
147
-56
-46
-41
-56
13
167
249
228
278
200
45
-109
-126
-32
31
137
194
209
168
132
86
28
-39
-12
37
58
109
133
121
65
119
156
152
111
79
63
-5
-21
-30
30
145
178
168
102
53
-18
-74
-124
-81
-18
2
54
67
-6
9
-25
-98
-141
-163
-86
-73
7
-19
-50
-61
-36
-84
-120
-119
-135
-122
-180
-111
-77
-30
-59
-36
-29
-62
-108
-112
-150
-159
-32
7
43
36
61
-7
-40
-25
-56
-59
-17
28
49
56
85
64
-14
-22
-4
-21
23
-20
24
30
21
66
62
87
41
8
13
-6
40
101
118
106
42
39
-20
-24
3
33
35
8
77
52
22
58
84
79
21
21
-41
-52
-9
17
71
89
111
77
47
47
-26
-38
-56
0
102
118
186
133
131
77
-47
-49
-66
20
77
136
172
127
121
32
-6
-33
-47
-9
-6
4
-23
27
87
91
115
62
10
-51
-46
-38
-14
49
143
149
134
49
-59
-121
-167
-105
-77
-6
28
64
54
-27
-59
-148
-179
-151
-126
-120
-112
-67
-58
-44
-115
-103
-141
-159
-168
-165
-125
-144
-94
-69
-56
-86
-84
-122
-128
-154
-197
-196
-187
-101
-97
-75
-153
-161
-143
-137
-117
-145
-96
-132
-121
-131
-125
-136
-152
-120
-113
-98
-92
-55
-31
8
27
20
1
-15
-2
17
28
90
92
86
67
6
-4
-3
89
158
226
251
223
196
146
102
71
55
108
174
229
245
277
250
218
177
110
108
99
136
159
216
237
180
178
132
102
60
47
86
72
119
112
125
68
24
-11
-42
-50
-61
-52
-57
-65
-65
-90
-116
-107
-151
-167
-176
-154
-209
-213
-218
-223
-233
-232
-191
-244
-227
-289
-269
-281
-298
-285
-299
-277
-251
-210
-181
-191
-246
-256
-283
-244
-237
-180
-178
-162
-124
-104
-112
-107
-102
-150
-159
-191
-176
-138
-82
-33
17
42
53
76
30
1
-38
-3
5
64
171
166
196
161
160
148
112
130
114
164
184
229
237
250
289
285
300
235
225
216
208
186
169
232
239
279
338
309
301
228
189
113
86
130
161
238
264
255
257
198
115
29
-31
-39
-12
55
87
159
176
145
53
-50
-138
-166
-106
-97
-27
-2
-36
-57
-79
-89
-172
-166
-208
-239
-234
-227
-200
-186
-143
-100
-87
-126
-159
-201
-212
-278
-301
-279
-209
-107
-52
-20
-44
-85
-165
-237
-289
-272
-228
-135
-25
18
47
32
-23
-104
-180
-215
-231
-180
-101
-7
64
113
101
72
13
-58
-93
-139
-85
-10
93
154
178
194
125
64
10
-17
-24
16
48
134
191
220
209
145
127
66
52
54
102
169
192
195
160
120
85
59
74
65
84
122
165
176
180
168
123
99
68
54
50
81
94
111
102
98
80
53
33
19
10
-20
26
46
43
27
16
2
-12
-23
-49
-42
-29
-11
6
27
0
-32
-63
-99
-74
-40
0
22
32
31
-10
-34
-75
-107
-120
-108
-65
-15
11
25
-5
-32
-74
-96
-95
-104
-79
-36
26
63
47
6
-45
-102
-105
-79
-35
9
48
46
25
-8
-23
-35
-54
-31
-14
-2
18
69
93
81
21
-21
-57
-48
-11
22
80
94
131
116
68
19
-10
-18
-21
18
64
121
137
143
101
48
23
6
4
9
61
99
130
130
106
76
37
13
-22
-27
2
44
46
58
59
49
33
13
-7
-11
-3
1
11
22
46
51
42
13
-4
-36
-63
-88
-102
-87
-42
29
65
66
29
-17
-75
-112
-148
-134
-90
-37
5
-1
-17
-32
-72
-119
-149
-146
-107
-76
-2
6
-22
-41
-38
-17
-18
-29
-43
-34
-89
-109
-108
-84
-48
-2
65
67
81
20
-12
-82
-94
-80
-30
37
75
149
125
105
21
-31
-95
-93
-28
3
62
77
127
111
90
32
-13
-34
-36
-8
10
57
90
123
103
56
9
-38
-42
-51
-19
-7
47
79
98
88
61
68
35
9
-46
-60
-69
-58
-26
3
34
43
36
0
-26
-61
-81
-94
-56
20
74
110
94
45
-8
-53
-103
-129
-115
-77
2
70
113
83
19
-76
-125
-146
-116
-50
12
71
80
72
-2
-78
-130
-156
-154
-122
-26
29
65
45
16
-71
-124
-126
-118
-65
-49
17
17
34
-3
-14
-37
-62
-33
-57
-23
-30
-10
-25
-15
-5
-22
-11
-28
-19
-27
-25
-33
-21
-4
-9
17
16
38
17
3
-27
-26
2
7
42
38
66
46
48
18
4
3
6
13
12
27
21
45
39
16
7
-12
-15
-33
-27
-23
3
19
23
30
1
-8
-31
-16
14
37
42
25
27
16
-3
-19
-27
-22
2
18
21
27
9
-7
-24
-29
-20
-18
-13
-9
-14
-15
-17
-22
-37
-42
-50
-33
-18
-12
4
7
7
-27
-55
-66
-62
-52
-34
-16
8
18
-2
-28
-72
-92
-101
-95
-63
-15
27
43
47
14
-14
-48
-71
-78
-59
-11
42
82
64
46
29
22
-9
-13
0
16
28
40
65
54
50
27
14
4
12
27
34
47
60
68
55
48
20
1
-5
3
6
7
31
38
27
11
-10
-21
-11
6
12
36
68
68
54
