-24
-5
-10
-23
-16
6
-17
-13
-14
-39
-23
-3
-1
-19
-21
-4
-12
-11
-20
-21
8
44
38
-2
-18
-13
-4
-15
-7
3
14
14
9
-4
-14
16
31
13
3
10
-5
-13
-10
-3
3
25
23
-19
-24
12
13
48
69
22
-23
-51
-38
-30
17
76
41
12
-8
-74
-60
-41
25
79
45
46
-28
-98
-65
-48
-17
13
41
36
-35
-62
-102
-106
-18
11
-33
-86
-91
-90
-105
-38
-4
-20
-7
-59
-88
-69
-28
13
-16
-23
-26
-84
-118
-83
-7
32
4
-13
-41
-50
4
-15
-42
-30
5
14
-37
-39
-10
-26
-38
-45
-46
-21
18
22
-19
-73
-64
-16
-39
-42
-43
-23
30
18
7
-4
-27
31
40
-41
-54
-15
49
14
-14
11
3
21
32
-22
-5
22
28
42
19
6
-13
-32
-5
-15
-10
36
45
81
46
3
53
16
-15
3
4
46
72
102
68
-6
29
10
-16
26
50
68
74
46
16
-6
6
12
17
29
25
67
108
96
69
15
-51
-94
-32
17
39
107
90
24
-41
-43
-18
12
12
6
38
57
33
-20
-66
14
74
55
19
-32
-2
-43
-90
-51
-33
-2
2
-50
-90
-34
48
-30
-72
-25
-57
-81
-69
-87
-40
2
18
-38
-97
-18
-4
-70
-30
-6
-34
-60
-50
-33
-62
-9
-2
-81
-8
14
-42
-32
-57
-47
-69
-48
-30
-64
-9
1
-31
23
-11
-8
-18
-28
-43
-49
-5
-56
-66
-12
-4
13
19
37
14
-19
-44
-140
-57
7
-27
23
24
-28
-23
-35
-68
-84
14
39
-63
-21
35
-44
-61
-41
-21
17
36
48
-43
-39
36
-38
-30
62
29
65
36
10
55
34
24
-5
3
52
47
83
44
19
117
78
85
90
17
51
58
39
47
51
145
143
69
72
20
118
197
98
19
78
166
137
24
18
65
121
166
92
34
96
142
70
-1
-18
29
34
66
21
38
166
108
72
50
-14
28
-30
-11
23
-27
101
65
6
-16
-14
46
-18
4
45
-71
7
-30
-19
19
-107
-26
-6
-61
8
-101
-96
-8
-85
-21
-109
-63
101
8
-41
-138
-164
-1
-46
-32
43
-10
45
-75
-87
-102
-102
0
-102
-29
27
-29
7
5
39
32
-17
-18
-165
-75
49
31
-27
-35
22
13
25
19
-69
-61
92
28
-157
-23
77
22
58
-23
-47
-31
32
32
-44
64
61
19
36
-70
-53
-75
0
156
89
51
10
-29
-16
-79
-41
58
58
113
-23
-33
22
-22
57
94
69
85
13
21
32
1
61
107
104
50
17
-3
-48
-55
-25
-10
2
149
171
141
91
2
-41
-94
-59
41
96
90
137
51
-99
-41
-11
-61
24
72
48
-27
39
17
-174
-40
-4
14
203
61
-19
-61
-145
-58
-33
44
84
-39
-51
-104
-158
-31
7
29
28
-72
-119
-116
-95
-18
77
83
-21
-56
-29
-64
-99
-11
-66
-106
-1
-27
-29
66
102
-20
-69
22
52
-10
-36
-90
-27
-33
-31
-13
-2
96
76
-26
-115
-52
0
-32
-14
5
39
24
-89
-67
-42
-55
-23
-9
-7
-56
-8
34
-69
-138
-19
11
-58
-4
-51
-149
-87
2
25
-52
-22
81
-56
-173
-156
-119
-71
-102
-47
-96
-103
10
-68
-160
-91
-31
12
-47
-112
-89
-37
4
-66
-136
-32
-2
10
46
-83
-158
-26
68
28
-13
10
-5
-71
59
-49
-131
93
102
20
-47
-23
14
-72
-18
44
-23
108
37
-66
-13
19
99
124
18
78
85
-54
-15
36
159
23
4
60
-38
37
39
48
107
82
118
-20
-58
142
46
172
107
-64
94
22
-66
75
70
43
10
-29
-4
-169
-5
195
53
56
91
-23
-22
-86
19
91
66
187
-38
-52
74
-33
29
63
66
109
54
49
-27
9
43
-63
43
96
78
-5
-83
-10
2
32
73
18
54
6
-19
-42
-77
22
108
44
-21
-34
-11
55
4
-72
-40
-38
38
69
21
50
20
74
54
-47
75
-1
-107
-114
-59
116
165
173
44
-105
-21
-41
-89
33
58
95
106
94
8
14
147
32
-118
15
43
-42
51
56
-75
-23
110
12
-84
74
-27
-129
88
39
-42
76
11
-78
21
-65
-55
27
105
-49
-65
92
75
63
-5
-174
-86
107
21
-30
27
49
44
21
-179
-115
66
137
-13
-26
104
-43
-34
4
-177
5
232
149
62
-83
-107
-126
26
98
-27
97
119
-3
-38
-73
57
22
46
135
-145
-96
193
149
18
26
106
58
-45
30
-73
-179
6
12
-98
6
134
78
-23
-29
23
-157
-43
79
-149
41
91
-60
40
97
59
-24
41
39
-111
56
-36
-113
168
175
65
78
31
-66
-120
-84
-123
-91
-4
61
-88
-128
123
26
-90
65
54
-23
43
66
-41
-152
-51
-125
-128
75
63
-56
15
23
-34
11
-52
-85
4
47
41
-24
-39
35
-96
-83
-140
-80
44
-84
95
-17
-147
96
17
-116
23
52
-37
-120
-115
-188
-73
71
19
10
-28
9
-39
-67
-43
-95
11
-19
-120
-11
-193
-10
107
-147
-71
21
-3
-39
100
16
-178
19
-77
-220
118
144
-2
139
104
-193
-167
-74
-169
-128
180
197
-55
29
145
-55
-70
97
77
-31
-40
53
-118
-89
163
54
66
41
-99
-169
-89
112
6
-3
90
-75
89
59
-14
133
97
75
-57
-147
-100
-140
87
311
128
40
5
-39
-128
-173
-16
30
70
210
11
-118
44
8
-87
89
157
-51
-291
-132
-86
-22
78
105
-119
-44
110
-305
-337
-49
65
97
-2
15
18
-13
90
-161
-108
26
-30
3
-136
-102
-77
-226
-80
73
-70
-4
40
-81
-45
-32
-134
-71
92
97
-15
-113
-95
-55
95
86
60
213
92
-241
-143
-76
-107
70
278
115
-75
-31
36
-98
-84
78
10
-40
-3
-9
-177
-113
71
101
-42
69
163
-61
-54
-59
-61
52
-13
-16
50
72
48
40
-30
-155
-68
78
-18
41
40
129
82
-17
-162
-99
191
174
57
-37
5
98
31
52
97
172
389
18
36
122
-55
169
81
-100
90
153
84
-4
-123
103
103
40
145
47
-12
-37
14
119
61
411
298
-95
4
187
186
-29
273
403
87
246
-29
-251
-46
-1
37
21
0
90
235
314
80
-106
-32
77
21
37
23
-99
-1
220
75
-63
72
94
108
-81
-105
144
98
92
94
-78
-195
-68
143
-252
-195
222
108
-33
-24
-94
-208
-19
22
-154
-7
206
109
-78
133
-26
-145
-21
-239
-76
66
144
134
-144
-17
-22
-19
1
35
11
-259
60
-137
-291
30
11
-88
-109
-15
-10
-170
65
76
-133
80
82
-77
56
129
-106
-195
-164
-273
-213
-234
-183
-163
-28
93
-53
-37
-33
-55
30
73
-249
-164
40
-18
-50
25
-47
-141
-110
-172
-229
-83
99
25
-15
-62
-6
-75
22
-116
-58
122
-43
-29
85
-66
-6
-73
-130
-9
-171
50
-16
-295
-48
-70
-22
182
60
33
-157
-53
63
7
266
196
104
-22
-70
204
-199
-120
254
-71
-105
-63
144
103
81
187
-73
-33
248
-156
-421
-239
-46
17
12
144
110
180
102
-69
-165
-109
-107
41
117
34
48
319
294
161
83
-68
-107
-47
33
-175
-237
113
109
-45
216
-27
-137
57
-357
-288
-115
-154
154
440
424
172
-38
-86
-375
-202
-66
-133
110
183
-107
-178
-111
-166
-100
235
125
-138
97
-19
-108
-62
-53
91
69
220
49
-291
-169
-186
-219
-289
-276
-13
3
152
165
172
95
-221
-2
-222
-256
27
209
220
-41
57
-81
-260
151
-8
-104
144
-122
-109
-169
-165
30
-145
-83
-54
-218
178
412
98
37
155
-83
-277
-32
-47
-300
44
257
3
-42
66
-24
-58
-12
32
24
94
173
83
189
191
232
158
-22
26
-111
-101
-63
-118
58
215
167
114
266
112
-192
-51
-156
-129
192
130
48
113
193
-3
66
274
63
6
79
26
31
92
184
281
124
91
25
-121
64
140
109
139
-80
-88
-60
-95
183
147
222
152
112
100
-152
-282
-129
27
6
25
176
304
258
167
-14
-271
45
157
7
153
238
174
-11
22
98
-96
-118
136
-85
-124
-57
-172
-72
48
235
111
70
326
254
60
52
-94
5
-32
-89
39
-64
12
-86
27
203
6
14
109
-83
-12
-121
-141
193
51
59
47
-57
216
30
39
-7
-195
55
-154
-207
-82
8
126
-199
-125
1
-88
72
34
-17
21
84
90
-21
20
141
78
-9
-82
-235
-196
-178
-101
211
7
122
345
203
175
-153
-320
-265
-374
-240
-186
-110
193
283
36
-118
32
-13
-53
145
288
175
155
95
20
-20
-71
20
-278
-494
-216
-250
-244
28
97
-99
-230
-111
-197
-107
392
206
-39
296
329
111
129
100
7
-88
-121
-148
-189
154
250
-7
-57
-176
-176
0
-27
-55
-87
-75
-185
-319
-232
-230
-91
158
252
68
70
231
237
10
111
101
-13
110
31
-169
-214
-174
-254
-120
70
244
165
-36
-205
-419
-286
-161
-139
-47
180
120
-1
-20
-48
-83
-175
-133
-39
-115
-37
162
109
-138
-208
92
78
53
256
19
-375
-249
-195
-189
-28
48
37
-54
-8
75
32
22
-26
-78
19
23
155
301
13
-209
-355
-271
-145
-17
252
111
-31
-165
-83
113
73
184
236
68
-24
-50
-92
78
105
-13
-57
-190
-132
43
74
82
91
129
132
-18
72
12
-128
-162
-273
-246
-105
-141
-102
-70
-103
19
126
157
131
42
-42
-64
-71
63
221
140
11
-139
-235
-145
-114
-47
71
91
35
20
13
-36
72
204
187
117
80
124
-48
-74
-84
-160
-61
-112
69
248
36
30
-28
-155
-32
105
136
206
63
-21
38
-92
-25
116
150
130
62
84
68
46
185
111
39
59
-30
-5
36
-24
-60
-110
-62
-43
-26
72
-37
-71
41
-6
61
183
170
167
17
-30
11
-42
45
68
48
43
-59
-55
21
47
107
101
59
30
-3
31
39
0
86
42
-14
45
-3
-53
-157
-231
-163
-155
-75
14
60
170
152
178
189
100
91
6
-67
-46
-114
-30
43
38
11
29
57
-44
56
126
-49
-24
24
-99
-129
-58
-101
-63
-13
42
38
-15
132
106
273
304
107
199
122
8
51
93
139
96
33
42
-39
66
158
111
187
160
9
-27
-7
-45
-65
22
22
-30
28
53
29
30
39
36
62
204
365
334
310
296
167
34
-38
-96
-116
-78
-12
42
96
157
78
71
-28
-125
-77
-18
113
156
155
133
35
-14
117
105
89
119
100
41
10
76
28
-36
-11
-38
-77
-31
-28
-38
-84
-82
-79
-67
56
89
70
107
76
73
81
105
87
-5
7
-98
-166
-129
-181
-130
-162
-206
-190
-244
-189
-221
-193
-137
-275
-195
-194
-313
-189
-178
-137
-63
-110
-63
-48
-23
-42
-113
-129
-203
-230
-195
-213
-204
-158
-134
-198
-179
-162
-239
-216
-270
-301
-311
-268
-208
-235
-196
-203
-277
-267
-160
-114
-43
66
6
-54
18
12
13
25
5
-110
-242
-225
-266
-267
-145
-197
-280
-186
-150
-133
-26
-38
-53
-66
-46
9
-37
47
81
127
212
243
300
277
219
220
106
74
62
3
123
125
158
227
300
275
250
290
208
295
345
343
380
272
360
349
294
382
233
279
268
153
226
163
96
149
183
222
230
318
316
224
214
170
97
29
38
23
-68
-76
-84
-120
-51
-27
4
-20
-165
-211
-339
-496
-541
-691
-747
-797
-872
-855
-863
-803
-672
-626
-547
-435
-449
-344
-306
-331
-323
-302
-267
-235
-239
-245
-310
-349
-301
-324
-255
-248
-296
-303
-385
-420
-429
-454
-424
-408
-311
-255
-238
-153
-100
-20
52
108
185
225
236
320
363
404
484
597
669
672
788
741
807
943
890
1058
1109
1133
1264
1189
1279
1348
1350
1514
1483
1468
1376
1165
1025
916
905
876
811
778
674
643
707
789
738
531
333
-225
-592
-612
-750
-849
-917
-1249
-1732
-1991
-1996
-2051
-2002
-1531
-1391
-1333
-733
-317
-30
650
1101
1239
1455
1650
1613
1268
906
478
-195
-579
-803
-1219
-1544
-1816
-2045
-2254
-2251
-2097
-2049
-1949
-1830
-1693
-1626
-1518
-1224
-1194
-1100
-803
-578
-357
-24
407
443
395
671
544
363
560
347
-82
-114
-258
-552
-570
-594
-730
-855
-783
-793
-903
-749
-587
-507
-225
-11
179
418
639
826
910
1036
1102
1096
1155
1170
1174
1186
1226
1336
1408
1464
1548
1609
1658
1685
1711
1840
1797
1894
2022
1903
2031
2181
2259
2423
2601
2680
2553
2516
2569
2047
1480
758
-607
-1681
-2422
-2940
-3305
-3534
-3400
-3765
-4032
-3494
-3281
-2796
-1555
-634
37
1124
2277
3031
3809
4431
4400
4149
3703
2989
1917
717
-267
-1356
-2082
-2449
-2909
-3116
-3141
-3288
-3336
-3246
-3165
-3114
-2965
-2801
-2700
-2473
-1876
-1209
-591
256
868
1275
1788
2167
2156
2110
1954
1346
853
460
-215
-748
-1031
-1337
-1697
-1636
-1580
-1816
-1662
-1576
-1752
-1779
-1596
-1489
-1403
-992
-677
-481
31
450
790
1222
1475
1616
1674
1713
1683
1492
1369
1191
907
676
467
173
-71
-267
-414
-585
-675
-531
-501
-227
230
557
990
1459
1905
2226
2579
2939
2960
3064
3191
3124
3058
3008
2972
2792
2639
2579
2199
1760
1454
453
-967
-2188
-3557
-4643
-4808
-4667
-4914
-4700
-4441
-4856
-4521
-3766
-3208
-2013
-706
380
1553
2921
4285
5258
5875
6159
5804
5037
4107
2686
932
-658
-1997
-3062
-3566
-3849
-4079
-3987
-3889
-3863
-3558
-3380
-3084
-2721
-2568
-2168
-1846
-1261
-305
476
1216
1957
2278
2492
2781
2617
2219
1770
1203
423
-358
-649
-1428
-1872
-1567
-1948
-1919
-1391
-1414
-1457
-1140
-1202
-1506
-1380
-1183
-1079
-776
-352
20
318
872
1441
1665
2028
2155
2007
1935
1593
1255
844
414
127
-242
-471
-546
-702
-746
-644
-649
-467
-215
40
355
596
881
1094
1357
1713
2068
2384
2734
3016
3220
3472
3646
3670
3605
3428
3111
2694
2320
1934
1422
651
-614
-1912
-3273
-4305
-4618
-4611
-4627
-4452
-4089
-4343
-4291
-3430
-3084
-2153
-570
313
1335
2680
3949
4893
5447
5854
5601
4832
4014
2711
980
-621
-1950
-2886
-3470
-3702
-3752
-3795
-3704
-3718
-3672
-3485
-3409
-3153
-2719
-2399
-1786
-1081
-102
926
1595
2480
2875
3000
3053
2625
2063
960
299
-402
-1350
-1330
-1614
-2015
-1961
-1775
-1960
-2088
-1266
-1429
-1600
-459
-753
-1174
-292
-214
-473
54
337
-53
2
473
389
253
738
1000
929
1338
1565
1215
1058
820
227
-316
-707
-1008
-1307
-1157
-851
-750
-185
345
634
1045
1304
1418
1415
1593
1833
1914
2368
2689
3139
3627
3909
4284
4061
3735
3600
3164
2753
2552
2443
1728
516
-450
-2556
-4269
-4295
-4731
-4830
-4376
-4354
-4655
-5036
-4439
-4021
-3431
-1427
-12
852
2537
4197
5266
6356
7033
6705
6031
5172
3891
2100
123
-1410
-2693
-3313
-3366
-3500
-3462
-3374
-3419
-3556
-3578
-3410
-3316
-2932
-2403
-1857
-1145
-111
1184
2079
2736
3196
3191
3002
2654
2163
1196
18
-574
-1249
-1676
-1620
-1809
-2058
-2133
-2143
-2598
-2570
-2127
-2231
-1490
-823
-1041
-439
254
325
631
723
321
-21
-13
54
-186
-142
204
361
732
1194
1136
948
596
18
-602
-1253
-1604
-1781
-1699
-1379
-1001
-545
24
484
829
1071
1145
1314
1356
1606
1880
2055
2492
2921
3366
3623
3911
3927
3478
3229
2756
2243
1978
1929
1853
1721
1381
135
-1363
-2985
-4209
-4468
-4474
-4416
-4164
-4084
-4482
-4364
-3782
-3350
-2097
-516
369
1566
3148
4549
5789
6510
6709
6302
5545
4627
3179
1175
-645
-1998
-3131
-3421
-3519
-3750
-3498
-3480
-3679
-3608
-3581
-3338
-2879
-2352
-1680
-1142
-174
1125
2035
2908
3460
3503
3484
3218
2661
1859
865
130
-721
-1637
-2169
-2901
-3119
-2834
-2941
-2981
-2872
-2905
-3010
-2386
-1789
-1789
-684
262
308
1047
1641
1288
1204
1293
725
218
170
40
-232
-205
-66
-96
-61
122
-136
-526
-867
-1339
-1540
-1560
-1340
-979
-688
-281
-42
137
437
576
742
997
1228
1675
2248
2824
3425
3782
4031
4185
3994
3865
3452
2879
2511
1910
1804
1683
1735
1977
1846
1688
332
-1327
-3030
-4823
-4994
-4674
-4249
-3798
-3379
-3313
-3773
-3221
-2832
-2529
-839
375
1224
3018
4756
6162
7161
7382
6910
5753
4530
3181
1102
-920
-2260
-3323
-3583
-3221
-3180
-3093
-3079
-3446
-3839
-3967
-3925
-3649
-3003
-2126
-1230
-68
1529
2769
3533
3909
3636
2988
2417
1832
962
158
-479
-1227
-1643
-1884
-2222
-2255
-2499
-2987
-3426
-3670
-3981
-4004
-2920
-2396
-1852
-197
309
578
1648
1705
1135
1059
731
-44
-237
23
-163
-119
222
271
249
277
121
-499
-1070
-1440
-1923
-1913
-1499
-1149
-603
-224
11
181
260
516
559
702
1055
1348
1946
2636
3261
3751
4227
4244
4146
4151
3329
2767
2450
1693
1689
2052
2152
2119
2289
2057
1228
310
-1350
-3343
-4554
-4917
-4455
-3623
-3151
-2476
-2384
-3022
-2830
-2811
-2642
-1214
-180
726
2285
4086
5873
7009
7193
6633
5340
3964
2593
786
-998
-2232
-2922
-3083
-2797
-2666
-2729
-2925
-3394
-4102
-4499
-4326
-3864
-2899
-1738
-684
506
1864
3046
3472
3313
2651
1702
1137
706
444
318
-53
-132
-411
-1007
-1434
-2164
-2919
-3599
-4130
-4406
-4057
-3017
-2043
-892
-125
-20
469
682
581
563
182
-158
-139
199
568
913
1297
1308
1148
848
232
-353
-919
-1309
-1601
-1767
-1496
-1089
-619
-144
-33
-144
-346
-380
-340
-215
212
717
1322
2002
2815
3442
3930
4256
4194
3881
3436
3235
3063
2880
3111
2905
2710
2869
2730
2254
1987
1611
895
278
-1207
-2977
-4349
-4870
-4189
-3286
-2737
-2255
-2228
-2961
-3273
-3060
-2959
-1673
196
1208
2588
4531
6014
7079
7265
6319
4884
3431
2331
1159
-396
-1483
-2151
-2673
-2579
-2680
-3106
-3463
-4155
-4710
-5071
-4774
-3679
-2569
-1249
-126
646
1526
2333
2654
2384
1873
1454
1235
1368
1531
1334
958
120
-971
-2293
-3699
-4468
-4972
-4907
-4544
-4193
-3476
-2692
-1788
-1045
-649
-283
-179
161
601
787
1174
1280
1115
1185
1085
901
733
272
-378
-1012
-1458
-1580
-1458
-1205
-900
-860
-796
-713
-820
-870
-843
-872
-750
-377
35
673
1318
1795
2215
2400
2717
3272
3710
3989
4262
4082
3617
3878
3845
3150
3247
3077
2173
2386
2769
2050
1912
2254
278
-1747
-2811
-4847
-5247
-3920
-3497
-3487
-2888
-3088
-4129
-3844
-3376
-2948
-1186
426
1692
3344
5441
7264
7521
7126
6290
4525
3428
2564
1017
-470
-1240
-1773
-2318
-2418
-2750
-3303
-3805
-4593
-5337
-5613
-4959
-3660
-2340
-1037
-146
592
1533
1992
1960
1763
1552
1692
1970
2338
2569
2037
1325
323
-1202
-2410
-3264
-4049
-4693
-4798
-4613
-4338
-3324
-2113
-1525
-1080
-945
-1398
-1534
-1036
-435
50
574
1089
1247
1480
1761
1454
899
525
87
-297
-499
-435
-441
-573
-617
-1121
-1526
-1595
-1665
-1511
-1448
-1320
-911
-495
202
794
1102
1583
1874
2234
2591
2956
3428
3646
3948
4123
4007
4026
4022
3546
3218
2675
2240
2232
2128
2264
1935
1592
1337
872
274
-1322
-2918
-4234
-4654
-3618
-2633
-2011
-1576
-1878
-2963
-3777
-3694
-3356
-1894
304
1348
2761
4874
6159
6959
6560
5103
3754
2440
1859
1376
355
-47
-443
-1163
-1620
-2462
-3332
-4001
-4908
-5594
-5720
-4973
-3480
-1915
-794
-309
-31
312
593
767
644
670
1177
1706
2435
2841
2561
1845
489
-1003
-2442
-3627
-3830
-3908
-4041
-3466
-3069
-2850
-2424
-2062
-2443
-3047
-2454
-2081
-1642
288
1267
1457
2314
2349
1582
1284
1135
403
-25
142
-22
-45
309
275
-137
-668
-1081
-1556
-1785
-1441
-1304
-1032
-437
-129
278
604
741
949
998
1310
1724
2292
3263
4041
4686
4977
4795
4793
4502
4134
4086
3569
3230
3242
3082
2898
2475
2078
1393
688
144
-1725
-3336
-4339
-4963
-3881
-2705
-2199
-1959
-2292
-3537
-4714
-4513
-3685
-1860
743
2276
3590
5231
6513
7046
6193
4855
3599
2597
2478
2366
1706
1149
526
-486
-1751
-2951
-3941
-4726
-5192
-5717
-5806
-4882
-3440
-2001
-1260
-1280
-1393
-1283
-800
-290
187
867
1706
2564
3014
3006
2556
1691
491
-830
-2031
-2750
-2547
-2403
-2493
-2550
-3133
-3396
-3087
-3035
-3258
-3152
-3092
-3036
-2084
-989
-400
416
960
736
687
936
954
1042
1270
1133
848
918
774
340
-79
-737
-1267
-1579
-1609
-1417
-1213
-903
-831
-879
-764
-739
-445
193
551
1111
1831
2427
3336
4111
4466
4479
4291
4108
3965
4108
4292
4178
4124
3880
3337
2901
2317
1869
1359
904
514
-1055
-2471
-3701
-4688
-3866
-3007
-2307
-2121
-2893
-3546
-4948
-5158
-4014
-2829
-404
1459
2284
3702
4995
5725
5715
4876
4076
3688
3784
3998
3693
2769
1838
701
-812
-1948
-2977
-3693
-4096
-4709
-4976
-4652
-3892
-3006
-2635
-2851
-3067
-2801
-2036
-1116
-185
656
1504
2352
2799
2935
2555
1991
1332
213
-276
-413
-622
-236
-354
-1476
-2403
-2887
-3471
-3649
-3097
-3201
-3517
-2867
-2661
-2747
-1719
-1047
-1136
-544
-229
-264
455
1087
1255
1202
1186
1192
1027
1206
1065
418
169
-218
-599
-566
-641
-683
-808
-1190
-1458
-1660
-1488
-1017
-686
-122
302
937
1693
2259
2975
3188
3381
3802
4071
4592
4828
4779
4573
4035
3814
3588
3241
3035
2393
1770
1243
835
239
-1424
-2862
-4330
-4934
-3869
-3060
-2657
-2743
-3534
-4937
-5912
-5357
-4067
-1969
442
1500
2193
3597
4765
5403
5306
4621
4191
4154
4511
4676
4098
3290
2367
873
-569
-1599
-2465
-2917
-3506
-4362
-4810
-4643
-4058
-3805
-3979
-4344
-4355
-3505
-2386
-1346
-562
121
810
1260
1783
2129
2174
2164
1733
858
703
985
1019
1264
616
-966
-2066
-2504
-3067
-3300
-2661
-2882
-3174
-2655
-2936
-2936
-2114
-1636
-1530
-1357
-982
-487
250
910
1114
1024
1058
1373
1501
1599
1796
1528
1383
1130
513
424
216
-12
-157
-725
-1028
-960
-841
-712
-633
-539
-131
598
1538
2175
2512
3063
3152
3487
4138
4434
4792
4917
4752
4359
4047
3992
3656
3327
3012
2274
1673
276
-1706
-3135
-4260
-4108
-3129
-2815
-3283
-3848
-5131
-6565
-6530
-5645
-3981
-1767
-257
576
1446
2752
4026
4400
4187
4288
4403
4949
5612
5327
4618
3740
2623
1422
391
-369
-897
-1634
-2614
-3628
-4361
-4384
-4436
-4702
-5102
-5364
-4963
-4123
-3175
-2511
-1996
-1428
-835
-176
472
1149
1365
1377
1369
1054
1481
1986
2018
1634
862
-86
-1167
-1101
-1095
-1873
-1662
-2090
-3173
-2962
-2793
-3153
-3072
-2881
-2953
-2742
-1792
-1090
-836
-320
-14
45
453
1069
1514
1955
2228
2177
1850
1718
1714
1435
1408
1139
677
462
205
-82
-306
-276
-322
-247
210
691
1043
1577
2094
2221
2596
3242
3357
3779
4382
4330
4386
4608
4523
4334
4359
4096
3348
3117
1850
-403
-1629
-2905
-2815
-1629
-1681
-2408
-3635
-5146
-6645
-6887
-5906
-4652
-2450
-1139
-976
-298
734
2051
2901
2974
3306
3814
4721
5669
5485
4716
3990
3286
2483
1854
1407
859
219
-944
-2357
-3283
-3636
-3791
-4061
-4801
-5334
-5176
-4722
-4079
-3775
-3669
-3274
-2648
-1888
-963
-137
343
518
621
295
541
1652
2023
2320
2262
1227
351
96
-182
-874
-716
-807
-2025
-2142
-2234
-3133
-2894
-2756
-3510
-3577
-3086
-2669
-2136
-1461
-1276
-1276
-847
-280
251
790
1372
1593
1481
1523
1609
1620
1909
1922
1444
1146
852
686
608
602
330
25
234
220
478
1059
1230
1380
1701
2039
2328
2834
3196
3075
3156
3509
3953
4383
4487
4363
3712
3210
2886
1318
-128
-852
-1447
-1082
-525
-1226
-2628
-3599
-5277
-6770
-6160
-5130
-3609
-1681
-1444
-1759
-1084
8
1101
1744
2072
2710
3592
4403
4947
4716
4128
4087
3636
2972
2870
2627
2251
1355
-190
-1606
-2332
-2371
-2553
-3120
-3838
-4415
-4387
-4137
-4158
-4091
-4012
-3753
-3139
-2559
-1741
-1174
-868
-531
-605
-217
476
876
1403
1393
1251
1203
1045
1059
672
319
-266
-750
-486
-654
-693
-952
-2183
-2704
-2847
-3154
-2684
-2254
-2251
-1991
-1771
-1859
-1701
-1259
-792
-251
210
585
888
1038
1207
1293
1256
1408
1599
1603
1583
1454
1218
1098
920
871
1029
1179
1570
1875
1737
1756
1653
1766
2110
2356
2565
2638
2832
2885
3221
3366
3310
3389
3130
2711
2545
1540
62
-626
-1335
-1089
-280
-528
-1564
-2961
-4418
-5711
-5504
-4339
-3234
-1714
-1370
-1797
-1453
-898
101
1075
1316
2002
2820
3554
4356
4191
3675
3331
3035
2857
2867
2817
2451
1772
572
-648
-1300
-1511
-1700
-2118
-2898
-3512
-3616
-3524
-3550
-3764
-3998
-4028
-3555
-2954
-2343
-1819
-1526
-1450
-1585
-1201
-721
106
1015
1049
810
638
775
842
1071
1497
887
805
932
-52
-149
-240
-1037
-1283
-1525
-1884
-1824
-1673
-1780
-2109
-2268
-2214
-1897
-1423
-1061
-703
-517
-271
3
180
489
932
1293
1456
1489
1460
1499
1659
1781
1692
1689
1841
2067
2283
2470
2413
2315
2339
2158
2288
2473
2505
2802
2916
2714
2709
2781
2544
2462
2613
2471
2448
2090
554
-744
-1459
-1545
-653
-186
-987
-2248
-3421
-5114
-5638
-4551
-3840
-2516
-1518
-2204
-2299
-1550
-813
111
560
851
1703
2687
3502
3752
3237
2696
2669
2570
2622
2943
2772
2207
1308
21
-756
-897
-1011
-1431
-2239
-3098
-3585
-3461
-3465
-3836
-4104
-4366
-4216
-3639
-3149
-2794
-2779
-2605
-2425
-2226
-1433
-624
-199
166
323
-63
134
1124
1269
1314
1614
796
390
769
377
-50
-190
-723
-1164
-1311
-1308
-1489
-1695
-1782
-2078
-2174
-2102
-1875
-1645
-1532
-1260
-1011
-746
-333
-74
167
524
730
1003
1218
1357
1516
1709
1969
2097
2324
2498
2486
2582
2608
2559
2740
2872
2836
3017
3000
2871
2959
2880
2833
2914
3125
3006
2863
2837
2428
2147
1041
-304
-946
-963
-213
472
-137
-1714
-2948
-4372
-5229
-4413
-3484
-2575
-1526
-1810
-2545
-2207
-1343
-439
255
711
1287
2181
3019
3248
2928
2381
2431
2876
3064
3411
3438
2814
1946
847
-68
-246
-147
-232
-839
-1851
-2557
-2890
-2947
-3167
-3546
-3709
-3684
-3313
-3012
-3151
-3082
-3334
-3279
-2519
-2139
-1394
-686
-583
-894
-847
-355
-147
956
1641
1116
1202
1130
645
757
695
328
172
27
-213
-634
-861
-1120
-1496
-1695
-1774
-1722
-1673
-1540
-1667
-1839
-1746
-1540
-1232
-868
-535
-345
-90
92
160
339
617
830
1259
1733
1951
2251
2441
2500
2636
2770
2973
3081
3141
3343
3239
3136
3229
3176
3010
3159
3255
2985
2800
2731
2371
2373
2075
605
-542
-1243
-1143
-339
111
-754
-2187
-3184
-4790
-5241
-4205
-3537
-2125
-1429
-2367
-2779
-2494
-1563
-390
126
633
1446
2399
3040
3086
2721
2372
2808
3166
3349
3740
3561
3054
2136
892
264
311
506
367
-509
-1560
-2232
-2403
-2464
-2841
-3265
-3577
-3523
-3200
-3046
-3100
-3080
-3144
-3163
-3128
-2727
-1884
-1169
-479
-657
-1229
-1080
-378
179
595
1417
1301
1026
1419
559
-156
487
586
403
605
343
-201
-492
-856
-1637
-1903
-1462
-1146
-946
-1076
-1456
-1701
-1787
-1619
-1409
-994
-407
-139
-136
-303
-504
-243
303
816
1232
1543
1878
1983
2226
2329
2392
2761
3057
3384
3593
3667
3640
3683
3577
3417
3575
3445
3424
3462
2901
2773
2785
2519
1757
413
-715
-1212
-668
5
-97
-1213
-2741
-3891
-5272
-5494
-4288
-3522
-2386
-1955
-3004
-3264
-2674
-1766
-862
-332
368
1401
2448
2988
2690
2157
2055
2557
3114
3544
3815
3501
2890
1865
790
410
482
570
189
-692
-1538
-2031
-2164
-2460
-3085
-3556
-3757
-3457
-3140
-3091
-3229
-3548
-3723
-3867
-3563
-3005
-2405
-1691
-1555
-1714
-1549
-1075
-520
10
606
630
713
1378
1178
967
1242
808
674
1023
836
534
335
-209
-894
-1146
-1095
-1132
-964
-990
-1329
-1439
-1635
-1679
-1612
-1661
-1287
-986
-813
-505
-584
-621
-405
-229
251
882
1442
1827
2069
2209
2173
2513
2900
3224
3832
4100
3997
4032
3883
3661
3801
3677
3595
3526
3243
3154
2755
2608
2418
1947
995
-311
-797
-1164
-764
-177
-914
-2005
-2959
-4244
-5216
-4694
-3614
-2794
-1758
-1830
-2941
-2877
-2153
-1481
-392
415
1225
2068
2497
2547
2164
2021
2482
3063
3319
3590
3567
3057
2403
1470
613
344
502
475
82
-554
-1294
-1821
-2133
-2591
-2983
-3158
-3156
-2869
-2824
-2945
-3201
-3601
-3569
-3429
-3000
-2430
-2046
-1708
-1823
-1838
-1551
-1145
-523
95
404
214
319
792
588
906
1565
968
1011
1481
649
236
390
-195
-541
-209
-453
-895
-774
-996
-1484
-1559
-1669
-1722
-1454
-1289
-1157
-1135
-1150
-929
-850
-691
-364
-95
399
886
1263
1530
1714
1962
2271
2608
3023
3458
3835
4019
3988
3830
3585
3572
3634
3725
3816
3782
3527
2979
2639
2389
2298
2008
728
-372
-1142
-1318
-590
-330
-1049
-2253
-3535
-4953
-5567
-4668
-3428
-2498
-1957
-2718
-3751
-3357
-2271
-1165
-182
401
941
1496
1879
2025
1862
1923
2447
2868
3125
3383
3330
2872
2057
1170
534
581
1021
925
330
-639
-1539
-1887
-2098
-2388
-2712
-3030
-3089
-2976
-2982
-3078
-3316
-3656
-3701
-3499
-3013
-2340
-1924
-1746
-1939
-2023
-1620
-1054
-322
274
421
200
289
725
914
1504
1961
1410
1218
1228
608
535
748
294
84
121
-392
-775
-844
-1149
-1292
-1327
-1431
-1404
-1447
-1426
-1470
-1559
-1380
-1127
-894
-643
-437
-149
290
795
1195
1478
1844
2100
2479
3039
3399
3797
4107
3986
3793
3828
3775
3893
4227
4083
3812
3570
3060
2743
2684
2802
2752
2403
1328
-179
-934
-1159
-719
-70
-423
-1575
-2742
-4097
-5186
-4883
-3788
-2751
-1853
-2002
-2975
-3216
-2536
-1481
-526
92
659
1314
1810
2054
2058
1912
2207
2732
2892
3064
3123
2854
2392
1571
791
474
634
825
550
-120
-983
-1527
-1727
-2147
-2587
-2936
-3139
-2880
-2774
-3041
-3287
-3734
-3779
-3474
-3368
-2941
-2413
-2031
-1906
-1840
-1723
-1819
-1096
-229
-303
245
859
717
1020
1308
956
830
1244
1209
809
953
724
286
311
-147
-565
-647
-789
-693
-829
-1113
-1321
-1626
-1759
-1743
-1620
-1402
-1198
-999
-1073
-1094
-986
-731
-67
512
1004
1434
1608
1876
2179
2398
2826
3231
3566
3877
3891
3768
3718
3746
3790
3773
3720
3430
3134
3055
2766
2591
2473
2013
1802
1126
32
-556
-1277
-1276
-825
-971
-1335
-2270
-3240
-4330
-4893
-4135
-3349
-2274
-1560
-2237
-2756
-2757
-2204
-1184
-357
415
961
1333
1594
1541
1499
1623
2042
2374
2388
2522
2467
2231
1823
1067
404
130
222
366
130
-485
-1145
-1768
-2301
-2744
-2945
-2970
-2812
-2602
-2803
-3171
-3285
-3351
-3235
-3165
-3386
-3001
-2468
-1862
-1205
-1247
-1542
-1567
-1369
-1156
-431
726
1242
1653
1786
926
569
945
1247
1589
1828
1563
903
456
39
-510
-537
-369
-264
-239
-535
-885
-1331
-1636
-1680
-1764
-1493
-1004
-673
-453
-639
-875
-758
-361
394
1141
1634
1959
2073
2131
2251
2543
3129
3747
4087
4233
4043
3715
3714
3706
3602
3591
3474
3253
3128
2995
2657
2267
2143
1864
1467
872
-111
-877
-1176
-1124
-833
-894
-1547
-2296
-3463
-4565
-4394
-3619
-2602
-1473
-1553
-2404
-2830
-2684
-1909
-782
235
902
1198
1260
1067
1001
1252
1734
2296
2352
2187
2170
1964
1791
1406
690
277
179
232
163
-280
-918
-1576
-2153
-2541
-2787
-2931
-2750
-2585
-2671
-2921
-3334
-3421
-3522
-3366
-2951
-2867
-2278
-1723
-1641
-1538
-1571
-1486
-1142
-461
242
571
1030
1188
909
860
785
885
1375
1537
1469
1170
483
92
-86
-356
-216
-111
-268
-338
-676
-1098
-1308
-1409
-1312
-1208
-1057
-922
-843
-722
-729
-646
-416
-120
443
931
1274
1599
1758
2010
2202
2527
2970
3284
3697
3856
3821
3717
3516
3478
3418
3412
3416
3179
3028
2781
2477
2263
2015
1877
1687
1213
369
-487
-1018
-1095
-813
-553
-877
-1642
-2559
-3759
-4440
-4046
-3151
-1982
-1305
-1708
-2453
-2818
-2477
-1621
-682
154
706
992
1008
800
838
1171
1734
2231
2180
1996
1807
1597
1449
1035
625
402
275
236
-70
-563
-969
-1370
-1758
-2253
-2634
-2756
-2603
-2264
-2241
-2485
-2791
-3091
-3174
-2971
-2684
-2188
-1606
-1423
-1557
-1800
-1850
-1501
-644
313
711
930
934
489
433
724
1006
1495
1853
1607
1019
552
193
34
265
386
259
87
-331
-740
-996
-1127
-1087
-1012
-985
-944
-926
-938
-865
-817
-763
-613
-370
-26
417
883
1240
1495
1629
1770
2007
2358
2791
3166
3437
3527
3439
3298
3073
3006
3072
3142
3213
3017
2740
2374
1950
1760
1583
1504
1519
1216
532
-287
-1024
-1366
-1279
-937
-929
-1383
-1961
-3041
-3876
-3897
-3484
-2545
-1758
-1639
-1960
-2356
-2285
-1865
-1206
-438
132
579
744
688
737
814
1130
1509
1538
1511
1417
1255
1188
929
561
225
-73
-199
-354
-552
-742
-1037
-1367
-1836
-2271
-2483
-2457
-2165
-1953
-1970
-2118
-2357
-2452
-2446
-2464
-2093
-1808
-1545
-1045
-1023
-993
-757
-588
-513
-220
298
426
919
1401
1002
943
976
689
872
1119
1055
984
886
569
126
-121
-285
-267
-94
-100
-154
-391
-649
-775
-890
-841
-686
-414
-169
-76
-74
-88
16
286
656
1018
1298
1635
1964
2101
2277
2383
2473
2756
3013
3225
3310
3302
3202
2922
2769
2622
2523
2622
2612
2436
2064
1644
1322
1117
1114
977
480
-126
-724
-1180
-1152
-940
-893
-1039
-1688
-2615
-3323
-3488
-2984
-2165
-1470
-1280
-1606
-1915
-2073
-1905
-1255
-555
199
678
630
477
247
311
725
1037
1240
1213
1022
804
516
248
2
-162
-222
-414
-653
-902
-1165
-1253
-1454
-1737
-2024
-2279
-2256
-2134
-2024
-1901
-1957
-2098
-2236
-2472
-2426
-2134
-1692
-1218
-1100
-1098
-1262
-1273
-923
-591
-49
400
537
560
380
336
499
775
1059
1010
803
573
299
231
217
219
233
81
-74
-341
-517
-506
-483
-429
-463
-580
-646
-605
-431
-169
40
168
217
217
317
567
961
1457
1836
2029
2048
1934
2001
2191
2476
2834
2943
2944
2819
2540
2408
2275
2283
2394
2320
2189
1883
1559
1340
1209
1249
1190
1106
852
275
-242
-679
-881
-739
-600
-591
-870
-1338
-1914
-2442
-2519
-2294
-1847
-1295
-1121
-1209
-1353
-1509
-1340
-963
-494
57
400
552
506
378
374
520
782
965
993
899
664
399
161
-77
-168
-209
-292
-370
-613
-894
-1096
-1300
-1428
-1529
-1574
-1574
-1558
-1502
-1534
-1558
-1540
-1590
-1578
-1550
-1604
-1396
-1149
-919
-630
-572
-611
-672
-598
-472
-266
206
440
519
600
292
84
191
264
454
614
515
317
73
-125
-255
-224
-90
-9
19
-142
-391
-582
-678
-582
-370
-159
28
126
94
88
95
233
531
826
1087
1299
1412
1497
1639
1696
1778
1889
1963
2117
2192
2178
2133
1987
1859
1750
1657
1700
1722
1687
1592
1303
1067
898
744
814
816
798
718
291
-97
-514
-842
-796
-707
-599
-628
-941
-1353
-1882
-2150
-2049
-1819
-1376
-1091
-1072
-1092
-1206
-1185
-1018
-777
-398
-121
55
123
79
74
97
193
276
240
215
120
24
-65
-195
-292
-395
-467
-541
-650
-712
-791
-872
-919
-1048
-1113
-1132
-1139
-1073
-1060
-1065
-1049
-1093
-1089
-1101
-1080
-973
-859
-654
-515
-409
-262
-232
-186
-85
-60
69
281
439
558
596
521
375
249
219
201
243
343
301
201
60
-117
-185
-170
-112
-63
-90
-123
-146
-173
-92
-3
80
214
280
348
414
458
574
681
830
1018
1129
1243
1264
1235
1280
1325
1452
1547
1511
1464
1341
1230
1189
1166
1202
1193
1128
1027
871
761
731
711
669
612
504
395
292
199
89
-45
-165
-345
-548
-697
-812
-842
-827
-896
-1032
-1249
-1427
-1463
-1426
-1266
-1045
-903
-781
-779
-821
-785
-714
-485
-286
-146
-46
-80
-59
-53
-52
10
11
42
33
-80
-158
-259
-318
-305
-345
-360
-422
-510
-559
-658
-692
-704
-694
-624
-635
-650
-678
-707
-655
-597
-541
-479
-449
-401
-336
-282
-202
-114
-44
7
42
67
92
138
185
174
149
138
94
88
97
68
54
33
-9
-24
-18
4
38
56
59
45
50
108
186
270
360
391
410
458
495
592
670
719
786
808
833
856
866
927
964
997
1032
1005
980
955
931
921
917
937
951
970
980
907
829
774
727
726
733
734
701
648
595
514
421
337
247
168
108
61
-1
-103
-238
-422
-594
-719
-790
-795
-813
-830
-898
-1057
-1168
-1221
-1184
-1059
-939
-874
-867
-868
-863
-835
-773
-673
-539
-424
-358
-333
-351
-345
-307
-259
-202
-156
-137
-133
-177
-228
-283
-307
-279
-264
-249
-276
-314
-331
-351
-365
-392
-424
-437
-420
-382
-308
-252
-212
-214
-266
-285
-285
-206
-37
78
147
161
86
28
20
52
119
175
213
204
160
113
48
21
1
1
29
4
7
-11
-58
-60
-64
-33
17
37
88
107
148
199
223
273
296
332
399
456
522
557
542
579
595
614
688
713
755
737
673
650
626
678
737
750
765
704
655
604
527
526
520
529
574
549
503
432
363
326
293
322
324
298
266
177
101
67
36
1
-86
-186
-276
-349
-347
-350
-374
-407
-513
-624
-730
-783
-742
-677
-598
-592
-639
-689
-749
-737
-682
-605
-495
-424
-391
-392
-423
-415
-372
-306
-246
-236
-233
-236
-243
-223
-235
-241
-253
-297
-309
-333
-307
-270
-264
-265
-350
-419
-434
-395
-295
-215
-158
-163
-229
-288
-313
-264
-140
-34
43
31
-47
-102
-137
-85
15
95
157
139
85
32
-35
-17
45
99
164
166
168
153
134
154
134
156
205
243
308
351
363
375
378
348
341
387
445
511
539
520
465
431
427
408
430
439
441
448
404
394
386
383
372
341
321
289
298
295
282
270
228
200
179
166
157
147
148
119
73
41
-16
-31
-27
-45
-47
-81
-130
-187
-256
-291
-328
-337
-315
-335
-372
-448
-539
-577
-603
-591
-551
-536
-514
-535
-562
-569
-576
-523
-444
-375
-324
-314
-306
-271
-236
-176
-115
-68
-30
-31
-31
-32
-32
-9
5
23
24
-12
-9
-7
-8
-5
-40
-43
-61
-90
-87
-91
-66
-53
-52
-68
-112
-131
-131
-92
-49
-45
-49
-74
-63
-42
-22
32
46
26
-11
-31
-6
38
114
158
149
106
56
54
84
148
197
222
245
220
199
218
252
295
326
369
376
371
383
401
424
429
410
398
425
452
493
493
466
426
382
388
377
378
407
418
402
339
288
265
268
278
266
247
209
197
178
136
122
86
59
44
22
-4
-40
-52
-73
-91
-109
-142
-167
-201
-237
-278
-312
-347
-370
-389
-411
-433
-483
-514
-547
-572
-575
-570
-543
-523
-515
-510
-520
-522
-488
-442
-361
-299
-264
-246
-269
-248
-217
-170
-95
-72
-38
-37
-66
-41
-44
-14
37
41
39
8
5
27
27
49
33
10
21
7
2
23
37
50
33
-11
-7
4
44
97
98
96
62
37
55
57
97
140
160
179
129
91
78
84
130
161
201
210
212
198
156
152
154
201
249
263
271
243
244
231
226
240
227
248
272
267
273
258
229
205
187
186
224
252
244
225
184
152
135
140
159
168
158
139
118
102
89
80
73
72
69
65
73
75
68
49
24
1
-10
-13
-10
-5
-23
-52
-87
-132
-177
-209
-215
-209
-209
-226
-262
-306
-362
-388
-382
-350
-308
-294
-305
-335
-358
-359
-328
-273
-216
-191
-180
-196
-218
-207
-188
-142
-95
-86
-99
-119
-132
-128
-117
-112
-95
-87
-107
-119
-133
-140
-132
-125
-127
-149
-172
-179
-186
-170
-169
-177
-185
-227
-225
-225
-207
-140
-141
-162
-191
-211
-213
-164
-71
-42
-32
-42
-73
-87
-69
2
102
182
191
141
104
112
153
230
301
347
347
315
289
274
311
376
428
436
398
365
340
362
421
404
394
383
323
308
310
347
357
327
296
220
207
202
197
235
205
181
122
57
67
46
80
110
71
38
-34
-74
-75
-74
-39
-32
-34
-75
-142
-168
-188
-182
-168
-174
-185
-213
-234
-255
-270
-275
-292
-289
-291
-286
-271
-269
-259
-254
-244
-227
-221
-199
-162
-117
-88
-70
-68
-62
-35
-15
27
79
101
113
96
83
91
108
145
153
150
131
103
115
111
91
112
75
51
36
-3
15
-12
-23
-31
-83
-83
-119
-134
-102
-118
-117
-150
-185
-189
-223
-205
-195
-183
-151
-168
-162
-154
-145
-137
-134
-116
-97
-65
-43
-14
5
-3
30
44
61
75
84
104
125
159
162
186
204
196
208
206
227
263
237
232
247
238
254
255
269
268
241
254
218
204
228
215
223
182
152
158
149
178
160
134
133
93
64
49
65
75
60
59
12
-26
-37
-50
-40
-68
-77
-108
-146
-148
-191
-184
-190
-216
-210
-247
-240
-240
-269
-258
-272
-256
-241
-256
-235
-230
-212
-182
-174
-152
-149
-147
-120
-117
-97
-75
-46
-11
-7
2
13
24
27
34
41
42
54
53
35
37
24
41
45
29
26
4
-4
-5
-6
-4
-22
-5
-10
-40
-31
-52
-30
-44
-70
-62
-91
-43
-46
-55
-49
-48
-20
-81
-70
-62
-54
-4
-16
21
14
2
15
-18
44
86
68
56
56
55
61
121
163
163
142
127
109
124
184
183
169
181
170
146
147
171
166
177
161
131
134
128
123
113
116
95
74
82
70
66
49
35
22
21
34
19
10
-1
-4
8
-16
-11
-3
-29
-28
-62
-73
-65
-73
-63
-81
-92
-107
-129
-129
-134
-137
-150
-151
-159
-165
-168
-172
-153
-139
-127
-132
-141
-120
-112
-114
-88
-80
-57
-50
-70
-63
-65
-61
-27
-24
-6
-20
-38
-40
-48
-19
-7
-12
-17
-16
-44
-39
-42
-31
-11
-46
-48
-68
-64
-37
-15
14
3
-10
-39
-46
-38
7
48
46
40
2
8
18
17
34
38
39
26
27
29
30
69
67
52
64
69
48
66
81
88
93
120
124
101
96
102
103
132
139
124
115
103
95
103
87
136
147
124
118
85
97
107
129
121
82
66
53
62
66
91
87
67
70
17
-11
7
0
19
7
-7
4
-28
-1
-12
-34
0
-16
-22
-26
-54
-44
-65
-62
-53
-62
-56
-60
-95
-106
-126
-120
-99
-108
-94
-108
-117
-95
-111
-106
-94
-89
-67
-74
-79
-78
-76
-62
-62
-49
-32
-34
-37
-43
-59
-50
-47
-43
-12
-27
-23
-33
-46
-30
-49
-47
-59
-63
-41
-63
-54
-34
-56
-66
-75
-66
-41
-14
-13
-17
-29
-35
-39
-32
5
5
4
-1
-22
5
-3
14
41
21
30
3
15
15
4
32
21
21
59
27
46
50
41
39
30
57
65
73
98
54
50
68
51
89
71
77
86
78
104
90
70
98
72
74
63
57
69
61
72
62
38
43
33
26
14
-4
6
2
10
21
12
21
27
9
3
2
-7
-7
-2
13
29
33
30
17
9
-17
-21
-10
-23
-12
-22
-49
-44
-62
-46
-31
-47
-37
-64
-66
-59
-73
-40
-29
-15
-5
-27
-21
-19
-32
-16
-27
-27
1
-20
-6
-15
-35
-15
-18
-15
-13
-37
-26
-40
-61
-47
-56
-44
-36
-66
-69
-64
-70
-45
-66
-61
-48
-44
-28
-32
-47
-23
-12
-2
1
-27
-31
-7
-3
-4
5
7
32
-4
-8
6
9
25
29
24
37
35
40
43
32
38
38
24
37
43
36
50
58
77
66
61
63
56
46
42
66
78
82
83
84
83
79
79
63
73
70
46
44
40
34
32
23
23
35
21
5
-8
-4
0
12
26
18
9
7
0
8
11
8
16
6
-2
-6
-17
6
9
4
6
-19
-16
-22
-24
-17
-32
-35
-40
-62
-48
-49
-46
-29
-49
-50
-43
-49
-28
-37
-40
-27
-38
-35
-31
-33
-10
-4
-5
2
-17
-10
4
-9
-5
-10
-27
-21
-30
-29
-31
-34
-19
-25
-54
-52
-60
-59
-41
-47
-25
-22
-20
-30
-37
-20
-11
-7
3
-5
-7
-16
-18
-4
9
26
34
5
-9
-14
-41
-12
7
20
17
4
7
-15
-16
0
-1
8
4
10
-4
6
30
26
39
33
21
10
14
14
21
60
82
73
47
37
16
22
43
38
50
46
28
31
33
41
34
23
23
6
-3
-13
-1
14
16
1
-10
-12
-17
-6
5
3
11
13
3
-3
-12
1
12
13
19
0
-3
-1
-19
-5
-16
-16
-15
-43
-47
-54
-57
-40
-45
-43
-47
-56
-48
-48
-49
-39
-42
-40
-32
-32
-19
-23
-15
-2
-4
-3
-7
-3
1
1
5
-5
6
-2
-19
-22
-31
-16
-15
-25
-27
-41
-37
-23
-23
-19
-21
-27
-30
-23
-21
1
8
13
12
0
-10
-17
12
19
22
47
26
23
18
-16
-3
11
31
34
11
14
7
10
33
6
8
25
1
13
4
20
51
53
56
13
2
14
16
39
56
64
61
59
50
61
68
75
77
59
61
40
38
61
56
70
50
32
27
14
27
10
10
18
3
25
23
19
35
20
39
28
14
21
8
15
16
20
36
37
38
28
10
6
4
-4
-4
-20
-30
-20
-29
-28
-25
-33
-32
-50
-70
-67
-74
-59
-54
-60
-46
-45
-55
-50
-61
-52
-42
-45
-35
-39
-36
-27
-33
-30
-21
-30
-18
-29
-38
-31
-53
-57
-57
-65
-40
-38
-27
-30
-48
-37
-58
-56
-41
-46
-25
-19
-21
-2
-18
2
4
-4
22
9
14
29
22
42
29
30
33
5
26
32
32
44
23
23
20
1
12
4
25
40
10
29
25
14
27
3
26
46
34
48
25
39
55
28
45
46
32
45
24
29
41
42
63
49
39
40
10
20
11
-13
10
-3
5
7
2
27
20
19
27
4
15
10
3
13
7
21
21
29
31
19
21
4
-14
-23
-32
-27
-23
-10
2
4
-3
-17
-27
-25
-23
-25
-20
-26
-15
-16
-18
-13
-24
-22
-24
-38
-44
-60
-59
-51
-57
-51
-52
-47
-36
-41
-28
-27
-31
-29
-49
-42
-45
-37
-22
-27
-16
-29
-42
-40
-65
-62
-60
-60
-44
-44
-29
-20
-25
-18
-25
-26
-21
-17
-10
-2
15
26
26
22
19
9
5
8
14
17
22
26
18
7
3
1
-2
-3
9
23
28
46
54
51
48
37
28
13
13
45
52
71
74
60
63
41
35
29
20
40
42
43
58
56
72
70
44
42
26
21
27
8
24
20
14
30
6
8
19
18
20
9
7
2
-7
5
11
9
31
43
35
32
15
-4
-10
-17
-18
-17
-6
6
11
13
6
-21
-32
-30
-47
-36
-17
-13
-1
-7
-13
-18
-31
-25
-34
-42
-27
-24
-18
-15
-21
-31
-40
-42
-33
-33
-35
-31
-38
-40
-38
-41
-33
-30
-35
-30
-33
-34
-31
-35
-42
-50
-55
-47
-39
-28
-9
-16
-12
-12
-35
-30
-29
-25
-4
-12
-4
0
-19
-13
-36
-46
-27
-40
-6
-1
-11
18
2
4
8
-13
5
-4
3
32
22
42
44
18
22
15
16
32
28
49
48
32
47
28
37
44
34
50
49
49
56
54
47
38
31
36
37
44
54
53
46
27
5
-4
-7
14
21
31
36
31
20
6
6
6
17
34
34
26
26
16
15
19
8
11
5
-10
-6
-15
-1
6
-2
5
-7
-12
-5
-7
-1
-1
-4
-4
-13
-20
-20
-24
-22
-25
-29
-30
-29
-23
-28
-24
-25
-24
-7
-4
5
9
5
-3
-21
-27
-33
-34
-27
-18
-12
-19
-30
-37
-49
-51
-43
-32
-17
-15
-12
-14
-25
-22
-26
-24
-19
-24
-23
-25
-25
-25
-29
-33
-31
-27
-22
-17
-6
1
3
6
0
2
4
8
18
17
24
27
15
18
12
6
19
19
22
27
23
29
19
12
14
-1
4
13
14
37
42
49
45
40
46
43
43
41
35
29
30
28
31
29
17
17
10
12
17
13
18
11
9
13
13
18
27
32
25
16
15
16
15
21
25
21
27
