-7
6
-2
-13
2
-19
-13
-10
-23
-5
-14
-14
-2
-20
-9
-9
-25
-8
-25
-28
-12
-29
-13
-17
-27
-12
-25
-14
3
-9
6
-5
-17
-1
-7
3
10
-6
7
3
2
14
0
7
5
-8
9
6
10
21
12
26
22
9
21
14
19
19
8
15
8
7
15
10
11
8
1
2
-2
-2
2
2
4
-2
-5
-6
-7
-12
-16
-18
-21
-12
-7
-4
2
-2
1
1
-6
2
4
5
14
15
13
13
7
10
8
9
16
11
13
6
-2
9
8
13
16
7
15
12
10
14
-4
-4
-3
-12
0
-7
-7
1
-4
5
10
3
12
6
7
17
10
9
1
-1
9
7
4
4
-4
3
5
4
10
2
0
-2
-5
4
8
12
13
2
-3
-5
-12
-4
-7
-13
-11
-21
-19
-16
-21
-15
-19
-14
-4
-11
-12
-15
-26
-19
-18
-13
0
-11
-12
-16
-25
-17
-22
-23
-15
-20
-15
-15
-20
-17
-22
-19
-12
-14
-14
-19
-21
-14
-11
-6
-8
-11
-16
-16
-10
-10
-7
-7
-14
-7
-9
-10
1
0
10
13
5
16
11
8
11
-2
3
6
-1
6
0
1
6
-8
-2
-7
-14
0
-3
3
12
3
6
12
7
11
1
-5
-5
-10
-4
2
-2
0
-6
-5
2
5
9
8
6
6
3
2
1
-1
2
1
0
3
0
-1
1
1
10
2
-4
-3
-7
1
5
-2
5
3
5
17
9
13
14
4
12
7
9
15
9
18
14
7
11
2
7
12
6
7
1
4
16
14
17
13
-1
-1
-2
-3
-1
-7
-4
-1
2
10
6
8
5
-2
-1
-8
-8
-7
-9
-6
-11
-11
-2
-6
-2
-2
-9
-7
-8
-8
-1
-5
-6
-6
-15
-9
-6
-13
-8
-12
-17
-15
-25
-21
-14
-21
-18
-19
-23
-9
-6
0
10
3
7
3
-1
10
3
0
1
-4
7
8
11
19
12
16
15
9
16
9
8
14
4
5
3
-1
13
11
17
22
10
16
14
9
12
1
1
-1
-9
1
-1
-1
9
-1
1
8
0
11
7
5
12
0
5
7
2
11
4
3
8
2
14
14
6
18
7
8
12
-1
7
7
-1
9
-1
-5
0
-12
-5
-2
-4
-1
-6
-4
-1
-1
4
-2
-5
-2
-6
-3
-2
-2
0
-2
2
1
0
4
8
9
9
3
4
6
8
15
14
12
7
5
7
9
13
12
8
8
2
2
0
-4
-1
-9
-14
-11
-16
-19
-17
-24
-20
-20
-24
-21
-21
-13
-3
-1
1
-5
-12
-13
-11
-4
-5
-10
-9
-1
5
7
3
4
7
8
12
15
12
14
15
18
16
9
10
9
12
18
10
3
0
-4
0
-3
-6
-1
-2
0
-1
0
6
6
8
15
7
8
7
1
10
2
-2
-3
-11
-5
-7
-8
-1
-2
6
14
11
15
7
-1
2
-4
-1
1
-6
-1
-4
-5
-2
-10
-8
-4
0
6
8
8
6
1
1
2
0
1
4
6
10
10
10
10
7
4
1
-3
-6
-5
2
6
9
6
0
2
3
8
12
6
3
2
1
2
-1
-2
-4
-9
-13
-12
-14
-14
-14
-16
-17
-14
-10
-7
-4
-6
-4
-8
-10
-8
-9
-11
-12
-10
-9
-8
-9
-7
-6
-6
-1
2
3
4
0
4
7
6
5
-5
-8
-8
-8
-4
-5
-9
-11
-14
-13
-6
-14
-15
-11
-13
-10
-12
-11
-7
-9
-10
-12
-17
-15
-12
-12
-11
-12
-8
-4
-1
1
2
0
-1
-1
-1
1
7
8
12
15
10
9
6
0
1
-2
-1
5
1
4
7
8
7
-2
-5
-6
-6
-5
-3
-2
-2
-4
-7
-11
-12
-7
-5
3
7
3
2
2
6
9
2
0
0
-1
7
6
3
8
3
0
-1
-4
2
4
7
12
12
12
15
13
8
11
11
13
10
3
3
2
5
5
0
0
0
-4
-4
-6
-4
4
5
7
6
0
0
-7
-5
2
2
3
1
-9
-10
-14
-11
1
3
7
3
-7
-5
-8
-8
-7
-14
-14
-8
-3
-4
-9
-12
-10
-10
-12
-17
-18
-9
-8
-6
-7
-10
-6
-7
-5
-1
-3
-1
0
1
2
-4
-7
-8
-11
-8
-8
-2
11
14
12
9
4
3
8
2
0
-5
-10
-1
2
5
10
2
3
1
-13
-12
-11
-8
0
-10
-11
-4
1
13
8
2
1
-7
2
0
3
14
12
16
15
9
14
11
11
15
5
7
13
11
21
16
17
25
14
14
12
1
10
16
16
16
10
12
12
6
7
6
16
25
20
14
7
4
8
8
8
4
1
3
4
6
11
6
7
6
-5
-4
-6
-3
6
4
3
2
-4
-5
-8
-16
-13
-15
-12
-10
-14
-5
0
-3
2
-2
-4
5
4
5
5
-2
5
5
4
4
-5
-5
-4
-3
-1
-2
1
4
1
-3
-11
-15
-13
-10
-4
-2
3
0
-4
-2
-2
-1
-6
-15
-19
-18
-12
-7
-5
-3
-3
1
8
5
4
3
-3
3
5
4
6
2
5
5
-1
0
-5
-2
1
0
1
-4
-12
-7
-3
1
4
4
4
-3
-8
-4
-9
-7
-6
-13
-8
-2
-1
3
-1
-2
3
4
8
10
4
6
6
6
13
6
5
12
9
10
9
4
7
6
8
12
1
-5
-9
-10
-1
2
4
-5
-17
-21
-17
-9
-5
-7
-12
-8
-4
6
7
2
-3
-2
7
7
4
-1
-6
-5
1
8
13
11
8
4
7
10
11
14
15
15
14
7
6
3
-2
0
-5
-3
-1
-9
-9
-9
-9
-5
-11
-16
-13
-16
-10
-3
-3
-1
-3
-7
-1
2
2
7
4
-5
-7
-8
2
9
2
6
6
4
8
5
6
11
5
5
-1
-5
-2
-5
-3
1
-4
-1
-6
-12
-3
-8
-8
-4
-11
-8
-13
-11
0
3
4
2
-5
-3
-1
-7
-5
-8
-8
-4
-9
-13
-17
-19
-12
-4
-2
-2
-5
-1
1
4
9
3
3
5
0
0
-5
-3
2
-5
-2
3
0
5
1
2
12
3
5
14
7
12
8
-2
2
-3
-4
5
-1
5
2
-8
0
-10
-13
-9
-17
-3
-4
-8
1
-5
-1
2
-13
-6
-7
-5
7
2
5
5
-3
5
6
4
8
4
2
-5
-3
4
3
7
5
1
3
-7
0
3
-5
10
7
7
16
1
3
2
-4
6
-6
-7
0
0
15
16
12
19
7
-1
0
-3
10
14
11
19
14
20
16
5
7
-3
-2
-2
0
9
9
15
7
-4
0
-6
-5
3
-2
0
-8
-11
-2
-7
-2
-5
-17
-12
-16
-17
-7
-4
8
12
5
8
-6
-11
-7
-11
-1
3
2
11
4
-9
-11
-18
-13
-8
-7
11
4
5
14
0
0
1
-8
-2
-4
-4
5
1
4
0
-9
-8
-9
-3
8
1
1
4
-3
4
1
0
6
-9
-8
-2
-14
-3
-4
-12
-10
-21
-14
-2
-5
6
8
-1
4
0
-3
1
-5
1
-1
-10
-7
-12
-10
3
2
7
8
4
9
-2
0
2
-3
9
12
12
18
4
-2
0
-9
2
6
-6
-2
-7
-2
8
-5
1
2
-1
16
3
3
12
0
12
8
-2
3
-9
-11
2
-13
-7
-4
-14
0
-10
-14
-7
-17
-4
-2
-9
8
1
-3
3
-9
-5
-9
-14
-4
-11
-7
-3
-7
4
2
5
13
8
14
22
25
29
20
16
13
5
12
5
5
11
3
10
-1
-13
-4
-12
-3
6
-5
2
5
2
12
1
0
6
-15
-6
-4
-5
2
-16
-8
-2
-9
3
-5
-3
5
-9
-3
-4
-12
10
3
-1
4
-20
-5
-3
-20
3
-15
-23
1
-20
-1
12
-14
4
-16
-24
5
-15
-7
4
-18
2
-3
-16
12
-4
-6
11
-10
9
11
-8
19
2
-5
18
-7
13
27
8
39
19
4
30
-4
11
20
-11
27
16
0
32
-5
10
24
-18
22
8
-11
22
-19
3
10
-31
4
-18
-33
-10
-41
-28
-31
-51
-14
-35
-27
-15
-38
5
-7
-24
-16
-48
-14
-15
-45
-27
-61
-41
-15
-43
-5
-15
-12
35
1
9
-11
-45
22
10
10
38
-28
6
52
49
89
41
14
46
23
41
36
2
33
29
29
61
34
56
62
50
95
74
66
82
58
69
83
85
83
45
28
36
19
3
12
0
11
19
-9
1
7
4
40
33
40
74
44
45
24
-47
-37
-44
-39
32
-9
-24
-21
-93
-32
5
3
31
-59
-39
20
-21
22
-18
-51
32
-35
-20
-13
-71
29
-5
-27
26
-85
-53
-18
-39
68
-28
-58
6
-33
53
-5
-63
8
-76
-31
-18
-95
-2
-61
-58
29
-72
7
-16
-79
61
-33
17
99
-24
116
69
5
134
17
82
81
-59
62
-9
-22
102
-18
54
52
-4
163
69
101
193
55
140
103
-2
50
-40
77
118
-16
-14
-134
-104
40
-25
18
-43
-132
-42
-100
-15
65
6
105
39
-27
25
-69
-21
-10
-91
-19
-68
-31
59
-59
6
-13
-94
48
28
7
102
79
71
14
-125
-89
-124
-88
-88
-124
-191
-864
-886
-336
-144
28
-100
-600
-484
-7
-92
-194
86
92
-349
-456
-268
-330
-263
-267
-316
-136
-651
-629
-287
-328
29
175
-63
-46
127
228
269
415
685
423
299
461
212
316
457
393
526
354
466
603
687
957
919
850
884
741
841
865
651
620
398
369
418
253
252
209
195
228
200
265
116
-36
13
-97
-104
-174
-364
-278
-354
-490
-545
-780
-853
-886
-841
-502
-414
-341
-366
-485
-311
-258
-214
-141
-407
-487
-555
-753
-510
-466
-345
-55
-79
103
170
87
225
136
41
51
-110
-56
-95
-187
-24
-125
-64
-70
-285
-196
-225
-202
-82
-214
-204
-172
-209
41
32
5
77
-69
3
11
-40
-81
-309
-451
-413
-288
-154
-197
-165
-33
-32
-57
-75
139
356
389
471
450
537
674
526
514
523
538
522
423
467
471
374
407
444
455
529
423
510
568
382
477
379
374
510
395
505
371
148
101
-159
-180
-180
-342
-348
-428
-465
-391
-453
-385
-437
-652
-687
-739
-686
-541
-456
-384
-419
-498
-584
-664
-667
-593
-594
-664
-656
-641
-532
-423
-326
-294
-263
-247
-210
-83
-71
-16
-131
-311
-292
-437
-508
-538
-656
-632
-739
-665
-401
-411
-249
-158
-274
-225
-278
-257
-192
-224
-54
-46
-76
3
-101
1
2
14
179
90
209
335
214
359
373
393
543
401
558
722
897
1355
1385
1435
1685
1626
1870
1999
1934
2160
2020
2074
2188
2144
2413
2628
2630
2873
2958
2972
3204
2933
3003
2897
2660
2848
2547
2388
2413
1925
1765
1484
955
816
123
-335
-679
-1506
-1831
-2579
-3327
-3587
-4325
-4702
-5109
-5734
-5927
-6388
-6678
-6598
-6756
-6497
-6364
-6186
-5683
-5393
-4888
-4425
-4234
-3748
-3456
-3237
-2704
-2508
-2132
-1864
-1674
-1187
-936
-576
-87
106
592
970
1188
1561
1532
1590
1678
1580
1705
1662
1635
1748
1666
1770
1814
1866
2246
2436
2678
3045
3234
3728
4019
4265
4549
4630
4940
5165
5356
5416
5423
5474
5516
5515
5468
5285
5266
4980
4725
4528
4114
4067
3866
3935
3940
3866
3994
3950
3693
3305
2585
1904
1134
74
-1214
-2678
-3925
-5255
-6609
-7740
-8634
-9189
-9464
-9424
-9133
-8662
-7789
-6936
-6067
-5121
-4243
-3481
-2912
-2523
-2259
-2106
-1853
-1754
-1635
-1721
-1646
-1486
-1422
-1110
-886
-690
-456
-304
-396
-380
-858
-1226
-1823
-2713
-3218
-3875
-4204
-4301
-4605
-4408
-3985
-3598
-2792
-2361
-1654
-823
-324
586
1052
1476
2067
2179
2528
2717
2798
3339
3479
3814
4179
4326
4891
5004
5067
5102
4786
4846
4781
4469
4504
4265
4351
4687
4632
5008
5039
5108
5506
5336
5544
5725
5422
5737
5507
5269
5373
4654
4880
4465
4046
4270
3755
4026
3994
3451
3465
2600
1874
875
-1146
-2674
-4613
-6203
-7805
-9924
-11072
-12015
-12468
-12490
-12582
-11662
-10591
-9183
-7792
-6742
-5144
-3801
-2813
-2078
-1820
-1340
-1147
-941
-903
-1127
-884
-347
309
803
1263
1893
2576
3101
3294
3130
2801
2101
1160
-92
-1398
-2557
-3718
-4649
-5559
-6180
-6161
-5736
-4925
-4109
-3125
-1984
-877
39
676
1054
1130
1178
1140
982
835
641
668
723
903
1289
1514
2077
2428
2580
2936
3001
3317
3489
3290
3386
3128
3057
3140
3041
3365
3399
3795
4296
4433
4926
4799
4886
4919
4619
4378
4214
4122
3878
3998
4268
4601
5228
5505
5928
6502
6431
6985
6838
6326
5859
4645
3438
1332
-772
-2944
-5127
-6908
-9366
-11083
-11764
-11963
-11565
-10959
-9856
-8185
-6867
-5264
-3963
-2902
-1806
-1344
-1285
-1708
-1893
-2347
-2579
-2683
-3320
-3190
-2679
-1769
-596
56
1164
2169
2638
2986
2701
2187
1075
-407
-1916
-3575
-4849
-6047
-7010
-7643
-7958
-7763
-7012
-5920
-4738
-3511
-2061
-750
356
1137
1314
1528
1212
828
521
-54
-231
-351
-386
199
771
1326
2098
2614
3147
3618
3927
4170
4139
3979
3732
3501
3520
3647
3672
3841
3908
4256
4494
4741
5311
5091
5174
4978
4728
4740
4587
4439
4240
4293
4436
4745
5317
5983
6136
6323
6923
6928
7119
7163
6676
5779
4758
3798
2284
263
-1441
-3913
-5873
-7074
-9539
-11023
-11796
-12089
-11964
-11667
-10244
-8788
-7491
-5850
-4912
-3533
-2530
-2086
-1988
-2480
-2392
-2574
-2712
-2385
-2774
-2466
-1715
-649
613
1246
2482
3175
3418
3406
2768
2280
799
-1055
-2770
-4808
-5973
-7087
-8078
-8433
-8625
-8010
-6830
-5556
-4174
-3039
-1667
-364
505
1289
1563
1795
1811
1527
1490
1360
1174
1060
850
935
1412
1722
2222
2761
2734
3005
3155
3180
3445
3019
2914
2608
2493
2836
2919
3394
3691
3954
4319
4871
5297
5472
5189
5249
4888
4743
4865
4500
4494
4347
4092
4413
4755
5031
5689
5523
5748
6213
5686
6434
6239
5189
4750
3398
1837
-309
-2099
-4199
-6181
-7845
-10093
-11507
-11588
-11514
-11042
-10480
-9160
-7223
-5917
-4026
-2717
-1604
-458
-113
-12
-381
-275
-513
-787
-671
-1355
-1063
-198
481
1444
1743
2500
3373
3045
2943
2191
1085
107
-1745
-3458
-5064
-6610
-7689
-8644
-9084
-8836
-8246
-6927
-5565
-4168
-2543
-892
538
1360
1771
1834
1898
1618
994
456
-225
-677
-977
-1086
-852
-520
-114
167
520
827
887
1205
1232
1047
989
881
1116
1439
1818
2418
3075
3785
4548
5001
5636
5569
5946
5909
5349
5542
4596
4615
4621
4624
4864
5088
5634
5901
6868
7462
8321
8520
8837
8622
8292
8192
7309
6637
5330
3393
638
-789
-3421
-5142
-7426
-10785
-11769
-12607
-12388
-11955
-11393
-9799
-8221
-6481
-4610
-3147
-1741
-816
-700
-839
-1068
-640
-1115
-1329
-1563
-2301
-1454
-695
11
573
949
2094
3129
3435
3690
2968
2401
1045
-420
-1993
-3950
-5242
-7204
-8580
-9319
-9662
-9050
-8105
-7350
-6125
-4546
-2522
-763
409
970
1022
1308
971
591
-233
-1120
-1608
-2330
-2389
-2439
-2217
-1836
-1783
-1434
-1188
-599
275
516
867
1000
1334
2142
2684
3411
3692
4201
4970
5255
5907
5978
6105
6267
6057
6241
5915
5778
5696
5380
5478
5698
5992
6787
7536
7728
8776
9286
9324
10323
9372
9168
9265
7899
7674
6218
4617
2612
-360
-1873
-4860
-6410
-8441
-11796
-12109
-13188
-13018
-12273
-12378
-9898
-9182
-7549
-5157
-4562
-2209
-1681
-1452
-930
-1440
-663
-1485
-1793
-1782
-2820
-1635
-935
-351
436
553
1981
2742
2818
3014
2244
1694
252
-1187
-2407
-4219
-5326
-6953
-8410
-8758
-8981
-8255
-7297
-6748
-5518
-4183
-2139
-423
334
1105
1391
1723
1613
1296
946
36
-549
-1225
-1736
-1786
-1608
-1483
-1494
-1368
-1051
-264
509
937
1222
1462
2212
3200
3549
4096
4335
4633
5243
5429
5904
6069
6314
6315
6266
5926
5675
5671
4992
4934
4705
5040
6092
6410
7028
7409
7592
8864
8902
8959
9087
8156
8640
7734
6949
6075
4253
3405
328
-1377
-3780
-5880
-6658
-10581
-12121
-12833
-13773
-12380
-12850
-11867
-10005
-9266
-6285
-5569
-4014
-2302
-2439
-1372
-1782
-1384
-1395
-1820
-1370
-2500
-2184
-1248
-684
184
35
1040
2184
2378
3022
2389
2095
1443
-202
-832
-2603
-4045
-5058
-6852
-7475
-7918
-8116
-7240
-6796
-6133
-4946
-3337
-1268
-123
713
1171
1565
1907
1767
1522
721
87
-231
-643
-660
-780
-822
-832
-934
-623
-432
195
613
782
1389
1737
2607
3320
3806
4171
4386
4896
5173
5572
5468
5240
5172
4670
4459
4274
3870
3977
3260
3598
3825
3783
5570
4969
5904
6618
6564
8134
7803
8812
8228
7931
8554
6731
7803
6239
4123
4331
-339
-750
-3197
-6423
-5615
-11284
-11629
-11967
-14057
-11330
-12791
-11172
-9240
-8863
-5114
-4808
-2445
-778
-1626
414
-221
726
942
-80
871
-645
-81
764
806
1544
1136
2157
3036
3025
3906
3287
2949
2230
-37
-1042
-2721
-4644
-6258
-8341
-9966
-10269
-10023
-9489
-8651
-7892
-6016
-3822
-1801
-71
976
2016
2823
2734
2162
1530
655
-559
-1677
-2382
-3064
-3025
-2766
-2814
-2567
-2116
-918
-99
299
1295
1570
2246
3016
3202
3836
3729
3975
4184
3910
4452
4512
4811
5066
4851
5496
5795
5985
6526
5933
6047
6441
6178
6806
6408
6499
6927
6858
7528
7134
7042
7639
7305
7930
7830
7025
7133
5809
5270
2929
732
-519
-4002
-5004
-8660
-12006
-11833
-13867
-13505
-13459
-13623
-10581
-9919
-7389
-5061
-4502
-1533
-1059
-169
272
-112
690
-232
-335
-935
-1548
-577
-252
31
296
954
2088
2497
2753
2607
2327
1759
434
-1611
-2937
-5018
-6880
-7729
-10842
-10975
-11008
-11298
-9088
-9022
-6668
-4010
-2544
811
1225
2633
4333
3525
4177
2504
1917
1079
-918
-920
-2959
-3215
-2646
-3014
-2494
-2195
-993
488
1330
2527
2853
3251
3878
4112
4601
4130
4473
4432
4359
4799
4568
5169
5297
5494
6057
6009
6669
6815
6130
6141
5580
5652
5755
5367
5190
5162
5535
5783
6383
6555
7018
7270
7471
7568
7074
7026
5795
5053
2642
102
-1422
-5028
-5974
-9084
-12687
-12450
-14390
-13647
-13049
-13343
-10357
-9910
-7040
-4929
-4375
-1367
-1381
83
408
-79
986
-187
324
-209
-784
259
536
1676
1763
2405
3530
3506
4326
3757
3214
2524
704
-619
-3039
-4476
-6278
-8103
-9104
-10868
-10657
-10078
-9082
-7518
-6523
-4149
-2293
-709
1038
1353
2480
2795
2361
2074
963
700
-361
-1340
-1907
-2818
-2773
-2633
-2507
-2445
-2057
-948
-519
14
787
1069
1768
2107
2674
2904
2913
3671
4188
4445
4795
5492
5794
5805
6056
5871
5795
6159
5543
5083
4960
4492
5570
5323
5375
6636
6002
7473
8307
7819
8892
8660
8966
8850
7618
7859
6017
5473
3398
54
-799
-4645
-5031
-7698
-11748
-10839
-13100
-12360
-11211
-12138
-9290
-8652
-6566
-3934
-3892
-935
-750
-259
413
-675
383
-552
-150
-309
-1422
-242
118
676
1014
1059
1902
2049
2218
1906
1111
781
-475
-1973
-3749
-5419
-6758
-7849
-9344
-10345
-10377
-10250
-8477
-7546
-6286
-3829
-2073
202
1557
2490
3566
3445
3678
2796
1681
1005
-571
-1256
-2642
-3275
-3495
-3836
-3120
-3205
-2750
-1667
-1033
-158
222
841
1855
1978
2928
3420
3534
4431
4607
5222
5542
5732
6513
6347
6512
6687
6458
6782
6183
5899
5881
5634
6389
6482
6390
6829
7288
7520
8187
7906
7764
8331
7472
8210
6935
5997
6276
3655
3119
433
-2049
-3309
-6236
-6965
-10678
-12422
-11837
-13897
-12272
-12415
-11984
-9647
-9036
-5654
-5081
-3436
-1207
-1402
174
-84
699
613
325
1092
-320
305
726
493
963
254
1012
1290
979
1507
588
564
74
-1140
-2319
-3819
-4943
-6217
-7000
-7939
-8267
-8186
-7376
-6166
-5690
-4248
-2534
-1264
187
1065
1918
2409
2374
2276
1380
881
62
-845
-1708
-2491
-2659
-3090
-2761
-2648
-2831
-2183
-1660
-1066
-436
0
1070
1456
2316
3447
3632
4671
5100
5725
6137
5941
6760
6367
6265
6487
5457
5738
5364
4668
4722
3941
4078
4264
4503
5104
5697
6193
6716
7519
7401
8293
8583
8107
8516
7371
7309
6443
5005
3979
425
-548
-3524
-5756
-6171
-11062
-11182
-12328
-13727
-11617
-12828
-10665
-9400
-8586
-4858
-4708
-2272
-921
-1021
575
-159
1120
732
316
974
-658
110
293
500
1041
505
1306
1474
1787
2214
1689
1484
551
-218
-1346
-2719
-3760
-5687
-6505
-7656
-8648
-8441
-8254
-7079
-6408
-5097
-2912
-1656
99
1524
2247
2944
2851
2465
1548
414
-733
-2157
-3307
-4269
-4864
-5441
-5211
-4884
-4950
-3859
-2884
-1730
-476
438
1740
2563
3452
4449
4600
5105
5769
6006
6345
6381
6766
6769
6833
6793
6545
6542
6041
6484
5931
5459
6000
4994
5589
5829
5566
6540
6161
7170
7265
6883
8160
7115
7437
7705
5761
5924
4676
2242
855
-1735
-4190
-5616
-8595
-11150
-11818
-12878
-12502
-11976
-11838
-10149
-8753
-7062
-4736
-3443
-2044
-731
-11
464
621
427
120
393
-151
-481
-148
59
419
66
312
928
1276
1851
1770
1456
918
76
-916
-1987
-3157
-5215
-6304
-7289
-8499
-8157
-8474
-7804
-6574
-6136
-4169
-2639
-1397
127
603
1332
1796
1788
1512
951
297
-629
-1218
-2382
-3085
-3504
-3929
-3669
-3758
-3167
-2411
-1602
-480
209
1384
2383
3202
4430
4995
5656
6396
6605
7005
7039
6637
6756
6417
6194
6371
5659
5429
4951
4343
4412
3734
3947
4275
4027
5152
5278
5702
6545
6248
7032
6865
6940
7534
6567
6175
5650
3979
3825
1612
-858
-1984
-5199
-5547
-8199
-11127
-10652
-12507
-11856
-11030
-11249
-9157
-8428
-6233
-4234
-3481
-1170
-964
337
810
887
1503
702
1652
635
70
783
648
1173
1104
1334
1929
1900
2359
2240
1886
1490
629
-146
-2027
-2819
-5043
-6211
-6636
-8837
-8350
-9130
-8393
-7254
-7297
-4671
-3926
-2412
-14
25
2087
2328
2296
2770
1079
1591
-192
-1186
-1753
-3803
-3576
-4263
-4096
-3905
-4148
-2792
-2164
-1113
508
1160
2443
3291
4162
5087
5254
6137
6171
6006
6377
5935
6244
5989
5393
5473
4303
4285
4212
3164
3480
3048
2816
3658
3935
4463
5275
5515
5829
6877
6371
6952
7349
5924
7224
6067
5204
5345
3621
2814
72
-1279
-3454
-5370
-5868
-9708
-9760
-11015
-11953
-9600
-11277
-8864
-7997
-7476
-3738
-4155
-1365
-332
-175
1711
869
2175
1649
1375
2071
508
1168
1172
767
1306
504
1114
1564
1464
2013
1462
847
322
-657
-1705
-2810
-4444
-5943
-6823
-8075
-8529
-8490
-8461
-7380
-6835
-5475
-3453
-2414
-582
523
1202
2160
2147
2124
1480
462
-655
-2043
-2950
-3919
-4656
-5093
-5287
-5027
-4549
-3386
-2270
-1159
286
1405
2674
3933
4936
5616
5643
6169
6333
6276
6648
6082
5840
5420
4892
5135
4588
4363
4058
3668
3928
3533
4266
4253
4521
5341
4735
5968
6194
5891
7147
5869
6504
7006
5732
7374
5530
5087
5896
3516
2540
889
-1587
-2997
-4363
-7485
-9361
-10325
-11425
-11115
-11059
-10889
-9513
-8175
-5852
-3856
-2779
-801
358
1548
2158
2758
2313
2188
2602
1357
1048
710
463
314
7
260
528
751
873
692
331
-35
-559
-1456
-3095
-4613
-5679
-6962
-7562
-8414
-9702
-8996
-8509
-7460
-5860
-4877
-2577
-1514
92
1893
1899
2779
2589
1631
1144
-176
-709
-2216
-3380
-4047
-5224
-4715
-4490
-3997
-3762
-2857
-1097
-221
1239
2243
2810
3843
4455
5358
5553
5707
6382
6072
6323
6157
5860
6007
5502
5202
4709
4377
4317
3859
4021
3685
4102
4783
4369
5955
5437
6349
7290
6086
8375
6819
7620
8493
5761
7993
5518
5092
5522
400
1479
-2986
-4571
-4297
-10932
-8973
-12121
-12730
-10050
-12994
-9059
-9533
-7933
-3856
-5284
-1003
-862
-520
2077
116
1921
953
778
1723
-548
165
124
200
901
562
1006
1141
1704
1992
1712
1519
475
-138
-1517
-3103
-4377
-6528
-7584
-8660
-9781
-9434
-9133
-8395
-6847
-5380
-2997
-1146
369
2006
2633
3373
3632
2832
1867
279
-1204
-2244
-3749
-4419
-5298
-5740
-5129
-4921
-3836
-2473
-1424
72
1211
2306
3669
4209
5157
5560
5309
5784
5584
5496
5414
4945
4712
4405
4117
4298
4051
3800
4204
3596
4013
4077
3642
4537
4456
4454
5115
5155
5113
6125
6220
6008
7265
6822
7053
8237
6779
7307
6634
4734
3947
1487
-660
-2487
-4781
-8338
-9578
-10761
-12459
-11280
-12049
-11524
-9434
-8566
-5503
-4328
-2775
-842
-397
1242
1540
1909
1259
1281
1453
-171
347
304
-251
381
-62
227
1103
996
1451
1070
251
139
-1313
-2313
-3226
-5594
-6576
-7801
-8728
-8596
-9016
-7428
-6622
-5629
-3077
-1851
125
1338
1953
2798
2420
2589
1502
165
-837
-2376
-3144
-4477
-4766
-5308
-5525
-4713
-4569
-3174
-2276
-1026
155
570
2235
2730
3655
4507
4265
4959
4959
5295
5785
5433
5838
5812
5470
5895
5688
5307
5186
4465
4413
4065
3715
4419
3402
4141
4723
4228
5963
5566
6384
7007
6837
8136
7396
7727
7605
6369
6204
4271
2343
666
-2121
-3503
-6210
-9050
-10028
-11563
-11869
-11272
-11502
-10208
-8386
-6890
-4218
-3380
-1405
-177
-51
1517
901
993
503
120
181
-945
-755
-615
-593
-110
216
771
1484
1987
2255
1954
1488
649
-547
-1793
-3396
-5084
-6679
-7789
-8642
-9095
-8855
-8083
-6937
-5647
-3771
-1860
-265
1370
2302
2903
3055
2810
2236
1032
167
-1059
-2093
-2994
-3916
-4319
-4561
-4423
-3964
-3401
-2504
-1357
-516
491
1445
2263
3279
3880
4385
4894
5032
5691
5699
5602
5668
5283
5405
4850
4719
4441
3634
3720
3125
3351
3488
3262
4579
3617
5298
6102
5624
8232
6204
7868
8493
7012
9649
6866
6398
6814
3900
3800
762
-952
-3167
-5421
-5718
-10142
-9714
-10626
-11557
-9690
-10812
-8541
-7454
-6016
-3012
-3334
-1379
-37
-104
839
304
550
-86
161
524
-984
-188
136
290
1192
1105
2109
2630
2704
3376
2620
2137
1425
-479
-1617
-3641
-5452
-6876
-8500
-8954
-9555
-9270
-8131
-7254
-5407
-3573
-1656
358
1462
2803
3176
2966
2730
1392
309
-1116
-2661
-3730
-5000
-5318
-5409
-5391
-4695
-4158
-3285
-2107
-1051
173
1185
1839
2765
3184
3711
4243
3847
4141
4094
3988
4456
4231
4590
4762
4527
4990
4673
4522
4518
4138
4033
3666
3756
4292
4036
4939
5203
4972
7270
6669
7461
8395
7834
9440
8572
8366
7589
6245
5488
2612
1044
-1854
-4186
-5305
-9455
-9742
-11351
-12295
-10308
-11516
-9586
-8378
-6395
-3611
-3010
-878
-265
640
1528
1176
1209
286
343
113
-1181
-960
-864
-812
-136
66
821
1842
2225
2632
2452
1916
1327
-158
-1160
-3023
-4957
-5980
-7986
-8391
-8912
-9147
-7733
-7292
-5596
-3635
-1998
279
1146
2422
2931
2911
3026
1663
787
-740
-2058
-3169
-4500
-5141
-5878
-5970
-5739
-5005
-4200
-3287
-1973
-1063
266
1530
2470
3365
3984
4630
4902
5193
5624
5825
5888
6030
5997
5674
5774
5576
5133
5066
4178
3909
4137
3463
4074
4065
4035
5585
5292
6120
7035
6541
8425
7763
7992
8786
6858
7107
5690
4043
2448
-45
-1963
-4588
-5991
-8918
-11119
-10979
-12448
-11555
-10977
-10410
-7846
-6583
-3895
-2590
-1388
156
165
1102
901
591
-243
-858
-618
-1719
-1694
-1120
-1089
-81
487
1429
2920
3265
3957
3695
3103
2660
715
-251
-2230
-4574
-5754
-7989
-8731
-9370
-9798
-8792
-8454
-6631
-4494
-2802
-185
1036
2482
3555
3796
4260
3098
2407
1129
-400
-1272
-2890
-3604
-4338
-4803
-4458
-4187
-3402
-2504
-1638
-666
358
1253
1961
2724
2946
3291
3720
3926
4539
4580
5014
4985
5069
5458
4979
5198
4588
4422
4212
3538
3817
3813
3740
4150
4566
4821
5885
6841
7015
7754
8134
8441
9212
8428
7980
6389
5176
3416
693
-987
-4884
-6035
-9292
-11975
-11509
-13920
-12453
-11937
-11801
-8626
-7516
-4202
-2422
-1503
735
284
1842
1357
258
-145
-1744
-1307
-2729
-3121
-2502
-2770
-1568
-780
426
2236
3381
4446
4891
5128
5161
4345
3018
1140
-1651
-3439
-4541
-7291
-7705
-9791
-10789
-8203
-8483
-6072
-4506
-3319
0
903
3447
3899
3314
4389
2285
2186
743
-1050
-1732
-3837
-3726
-5409
-5168
-4007
-4288
-3383
-2654
-1380
-453
578
1541
1707
2373
3128
3451
3831
3940
4227
4623
4554
5015
4831
4673
4968
4256
4246
4389
3759
3967
3626
3559
4178
4181
5662
5254
6499
7278
7048
9123
7918
9656
8698
7356
8821
5070
4633
2392
-1563
-2808
-6521
-8388
-11763
-13221
-13066
-14574
-11945
-12189
-10408
-6834
-5504
-1941
-1299
1291
2600
2059
3420
1912
1021
261
-532
-1829
-3059
-2779
-2655
-2130
-1207
-547
911
2474
3445
4279
4451
4870
4190
3243
1368
-352
-1992
-4561
-5498
-8136
-9128
-8948
-9097
-7568
-6861
-4873
-2706
-987
1684
2344
3352
4425
3749
3723
2382
1726
192
-1114
-1685
-3542
-3746
-3964
-3809
-3670
-3268
-2191
-1728
-795
97
394
923
1317
1863
2177
2241
2881
3220
3372
3967
4179
4254
4574
4236
4498
3776
3883
4152
3039
3703
3077
3473
4231
4396
5501
5578
6562
7628
7773
8844
8820
8907
8309
7622
6888
4744
3331
259
-1981
-4868
-6677
-9792
-12784
-12412
-14335
-13368
-12323
-12003
-8912
-7071
-4130
-2282
-1000
1470
1355
2433
2524
1632
1143
178
52
-1346
-1699
-1333
-1522
-713
-195
807
2299
3181
3909
4268
4432
4283
3160
1745
412
-1482
-3115
-4522
-6547
-7373
-7853
-7923
-7253
-6789
-5213
-3919
-1895
-116
536
2041
2603
2923
3149
2306
1838
718
-22
-827
-2016
-2355
-2937
-2997
-3112
-2748
-2439
-2076
-1186
-768
-216
405
915
1392
1819
2109
2792
3021
3445
3973
4073
4520
4367
4386
4315
3695
3677
3385
3117
3191
3120
3830
3970
5015
5675
5838
7375
7468
8405
8735
8813
9138
7836
8026
6408
4268
2975
-131
-2550
-4801
-6743
-9929
-12135
-12074
-13213
-12452
-11737
-11153
-8533
-6572
-3886
-2249
-881
1142
1133
2090
2036
842
167
-388
-879
-2049
-2047
-1681
-1437
-711
57
1004
2327
3213
3660
3697
3698
3534
2245
901
-761
-2537
-4105
-5708
-6683
-7981
-8287
-7619
-6922
-5336
-3969
-2233
-350
1060
2608
3359
3806
3733
2880
2106
709
-210
-1430
-2521
-3112
-3900
-3484
-2996
-2259
-1684
-1080
-65
808
1644
1915
2021
1851
1799
1818
1579
1619
1701
1792
2395
2732
3374
3606
3828
4239
4307
4994
4821
5544
4710
4665
5935
5155
6801
6543
5941
7553
7086
8375
7983
8109
8041
6081
6968
3983
2046
105
-4048
-5340
-7965
-10948
-13012
-14207
-13575
-13817
-12606
-10905
-8926
-5823
-3536
-1397
60
1760
2207
2595
2133
1035
-64
-904
-1464
-3051
-3093
-2808
-2126
-1214
-273
1148
2498
3717
4158
4324
4047
3321
1809
253
-1896
-3067
-4949
-6961
-7084
-8660
-7979
-7122
-6774
-4465
-3118
-992
1054
1521
3065
3345
3562
3568
2079
1411
181
-436
-1242
-1826
-2055
-2292
-1495
-984
-229
281
1001
1757
1919
2631
2643
2219
2460
2036
2253
2221
1903
2622
2176
2643
2907
3011
3484
3040
3166
2843
3055
3085
3399
3605
3707
4735
5408
6236
7100
8168
8108
9005
9117
8805
9609
7622
6361
5409
1444
-280
-2810
-7171
-7924
-12346
-14677
-14361
-15398
-13675
-12922
-11709
-8900
-5731
-2565
-355
371
1965
2155
2384
1931
322
-1007
-2781
-2800
-4312
-4329
-3445
-2860
-1608
-395
1352
2935
4513
4721
4864
4716
3647
2406
388
-1827
-3554
-5824
-7181
-7977
-8753
-8100
-7600
-6235
-4187
-2143
65
1597
2780
3756
4112
4108
3312
2032
916
-321
-1090
-1906
-2442
-2565
-2217
-1361
-315
694
1550
2364
2924
3412
3752
3499
3072
2822
2501
2393
2320
2323
2389
2903
3349
3556
3953
4042
4235
3883
3892
3682
2670
3339
2768
2884
4113
3610
5217
6140
6835
8564
9071
9597
10175
9442
8399
7290
5042
2000
-1404
-4848
-8384
-10434
-14096
-16810
-17160
-17022
-15466
-13482
-11780
-8555
-4464
-1538
1190
2180
3681
3526
2877
1709
-579
-2346
-4046
-4918
-6808
-6593
-5376
-4064
-2143
-497
1498
3938
5541
6123
6164
5019
3932
1956
-295
-2759
-5281
-7273
-8660
-8796
-8670
-7843
-6336
-4687
-2599
-302
1401
2845
3656
3664
3164
2865
2029
748
-90
-1123
-1227
-1041
-463
113
514
1849
2792
3361
3915
3881
3689
3357
2955
2377
2226
2164
2103
2411
2767
3958
4636
5660
5856
5784
6120
5568
5250
4173
2913
1734
1125
-2
948
-17
526
3005
2348
6462
7230
8688
11066
10798
12709
10284
9588
8456
2633
1232
-3896
-9419
-9665
-15433
-18434
-19160
-19005
-17160
-15240
-12430
-9799
-5217
-1476
1933
1836
3945
3914
1932
1906
-1493
-3103
-5331
-5990
-7070
-7692
-5598
-4227
-2425
125
2131
4462
6542
6668
6757
5462
4368
2360
-251
-2740
-6276
-7526
-8823
-8731
-7835
-8787
-6337
-3803
-1635
1771
2576
3966
4980
4763
4869
3085
1893
171
-2067
-2838
-3572
-3157
-2447
-1563
-638
1085
3548
5165
5785
5709
6032
5698
4991
4080
2818
1959
1380
1223
1798
2171
3107
4754
5272
6755
7663
7497
7701
7223
6185
5074
3554
2368
1307
540
406
63
1918
2467
3956
5666
7068
9596
9579
9961
8427
6583
4436
654
-3282
-7918
-11150
-15240
-18196
-18047
-18624
-16525
-13888
-12091
-6780
-2884
792
3057
4185
5390
4205
3233
592
-2209
-5131
-6711
-8059
-9188
-8212
-7180
-5203
-2675
141
2519
4885
5797
5787
5386
3925
1917
-483
-3298
-5928
-8094
-9340
-9078
-8611
-7817
-6946
-4160
-1240
812
2642
2763
3473
3724
2956
2099
196
-1153
-2172
-3406
-2783
-2530
-1668
-412
328
2308
3804
5545
6087
5840
5829
5748
5708
4825
4070
3393
3084
3549
3911
4660
5422
6036
6607
7272
7412
7745
7144
5849
5912
4278
3782
3397
2263
2314
2350
2684
3473
5840
5823
6199
8327
8077
9440
8564
5601
4942
870
-2188
-5171
-9835
-10417
-15096
-17752
-16724
-16426
-13342
-11179
-10056
-6310
-2100
-27
1978
1383
1954
366
-1275
-2074
-5260
-6136
-7126
-7594
-7361
-5505
-3413
-1486
68
1473
3290
4240
4470
2882
1123
-485
-2494
-4608
-6405
-7219
-8166
-7677
-5999
-5628
-3602
-1282
-144
1588
2376
2791
2955
2381
1527
-476
-1031
-1254
-2599
-2679
-2821
-1921
-338
754
1653
2398
3605
4468
4337
4314
4429
3891
3642
3446
3272
3702
4391
4585
5598
6576
6984
8239
8252
7759
8355
7169
6601
5752
4077
4577
3369
3102
2840
2711
3805
4510
5459
6063
6375
7262
7521
7548
8092
5863
4230
1890
57
-2906
-6047
-8977
-12278
-12246
-14662
-15673
-13817
-12693
-10496
-7596
-6284
-2208
-78
631
1339
-193
443
-1705
-3401
-4882
-6492
-7149
-6804
-6026
-5524
-3219
-1402
254
1568
2463
2614
2437
779
-770
-2661
-4677
-6135
-8135
-7955
-7847
-7441
-5627
-4163
-2214
-417
618
2224
2058
1679
1007
-598
-1071
-2676
-3688
-3776
-3513
-2307
-1401
2
1693
3002
4503
5268
5334
5301
4393
3424
2623
1371
882
557
547
1558
2453
4165
5992
7596
9181
9955
10468
10777
10133
9491
8220
6089
5544
4031
3863
2772
1953
3500
3297
6045
6727
6638
9378
9376
9416
11616
8960
7204
5198
1335
-601
-5601
-8157
-12446
-14084
-14566
-17489
-16292
-13342
-11202
-8447
-5733
-3199
283
943
1776
-390
-893
-1792
-4631
-5562
-7510
-7836
-7883
-6248
-5215
-3531
-894
707
1459
1693
1563
1244
-236
-2821
-4820
-7039
-7148
-8314
-8060
-6855
-6470
-3417
-1674
-38
1819
1286
1955
1623
-432
-968
-3415
-4459
-4879
-5930
-4767
-3744
-2007
194
1618
3806
5610
6217
6754
5648
4856
4142
2558
1766
650
137
493
513
1899
3144
3898
5745
6511
7679
8789
8897
9290
8442
8069
7977
6396
6824
5580
4790
5253
3611
4892
4140
4959
6032
4890
7003
6205
6769
8150
6795
7219
4599
3392
2897
-2049
-3584
-7680
-10628
-10145
-14000
-15618
-14788
-12762
-10417
-8782
-6520
-3544
-990
286
228
-255
-478
-2158
-4366
-5952
-6222
-6690
-5900
-4697
-3983
-1515
711
2062
2400
2324
1988
1024
-620
-3073
-4480
-5627
-5947
-7321
-7691
-4656
-4604
-1827
-1082
-2982
-148
-498
-929
-989
-3481
-3127
-3994
-4260
-3364
-4487
-1541
-860
-594
1759
2276
3696
3907
3800
3614
3643
4461
4196
3018
3451
4115
4013
4284
4120
4043
4343
4315
4217
4291
4455
5214
5428
5816
6147
6886
7172
6955
7333
7107
6988
6610
5903
5230
6698
6814
5818
7784
7471
7397
9649
7628
5987
5668
2751
1553
-3085
-7148
-9618
-12154
-11087
-14302
-16028
-12516
-10387
-7685
-4691
-3477
-22
1336
1062
209
-952
-894
-4410
-6165
-6525
-6696
-5697
-4490
-3517
-2725
-881
639
786
-670
-2037
-3063
-3953
-5560
-6962
-7237
-6013
-5180
-4642
-2219
-350
1294
1710
937
25
-704
-1450
-3188
-4950
-6354
-6385
-5321
-4654
-3722
-3029
-1536
0
53
1530
1655
1554
1896
1010
1984
2840
3699
4836
5049
6518
7661
7995
8051
6838
6680
5848
4612
4328
3608
4119
4626
4656
5156
5351
5967
6017
6141
5684
4675
4672
3924
4592
4476
5582
7043
6758
9092
9540
9155
12002
9626
6955
4758
986
170
-5724
-8827
-11803
-13672
-11364
-14205
-13244
-8672
-7668
-5141
-3629
-2291
548
-1180
-1402
-3070
-4461
-3959
-5495
-4894
-3995
-3201
-1575
564
1018
1033
1149
545
-1465
-4511
-6251
-6672
-7889
-9217
-8843
-7091
-4633
-3325
-2222
-582
1384
1679
1191
406
-473
-1072
-1890
-2124
-3113
-3074
-2389
-2759
-2433
-2540
-3118
-2466
-2905
-2790
-1746
-1167
599
1592
2729
4921
5948
6919
7553
6676
6719
6268
5196
5006
4316
5047
5516
5642
6663
7479
8435
9015
7772
6809
5901
4530
2373
1492
826
-783
1861
1447
3308
5884
5302
8405
8575
8830
9166
7600
7191
3708
-89
-212
-3570
-6693
-9885
-12255
-10892
-10929
-11608
-11242
-7916
-6363
-5180
-3910
-1837
-779
-2344
-2552
-2836
-2823
-3684
-4399
-3618
-2997
-2537
-690
808
1406
506
-40
404
-1144
-3036
-4715
-5446
-6556
-7808
-7381
-6037
-4838
-4812
-3984
-1832
-548
84
272
438
405
23
584
57
-325
-1042
-2333
-2411
-3397
-3921
-4067
-4775
-4505
-4064
-2713
-268
727
2340
3632
4637
6303
6438
6583
6418
5330
5047
4921
5294
5984
6221
6737
7445
8343
9616
9798
8906
8451
6807
5115
4545
2732
1430
2005
175
1143
2223
3236
5169
5165
6267
6838
7375
8249
6974
5535
4778
1148
-197
-3750
-6798
-9403
-12342
-11716
-13993
-14822
-11223
-9840
-7968
-4910
-4203
-1138
-640
-1716
-1747
-2409
-2817
-4641
-5263
-3807
-3031
-2813
-712
798
1215
1113
1168
658
-926
-2763
-4034
-5104
-6933
-7721
-7456
-6235
-5541
-5910
-4380
-2381
-2395
-967
-22
871
1926
1590
2316
2293
1806
1029
-825
-2020
-3471
-4856
-5262
-5502
-4714
-3731
-1619
675
2078
4373
5217
5888
6161
5425
5554
4784
4257
4587
4766
5823
7051
7931
9435
9607
10214
9894
9430
9237
6625
5811
3882
2933
3480
1924
2064
2218
1445
2790
3596
3983
4229
4089
5446
5516
6535
5587
3577
1946
-441
-4152
-7211
-9422
-12007
-12405
-15234
-15060
-11154
-9158
-7288
-5417
-4219
-1461
-2070
-2969
-2140
-2950
-3746
-5574
-4591
-1833
-1062
-701
910
1874
1810
887
425
52
-2283
-4405
-4893
-4800
-5141
-4951
-4857
-3854
-3820
-4405
-3349
-2686
-2895
-3042
-1954
-425
883
2145
3287
3426
3380
2364
921
-110
-2129
-4411
-5929
-5805
-4774
-3123
-1473
655
2243
3765
5108
5252
5520
4706
3760
3713
4059
4987
5996
6657
8121
9382
10106
10839
10765
9943
9234
7795
6971
6605
5314
5412
4165
2404
2990
3074
1869
1984
2190
1496
2569
2222
3769
6414
6306
6280
3542
2706
3378
-3448
-6604
-8804
-12985
-10713
-14584
-14764
-8917
-8408
-7064
-5918
-4021
-210
-3078
-5457
-4330
-4754
-4493
-5828
-4845
-1010
-306
-670
934
2228
1744
-440
-1735
-1913
-3308
-4310
-4249
-4052
-4250
-4250
-4011
-3109
-4438
-5864
-5074
-5841
-6087
-5104
-3501
-468
1445
2416
4500
5066
4419
3155
1278
-300
-2477
-4354
-4409
-3676
-2574
-910
468
2469
3898
4605
4865
4241
3979
3558
3442
4328
5303
5943
7313
7875
9000
9842
9118
9141
8299
7917
7715
6710
7855
7643
7088
7500
5591
5995
4790
2663
2671
1294
2046
1289
1436
3588
4017
5977
5145
3640
2932
372
-3481
-7850
-10629
-12032
-12037
-13219
-14872
-10850
-7403
-7209
-6305
-5457
-2477
-3684
-6910
-6723
-4882
-3725
-4725
-4301
-795
1671
667
1133
2259
1223
-1073
-2657
-2101
-1943
-3072
-2383
-2168
-2733
-3500
-4931
-4567
-6208
-8733
-8599
-8023
-7406
-5568
-2935
-1
2088
3157
4799
4991
3932
2499
303
-1172
-2344
-3421
-3206
-2235
-1041
459
1373
2466
3211
3438
3838
3855
3822
4863
5754
6282
7594
7976
8478
8781
8420
8504
7480
7100
7802
7603
8256
8849
8047
8581
7889
6832
5347
3529
2250
1133
762
-70
619
1992
2657
3191
4186
5107
3941
1183
342
-1289
-4192
-8009
-10507
-10685
-10202
-11213
-13027
-10271
-7563
-8813
-8688
-7020
-5050
-4866
-6508
-5304
-3662
-3191
-3566
-2648
-107
93
-943
-646
1377
1137
-213
22
716
920
599
400
487
-590
-3125
-4411
-5050
-7184
-8855
-8282
-8183
-7286
-5945
-4349
-1927
-385
387
1179
1233
589
99
-995
-1513
-2103
-3202
-3018
-2758
-2168
-711
3
912
2245
3188
4381
4865
5862
6826
6902
7310
7925
8205
8125
8407
8890
8914
9006
9288
9734
10648
10162
10053
10865
10889
9746
8596
7117
5521
4443
3157
2672
1691
669
884
1649
2042
3201
2567
1390
698
-1558
-2311
-5343
-9097
-10876
-10500
-10647
-13071
-13857
-11060
-9490
-9698
-9282
-7992
-6584
-8020
-8054
-5851
-3751
-4448
-5259
-2937
-377
-254
-1284
-287
502
-365
-661
840
2027
1703
1440
2521
3196
1885
-507
-1920
-3274
-6283
-7850
-7740
-7604
-7001
-5675
-3738
-1630
-270
327
511
912
454
-233
-836
-1626
-2579
-3441
-3277
-2825
-2533
-1940
-1381
-581
908
2009
3176
4262
5704
6976
7939
8637
8891
8725
8287
8332
8238
8193
7457
8133
9236
10003
10613
10816
10956
10358
10046
8922
7062
6714
5999
3215
3569
2302
1884
2255
1468
1309
2875
3378
577
-457
-833
-2547
-5881
-8111
-10548
-9933
-10825
-13801
-13758
-11392
-11181
-12786
-10781
-8658
-7990
-9411
-8167
-6195
-4583
-4522
-4643
-2073
-739
-1553
-1937
318
618
-71
-235
1721
2984
2962
3320
4580
5275
3842
2387
1235
-693
-3391
-5162
-6098
-5623
-5219
-4510
-3207
-2214
-976
55
252
87
94
-787
-1519
-1656
-2480
-3327
-3870
-4074
-3841
-3318
-2785
-1952
-834
572
1712
3246
5324
6376
6794
8041
8432
7896
7741
7293
7573
7436
7009
7840
7991
8337
9351
9938
10513
10121
9970
8935
8502
7269
6331
6347
5320
4397
3815
3895
4061
2908
3227
3678
1086
1359
812
-1439
-3181
-6017
-7847
-7248
-8363
-11706
-11788
-11129
-12166
-12940
-11960
-10950
-10925
-11778
-10604
-8306
-7465
-7428
-7622
-5438
-3684
-3728
-3290
-1622
-1913
-2257
-961
903
2492
2988
3446
4208
4794
4036
3839
2962
804
-1151
-2194
-2636
-3581
-3781
-3610
-3144
-2376
-1682
-1018
-415
-716
-868
-606
-290
-692
-1922
-2276
-2893
-3393
-3304
-2886
-2708
-2370
-1294
-94
1325
2769
3990
5122
6349
7487
8390
8505
8612
8520
8114
8349
8153
7966
8327
8116
8080
8882
8846
8674
8513
7432
6610
6384
5386
4718
4493
3502
3427
3734
3149
3361
3194
3246
3437
2210
1648
1708
347
-2178
-4113
-5663
-5777
-6591
-9205
-9995
-9549
-10694
-11040
-10517
-9862
-9431
-11176
-11140
-9564
-9273
-9805
-9876
-9077
-8130
-7710
-6934
-4950
-4138
-4237
-2880
-625
720
2132
3042
4533
5620
5493
4974
3842
3974
2285
1368
1155
-697
-248
714
461
1457
1677
1714
1484
673
1360
529
-695
-1807
-3167
-3494
-4287
-4751
-4898
-4826
-4751
-4265
-2524
-1065
-305
1194
2417
3614
4874
5633
6532
6603
6159
5929
6317
6209
6341
6594
6812
7364
7720
8059
8109
7276
6344
5533
4574
4181
3712
2837
2132
1895
2072
2177
1511
1178
1343
1540
1615
2086
2516
2178
1771
1399
77
-980
-2284
-4093
-3967
-4934
-5838
-4891
-4626
-4698
-4335
-4634
-4253
-4807
-6199
-6570
-7160
-7845
-8614
-8563
-8214
-8193
-8426
-8061
-7234
-6875
-6652
-5672
-4678
-3874
-2568
-1520
142
987
967
1442
1832
1836
1904
1803
1846
2334
2755
3661
4519
4881
4812
4474
3871
3230
2350
1172
60
-1381
-2182
-2688
-3283
-3516
-3812
-3743
-3344
-3073
-2089
-1495
-1052
278
1259
2459
3324
3669
3959
4011
4324
4433
4839
5386
5238
5595
6419
6788
7137
7111
6791
5974
5174
4822
3796
3666
3675
2601
3042
3147
2000
2255
1785
1004
902
829
1143
891
1532
1735
926
1110
155
-595
-1275
-2893
-3241
-3662
-3503
-2895
-3200
-2270
-1757
-2163
-1678
-1928
-2438
-3308
-4551
-5208
-5485
-5932
-6408
-6537
-6659
-6858
-6921
-6613
-6559
-6640
-6757
-6546
-5912
-5399
-4885
-4150
-3642
-2949
-2189
-1430
-448
-380
11
995
1689
2848
3640
3875
4594
4814
4608
4759
4057
3019
2157
1274
858
465
-218
-465
-496
-450
-127
91
92
295
-84
177
778
921
1616
1388
1506
2223
1899
2197
3285
2263
2524
3332
3203
3836
4173
3787
3650
3224
3174
2667
2068
2195
1360
1171
1789
1853
1796
2545
2277
2096
2231
2082
1884
1516
1604
1373
1250
1493
1158
1173
1103
603
520
404
66
221
281
133
-147
23
-15
-472
-889
-1681
-2043
-2839
-3542
-3659
-4056
-4572
-5146
-5256
-5225
-5550
-5680
-5752
-5776
-5828
-5850
-5351
-5109
-5090
-4758
-4459
-3664
-3408
-2904
-2006
-1668
-1010
-405
348
1085
1147
1648
1912
1865
1982
1916
2073
1757
1156
1083
703
270
119
-94
-111
-1
-480
-554
16
-220
-270
577
566
496
1177
1234
1281
1770
2021
1684
2154
2257
2067
2493
2601
2564
2960
3346
3086
2725
2881
2437
1988
2356
1883
1914
2225
2056
2415
2464
2328
2356
2270
2241
2061
1841
1966
2004
2239
2680
2777
3087
3534
3363
3103
2871
2451
2100
1575
1273
1175
679
150
47
-357
-634
-959
-1698
-2207
-2946
-3676
-4109
-4593
-5101
-5478
-5796
-5940
-6017
-6022
-6186
-6055
-6284
-6303
-5759
-5627
-4942
-4680
-4419
-3888
-3570
-3017
-2523
-2423
-1896
-1610
-1497
-666
-147
591
1175
1554
1833
1891
1778
1360
1282
1055
989
529
650
456
472
887
701
894
932
883
440
1259
1056
1181
2514
1448
2239
2397
1699
2384
1564
1906
1379
907
1871
814
724
2649
671
1872
2060
920
1818
1078
1534
566
674
1370
343
640
1281
96
677
1374
987
1325
2325
2213
2356
3425
2967
3393
3629
3238
3682
3305
3194
3053
2117
2430
1838
1059
1732
814
586
921
401
441
310
-273
-366
-1040
-1836
-2205
-2966
-3059
-3652
-3953
-3993
-4389
-4384
-4450
-4457
-4392
-4573
-4865
-4650
-4818
-4600
-4439
-4624
-3967
-4057
-3723
-2955
-2899
-2397
-1550
-1477
-456
-215
-530
248
-223
-55
-122
-306
-650
-621
-793
-570
-149
-68
287
757
708
516
1459
1122
1805
2005
1347
1518
2322
1063
1203
2325
217
861
1459
-137
1341
973
314
1470
292
990
1175
-139
1617
292
336
1985
467
1326
1277
769
1776
1311
2046
2404
1635
3248
2596
2365
3847
2447
2942
3447
2238
3203
2418
2761
3346
2477
3382
3403
2439
3362
2806
2287
2967
1888
1992
1747
1236
1457
957
701
404
-225
-413
-880
-1625
-1813
-2365
-2996
-3281
-3583
-3951
-4387
-4683
-5249
-5513
-5756
-5877
-5828
-5690
-5337
-4966
-4363
-3867
-3683
-3452
-3379
-3308
-3096
-2881
-2728
-2753
-2443
-1999
-1879
-881
-1632
-931
-609
-1290
-357
628
-389
1073
1509
731
2089
2249
1511
2171
2309
659
2849
848
2159
2158
1157
2870
1287
1123
2119
135
964
761
-777
1222
-26
66
1015
997
139
1518
1879
-188
2165
1716
-202
2571
1657
441
2027
1475
1315
839
1950
1318
483
2266
1270
1208
2182
1611
2189
2186
3105
2396
2307
3781
2307
3079
3699
2188
3041
2655
2487
3003
2026
2814
1979
1148
2046
785
613
715
-822
-263
-894
-2045
-1541
-2518
-3023
-3049
-3688
-3223
-3506
-3825
-3508
-4217
-4276
-4163
-4709
-4392
-4554
-4912
-4385
-4371
-4245
-3788
-3627
-3390
-3795
-2973
-3013
-2778
-1212
-2397
-1014
-44
-1637
927
-163
-384
765
-482
842
597
1151
1464
437
2057
853
1097
1780
384
1286
128
576
-74
358
934
-913
686
-172
930
938
-697
2330
-1080
392
1846
-2055
2680
-431
-580
2983
-1822
2489
921
-1412
2937
143
597
3170
459
2827
2305
2099
3388
2775
2494
2311
2284
2964
2203
2613
3287
2388
3323
3260
2721
3368
3164
2840
2831
2334
2369
1548
1558
1340
646
761
833
179
244
642
-249
350
-35
-817
-293
-1258
-1327
-1768
-2222
-2185
-3019
-2836
-3041
-3736
-3083
-3539
-3757
-3285
-3698
-3594
-3183
-3472
-2880
-2658
-2932
-2616
-2331
-3451
-2191
-2226
-3434
-600
-2606
-983
206
-1359
354
338
-394
-97
541
-964
-477
361
-1511
-82
341
-2106
769
-1338
-579
102
-1188
425
-2271
623
-930
-2140
1988
-1516
-1827
2325
-3717
494
1538
-4100
1834
-293
-1725
1966
402
-492
2951
485
875
3569
560
1562
2439
1468
1908
4126
726
4981
3186
1417
5529
1419
3416
4173
1053
3373
3415
312
3892
2055
741
3199
1496
854
2827
1391
1713
3203
1164
2341
2161
1615
1888
788
1696
909
489
1605
529
491
1403
-95
407
-209
-301
-447
-825
-897
-1155
-1319
-1666
-1656
-2655
-2182
-2936
-3457
-2761
-3644
-3321
-3166
-3000
-2557
-3049
-1884
-2775
-2935
-1376
-3727
-2299
-1830
-3795
-1827
-2502
-2314
-1189
-2828
-367
-2017
-2524
-292
-3556
-1998
-454
-2922
-1580
-155
-3444
-409
-2407
-913
-530
-2906
1167
-2762
-496
2198
-2568
865
3048
-1912
1937
2044
-840
1472
1853
215
-328
4461
-547
1683
4818
1197
2754
3504
1993
2510
3201
3186
2084
1829
2340
2012
2072
1307
2402
517
945
2023
489
1981
1350
358
1466
1870
537
1516
1587
299
1091
1825
895
2287
1735
1640
2647
1674
2946
2418
2163
2785
1910
2029
2036
2033
1581
1586
1590
668
915
220
-263
-76
-559
-906
-956
-943
-1648
-1754
-1559
-2408
-2200
-2287
-3151
-2566
-2691
-3351
-2650
-3129
-3347
-3381
-3257
-3352
-3704
-2731
-4132
-3291
-2694
-4118
-2603
-2922
-3257
-3057
-2809
-2748
-2777
-1709
-1981
-2581
-2115
-1859
-2606
-1400
-661
-1598
-1154
-405
-1661
-1641
1638
-833
-92
2223
-399
537
2116
1138
677
2388
2180
481
1421
2426
-257
2942
1061
1201
2329
546
2944
713
1991
3531
-385
2533
1873
-790
3629
723
346
2445
91
1706
1955
1196
1904
2192
387
2920
2505
2298
3822
2152
3536
2802
3185
3574
3287
3079
3169
2559
4088
2847
2927
3931
1793
2267
2064
1648
1309
1252
407
512
478
-475
582
-1054
-371
-1031
-2013
-1461
-2329
-2628
-2268
-2826
-2967
-3074
-3438
-3504
-3825
-3454
-3900
-3854
-4020
-4198
-3636
-4425
-3515
-3590
-4585
-3416
-4225
-3836
-2793
-3659
-2810
-2835
-2830
-2024
-2099
-1838
-1595
-1426
-2008
-198
-702
-731
572
-556
193
134
1179
721
578
763
892
471
1255
1440
365
1823
1808
431
794
2815
-909
1709
1398
1
1288
318
1778
-360
887
1471
-709
1029
1534
-8
1604
1115
1528
1495
1551
2311
712
2602
1203
1707
2537
1478
2911
2805
2588
3332
2814
3133
3580
2266
3250
2377
1853
2714
1663
2251
2164
1813
1759
1953
1295
1765
1120
1233
733
751
930
-437
921
134
-310
-111
-212
-997
-765
-703
-1329
-1037
-1847
-1601
-1757
-1890
-2155
-2103
-2280
-2447
-2221
-2929
-2544
-2931
-3413
-3438
-2793
-4188
-2953
-3402
-3368
-2836
-2530
-2575
-2305
-2229
-2435
-1693
-2695
-1554
-1971
-1837
-1410
-721
-2751
-105
-886
-2044
1299
-2218
-351
260
-1799
647
253
-1327
338
-92
-2504
1572
-609
-705
608
1132
-1071
1358
1539
-128
2837
602
1189
2578
612
1712
1710
2386
1989
1687
3753
2038
2565
4143
1687
3798
2333
2082
3435
1798
3674
2112
2627
2947
1096
2792
1917
930
2116
763
1268
933
715
1252
51
1025
398
-554
560
57
-386
804
58
-191
356
-161
-189
-240
427
-694
-130
102
-446
402
-232
149
-149
24
-169
-255
-384
-721
-546
-586
-355
-734
-630
-724
-847
-1158
-981
-948
-1710
-1590
-1741
-1875
-1959
-1311
-2215
-1220
-1915
-2050
-1389
-2327
-1601
-2173
-1913
-1820
-2003
-2301
-2218
-2384
-2131
-2728
-2835
-2088
-3166
-1315
-2891
-1994
-406
-3051
-1206
142
-2618
10
-1326
-1586
465
-1293
-122
55
1147
77
628
2612
127
1195
1927
673
1737
2361
1645
2573
2012
2424
2503
2353
2491
2201
1824
2732
2302
906
3784
1257
1016
3165
982
1493
2092
775
1254
870
1049
1092
47
1408
334
-10
1043
-606
889
343
270
1192
-64
300
712
120
1021
537
605
848
204
1283
872
855
1255
926
921
1508
518
1202
710
621
1105
410
920
-27
700
-32
-9
172
-307
-258
-721
-545
-1122
-686
-1352
-1480
-1435
-1849
-2169
-2449
-2436
-2835
-2600
-2704
-3167
-2458
-3399
-3320
-2425
-3388
-3622
-2519
-2865
-4032
-2547
-2498
-3688
-2036
-2182
-4099
-583
-2138
-3048
252
-1818
-816
-414
-822
-440
377
35
137
1282
280
874
1395
1662
1079
2527
1866
1660
2570
2171
2139
2128
1838
2703
1353
2087
2991
340
2221
1950
622
1821
1696
307
1192
1083
345
1309
592
997
379
643
695
310
844
892
752
872
537
1029
735
275
1626
177
1600
547
1073
1503
622
2016
655
1471
961
1342
1005
1415
1121
1644
1392
990
1814
795
805
1142
667
682
650
83
309
-376
120
-463
-512
-354
-885
-768
-796
-1260
-1190
-1622
-1681
-1691
-2287
-1768
-2373
-2551
-2078
-2897
-2983
-2052
-3116
-3021
-2236
-3065
-2557
-3132
-2020
-2896
-3059
-1670
-3567
-2329
-1378
-2271
-2663
-1330
-888
-2759
-603
-188
-2099
1029
-1219
-1036
1424
-713
-22
990
172
819
72
788
575
129
1558
1366
-14
2487
1440
-251
2875
1043
725
2176
1156
1126
1542
2067
1590
934
2572
1191
1154
2936
444
2056
2417
822
2402
2186
1284
1654
1373
1727
1908
1713
1900
1312
1243
1905
1950
1057
2733
897
1628
2151
891
2030
978
1482
1050
681
1620
724
654
1468
-121
729
1050
-458
525
316
-423
73
-36
-1161
264
-858
-1795
-378
-1206
-1885
-642
-1867
-1752
-1031
-2690
-1560
-1605
-2590
-1807
-1805
-2760
-2096
-2575
-2329
-2719
-2597
-1893
-2961
-1520
-2284
-2805
-1492
-2182
-2540
-1520
-1923
-2049
-2432
-1313
-2146
-1942
-602
-3412
-703
-1938
-2366
-603
-1181
-1801
-537
-1337
-875
72
-1281
-173
241
-390
-532
965
-8
397
735
1020
832
1586
1797
930
2085
2009
904
3303
2109
995
3690
1236
2544
2486
2178
3280
1773
2986
2456
3107
2610
2030
2730
2261
1416
4003
1054
2272
3183
-352
3135
1748
930
2305
1502
250
1578
1309
1008
667
1467
294
204
1195
-782
866
-370
197
-314
-254
99
-1156
-73
-791
-345
-762
-819
-511
-1610
-754
-954
-1482
-796
-830
-1050
-1195
-961
-1088
-1654
-302
-1368
-1622
-505
-1377
-961
-1563
-998
-1166
-1893
-1061
-1807
-1127
-878
-2777
-711
-1887
-2579
-568
-3047
-1918
-1249
-3026
-1889
-2139
-1387
-2692
-1833
-1600
-2475
-2035
-2008
-2319
-1838
-993
-1929
-1294
-541
-1038
-1639
-479
-1085
50
-718
-408
836
-507
972
152
955
1408
1691
1204
1738
2385
964
2063
3013
1228
2998
2500
1421
3627
1772
2655
2274
2945
2314
1877
3594
2002
2190
3269
2310
2142
2814
1604
1731
1908
1749
1328
1631
1864
829
1246
1131
823
459
931
-204
621
611
-413
892
-748
-12
-351
-890
659
-1330
-173
-27
-1826
279
-973
-1036
-438
-1402
-805
-1586
-848
-921
-1637
-739
-1307
-1839
-700
-1776
-1056
-1253
-1423
-1454
-1673
-958
-2270
-887
-1784
-2051
-1239
-2153
-1076
-1889
-1541
-1509
-2428
-1521
-1473
-1955
-1039
-2004
-1822
-1794
-2020
-1457
-2193
-1164
-1992
-2397
-700
-1524
-1108
-1039
-527
-1702
-384
-727
-985
73
-23
-333
225
1295
-393
49
1235
413
221
2381
494
1927
1247
1738
2070
1273
3837
789
2802
2413
1789
2708
2630
2492
2685
2535
2503
2486
1822
3423
1223
2870
1850
1966
1978
2359
1776
1111
2249
639
1975
1068
725
960
1214
274
1304
618
-81
541
-559
474
-327
-216
-224
-440
-760
-345
-360
-641
-366
-1029
-823
-657
-1311
-730
-1004
-616
-663
-1096
-543
-1298
-1234
-992
-1302
-436
-2042
-212
-886
-2026
-173
-1884
-825
-520
-1829
-614
-1343
-1740
-867
-1461
-1075
-1277
-1811
-1122
-1721
-1179
-1076
-1664
-1301
-1172
-2063
-340
-791
-2340
-123
-1977
-1419
-516
-1256
-1055
-1000
-372
-1211
299
-464
-526
-165
-1046
1175
-827
870
1098
-1774
1987
437
-48
2114
904
500
1051
2139
957
939
3073
432
1338
3453
361
2158
2403
886
2207
1754
1693
2448
1285
2108
1798
1373
2628
1240
1553
2460
661
1124
1629
415
1335
877
420
980
534
666
761
398
502
1
21
1164
-868
194
187
-732
-777
847
-548
-1024
488
-1061
-1038
441
-648
-1377
656
-1631
-698
-157
-1200
-8
-1853
-233
-1247
-1629
286
-2132
-1105
-631
-1986
-92
-1921
-77
-1439
-2296
30
-2799
249
-929
-2080
-58
-1954
-1196
-1001
-1280
-721
-1296
-850
-570
-883
-629
-813
-594
-661
-127
-828
-872
70
-1348
247
-951
-261
-121
-660
546
-763
756
-831
377
489
-47
1251
-518
597
370
-217
1868
-120
875
1425
-614
1470
899
881
1257
187
1912
661
1744
1644
-231
1923
422
1217
1593
742
1482
437
853
2072
272
1463
1517
-143
2149
824
1028
1374
261
1310
381
730
1490
-86
617
978
-227
1322
90
808
696
-42
501
-26
119
-99
-429
247
-373
-672
-179
-1153
33
-1065
-522
-591
-1337
-90
-1093
-1343
-358
-1309
-1148
-387
-1920
-285
-1424
-1624
-682
-1709
-209
-877
-1579
-59
-1729
-508
-537
-1822
736
-2294
-447
288
-2444
647
-1624
-809
165
-1128
-49
-786
-576
-582
-1148
919
-754
-563
868
-2257
1141
-800
-657
1298
-860
-40
400
-540
223
1150
-1230
1322
-301
222
805
380
263
36
1068
-988
1842
94
205
1306
-387
1257
789
-416
1516
564
411
1375
253
557
833
880
-171
2135
147
517
2229
-303
1207
1299
328
965
1262
736
838
595
1013
315
1179
450
835
698
219
702
-198
457
758
213
-842
1406
-965
-282
1095
-1825
1210
-768
-785
770
-1334
226
-1270
-553
577
-1951
821
-781
-1803
184
-1580
-1003
-268
-828
-1596
-211
-1113
-1268
-205
-1495
-130
-1591
-1026
11
-2176
-65
-1501
-1040
-521
-1420
-303
-1891
-161
-660
-1716
742
-1128
-581
-407
-898
648
-1035
-37
-99
-560
-481
882
-568
-356
700
-821
344
459
91
296
51
504
296
623
1022
-301
959
74
34
2232
-279
426
1955
-1144
944
2490
-1024
1265
1991
-1283
1833
1687
-78
1797
521
356
1504
782
1108
993
861
502
1490
-51
2005
892
-414
1826
-236
1047
1017
420
101
556
171
342
324
457
-394
-96
568
-940
703
11
-790
-56
-485
-838
-320
28
-1394
336
-1050
-1171
-322
-1342
32
-876
-985
-745
-1165
-1131
-625
-934
-877
-945
-832
-1487
-1103
168
-1805
-1343
765
-2582
-584
322
-2360
855
-1705
-851
212
-1276
574
-1425
-277
489
-1471
554
-309
-600
560
-1100
107
956
-1042
570
752
-984
1757
-957
82
1757
-1544
2096
-465
323
1206
-884
1865
-260
465
1592
-800
2091
72
89
1381
108
1309
392
709
562
1377
-63
1509
1174
-175
2464
-121
642
1906
-495
1056
1154
-112
1432
-1
586
877
67
1050
-238
1036
505
-218
1256
-294
293
82
501
-133
-354
1239
-1594
1164
-446
-1098
1337
-1634
515
-335
-1007
861
-1265
180
14
-1720
550
-1337
131
-872
-1053
-193
-1452
667
-1627
-92
-896
-1642
-71
-1026
-48
-841
-1144
-391
-1148
-431
-636
-1398
-276
-1482
-192
35
-865
-20
-943
-283
-618
-7
104
-253
-216
-866
860
-731
398
456
-1453
1375
-958
-364
1655
-693
646
-33
240
312
-584
1890
-1280
1014
984
-850
1618
-595
1330
26
492
1109
-122
1435
417
264
635
1052
82
615
631
218
887
-430
1674
203
-358
1883
-936
666
1131
-347
353
533
283
-247
518
190
-206
171
254
-77
232
470
-127
82
-105
206
-527
428
212
-1127
662
-664
-726
861
-496
-19
-272
-616
237
-1180
953
-700
-473
775
-1967
792
-273
-1863
1540
-1314
-518
1077
-1662
728
-528
-335
-360
-776
555
-997
263
-89
-752
283
-762
-290
-258
26
3
-1230
577
-202
-349
-210
-110
440
-1348
892
-978
-64
206
-629
-149
140
93
-515
-126
2
-361
193
257
21
444
-736
1089
-1233
888
1197
-1262
1449
-294
-234
1054
13
452
403
706
294
-388
1877
-321
288
1283
-839
623
547
191
414
706
269
258
-59
631
527
56
592
-103
345
337
329
32
-368
693
-387
-169
1020
-204
-423
442
-601
-297
900
-468
403
-405
-216
-551
-462
1042
-878
277
-280
-1012
47
-275
242
-340
-18
-74
-1426
584
-968
-623
257
-1516
710
-762
-267
386
-1596
824
-665
-449
819
-687
-499
32
-35
-662
118
335
-1523
-191
462
-1274
718
-358
-899
359
-146
128
-122
301
-861
-127
117
-289
92
-123
-312
-36
456
-178
124
-277
-827
860
290
817
936
-523
208
-767
537
312
566
245
240
792
-637
1169
207
210
919
-395
886
-377
470
732
-891
1178
-301
518
96
538
940
-226
1305
-940
1035
-271
478
764
-549
960
-686
387
241
-50
1390
-909
874
279
-1526
2298
-1981
1642
376
-1878
1841
-2147
1038
247
-377
610
-1376
10
-719
-369
641
-1904
1019
-1411
-80
1529
-2396
1515
-1644
-502
126
-616
536
-833
-10
-816
131
-127
-199
-704
0
-577
-370
246
-666
-744
-195
-596
-168
385
-939
334
-1276
639
-542
-121
517
-1391
527
-365
123
165
-72
-577
-83
125
-107
-25
426
-227
157
518
268
17
-74
174
-650
569
163
263
314
581
220
272
799
-432
447
256
-260
781
280
805
269
327
620
-228
960
-145
583
611
-140
639
352
504
864
510
141
616
-415
888
217
54
801
-209
247
-428
612
-191
167
196
-470
125
31
-470
896
-498
104
79
-689
234
-908
438
-669
119
-90
-446
-349
32
-352
-68
157
-852
146
-710
-276
158
-452
-184
-314
-834
162
-741
131
-31
-1095
787
-999
438
65
-972
443
-798
-304
479
-879
201
-141
-372
-70
-165
-109
-634
153
-333
288
-137
-162
2
-472
154
190
-525
152
-233
-626
628
-239
67
226
-388
-92
397
-321
172
-91
-85
320
-535
816
-208
-34
603
-509
569
219
6
567
91
858
9
61
1040
-921
900
625
-48
867
236
-89
596
-190
633
401
-115
1284
-990
939
297
-906
1691
-896
621
305
-596
825
-738
593
97
-300
612
-747
486
-251
43
484
-799
649
-536
72
176
-197
24
-139
-398
71
-183
-317
349
-627
411
-467
6
203
-753
289
-679
9
-195
-295
98
-284
-71
-127
-208
-139
-435
-46
-196
184
-435
141
-309
-387
189
-260
-126
71
-271
-150
307
-428
222
-458
46
-211
-356
403
-802
-175
297
-682
420
-101
-293
124
-93
94
-129
-5
-541
291
-539
644
420
-778
1083
-810
343
809
-532
778
-286
123
760
-330
992
-315
84
834
-810
1324
-478
395
528
-286
1048
-161
438
398
-132
528
191
-248
489
-319
-24
604
-276
324
132
-379
208
-126
102
333
9
71
-48
540
-365
-144
303
-797
229
-303
387
-289
183
-178
-315
574
-549
440
-573
128
-244
-334
440
-624
203
-237
-327
606
-773
-39
123
-1007
705
-284
-320
653
-710
-237
39
-140
-481
145
-247
-632
384
-738
63
-180
-153
41
-632
839
-1209
297
377
-1420
1390
-953
-87
489
-1221
896
-752
93
365
-216
356
-159
113
-360
412
-533
561
133
35
211
-131
464
-326
667
118
-224
693
-354
253
144
-99
715
-390
987
-459
338
525
-1252
1325
-465
-21
1225
-923
696
294
-714
891
-295
111
162
154
-46
86
358
-201
601
-414
483
-275
43
290
-571
837
-428
-28
537
-714
485
-364
-377
448
-581
265
322
-319
446
25
-506
616
-377
-2
370
-601
599
-686
251
-10
-336
319
-496
12
-342
46
-412
237
-158
-390
590
-889
151
-106
-781
562
-629
-60
57
-640
184
-206
-183
-10
-204
-243
-228
-312
-13
-424
217
-336
-134
347
-629
566
-338
-308
710
-817
842
-103
-120
685
-672
605
-293
255
-98
-200
251
-359
553
192
116
204
90
112
-198
568
-303
363
232
-404
1141
-791
599
183
-684
1087
-536
406
424
-537
739
-316
324
580
-940
1222
-915
242
841
-940
1248
-369
-447
1175
-1037
855
371
-743
1562
-1108
541
204
-917
1092
-978
483
408
-914
945
-702
-202
648
-990
597
-570
27
-395
-177
372
-905
846
-837
-167
319
-993
454
-258
-539
633
-954
408
-210
-294
342
-869
560
-748
431
-480
-71
382
-1103
1055
-918
260
302
-755
599
-470
-69
-183
146
-213
-184
522
-479
368
-325
-362
839
-1074
789
115
-347
748
-572
426
32
-164
354
-108
-95
424
-569
755
-210
-246
1239
-1013
805
57
-711
965
-734
422
494
-447
554
-224
3
308
-311
392
-96
-55
289
-215
103
214
-179
141
214
-301
566
129
-249
947
-745
338
140
-445
407
-413
392
-313
368
76
-373
863
-1126
816
-35
-789
1479
-1244
591
425
-1152
1511
-1275
382
123
-916
1144
-984
559
69
-1109
1346
-1178
261
857
-1778
1671
-1029
-315
1024
-1391
386
-134
-527
74
193
-806
332
-490
-456
567
-597
320
-235
19
33
-284
454
-650
335
-234
-477
859
-1260
835
-378
-345
868
-909
658
-64
-310
284
10
-292
431
-107
-414
666
-357
-242
962
-931
561
296
-780
1009
-599
240
481
-462
793
-312
43
612
-605
506
121
-203
456
28
-132
543
72
-114
376
-16
114
5
598
-391
514
283
-988
1561
-1083
209
1055
-1691
1466
-536
-269
1279
-1300
972
-161
-594
1088
-924
606
-29
-716
1003
-817
222
255
-691
682
-711
338
-45
-743
867
-1116
577
157
-1073
1049
-837
-76
458
-782
376
-232
-287
-229
350
-371
-127
413
-480
-91
377
-626
324
346
-942
875
-544
-340
668
-623
399
-301
-184
197
-630
681
-740
451
151
-1056
1691
-1137
377
701
-1085
981
-519
-115
385
-32
-488
779
-423
12
414
-523
556
-292
232
-1
163
33
-199
465
-317
262
190
-437
785
-910
734
-106
-262
748
-889
1034
-751
385
163
-350
479
-545
541
-7
-283
546
-265
-159
590
-894
839
-88
-651
996
-475
-125
453
-555
390
105
-612
795
-585
25
-74
-283
722
-734
407
196
-862
684
-490
-316
1240
-1613
1230
-75
-910
1191
-852
512
-183
33
-100
57
67
-346
378
192
-566
618
-189
-569
686
-676
-27
488
-747
92
675
-1224
910
-215
-461
715
-881
398
-113
-305
562
-706
568
-159
-523
878
-731
508
-271
-259
359
-361
295
-536
736
-494
-238
864
-1160
892
-439
-289
948
-931
622
-213
275
-330
73
263
-386
583
-544
542
19
-372
532
-103
-62
95
-45
95
221
-83
117
304
-74
-23
471
-202
56
149
-114
153
291
-458
454
-17
-525
632
-316
108
164
-124
-122
204
-212
-204
546
-496
188
160
-199
117
82
-258
70
55
-349
240
-219
6
-186
-148
278
-501
338
-79
-520
858
-1018
372
334
-855
644
-347
-10
78
-34
-33
-308
468
-770
310
258
-755
598
-248
-316
484
-408
81
221
-208
86
105
227
-424
240
-43
-276
436
-531
247
-255
-36
-162
-126
314
-622
159
-9
-378
210
-152
-75
88
-98
28
-138
501
-490
165
479
-588
589
22
-267
351
-233
-211
518
-150
-39
308
28
-167
228
101
-93
373
-85
-201
512
-194
-350
1005
-854
391
427
-800
776
-141
-264
308
78
-365
500
-89
-264
432
-412
69
97
18
77
-43
448
-545
678
-121
-307
1003
-1035
688
-17
-282
616
-572
339
-170
4
-166
42
-24
25
-275
206
-120
-186
484
-786
582
-292
-306
485
-843
420
-306
-194
426
-780
700
-602
73
164
-346
306
-378
155
-142
173
-330
113
29
-115
59
44
-40
106
29
-300
409
-228
-238
435
-494
253
254
-793
1041
-737
257
378
-736
898
-844
408
-228
-48
399
-566
574
-334
71
420
-436
601
-120
-35
286
-2
296
-279
509
-542
574
-164
80
315
-494
580
-476
449
-147
-46
192
-277
247
-69
-36
127
-319
345
-344
199
-24
-447
466
-792
541
-477
33
251
-708
830
-769
277
124
-577
525
-272
-152
213
-145
-25
10
58
-233
297
-49
-168
346
-321
90
-89
3
-8
14
133
-360
338
-248
-51
354
-745
806
-612
217
399
-906
1082
-943
422
222
-776
1069
-914
333
263
-472
698
-441
344
22
30
98
9
232
-224
344
-149
276
-30
24
53
-43
329
-339
402
-172
-201
535
-664
436
34
-482
740
-612
283
72
-493
390
-488
90
121
-348
310
-124
-167
335
-267
-38
323
-378
151
205
-515
506
-157
-400
837
-863
490
278
-734
1009
-680
268
267
-338
484
-338
263
-231
126
153
-413
637
-625
359
74
-329
550
-416
348
-375
467
-263
-126
618
-1154
1008
-495
-249
914
-1164
804
-472
-348
621
-806
434
-39
-178
384
-312
102
158
-262
237
-116
-27
299
-454
410
-143
-150
306
-569
453
-428
-5
180
-415
374
-191
-157
357
-347
131
67
-235
161
-130
-25
110
-242
195
-107
-219
259
-321
264
-174
-31
161
-205
225
-40
127
-59
239
-302
353
78
-378
709
-699
428
-16
-407
669
-600
387
-66
-381
642
-825
617
-148
-319
735
-900
684
-272
-109
527
-607
547
-343
-31
219
-521
476
-288
106
96
-271
304
-255
10
116
-155
211
-191
103
-28
-95
257
-177
180
5
-164
142
-96
-1
61
-180
225
-249
139
-10
-118
226
-263
169
-111
104
75
85
-108
212
-179
66
245
-584
654
-579
184
159
-445
451
-431
200
129
-331
410
-412
48
300
-413
421
-182
-72
140
-189
139
-37
-7
111
-166
193
-90
4
209
-369
473
-346
118
237
-530
493
-342
-165
381
-484
238
115
-466
504
-445
117
170
-481
544
-414
220
81
-333
369
-378
173
11
-267
182
-266
31
102
-112
48
105
-256
242
87
-377
652
-669
404
127
-541
977
-862
495
-64
-456
705
-657
412
-114
-161
364
-286
290
-233
146
-45
-208
348
-523
302
-47
-253
408
-291
21
300
-467
416
-27
-288
533
-425
155
237
-379
318
-76
-194
244
-292
-18
122
-366
279
-284
-57
39
-227
150
-23
39
-25
17
-74
74
-11
198
-60
123
-11
-63
175
-87
149
95
-83
177
-44
8
210
-288
361
-289
218
86
-173
419
-245
365
-137
136
-29
-86
223
-330
288
-83
-182
397
-382
233
-7
-404
475
-444
307
139
-345
494
-352
85
254
-462
392
-194
-62
440
-509
376
-107
-242
459
-406
128
94
-424
350
-261
-15
107
-435
201
-229
94
17
-152
115
-282
161
-100
65
119
-243
158
-133
-208
229
-283
50
145
-475
451
-254
-26
386
-553
414
-194
-144
392
-302
118
50
-277
195
-4
-5
203
-118
-28
102
13
-7
236
-222
87
109
-256
437
-220
-92
344
-515
503
-51
-262
631
-729
515
-76
-254
597
-572
397
-47
-119
439
-277
166
37
-286
433
-266
164
55
-236
231
-277
194
-147
17
-104
-24
-40
34
-54
-75
50
-240
111
-42
1
91
-131
-37
101
-179
231
-111
7
25
-170
222
-126
246
-81
-27
81
-207
143
30
4
130
-121
19
56
-61
94
-21
17
-13
29
24
30
-151
19
-143
104
116
-157
251
-241
33
89
-130
228
-82
-60
91
-142
93
126
-164
162
-99
-87
259
-147
134
43
-189
228
-83
58
174
-216
225
-109
-19
194
-137
-42
105
-91
79
151
-218
200
-142
1
137
-187
71
-82
-46
80
-60
78
-43
111
-66
30
84
-161
168
-132
44
15
-102
27
-73
-42
-40
63
-160
37
-33
-94
125
-88
13
-53
67
-65
67
73
-110
135
-109
-8
144
-151
154
9
-171
247
-218
68
201
-323
238
-127
-69
286
-314
226
6
-236
250
-273
99
39
-139
209
-228
101
-115
-48
43
-78
12
-71
-42
-37
51
-32
1
-47
-54
24
70
29
60
1
16
54
-40
6
18
-68
-56
38
-13
56
-29
-108
-5
-39
41
61
-92
43
-125
53
118
-193
213
-144
54
128
-105
295
-131
-52
146
-113
267
22
-116
177
-266
291
-20
41
252
-354
382
-102
15
300
-342
224
-57
-107
359
-257
111
-67
-182
217
-188
111
-73
-164
29
-132
91
-6
-109
-61
-71
-33
-43
-1
27
-168
54
-151
45
78
-257
188
-268
64
45
-102
233
-228
60
-83
-45
140
-101
98
-134
-53
24
-110
188
-171
87
-44
-110
170
-126
98
-48
8
-25
120
-65
146
35
-125
205
-137
180
19
-86
143
-153
110
80
11
-5
-69
-8
15
106
-19
87
-105
25
5
3
134
-66
42
-90
-59
-45
37
-67
-42
-48
-146
152
-110
137
-40
-118
85
-162
145
-36
-58
47
-194
48
33
-39
113
-117
-6
21
-130
233
-118
-13
185
-221
325
-107
19
229
-297
266
-77
-99
247
-241
155
36
-92
230
-68
93
107
-73
170
55
25
158
-41
49
79
-46
24
61
-85
142
-54
-6
145
-75
140
-15
-22
56
-40
-54
77
-33
-15
68
-190
47
-76
-161
118
-241
6
-36
-205
180
-240
94
-30
-176
186
-260
158
-103
-134
47
-239
90
-173
-45
-10
-143
115
-138
56
-24
-116
126
-129
149
-60
3
110
-123
139
-100
81
63
-87
179
-90
105
33
-29
169
-64
95
26
-6
135
-12
93
86
17
128
11
56
96
-40
123
-8
38
69
-23
77
10
-67
53
-95
9
37
-107
104
-155
-33
-5
-159
88
-156
-34
-22
-160
14
-163
-18
-57
-71
-38
-73
5
-45
18
-33
-12
43
-119
84
-25
-62
89
-157
92
-35
-31
106
-121
81
13
-13
113
-11
24
71
-27
128
58
-28
140
-53
81
84
-11
110
10
-33
122
-27
53
106
-110
134
-23
13
165
-123
113
-31
-94
155
-128
108
-12
-110
114
-127
49
18
-104
44
-105
-24
11
-52
-1
-25
-95
-42
-72
-92
-6
-90
-33
-17
-91
30
-101
-41
-25
-72
30
-68
6
10
-29
28
0
8
-8
-53
45
-39
94
-6
23
91
-41
147
-69
69
32
-4
128
-2
114
29
71
108
45
119
-2
37
42
7
137
27
93
58
-47
74
-55
42
44
-55
50
-34
-28
51
-98
-19
-8
-139
39
-123
-72
22
-207
47
-92
-132
45
-214
-19
-30
-189
63
-144
-58
40
-167
61
-97
-105
67
-111
4
-6
-169
44
-98
-45
98
-93
62
-3
-62
119
-17
32
129
-54
111
28
-26
164
-27
124
66
-26
156
-20
87
78
11
109
55
41
95
34
20
95
-9
53
16
-69
94
-72
23
94
-65
124
-14
-24
66
-110
10
-17
-87
67
-54
-9
54
-116
11
-48
-111
27
-131
-12
-9
-83
52
-73
-37
14
-92
2
-23
-77
29
-84
-8
20
-88
61
-44
-7
37
-104
20
-45
-45
41
-42
50
16
-15
40
-6
24
35
38
42
34
24
23
65
15
66
20
4
93
-18
71
11
8
80
-17
83
19
9
30
-12
42
43
-4
39
-12
-3
39
-41
39
-9
15
40
-1
1
-11
-38
-2
19
-19
38
-12
-15
3
-50
-1
3
-41
5
-20
-34
28
-55
10
20
-51
54
-41
10
25
-14
63
10
54
36
31
27
40
48
-8
45
-23
1
55
4
85
36
24
75
8
85
70
13
62
2
8
90
11
58
17
-48
44
-77
-15
-9
-96
15
-38
-20
27
-63
-1
-6
-39
6
-33
-47
-15
-62
-44
-5
-82
-16
-60
-74
-13
-98
-1
-28
-31
18
-65
-10
-35
-55
19
-63
-6
-17
-52
6
-77
-16
-46
-60
-13
-29
-6
3
-5
10
-12
-5
11
-6
22
8
31
32
41
43
10
13
-29
13
39
39
70
28
61
27
22
15
3
25
-24
10
-17
6
-3
-4
2
-29
-24
-37
-28
-35
-22
-42
-10
-40
-36
-17
-41
10
-27
15
-4
-13
18
2
38
-1
-3
-18
-41
-3
-41
-1
-6
-12
32
-27
33
18
7
46
-20
21
10
-22
22
-14
0
44
-3
41
15
-7
35
-18
52
37
32
65
33
36
32
10
12
15
-1
36
0
-7
7
-49
-9
-27
-64
0
-72
-31
-33
-61
2
-55
-29
-17
-43
-2
-19
-23
9
-63
-9
-33
-32
1
-44
-22
-40
-36
-13
-6
-26
-4
-19
-9
14
-7
5
7
-6
10
9
-7
10
-30
-14
-4
-26
16
-7
-16
25
-16
27
36
0
57
-2
13
37
-20
38
-3
-1
36
-13
27
0
-25
24
-12
10
39
-12
16
-2
10
46
-13
4
-8
-31
1
-6
-6
12
6
4
16
-21
-7
-24
-20
3
-11
19
12
15
24
10
9
-2
-7
-9
5
6
27
24
16
28
-26
-13
-39
-28
-14
-25
14
0
18
13
0
19
0
6
21
10
44
21
18
6
-19
-6
-14
7
10
18
15
30
12
9
2
1
12
-1
4
-9
-28
-13
-21
1
2
4
25
-4
15
-7
-8
-3
-13
17
26
19
24
-3
4
9
-10
10
-13
14
11
6
22
8
7
-4
0
-10
23
0
12
15
-12
24
-18
3
20
-4
37
15
27
50
35
40
27
2
-10
-21
-24
4
-11
-1
17
0
12
2
-3
6
-1
-17
-1
-24
-7
10
-12
4
-27
