6
10
12
16
18
17
11
8
8
2
2
4
9
12
12
12
13
15
14
13
5
-4
-12
-16
-14
-10
-6
-1
4
6
7
3
-3
-3
-5
-9
-11
-13
-14
-12
-5
3
11
15
17
16
11
4
-3
-7
-9
-6
0
2
2
4
9
7
4
-3
-14
-21
-26
-26
-23
-17
-12
-9
-10
-8
-7
-8
-12
-13
-9
-9
-17
-18
-15
-12
-8
-4
-2
-5
-11
-13
-13
-14
-10
-4
-1
-4
-6
-2
-1
2
7
4
-2
-12
-14
-15
-13
-4
3
11
7
0
-2
-5
-12
-16
-20
-25
-29
-27
-21
-12
-3
14
22
19
5
-14
-26
-39
-40
-36
-24
-16
-6
7
19
27
27
25
11
-5
-23
-37
-45
-43
-28
-15
-7
1
12
18
20
12
4
-13
-33
-46
-57
-58
-48
-28
-9
5
15
19
16
6
-5
-17
-29
-42
-47
-53
-49
-33
-12
8
21
26
19
3
-14
-25
-33
-39
-43
-44
-39
-31
-12
5
14
18
14
8
-3
-18
-29
-33
-34
-29
-24
-17
-14
-10
2
13
14
12
10
8
5
1
3
7
14
17
15
12
6
13
23
28
27
26
21
20
15
11
11
5
5
3
-5
-14
-21
-13
-4
3
5
-3
-16
-26
-34
-37
-37
-45
-54
-62
-68
-65
-52
-33
-17
-9
-15
-32
-48
-59
-64
-58
-49
-40
-34
-33
-30
-25
-16
-11
-8
-20
-43
-67
-79
-76
-65
-51
-35
-25
-19
-19
-24
-23
-18
-16
-25
-44
-61
-66
-62
-49
-23
-3
9
13
11
3
1
10
14
17
14
8
6
7
23
46
70
85
87
78
65
56
52
61
73
85
91
93
97
101
113
126
133
130
118
106
98
102
117
138
155
167
168
160
157
150
147
145
142
134
120
111
112
122
136
147
138
120
93
71
53
37
31
29
16
3
-7
-8
-9
-5
-6
-10
-24
-49
-74
-93
-100
-102
-95
-94
-99
-105
-114
-120
-114
-104
-97
-108
-126
-147
-155
-153
-144
-125
-113
-110
-116
-128
-136
-134
-116
-96
-83
-83
-86
-86
-79
-58
-34
-12
3
15
14
16
26
41
69
95
113
122
124
131
151
182
210
230
239
243
245
255
273
293
314
330
333
325
314
309
320
337
352
356
346
330
316
310
307
305
300
285
259
231
207
192
187
182
169
152
119
85
54
24
3
-19
-49
-82
-122
-154
-178
-195
-209
-223
-241
-278
-323
-364
-395
-408
-416
-427
-443
-465
-479
-488
-492
-490
-488
-496
-508
-525
-540
-540
-527
-501
-471
-452
-446
-443
-429
-408
-376
-344
-318
-303
-295
-282
-263
-232
-187
-137
-92
-61
-37
-18
7
35
74
114
147
172
188
208
235
277
325
371
394
404
406
404
407
420
451
477
497
512
526
538
555
577
596
607
599
584
562
547
545
557
573
583
583
573
550
515
485
464
433
384
326
260
193
137
92
47
-7
-73
-150
-234
-325
-415
-501
-585
-657
-730
-802
-875
-936
-982
-1016
-1056
-1091
-1123
-1157
-1176
-1186
-1179
-1164
-1142
-1113
-1079
-1042
-1001
-949
-890
-830
-771
-712
-661
-610
-548
-484
-419
-366
-309
-254
-211
-162
-114
-69
-26
16
56
90
115
137
159
190
219
246
264
273
284
302
334
371
401
429
456
480
503
534
567
604
638
667
693
715
736
761
795
834
865
890
909
918
933
955
977
998
1013
1014
1004
988
970
955
946
925
893
845
786
721
647
563
475
385
285
177
60
-66
-190
-306
-419
-531
-636
-742
-851
-955
-1052
-1138
-1208
-1274
-1333
-1377
-1412
-1423
-1423
-1407
-1374
-1327
-1276
-1215
-1141
-1058
-964
-863
-756
-656
-556
-453
-347
-237
-133
-40
43
120
194
266
323
366
400
427
448
455
462
460
449
432
407
377
342
300
259
218
178
147
119
92
66
47
34
29
20
22
30
34
34
37
44
57
79
102
124
137
148
159
173
184
204
237
273
305
335
366
395
435
480
525
570
612
657
698
738
780
821
862
904
951
998
1037
1077
1110
1134
1149
1150
1137
1106
1066
1014
948
873
785
688
580
458
321
177
25
-120
-262
-398
-524
-652
-776
-889
-992
-1077
-1156
-1228
-1293
-1337
-1364
-1371
-1359
-1337
-1293
-1231
-1154
-1066
-962
-847
-731
-611
-495
-380
-269
-159
-47
58
146
216
270
317
357
392
412
408
395
380
353
315
268
217
166
119
65
2
-67
-138
-194
-240
-274
-307
-338
-363
-390
-406
-418
-417
-401
-380
-345
-307
-265
-214
-163
-111
-52
6
59
103
141
183
225
264
303
345
390
433
473
511
538
567
608
648
691
731
767
804
835
875
919
962
1004
1041
1074
1100
1121
1134
1142
1141
1133
1117
1098
1068
1023
964
881
778
668
550
429
299
157
3
-158
-313
-467
-611
-751
-897
-1024
-1153
-1280
-1389
-1484
-1563
-1632
-1689
-1727
-1743
-1740
-1723
-1697
-1660
-1606
-1541
-1460
-1366
-1267
-1162
-1055
-952
-835
-716
-604
-484
-377
-277
-188
-113
-37
34
102
164
212
241
265
281
293
307
307
305
293
262
228
197
172
155
133
109
80
49
24
0
-24
-40
-49
-55
-61
-73
-82
-83
-70
-56
-41
-33
-27
-20
-13
2
18
40
64
91
120
151
186
227
273
322
373
417
459
499
539
589
655
717
773
816
859
899
934
976
1014
1054
1092
1122
1147
1154
1153
1143
1131
1103
1053
982
882
771
655
532
407
279
146
6
-150
-306
-466
-613
-749
-885
-1014
-1144
-1267
-1374
-1460
-1528
-1586
-1644
-1697
-1726
-1744
-1732
-1706
-1674
-1620
-1556
-1467
-1364
-1261
-1147
-1027
-904
-782
-667
-550
-440
-340
-241
-143
-50
32
103
159
206
242
269
291
293
284
276
256
235
196
154
125
88
51
8
-44
-83
-123
-160
-192
-217
-223
-221
-226
-223
-202
-165
-120
-74
-26
33
93
159
235
306
387
463
538
617
687
762
827
888
960
1022
1076
1128
1173
1220
1270
1301
1317
1324
1326
1339
1346
1357
1360
1346
1340
1336
1326
1322
1311
1301
1304
1286
1264
1233
1174
1119
1056
987
903
783
658
516
356
198
32
-127
-285
-450
-617
-796
-983
-1153
-1314
-1461
-1598
-1735
-1853
-1963
-2051
-2114
-2180
-2224
-2248
-2258
-2239
-2209
-2164
-2095
-1999
-1867
-1724
-1572
-1422
-1278
-1109
-925
-748
-567
-401
-262
-117
20
155
279
379
479
558
620
666
677
690
697
698
699
669
626
578
537
505
477
441
411
382
355
348
339
349
360
364
394
414
441
487
519
566
619
654
693
722
761
815
859
902
942
966
992
1003
1007
1023
1021
1025
1026
993
965
923
866
838
794
755
733
694
673
654
623
600
575
577
604
628
662
669
677
710
742
772
771
743
716
686
631
563
463
342
226
102
-13
-140
-289
-430
-571
-696
-813
-952
-1090
-1231
-1365
-1480
-1587
-1684
-1773
-1846
-1904
-1956
-1994
-2031
-2040
-2006
-1967
-1910
-1844
-1764
-1650
-1522
-1392
-1265
-1144
-1024
-884
-748
-619
-495
-391
-290
-192
-96
-8
63
148
218
272
315
325
356
386
402
430
438
422
398
362
337
325
303
297
292
291
292
286
282
285
300
328
356
392
430
476
523
552
561
567
590
616
652
665
641
627
619
614
624
618
608
598
590
586
579
554
519
491
457
431
415
399
389
375
365
364
370
388
411
448
481
512
555
610
656
707
747
749
768
780
774
756
697
632
550
446
336
203
61
-89
-241
-384
-543
-710
-884
-1054
-1207
-1342
-1489
-1657
-1832
-1999
-2144
-2261
-2355
-2442
-2511
-2549
-2552
-2520
-2474
-2408
-2316
-2188
-2026
-1852
-1666
-1489
-1305
-1113
-920
-732
-561
-378
-212
-54
93
198
299
389
480
562
616
653
692
720
747
773
773
773
776
762
746
707
664
629
613
606
590
577
563
562
567
568
590
620
658
714
769
824
867
893
935
958
978
1014
1018
1015
1031
1039
1066
1080
1052
1035
990
945
938
910
874
834
751
672
592
501
436
377
318
251
177
126
80
43
36
22
16
40
56
84
127
145
172
204
224
256
278
265
241
216
185
158
118
54
-20
-119
-224
-333
-452
-558
-667
-779
-914
-1052
-1169
-1282
-1400
-1525
-1645
-1757
-1850
-1916
-1964
-2012
-2034
-2026
-1993
-1936
-1850
-1759
-1632
-1478
-1333
-1178
-1022
-883
-717
-549
-394
-225
-63
91
258
396
522
637
707
785
843
886
932
968
1007
1046
1064
1081
1096
1100
1113
1102
1068
1035
998
977
969
948
919
887
851
829
816
819
824
801
785
771
747
748
743
722
711
691
681
690
689
683
673
652
653
653
644
628
582
538
500
458
423
395
356
322
278
221
204
193
190
170
143
135
135
137
122
97
66
45
23
3
-33
-63
-88
-123
-153
-200
-251
-290
-324
-331
-328
-345
-362
-381
-412
-435
-468
-519
-570
-624
-680
-735
-829
-928
-1016
-1115
-1178
-1223
-1278
-1308
-1334
-1368
-1380
-1377
-1350
-1305
-1266
-1214
-1160
-1095
-1020
-948
-875
-797
-719
-643
-553
-440
-318
-208
-125
-42
56
160
286
394
476
559
647
749
835
907
952
984
1022
1057
1096
1110
1129
1123
1120
1116
1097
1053
980
924
883
857
825
797
770
749
719
682
669
665
677
679
642
600
553
520
503
481
458
424
374
322
269
204
124
46
-27
-83
-137
-190
-237
-294
-325
-341
-365
-364
-381
-407
-427
-452
-487
-514
-539
-581
-614
-647
-656
-655
-676
-685
-677
-673
-668
-657
-651
-636
-617
-590
-552
-540
-525
-494
-478
-466
-461
-446
-431
-430
-445
-485
-501
-510
-499
-469
-470
-466
-467
-467
-444
-406
-384
-360
-347
-340
-324
-335
-348
-351
-351
-361
-373
-389
-398
-393
-392
-381
-348
-307
-245
-197
-167
-112
-32
66
135
188
229
242
257
278
307
344
377
386
393
392
397
423
469
512
554
613
651
670
673
679
703
722
734
761
768
762
752
727
721
711
672
614
558
541
553
550
497
454
428
396
373
322
269
228
213
184
139
71
-8
-66
-122
-166
-205
-249
-308
-388
-472
-547
-608
-667
-708
-728
-780
-806
-815
-820
-815
-832
-857
-857
-843
-809
-780
-755
-732
-702
-668
-626
-575
-522
-446
-402
-362
-325
-265
-170
-105
-89
-66
-15
63
136
168
211
253
287
317
330
346
358
369
319
270
241
204
179
146
94
66
41
14
-5
-52
-65
-87
-105
-112
-82
-48
-23
7
26
101
162
193
214
257
325
414
447
466
515
582
664
703
730
776
846
893
923
895
865
859
850
851
843
831
802
769
717
664
605
555
530
497
476
429
384
344
298
274
221
176
114
37
17
8
-1
-8
-8
-21
-82
-120
-159
-145
-186
-271
-318
-344
-338
-384
-449
-515
-562
-598
-659
-735
-803
-852
-907
-949
-969
-1001
-997
-1014
-1030
-1023
-1037
-994
-957
-911
-877
-786
-748
-682
-609
-562
-498
-436
-396
-328
-219
-123
-1
68
149
240
317
376
432
514
600
654
633
645
648
666
681
668
637
624
621
604
602
539
499
464
433
424
431
428
418
395
354
345
324
324
329
328
340
387
425
447
469
470
480
462
471
513
561
583
602
599
596
570
554
544
516
473
411
356
302
277
191
113
13
-12
-35
-70
-145
-235
-290
-357
-353
-402
-412
-478
-506
-551
-575
-572
-601
-561
-598
-593
-598
-560
-544
-557
-553
-566
-567
-553
-522
-509
-506
-552
-555
-576
-523
-533
-520
-568
-588
-597
-647
-649
-717
-703
-778
-731
-776
-785
-776
-805
-767
-822
-798
-822
-751
-758
-707
-674
-626
-502
-442
-381
-328
-245
-192
-39
25
132
169
258
331
452
547
617
715
710
786
821
890
924
975
985
966
984
986
1070
1066
1062
1024
1017
989
974
926
856
807
757
744
690
657
603
579
530
508
474
437
424
398
359
317
309
310
307
253
209
171
122
85
60
11
-18
-81
-138
-179
-202
-222
-281
-316
-368
-403
-483
-510
-567
-631
-636
-733
-748
-804
-848
-880
-877
-923
-962
-921
-967
-918
-949
-934
-906
-900
-894
-874
-833
-788
-683
-708
-667
-670
-612
-582
-525
-509
-471
-395
-420
-329
-328
-238
-241
-209
-239
-216
-145
-134
-49
-115
-78
-96
-31
-20
14
-31
-81
-41
-35
6
-62
-52
-53
4
27
37
22
6
59
96
147
147
168
234
300
353
389
414
441
515
560
644
667
695
699
783
797
876
887
884
940
919
997
995
1016
978
1032
1007
1023
1044
990
1009
950
918
846
815
756
734
658
586
565
508
454
393
320
246
208
121
111
70
20
-38
-90
-147
-186
-229
-306
-335
-391
-445
-458
-489
-531
-571
-595
-593
-597
-635
-638
-671
-681
-676
-681
-684
-699
-647
-638
-579
-601
-606
-603
-576
-508
-505
-488
-523
-513
-465
-426
-370
-410
-357
-362
-364
-322
-311
-268
-343
-309
-303
-270
-244
-238
-239
-268
-180
-201
-134
-190
-174
-106
-131
-81
-71
-23
-95
26
-8
18
44
54
144
120
164
189
260
204
288
290
322
351
403
426
430
479
420
488
491
541
558
572
561
578
629
630
666
610
614
604
638
628
679
699
662
689
646
713
730
718
679
616
565
537
614
576
553
555
473
472
484
510
478
443
342
299
285
213
246
175
68
18
-15
-15
-33
-72
-146
-200
-215
-289
-266
-316
-391
-447
-520
-533
-528
-508
-545
-545
-622
-666
-618
-602
-556
-581
-596
-646
-590
-568
-570
-577
-604
-522
-538
-483
-494
-497
-604
-600
-521
-543
-536
-541
-503
-550
-481
-503
-468
-467
-530
-434
-455
-383
-406
-405
-373
-310
-275
-335
-256
-242
-212
-192
-150
-164
-131
-118
-13
93
88
29
55
87
132
194
124
144
143
209
187
278
231
177
162
156
220
125
119
80
129
138
165
179
151
91
67
116
130
175
142
134
114
134
117
165
191
164
169
250
222
221
249
201
225
223
303
355
387
364
415
401
410
511
510
523
516
494
503
532
505
505
495
467
503
502
473
425
389
333
270
245
213
142
70
25
21
-24
-79
-105
-151
-207
-238
-289
-355
-406
-410
-445
-430
-414
-490
-450
-471
-452
-438
-433
-448
-439
-440
-441
-378
-351
-358
-324
-373
-413
-342
-369
-355
-379
-396
-457
-472
-453
-385
-348
-418
-434
-390
-370
-322
-304
-418
-468
-478
-441
-283
-209
-254
-251
-266
-217
-107
-60
-114
-78
-140
-110
-9
18
88
125
70
90
182
124
200
192
169
76
46
5
99
159
5
120
51
119
103
56
64
-18
-30
-59
10
-20
13
52
21
69
133
134
151
210
265
296
322
377
415
441
487
519
519
537
642
688
717
762
771
759
781
831
868
879
875
876
824
797
793
799
769
657
605
567
482
489
472
398
350
290
226
167
135
88
50
-63
-171
-196
-275
-343
-367
-393
-440
-468
-478
-500
-511
-537
-561
-566
-580
-540
-494
-516
-528
-539
-528
-545
-544
-561
-548
-512
-524
-476
-489
-475
-457
-452
-420
-388
-376
-452
-492
-494
-480
-421
-416
-436
-400
-350
-342
-303
-240
-227
-220
-180
-194
-165
-161
-134
-108
-132
-93
-121
-24
17
40
63
15
61
100
183
156
157
107
124
194
227
276
229
263
232
224
257
289
306
343
316
338
401
383
429
485
530
524
591
616
638
687
708
719
733
741
738
806
807
806
826
764
825
883
883
906
904
851
748
733
672
604
560
448
345
240
146
89
-62
-193
-281
-395
-469
-535
-572
-595
-628
-682
-717
-755
-809
-852
-886
-923
-940
-950
-961
-958
-957
-905
-888
-841
-713
-603
-503
-447
-390
-310
-331
-331
-328
-357
-359
-317
-273
-256
-221
-189
-164
-119
-68
-55
-61
-90
-77
-70
-72
-47
-8
-18
-20
5
-33
0
12
-33
-11
-7
-63
-107
-111
-73
3
19
-1
46
20
37
99
92
69
10
-36
-86
-63
-38
-35
-11
-11
12
116
188
253
302
257
252
261
308
373
411
351
353
349
343
431
468
475
514
569
629
706
693
738
677
652
664
631
609
519
462
370
335
264
141
-38
-267
-459
-662
-846
-1030
-1212
-1362
-1445
-1541
-1516
-1432
-1400
-1343
-1294
-1270
-1177
-1089
-1064
-956
-949
-889
-768
-674
-572
-439
-305
-189
39
191
312
459
482
488
496
395
347
282
186
172
113
55
59
13
-43
-5
-3
-37
-35
-49
-73
-18
53
99
143
172
181
204
267
311
354
350
310
294
303
289
284
261
228
250
254
280
290
273
283
317
340
357
342
264
194
104
27
2
-36
-58
10
57
83
166
279
407
538
653
700
778
801
814
821
780
766
698
701
779
867
945
989
1112
1203
1298
1484
1529
1506
1427
1327
1227
1157
921
590
175
-343
-648
-997
-1235
-1461
-1847
-2118
-2224
-2323
-2216
-2076
-2129
-2130
-2173
-2158
-2080
-2035
-2057
-2027
-2048
-1904
-1655
-1418
-1025
-674
-360
6
432
813
1173
1359
1370
1288
1133
929
852
491
95
-206
-635
-619
-516
-470
-395
-346
-316
-105
123
316
421
266
126
59
-69
-63
-11
-149
-62
77
295
602
851
1078
1201
1247
1283
1329
1234
1132
936
661
451
363
363
422
499
534
586
654
744
834
876
821
741
669
702
705
757
847
934
1018
1190
1373
1453
1506
1436
1355
1228
1166
1123
1050
952
983
1023
1119
1337
1431
1559
1586
1590
1575
1511
1374
1162
891
654
214
-302
-844
-1460
-1821
-2202
-2480
-2822
-3263
-3490
-3509
-3500
-3311
-3304
-3386
-3346
-3356
-3176
-3022
-3049
-3060
-2980
-2871
-2444
-2019
-1584
-1094
-705
-254
265
764
1175
1505
1542
1467
1327
1138
945
745
428
40
-301
-574
-830
-870
-834
-853
-655
-544
-339
-123
28
293
433
480
647
610
469
536
488
428
452
489
551
727
929
1138
1241
1276
1335
1335
1394
1326
1203
1030
780
569
488
415
373
388
300
342
439
610
813
934
939
1036
1179
1327
1569
1671
1697
1732
1713
1666
1651
1425
1200
983
780
643
632
509
482
579
522
731
938
1129
1417
1445
1378
1341
1102
912
755
376
-359
-1002
-1831
-2441
-2724
-3188
-3438
-3856
-4142
-3988
-3743
-3512
-3202
-3315
-3474
-3453
-3476
-3469
-3537
-3756
-3881
-3755
-3533
-2994
-2378
-1721
-1104
-478
140
795
1335
1686
1838
1664
1415
1153
924
730
503
119
-130
-284
-372
-253
-324
-527
-581
-609
-387
-49
67
237
333
482
856
1073
1089
1019
758
620
619
461
422
357
282
444
709
940
1201
1412
1524
1685
1732
1682
1599
1355
1111
929
706
554
467
435
528
695
868
1114
1356
1526
1726
1872
1923
2025
2033
2034
2059
1900
1868
1703
1586
1464
1230
1010
742
524
440
412
406
478
510
786
1025
1389
1750
1871
1855
1866
1553
1257
895
-166
-918
-2086
-2918
-3280
-3815
-4053
-4299
-4556
-4328
-3771
-3388
-2790
-2862
-3112
-3235
-3565
-3779
-3987
-4494
-4744
-4753
-4560
-3739
-2969
-2083
-1266
-564
140
897
1409
1650
1596
1279
906
555
424
205
142
39
-47
219
225
313
370
12
-40
-128
-234
14
112
330
774
1034
1463
1811
1749
1849
1703
1274
1020
519
57
-118
-234
-66
265
593
1136
1615
2028
2445
2624
2587
2445
2106
1785
1510
1229
1064
939
969
1161
1491
1865
2161
2342
2480
2510
2610
2583
2566
2457
2181
2174
2062
2047
2123
1946
1753
1505
1123
857
603
312
159
162
85
344
795
1044
1662
2090
2182
2484
2369
1970
1699
677
-588
-1627
-3228
-4005
-4494
-5147
-5056
-5085
-5000
-4147
-3550
-3050
-2483
-2843
-3176
-3480
-4085
-4439
-4888
-5484
-5598
-5404
-4892
-3782
-2747
-1716
-741
-27
483
917
1092
951
708
256
-135
-386
-405
-216
-5
145
295
316
287
209
-112
-511
-831
-1027
-1009
-609
-100
550
1229
1869
2406
2589
2599
2336
1728
1130
471
-206
-505
-554
-292
241
877
1498
2099
2625
3037
3277
3111
2726
2259
1734
1441
1282
1164
1212
1320
1622
2035
2476
2735
2775
2671
2483
2354
2231
2220
2093
2039
2123
2221
2407
2570
2408
2073
1644
1052
672
155
-252
-393
-592
-562
-39
423
1017
1841
2228
2612
2601
2479
2083
1599
750
-639
-2041
-3712
-4644
-5110
-5318
-5222
-5167
-5250
-4624
-3863
-3217
-2570
-2850
-3543
-4120
-4688
-4927
-4910
-5381
-5421
-5319
-4855
-3603
-2455
-1400
-606
-350
-197
-27
-8
-44
-400
-844
-1247
-1397
-997
-420
113
499
512
278
13
-317
-764
-1331
-1988
-2391
-2391
-1876
-796
281
1272
2157
2707
3022
3132
2822
2099
1166
133
-605
-961
-831
-322
365
1151
1890
2473
3023
3338
3335
3013
2354
1803
1314
1191
1371
1611
1912
2227
2627
3083
3425
3562
3341
2817
2273
1843
1771
1877
2098
2399
2633
2941
3264
3453
3437
2844
1948
1001
13
-678
-1010
-1141
-1230
-785
-294
648
1600
2401
3054
3086
2992
2671
1992
1356
395
-1426
-2536
-4017
-4824
-4821
-4990
-4709
-4669
-4671
-4083
-3474
-3329
-2877
-3539
-4292
-4699
-5138
-5169
-5101
-5195
-5081
-4639
-4047
-2869
-2048
-1336
-1027
-877
-886
-868
-778
-972
-989
-1079
-1103
-776
-320
99
649
631
555
-22
-737
-934
-1412
-1487
-1336
-1293
-998
-242
729
1777
2453
2878
2863
2352
2197
1931
1353
917
451
56
267
708
1399
1920
1972
2111
1847
1698
1736
1486
1326
1188
1120
1465
1973
2726
3328
3480
3496
3290
3029
2919
2769
2332
2012
1885
2047
2734
3402
3977
4307
3997
4025
3747
3192
2748
1714
751
-18
-529
-494
-262
-170
380
523
884
1443
1666
1990
1926
1610
1441
1244
909
1121
-125
-1040
-2218
-3788
-4192
-4681
-4953
-5040
-5294
-5367
-4649
-4309
-3531
-3380
-3763
-4139
-4528
-4729
-4707
-4705
-4935
-4713
-4460
-3676
-2776
-1770
-1233
-925
-759
-890
-791
-789
-849
-903
-1141
-1213
-928
-655
15
310
276
-174
-834
-1211
-1543
-1545
-1380
-1209
-917
-36
845
1838
2677
2947
2956
2620
2233
2073
1587
1200
1102
652
907
1429
1848
2423
2548
2244
1902
1439
1244
1331
1204
1302
1490
1731
2456
3204
3780
4059
3889
3590
3208
2955
2771
2650
2613
2659
2937
3455
3952
4405
4693
4468
3866
3413
2727
2050
1681
950
490
7
-124
389
626
931
1178
720
589
727
720
1033
920
733
580
600
708
30
-1095
-2590
-4194
-5208
-5562
-5812
-6051
-6323
-6087
-5432
-4732
-3721
-3603
-3976
-4459
-5144
-5407
-5515
-5656
-5526
-5412
-4984
-3963
-3010
-1791
-1100
-940
-950
-1226
-1327
-1341
-1510
-1613
-1773
-1769
-1244
-689
-75
318
209
-402
-1006
-1558
-1891
-1872
-1570
-1159
-830
-9
955
1874
2670
3004
2836
2376
1940
1824
1647
1481
1568
1417
1604
2095
2487
2728
2686
2171
1557
1084
826
982
1140
1352
1703
2049
2681
3397
3822
4007
3853
3519
3122
2943
2899
2909
2940
3169
3443
3773
4241
4518
4435
4029
3447
2836
2454
2064
1781
1400
954
777
659
686
984
915
837
679
429
433
551
768
970
849
858
643
-469
-1230
-2570
-3943
-4712
-5445
-5841
-6000
-6148
-5932
-5366
-5005
-4451
-4469
-4851
-5003
-5267
-5517
-5400
-5528
-5560
-4977
-4450
-3703
-3017
-2673
-2408
-2295
-2288
-2064
-2109
-2175
-1972
-1936
-1612
-970
-707
-406
-187
-506
-939
-1344
-1618
-1864
-1772
-1431
-1133
-761
21
649
967
1337
1514
1296
1253
1416
1404
1533
1613
1943
2225
2574
3109
3226
3007
2799
2234
1615
1398
1118
1024
1113
1188
1590
2137
2485
3054
3257
3206
3288
3193
3216
3277
3298
3470
3546
3891
4226
4358
4594
4536
4565
4309
4013
3761
3277
2948
2883
2764
2600
2421
2289
2087
1631
1754
1421
1095
920
604
759
958
1039
1338
1237
888
1218
-158
-1151
-2123
-3929
-4321
-4780
-5409
-5345
-5559
-5708
-5076
-5142
-4908
-5002
-5789
-5995
-6158
-6205
-5748
-5399
-5027
-4220
-3829
-3311
-2778
-2675
-2866
-3170
-3452
-3475
-3062
-2574
-2018
-1552
-1275
-1009
-818
-1054
-1297
-1679
-2207
-2225
-1956
-1565
-928
-420
33
431
736
1090
1151
918
673
360
253
623
1131
1792
2418
2897
3246
3602
3846
3850
3590
3050
2457
1986
1698
1586
1556
1456
1494
1674
2039
2454
2651
2972
3098
3187
3588
3743
3756
3839
3807
3750
3959
4327
4774
5071
5053
4811
4442
3987
3604
3447
3136
2717
2720
2709
2596
2655
2613
2198
1822
1714
1300
729
412
107
-342
-143
-122
277
172
-1053
-1635
-2852
-3645
-3418
-3722
-3963
-3924
-4757
-4900
-4863
-5336
-5157
-5786
-6481
-6395
-6284
-5794
-4937
-4739
-4314
-3756
-3537
-3038
-2797
-3021
-3322
-3591
-3524
-2870
-2340
-1938
-1629
-1678
-1775
-1686
-1660
-1628
-1695
-2047
-2039
-1873
-1749
-1207
-884
-744
-340
-85
215
473
416
386
199
93
318
211
433
907
1025
1570
2113
2409
3057
3380
3505
3618
3314
3044
2811
2500
2339
2154
1902
1852
1801
1810
2007
2148
2197
2343
2564
2744
3056
3386
3613
3925
4200
4553
4940
5147
5183
4946
4570
4141
3729
3601
3478
3350
3203
3037
3014
2699
2774
2574
1822
1791
1420
724
543
49
-166
-51
-223
274
-99
-1405
-1969
-3233
-4083
-3777
-3949
-3885
-3634
-4192
-4412
-4624
-5243
-5343
-5967
-6577
-6497
-6447
-6025
-5405
-5172
-4842
-4460
-4291
-3899
-3419
-3408
-3599
-3577
-3381
-2851
-2154
-1813
-1738
-1998
-2390
-2503
-2461
-2301
-2229
-2270
-2063
-2001
-1800
-1187
-929
-675
-303
-381
-249
-109
-63
286
283
468
862
628
646
699
343
631
915
1126
1915
2397
2782
3296
3225
3116
3090
2984
3008
2889
2707
2610
2425
2399
2512
2561
2694
2778
2808
2800
2847
3064
3334
3653
4239
4682
5035
5508
5633
5544
5276
4741
4116
3808
3522
3409
3644
3620
3678
3761
3354
2929
2390
1752
1135
714
445
292
452
337
231
258
-350
-1318
-2163
-3340
-3771
-3748
-3728
-3378
-3226
-3479
-3755
-4204
-4985
-5471
-6132
-6491
-6385
-6096
-5661
-5182
-4878
-4498
-4232
-4313
-4228
-4100
-4225
-4159
-3947
-3693
-2885
-2293
-1855
-1454
-1632
-2096
-2446
-2700
-2773
-2622
-2359
-2183
-1902
-1561
-1507
-1350
-1238
-1302
-1042
-722
-612
-82
284
544
924
946
899
833
522
499
732
830
1554
2308
2645
3199
3393
3062
2978
2750
2596
2767
2802
2971
3230
3312
3436
3452
3196
3038
2881
2697
2596
2655
2751
3018
3574
4033
4554
5150
5288
5263
5397
5060
4619
4553
4418
4401
4606
4466
4352
4158
3668
3260
2796
2256
1862
1382
1121
1146
894
925
955
337
187
79
-1215
-2056
-2875
-3689
-3529
-3226
-3102
-2911
-3152
-3599
-3886
-4700
-5322
-5889
-6571
-6438
-5863
-5642
-5075
-4720
-4743
-4521
-4467
-4433
-4093
-3903
-3901
-3562
-3149
-2545
-2010
-1771
-1753
-1961
-2304
-2462
-2565
-2708
-2481
-2200
-1836
-1403
-1074
-1207
-1363
-1397
-1613
-1476
-1177
-1069
-738
-314
94
460
548
624
423
167
326
720
1105
1687
2216
2356
2575
2779
2439
2169
1946
1654
2068
2678
3084
3595
3729
3591
3631
3442
3347
3213
2992
2937
2966
3207
3688
4023
4315
4651
4589
4672
4675
4654
4563
4483
4547
4624
4966
5313
5199
4847
4726
4041
3665
3459
3008
2436
2010
1354
838
770
289
-60
-430
-452
-1064
-1931
-2669
-3311
-3629
-3372
-2913
-2902
-2988
-3206
-3723
-4695
-5141
-5735
-6472
-6774
-6479
-6010
-5621
-5265
-5075
-5107
-5215
-5080
-5091
-4817
-4575
-4419
-4022
-3306
-2599
-2077
-1851
-1955
-2360
-2729
-2944
-3202
-3080
-2886
-2615
-2073
-1703
-1605
-1604
-1828
-1967
-1813
-1514
-1162
-759
-567
-289
-30
101
232
115
-2
23
321
968
1731
2409
3013
3219
3153
2875
2439
1917
1642
1662
2085
2625
3088
3695
3788
3737
3655
3303
2967
2942
2960
2959
3127
3427
3699
3983
4281
4480
4393
4189
4121
4021
4087
4232
4479
4594
4665
4739
4494
4400
4287
3826
3560
3303
3034
3045
2778
2271
1640
930
287
-403
-815
-1098
-1813
-2501
-3167
-3416
-3089
-2716
-2369
-2359
-2482
-2898
-3545
-4144
-4698
-5361
-5885
-6136
-5991
-5586
-5358
-5245
-5240
-5371
-5416
-5354
-5224
-4774
-4566
-4429
-3965
-3415
-2642
-2101
-1990
-1998
-2237
-2371
-2522
-2570
-2379
-2297
-2144
-2017
-1897
-1915
-1985
-2179
-2209
-1892
-1515
-984
-593
-292
-207
-326
-463
-765
-826
-720
-633
-99
657
1468
2211
2687
2992
2887
2622
2225
1789
1597
1654
2029
2464
2975
3399
3463
3526
3510
3355
3333
3407
3566
3747
4007
4174
4265
4433
4516
4585
4640
4624
4639
4715
4814
4919
5052
5083
5140
4826
4505
4270
3829
3673
3519
3446
3550
3605
3260
2841
2341
1793
1180
418
-192
-639
-1230
-1849
-2530
-3017
-2949
-2818
-2374
-2192
-2084
-2436
-3031
-3479
-4163
-4650
-5111
-5415
-5466
-5246
-5204
-5263
-5325
-5356
-5342
-5434
-5408
-5180
-5048
-4777
-4447
-4024
-3360
-2853
-2545
-2429
-2456
-2435
-2442
-2370
-2179
-2013
-1812
-1770
-1826
-2029
-2212
-2414
-2376
-1962
-1424
-926
-603
-442
-319
-137
-159
-237
-340
-348
-199
299
904
1550
2147
2490
2856
2967
2973
2845
2558
2526
2685
2950
3310
3521
3533
3416
3272
3156
3081
3154
3277
3360
3581
3890
4041
4130
4144
4100
3862
3640
3679
3834
3911
3820
3754
3765
3816
3684
3362
3005
2633
2270
2149
2070
2003
1983
1743
1386
982
568
212
-134
-504
-727
-900
-958
-846
-813
-537
-359
-407
-403
-505
-526
-476
-568
-694
-835
-1024
-1129
-1345
-1739
-2212
-2753
-3225
-3615
-4010
-4220
-4439
-4644
-4750
-4894
-4873
-4708
-4582
-4384
-4209
-4101
-3975
-3912
-3711
-3494
-3376
-3166
-3063
-2971
-2795
-2782
-2703
-2675
-2685
-2546
-2462
-2246
-2023
-1890
-1678
-1504
-1348
-1182
-1123
-1116
-1086
-932
-630
-202
330
767
1083
1223
1230
1292
1261
1268
1398
1465
1611
1780
1907
2175
2407
2469
2557
2604
2731
2855
2964
3186
3327
3539
3740
3814
3924
3857
3819
3808
3754
3925
3988
3980
4046
3930
3822
3764
3588
3592
3516
3411
3315
3094
2956
2755
2422
2129
1714
1272
959
559
346
227
199
364
503
662
808
813
918
955
917
988
777
623
525
202
90
-160
-603
-978
-1620
-2208
-2777
-3445
-3944
-4466
-4948
-5325
-5703
-5942
-6115
-6273
-6388
-6445
-6425
-6325
-6241
-6195
-6128
-6117
-5933
-5661
-5399
-5180
-4957
-4791
-4598
-4341
-4157
-3836
-3546
-3251
-2874
-2642
-2329
-1979
-1800
-1537
-1319
-1074
-642
-160
424
965
1459
1911
2254
2595
2857
2949
3023
3083
3165
3358
3483
3546
3582
3554
3594
3589
3514
3461
3390
3418
3479
3624
3787
3867
3875
3799
3717
3613
3612
3647
3643
3660
3590
3500
3381
3297
3185
3079
3088
3046
3100
3087
2974
2846
2634
2426
2178
1782
1489
1086
631
354
14
-140
-264
-341
-298
-337
-217
-31
31
219
312
356
418
330
171
39
-208
-369
-523
-897
-1222
-1684
-2132
-2490
-2908
-3266
-3556
-3894
-4160
-4391
-4556
-4585
-4689
-4762
-4833
-4902
-4890
-4851
-4787
-4708
-4716
-4695
-4668
-4559
-4400
-4315
-4240
-4183
-3973
-3715
-3416
-3116
-2960
-2805
-2649
-2543
-2252
-1984
-1709
-1302
-984
-523
-8
500
1018
1452
1837
2232
2573
2865
3135
3360
3539
3599
3700
3800
3788
3735
3629
3516
3473
3504
3603
3643
3661
3683
3687
3668
3564
3492
3441
3407
3440
3461
3433
3342
3224
3110
2963
2807
2640
2549
2562
2550
2542
2520
2443
2441
2290
2116
1917
1643
1481
1231
1058
897
726
656
587
556
587
611
726
920
1089
1255
1296
1326
1312
1224
1125
902
503
123
-245
-633
-895
-1239
-1688
-2145
-2619
-3016
-3331
-3694
-3941
-4228
-4513
-4742
-4948
-5014
-5049
-5102
-5195
-5240
-5314
-5294
-5307
-5327
-5426
-5564
-5515
-5407
-5262
-5089
-4923
-4822
-4606
-4383
-4130
-3878
-3691
-3424
-3136
-2767
-2230
-1749
-1270
-795
-391
70
504
998
1520
1973
2422
2794
3169
3517
3718
3916
4025
4019
4018
3987
3945
3940
3931
3957
4023
4083
4176
4187
4122
4028
3953
3931
3905
3881
3835
3702
3563
3391
3228
3159
3047
3025
2978
2917
2875
2798
2741
2623
2548
2502
2380
2228
2023
1772
1543
1334
1152
985
813
584
456
325
265
275
268
296
262
284
282
285
273
190
99
-15
-157
-255
-546
-905
-1260
-1661
-1844
-2113
-2442
-2722
-3182
-3525
-3755
-3997
-4128
-4338
-4570
-4697
-4811
-4846
-4843
-4880
-4981
-5143
-5311
-5373
-5378
-5369
-5358
-5380
-5343
-5204
-5038
-4875
-4759
-4673
-4519
-4312
-4014
-3626
-3191
-2758
-2335
-1886
-1448
-1029
-573
-179
209
618
1000
1491
1951
2401
2815
3071
3266
3378
3460
3491
3437
3373
3322
3352
3460
3515
3559
3509
3420
3449
3436
3459
3524
3465
3474
3408
3254
3187
3020
2881
2832
2701
2589
2569
2610
2701
2778
2823
2766
2703
2708
2659
2609
2541
2415
2307
2184
2037
1879
1665
1513
1391
1300
1274
1292
1299
1232
1171
1109
1065
1065
1060
1060
996
857
722
507
331
171
-47
-221
-558
-956
-1330
-1729
-2005
-2297
-2598
-2850
-3222
-3567
-3835
-4087
-4151
-4206
-4360
-4538
-4779
-4913
-5045
-5294
-5468
-5655
-5767
-5719
-5706
-5709
-5772
-5868
-5853
-5692
-5413
-5052
-4829
-4641
-4382
-4131
-3686
-3205
-2865
-2498
-2166
-1832
-1308
-845
-364
97
519
1079
1568
1981
2364
2517
2598
2707
2792
3037
3196
3320
3419
3372
3440
3547
3592
3651
3604
3574
3634
3628
3714
3732
3598
3470
3334
3242
3219
3183
3197
3259
3265
3322
3380
3336
3331
3317
3323
3346
3365
3410
3371
3250
3069
2869
2658
2492
2362
2260
2183
2135
2053
1977
1895
1793
1679
1462
1308
1189
989
821
596
331
138
-78
-231
-368
-496
-647
-842
-1037
-1218
-1430
-1685
-1987
-2329
-2573
-2773
-2889
-3021
-3218
-3473
-3690
-3803
-3814
-3847
-3982
-4156
-4393
-4621
-4781
-4891
-5005
-5120
-5281
-5334
-5325
-5276
-5245
-5317
-5359
-5281
-5026
-4664
-4283
-3947
-3738
-3522
-3209
-2841
-2307
-1843
-1413
-938
-451
99
629
1061
1381
1590
1785
2070
2325
2568
2743
2910
3128
3368
3626
3783
3788
3767
3736
3789
3948
4056
4108
4059
3953
3816
3641
3501
3418
3341
3287
3281
3254
3246
3236
3161
3105
3062
3049
3073
3049
2947
2839
2750
2602
2490
2363
2187
2035
1822
1635
1529
1484
1500
1516
1483
1488
1471
1346
1203
987
813
701
525
381
272
92
-49
-229
-399
-561
-754
-866
-1010
-1203
-1341
-1498
-1648
-1747
-1941
-2133
-2353
-2546
-2675
-2811
-2928
-3112
-3326
-3527
-3686
-3774
-3810
-3949
-4123
-4332
-4573
-4754
-4912
-5001
-5091
-5202
-5216
-5157
-5039
-4862
-4705
-4556
-4302
-4057
-3765
-3406
-3137
-2839
-2513
-2152
-1693
-1231
-811
-460
-250
-2
295
569
853
1090
1327
1574
1850
2149
2406
2612
2771
2921
3055
3154
3267
3350
3377
3390
3401
3443
3423
3323
3231
3135
3131
3185
3264
3303
3284
3249
3183
3131
3112
3170
3219
3215
3189
3098
2976
2830
2575
2331
2126
1954
1896
1848
1823
1796
1760
1693
1636
1585
1477
1399
1259
1079
952
781
615
480
332
219
99
-17
-107
-245
-391
-565
-761
-869
-982
-1136
-1262
-1448
-1561
-1611
-1698
-1801
-1980
-2231
-2474
-2691
-2844
-2904
-2966
-3042
-3169
-3378
-3599
-3775
-3952
-4133
-4318
-4511
-4660
-4744
-4813
-4871
-4900
-4888
-4801
-4643
-4407
-4193
-4015
-3866
-3738
-3489
-3156
-2779
-2330
-1959
-1648
-1409
-1250
-1066
-875
-674
-427
-124
217
583
952
1253
1481
1695
1915
2143
2401
2604
2746
2873
2921
2984
3065
3077
3135
3159
3165
3240
3285
3349
3390
3336
3327
3340
3329
3382
3466
3569
3616
3602
3564
3457
3310
3176
3010
2840
2733
2621
2554
2494
2415
2391
2322
2250
2169
2030
1906
1762
1621
1502
1355
1223
1075
907
772
620
486
310
70
-154
-347
-552
-695
-798
-905
-959
-1032
-1110
-1231
-1393
-1586
-1720
-1825
-1894
-1899
-1941
-1966
-2067
-2214
-2331
-2465
-2562
-2608
-2708
-2862
-3090
-3346
-3525
-3660
-3738
-3822
-3917
-3956
-3996
-4026
-4030
-4079
-4103
-4068
-3981
-3806
-3617
-3420
-3223
-3075
-2894
-2654
-2450
-2214
-1973
-1793
-1575
-1328
-1006
-597
-190
216
573
844
1150
1457
1716
1944
2128
2286
2423
2536
2616
2683
2767
2842
2933
3029
3104
3160
3195
3235
3263
3321
3442
3571
3657
3708
3699
3656
3562
3478
3399
3262
3145
3010
2882
2812
2730
2700
2675
2619
2588
2501
2405
2299
2151
2019
1905
1800
1729
1635
1521
1401
1231
1080
912
724
571
379
173
-8
-207
-358
-487
-634
-741
-888
-1044
-1159
-1274
-1363
-1491
-1639
-1723
-1801
-1850
-1830
-1834
-1840
-1868
-1938
-1997
-2086
-2209
-2328
-2480
-2604
-2657
-2716
-2789
-2912
-3059
-3166
-3257
-3326
-3361
-3446
-3508
-3541
-3549
-3494
-3448
-3420
-3390
-3388
-3371
-3287
-3189
-3072
-2962
-2803
-2582
-2327
-2017
-1661
-1320
-975
-629
-303
12
262
498
755
968
1190
1418
1629
1848
2013
2152
2302
2426
2574
2762
2903
3060
3185
3257
3306
3278
3262
3277
3278
3286
3272
3196
3102
3004
2885
2788
2681
2590
2562
2539
2517
2482
2390
2269
2158
2066
2001
1926
1851
1778
1702
1634
1564
1508
1413
1264
1126
964
788
602
445
325
174
9
-186
-379
-532
-665
-787
-931
-1113
-1298
-1424
-1536
-1621
-1694
-1722
-1708
-1716
-1712
-1721
-1783
-1877
-1973
-2056
-2106
-2118
-2090
-2070
-2088
-2165
-2276
-2411
-2494
-2494
-2474
-2448
-2461
-2519
-2590
-2662
-2723
-2737
-2770
-2793
-2814
-2852
-2874
-2933
-3007
-3040
-3006
-2909
-2753
-2551
-2353
-2205
-2064
-1924
-1729
-1454
-1171
-861
-601
-370
-121
83
321
558
774
1034
1283
1535
1811
2056
2298
2539
2749
2961
3150
3294
3412
3479
3523
3554
3528
3471
3370
3237
3107
3016
2918
2847
2794
2706
2649
2567
2443
2316
2187
2088
2017
1971
1950
1924
1870
1765
1673
1600
1494
1409
1288
1146
1004
853
734
618
502
405
307
171
19
-158
-334
-542
-756
-939
-1089
-1181
-1215
-1230
-1322
-1449
-1566
-1622
-1630
-1644
-1635
-1641
-1659
-1673
-1692
-1729
-1740
-1730
-1668
-1564
-1504
-1445
-1387
-1344
-1289
-1210
-1154
-1137
-1160
-1173
-1134
-1122
-1156
-1227
-1386
-1544
-1661
-1784
-1865
-1971
-2057
-2138
-2238
-2267
-2303
-2314
-2284
-2274
-2245
-2193
-2129
-2013
-1901
-1834
-1722
-1600
-1389
-1113
-845
-580
-356
-131
130
410
721
1057
1360
1662
1921
2165
2383
2554
2667
2746
2837
2927
3030
3094
3157
3141
3075
3033
2949
2891
2849
2791
2729
2614
2501
2416
2343
2305
2221
2147
2091
2022
1955
1851
1734
1645
1557
1485
1415
1308
1203
1074
929
792
639
508
399
311
237
125
-5
-143
-275
-401
-534
-633
-713
-809
-898
-996
-1119
-1241
-1378
-1489
-1571
-1622
-1644
-1637
-1648
-1661
-1685
-1689
-1640
-1584
-1512
-1448
-1386
-1331
-1255
-1170
-1096
-1026
-989
-931
-861
-806
-774
-823
-899
-982
-1039
-1068
-1090
-1133
-1211
-1294
-1357
-1418
-1476
-1537
-1625
-1706
-1762
-1782
-1747
-1713
-1706
-1707
-1717
-1656
-1532
-1364
-1178
-1014
-828
-654
-451
-211
23
279
498
726
982
1222
1467
1687
1849
1987
2120
2260
2439
2586
2671
2692
2690
2715
2753
2784
2783
2728
2651
2576
2512
2446
2342
2223
2088
1963
1867
1780
1679
1547
1400
1266
1153
1078
1009
908
768
599
447
313
208
102
-3
-116
-224
-306
-391
-471
-559
-654
-719
-783
-853
-931
-1029
-1117
-1186
-1247
-1283
-1354
-1449
-1545
-1661
-1712
-1751
-1754
-1750
-1758
-1741
-1717
-1664
-1615
-1560
-1505
-1425
-1323
-1210
-1110
-1024
-949
-874
-783
-716
-650
-573
-502
-433
-396
-370
-308
-248
-178
-147
-186
-237
-285
-305
-298
-333
-396
-458
-539
-576
-615
-690
-756
-829
-865
-858
-834
-798
-760
-725
-670
-606
-533
-422
-302
-183
-63
69
256
444
614
745
833
936
1067
1235
1387
1504
1568
1596
1645
1720
1807
1877
1896
1878
1861
1842
1834
1804
1761
1687
1608
1552
1481
1396
1277
1125
975
848
740
653
539
412
287
164
79
1
-73
-145
-227
-293
-367
-437
-489
-531
-573
-636
-701
-763
-807
-851
-910
-993
-1050
-1089
-1117
-1131
-1169
-1224
-1287
-1325
-1368
-1408
-1458
-1485
-1480
-1472
-1450
-1437
-1429
-1405
-1364
-1326
-1289
-1247
-1197
-1127
-1044
-938
-847
-757
-654
-570
-482
-392
-304
-194
-89
18
135
219
293
358
398
469
527
569
633
646
660
643
599
599
570
570
575
556
539
500
458
426
406
402
410
408
411
401
397
414
435
472
511
551
600
627
659
707
773
866
960
1040
1104
1141
1163
1181
1195
1225
1259
1283
1295
1278
1239
1226
1187
1130
1047
924
846
755
667
573
459
359
273
183
95
-28
-162
-273
-373
-426
-475
-534
-605
-697
-795
-877
-954
-993
-1022
-1049
-1071
-1110
-1127
-1139
-1156
-1179
-1203
-1229
-1224
-1190
-1146
-1103
-1105
-1103
-1089
-1083
-1067
-1051
-1035
-1010
-989
-959
-924
-896
-855
-823
-793
-729
-674
-599
-537
-485
-395
-321
-224
-117
-15
96
193
291
403
494
622
769
885
989
1039
1098
1179
1266
1365
1431
1479
1512
1526
1507
1486
1456
1419
1390
1329
1283
1233
1167
1097
998
877
772
680
597
533
437
344
253
184
160
125
88
25
-45
-71
-57
-24
19
24
35
69
102
149
180
195
225
269
292
329
337
347
357
350
360
359
371
378
340
290
213
146
107
43
-25
-129
-269
-384
-479
-557
-633
-736
-845
-934
-998
-1044
-1088
-1134
-1176
-1203
-1202
-1198
-1194
-1201
-1225
-1218
-1194
-1153
-1113
-1079
-1040
-994
-958
-926
-884
-847
-795
-748
-697
-657
-623
-598
-579
-555
-540
-516
-483
-447
-413
-391
-370
-358
-328
-268
-230
-178
-129
-86
-11
54
116
188
246
322
419
515
612
681
750
835
938
1042
1131
1213
1289
1352
1405
1437
1458
1498
1532
1558
1559
1529
1503
1464
1409
1338
1243
1154
1089
1040
1002
951
860
739
614
505
424
352
280
195
105
22
-54
-117
-196
-256
-305
-326
-321
-306
-304
-325
-362
-391
-386
-361
-330
-330
-356
-387
-415
-431
-441
-464
-498
-546
-604
-652
-702
-756
-809
-870
-943
-1004
-1064
-1121
-1178
-1239
-1298
-1359
-1418
-1480
-1534
-1573
-1594
-1611
-1609
-1596
-1575
-1535
-1491
-1439
-1386
-1315
-1214
-1104
-985
-875
-792
-699
-607
-505
-399
-308
-201
-107
-27
61
135
198
259
312
362
423
470
491
499
506
515
529
547
552
570
592
588
589
578
573
581
585
603
630
665
733
786
803
817
829
870
930
983
1045
1086
1123
1167
1208
1249
1280
1314
1343
1375
1384
1372
1343
1306
1279
1243
1198
1130
1060
997
943
878
788
707
625
546
469
394
322
241
151
61
-18
-109
-189
-253
-318
-374
-435
-499
-549
-601
-664
-714
-772
-806
-811
-836
-865
-903
-939
-958
-977
-987
-998
-1025
-1049
-1080
-1098
-1104
-1124
-1134
-1132
-1120
-1075
-1051
-1045
-1034
-1025
-981
-933
-878
-824
-782
-715
-653
-593
-554
-529
-478
-416
-346
-280
-218
-162
-98
-32
23
64
92
126
172
225
267
297
308
301
290
283
285
293
301
310
324
304
280
262
247
244
241
255
275
293
297
295
293
304
328
355
401
448
494
520
543
579
622
663
702
744
773
796
805
818
835
849
853
859
876
894
899
885
866
850
839
820
799
794
788
767
720
662
621
589
554
516
463
426
416
419
408
363
320
287
262
261
264
254
228
194
169
132
78
35
-5
-40
-67
-98
-133
-187
-251
-306
-368
-415
-438
-468
-508
-560
-632
-690
-741
-783
-807
-837
-849
-863
-883
-909
-932
-947
-935
-921
-912
-877
-849
-809
-764
-719
-667
-612
-556
-491
-429
-377
-319
-270
-211
-139
-71
-23
16
53
86
109
138
161
177
188
192
208
222
233
219
189
161
140
143
140
119
97
89
96
83
54
3
-43
-79
-109
-113
-115
-107
-102
-98
-105
-130
-151
-149
-135
-108
-75
-59
-50
-60
-64
-82
-112
-119
-115
-100
-91
-102
-135
-161
-197
-237
-259
-257
-254
-230
-226
-258
-276
-273
-251
-233
-226
-208
-173
-154
-138
-115
-87
-60
-30
12
63
120
174
218
261
317
384
457
512
562
594
623
669
708
749
769
794
828
856
875
869
863
848
842
842
825
794
781
777
767
747
690
631
598
569
525
486
428
391
370
341
289
213
140
85
57
26
-14
-70
-110
-157
-220
-283
-349
-392
-426
-457
-489
-526
-565
-602
-653
-703
-745
-793
-832
-853
-887
-925
-968
-1009
-1034
-1055
-1061
-1054
-1056
-1067
-1069
-1060
-1039
-1027
-1021
-1010
-991
-950
-916
-899
-888
-873
-822
-757
-716
-685
-662
-625
-582
-546
-519
-500
-463
-413
-356
-322
-315
-313
-294
-260
-225
-220
-234
-231
-196
-148
-132
-147
-175
-171
-147
-109
-104
-101
-87
-33
31
49
63
70
107
149
197
245
288
334
382
438
492
539
585
636
691
759
811
862
903
940
1004
1066
1118
1170
1198
1230
1269
1304
1331
1324
1320
1344
1387
1409
1403
1392
1394
1391
1376
1344
1306
1287
1283
1282
1248
1198
1158
1131
1106
1061
997
932
891
859
815
735
640
567
518
478
412
309
207
127
68
18
-73
-178
-267
-329
-378
-465
-574
-683
-774
-831
-874
-950
-1022
-1088
-1145
-1189
-1248
-1321
-1387
-1441
-1477
-1498
-1531
-1548
-1564
-1591
-1613
-1620
-1626
-1632
-1641
-1625
-1598
-1574
-1547
-1546
-1542
-1513
-1486
-1453
-1425
-1400
-1347
-1292
-1252
-1207
-1166
-1107
-1030
-961
-899
-859
-805
-711
-626
-557
-519
-476
-400
-311
-218
-149
-101
-34
55
155
247
307
370
451
539
625
690
748
817
889
963
1023
1057
1092
1142
1192
1232
1254
1282
1317
1354
1390
1393
1380
1361
1356
1356
1351
1343
1337
1331
1309
1285
1259
1227
1194
1148
1110
1084
1047
1016
967
906
859
828
793
740
674
626
595
560
520
463
423
373
335
301
245
204
170
125
90
48
-7
-36
-71
-101
-128
-181
-213
-231
-251
-282
-343
-385
-410
-429
-434
-464
-502
-530
-547
-555
-578
-621
-652
-672
-674
-681
-706
-723
-740
-741
-746
-764
-778
-780
-781
-772
-772
-775
-766
-778
-774
-769
-776
-773
-778
-771
-749
-742
-719
-696
-683
-667
-644
-613
-584
-563
-551
-519
-471
-418
-388
-369
-340
-296
-244
-198
-176
-155
-106
-54
-8
20
49
91
143
200
242
266
289
326
377
419
435
452
473
504
538
565
576
586
594
624
622
591
586
596
626
635
617
600
608
610
602
567
525
521
525
522
508
480
453
442
427
406
373
337
314
295
267
237
205
181
158
122
88
38
12
-16
-50
-79
-123
-147
-155
-169
-198
-238
-270
-272
-281
-308
-335
-355
-358
-352
-367
-389
-406
-399
-377
-380
-389
-397
-388
-367
-357
-363
-370
-368
-346
-329
-328
-330
-328
-307
-280
-272
-268
-257
-232
-197
-176
-181
-182
-151
-107
-79
-90
-113
-103
-73
-38
-23
-27
-24
-7
25
51
45
39
46
67
88
93
102
106
111
119
140
137
129
129
150
169
162
164
159
173
181
171
154
136
136
154
159
144
143
139
154
144
119
124
122
124
124
104
91
76
69
72
53
60
62
46
36
25
23
14
-1
-4
-9
-18
-13
-18
-31
-37
-45
-40
-34
-56
-79
-92
-89
-75
-70
-78
-94
-103
-95
-86
-102
-123
-124
-98
-82
-86
-94
-103
-99
-83
-81
-88
-89
-86
-66
-66
-73
-69
-57
-46
-25
-11
-13
-14
-14
12
40
47
36
41
75
100
104
99
81
83
101
114
132
127
132
146
147
155
156
158
174
178
170
174
169
164
155
147
157
163
169
166
159
148
152
156
158
152
146
153
158
159
144
133
135
141
128
101
90
94
109
114
101
86
73
78
82
59
29
20
24
28
19
1
-27
-43
-45
-46
-54
-81
-95
-96
-96
-106
-137
-153
-161
-154
-141
-152
-179
-199
-205
-191
-204
-228
-243
-244
-232
-233
-247
-268
-269
-257
-243
-251
-263
-270
-263
-244
-232
-236
-248
-247
-236
-221
-222
-219
-223
-218
-197
-182
-173
-167
-157
-133
-103
-88
-85
-92
-77
-57
-33
-3
18
29
42
63
80
74
69
89
118
161
180
188
187
208
235
242
228
209
232
253
288
282
264
257
272
294
300
288
266
272
285
300
277
261
251
239
235
233
225
207
205
192
183
156
130
117
111
108
98
77
55
41
32
33
12
-6
-30
-36
-38
-39
-58
-84
-94
-99
-88
-93
-117
-138
-151
-160
-162
-177
-189
-185
-193
-189
-195
-216
-228
-238
-234
-233
-244
-226
-217
-206
-192
-203
-231
-251
-242
-217
-191
-195
-193
-183
-156
-134
-140
-167
-178
-153
-119
-97
-109
-118
-116
-94
-70
-72
-83
-92
-71
-46
-39
-36
-44
-39
-20
-6
1
7
6
9
26
49
64
64
58
62
83
111
113
92
77
75
102
116
126
126
119
121
133
133
115
93
86
119
139
125
110
101
110
114
92
73
70
78
95
100
85
53
36
46
46
23
-1
6
42
64
60
27
-5
-6
9
15
3
-7
1
35
45
37
12
-9
-3
27
36
13
-2
1
27
21
3
-16
-24
-12
11
17
-14
-41
-41
-8
12
-18
-40
-37
-18
-2
-10
-33
-49
-49
-41
-36
-36
-43
-46
-50
-55
-55
-68
-65
-52
-34
-31
-45
-44
-53
-60
-74
-69
-51
-45
-48
-41
-34
-40
-49
-57
-49
-29
-6
2
-15
-31
-16
-5
0
-13
-32
-20
11
37
40
20
4
19
35
33
35
28
41
66
72
65
58
50
49
60
61
57
50
69
89
94
76
44
31
50
84
91
63
38
44
62
61
38
21
22
45
50
46
24
0
7
26
28
2
-16
-5
14
7
-13
-32
-33
-18
-4
-10
-18
-11
-7
-17
-30
-37
-31
-24
-30
-20
-10
-9
-20
-34
-31
-29
-37
-33
-29
-34
-27
-21
-18
-37
-50
-44
-30
-25
-34
-36
-34
-17
-4
-9
-19
-24
-22
-10
7
18
17
7
11
34
51
39
28
31
52
76
70
53
34
39
72
93
82
52
45
68
82
77
51
39
68
105
101
63
39
45
70
75
60
41
36
65
84
67
34
14
35
69
75
45
22
30
56
62
38
15
-3
-1
23
26
0
-31
-42
-11
5
-17
-53
-60
-35
-26
-46
-72
-85
-79
-57
-49
-57
-85
-108
-94
-85
-94
-108
-120
-107
-83
-68
-70
-83
-94
-86
-85
-83
-79
-81
-76
-65
-52
-51
-66
-82
-80
-72
-64
-60
-66
-56
-40
-31
-38
-53
-66
-67
-49
-34
-32
-45
-54
-44
-18
-18
-44
-64
-56
-29
1
7
-15
-41
-29
18
43
32
0
-3
27
54
62
41
22
23
42
63
68
54
39
45
64
73
67
67
72
78
74
76
78
71
70
68
54
56
64
73
76
68
60
52
45
53
69
67
59
50
59
75
78
63
38
30
45
70
79
65
40
26
42
60
64
42
19
15
33
50
45
16
-10
-10
0
1
-16
-34
-47
-39
-29
-35
-59
-76
-60
-45
-59
-89
-106
-98
-66
-57
-82
-111
-119
-89
-72
-90
-124
-131
-115
-81
-66
-83
-117
-134
-111
-75
-70
-88
-101
-100
-75
-62
-74
-86
-92
-74
-50
-52
-61
-68
-63
-43
-36
-43
-52
-50
-27
-8
-12
-24
-36
-24
-1
6
5
4
3
22
44
51
46
31
36
56
77
83
74
73
76
79
80
70
59
62
74
85
83
67
60
69
81
88
71
47
51
70
87
87
69
54
59
76
79
71
56
53
73
81
73
58
50
55
56
62
65
55
47
48
49
39
24
19
16
19
23
20
12
1
4
10
10
2
-3
-9
-15
-14
-15
-17
-21
-25
-20
-24
-35
-26
-19
-19
-27
-37
-31
-31
-29
-27
-24
-22
-28
-33
-32
-28
-33
-45
-59
-46
-21
-10
-22
-45
-52
-43
-32
-34
-40
-51
-43
-23
-11
-23
-56
-59
-36
-21
-23
-24
-23
-14
-2
5
2
-16
-16
-6
8
7
-3
-11
-7
2
11
7
-4
3
11
16
13
1
-12
-14
0
22
22
1
2
8
19
17
7
4
7
20
28
18
4
7
14
20
17
13
12
16
24
23
13
5
16
26
28
20
12
3
2
14
33
29
13
10
16
31
32
15
-1
-2
15
32
22
5
5
14
27
28
16
8
11
20
23
9
-1
-2
5
11
7
5
-1
-8
-5
7
5
-10
-22
-10
4
8
-1
-15
-19
-9
5
0
-12
-18
-9
7
12
4
-7
-15
-11
-1
0
-8
-6
6
10
9
-2
-7
-12
-8
-7
-8
-1
-4
-7
-8
-15
-19
-19
-19
-13
-9
-3
-6
-14
-20
-18
-8
-11
-20
-30
-26
-13
-5
-9
-17
-24
-23
-14
-9
-13
-14
-12
-7
0
-2
-14
-22
-25
-19
-17
-18
-12
-11
-14
-16
-15
-17
-20
-23
-28
-27
-28
-35
-37
-30
-27
-33
-48
-49
-33
-22
-28
-39
-46
-41
-30
-28
-29
-32
-33
-29
-23
-20
-26
-33
-26
-15
-11
-8
-3
1
-2
-10
-8
7
15
18
16
14
19
21
20
19
22
28
26
21
24
27
32
30
25
29
35
44
42
29
22
27
37
46
44
31
26
33
49
49
36
26
33
44
48
54
57
49
38
34
33
32
24
21
25
33
34
27
20
14
6
