2
0
-3
0
-5
-2
0
-2
5
-1
-2
5
-4
1
1
-7
7
0
-3
9
-6
0
6
-10
3
1
-10
6
-8
-10
3
-13
-6
-2
-14
-5
-8
-16
-3
-9
-15
1
-17
-10
2
-18
-3
-5
-19
-4
-16
-19
-3
-17
-10
-6
-17
-9
-9
-13
-3
-9
-12
-1
-3
-9
1
-8
-5
6
-12
-1
-4
-21
-3
-14
-18
0
-17
-8
-2
-18
-1
-5
-15
2
-11
-7
0
-14
-3
1
-7
1
-3
-7
1
-4
-4
5
0
0
7
-4
1
8
-3
10
3
-2
14
0
6
11
-6
7
0
-4
4
-6
-1
-3
-3
3
-4
4
-2
-3
3
-6
7
2
0
15
-3
9
14
-4
20
11
2
26
-2
10
24
-4
22
14
-8
28
-1
5
32
-7
23
22
-6
29
3
-2
28
-9
12
20
-12
21
2
-8
23
-9
5
19
-17
9
-3
-18
9
-15
-5
7
-16
5
-3
-11
5
-10
-5
1
-8
0
-6
-1
1
-5
7
-1
1
6
-2
3
3
2
7
3
-2
-1
-10
-12
-4
-17
-4
-3
-17
1
-17
-22
-5
-31
-15
-13
-30
-1
-22
-19
-6
-30
-7
-12
-21
0
-20
-11
-4
-14
-2
-5
-6
-3
-13
-9
-9
-8
-7
-8
-2
-9
-4
-5
-6
5
-5
-1
0
-7
2
-3
-4
3
-5
1
-1
-2
4
-3
1
0
-1
3
-1
9
4
4
12
-2
9
9
3
13
2
2
10
-1
9
12
4
10
5
5
11
13
16
19
18
17
19
16
15
21
11
15
16
8
21
16
12
17
4
13
15
8
21
10
10
19
4
13
15
8
20
12
11
18
6
14
12
6
14
5
7
8
0
8
4
7
8
4
8
7
6
7
5
4
2
2
2
-4
-2
-5
-5
-4
-7
-5
-7
-6
-6
-7
-1
-7
2
2
-8
1
-7
-6
-2
-9
0
-5
-7
0
-10
-2
-2
-8
-1
-5
-7
-4
-6
-5
-2
-7
-13
-6
-6
-10
-1
-14
-6
-9
-21
-2
-17
-17
-5
-23
-6
-10
-23
-4
-17
-11
2
-16
-2
-8
-17
1
-13
-11
0
-12
-1
-6
-14
-4
-9
-8
-3
-8
-7
-5
-10
-7
-1
-10
-6
-4
-18
-7
-12
-18
-2
-20
-10
-5
-21
0
-14
-15
-2
-24
-6
-5
-17
0
-14
-15
-2
-16
-8
-7
-11
-2
-6
-4
1
-3
1
3
2
4
3
4
7
10
7
3
0
-1
0
5
9
11
8
5
7
5
11
11
10
9
4
8
1
8
9
6
15
6
10
12
3
15
10
11
19
7
14
14
5
15
3
-1
11
6
15
18
5
14
11
8
20
12
11
18
5
13
16
8
18
12
7
16
5
12
18
5
11
-1
-3
4
-10
-4
-7
-9
-5
-11
-4
-5
-7
-3
-6
-8
-12
-13
-11
-8
-8
-5
-6
-9
-7
-14
-11
-4
-7
-3
-6
-10
-3
-9
-6
-3
-13
-2
-5
-6
1
-7
4
-4
-4
4
-7
6
5
-6
5
-6
0
7
-2
11
7
1
7
-2
4
1
-5
1
-3
-1
-3
-2
-5
-10
-3
-9
1
-1
-8
7
-5
-4
4
-9
9
4
5
20
4
12
9
0
16
7
9
15
5
14
5
3
8
0
6
7
9
12
6
11
9
7
10
5
8
8
9
10
7
9
6
4
5
6
5
4
8
10
12
13
9
8
8
6
12
16
12
15
10
7
10
1
3
6
-3
4
-1
-5
1
-7
-1
1
-4
0
-6
-8
0
-6
1
0
-2
4
-5
0
-2
-5
5
0
3
4
-9
0
-5
-2
1
-9
3
3
-3
3
-4
3
0
-2
0
-10
-5
-12
-4
-1
-13
0
-9
-13
-7
-14
-5
-9
-10
-3
-9
-5
-1
-7
-5
-8
-10
-4
-6
-3
-1
-1
-1
1
-3
-6
-3
-8
-5
-5
-6
1
-1
-1
-1
-4
-6
-10
-5
0
-1
-1
-4
-3
-2
-5
-4
-6
-10
-10
-9
-9
-3
-7
-7
-4
-7
-4
-6
-7
-7
-5
-7
-6
-3
-5
-2
-3
-1
1
-3
0
-1
-4
1
-2
-2
-3
-1
3
5
8
-1
2
2
-2
7
2
9
13
5
15
9
5
10
0
10
8
4
13
7
12
10
3
3
-5
-5
1
1
7
5
5
11
3
12
4
3
8
0
12
9
10
14
4
9
6
1
7
5
7
7
2
8
5
3
0
-8
-6
-7
-7
-1
-4
-3
-1
-8
-6
-13
-13
-11
-14
-7
-12
-10
-9
-9
-7
-8
-5
-7
-8
-3
-6
0
-2
-7
-3
-7
-4
-7
-12
-1
3
3
4
-5
-1
-3
-6
4
-4
-5
-3
-12
-13
-21
-18
-14
-13
-8
-13
-8
-6
-4
-1
-2
-6
-13
-17
-9
-13
-14
-8
-10
0
-5
-12
-14
-17
-15
-12
-5
1
9
8
-1
5
6
12
13
6
18
18
13
28
23
15
12
8
16
19
26
25
22
39
46
37
41
30
24
24
21
33
36
40
41
30
16
9
5
15
22
21
37
34
26
29
20
19
22
34
43
46
56
53
41
29
32
31
38
37
30
25
7
-10
-15
-4
16
18
20
21
3
1
-1
-1
16
13
1
-14
-9
2
8
27
25
12
7
3
-4
3
11
7
6
13
14
-8
-14
2
1
-8
-4
-13
-37
-44
-46
-64
-54
-34
-13
-7
-29
-26
-43
-52
-35
-32
-10
-15
-26
-23
-51
-40
-10
-9
-14
1
18
12
-4
-95
-287
-385
-248
-4
193
302
255
69
-146
-298
-350
-239
69
334
348
176
-41
-183
-211
-143
-63
-34
-24
6
64
90
82
40
-40
-57
-2
32
7
56
163
127
33
-25
-23
-61
-45
3
-130
-138
-61
-10
-35
-16
5
-106
-100
-38
62
57
64
62
45
141
168
141
77
48
62
102
13
-14
105
138
90
17
2
-48
-51
-15
-21
-46
66
115
-47
-100
-93
-46
0
34
47
29
10
-91
-118
-11
37
63
28
-67
-92
-31
76
50
76
159
-11
-89
-24
21
125
251
229
24
-48
9
22
31
71
19
-29
34
-10
-64
15
120
58
-38
-105
-207
-158
-81
-10
7
3
-34
-134
-125
-86
-67
-25
-26
-51
-74
-96
-103
14
111
89
44
11
-73
-100
-36
-16
-7
141
190
5
-90
-8
45
49
148
158
74
22
-49
-128
-83
86
227
231
156
110
43
-97
-224
-177
-15
52
55
92
160
185
189
120
-67
-99
-25
-25
-13
38
149
234
222
141
19
-12
-59
-136
-89
26
59
67
116
76
-5
-14
-127
-307
-344
-288
-280
-306
-277
-269
-294
-283
-315
-412
-457
-427
-436
-447
-486
-513
-458
-405
-331
-292
-268
-233
-209
-156
-152
-135
-60
-40
-33
42
112
129
170
256
289
291
284
182
83
105
224
275
246
290
299
211
130
60
33
75
119
99
99
212
364
494
560
605
672
749
824
889
1013
1223
1374
1404
1410
1410
1422
1352
1180
988
799
631
447
280
122
39
-126
-450
-728
-995
-1207
-1348
-1466
-1489
-1551
-1632
-1739
-1873
-1780
-1569
-1355
-1153
-1028
-915
-793
-656
-468
-260
21
252
426
504
494
541
633
783
863
877
841
670
498
350
241
131
-45
-281
-618
-912
-1174
-1412
-1557
-1721
-1895
-2062
-2232
-2361
-2387
-2287
-2096
-1921
-1788
-1684
-1627
-1401
-1075
-692
-263
40
316
479
610
839
1120
1500
1779
1915
2026
1961
1868
1825
1810
1914
2032
2069
1889
1585
1383
1241
1146
1179
1309
1434
1542
1719
1853
1959
2139
2257
2338
2377
2292
2048
1623
1221
954
793
682
430
26
-466
-1072
-1634
-2089
-2385
-2485
-2466
-2510
-2757
-2944
-2805
-2432
-1987
-1577
-1240
-839
-538
-313
-167
20
478
937
1254
1326
1331
1447
1495
1516
1562
1644
1721
1619
1383
1013
675
525
374
260
23
-300
-607
-1034
-1307
-1617
-1961
-2246
-2770
-3085
-3339
-3523
-3491
-3533
-3407
-3325
-3321
-3247
-3150
-2812
-2328
-1904
-1479
-1191
-863
-450
-73
485
1010
1635
2146
2322
2398
2419
2615
2894
3042
3090
3029
2857
2667
2369
2136
2000
1874
1686
1383
1001
715
489
336
365
368
485
648
771
1047
1469
1917
2455
2839
3112
3255
2998
2592
2045
1709
1514
1262
860
263
-290
-985
-1657
-2290
-2703
-2835
-2955
-3185
-3572
-3871
-3857
-3555
-3259
-2929
-2540
-2080
-1565
-1311
-1171
-852
-325
151
409
426
528
731
828
957
1044
1312
1558
1536
1423
1172
1020
954
781
563
301
105
-139
-525
-941
-1313
-1561
-1815
-2138
-2485
-2760
-2926
-3024
-3102
-3095
-3131
-3130
-3042
-3009
-2822
-2572
-2213
-1821
-1491
-1122
-775
-339
105
588
1074
1499
1853
2148
2354
2516
2676
2892
3069
3113
3181
3069
2993
2936
2727
2568
2366
2134
1903
1595
1294
1129
1043
1098
1228
1284
1495
1744
2036
2421
2768
3036
3300
3213
2742
2215
1536
1139
755
300
-110
-647
-1144
-1841
-2630
-3228
-3486
-3632
-3717
-3926
-4225
-4281
-4217
-3909
-3550
-3056
-2444
-1832
-1405
-1216
-887
-432
155
672
947
1111
1276
1370
1482
1577
1711
1923
1994
1965
1776
1494
1333
1149
964
729
385
32
-455
-986
-1460
-1813
-1983
-2141
-2392
-2661
-2938
-3086
-3126
-3102
-3019
-2867
-2705
-2643
-2595
-2538
-2376
-2088
-1739
-1434
-1101
-797
-411
15
411
924
1455
1947
2282
2520
2695
2852
3062
3160
3262
3330
3361
3376
3301
3248
3216
3126
3035
2755
2409
2151
1865
1759
1650
1669
1859
2028
2281
2505
2739
2955
3062
2957
2529
1960
1256
653
39
-624
-1222
-1758
-2285
-2936
-3505
-4006
-4140
-4194
-4196
-4163
-4277
-4180
-4051
-3892
-3646
-3305
-2808
-2196
-1682
-1198
-620
-28
712
1227
1604
1912
2045
2168
2069
2091
2092
2098
2266
2101
2082
1925
1701
1723
1306
1133
754
190
-256
-1104
-1785
-2399
-2908
-3184
-3472
-3742
-3719
-3835
-3766
-3607
-3618
-3179
-3099
-2871
-2730
-2768
-2369
-2198
-1718
-1214
-712
-46
490
1073
1603
2107
2695
3213
3481
3706
3810
3834
3925
3913
3888
3877
3847
3857
3686
3556
3489
3235
3079
2777
2287
1997
1646
1535
1483
1459
1651
1653
1706
1732
1651
1404
1284
998
636
316
-275
-839
-1584
-2309
-3067
-3772
-4269
-4551
-4740
-4855
-4725
-4667
-4362
-3914
-3562
-3091
-2713
-2348
-2018
-1763
-1435
-1149
-740
-245
213
502
843
1148
1365
1748
1923
2075
2147
2022
1978
1653
1381
1216
868
718
426
106
-206
-609
-908
-1316
-1697
-2056
-2431
-2819
-3155
-3445
-3632
-3641
-3602
-3469
-3305
-3039
-2800
-2471
-2098
-1745
-1399
-1049
-758
-545
-255
22
343
690
1139
1581
2048
2485
2848
3149
3373
3568
3655
3656
3652
3567
3409
3252
3043
2920
2790
2780
2748
2673
2723
2718
2741
2831
2865
2963
3032
2960
2959
2715
2474
2198
1799
1492
1212
820
355
-131
-877
-1488
-2378
-3184
-3785
-4429
-4659
-4919
-5048
-5017
-4843
-4523
-4081
-3619
-3138
-2661
-2289
-1923
-1708
-1493
-1181
-837
-503
-238
10
260
544
865
1120
1453
1709
1897
1945
1846
1766
1605
1468
1295
1052
684
251
-216
-754
-1133
-1443
-1725
-1945
-2286
-2552
-2966
-3236
-3326
-3471
-3326
-3266
-3096
-3016
-2883
-2550
-2324
-1914
-1476
-1082
-689
-274
71
397
821
1268
1680
2021
2410
2782
3005
3364
3656
3807
4062
4171
4205
4179
4038
3906
3689
3461
3326
3073
2975
2928
2868
2959
2988
3168
3256
3300
3439
3184
2956
2633
2071
1765
1216
677
196
-521
-1085
-1910
-2684
-3328
-3944
-4311
-4697
-4900
-5110
-5214
-5009
-4766
-4395
-3914
-3408
-2851
-2372
-2008
-1588
-1238
-858
-396
-276
-14
250
254
567
656
867
1245
1282
1635
1698
1640
1834
1622
1554
1457
1089
945
451
43
-260
-877
-1027
-1490
-1822
-1993
-2419
-2522
-2859
-2975
-3012
-3168
-3075
-3088
-3081
-2986
-2787
-2562
-2270
-1878
-1540
-1175
-828
-378
-20
368
951
1363
1790
2142
2487
2773
2964
3340
3485
3620
3889
3884
3924
3902
3825
3758
3576
3493
3301
3068
3017
2996
2900
2984
3090
3151
3346
3505
3504
3461
3283
2996
2629
2165
1823
1213
684
105
-708
-1521
-2391
-3064
-3701
-4225
-4561
-4912
-5113
-5053
-5025
-4784
-4440
-4081
-3572
-3237
-2717
-2237
-1969
-1520
-1147
-879
-626
-449
-271
-116
96
321
519
761
1029
1271
1356
1494
1583
1528
1518
1388
1125
823
417
-26
-471
-886
-1235
-1612
-1918
-2176
-2507
-2686
-2821
-2954
-2999
-3063
-3035
-3114
-3075
-2961
-2893
-2714
-2511
-2214
-1996
-1603
-1254
-924
-468
-46
412
807
1273
1735
2085
2473
2809
3007
3302
3519
3574
3667
3698
3659
3601
3435
3334
3215
3021
3044
2917
2791
2925
2851
3027
3135
3183
3375
3317
3431
3287
3049
2864
2469
2120
1579
989
346
-456
-1167
-2038
-2911
-3546
-4107
-4519
-4841
-5056
-5056
-5068
-4832
-4438
-4163
-3626
-3177
-2838
-2393
-2101
-1717
-1405
-1118
-724
-643
-456
-196
-128
161
443
647
986
1209
1512
1705
1777
2010
1967
1873
1802
1467
1108
730
234
-190
-699
-1051
-1394
-1837
-2135
-2434
-2652
-2792
-2848
-2997
-2972
-2935
-2913
-2786
-2763
-2545
-2423
-2253
-2005
-1843
-1528
-1230
-842
-336
28
567
1019
1406
1988
2353
2779
3180
3440
3735
3875
3931
4084
4011
3980
3923
3729
3602
3376
3260
3052
2956
2901
2877
2945
2983
3194
3218
3327
3392
3290
3136
2826
2561
2058
1654
1123
381
-262
-1058
-1892
-2726
-3464
-4038
-4479
-4818
-4941
-4986
-4967
-4682
-4470
-4085
-3587
-3175
-2656
-2254
-1872
-1508
-1267
-918
-666
-498
-303
-197
-6
131
323
582
784
1090
1361
1492
1727
1825
1883
1926
1725
1596
1181
781
372
-168
-570
-1070
-1435
-1856
-2188
-2440
-2690
-2799
-2901
-2911
-2933
-2870
-2802
-2753
-2659
-2557
-2407
-2254
-2083
-1893
-1696
-1408
-1078
-736
-350
81
535
1045
1524
2000
2457
2803
3176
3372
3588
3789
3892
3989
3912
3823
3664
3426
3204
2996
2859
2840
2819
2879
2947
3012
3156
3190
3234
3306
3223
3028
2834
2427
2069
1578
947
307
-536
-1241
-2065
-2851
-3438
-3960
-4345
-4572
-4755
-4775
-4689
-4574
-4267
-3993
-3630
-3164
-2773
-2352
-1992
-1701
-1398
-1138
-835
-639
-490
-288
-120
29
252
513
757
1083
1319
1521
1704
1760
1913
1852
1744
1663
1255
910
509
-90
-459
-918
-1406
-1672
-2151
-2290
-2554
-2837
-2785
-2977
-2904
-2814
-2733
-2618
-2516
-2353
-2254
-2099
-1908
-1701
-1556
-1281
-1002
-745
-389
72
549
977
1569
1974
2384
2825
3073
3448
3567
3802
4025
3906
4081
3906
3690
3611
3223
3096
2824
2630
2688
2576
2731
2921
2960
3247
3405
3504
3518
3272
3094
2669
2259
1707
933
218
-636
-1481
-2416
-3177
-3745
-4230
-4517
-4683
-4754
-4664
-4495
-4225
-3859
-3566
-3075
-2756
-2395
-2034
-1867
-1502
-1252
-966
-695
-643
-470
-368
-313
-92
92
377
667
920
1169
1379
1517
1686
1702
1690
1628
1328
1125
667
260
-163
-643
-1011
-1484
-1783
-2092
-2353
-2437
-2490
-2503
-2436
-2297
-2175
-2078
-1883
-1791
-1702
-1516
-1481
-1345
-1316
-1214
-1025
-997
-666
-420
-106
374
707
1201
1602
2001
2463
2718
3034
3304
3398
3582
3601
3510
3489
3336
3224
3088
2891
2815
2633
2617
2725
2732
2966
3202
3449
3568
3592
3531
3271
3045
2670
2189
1595
961
194
-608
-1479
-2338
-3013
-3670
-4055
-4440
-4662
-4731
-4780
-4582
-4405
-4079
-3734
-3357
-2915
-2611
-2265
-2025
-1724
-1438
-1256
-983
-900
-792
-620
-512
-319
-90
156
482
695
960
1197
1335
1556
1582
1661
1596
1393
1188
836
473
69
-331
-809
-1211
-1630
-1990
-2286
-2556
-2627
-2781
-2756
-2667
-2595
-2426
-2248
-2040
-1867
-1666
-1451
-1295
-1182
-984
-816
-601
-282
61
436
808
1264
1715
2091
2535
2943
3305
3619
3841
3992
4019
4059
4008
3871
3692
3456
3261
3051
2912
2824
2787
2881
2996
3112
3247
3325
3361
3339
3210
2964
2649
2216
1687
1019
276
-459
-1341
-2119
-2865
-3541
-4013
-4412
-4633
-4740
-4741
-4636
-4364
-4025
-3601
-3130
-2698
-2218
-1856
-1499
-1196
-977
-758
-651
-585
-503
-468
-405
-300
-174
31
277
528
731
946
1150
1316
1376
1397
1346
1149
944
599
252
-166
-561
-974
-1458
-1809
-2218
-2467
-2678
-2742
-2715
-2694
-2411
-2281
-2061
-1860
-1679
-1439
-1309
-1063
-1026
-927
-799
-724
-604
-478
-196
-13
325
727
1038
1424
1841
2268
2565
2849
3120
3264
3389
3488
3457
3301
3192
3022
2739
2560
2450
2367
2332
2429
2536
2621
2845
3038
3231
3377
3464
3413
3172
2957
2595
2028
1436
719
-144
-1067
-1997
-2748
-3517
-4078
-4447
-4817
-4896
-4921
-4778
-4532
-4187
-3685
-3264
-2778
-2304
-1943
-1621
-1342
-1105
-948
-874
-838
-854
-852
-814
-781
-639
-422
-176
121
366
672
934
1162
1439
1529
1612
1577
1369
1110
678
263
-253
-756
-1205
-1694
-2100
-2426
-2637
-2818
-2809
-2754
-2613
-2434
-2245
-2003
-1868
-1570
-1359
-1155
-990
-867
-748
-717
-539
-424
-244
51
376
745
1105
1524
1945
2307
2723
3080
3359
3629
3873
3972
3950
3905
3692
3464
3155
2896
2725
2518
2594
2644
2727
2921
3014
3154
3130
3061
2940
2729
2614
2346
1965
1490
879
127
-706
-1539
-2328
-3045
-3639
-4090
-4500
-4723
-4782
-4699
-4501
-4151
-3698
-3259
-2710
-2201
-1745
-1322
-959
-617
-442
-341
-304
-377
-450
-512
-560
-533
-413
-226
-26
209
483
718
964
1211
1392
1474
1520
1448
1238
928
550
69
-473
-939
-1454
-1937
-2340
-2614
-2833
-2938
-2871
-2793
-2620
-2386
-2101
-1850
-1566
-1244
-1041
-875
-730
-644
-604
-530
-438
-375
-240
10
242
555
949
1348
1737
2152
2557
2873
3176
3453
3611
3666
3658
3580
3406
3188
2965
2644
2431
2317
2263
2249
2335
2547
2743
3011
3210
3347
3317
3292
3155
2780
2455
1930
1323
544
-287
-1116
-2045
-2809
-3499
-4136
-4617
-4889
-4986
-4961
-4761
-4420
-4002
-3474
-2890
-2342
-1897
-1453
-1070
-827
-655
-550
-525
-583
-607
-661
-718
-673
-568
-376
-189
81
431
717
1118
1454
1716
1902
1930
1926
1704
1415
1044
569
22
-524
-1107
-1700
-2170
-2592
-2849
-3100
-3077
-2996
-2871
-2542
-2279
-1919
-1628
-1237
-935
-778
-528
-411
-325
-264
-201
-155
-118
81
301
531
920
1387
1801
2246
2732
3092
3419
3733
3956
4049
4043
4020
3832
3520
3296
3020
2735
2583
2463
2369
2333
2430
2510
2511
2556
2592
2575
2507
2458
2240
1800
1359
730
-74
-916
-1748
-2569
-3404
-4003
-4535
-4982
-5217
-5290
-5208
-4990
-4508
-3981
-3396
-2721
-2137
-1648
-1206
-795
-479
-332
-226
-199
-306
-383
-521
-615
-654
-629
-495
-385
-145
142
408
735
1018
1296
1452
1548
1512
1273
1002
604
157
-357
-875
-1371
-1904
-2320
-2625
-2857
-2965
-2948
-2832
-2652
-2380
-2054
-1725
-1352
-1045
-736
-524
-352
-205
-156
-70
-84
-54
32
109
261
477
736
1070
1442
1892
2295
2698
3111
3376
3621
3742
3815
3694
3538
3346
3042
2823
2600
2469
2295
2278
2282
2276
2388
2537
2686
2719
2855
2864
2790
2694
2462
2061
1528
920
146
-726
-1551
-2374
-3141
-3798
-4344
-4737
-4965
-4981
-4879
-4575
-4126
-3604
-3005
-2427
-1875
-1424
-1032
-708
-472
-305
-225
-231
-300
-357
-458
-540
-518
-460
-333
-130
116
460
781
1145
1483
1688
1897
1941
1881
1754
1482
1109
634
86
-465
-1031
-1590
-2040
-2471
-2756
-2917
-2981
-2916
-2764
-2486
-2291
-1967
-1647
-1365
-1055
-835
-588
-487
-343
-199
-146
-45
89
222
401
699
1014
1380
1814
2288
2676
3011
3379
3625
3745
3807
3751
3561
3420
3246
2979
2697
2491
2331
2190
2107
2053
2088
2136
2260
2384
2435
2481
2467
2377
2144
1843
1421
860
166
-601
-1424
-2306
-3088
-3779
-4374
-4878
-5181
-5307
-5293
-5057
-4667
-4205
-3661
-3019
-2422
-1905
-1422
-1012
-699
-453
-296
-242
-269
-316
-385
-505
-549
-490
-393
-239
-7
253
540
893
1242
1533
1753
1878
1867
1676
1421
1027
535
14
-575
-1152
-1729
-2206
-2631
-2948
-3137
-3181
-3120
-2964
-2630
-2357
-1999
-1618
-1244
-915
-637
-370
-278
-199
-136
-78
-57
18
128
237
458
712
1062
1400
1825
2304
2692
3142
3465
3778
4003
4054
4024
3796
3571
3278
2988
2664
2326
2068
1896
1894
1865
1978
2074
2155
2342
2430
2549
2599
2608
2439
2104
1660
1003
339
-429
-1288
-2146
-3010
-3732
-4375
-4836
-5091
-5228
-5140
-4863
-4428
-3945
-3337
-2716
-2138
-1577
-1086
-648
-367
-149
-51
-108
-194
-305
-413
-501
-542
-522
-482
-309
-43
270
630
974
1334
1601
1858
2000
1982
1872
1593
1219
674
107
-512
-1165
-1758
-2283
-2707
-3062
-3197
-3287
-3243
-3041
-2791
-2433
-2064
-1630
-1269
-941
-626
-417
-258
-184
-63
-83
-49
77
89
265
465
732
1073
1464
1929
2326
2740
3162
3492
3734
3951
4044
3941
3853
3639
3239
2898
2552
2287
1992
1809
1733
1666
1800
1963
2159
2323
2533
2707
2679
2691
2583
2317
1972
1410
752
-24
-864
-1700
-2562
-3304
-3975
-4517
-4888
-5100
-5116
-4997
-4692
-4220
-3732
-3130
-2510
-1988
-1455
-1057
-671
-366
-247
-117
-184
-271
-331
-472
-482
-515
-407
-230
-101
234
516
858
1246
1537
1818
1955
2024
1970
1731
1427
990
455
-117
-706
-1291
-1880
-2362
-2737
-3015
-3129
-3090
-3009
-2818
-2522
-2204
-1793
-1429
-1017
-690
-492
-264
-217
-215
-159
-164
-164
-141
-80
25
269
614
981
1424
1865
2378
2825
3184
3578
3777
3893
4026
3895
3639
3417
3052
2659
2271
1896
1691
1509
1493
1571
1577
1785
2048
2305
2545
2796
2849
2747
2672
2322
1935
1384
727
-17
-948
-1820
-2724
-3529
-4143
-4657
-5052
-5202
-5201
-5020
-4682
-4251
-3689
-3101
-2466
-1914
-1430
-1002
-704
-430
-266
-196
-191
-272
-334
-411
-447
-409
-326
-133
90
373
707
1018
1389
1682
1901
2026
2031
1922
1628
1267
779
215
-400
-1029
-1632
-2237
-2685
-3048
-3291
-3367
-3319
-3163
-2915
-2586
-2255
-1887
-1513
-1165
-842
-635
-446
-335
-326
-219
-216
-188
-41
45
272
545
900
1408
1877
2382
2922
3317
3675
4005
4160
4192
4138
3933
3605
3235
2839
2432
2003
1680
1450
1242
1207
1283
1407
1605
1877
2152
2323
2487
2542
2452
2280
1956
1545
958
237
-489
-1415
-2344
-3133
-3890
-4471
-4911
-5165
-5223
-5179
-4887
-4444
-3913
-3271
-2624
-1968
-1431
-959
-557
-285
-117
-50
-39
-165
-322
-433
-550
-600
-548
-392
-201
51
388
710
1111
1502
1825
2073
2188
2191
2029
1739
1292
788
209
-435
-1089
-1737
-2311
-2806
-3098
-3288
-3358
-3255
-3056
-2769
-2445
-2049
-1561
-1189
-794
-427
-294
-146
-101
-141
-157
-189
-140
-85
17
255
544
917
1434
1931
2419
2894
3308
3624
3880
4061
4064
3963
3734
3397
3042
2581
2160
1862
1491
1314
1231
1160
1258
1392
1632
1990
2265
2562
2806
2882
2896
2711
2393
2000
1401
705
-77
-933
-1803
-2641
-3379
-4035
-4475
-4822
-4956
-4895
-4774
-4361
-3929
-3439
-2805
-2280
-1731
-1304
-977
-639
-527
-354
-276
-376
-406
-532
-581
-609
-597
-378
-199
110
486
783
1190
1529
1868
2144
2212
2257
2109
1805
1459
943
419
-162
-791
-1338
-1895
-2323
-2618
-2830
-2927
-2913
-2781
-2595
-2324
-2045
-1719
-1436
-1160
-904
-779
-631
-593
-572
-575
-576
-534
-522
-356
-154
116
542
1032
1565
2102
2644
3141
3489
3801
4040
4068
4021
3872
3558
3154
2740
2334
1905
1548
1344
1194
1119
1211
1359
1528
1769
2043
2224
2404
2571
2610
2575
2387
2102
1673
1076
430
-297
-1113
-1909
-2627
-3361
-3914
-4307
-4658
-4725
-4697
-4535
-4163
-3809
-3281
-2785
-2340
-1826
-1461
-1149
-854
-670
-563
-460
-415
-417
-350
-301
-190
-42
85
385
636
843
1189
1424
1659
1908
2018
2095
1995
1834
1604
1193
770
296
-232
-744
-1196
-1698
-2121
-2406
-2677
-2785
-2856
-2802
-2682
-2556
-2294
-2089
-1870
-1636
-1428
-1288
-1182
-1038
-996
-872
-693
-565
-347
-107
233
614
968
1487
1977
2437
2948
3303
3574
3746
3832
3845
3705
3472
3199
2868
2431
2098
1781
1442
1334
1227
1214
1278
1277
1498
1630
1750
2061
2150
2291
2427
2379
2253
2006
1693
1237
758
223
-433
-1109
-1767
-2377
-2996
-3448
-3748
-3999
-4104
-4077
-3992
-3873
-3528
-3212
-2950
-2517
-2213
-1882
-1585
-1377
-1048
-909
-690
-413
-362
-137
31
155
385
513
767
952
1087
1325
1426
1554
1645
1664
1662
1510
1343
1126
780
456
125
-277
-633
-998
-1340
-1680
-1974
-2168
-2367
-2513
-2526
-2553
-2544
-2437
-2406
-2254
-2139
-1981
-1755
-1694
-1438
-1277
-1145
-808
-615
-293
72
411
860
1193
1637
2091
2411
2829
3144
3340
3461
3542
3526
3327
3169
2937
2641
2351
2080
1781
1461
1293
1173
1079
1040
1146
1254
1363
1538
1644
1759
1916
1986
2009
1938
1750
1638
1289
967
635
79
-361
-945
-1535
-2062
-2626
-3035
-3394
-3704
-3866
-3931
-3964
-3861
-3662
-3445
-3108
-2745
-2389
-1981
-1606
-1214
-821
-513
-161
136
312
539
700
765
873
956
983
1028
1056
1074
1095
1073
1149
1146
1096
1125
1048
926
772
562
285
0
-312
-697
-1076
-1458
-1786
-2093
-2377
-2534
-2623
-2735
-2676
-2625
-2571
-2333
-2224
-1954
-1732
-1555
-1227
-1080
-758
-433
-191
156
482
852
1167
1497
1875
2136
2471
2782
2962
3157
3235
3362
3314
3176
3187
2901
2718
2541
2178
1958
1663
1537
1399
1160
1179
1104
1057
1122
1144
1196
1328
1507
1563
1672
1757
1718
1697
1485
1267
1014
570
159
-353
-949
-1482
-2098
-2664
-3106
-3504
-3786
-3939
-4035
-3980
-3813
-3622
-3226
-2872
-2470
-1932
-1502
-1022
-600
-230
130
375
617
742
818
862
802
808
695
682
665
578
687
652
692
786
785
912
885
851
821
576
399
90
-226
-598
-999
-1368
-1829
-2128
-2463
-2689
-2818
-2900
-2824
-2768
-2632
-2409
-2242
-1973
-1690
-1463
-1136
-882
-611
-384
-109
143
390
702
943
1299
1507
1833
2146
2342
2700
2862
3023
3196
3204
3216
3097
2963
2753
2502
2285
1960
1665
1319
1138
885
656
685
511
585
671
608
837
920
1115
1325
1345
1542
1540
1465
1412
1164
929
600
190
-279
-789
-1328
-1947
-2471
-2930
-3323
-3590
-3778
-3819
-3811
-3663
-3388
-3073
-2613
-2160
-1677
-1215
-784
-336
-8
342
599
736
872
831
831
763
620
597
516
474
462
448
476
509
552
626
699
697
705
620
430
250
-60
-374
-704
-1108
-1398
-1771
-2055
-2268
-2461
-2534
-2599
-2522
-2440
-2300
-2094
-1877
-1613
-1365
-1050
-781
-521
-258
-44
231
419
665
929
1070
1348
1523
1725
1986
2113
2371
2497
2592
2743
2712
2746
2702
2577
2505
2237
2008
1783
1485
1248
975
814
607
485
445
327
345
422
539
691
937
1184
1389
1541
1657
1643
1533
1467
1184
896
554
26
-483
-1087
-1634
-2160
-2673
-2974
-3297
-3506
-3536
-3559
-3407
-3159
-2830
-2401
-2009
-1530
-1041
-664
-240
106
377
633
780
858
837
778
687
573
443
365
297
201
237
227
249
352
385
501
564
568
634
510
403
274
-4
-176
-475
-808
-1102
-1445
-1722
-1973
-2191
-2272
-2359
-2378
-2251
-2156
-1954
-1712
-1400
-1128
-820
-436
-218
94
376
615
852
986
1254
1401
1522
1810
1919
2096
2299
2434
2593
2613
2744
2745
2601
2606
2483
2254
2053
1785
1473
1175
911
714
470
332
316
217
216
303
413
555
791
1040
1179
1354
1447
1479
1398
1239
1106
763
413
69
-476
-972
-1473
-1998
-2403
-2808
-3057
-3210
-3365
-3274
-3195
-3037
-2696
-2389
-1962
-1577
-1157
-726
-423
-64
184
387
530
551
582
478
393
307
150
98
11
-68
-59
-94
-12
67
117
319
355
418
506
390
365
213
11
-160
-481
-719
-1029
-1380
-1582
-1836
-2010
-2076
-2153
-2113
-2049
-1912
-1720
-1506
-1223
-960
-673
-404
-139
101
308
540
719
888
1086
1223
1374
1541
1665
1855
1980
2122
2263
2293
2380
2373
2324
2265
2130
2006
1760
1539
1304
1006
793
515
363
204
54
93
45
126
245
326
551
717
964
1173
1278
1471
1482
1477
1431
1255
1112
786
468
64
-430
-854
-1350
-1768
-2152
-2486
-2741
-2934
-3009
-3014
-2942
-2780
-2523
-2223
-1881
-1522
-1174
-813
-512
-276
-63
74
153
183
141
114
40
-61
-131
-232
-264
-271
-257
-184
-86
52
198
330
466
575
621
641
622
520
363
172
-87
-351
-640
-944
-1176
-1463
-1643
-1776
-1929
-1906
-1899
-1835
-1666
-1505
-1272
-1040
-782
-481
-239
17
301
500
718
963
1133
1300
1484
1641
1752
1870
1987
2078
2142
2191
2234
2196
2148
2091
1926
1778
1620
1402
1184
921
697
465
236
86
-32
-102
-89
-36
54
235
390
626
830
1032
1277
1376
1513
1532
1513
1411
1164
964
581
193
-197
-700
-1130
-1581
-1997
-2339
-2648
-2811
-2919
-2951
-2845
-2686
-2445
-2161
-1825
-1473
-1138
-795
-522
-278
-86
50
153
145
158
105
-13
-64
-168
-219
-250
-248
-178
-119
5
148
290
446
597
721
784
827
817
740
611
450
226
-37
-296
-584
-862
-1114
-1292
-1476
-1603
-1651
-1670
-1596
-1484
-1282
-1081
-858
-568
-319
-74
167
415
607
760
954
1044
1106
1217
1285
1342
1401
1506
1574
1593
1699
1757
1752
1796
1796
1731
1615
1502
1333
1090
906
726
466
245
97
-66
-192
-205
-145
-90
59
292
479
702
969
1223
1416
1604
1786
1810
1773
1699
1510
1235
920
569
144
-312
-744
-1211
-1674
-2016
-2319
-2577
-2714
-2768
-2747
-2679
-2503
-2249
-2026
-1706
-1374
-1109
-833
-593
-409
-281
-183
-130
-153
-199
-234
-299
-372
-395
-393
-383
-304
-191
-67
94
275
450
615
772
887
952
946
923
814
641
472
207
-43
-312
-574
-807
-1029
-1177
-1304
-1382
-1391
-1348
-1283
-1156
-982
-816
-608
-404
-234
-63
82
208
297
372
454
495
542
616
681
741
823
922
1012
1115
1230
1318
1368
1411
1417
1356
1253
1138
962
763
595
413
224
74
-28
-99
-134
-99
-7
98
259
441
619
818
1020
1200
1336
1445
1509
1500
1421
1319
1142
892
631
298
-57
-425
-799
-1157
-1508
-1796
-2050
-2249
-2379
-2445
-2451
-2404
-2307
-2173
-2000
-1802
-1591
-1381
-1161
-964
-783
-629
-503
-387
-313
-238
-183
-146
-92
-54
-3
61
136
215
309
427
533
651
758
857
931
970
997
960
892
803
661
504
328
130
-67
-267
-437
-602
-738
-833
-904
-943
-950
-904
-846
-761
-643
-536
-415
-289
-176
-67
33
130
219
275
352
429
487
575
661
748
841
945
1039
1108
1181
1229
1243
1240
1207
1142
1043
940
818
674
539
397
282
178
88
50
7
17
71
135
260
388
534
694
834
989
1108
1208
1290
1298
1273
1196
1062
900
688
429
139
-181
-513
-858
-1191
-1488
-1749
-1976
-2158
-2269
-2336
-2339
-2283
-2189
-2027
-1846
-1637
-1411
-1188
-948
-751
-561
-379
-250
-134
-55
-5
42
61
98
123
156
238
303
396
511
627
755
872
986
1067
1110
1147
1123
1060
964
827
652
453
253
26
-196
-391
-571
-730
-851
-924
-974
-987
-954
-903
-846
-757
-653
-568
-476
-382
-310
-255
-193
-124
-81
-23
56
112
188
282
383
483
585
714
802
879
977
1023
1034
1044
1008
945
848
742
619
461
335
204
68
-27
-78
-121
-137
-85
-12
87
228
403
589
778
981
1156
1295
1417
1499
1510
1462
1379
1226
1000
742
446
95
-261
-624
-989
-1335
-1643
-1899
-2119
-2260
-2328
-2350
-2295
-2173
-2002
-1788
-1544
-1284
-1019
-765
-525
-313
-134
17
129
201
250
276
280
276
283
295
319
358
421
500
589
697
795
887
980
1045
1079
1088
1065
1000
903
783
626
439
248
48
-160
-348
-518
-669
-795
-887
-945
-987
-994
-965
-933
-882
-821
-760
-690
-633
-569
-525
-472
-421
-377
-326
-277
-202
-122
-23
88
195
323
447
569
684
781
858
914
939
938
905
818
717
569
404
242
51
-100
-246
-362
-423
-474
-463
-407
-311
-162
20
239
470
713
945
1149
1318
1445
1517
1520
1474
1351
1174
937
657
345
7
-332
-682
-1001
-1294
-1540
-1733
-1875
-1946
-1970
-1925
-1834
-1697
-1517
-1326
-1108
-896
-693
-484
-315
-147
-10
94
186
246
306
345
381
424
464
523
588
663
749
847
949
1047
1147
1231
1293
1329
1345
1331
1287
1216
1116
984
826
647
460
266
67
-128
-313
-487
-649
-788
-910
-1014
-1094
-1166
-1218
-1264
-1295
-1310
-1312
-1298
-1272
-1231
-1181
-1110
-1027
-916
-792
-650
-478
-309
-122
61
246
422
574
712
812
881
919
916
874
802
689
545
390
215
39
-126
-282
-411
-516
-588
-617
-608
-549
-453
-316
-135
64
284
510
738
964
1165
1343
1483
1580
1634
1629
1577
1464
1307
1105
852
582
280
-32
-334
-634
-900
-1144
-1352
-1505
-1622
-1673
-1672
-1631
-1539
-1411
-1253
-1069
-870
-666
-463
-267
-89
70
212
323
417
497
545
594
628
651
687
713
757
802
858
925
989
1066
1125
1181
1221
1242
1238
1201
1148
1056
939
787
615
433
218
13
-199
-417
-610
-796
-963
-1111
-1237
-1344
-1428
-1481
-1513
-1531
-1531
-1513
-1474
-1427
-1358
-1278
-1179
-1068
-946
-809
-671
-513
-355
-198
-33
125
274
411
536
630
697
735
749
722
666
592
483
358
210
61
-94
-241
-357
-460
-519
-551
-549
-506
-414
-266
-98
111
346
592
848
1094
1319
1511
1668
1786
1842
1847
1793
1680
1516
1305
1056
766
465
160
-156
-453
-722
-958
-1156
-1300
-1393
-1448
-1443
-1395
-1306
-1186
-1039
-869
-704
-532
-364
-213
-68
52
162
241
302
363
393
425
458
486
532
571
628
688
744
823
888
963
1033
1079
1112
1114
1108
1064
998
911
789
658
492
324
138
-55
-244
-443
-617
-795
-954
-1101
-1236
-1346
-1454
-1533
-1602
-1658
-1685
-1709
-1710
-1689
-1651
-1591
-1522
-1418
-1300
-1163
-1001
-829
-642
-445
-246
-48
140
317
479
606
717
795
834
852
833
781
704
599
478
351
213
93
-30
-133
-193
-249
-270
-244
-200
-108
19
168
350
541
751
960
1161
1355
1531
1678
1789
1872
1901
1879
1827
1715
1563
1379
1149
901
623
339
55
-239
-486
-727
-938
-1104
-1242
-1320
-1362
-1353
-1301
-1228
-1100
-975
-831
-658
-516
-354
-219
-103
14
66
131
167
173
193
183
181
184
184
208
229
274
338
403
486
563
642
716
769
816
828
819
789
701
609
472
297
131
-80
-285
-499
-737
-941
-1168
-1374
-1544
-1713
-1847
-1960
-2042
-2109
-2137
-2138
-2122
-2062
-1990
-1885
-1759
-1615
-1441
-1252
-1050
-825
-589
-362
-112
122
348
571
763
947
1090
1198
1276
1308
1302
1271
1196
1088
978
833
680
539
386
263
147
63
15
-14
19
78
160
292
441
614
808
1004
1213
1413
1592
1764
1887
1974
2043
2041
2002
1925
1791
1629
1419
1194
943
671
409
134
-119
-352
-562
-730
-882
-981
-1055
-1098
-1080
-1054
-992
-912
-827
-712
-620
-522
-424
-362
-285
-236
-213
-177
-173
-156
-143
-125
-98
-71
-22
34
104
185
277
378
463
560
648
711
765
800
791
775
725
631
538
386
228
51
-166
-353
-585
-805
-1003
-1232
-1412
-1598
-1767
-1903
-2033
-2117
-2191
-2225
-2235
-2217
-2164
-2094
-1974
-1845
-1674
-1483
-1268
-1029
-789
-517
-272
1
258
473
721
900
1079
1223
1300
1382
1388
1382
1346
1246
1157
1024
877
739
577
434
298
171
84
1
-44
-40
-28
37
122
218
365
514
673
863
1019
1205
1368
1498
1657
1727
1801
1833
1793
1771
1663
1540
1387
1174
978
730
473
237
-27
-257
-475
-680
-841
-981
-1084
-1136
-1174
-1177
-1127
-1103
-1012
-922
-851
-715
-657
-552
-468
-435
-340
-327
-293
-251
-253
-194
-175
-142
-65
-24
72
168
255
384
485
589
695
770
850
896
911
911
851
774
663
514
361
153
-54
-267
-507
-706
-920
-1126
-1289
-1466
-1601
-1707
-1810
-1852
-1900
-1892
-1859
-1824
-1726
-1632
-1491
-1340
-1184
-976
-797
-570
-345
-145
114
301
521
726
860
1056
1145
1242
1322
1297
1337
1264
1174
1103
930
816
640
455
329
127
10
-116
-252
-287
-362
-377
-351
-325
-215
-110
30
216
386
592
799
993
1205
1385
1549
1695
1787
1871
1895
1876
1836
1716
1580
1402
1178
958
685
418
154
-127
-366
-606
-820
-987
-1143
-1248
-1322
-1369
-1368
-1357
-1313
-1252
-1187
-1098
-1016
-928
-842
-768
-693
-624
-554
-492
-431
-360
-296
-209
-119
-26
98
202
331
455
565
694
788
879
956
985
1002
991
933
856
752
602
460
283
82
-85
-309
-501
-674
-891
-1019
-1175
-1311
-1380
-1496
-1532
-1571
-1614
-1583
-1585
-1548
-1478
-1423
-1333
-1221
-1105
-968
-813
-662
-489
-306
-132
54
234
409
573
721
850
947
1029
1078
1092
1089
1049
988
896
797
681
550
436
294
184
77
-30
-88
-157
-185
-190
-186
-138
-91
-4
98
211
355
491
661
818
972
1149
1286
1431
1547
1637
1703
1719
1713
1659
1568
1438
1266
1061
820
566
281
4
-275
-561
-793
-1034
-1220
-1366
-1498
-1537
-1571
-1547
-1473
-1409
-1271
-1143
-1006
-836
-710
-556
-421
-315
-199
-127
-56
12
53
106
154
198
264
326
389
476
543
623
703
748
817
831
838
837
760
713
594
463
341
136
-20
-226
-433
-599
-808
-958
-1113
-1256
-1345
-1456
-1509
-1544
-1581
-1553
-1537
-1503
-1430
-1385
-1293
-1198
-1110
-974
-863
-726
-559
-428
-248
-85
59
256
397
547
701
790
907
968
999
1039
998
974
908
793
711
564
440
318
164
73
-55
-141
-193
-266
-262
-257
-230
-156
-84
28
150
289
437
589
745
902
1059
1197
1341
1452
1552
1627
1663
1683
1652
1610
1520
1404
1271
1078
901
675
434
218
-51
-261
-488
-704
-842
-1019
-1116
-1189
-1252
-1232
-1229
-1166
-1080
-1006
-869
-766
-645
-518
-422
-315
-235
-158
-98
-50
-4
17
55
80
101
140
163
207
250
287
335
374
404
436
455
445
439
397
338
283
179
88
-32
-174
-290
-450
-574
-707
-856
-947
-1076
-1162
-1227
-1312
-1325
-1363
-1372
-1354
-1344
-1293
-1243
-1172
-1092
-998
-888
-775
-640
-513
-367
-215
-81
73
207
341
471
565
665
728
772
812
803
802
764
703
649
550
479
387
284
230
124
62
25
-54
-45
-60
-54
13
32
118
204
277
421
530
667
830
953
1113
1250
1370
1508
1597
1688
1749
1764
1775
1720
1652
1551
1388
1238
1018
794
569
288
61
-194
-438
-619
-829
-970
-1087
-1190
-1214
-1252
-1228
-1175
-1139
-1041
-962
-869
-756
-679
-583
-505
-455
-385
-346
-306
-260
-244
-202
-170
-146
-86
-52
13
82
120
201
236
272
327
314
337
320
261
233
130
47
-45
-187
-280
-419
-543
-641
-783
-866
-964
-1054
-1103
-1174
-1207
-1235
-1252
-1253
-1255
-1238
-1221
-1185
-1148
-1099
-1019
-950
-850
-746
-639
-501
-390
-243
-95
30
183
304
415
536
610
683
745
759
783
768
732
712
634
576
516
424
372
292
230
193
146
137
117
124
147
166
225
272
354
438
525
652
745
874
1000
1109
1251
1350
1461
1564
1627
1700
1719
1724
1705
1640
1564
1434
1291
1116
900
695
447
211
-18
-270
-473
-683
-868
-996
-1129
-1204
-1243
-1287
-1265
-1237
-1196
-1100
-1034
-937
-826
-766
-651
-578
-519
-423
-392
-319
-274
-250
-185
-171
-115
-59
-39
34
63
103
163
179
231
255
261
282
260
239
219
163
120
66
-5
-53
-131
-197
-248
-326
-370
-422
-482
-508
-563
-602
-634
-685
-710
-744
-780
-797
-829
-842
-841
-847
-818
-784
-742
-661
-585
-482
-359
-244
-107
23
149
285
403
516
616
684
751
786
795
800
775
735
688
620
556
485
412
350
280
218
170
124
103
89
84
110
135
180
243
309
402
490
592
706
804
934
1043
1142
1253
1318
1389
1428
1428
1433
1369
1294
1194
1040
895
706
506
298
66
-145
-373
-582
-768
-953
-1090
-1229
-1323
-1379
-1435
-1425
-1420
-1387
-1316
-1274
-1173
-1094
-1014
-897
-834
-727
-639
-579
-474
-428
-349
-275
-236
-138
-95
-25
63
104
199
250
299
374
386
440
464
458
490
454
439
419
349
312
235
155
89
-9
-88
-174
-269
-352
-437
-510
-579
-638
-692
-739
-762
-791
-793
-790
-780
-736
-708
-649
-577
-517
-426
-346
-263
-161
-77
14
104
179
257
323
379
431
467
486
516
524
523
535
515
505
491
447
440
401
364
352
295
278
253
206
218
188
174
203
185
227
268
301
393
436
517
609
663
773
851
918
1005
1037
1081
1109
1100
1104
1046
985
909
781
679
539
394
263
91
-51
-200
-354
-466
-598
-700
-785
-875
-922
-976
-1001
-1010
-1025
-1003
-991
-963
-915
-876
-814
-754
-685
-608
-530
-443
-367
-279
-195
-110
-16
60
148
218
279
343
384
424
456
476
491
489
473
455
423
392
359
305
257
204
141
92
24
-41
-101
-183
-241
-308
-376
-431
-498
-549
-600
-648
-679
-713
-731
-746
-746
-737
-726
-689
-656
-607
-549
-500
-428
-365
-297
-215
-156
-82
-9
48
120
181
236
298
342
384
430
454
486
506
511
523
516
504
497
469
441
412
367
334
297
249
223
192
162
154
137
133
147
152
182
209
239
296
341
395
459
506
567
621
663
711
741
759
770
756
738
703
649
593
511
413
313
191
71
-53
-184
-305
-435
-557
-657
-760
-832
-891
-948
-970
-992
-987
-957
-931
-874
-820
-760
-680
-615
-529
-457
-394
-316
-271
-203
-141
-95
-30
7
51
102
136
186
220
248
287
303
320
333
327
330
314
281
249
203
146
87
18
-54
-121
-198
-264
-327
-382
-425
-467
-494
-515
-522
-518
-517
-492
-476
-452
-416
-399
-363
-338
-314
-267
-245
-208
-167
-142
-88
-52
-8
53
92
149
200
249
310
349
399
437
462
498
508
513
514
495
480
451
421
384
338
298
252
213
178
140
113
93
79
73
77
91
107
132
161
197
243
289
339
391
437
493
539
583
628
653
679
691
693
693
669
632
585
521
451
371
281
192
93
-16
-122
-230
-336
-433
-522
-607
-682
-751
-810
-854
-889
-907
-913
-918
-902
-879
-850
-808
-766
-711
-648
-587
-518
-446
-374
-292
-227
-157
-86
-29
35
84
130
176
207
245
262
271
286
277
275
264
243
231
201
173
145
104
72
32
-9
-48
-92
-132
-177
-222
-258
-305
-339
-370
-407
-423
-444
-452
-444
-437
-407
-380
-343
-289
-245
-182
-117
-55
19
80
146
205
262
316
359
402
434
460
480
488
495
494
492
488
470
458
437
410
383
350
317
286
246
211
174
137
107
77
58
46
39
46
57
75
114
152
200
256
303
365
418
467
527
563
602
632
644
659
650
640
622
591
565
519
469
412
352
297
230
162
91
18
-53
-126
-201
-282
-360
-442
-520
-589
-665
-732
-787
-841
-872
-902
-914
-902
-888
-853
-804
-748
-671
-590
-503
-410
-326
-231
-147
-70
10
68
123
165
193
221
230
236
239
226
221
206
185
171
144
120
91
60
31
-11
-52
-101
-151
-197
-257
-312
-365
-425
-474
-523
-565
-590
-614
-619
-615
-603
-566
-533
-481
-425
-366
-290
-224
-143
-65
4
84
147
208
268
311
357
389
416
441
448
459
460
450
442
420
399
371
338
308
262
221
182
132
96
55
14
-13
-40
-53
-57
-53
-34
-8
26
64
106
157
210
268
315
357
396
425
453
467
470
467
453
435
410
375
340
303
262
223
187
147
116
80
48
28
-6
-33
-63
-100
-134
-181
-224
-277
-332
-381
-440
-493
-550
-600
-639
-674
-688
-695
-689
-668
-641
-595
-537
-479
-400
-324
-240
-148
-69
17
90
157
224
271
314
348
363
381
389
384
381
361
344
322
287
260
218
179
135
81
33
-25
-86
-134
-199
-252
-303
-356
-395
-434
-459
-477
-487
-476
-458
-425
-379
-326
-266
-197
-123
-44
32
106
177
239
298
346
387
417
432
442
445
440
433
419
402
386
365
348
332
308
293
277
255
236
215
193
174
153
129
107
81
59
39
22
13
5
2
10
11
18
33
42
63
75
91
103
107
116
115
112
108
98
84
66
38
12
-16
-48
-80
-113
-144
-173
-207
-235
-265
-295
-320
-349
-373
-398
-425
-445
-470
-490
-509
-519
-519
-518
-507
-489
-468
-429
-390
-342
-282
-228
-158
-94
-29
43
102
162
214
255
292
311
324
335
322
308
286
249
216
176
131
92
44
-3
-46
-97
-140
-182
-219
-246
-274
-289
-304
-313
-313
-309
-297
-277
-250
-215
-177
-138
-94
-47
3
52
103
153
198
238
280
310
332
357
367
378
379
373
372
360
351
344
327
319
308
294
292
280
276
271
264
260
253
251
246
243
235
224
211
192
175
155
137
119
104
87
72
62
48
37
29
22
20
14
18
18
16
21
19
19
16
11
6
-1
-6
-19
-28
-40
-50
-65
-79
-91
-113
-128
-146
-162
-173
-194
-203
-216
-234
-238
-252
-254
-260
-266
-266
-271
-260
-262
-259
-248
-242
-228
-218
-204
-187
-173
-148
-129
-111
-87
-72
-53
-38
-26
-18
-11
-7
-9
-9
-18
-18
-28
-36
-39
-52
-53
-63
-73
-79
-91
-96
-97
-100
-99
-100
-98
-98
-96
-93
-90
-80
-75
-64
-60
-54
-40
-36
-19
-14
0
17
20
41
50
69
86
101
126
135
161
179
192
214
221
238
252
264
281
290
296
296
299
298
295
287
281
275
266
262
254
241
234
223
208
198
184
171
163
150
139
122
107
86
69
50
26
11
-10
-31
-43
-56
-76
-91
-108
-121
-127
-134
-136
-136
-136
-133
-134
-137
-142
-134
-135
-133
-132
-135
-127
-134
-133
-132
-135
-127
-130
-121
-115
-116
-99
-97
-81
-66
-62
-40
-43
-31
-18
-24
-3
-9
-8
-4
-25
-13
-22
-25
-19
-33
-27
-29
-32
-24
-31
-22
-13
-13
0
-5
0
-2
-9
-2
-17
-17
-21
-39
-35
-58
-67
-75
-105
-102
-114
-129
-126
-133
-138
-136
-131
-134
-124
-119
-112
-93
-90
-72
-55
-52
-27
-14
-6
24
28
46
75
83
107
126
137
160
176
181
197
197
199
206
208
206
201
191
175
168
147
131
119
97
85
68
46
37
14
3
-1
-18
-10
-19
-27
-19
-32
-20
-25
-33
-16
-30
-22
-18
-33
-19
-26
-31
-25
-31
-23
-25
-18
-13
-17
-10
-10
-6
-10
-11
-10
-24
-17
-27
-39
-37
-54
-57
-61
-82
-86
-97
-110
-107
-114
-116
-110
-116
-110
-100
-98
-78
-64
-61
-33
-27
-20
1
8
18
26
33
34
44
46
44
60
51
60
68
54
71
67
60
68
57
54
54
44
37
37
25
13
15
-4
-10
-16
-42
-46
-65
-78
-86
-95
-94
-97
-95
-97
-84
-79
-74
-45
-44
-21
-1
2
32
39
53
76
83
103
114
122
123
132
135
135
147
135
135
129
116
117
108
111
107
100
102
89
85
78
68
64
47
44
20
5
-3
-33
-30
-49
-57
-52
-74
-59
-69
-63
-47
-59
-37
-36
-20
-9
-6
11
9
23
20
18
16
5
-4
-19
-25
-38
-50
-47
-65
-64
-68
-79
-64
-73
-61
-60
-67
-57
-64
-57
-59
-66
-66
-75
-78
-84
-85
-82
-76
-61
-60
-42
-21
-13
