SAMPLES:	9443
BITSPERSAMPLE:	16
CHANNELS:	1
SAMPLERATE:	16000
NORMALIZED:	FALSE
5
1
0
4
5
4
4
8
11
6
5
4
3
4
8
14
11
6
5
7
8
8
11
10
3
-4
-8
-9
-10
-4
5
7
8
9
13
12
9
10
9
3
-6
-11
-7
-5
-3
-2
-5
-9
-10
-3
2
2
1
-3
-1
-3
-1
5
5
2
-7
-12
-9
-5
-6
-8
-8
-7
-9
-14
-19
-20
-20
-14
-5
2
10
11
9
3
0
1
-2
-6
-6
-3
-6
-13
-14
-10
-8
-5
-10
-17
-20
-16
-9
-8
-13
-18
-14
-13
-15
-13
-7
-1
1
-1
-6
-14
-18
-15
-9
-4
-1
8
16
14
8
12
16
21
22
14
6
2
1
-4
-1
4
5
11
15
18
22
21
25
25
18
15
14
12
10
8
12
20
21
23
22
16
12
11
8
9
15
15
12
12
15
15
19
19
14
12
10
9
10
9
7
7
3
-2
-5
-10
-4
5
6
4
1
-4
-4
-6
-5
-5
-5
-6
-10
-11
-10
-9
-14
-20
-20
-13
-7
-1
-5
-5
-3
-3
-4
-10
-16
-16
-13
-10
-3
3
9
16
15
9
2
3
1
1
0
-9
-16
-15
-19
-20
-15
-8
-1
0
-5
-7
-6
-3
2
-7
-16
-13
-8
-3
-7
-10
-1
4
7
4
-7
-16
-19
-23
-25
-31
-36
-31
-22
-14
-1
-1
-1
5
7
9
5
-5
-6
-3
-10
-15
-15
-13
-11
-14
-19
-17
-8
2
12
18
20
18
14
7
2
-1
3
7
4
2
7
5
1
2
3
6
9
6
1
-4
-6
-5
5
20
29
27
21
20
19
23
28
31
32
24
15
9
6
7
10
15
11
7
14
7
8
17
23
24
25
26
21
13
4
-2
0
5
13
20
19
19
16
12
-3
-16
-14
-14
-14
-15
-11
-11
-8
-4
2
0
-5
-8
-10
-10
-5
-2
-3
-6
-9
-13
-16
-13
-14
-12
-14
-16
-10
-8
-12
-18
-12
-6
3
1
-5
-11
-19
-15
-14
-15
-17
-12
-1
-3
-10
-15
-18
-20
-16
-11
-15
-11
1
8
14
6
9
19
11
5
-9
4
15
14
9
-2
-3
-16
-24
-25
-26
-11
12
22
9
2
4
8
5
3
2
-5
8
10
20
-16
-53
-6
-4
-19
-1
-3
-14
-8
-8
-12
-21
-32
12
35
1
25
40
11
24
9
1
8
-19
5
9
-3
40
47
24
1
-7
-7
-9
5
19
32
15
17
39
24
27
38
18
-5
-4
12
-5
-9
-21
-15
-7
-36
-3
-2
-30
-27
-2
14
30
17
16
26
-5
-4
-5
-33
-19
-15
-10
-20
-40
19
6
0
-10
-16
17
13
24
16
12
30
34
20
10
0
-10
-18
-4
-15
-35
-48
-38
-10
-37
-18
-13
-23
-4
-4
-3
-21
-19
13
3
-15
-12
31
22
-33
-20
-21
-52
-55
-28
-38
-18
-36
-1
0
-46
-7
-30
-22
-47
-13
15
0
-3
-1
4
-20
17
46
68
20
29
44
9
-9
-44
-24
-30
-23
18
12
10
78
118
54
45
-17
-39
6
-41
-7
38
18
36
74
-12
14
36
-47
-8
-61
-45
30
-46
-9
-32
-53
13
-69
1
28
-8
58
3
-36
48
10
-13
59
-58
43
70
-64
17
-51
-74
13
-26
3
88
-56
-19
39
-112
89
-54
-67
111
-81
90
93
-96
41
20
-71
42
-37
-70
125
-13
19
144
-67
54
119
-78
56
11
-105
60
-84
-12
63
-118
21
14
13
40
5
-9
-33
-15
-81
-29
-62
-25
14
-65
32
-28
22
-35
-34
2
-43
34
1
41
-94
-9
-10
-88
22
-35
87
7
-87
78
-9
-30
19
42
35
48
61
17
64
-60
59
132
-98
3
56
-20
82
5
21
15
-85
124
66
-19
29
84
-20
-37
46
55
-32
-37
33
-28
-12
-86
87
-92
-127
77
-29
13
-128
69
-7
-82
72
80
84
-119
109
73
-161
3
-16
65
-75
-104
217
-90
-169
156
37
-54
53
-38
148
-94
-108
227
-177
-28
-11
12
-22
10
78
192
206
-166
308
-34
-68
100
-152
-40
-30
-274
56
20
-301
197
-99
34
115
-59
204
-21
-22
26
45
-145
35
132
-45
157
2
3
-46
-14
50
-166
39
-99
-177
148
-129
-21
137
-87
170
34
-37
93
69
-173
125
101
-282
177
-154
-102
-34
-60
153
-196
296
-93
45
208
-223
70
69
-92
134
79
-144
216
-60
-83
82
-27
-114
93
-14
-72
77
16
49
103
-52
149
76
-151
196
-274
136
49
-191
382
-211
74
193
-46
-205
278
-111
-349
395
-492
-36
50
-282
142
149
-177
307
-26
-273
229
-222
2
-186
-3
-34
-16
100
-77
-107
103
-92
-158
225
-274
-138
134
-114
59
62
60
51
4
-56
155
-123
-243
226
-381
100
49
-298
321
-203
24
192
-173
6
233
-375
-35
173
-427
339
-55
-208
245
-187
154
66
2
75
26
-71
101
18
-105
121
-325
277
-169
-54
374
-505
329
112
-222
271
-81
-48
41
-95
-103
303
-302
78
516
-567
269
227
-358
435
-218
-33
313
-381
268
64
-90
-111
93
17
-202
373
-325
225
171
-107
264
-115
113
-47
147
15
-61
155
-322
219
-10
31
134
-83
328
-160
146
-187
18
-253
-264
185
203
113
-21
872
-586
-2
135
-637
257
-318
-62
506
-48
155
479
-292
-138
32
-182
-439
305
-451
32
467
-468
456
-147
-182
298
-350
81
-170
119
-226
-161
710
-752
684
-64
-546
777
-905
92
479
-861
609
-60
-156
374
-261
-17
-213
-17
-405
519
-129
-69
359
-275
162
15
-256
122
-72
-267
338
-644
350
-162
-75
286
-421
410
-525
580
-301
130
56
-343
479
-485
483
-392
281
-331
392
-33
-397
965
-1195
992
-396
-52
627
-873
810
-362
283
-210
156
121
-315
411
-568
680
-523
235
348
-443
602
-400
491
-180
116
-67
1
297
-588
793
-427
-150
490
-497
403
-11
-128
1
153
-172
-123
173
-245
251
-72
25
69
180
-432
234
244
-625
299
-46
-192
97
-168
29
123
-181
-79
-7
-23
-69
366
-399
350
159
-557
627
-343
-85
209
-217
-14
330
-599
412
-29
-367
299
86
-175
80
308
-616
523
-378
59
107
-303
6
195
-189
323
-210
48
238
-505
490
-509
450
-487
190
-88
-287
334
-392
178
-305
364
-543
516
-297
-59
454
-917
831
-450
-159
182
-41
-226
132
233
-240
224
-37
116
-42
-91
314
-370
208
-154
144
246
-566
1003
-545
119
378
-312
67
158
-191
92
373
-613
966
-354
21
641
-871
650
-97
-396
669
-527
350
205
-480
723
-580
174
191
-503
402
5
-42
181
-214
682
-721
119
131
-143
14
-351
725
-734
468
-51
-189
35
-147
-278
284
-89
-398
870
-673
182
74
-2
-527
554
-97
-417
860
-631
251
77
-237
-294
328
-465
456
-434
292
-53
-312
494
-671
797
-971
724
-486
193
34
-570
813
-845
518
39
-327
265
-10
-226
127
-266
47
-152
-355
431
-368
100
235
-42
121
165
-139
118
229
-720
680
-420
-262
795
-692
756
-325
46
252
-341
300
-62
32
-99
505
-784
783
-451
-30
443
-425
503
-14
-33
217
261
-619
603
-310
-42
181
-278
315
-75
-155
316
-32
-88
-151
805
-568
-329
1033
-985
463
-357
658
-643
266
397
-496
911
-1108
1153
-637
-172
399
-386
-21
68
63
-173
181
-234
438
-613
535
-67
-545
596
14
-659
583
-146
-428
727
-648
255
511
-974
705
-234
-508
579
-346
-9
-230
676
-808
703
-171
-588
1125
-1145
796
-374
235
-631
440
-15
-910
1516
-1198
374
393
-757
489
91
-676
304
244
-735
498
30
-699
657
-376
-110
363
-321
86
171
-280
-198
617
-784
351
155
-725
916
-693
194
252
-90
-215
412
-200
219
-251
328
129
-625
715
-530
340
-193
254
-478
900
-789
199
905
-1464
1420
-267
-616
806
-214
-747
1055
-913
267
556
-702
742
-376
273
-289
125
119
-693
999
-1049
598
-37
-432
720
-660
547
-397
313
-63
94
120
-263
301
-304
254
-43
66
376
-564
882
-574
63
349
-404
-260
736
-369
-165
1167
-1271
951
167
-793
973
-336
-572
809
-291
-417
718
-434
-160
465
-590
350
315
-521
165
316
-806
357
606
-1457
1063
-441
-635
1170
-775
-74
575
-899
528
14
-363
107
2
-327
-92
450
-726
179
-126
-43
-120
502
-437
207
172
-527
422
-403
474
-808
655
-488
73
716
-1470
1681
-1375
346
518
-917
1188
-1249
838
-346
-439
1153
-1410
1302
-745
-95
962
-1126
1055
-589
427
-553
196
109
-705
741
-298
-307
766
-30
-847
1584
-1291
368
750
-1185
983
-433
-46
391
-114
-328
315
231
-614
527
-70
-169
19
-580
733
-758
7
735
-1173
1061
-416
15
601
-390
208
-64
283
-99
-158
131
-121
-204
529
-281
148
524
-923
833
-164
-856
1461
-1315
273
565
-891
1090
-1009
613
-698
413
282
-1209
2108
-2564
1754
-454
-1025
1918
-1953
1554
-1449
726
-74
-909
1515
-2060
1559
-1093
274
442
-677
859
-1215
968
-813
620
-577
101
503
-1274
1551
-939
1078
-923
351
466
-1004
1612
-1580
1120
-556
46
786
-960
1522
-1312
735
106
-322
955
-700
358
181
-196
-429
676
-208
-453
-111
835
-895
655
577
-1706
2734
-3085
2111
-174
-2000
2983
-3171
2068
-692
-17
848
-1033
1264
-1874
2383
-2091
1071
16
-1813
3348
-3746
2695
-1227
66
167
-619
979
-1302
1751
-1712
1010
56
-706
818
-608
963
-1095
576
209
-929
1412
-1394
1388
-888
-47
434
-477
737
-1123
1084
-1284
1565
-1747
1990
-1589
738
202
-1230
2578
-3413
3460
-2914
1853
-681
-813
2214
-3710
3424
-2302
861
421
-1658
2381
-3160
3448
-2686
567
1328
-2936
3212
-2875
1489
-188
-1714
2287
-1974
1076
-1116
633
193
-1019
2135
-3052
2894
-2620
1121
958
-2538
2683
-1491
188
279
1221
-2152
1948
-104
-2122
2984
-1854
-7
1122
-611
-1310
2672
-1678
-1031
4313
-4568
2604
749
-1848
979
1481
-3177
1642
1621
-4611
5026
-2271
-728
1521
79
-2224
3467
-2004
-1224
4317
-5237
3650
-1000
-1191
1252
-438
442
-1565
3310
-3279
1973
-173
-680
1155
-1796
2161
-2490
2063
-980
82
1091
-1110
337
1032
-824
-646
2393
-2156
695
1318
-1422
-111
1841
-2945
2455
-820
-1597
2057
-686
-288
819
534
-2301
3267
-1529
-780
1822
-1459
-87
1905
-2046
1216
399
-1749
1755
-1163
325
-599
1240
-812
-385
1227
-1524
784
78
-278
-507
1061
-1873
638
1514
-2451
1638
524
-3127
2642
-651
-2757
3867
-2736
-242
2246
-1578
-463
3034
-3469
830
2212
-4724
4863
-2104
-305
1028
-392
-744
696
619
-3732
4522
-3713
1231
2163
-3223
1836
398
-2060
1760
-147
-2091
2609
-1597
589
548
-412
-596
1081
-1291
880
245
-1682
2166
-1914
1118
281
-554
11
154
-723
591
193
-780
1064
-1111
1381
-23
-224
115
-738
1036
-916
77
1493
-2112
753
1153
-1403
1791
-401
-699
1307
1110
-1670
1987
-665
-1116
3477
-2873
2003
-770
-465
746
983
-655
-314
1237
-1503
1603
-1434
1663
-365
-458
776
394
-580
152
932
-783
793
-1065
1062
-919
498
-686
-159
-421
-1173
1539
-1072
112
-348
-673
-16
1071
-1569
491
76
-867
255
-397
-353
-91
467
-1229
2453
-2383
989
872
-1868
1861
-993
-11
-997
1446
-1976
802
-386
-1337
1684
-1293
739
-456
264
-1755
1377
-1260
-505
1620
-1042
1903
-1272
210
-478
206
553
-975
463
-359
268
1236
220
-706
326
-1243
449
753
-945
841
671
-249
-481
1195
-1271
340
968
-1140
1986
-1041
-9
638
-693
-202
-951
899
-418
960
-501
-144
943
-825
23
1204
-1030
-447
1648
-1052
580
-602
-572
325
249
-235
-106
1280
-1372
213
380
-1055
800
944
-1745
1484
219
-1294
1723
-873
-156
-173
371
-562
1413
-305
-512
1885
-1836
1454
340
-301
1064
200
-20
311
483
-839
496
-433
309
-279
-215
-365
-290
-487
-1043
1672
-1367
553
265
-1498
1638
-463
230
312
-593
-431
6
-246
-262
1017
-906
483
1082
-514
759
456
-650
-427
589
-543
141
13
-1249
300
-172
-316
508
-312
-1278
506
273
-963
1531
-1125
-551
744
-398
1024
-231
-221
-277
220
-322
-255
577
-506
734
317
-941
408
-199
-362
183
-37
-31
130
415
27
-322
-588
207
58
-564
285
-548
-101
-591
-634
647
-503
131
1086
136
830
217
-718
857
817
-664
207
-453
-372
-76
-202
646
-439
26
-320
415
-462
232
836
-42
-683
-442
449
-846
428
-179
330
-311
-166
74
-709
-184
111
804
-254
414
-572
484
-590
-61
1362
-89
751
-139
155
457
613
454
609
42
-282
117
-34
-499
-700
-16
-359
513
193
304
64
-510
22
739
410
-711
-140
94
842
160
-7
-153
-625
-304
-545
-236
-140
850
136
-461
-635
-257
-95
-233
722
-57
592
368
206
852
-532
-476
570
436
250
499
100
-493
-474
-124
149
-110
-738
-583
-235
-1158
-706
-198
-733
-75
-64
-90
88
-214
-309
-781
-279
367
656
474
421
465
-2
114
353
234
193
80
368
332
195
470
29
-60
-537
-177
659
110
346
212
-331
341
-418
273
1314
-120
520
-233
204
764
475
525
35
200
-467
908
356
-237
265
151
945
1367
1918
1053
216
-494
-469
785
981
1454
892
161
-356
328
42
-729
-169
-732
48
493
699
499
-758
-1727
-1488
-326
-706
-6
484
-918
-547
-895
-1066
-777
-1417
-1165
-714
-537
-678
-29
-958
-1894
-1782
-1778
-915
-523
-792
-572
-1103
-1475
-1232
-1370
-1686
-1497
-1109
-1240
-629
-1000
-1120
-1513
-2237
-1429
-782
-745
-791
-936
-866
-348
-63
-83
588
361
306
980
815
805
697
711
561
1409
1783
2631
3153
2647
2112
1678
1970
2995
4132
2623
3444
2794
2978
4292
3724
4864
4366
4128
4802
5656
5343
5567
5627
4339
6257
5831
5824
6804
4104
308
-1737
-2591
-2156
833
-1257
-2807
-2676
-5782
-7267
-9643
-12254
-11705
-10696
-9510
-6147
-5338
-8181
-9710
-11897
-11835
-8931
-7169
-5072
-3110
-2980
-4226
-4240
-4660
-4262
-2657
-1466
2229
4900
4298
3596
2170
224
467
1784
3120
4716
4331
2602
1498
441
-1482
-1619
-783
674
2546
2973
3374
2201
1170
440
1869
4351
6444
8225
9063
8617
7962
8968
8623
9220
12001
12930
15844
17163
16316
17101
5200
-2890
-4161
-3418
6026
8441
2693
-715
-3701
-10395
-10883
-14139
-14393
-11242
-14164
-8825
-2834
-6025
-12658
-19650
-23849
-17320
-8076
-2767
1415
-2017
-8882
-10777
-8123
-3339
1002
-1022
-589
4202
4676
4925
3338
-1752
-4623
-3531
1059
7456
7986
2392
-4753
-8452
-7850
-3965
-893
371
924
-727
-417
726
139
-2423
-2317
1010
7440
12650
12312
8810
4654
4344
5286
9675
14898
16678
15412
13988
13185
13227
15729
11294
13406
14992
17597
19964
3226
-5087
-10678
-10458
44
3437
-1734
-4180
-8325
-16193
-15799
-19734
-17188
-14644
-16775
-8000
-353
-3313
-10224
-18271
-21730
-13050
-2592
4494
8092
3189
-6159
-8180
-4232
1031
3263
-922
659
5097
5033
4150
624
-5965
-8466
-6543
-249
5864
4304
-2945
-10646
-13585
-10812
-4958
-1251
-717
-1726
-3118
-2938
272
134
-1283
738
5512
12968
16636
14060
9713
6682
5252
9596
15387
20593
23030
18571
14925
14643
16090
14740
13886
15719
19166
12790
-4200
-10954
-12986
-6468
-734
-5463
-8100
-7545
-11348
-18392
-21675
-22127
-17933
-17564
-14016
-1397
2217
-6253
-15600
-20345
-14208
-2138
4689
8471
7453
-133
-6609
-5005
1002
3793
214
-2200
2591
4620
2145
-2057
-6554
-10202
-10526
-6198
-659
1113
-4944
-13649
-17327
-14282
-8639
-4286
-2145
-1575
-2754
-3043
-713
1386
1693
1404
6303
15803
21451
19936
13675
9454
9775
12026
15236
20446
24705
22675
17720
13845
15068
16336
13554
14226
18059
17726
1816
-13913
-17813
-12667
-1893
-2074
-7626
-8461
-9632
-17296
-22737
-23012
-18442
-13944
-12878
-2943
7623
2750
-10376
-18363
-15132
-1591
9550
14087
14634
7250
-4679
-9446
-3337
4015
5286
-205
-1734
1023
-1094
-5988
-10408
-13307
-12945
-9336
-4294
536
-2904
-13990
-21265
-19868
-11915
-3929
1065
1114
-2571
-6154
-5870
-964
2001
3708
6300
13591
21017
21766
15384
8632
7342
8689
14755
19531
22181
23237
15891
11002
11631
12608
13890
12269
14315
19409
15998
-5473
-22422
-24676
-14630
3129
3618
-4843
-8559
-12837
-20934
-23901
-20278
-11608
-6634
-9203
-399
10327
3857
-9592
-17894
-12247
5455
17406
20719
17650
4866
-9735
-13162
-1873
10546
10630
724
-5648
-5773
-7975
-11352
-12298
-12120
-11005
-8079
-4839
-3009
-6919
-17197
-23570
-19349
-8571
2159
5325
664
-6513
-11125
-7889
1675
8585
9279
9113
12226
18520
18539
11969
8644
8963
12635
15516
17228
19370
16993
11290
6378
8999
13037
16862
14790
12429
15504
11791
-669
-20704
-25184
-15368
1778
11469
1761
-10212
-15654
-18653
-21411
-16909
-9419
-2164
-3117
-5188
3404
4975
-6672
-15387
-11893
3731
20420
22600
17852
9046
-7573
-15007
-6531
9092
16787
5446
-9978
-13696
-13019
-14148
-14783
-13604
-9578
-7533
-8996
-7625
-8257
-14203
-20770
-20028
-9185
1395
4545
1966
-5565
-12282
-11876
-3102
8733
12490
10020
10250
13883
16037
13012
8031
8336
13667
15566
15706
16828
15539
11692
7576
5629
11442
16439
16558
14439
13889
12647
9016
151
-20179
-22025
-13091
2857
15172
2467
-13669
-15826
-16609
-17497
-11848
-9099
-405
-23
-7211
687
4030
-5158
-10251
-8742
4852
20790
20316
14150
7398
-5810
-11738
-1862
11746
17280
1051
-19752
-19925
-14373
-10259
-9630
-11334
-8669
-7531
-12589
-12489
-9871
-10938
-14239
-14987
-5638
2977
1568
-3911
-8535
-11786
-9610
-288
10990
13481
7182
4633
8936
14356
13688
9870
8105
11599
13258
11918
12503
11017
8161
4401
4905
10347
15037
15536
11995
11013
10616
8210
-57
-16362
-19885
-10503
4554
13861
2275
-12887
-15010
-14118
-14620
-10377
-5507
1083
-683
-7170
-1707
3005
-2260
-7522
-6079
4724
16137
16918
11314
5486
-4057
-8232
1334
14903
19820
7602
-11239
-20165
-19438
-18193
-15814
-7764
-3506
-6142
-12142
-17624
-16028
-11913
-12292
-9671
-3606
-600
2093
-752
-7897
-10878
-12781
-6601
7846
13561
10831
7103
5937
8076
10009
9497
15129
18999
15109
10587
6586
7327
6800
7351
9095
13703
13600
11026
11131
12560
14332
11300
10380
-8733
-23083
-18921
-4888
18103
12870
-11780
-17800
-12932
-12393
-9876
-11071
-3649
3692
-7767
-5796
8170
4387
-4643
-11143
-6233
13758
20664
14741
11382
690
-10824
-4691
9104
22274
18582
-5720
-15749
-15541
-17992
-19103
-17551
-12277
-6875
-11136
-18041
-15943
-14399
-15801
-15440
-9601
-3258
-1086
-2716
-3844
-5486
-11102
-10828
310
8953
8559
6132
6501
11249
13568
8679
9018
15637
18241
15685
11614
9311
9379
6533
6036
11910
15783
12290
9017
11539
14665
14813
12338
14526
363
-21983
-27767
-13223
17719
21681
-5284
-20324
-15328
-12336
-12245
-14777
-5526
6914
-4231
-8431
3666
5629
-2373
-12142
-10991
7612
19343
17146
15184
4288
-11973
-11990
2148
20108
23955
2782
-13849
-17681
-19583
-19326
-17496
-14186
-10627
-11357
-15678
-15326
-14735
-16346
-15862
-11690
-5440
-1025
-903
-1751
-3662
-8975
-11137
-2516
8591
11432
6439
3488
10149
15602
12000
9372
12131
16888
20094
16315
12412
10418
5145
5908
13121
16478
17547
13909
11328
14282
11781
13317
18743
5684
-19819
-27036
-18036
11670
24993
-2025
-17547
-16921
-17022
-14102
-13821
-8021
5610
-4209
-12317
1131
3705
-2014
-8179
-12217
1757
14300
14038
16575
8445
-10330
-13075
-1279
16310
23749
7291
-8955
-14698
-21268
-22293
-18367
-12642
-8802
-12239
-16997
-17971
-16199
-15360
-14940
-11384
-7140
-6038
-3534
-440
-384
-4769
-9948
-5085
5001
8315
6349
5800
9739
14162
11344
8059
13918
19477
18776
15334
10633
9793
10519
10124
14267
15571
12230
11660
12689
14811
15211
13369
16858
8378
-19215
-28805
-18506
8722
25544
2204
-17086
-13890
-15175
-17704
-17219
-11435
6447
3297
-10226
-1789
1797
-5522
-8560
-10218
378
13722
13901
15911
10838
-9304
-15679
-3444
14321
24019
9094
-7898
-13099
-18005
-19345
-17161
-11055
-4604
-5676
-13627
-18490
-17678
-13555
-10665
-8842
-6791
-7062
-5752
-3016
-1349
-3482
-8125
-4928
3714
5678
3448
4454
9769
14777
11937
7241
12236
18658
17946
16164
11459
10835
11531
11397
14516
16597
14298
12027
13561
13408
16797
16767
14551
-5308
-25769
-23756
-6698
19903
17107
-8146
-18567
-17747
-19945
-16991
-13376
-1542
5837
-8558
-12075
-2341
-2366
-4888
-7624
-6599
4953
10831
11622
14712
2292
-13268
-8358
5618
17012
12192
-5737
-12726
-11816
-12042
-9781
-6637
-3922
-6036
-13853
-18085
-15824
-10958
-7095
-6456
-8247
-12154
-12146
-6997
-3719
-2830
-4876
-4382
2400
3955
425
1876
6946
12695
15621
11289
10681
13913
13592
13394
13371
13145
14153
14581
13775
14493
13210
12889
14146
14266
15201
14101
10475
-4861
-20825
-18666
-3584
15570
11895
-7494
-16972
-18077
-19224
-15911
-8724
471
2369
-10706
-13418
-6284
-4184
-2915
-2175
-917
3590
4342
6585
11853
3327
-8072
-4316
4104
11966
8811
-4112
-6922
-7772
-11087
-6936
-4538
-3132
-4000
-12241
-15437
-12578
-10988
-5824
-2702
-6934
-11914
-15318
-11238
-2270
-238
-3312
-3004
-796
310
-1086
1386
10608
14760
12884
9254
8398
11179
12372
13533
16418
15854
12581
11182
12990
15787
13149
10878
12966
17331
15488
13819
1267
-14844
-18480
-13921
7581
16892
2869
-10371
-15931
-21258
-19703
-15652
-3249
9290
-2850
-15759
-14394
-9781
-4906
-2597
-1652
4522
4003
428
4458
3217
-3709
-5108
238
8854
11249
1646
-4306
-5597
-7122
-6489
-4900
-1232
-264
-6184
-13666
-16035
-12372
-6010
-2804
-4229
-10200
-15740
-13920
-7185
-606
256
-3475
-4054
-2102
-2980
-593
6884
14361
16652
9642
5153
7916
11419
13571
17290
19820
20285
15134
10771
13705
17593
15718
16542
18800
18978
8196
-13456
-14821
-5042
8620
10282
-2103
-8009
-7830
-16131
-20973
-16835
-8427
1952
-4390
-13576
-12034
-12787
-13468
-7914
-4544
92
2408
-1283
160
-2817
-8682
-3455
5296
8411
6451
266
-2233
-1190
-2712
-868
2142
2675
-30
-3596
-5944
-8192
-9191
-6638
-3323
-2629
-7066
-13172
-11564
-6284
-2952
-2075
-3842
-3333
-3324
-6149
-3301
6247
13967
14921
7931
1703
4999
8083
12895
19211
18604
17818
15603
14535
17297
16139
14307
16930
13924
1167
-4521
-3627
7208
13284
2141
-4833
-6574
-10787
-15264
-15666
-9533
770
-2437
-12201
-14736
-16785
-15860
-11607
-8361
-3815
-4163
-8079
-6753
-7145
-10165
-7056
-416
4592
3846
-1367
-2354
-11
-1314
-1988
442
3843
4883
1836
-1831
-3977
-4382
-3391
-1753
-1240
-4104
-7109
-5782
-3216
-1036
48
-1364
-2262
-4537
-5807
-1711
6011
10819
11159
6888
4101
5851
8094
12852
16356
19348
19665
17438
15857
14193
6008
1512
3006
11133
18780
11675
2529
-1267
-3326
-6525
-7961
-5954
2715
1439
-8590
-12483
-13518
-12686
-11213
-11317
-6562
-2610
-6723
-8794
-10037
-12545
-10949
-7559
-3481
-1228
-3918
-4530
-1542
-1194
-2194
-2180
-55
2288
2997
3473
2969
829
-3090
-4637
-2842
-1423
-1566
-1466
-1014
-2081
-4581
-6338
-4619
-2174
-2445
-2624
-288
2486
4188
2121
634
-121
835
3289
7833
11967
11488
8156
5052
5855
8507
12140
14067
17022
14869
12422
2310
-2052
-1790
5167
14603
13075
7003
-69
-3405
-7638
-5987
-4778
4266
5597
-1845
-8930
-11843
-10032
-8135
-6741
-4804
-2143
-6017
-7909
-7233
-7295
-8127
-7863
-6695
-4613
-4716
-5895
-2863
-1832
-2522
-3891
-3641
-1817
756
2736
2636
2080
-1060
-3101
-3643
-3378
-2463
110
1025
946
-370
-3712
-5160
-4751
-3563
-1340
982
2410
3415
947
-3001
-4475
-2715
658
3839
5080
5837
5364
2455
-47
716
4252
7898
10066
9604
8119
5041
4252
5413
9398
10355
7261
4561
2728
4850
5680
5968
5562
6265
3282
774
-1339
-178
2645
1703
1210
-70
-1690
-3791
-4495
-4338
-1877
-1779
-2567
-3061
-4871
-6525
-6715
-5212
-3848
-4103
-5752
-4797
-3645
-2847
-2946
-2505
-1618
-2116
-3076
-3230
-2461
-2645
-4243
-5586
-5107
-4806
-4092
-2591
-1001
-933
-3108
-5215
-5435
-4143
-2699
-1502
422
1030
-924
-3383
-3735
-1809
224
1505
2541
3499
2518
483
244
2256
4174
4916
5176
5493
4531
2512
1917
3448
5571
6096
5573
5298
4528
2826
2728
4246
5876
6170
4406
3173
2446
1928
2527
4267
5048
4419
2751
960
772
569
1736
3253
3655
2064
-362
-1975
-2240
-2005
-1280
69
294
-735
-3210
-5069
-5330
-4223
-3330
-2511
-2274
-2996
-4474
-6247
-6678
-5511
-3788
-2870
-2905
-3787
-5246
-7048
-7755
-6236
-3598
-2104
-2445
-3775
-4364
-4583
-4376
-3129
-1801
-763
-1592
-2428
-2041
-862
-77
672
1222
1817
2159
1890
2039
1582
1497
2494
3882
4615
4178
3260
3499
3601
2891
2773
3525
4470
4585
3664
2692
2710
2442
2486
2833
2854
2855
2557
2272
2510
2587
2754
3594
3499
2561
1494
581
997
1530
1460
1745
1874
1013
266
-675
-724
-90
-191
90
439
-123
-1697
-2481
-2513
-1508
-1407
-1821
-1538
-1464
-2353
-3979
-4137
-3090
-2088
-2078
-2456
-2527
-2423
-3247
-3343
-2560
-1965
-1992
-2367
-2122
-1509
-1683
-2170
-1437
-680
-396
-481
-280
-23
-471
-1256
-485
1183
1714
1277
399
-39
-70
-45
747
1902
1954
1074
415
356
841
1313
1635
2220
2212
1586
1430
1755
2315
2257
1984
1907
1513
1249
1152
1416
1986
1534
550
263
156
260
349
352
142
-470
-1323
-1600
-903
-651
-446
-909
-1625
-1924
-1983
-1728
-1454
-1463
-1553
-1798
-2317
-2165
-1583
-931
-898
-1210
-1261
-1069
-774
-483
-88
-218
-594
-775
-573
-224
69
669
1413
1638
1005
273
442
1124
1494
1801
1831
1735
1345
830
881
1262
1761
2071
1908
1408
1101
1021
1282
1462
1536
1679
1458
1062
904
913
889
1017
846
1048
1348
1034
613
369
261
121
-285
-556
-334
-240
-630
-1444
-1763
-1651
-1409
-1246
-1223
-1431
-1965
-2364
-2277
-1808
-1473
-1512
-1682
-2049
-2552
-2515
-1896
-1120
-705
-976
-1545
-1778
-1792
-1565
-1033
-634
-440
-491
-896
-1242
-1149
-615
-76
123
19
11
129
175
200
426
617
674
598
715
1120
1150
881
773
920
1090
1053
1066
1408
1794
1751
1381
1229
1451
1563
1199
874
1014
1160
1267
1134
943
1044
1024
879
845
1053
921
657
191
-157
-133
-40
-5
-1
-110
-274
-488
-735
-442
-273
-417
-585
-697
-679
-794
-1062
-939
-595
-391
-293
-464
-466
-405
-465
-509
-369
-219
-367
-585
-761
-492
-329
-406
-565
-736
-793
-757
-383
110
316
151
5
-55
-151
-342
-306
-4
353
424
155
-14
16
-14
72
294
435
448
358
328
291
258
237
261
285
177
216
406
412
96
-385
-612
-362
19
442
540
147
-549
-1062
-952
-611
-427
-347
-217
-212
-381
-660
-760
-494
-279
-236
-96
93
146
12
-71
29
149
190
173
246
414
457
572
607
370
120
76
244
648
874
744
553
226
32
227
621
998
1151
938
648
358
151
177
493
812
838
576
174
-65
-170
-165
89
410
594
423
-76
-347
-476
-411
-28
244
264
30
-297
-425
-492
-724
-893
-712
-449
-414
-639
-930
-1063
-997
-878
-656
-408
-382
-655
-895
-978
-840
-515
-319
-191
-232
-442
-459
-171
266
432
154
-112
-152
-164
-127
117
390
474
244
-114
-213
11
277
438
585
589
436
318
350
474
638
708
697
545
254
142
310
576
624
490
330
249
257
191
195
276
230
142
87
40
-19
-162
-293
-236
-119
-19
125
134
-15
-161
-185
-161
-294
-477
-488
-425
-396
-490
-511
-366
-311
-206
-87
-83
-144
-334
-412
-217
-52
30
13
-95
-181
-60
124
281
414
294
24
-197
-127
235
545
536
239
11
-17
-74
-20
154
284
336
212
207
283
290
309
202
98
25
19
112
225
237
107
13
-72
-135
-27
-4
-15
-50
-150
-193
-322
-321
-147
-17
-106
-293
-286
-79
123
-7
-261
-297
-169
-46
123
147
-16
-231
-391
-293
-102
56
64
-65
-297
-441
-300
-29
272
308
30
-204
-374
-444
-301
-195
-44
151
211
168
69
-15
-17
93
188
193
177
109
102
136
255
375
285
160
-2
-39
172
435
619
605
398
91
-93
-21
150
377
546
584
455
53
-292
-388
-255
62
267
252
12
-223
-383
-455
-290
-4
199
249
119
10
-48
-219
-358
-329
-133
-12
-32
-145
-281
-318
-388
-394
-255
-186
-207
-278
-355
-371
-275
-232
-274
-400
-566
-644
-623
-506
-280
-112
-155
-245
-306
-244
-218
-262
-286
-214
-47
18
43
60
102
159
187
240
299
332
322
245
280
380
437
495
474
459
441
411
475
612
705
696
644
570
497
428
393
435
468
405
343
332
374
397
298
201
197
173
151
237
307
295
107
-129
-175
-170
-237
-202
-82
-56
-164
-366
-441
-455
-508
-528
-433
-374
-436
-600
-723
-658
-509
-348
-251
-268
-347
-358
-314
-290
-316
-376
-409
-400
-390
-328
-176
-78
-170
-315
-321
-148
-7
43
95
128
90
-60
-176
-109
46
154
207
186
85
-13
-13
183
388
434
336
198
74
23
120
333
500
470
326
158
80
17
-21
-11
29
120
171
200
209
123
-52
-172
-192
-113
0
67
49
-90
-352
-586
-560
-340
-96
-41
-149
-271
-405
-448
-333
-93
124
114
-137
-402
-458
-362
-155
52
66
-58
-228
-334
-221
-67
11
49
-15
-75
-64
15
157
269
272
240
203
141
118
108
218
396
501
511
405
265
250
284
408
540
552
526
491
494
527
498
464
454
478
480
510
539
383
151
-33
-15
134
245
249
180
100
2
-53
10
93
96
13
-125
-195
-170
-150
-107
-102
-156
-219
-252
-214
-148
-137
-187
-262
-323
-317
-311
-308
-355
-454
-488
-525
-546
-467
-374
-310
-321
-423
-553
-616
-578
-521
-439
-365
-372
-393
-429
-445
-371
-279
-229
-152
-60
-45
-75
-114
-139
-50
66
148
249
298
319
364
355
357
398
370
367
385
388
368
333
281
242
198
172
258
359
403
368
287
292
324
353
381
316
227
182
176
270
361
344
283
192
139
111
96
71
35
-38
-94
-108
-109
-74
-105
-125
-107
-113
-135
-141
-173
-182
-223
-316
-330
-377
-412
-397
-368
-294
-245
-260
-249
-219
-208
-193
-171
-90
-6
-14
-28
-5
33
44
-11
-82
-60
3
72
192
270
272
181
110
134
217
302
357
383
381
351
308
317
337
391
463
466
411
305
256
321
363
392
376
306
232
163
159
245
333
360
278
183
177
134
67
-18
-84
-148
-198
-174
-119
-129
-184
-228
-268
-272
-298
-290
-309
-375
-416
-461
-464
-498
-506
-463
-436
-392
-367
-355
-356
-352
-360
-353
-312
-231
-207
-218
-225
-193
-142
-147
-153
-120
-28
5
-44
-117
-155
-82
13
124
131
89
27
-35
-5
1
54
86
123
93
81
104
170
231
197
119
28
62
120
156
161
140
160
176
170
160
161
112
62
54
-17
-42
-24
-5
5
-11
-9
42
-10
-105
-215
-210
-106
-128
-207
-299
-277
-183
-109
-82
-52
-59
-155
-182
-156
-99
-22
-8
48
40
-37
-75
11
143
160
110
126
160
123
31
-60
62
157
178
279
415
671
740
708
624
529
365
173
42
-11
-60
-119
-274
-277
-325
-325
-102
91
300
248
262
409
365
448
286
220
-79
-325
-431
-550
-567
-935
-947
-1119
-1045
-859
-506
-8
293
436
494
444
163
-76
-454
-567
-535
-561
-340
-309
-156
-97
11
145
256
229
137
41
-236
-235
-446
-402
-313
-202
-36
77
204
240
151
18
89
34
183
174
169
203
22
168
184
400
588
553
648
588
540
331
231
125
203
237
279
324
401
517
546
470
372
160
28
-219
-324
-294
-150
-60
144
-93
-171
-281
-630
-371
-529
-184
-6
327
536
605
404
166
-126
-617
-836
-992
-840
-630
-383
-37
88
425
179
407
232
143
-6
-188
12
-433
-289
-552
-409
-378
-283
114
-16
124
116
14
23
4
-202
-43
-159
15
83
-36
221
214
130
69
207
18
149
-168
-360
12
-54
154
516
897
802
1169
773
505
375
-341
179
-157
-210
90
-40
145
198
110
23
338
-136
-517
252
-672
140
57
-536
728
-651
-84
199
-859
156
-639
-245
-668
-383
-243
-181
61
-518
483
-515
-121
-721
-79
-816
-482
301
-692
250
-687
-50
-478
-415
-337
191
206
280
380
-138
-282
-391
-355
-210
93
250
326
241
386
197
808
366
504
824
-119
1212
405
-89
1525
-347
801
547
29
612
-198
483
34
1069
-413
392
143
-1388
885
-1145
286
-334
91
-212
223
59
-519
173
-385
-887
-455
638
-2225
1243
-1004
-567
370
-1129
1067
-696
-228
-368
-19
-198
-221
361
-507
-67
104
-677
-204
-130
-1023
808
-878
402
-275
-484
1242
-1465
1417
-998
506
376
-728
1624
-1222
1148
52
26
1278
-957
2038
-631
-75
936
324
428
-528
1691
-533
719
-745
1146
-505
335
677
-50
903
-1939
2590
-2507
1421
-234
-1645
2178
-3309
2323
-1965
-50
160
-975
495
-412
174
-1536
1651
-3000
1986
-1450
-264
913
-1405
1449
-1020
669
-596
1019
-2034
2356
-1867
85
1185
-2469
2382
-1969
1007
-270
-500
973
-384
-505
909
-920
827
-370
-303
604
-1092
1352
-500
801
59
273
184
-412
609
-477
758
434
-137
948
-363
-2
141
185
757
-485
1796
-1211
1277
-319
-752
2297
-2035
1078
159
-827
175
-245
-1175
887
-457
518
819
-939
381
-13
-1068
556
-797
495
-103
-337
446
-808
-321
404
-550
-337
770
-552
202
1185
-1885
1180
-505
-1263
1934
-2156
1222
-206
-840
959
-427
-214
570
-973
510
227
-1077
1146
-1193
71
-282
-54
-170
-108
623
-683
1243
-1347
735
-208
-1252
1411
-787
529
-210
561
-571
118
605
-992
1674
-1259
1212
-286
406
180
-219
157
-326
685
-1091
759
-269
-258
541
-578
564
-174
78
359
-209
-96
-301
463
-985
824
-656
96
887
-1257
1353
-485
-82
92
424
-167
-298
705
-408
252
269
-885
1125
-863
223
855
-747
639
300
-21
196
381
-272
350
241
-362
452
323
-709
1377
-1048
545
1204
-1081
1423
-374
-491
1427
-1043
812
457
-237
578
-25
220
347
-128
261
932
-1112
1159
-547
-82
467
-1290
1154
-756
49
579
-103
-238
808
-1006
96
47
-1630
1539
-1651
402
474
-2041
1425
-1355
-665
1232
-1904
712
98
-958
531
-280
-1208
884
-944
-818
850
-2028
882
-776
-699
1023
-1138
169
-99
51
-471
-124
-410
17
-517
-53
390
-481
372
-366
486
-389
-388
924
-737
585
243
-521
1255
-1119
1282
-1036
784
181
-440
1299
-858
1019
-756
718
-365
534
-391
519
208
-854
1321
-1085
858
-647
213
608
-356
749
-542
408
-688
221
-471
547
-961
-179
454
-555
378
-81
52
-173
-255
198
18
-324
179
-505
631
-591
763
-240
-308
486
-270
213
257
146
-343
908
-510
627
-245
-128
597
-1050
985
144
-512
1482
-486
669
192
-84
573
-412
557
-94
499
-197
211
745
-681
467
1088
-1026
1120
66
-508
985
-381
190
413
-706
896
-398
379
-137
88
150
-906
1486
-1557
1394
-901
506
-142
-595
913
-1364
678
-863
361
-440
-141
159
-847
335
-767
-144
-96
-442
-209
-142
-558
-217
434
-1462
1244
-875
-378
479
-769
59
-474
-186
-410
283
-1088
836
-367
-788
1144
-1005
387
39
-495
650
-521
-7
12
-38
-256
330
-292
302
-397
475
70
67
563
-589
1192
-1027
1015
-471
666
-127
-112
498
-172
292
-335
391
69
-46
-24
984
-802
596
11
-31
568
-702
676
-411
731
-605
1026
-306
-411
1107
-1477
1508
-913
-106
805
-1064
442
29
-621
605
-482
-91
849
-1132
938
70
-1023
1286
-1212
516
335
-1225
1075
-631
-172
-49
811
-1108
1138
-290
-296
1130
-1328
1284
-671
28
358
-318
552
-457
660
-267
-77
837
-869
733
-211
160
-100
565
-497
667
-253
-87
609
-767
766
-432
246
-327
809
-542
435
-116
-186
-203
52
-131
81
-163
25
112
-395
193
-865
781
-1421
1372
-1179
462
-190
-939
616
-1427
932
-1585
1293
-979
-207
710
-1413
1071
-947
321
59
-93
-302
327
-228
-742
1192
-1529
1170
-322
52
334
-449
601
-612
1089
-890
1124
-349
-76
1093
-931
818
114
-533
1063
-525
498
373
-406
543
-13
-500
568
-61
-342
1066
-981
1023
-203
-59
41
348
-790
776
-70
-355
1010
-1588
1579
-1151
87
409
-624
640
-828
902
-870
503
-510
141
-15
-701
1225
-1540
1375
-1335
541
34
-704
813
-851
496
-397
171
-276
459
-534
81
687
-1109
1208
-740
202
617
-1155
1290
-627
96
209
31
75
-259
690
-663
839
-375
50
1085
-1170
1233
-457
238
326
-390
544
-454
482
-539
635
-349
-263
510
-651
655
-484
73
69
-157
-313
588
-654
170
207
-854
1064
-1393
759
-246
-785
877
-1043
507
89
-1206
1149
-1153
25
574
-1114
651
4
-744
982
-758
-434
999
-1385
761
28
-854
1139
-821
188
355
-609
260
-28
48
67
349
-577
969
-636
171
876
-1214
1401
-1070
743
-16
-75
503
-349
388
-549
1075
-932
1208
-505
141
673
-848
1321
-1007
1299
-841
597
227
-408
920
-885
724
-618
594
-529
702
-341
-11
805
-1134
1298
-1043
522
-167
20
-169
199
-94
-632
1358
-1827
1413
-916
27
350
-510
466
-619
837
-1326
1378
-1209
286
552
-1758
1695
-1340
384
99
-350
213
-272
223
-523
680
-1324
1025
-770
-113
904
-1557
1706
-1601
1060
-679
38
154
-455
503
-413
605
-690
578
-579
330
-261
6
76
-37
-9
734
-803
740
16
-819
1365
-1378
1084
-390
-473
861
-838
137
89
-68
-441
612
-634
173
132
-664
531
-302
-274
792
-1139
609
115
-907
1022
-810
297
-345
209
-216
369
-919
577
-147
-529
739
-969
464
-406
-132
631
-477
221
271
-862
1028
-881
479
24
-228
-3
216
-337
76
298
-725
1078
-490
56
700
-771
399
197
-501
1205
-1233
1120
-384
21
715
-1454
2096
-1947
1874
-1023
635
416
-1227
1999
-1710
1724
-1054
160
824
-1277
1229
-276
-320
670
-645
514
421
-1063
1089
-322
-581
844
-825
815
-819
822
-1339
2036
-2178
1375
43
-1466
1983
-2069
1253
-69
-845
1050
-983
517
-328
-62
188
-181
-353
499
-343
214
-409
-57
592
-1061
1158
-1179
1234
-802
65
642
-1236
889
-49
-430
985
-1139
846
-413
-360
881
-716
523
-49
-565
1650
-1649
1494
-772
-350
1254
-1929
2351
-2019
1557
-1060
417
461
-1065
1667
-1625
1053
-555
-10
343
-621
-49
611
-1229
1476
-1695
1005
262
-1819
2707
-3199
2390
-1383
211
397
-773
613
-1050
1448
-1983
1819
-1163
93
456
-998
1100
-922
488
-597
1161
-1029
735
-407
-343
765
-1532
2128
-2021
1590
-597
-68
1329
-2125
1895
-1064
411
183
-25
-165
494
-686
580
215
-964
1496
-1335
1215
-321
-117
823
-1018
874
-609
617
-902
1049
-898
622
244
-924
1613
-1557
1471
-765
314
113
-682
693
-681
427
-60
-377
654
-722
494
-637
781
-1265
1657
-1390
704
417
-1405
1911
-1896
1150
-621
319
-87
169
150
-680
1301
-1763
1319
-518
-433
1056
-1157
639
-47
-284
264
-87
-421
1022
-989
624
61
-358
530
-1064
997
-985
884
-686
867
-280
-723
1533
-2286
2092
-1563
717
217
-657
729
-642
627
-1158
1075
-895
448
195
-460
722
-696
623
-992
1058
-962
582
95
-641
577
-344
143
-98
320
-728
1284
-1215
667
-174
-251
330
-665
1046
-1023
963
-669
186
773
-1483
1589
-1644
1225
-422
-232
1054
-1279
1218
-1161
928
-351
-124
575
-513
754
-636
397
99
-279
461
-568
1113
-1301
1534
-1732
1724
-1517
908
-290
-399
1234
-1707
2371
-2348
1833
-1296
543
-165
23
-15
-53
497
-837
1070
-961
359
-180
-164
76
170
84
-179
833
-1311
852
-364
-493
1045
-1359
1114
-568
93
194
-338
26
-481
432
-502
594
-502
105
-151
-254
8
153
-299
488
-557
388
-237
-461
650
-1110
986
-826
361
185
-608
461
-700
581
-478
225
378
-819
1283
-1061
523
308
-775
678
-92
-321
640
-29
-581
1301
-1513
1153
-365
-55
200
-433
938
-1059
1510
-1025
449
375
-1079
1393
-648
45
947
-1091
1393
-1182
1355
-1012
438
2
-640
1382
-1122
1273
-535
-52
261
-301
139
330
-352
551
-379
201
-255
277
-453
250
12
-503
1408
-1582
1118
-938
186
-249
438
-612
1028
-1256
538
394
-1767
2574
-3269
3086
-1978
689
682
-1408
796
-729
504
-966
1835
-2460
2435
-1274
-624
1881
-2496
2056
-939
73
513
-493
-26
35
-71
-316
891
-1293
1168
-738
-498
1523
-2186
2375
-1777
1031
-88
-208
178
-210
256
-1160
1694
-1708
1430
-666
-305
801
-595
-87
632
-554
-178
471
-831
1080
-852
212
-161
427
-727
804
-670
221
-171
-151
424
-312
-142
-44
86
-483
597
-703
1055
-956
619
-34
-256
673
-1097
1179
-869
296
112
-384
784
-1505
1505
-1528
1111
-94
-792
1807
-1962
1316
-136
-567
764
-496
-76
868
-729
-71
1133
-1727
1439
-660
120
896
-1399
1337
-829
629
-731
1194
-1322
1626
-1241
602
839
-2266
2824
-2360
1510
-222
-434
747
-238
-603
475
224
-1180
1608
-1071
251
740
-1446
1479
-874
316
117
262
-137
120
-208
72
-146
-7
549
-639
1018
-790
614
-463
352
-840
1294
-1104
556
672
-1470
1894
-2061
1446
-714
139
-136
172
74
-510
886
-1313
1920
-2348
1811
-518
-1144
2175
-2677
2336
-1250
278
234
65
-237
-236
872
-1448
1691
-1657
1455
-890
395
41
-879
1665
-2787
2530
-1219
-18
903
-991
106
288
-563
-316
1907
-2934
2724
-1699
-205
1867
-3054
3306
-2578
1572
-866
691
-609
-183
626
-1757
2786
-2854
2320
-865
-518
1168
-1191
885
-684
602
-808
1020
-732
-46
469
-1028
1167
-929
939
-596
611
-795
873
-1405
1604
-1130
175
1352
-2349
2557
-2074
839
37
26
-490
1612
-1445
1006
297
-1380
1630
-1465
344
443
-97
-353
1241
-1607
1319
-690
-244
1123
-1051
343
579
-845
708
-284
-340
1070
-1123
925
-365
19
151
-137
44
97
-96
14
601
-670
410
-188
-289
879
-1135
930
-320
-436
714
-804
768
-642
233
-178
487
-733
716
-560
-224
758
-1397
1697
-1344
748
-406
295
-312
307
-156
-324
782
-1327
1389
-919
578
-408
-19
309
-624
302
-49
-150
399
-551
553
-311
-316
405
-823
1160
-1434
1427
-1067
861
-639
488
-493
316
-178
-310
827
-1079
1026
-985
945
-823
772
-655
890
-1004
1039
-757
347
481
-1364
1994
-1697
574
292
-555
198
254
-568
673
-223
-153
531
-304
-277
822
-1176
1074
-519
-30
893
-1296
1416
-1246
750
-133
-203
258
-174
385
-827
1263
-1614
1602
-1155
364
535
-1278
1969
-2152
2089
-1521
611
251
-318
241
67
-404
-2
1033
-1788
2065
-1057
-284
1522
-1842
1400
-542
-544
719
-310
-426
565
-138
-699
1277
-1227
899
-217
-597
883
-900
443
-508
341
-71
-212
370
-44
-377
229
-397
-180
1122
-1900
1954
-1082
171
174
-52
-452
520
-364
-382
1711
-2518
2309
-1234
395
94
-334
18
-99
-98
-514
1285
-1591
970
-9
-852
1360
-1179
215
592
-1214
718
410
-916
664
133
-1200
1865
-1614
350
833
-1591
1178
31
-509
863
-710
106
718
-1232
1278
-847
665
-240
-254
509
-678
425
-246
535
-600
779
-941
838
-292
-405
777
-723
349
201
-430
670
-370
-442
1300
-1687
1562
-412
-442
1192
-1552
1142
-186
-371
201
123
-853
1022
-238
-272
1104
-1169
873
-429
52
174
-80
-111
362
-548
458
-333
100
355
-912
953
-501
104
243
108
-783
1018
-991
63
1163
-1924
1903
-1168
-101
933
-1247
1110
-615
525
-788
771
-716
269
187
-954
958
-1062
949
-302
121
82
-207
-189
130
-31
-280
569
-834
529
-203
-605
1059
-818
-26
682
-1401
1439
-1117
549
-22
-642
317
223
-389
181
463
-1719
2339
-2359
1905
-785
39
420
-383
200
-503
1025
-1642
2194
-2300
2303
-2312
2270
-1464
175
1083
-2408
3363
-3070
2417
-1467
759
-776
619
54
-828
1420
-1865
1594
-931
483
-80
-209
397
-523
849
-773
546
-437
67
-184
173
201
-474
1384
-1500
1186
-681
-117
659
-468
234
-299
388
-673
1302
-652
75
79
-205
146
339
-258
-33
252
-131
-67
490
-1032
733
-199
-382
671
-910
776
-380
535
-248
4
-216
554
-1033
1259
-1047
259
486
-1019
1300
-1010
647
-198
309
-862
919
-620
77
923
-1541
1573
-1433
193
770
-945
695
-229
48
-355
808
-1190
1354
-627
-382
883
-1164
855
-754
1093
-1457
1169
-903
80
1202
-945
496
-125
-129
-541
1426
-1429
803
213
-1215
1336
-464
-358
569
-247
-784
1362
-840
136
787
-1583
1021
-154
-881
1393
-1374
765
-273
-357
908
-1196
1479
-1769
1577
-1321
828
-307
-238
541
-644
1405
-1744
2035
-1703
1202
-415
-119
522
-945
979
-1023
1319
-1034
640
-138
-235
163
202
-587
342
336
-726
886
-472
-415
889
-1078
340
614
-1157
1260
-430
-167
302
-166
-776
1674
-2033
1890
-713
-790
1777
-2036
1503
-389
-225
293
450
-1367
2127
-1698
287
968
-1584
1144
-375
-370
961
-1008
82
1093
-2182
2124
-1144
167
598
-920
584
406
-1208
1073
-441
-775
1318
-942
316
0
54
22
195
-415
333
-112
-95
151
12
-108
-346
864
-693
22
450
-744
803
-919
972
-743
-126
871
-1768
2330
-2384
1685
-382
-1391
2187
-2266
1903
-1231
528
298
-629
784
-801
648
-1275
1344
-778
9
1246
-2304
2589
-2277
1274
-77
-1002
1659
-1578
1643
-1446
1668
-1435
481
-50
-797
1376
-1258
1344
-1147
712
-609
731
-433
149
125
-593
810
-595
624
-610
653
-910
1226
-878
495
369
-1082
1144
-1078
1240
-1294
1316
-910
-105
1129
-1671
2034
-1838
772
-20
-162
216
510
-292
-484
1230
-1530
1478
-1015
96
660
-1052
1121
-515
411
-441
426
-374
313
-125
140
48
-963
1867
-2335
2120
-1107
-68
1144
-1681
1650
-654
-772
892
-176
-1148
2067
-1874
1077
90
-1106
1242
-587
-867
1228
-589
-332
1238
-1313
783
-606
-73
-6
108
-422
80
529
-887
781
-3
-342
279
378
-845
980
-334
-762
1651
-1692
1242
-124
-795
1262
-1075
732
-189
379
-725
636
-179
-513
990
-899
506
67
-502
749
-81
-463
861
-1014
605
-138
357
-103
-378
473
-963
1204
-763
54
866
-1474
1254
110
-1069
1019
-398
-403
456
-41
-411
881
-691
247
216
-598
532
-558
976
-1469
1703
-944
-563
1734
-2173
1922
-960
-99
702
-953
490
201
-555
145
-14
-406
841
-1517
1323
-643
-851
1527
-1491
1237
-757
533
162
-166
-218
436
-227
-744
1572
-1986
2235
-1535
94
1195
-2476
1928
-820
-341
761
-763
587
150
-339
184
171
-614
123
554
-903
596
-332
-131
61
4
-160
150
-355
92
226
-639
1196
-1020
270
256
-748
926
-666
261
-136
-139
50
112
186
-353
529
-310
-280
377
-266
-155
392
-496
79
113
-51
-62
528
-948
502
458
-1264
1585
-1311
449
271
-642
700
-218
-322
563
2
-485
917
-948
848
-572
382
-476
388
-145
-540
1453
-1577
1290
-394
-306
880
-1062
948
-322
63
-324
302
59
-647
1063
-846
673
175
-194
921
-655
11
-91
64
-213
-26
416
-480
328
-27
134
107
-108
-211
490
-215
-463
1342
-1383
634
173
-939
1687
-1645
1126
-105
-601
986
-848
872
-497
186
100
121
-392
377
-439
-312
974
-1261
1636
-895
39
403
-680
735
-772
698
-936
815
-876
645
-114
-457
605
-704
1089
-1378
1391
-1105
196
233
-531
693
-766
571
-405
360
-730
470
-117
-279
266
-114
420
-822
800
-419
-60
-64
-246
446
-913
123
704
-1036
490
190
-680
751
-782
500
-279
-784
799
-139
-402
507
178
-728
669
-309
-238
390
-613
538
347
-575
598
173
-945
847
-766
310
178
-503
1124
-1041
614
245
-549
393
-119
-371
623
-371
-114
1224
-1841
1692
-438
-573
1274
-1096
403
-124
70
138
572
-957
1335
-784
-258
1076
-1403
848
-460
113
417
-312
290
93
-253
32
-31
299
-627
716
-328
-287
620
-290
244
-215
269
-808
1004
-819
276
338
-887
791
-59
-215
51
202
-1002
1099
-549
-100
963
-1219
1108
-468
151
255
-437
398
-311
216
120
165
-293
537
-753
793
-323
-242
795
-1319
919
-187
-442
412
-173
-410
775
-645
23
673
-1291
1255
-477
-300
818
-965
345
102
-606
426
-83
-441
688
-473
221
261
-815
889
-627
6
354
-552
226
149
-383
318
450
-1339
1652
-1071
-230
1479
-2005
1525
-690
-243
575
-67
-612
357
157
-1451
1977
-1680
766
509
-1226
1298
-669
-57
210
166
-923
956
-364
-320
1089
-1000
620
-107
-171
342
40
-458
182
-31
-423
483
-89
-361
391
-95
15
175
-71
-114
34
40
-283
598
-503
230
208
-399
310
39
-255
198
-22
-369
625
-395
227
436
-488
467
-220
-172
271
-117
264
161
-109
291
-47
9
-25
-304
-37
-207
180
46
-18
107
61
-90
405
-284
-84
260
-492
531
-216
263
73
-164
-28
90
-231
-150
410
-752
543
-93
-175
730
-623
395
-117
-203
407
-332
259
-235
59
77
-43
364
-404
296
19
-275
331
-191
-21
271
-358
427
249
-329
383
-184
-21
135
35
5
106
-73
253
85
-48
-161
-108
-70
-264
246
-187
48
216
-87
339
-48
77
-191
186
-415
129
81
-365
605
-620
387
-158
-297
124
-363
-151
-28
-72
-74
264
-307
119
-15
-325
201
-291
-174
196
-245
147
323
-310
196
-44
-455
299
-369
-38
203
-232
415
-54
194
-238
-27
-88
-62
191
-115
74
-51
1
-292
286
-475
-87
246
-593
640
-251
-24
389
-568
325
8
-191
156
-108
-133
170
-75
55
119
-74
163
23
139
-24
-54
-68
-275
87
21
74
267
-128
234
8
-147
205
-207
63
25
-107
196
-123
75
-50
-192
75
-79
89
2
132
-155
230
-6
55
145
-245
210
-232
112
68
-78
194
4
188
40
-32
34
-155
53
47
-64
102
11
101
49
137
-28
-8
-56
-131
140
-106
244
37
35
-33
-27
-28
-68
76
-78
196
27
186
31
-33
2
-62
91
-54
121
70
2
41
82
-134
187
-30
2
235
-217
269
-123
-145
191
-152
122
122
-55
25
28
-94
1
-46
-175
62
-88
86
198
6
85
-49
-63
-153
-33
-144
-25
-1
-43
164
-107
65
-90
-77
-74
-135
-41
-52
-25
48
57
24
76
-90
22
-203
-92
-69
-87
67
-77
134
-171
138
-125
49
-46
-223
122
-305
184
-150
71
52
-28
113
-122
-16
-151
-53
-120
81
-28
109
7
-7
0
-117
14
-142
-8
-30
38
160
-19
105
-5
-86
109
-15
88
9
9
-21
-30
-76
-14
-44
48
80
35
94
-31
65
-140
15
-31
-3
118
-15
108
-56
-23
13
-34
25
43
95
-15
112
-14
19
88
-117
105
-120
-1
98
-132
102
-112
14
15
0
61
-57
55
-84
61
-86
25
-29
-102
71
-63
64
-48
38
-23
-30
-34
-100
-14
-87
-85
-8
-86
-71
6
-80
18
-28
-81
10
-24
-74
110
-114
18
50
-123
62
-154
27
-75
-34
42
-76
103
-87
133
-61
-21
43
-79
50
-92
62
-76
54
9
-1
59
-57
62
-4
-21
37
-4
21
61
33
-1
62
-56
61
51
-37
126
-71
71
-10
10
-4
25
-26
-8
59
-82
76
-44
45
23
45
94
65
99
-13
58
-6
-10
-27
-17
5
34
50
-3
73
-61
-25
19
-88
40
25
26
80
-34
0
49
-96
29
-49
-68
32
-48
45
1
28
18
88
-9
70
14
-20
81
-61
63
8
31
98
2
62
9
-17
11
-79
17
-62
72
60
26
97
-60
80
-62
-45
0
-45
10
3
33
8
2
-41
-3
-57
-44
-15
-41
71
-35
77
-3
-18
-15
-87
-26
-76
-16
-39
29
-27
15
44
-41
72
-39
-46
25
-80
23
17
-16
30
0
-43
5
-94
-64
-47
-89
-50
-44
13
-25
38
-45
-31
-59
-119
6
-53
9
26
63
23
26
28
-32
33
-83
-1
3
-32
91
35
39
-19
6
14
-24
19
-30
-21
18
-23
43
-13
-26
39
-20
38
38
21
-7
-6
-12
22
85
3
92
29
-2
58
-59
-10
-64
7
8
55
71
32
89
-20
72
32
38
69
38
82
79
65
8
55
-29
65
35
-8
56
-65
40
12
8
49
4
35
-3
37
17
8
6
-58
18
10
30
76
20
19
-5
-35
-44
-23
-23
7
10
4
13
15
-1
-24
-19
-14
0
2
-30
-54
-49
-56
-24
-37
6
-12
-12
-28
-34
-39
-67
-38
-60
-30
-39
-9
-40
-36
-72
-70
-36
-79
-5
-62
-12
-10
-13
9
-48
-15
-51
-37
-46
-9
-5
6
44
-23
-4
-29
-26
21
-8
23
-22
-23
-6
-13
-5
5
44
0
19
-14
-15
-2
-28
-13
-11
-4
-5
18
6
-11
7
-8
17
39
24
74
-3
4
-26
-12
30
-10
73
-13
41
-1
4
27
-14
41
10
58
2
41
9
26
27
6
17
-28
4
-5
45
24
59
35
25
49
0
10
-7
-5
-24
-2
-16
-2
53
25
55
24
14
13
4
2
6
33
2
53
18
31
47
-5
5
-37
-32
-14
-16
16
10
17
6
2
8
9
5
1
36
15
16
9
7
-6
-9
-26
