27
59
94
127
153
181
208
227
249
264
275
287
294
299
292
288
277
259
250
233
208
189
161
139
113
74
51
22
-6
-26
-56
-77
-101
-129
-151
-178
-199
-219
-235
-249
-261
-264
-267
-269
-261
-260
-257
-249
-239
-220
-209
-190
-174
-162
-142
-125
-104
-84
-67
-41
-20
-6
8
16
28
34
39
48
51
63
67
72
79
74
79
76
67
59
45
33
24
3
-9
-28
-40
-48
-58
-53
-57
-46
-33
-16
11
31
55
91
122
162
194
221
252
270
289
296
301
305
295
286
265
236
212
176
144
111
75
54
23
6
-6
-24
-22
-31
-31
-28
-34
-29
-30
-30
-22
-36
-43
-49
-71
-84
-105
-122
-137
-160
-168
-190
-205
-210
-222
-211
-204
-191
-174
-163
-129
-107
-79
-42
-24
19
41
63
96
102
125
135
135
145
129
125
120
98
94
69
48
33
0
-19
-47
-75
-87
-103
-114
-120
-129
-123
-122
-115
-93
-71
-37
3
45
95
136
182
229
267
307
338
365
390
404
413
406
391
367
334
303
261
221
183
144
102
63
26
-10
-37
-50
-59
-62
-63
-63
-52
-39
-33
-16
-4
2
14
19
22
19
7
-11
-22
-46
-67
-87
-104
-115
-130
-135
-138
-138
-125
-116
-101
-77
-51
-16
6
27
51
60
67
70
69
65
55
38
13
-14
-39
-71
-99
-127
-150
-161
-178
-189
-198
-199
-196
-191
-177
-170
-157
-143
-129
-103
-82
-64
-39
-31
-15
-1
11
32
45
62
75
78
88
96
104
113
115
119
119
110
100
80
70
55
42
23
5
-12
-41
-47
-65
-73
-77
-89
-82
-80
-76
-58
-57
-41
-28
-27
-9
-8
1
9
5
7
0
-7
-13
-31
-40
-56
-78
-87
-117
-131
-137
-155
-164
-176
-182
-182
-185
-179
-165
-161
-143
-136
-116
-89
-66
-30
4
30
52
67
82
91
90
90
82
70
56
30
10
-28
-56
-77
-105
-117
-134
-131
-127
-123
-103
-91
-69
-46
-16
22
52
91
127
146
170
182
183
194
187
187
182
175
165
139
128
103
86
76
66
65
57
54
58
52
54
53
44
48
42
44
44
35
28
13
-4
-15
-30
-39
-45
-54
-58
-74
-86
-112
-144
-167
-194
-216
-239
-263
-283
-307
-329
-352
-372
-378
-378
-370
-342
-313
-280
-231
-179
-126
-78
-35
16
61
104
133
146
161
148
122
93
44
-2
-51
-98
-142
-187
-224
-255
-283
-299
-297
-293
-265
-229
-183
-127
-81
-32
22
67
118
165
205
245
267
291
298
297
295
285
280
261
237
227
210
197
191
173
161
146
132
129
118
127
121
121
126
115
108
92
87
78
59
50
34
10
-13
-43
-71
-92
-117
-141
-161
-187
-202
-219
-229
-228
-232
-216
-202
-188
-149
-122
-80
-36
-5
40
77
114
163
190
218
236
231
225
190
167
146
97
64
17
-31
-66
-109
-128
-153
-166
-158
-158
-134
-100
-71
-22
17
61
116
156
212
253
297
345
369
400
419
441
458
456
452
438
417
399
364
331
299
261
238
191
166
145
114
110
87
79
83
76
87
86
79
89
87
91
98
89
92
73
53
37
0
-21
-54
-97
-136
-194
-242
-296
-350
-372
-409
-430
-438
-445
-426
-401
-367
-331
-287
-241
-184
-124
-63
-17
24
54
86
121
118
131
123
104
82
40
21
-29
-65
-103
-145
-168
-204
-214
-218
-228
-225
-203
-181
-137
-95
-53
1
44
103
155
201
245
278
307
334
350
366
365
357
349
320
306
284
258
250
229
205
175
143
128
110
92
77
55
57
58
58
62
52
39
28
13
-7
-16
-28
-35
-54
-83
-111
-137
-163
-187
-205
-235
-265
-284
-297
-307
-317
-330
-331
-304
-290
-266
-239
-226
-195
-158
-126
-96
-54
-22
9
49
57
69
80
78
72
45
18
-1
-35
-69
-87
-120
-166
-192
-202
-218
-215
-213
-217
-202
-189
-163
-124
-88
-70
-32
17
60
106
137
163
175
200
227
252
266
270
267
253
244
226
218
210
196
186
174
165
151
139
102
62
27
5
-33
-23
-27
-74
-47
-78
-117
-91
-107
-105
-71
-67
-75
-80
-61
-99
-114
-103
-151
-176
-186
-204
-210
-252
-275
-305
-388
-357
-374
-394
-303
-332
-332
-284
-281
-252
-169
-85
-58
-11
11
14
65
76
62
97
77
55
98
42
16
3
-66
-92
-145
-138
-150
-190
-141
-188
-271
-220
-170
-182
-97
-14
-50
39
145
160
210
342
353
318
427
437
435
499
516
407
354
371
287
250
253
229
147
131
118
112
151
83
12
-8
-38
-7
71
73
68
104
6
5
77
52
116
116
55
-25
-62
-26
-91
-111
-111
-201
-267
-236
-241
-300
-240
-235
-373
-335
-163
-184
-126
27
-92
-57
57
42
66
137
204
110
170
239
99
115
138
13
-49
-42
-80
-119
-118
-148
-195
-182
-148
-172
-154
-163
-146
-102
-87
81
137
201
260
165
275
356
368
425
410
319
381
389
209
378
294
71
153
139
-2
87
177
-142
29
53
-227
27
136
-50
-17
92
-158
18
170
36
226
189
34
55
153
5
50
-1
-252
-17
-155
-216
71
-240
-344
-83
-327
-324
66
-195
-272
25
-355
-389
-2
-300
-292
168
-106
-120
258
-130
-136
228
-117
-59
276
-15
-46
217
-173
-234
35
-235
-179
51
-162
-284
-67
-190
-267
33
-26
-127
70
46
-58
182
174
-12
192
241
26
221
337
159
267
383
113
73
329
80
95
408
108
-15
431
146
-76
513
101
-61
511
85
10
538
234
-14
434
167
21
422
98
84
363
-4
-69
129
-121
-79
-67
-270
-73
-265
-368
-190
-348
-343
-186
-303
-271
-55
-452
-204
-123
-545
-56
0
-279
21
138
-371
0
231
-392
-80
113
-306
-182
129
-290
-336
166
-334
-535
86
-162
-413
145
-86
-446
235
59
-361
148
171
-244
-10
245
-153
-26
198
-53
-101
273
-27
-213
354
-159
-249
141
-136
-65
117
-232
33
207
-110
155
10
166
165
55
183
147
113
103
246
-135
259
301
-149
356
78
-227
203
40
-229
122
116
-310
-113
81
-400
-60
131
-490
-214
319
-499
-310
397
-408
-257
134
-256
-3
109
-48
-119
7
-87
-247
334
-248
-46
234
-488
61
116
-301
8
433
-356
-121
201
-407
20
239
-87
24
222
-61
-43
208
-11
-120
257
120
-43
98
196
-42
137
253
-298
165
214
-295
-2
352
-76
60
514
-132
-269
489
-75
-356
662
-150
-262
570
-96
-111
129
268
-319
159
280
-536
295
-81
-73
189
67
-221
22
257
-587
263
-187
-54
341
-380
10
317
-162
-58
252
-358
226
-10
-562
548
-133
-577
630
-371
-685
575
-393
-664
513
-348
-571
467
-137
-338
213
109
-268
80
439
-135
-36
552
51
-425
588
53
-465
529
-89
-366
242
33
-353
179
137
-254
407
-378
33
360
-458
504
87
-497
503
151
-327
355
70
58
230
-179
173
42
-37
217
-277
-119
298
-343
-347
292
-404
-236
216
-316
-221
270
-200
-237
431
-441
-112
304
-363
186
5
-202
524
71
-426
500
143
-836
613
468
-1079
986
196
-1299
974
-39
-906
658
73
-421
378
-510
29
290
-724
754
51
-761
1089
-377
-586
1171
-445
-324
1005
-184
-71
655
218
130
0
364
152
-135
529
175
-303
326
574
-659
154
927
-801
-29
898
-674
-45
785
-190
-47
553
-137
-47
622
-445
269
382
-500
726
-29
-710
1073
-171
-881
923
-181
-476
715
-491
94
203
-704
782
-655
127
814
-1066
59
739
-676
-629
1418
-1168
-298
1234
-1348
133
1058
-1167
-155
761
-1297
303
435
-1187
303
425
-726
-279
805
-908
-289
1016
-1499
340
903
-1074
408
644
-598
-15
510
-298
256
155
271
5
47
449
-184
-5
646
-94
-517
1039
-414
-473
970
-408
-227
566
-197
-432
783
-375
-524
1050
-530
-379
356
-45
-307
-54
303
-547
384
51
-575
684
-184
-722
696
-207
-604
1241
-794
-194
1032
-955
309
370
-445
108
321
-415
-114
758
-579
-241
828
-653
-691
1224
-943
-684
1422
-998
-572
1135
-652
-1047
971
229
-1667
868
287
-1443
874
-177
-683
475
-80
-349
-296
413
-110
-375
170
354
-101
-271
723
-325
-495
1113
-307
-556
954
-29
-905
863
169
-775
938
-45
-634
219
485
-657
8
425
-290
484
-476
511
137
-265
177
-19
218
-268
342
-95
-143
268
80
-764
593
278
-1464
1119
-177
-794
631
-288
-277
-154
408
-560
-213
509
-593
38
-46
-76
146
-376
403
45
-782
757
-212
-482
515
-408
59
-353
340
-434
-81
505
-718
-235
141
-146
-729
237
287
-1196
457
272
-1379
663
99
-1481
592
700
-1716
740
643
-1202
461
83
-135
-489
893
-495
-478
1265
-1041
382
760
-698
758
-264
3
847
-621
580
624
-491
266
376
-384
389
496
-908
431
469
-813
395
361
-413
321
395
-716
533
79
-368
529
-290
237
492
-298
-193
1132
-1007
405
892
-1342
1376
7
-844
913
243
-752
843
701
-1329
1087
-103
-545
989
-340
149
185
31
-253
317
-367
-55
734
-1224
327
472
-675
-195
758
-596
-598
1218
-989
-577
1201
-1129
-100
727
-997
763
-321
-498
997
-1058
-101
1011
-1156
-167
1308
-1221
-193
1501
-1146
-86
1314
-1007
-260
1433
-676
-247
1707
-1229
-188
1797
-1484
122
1590
-1661
899
360
-752
588
607
-156
-1056
2018
-1103
-262
1206
-899
173
409
75
-575
1091
-397
-254
558
-83
-112
-89
688
-118
-314
362
1127
-1200
717
1197
-1683
1962
46
-1355
2520
-532
-692
1707
-145
-891
1348
-349
-578
1514
-1559
308
1261
-1430
138
946
-897
-104
910
-1667
608
338
-1418
820
-169
-455
-234
272
-777
200
-367
-219
326
-1788
1699
-787
-1376
1601
-431
-1481
1597
87
-2636
2931
-530
-2258
2563
-122
-2163
2504
-264
-2643
3130
-1290
-1353
2442
-1031
-835
1794
-932
-1226
2162
-1194
-804
1717
-1242
-608
1620
-1089
-701
1784
-1024
-766
1750
-991
-518
1346
-897
-271
1202
-696
-568
1876
-1717
11
1511
-1247
249
659
-178
-429
807
-618
618
92
-465
541
-677
533
-210
-521
997
-388
-792
966
-224
-359
71
-353
612
-678
-375
1233
-1917
642
1026
-2767
1526
757
-2733
1857
55
-2243
2058
-538
-1413
1609
-743
-1310
1463
-862
-503
1153
-1003
-445
1329
-1756
301
1422
-2088
1290
-107
-807
515
498
-1121
621
81
-862
735
-343
372
-851
1052
-1241
242
642
-1035
226
304
-371
-972
1097
-990
409
-122
-460
510
-1087
726
-111
-578
655
-355
-250
157
600
-680
-501
1144
-1414
18
1029
-944
-222
1392
-1081
-709
1708
-777
-206
548
418
-560
394
978
-1157
847
430
-1488
1055
123
-933
945
-129
-1041
1306
-213
-1390
2096
-663
-1336
1839
-783
-883
1700
-865
-812
1891
-1267
-91
1116
-361
4
121
494
-753
551
565
-938
539
1035
-2070
1106
1083
-2084
1729
1
-676
512
380
-391
263
347
-674
682
-423
-228
610
-563
-358
1141
-1566
554
759
-1717
1025
-306
-541
82
564
-996
261
674
-1557
1036
-102
-586
375
525
-1613
831
1100
-2530
2334
-755
-1846
2593
-1475
-798
2028
-1409
-50
1262
-2018
1446
661
-2120
1450
936
-2229
1037
1291
-2262
1496
767
-2221
1407
1050
-2189
1522
773
-1990
1345
748
-1498
1111
665
-1361
1000
307
-822
1007
441
-1417
1578
-687
-451
1834
-969
-30
728
136
-921
1208
397
-901
1612
-632
-569
1808
-963
528
403
-608
93
382
226
-573
1524
-1262
356
543
-1260
646
604
-470
-325
621
-659
446
196
-538
151
-331
303
99
-677
1378
-816
-487
1035
-1034
40
901
-407
-991
1639
-1401
17
1539
-1521
142
818
-364
-635
1032
-122
-516
773
-112
-791
1240
-109
-612
764
-163
-375
636
-129
-929
1471
-748
-673
1414
-1163
135
984
-1301
54
1192
-1019
90
1185
-1071
181
364
-492
326
149
-508
286
-29
-809
825
-286
-978
1536
-1255
-351
1996
-2133
405
1575
-2274
802
1180
-2468
1256
1110
-2631
1454
1099
-2519
1499
452
-2328
1800
-213
-1476
1357
-205
-984
756
12
-846
576
-139
-558
747
-373
-248
752
-575
-94
703
-698
174
961
-1059
322
748
-876
555
385
-655
841
63
-525
952
-679
279
649
-1013
817
117
-59
302
9
55
-253
514
-348
-126
696
48
-418
111
863
-1383
547
639
-1964
1551
-413
-864
884
-843
99
-221
-26
78
-369
31
-167
-348
24
319
-611
20
570
-1154
470
-211
-537
479
-372
-246
-160
625
-613
294
287
-865
364
117
-608
282
210
-316
-48
176
48
-399
302
0
-952
515
784
-1131
1086
-47
-509
215
-67
309
-646
475
-81
-161
391
299
-378
584
-51
-159
599
-217
574
116
127
266
170
-27
531
77
-172
168
-17
627
-230
382
795
-522
-133
917
-1142
482
1039
-2131
866
256
-1067
846
157
-700
-70
146
-1121
851
-25
-733
873
-551
-1132
872
-256
-1523
1119
-872
-1609
1359
-87
-2118
1442
-45
-1960
2023
-64
-1961
1751
-155
-1848
2065
-405
-755
1492
-1052
-57
642
-1027
586
-205
-511
637
-470
443
-118
-62
89
-742
453
-427
-152
510
-648
87
90
-209
283
75
-580
635
-485
-598
1404
-1179
10
908
-434
169
664
44
-41
264
-261
413
468
406
748
-31
-78
273
-549
399
381
-82
432
-123
-12
-158
-118
471
-382
212
272
-690
-39
-109
-255
-447
33
-491
-167
25
-506
183
-878
-45
705
-518
304
330
-425
-61
433
137
-110
407
-85
110
97
478
357
-202
428
-99
359
85
3
303
-386
324
-344
-319
468
-761
-186
278
-121
-111
-58
-268
-472
536
-187
-353
421
290
-165
357
131
-257
769
98
-221
312
167
-164
1012
464
-90
538
74
4
693
529
152
582
-135
-84
489
30
172
404
-663
-170
294
-232
191
254
-375
-398
-96
-236
-144
186
122
-782
-39
-249
-614
669
-140
-1056
-217
-256
-515
739
146
-555
276
-551
-126
211
-203
466
-364
-197
232
-222
506
87
-542
-196
-608
-200
718
-253
62
-193
-1439
103
155
-776
615
8
-1146
214
-238
-446
729
-150
-590
211
-620
-15
534
291
39
-106
50
118
777
263
501
-39
197
595
77
1166
677
-4
588
-26
78
837
316
375
177
-422
1
360
-119
27
30
-575
-250
-128
-236
-186
40
-488
-776
-90
-397
-396
423
-262
-533
163
-526
-23
236
-23
67
-202
-1
69
440
372
-100
-288
-221
183
286
111
543
-336
-745
175
-633
-125
798
-407
-756
2
-679
-406
684
-367
-505
-123
-364
-199
316
421
14
-90
-89
-365
64
565
87
451
415
-76
230
539
454
610
388
103
271
282
699
654
381
43
-219
-149
189
394
173
35
-90
-176
87
298
218
-182
-621
-447
-213
96
261
76
-278
-749
-896
-466
-230
-48
-68
-533
-406
-523
-488
23
-211
-397
-221
-631
-447
302
146
-148
103
-528
-648
126
53
122
185
-112
-652
-336
-86
-366
-28
-195
-610
-308
-50
-54
79
-153
-104
-227
-30
288
92
185
285
89
76
135
114
483
389
170
385
164
65
722
437
331
825
375
207
768
329
355
549
54
469
149
111
503
-42
181
460
-328
-194
131
-127
-18
91
-225
-370
-63
-252
-305
69
-293
-349
-315
-488
28
-22
45
140
-546
-300
-146
-236
214
2
-75
-94
-266
44
260
-15
-36
-198
-377
77
64
42
61
-184
-312
-443
-331
68
-114
-211
-273
-527
-349
-215
-107
-27
-405
-337
-225
-427
209
197
-69
90
-290
-170
320
311
555
513
62
350
268
329
801
349
290
447
59
170
526
170
116
223
-177
-6
409
46
18
-27
-410
-230
-212
-166
48
129
-93
-187
-36
-319
-182
29
-168
95
-54
-66
214
-17
273
189
-100
279
316
508
887
848
748
671
648
784
773
1033
1260
952
868
786
518
658
911
563
549
595
365
365
451
429
310
392
336
241
146
327
265
-147
48
-10
-503
-324
-545
-969
-861
-1178
-1437
-1506
-1713
-1851
-2081
-2048
-2141
-2018
-1697
-1780
-1522
-1377
-1130
-736
-668
-305
-101
-178
225
170
171
466
225
227
160
-39
-127
-233
-368
-594
-643
-728
-849
-755
-976
-1221
-1054
-1190
-1246
-976
-1066
-1074
-739
-633
-508
33
237
298
764
1106
1295
1851
1994
2103
2467
2585
2778
2908
2870
2622
2592
2671
2477
2413
2595
1885
1571
1464
792
1164
1228
1180
1407
1185
1390
1183
398
-107
-1115
-1664
-860
-435
-351
-8
-830
-2930
-3737
-3748
-3847
-1917
-888
-1387
-602
-368
-73
700
588
749
856
855
1602
2501
3168
3647
2914
1343
550
302
381
532
167
-271
-934
-1982
-2701
-3389
-4019
-4156
-4808
-5371
-5036
-4636
-4097
-3727
-3897
-3910
-3728
-2866
-1897
-1132
646
1224
1084
1759
1354
1272
2362
2318
1995
2677
2669
2317
2179
1319
476
28
-578
-834
-1113
-1221
-1040
-1644
-2246
-2482
-2620
-2146
-1585
-1189
-448
172
759
1255
1671
2489
3195
3514
4019
4326
4670
5384
5358
5131
5138
4444
4051
4112
3575
3733
3896
3350
3176
1559
-311
-1018
-2321
-2054
-849
-1345
-1793
-2343
-4776
-6032
-5281
-5191
-3476
-1885
-2506
-1935
-1307
-1082
161
230
206
1006
979
1761
2953
3236
3501
3015
1352
468
558
594
1063
891
-64
-591
-1525
-2533
-2946
-3607
-3957
-3898
-4127
-4256
-3778
-3530
-3678
-3586
-3841
-3371
-2346
-1607
-483
90
737
1406
1286
1444
1532
1899
2452
2587
2837
2783
2519
2116
1299
663
347
238
132
-211
-475
-727
-1071
-1514
-1762
-1817
-1660
-1155
-874
-653
-163
158
445
826
1109
1667
2349
2785
3122
3322
3488
3511
3453
3487
3152
3146
3148
2507
2420
2296
1651
1750
1750
215
-760
-1145
-2406
-2001
-857
-1659
-1902
-2105
-4522
-5153
-4343
-4244
-2174
-1090
-1831
-1470
-1632
-1308
-103
25
559
1317
1217
1636
2365
2333
2506
2295
864
372
666
762
1317
929
-45
-684
-1804
-2296
-2429
-2701
-2342
-2391
-3022
-3030
-3140
-3218
-2752
-2953
-2926
-2017
-1364
-443
308
377
661
632
877
1465
1913
2795
3057
2578
2271
1990
1796
1763
1588
1074
613
335
-137
-505
-716
-962
-1275
-1718
-1928
-1852
-1577
-1129
-945
-953
-800
-552
-66
457
986
1485
1847
2171
2394
2637
2946
3198
3188
3193
3005
2975
3047
2658
2516
2128
1657
1737
1397
465
-269
-1097
-1890
-1625
-1103
-1457
-1614
-2221
-4105
-4668
-4347
-3858
-2027
-1229
-1653
-1811
-2083
-1427
-427
168
1086
1564
1605
1881
2120
2341
2784
2769
1934
1318
1318
1563
1868
1589
877
30
-877
-1502
-1872
-1923
-1922
-1974
-2410
-3166
-3498
-3332
-3549
-3614
-3241
-3327
-2407
-1329
-1100
-430
-354
-327
104
319
1533
2503
2957
3258
2403
1931
1959
1858
2005
1912
1544
999
225
-373
-702
-895
-1003
-1369
-1901
-2122
-2001
-1765
-1490
-1395
-1265
-1056
-824
-157
606
1194
2017
2495
2586
3216
3829
4174
4575
4643
4346
4168
4264
4147
4049
4054
3553
2862
2478
2001
826
-281
-1237
-2157
-2022
-1217
-1555
-2398
-3314
-5924
-7121
-6572
-5708
-2892
-1524
-2235
-2649
-3761
-3574
-1876
-693
1159
2663
2688
2394
2156
1799
2486
3128
2514
2284
2030
1925
2201
1484
570
-229
-1397
-2114
-2690
-2791
-2387
-2172
-2792
-4205
-5452
-5877
-5470
-4939
-4200
-3679
-3307
-3216
-3316
-2909
-2298
-736
580
685
1318
1719
2118
2908
3059
3187
3036
2956
2722
2105
1950
1819
1294
454
-45
-493
-586
-404
-966
-1525
-1855
-1931
-1635
-1317
-857
-469
-257
-25
121
641
1747
2736
3680
4353
4434
4660
4799
4733
4928
5434
5665
5677
5677
4878
3819
3560
2842
2626
3101
1573
145
-1116
-2742
-2512
-1360
-1493
-2082
-3524
-6816
-8143
-7685
-6280
-2950
-1518
-2492
-3809
-5712
-5847
-3660
-1242
1328
2882
1940
423
-440
-881
758
2696
3090
3253
2291
1099
753
283
492
765
197
-497
-1391
-2080
-1858
-1642
-2159
-3098
-4198
-5134
-4900
-4296
-3972
-3205
-3495
-4143
-4231
-4280
-3270
-1547
-385
11
-35
-158
163
935
2020
2981
3411
3403
2838
2022
1875
2249
2972
3522
3237
2662
1606
684
319
270
731
1217
1205
528
-403
-905
-819
-200
466
962
1158
1067
1166
1346
1839
2555
3092
3156
3097
3142
3355
3887
4192
4018
3467
2946
2569
2589
2966
3309
2714
1226
-479
-1698
-1756
-673
104
-507
-1648
-4266
-6251
-6233
-5316
-2955
-1332
-1674
-3088
-4831
-5520
-4514
-2618
-514
892
860
-392
-1726
-2423
-1577
328
1830
2656
2130
1161
202
-441
-157
800
1739
2139
1743
421
-679
-1094
-1159
-920
-684
-1005
-1331
-1910
-2647
-2599
-2361
-2034
-1741
-1992
-2236
-1958
-1363
-711
-348
-246
-407
-502
-111
631
1458
2112
2161
1501
1080
1118
1709
2592
3165
3090
2271
1370
644
401
937
1511
1685
1457
552
-373
-862
-932
-387
269
706
814
498
71
-78
148
794
1680
2167
2364
2127
1640
1467
1483
1918
2472
2698
2578
2232
1685
1167
1169
982
614
326
-317
-753
-824
-709
-872
-1058
-1693
-2766
-3268
-3246
-2448
-1423
-647
-791
-1743
-2467
-2923
-2405
-1100
191
1083
940
74
-1054
-1639
-1090
129
1379
1854
1565
595
-588
-1094
-926
-98
749
1129
467
-763
-1768
-2430
-2171
-1594
-1015
-754
-1241
-1947
-2691
-3018
-2599
-1991
-1335
-1022
-1024
-1181
-1405
-1388
-1196
-627
-58
417
720
688
733
838
868
945
1139
1344
1567
1701
1606
1285
856
447
173
282
630
855
884
449
-92
-382
-467
-14
463
822
1113
939
618
438
514
803
1315
1739
1799
1730
1428
1225
1176
1332
1562
1578
1616
1318
907
672
579
485
577
644
496
468
96
-170
-279
-505
-295
-25
-54
-112
-396
-763
-992
-1093
-1001
-740
-430
-315
-447
-677
-919
-1002
-926
-766
-503
-324
-253
-333
-705
-1058
-1180
-1143
-856
-639
-662
-797
-1101
-1421
-1494
-1427
-1198
-903
-837
-887
-1015
-1131
-1116
-1006
-861
-602
-454
-410
-440
-551
-459
-306
-29
259
440
573
559
483
415
433
609
928
1162
1326
1313
1051
828
594
542
779
1048
1185
1104
828
490
340
380
579
804
823
807
638
445
402
376
450
525
581
592
523
505
366
328
372
336
371
219
6
-216
-381
-405
-344
-369
-456
-627
-877
-982
-1062
-988
-883
-792
-775
-857
-965
-1079
-1027
-982
-791
-607
-464
-369
-359
-321
-331
-235
-125
36
190
354
424
377
295
240
244
301
346
256
105
-126
-333
-498
-530
-516
-517
-522
-652
-765
-774
-781
-688
-591
-563
-403
-301
-221
-131
-69
52
224
450
638
768
819
743
720
715
826
1035
1156
1242
1206
1070
904
829
763
814
927
918
897
763
558
472
372
396
471
408
367
195
85
74
38
86
36
-51
-72
-178
-177
-185
-217
-148
-191
-229
-297
-374
-458
-490
-478
-473
-422
-475
-540
-583
-612
-567
-523
-482
-381
-343
-293
-271
-304
-285
-282
-244
-228
-224
-175
-146
-121
-145
-175
-212
-267
-242
-224
-111
6
34
48
-30
-76
-46
7
118
217
287
291
232
216
208
283
379
383
394
363
261
270
211
210
336
293
274
219
91
121
160
215
318
290
285
263
231
279
283
304
285
202
181
131
120
197
172
204
177
87
118
77
134
222
222
259
227
98
31
13
46
203
286
299
275
148
90
87
142
310
433
505
468
347
208
93
77
115
147
174
103
-45
-187
-337
-367
-382
-373
-359
-402
-420
-469
-510
-516
-538
-544
-519
-513
-442
-387
-331
-282
-336
-288
-256
-176
-48
-46
58
70
43
113
98
148
159
46
5
-115
-149
-119
-153
-77
-133
-217
-293
-473
-483
-452
-376
-208
-239
-297
-419
-588
-586
-580
-467
-322
-316
-266
-353
-433
-385
-377
-188
-19
94
216
161
135
103
95
206
243
289
272
213
213
196
242
288
270
282
230
208
264
281
357
371
349
347
308
332
325
338
361
329
333
311
317
363
375
372
301
205
161
117
150
160
139
107
-23
-97
-174
-179
-119
-58
-23
-72
-144
-217
-245
-222
-180
-124
-85
-87
-96
-169
-219
-242
-277
-217
-203
-202
-133
-180
-182
-222
-288
-221
-278
-292
-313
-414
-424
-491
-575
-602
-722
-755
-788
-861
-789
-769
-691
-635
-659
-635
-654
-575
-460
-386
-210
-130
-107
-28
-40
36
119
192
307
337
422
483
512
551
504
504
514
485
507
521
545
530
470
374
294
233
200
242
286
314
317
281
235
167
141
241
323
439
532
531
540
513
546
644
731
814
816
785
684
620
593
545
560
490
388
262
102
7
-55
-109
-147
-235
-284
-314
-366
-379
-396
-403
-427
-434
-386
-328
-243
-180
-211
-226
-252
-254
-180
-149
-88
-61
-112
-130
-206
-262
-223
-237
-222
-243
-325
-375
-438
-478
-484
-503
-490
-457
-434
-427
-448
-460
-468
-422
-388
-346
-255
-220
-186
-159
-145
-100
-63
-40
17
35
86
115
102
106
63
68
72
103
152
140
142
130
90
110
108
153
198
158
194
216
264
345
376
411
383
374
379
346
428
495
550
595
554
542
528
522
549
563
588
633
603
594
537
468
453
395
400
371
356
328
228
111
-8
-56
-37
-24
-10
-32
-134
-193
-247
-253
-186
-123
-75
-87
-94
-82
-73
32
135
150
165
162
122
113
108
84
53
-3
-88
-191
-250
-334
-382
-453
-556
-613
-672
-698
-735
-775
-797
-814
-824
-799
-781
-743
-678
-659
-629
-586
-559
-492
-429
-360
-273
-221
-159
-118
-132
-116
-96
-68
-18
-20
-28
-68
-129
-144
-173
-187
-167
-174
-178
-196
-193
-154
-113
-61
-28
-22
4
64
149
241
346
414
469
494
502
528
541
578
604
607
605
572
531
509
439
391
347
290
274
231
199
171
152
160
146
164
165
162
185
166
156
197
210
238
246
236
259
254
269
253
222
205
153
148
154
139
150
94
53
4
-62
-56
-78
-116
-162
-254
-306
-337
-342
-291
-322
-345
-407
-475
-471
-468
-416
-380
-372
-381
-427
-427
-408
-404
-359
-317
-292
-284
-274
-272
-282
-272
-255
-227
-189
-165
-135
-108
-113
-120
-133
-114
-76
-50
11
41
70
96
103
154
165
162
186
193
204
242
258
265
252
247
250
213
214
215
201
217
240
255
273
270
230
178
140
121
131
162
186
175
110
52
11
2
17
38
63
53
25
10
-13
-7
1
-11
5
12
13
10
-16
-52
-71
-89
-80
-66
-82
-86
-122
-161
-193
-202
-186
-188
-188
-199
-228
-260
-277
-293
-302
-307
-314
-299
-290
-295
-279
-261
-245
-221
-176
-133
-105
-72
-63
-46
-14
64
168
222
241
224
190
199
242
294
361
379
348
281
206
148
85
43
14
-7
-57
-121
-166
-185
-217
-241
-243
-257
-237
-214
-167
-115
-76
-25
22
76
118
160
215
255
299
322
347
363
348
332
296
266
212
170
141
88
25
-29
-99
-158
-203
-230
-220
-214
-193
-172
-162
-152
-165
-138
-65
23
127
230
293
326
323
329
357
379
439
460
460
410
337
286
219
169
136
98
73
47
16
-10
-49
-65
-83
-76
-38
-7
51
89
101
124
148
190
216
248
284
279
264
243
204
173
129
85
29
-58
-123
-217
-280
-338
-430
-461
-514
-555
-567
-605
-601
-596
-581
-523
-472
-416
-354
-332
-296
-253
-198
-111
-53
-2
29
18
-4
-48
-84
-78
-92
-88
-104
-143
-187
-271
-340
-374
-364
-328
-284
-254
-240
-235
-228
-198
-161
-84
6
91
169
220
264
303
337
376
412
447
469
490
500
487
476
456
428
405
413
414
435
452
433
444
437
438
454
452
462
459
455
453
422
400
378
356
323
274
218
151
73
10
-43
-99
-145
-209
-276
-350
-419
-452
-475
-474
-477
-467
-451
-438
-422
-395
-358
-292
-219
-156
-114
-83
-54
-74
-65
-57
-49
-33
-52
-82
-133
-200
-245
-284
-332
-366
-420
-457
-484
-504
-476
-442
-406
-373
-355
-324
-266
-178
-65
40
128
194
212
235
264
307
374
432
469
471
430
359
288
229
197
194
182
149
89
34
-19
-66
-61
-30
17
71
114
145
165
188
220
263
309
349
387
409
395
367
339
314
270
233
192
123
53
-18
-109
-184
-256
-312
-346
-390
-421
-446
-471
-469
-454
-412
-355
-311
-232
-179
-118
-52
-3
64
119
149
180
188
173
150
95
54
3
-48
-78
-134
-192
-260
-335
-386
-427
-440
-423
-414
-403
-385
-380
-345
-290
-213
-140
-63
18
68
124
161
219
260
287
320
315
322
306
275
256
205
134
83
13
-38
-80
-114
-137
-158
-148
-164
-164
-123
-91
-37
39
95
176
218
244
271
276
305
320
343
371
353
341
298
237
200
163
133
98
62
8
-48
-110
-165
-219
-249
-268
-279
-266
-258
-252
-245
-211
-177
-131
-79
-33
-9
13
15
21
16
-6
-6
-32
-49
-75
-105
-124
-160
-175
-191
-219
-208
-212
-229
-224
-240
-240
-229
-207
-177
-168
-142
-101
-85
-30
6
44
107
113
164
183
183
205
196
198
186
159
147
111
67
49
-7
-32
-44
-59
-59
-74
-48
-37
-5
46
88
147
201
235
273
306
325
342
346
336
302
266
231
199
175
143
105
67
34
8
-1
-9
-15
17
2
6
11
6
28
33
59
71
86
100
100
113
115
121
118
105
89
54
44
32
2
-28
-45
-81
-104
-125
-144
-156
-166
-153
-169
-185
-188
-195
-188
-172
-164
-135
-129
-111
-66
-42
-6
29
57
93
102
123
140
129
133
130
95
80
48
3
-31
-95
-126
-160
-202
-215
-237
-235
-231
-245
-231
-212
-176
-139
-116
-71
-51
-12
20
52
94
106
135
154
153
158
145
130
122
106
85
88
76
59
46
18
19
-13
-27
-27
-37
-32
-15
-11
3
21
15
39
38
59
90
126
141
183
181
199
218
206
251
208
256
254
220
243
199
216
216
191
178
134
102
74
14
-16
-65
-108
-123
-212
-213
-260
-252
-221
-246
-195
-204
-203
-174
-145
-113
-87
-44
-18
-34
-34
-27
-55
-43
-51
-65
-33
-88
-68
-82
-172
-129
-187
-202
-191
-244
-231
-291
-278
-274
-330
-286
-329
-317
-280
-279
-202
-186
-146
-155
-140
-131
-111
-52
-44
44
51
86
130
105
154
172
181
195
210
176
157
132
122
127
75
39
21
-29
-34
-76
-75
-136
-375
-523
-744
-662
-572
-297
1
245
505
458
586
655
816
946
1022
1130
1099
1096
903
718
475
103
-249
-761
-994
-1226
-1270
-1073
-923
-582
-488
-182
-79
210
484
680
854
644
528
188
74
43
97
155
191
69
-180
-354
-461
-374
-320
-125
85
318
507
631
641
442
292
-143
-310
-703
-677
-760
-809
-597
-818
-481
-530
-289
-101
130
465
589
761
769
798
664
564
364
230
95
-52
-119
-216
-277
-257
-384
-371
-415
-463
-382
-392
-330
-354
-321
-211
-213
-112
15
142
318
399
523
562
635
447
435
306
133
137
-164
-156
-230
-320
-326
-360
-386
-536
-743
-856
-880
-728
-621
-565
-460
-481
-618
-599
-451
-278
95
249
426
772
755
994
1040
950
982
823
570
560
488
380
358
25
133
-332
-60
-232
-446
118
-420
-32
-734
-102
-539
-451
237
-729
814
-91
-82
379
222
355
562
300
216
959
-386
374
65
548
172
-292
643
-376
66
-71
34
141
343
186
-362
133
-70
-864
199
-138
-473
159
-468
-165
-514
-69
-657
144
-125
-537
716
-859
411
355
-138
200
197
155
-218
225
-191
-95
309
169
-209
189
128
-213
138
-473
502
209
-87
570
-407
628
-411
327
-40
289
562
-560
511
-723
1000
-1062
790
332
-95
1197
-1173
1292
-850
438
-128
-755
923
-533
400
-90
678
394
-227
670
-172
31
-53
-551
766
-783
117
424
-933
798
-476
23
195
11
685
-605
905
-471
-13
925
-1396
1399
-577
-108
1013
-963
666
92
518
-1093
584
-235
-1177
918
-434
-475
24
51
-914
135
-882
341
-648
-326
783
-1691
868
-171
-331
-25
-26
411
-777
203
49
-897
-71
271
-479
-498
845
-791
-399
120
-750
5
-130
280
-771
212
-463
42
-520
270
-50
-733
1081
-1502
1054
23
-799
1096
-399
132
-111
386
-628
58
986
-1415
1304
-355
435
94
-40
1348
-1914
1786
-879
-280
840
-186
685
-438
960
-1051
235
492
-504
653
-317
-179
600
-907
653
394
-519
1545
-927
368
979
-839
770
249
906
-131
360
281
-839
994
-1163
441
-266
-755
465
-939
267
-134
-197
-414
108
-850
142
-157
-306
-40
-1099
584
-1106
301
-368
373
150
-954
791
-629
-171
232
195
-890
628
272
-430
154
560
-155
-874
1099
-774
-544
278
174
-727
622
583
-1331
1003
-818
358
-97
-1092
1600
-673
-177
1130
-503
-362
144
128
-122
90
400
-396
561
-97
683
-1
-132
855
-820
569
-292
434
355
-274
149
-312
79
-68
370
228
351
251
452
-370
-288
899
-601
864
818
175
462
-662
346
-1110
0
454
173
-1003
875
-582
-368
438
-1048
1393
-2048
940
-769
-1432
1569
-1546
545
-810
607
-1046
-740
1670
-1761
602
-334
134
-692
531
265
-1179
1554
-2262
1382
-552
-504
1309
-1050
342
-522
292
-922
11
-833
85
618
-1763
1356
-505
-1241
1221
-1493
-560
1001
-413
370
-281
471
173
-762
1616
-188
289
971
-689
775
-632
336
732
-661
1385
-159
-320
-116
803
-1184
298
1719
-1419
2124
-792
315
355
-458
1297
-1874
2466
-865
187
1825
-1128
1199
129
-57
-679
1352
-703
273
749
-961
1735
-534
22
944
119
-745
738
-536
-313
254
285
335
-7
790
-1081
840
-293
562
-215
530
311
-437
830
-760
957
-333
161
-425
208
-884
813
-607
-719
1165
-2164
1509
-1284
-145
-412
-868
395
-1993
1606
-1214
-166
319
-1329
862
-883
325
-467
-49
411
-492
-228
407
748
-1465
1248
-626
-216
-22
310
118
-902
1820
-862
64
595
-1112
90
-52
577
-816
-57
931
-1510
1280
370
-84
174
-91
-106
-187
1057
-183
845
-34
686
-1141
1098
716
-1110
2353
-2050
1480
-266
-504
1308
-1055
341
-223
-140
-330
935
-533
440
-247
-403
359
-440
863
-573
863
-41
-565
558
121
232
-671
1270
-1803
828
-12
-1218
1319
-1800
1030
-1107
139
-473
-454
-59
-442
176
-567
593
-500
1379
-1819
351
557
-1737
1058
-1339
804
-646
-362
930
-927
904
485
-132
66
-107
301
-1009
1255
327
-466
1749
-1418
1323
-1639
676
585
-2456
3207
-1969
444
228
-25
8
-136
720
-1613
2061
-1797
892
1052
-359
866
-695
948
-318
677
106
-58
572
25
-786
775
201
-673
619
-326
-242
-265
879
-1013
-92
831
-1361
809
189
-131
-107
-112
203
-955
852
199
-317
464
-559
137
-415
304
6
-166
95
-325
-62
-512
636
-1068
361
-57
-825
825
-1470
1296
-158
-638
481
-1056
-248
-81
-545
-34
-334
654
-1575
142
310
-649
191
-839
768
-1907
1002
-252
-356
922
-913
883
-1232
445
899
-1583
261
1223
-1810
853
987
-1138
113
1137
-1182
-598
1336
-2160
1285
-28
-531
674
-733
380
-499
492
-630
827
-465
-334
1485
-2480
1688
800
-2385
3182
-1896
277
1417
-1141
839
-800
1022
-964
1104
1278
-1409
1779
-643
-632
1339
-718
558
-244
241
-137
-128
1043
-250
799
-1308
891
457
-1501
1647
-342
-307
378
460
-370
-264
1202
-1420
-852
1409
-1177
154
577
-784
793
-1139
912
-283
-445
357
-450
-12
-209
1149
-1670
1287
68
-484
520
205
-93
-131
649
-672
618
-846
979
-288
-228
524
95
268
-316
599
-576
157
84
138
188
78
701
-423
-334
1550
-996
141
641
-671
241
95
631
-573
1360
-1149
1228
-1091
-52
1322
-2252
2101
-932
71
299
-2
433
-853
1537
-1522
278
964
-1082
524
279
-785
86
699
-1123
-65
677
-539
-345
1648
-1430
-3
772
-1133
521
-355
201
-452
-28
-569
973
-934
30
1093
-2099
1517
-555
-857
1530
-1466
502
-824
64
629
-1669
1546
-1194
-153
238
-324
-284
810
581
-1372
1660
-991
348
274
33
223
-358
1055
-93
98
244
399
-324
574
-560
375
622
-324
140
662
-2
-1238
2031
-1484
42
1466
-1139
109
576
-5
-431
567
-32
77
-327
932
-935
153
167
-173
632
-838
984
-255
-65
5
205
-388
-299
543
-257
-753
1473
-295
-586
881
-335
-383
-230
1374
-1233
-121
1466
-562
-674
1117
-18
-1818
1337
-519
-1155
748
-22
-1180
221
947
-1244
78
756
-602
-580
312
410
-856
303
347
-1435
1428
-1092
365
397
-1388
2010
-1653
903
466
-888
554
-286
659
-955
1231
39
-584
980
132
-575
1162
-131
-529
1489
-198
139
141
800
-2021
829
294
-1200
1559
-550
656
-1355
1254
-1418
-327
2338
-1967
797
322
-1301
293
-508
-319
410
-739
630
-1009
-1026
1069
-1604
156
316
-528
34
29
154
-323
27
358
-310
-194
569
-759
666
153
-518
244
-229
-193
187
-793
74
129
-720
-220
-416
385
-1150
1267
-679
-634
1609
-1928
187
468
-1146
806
147
-478
59
243
-219
-740
760
-365
-233
-103
222
-76
345
872
-1412
1752
-773
230
689
-494
1328
-1141
1380
-786
504
457
-483
199
363
-298
260
193
-103
455
-420
1094
-1104
1338
-596
408
850
-559
513
170
213
-1200
2296
-2036
616
378
-1055
208
-212
-18
-1770
2041
-1271
-652
1177
-857
-396
828
134
-1776
2364
155
-1611
3009
-1639
194
1086
-577
20
651
426
-994
1446
-1589
887
-239
-829
1132
-971
-619
153
260
-2154
1600
-901
-1482
1406
-710
-1092
1177
58
-1717
1043
-704
-29
529
-622
303
-390
-75
486
-830
509
188
82
-397
283
505
-677
1189
-810
268
-106
51
433
-641
1104
-369
327
-585
619
-499
257
606
-496
769
-318
1367
-1329
1210
-174
-862
1847
-1020
516
267
962
-988
520
284
-1741
1712
-1222
-901
1204
-922
341
-626
-76
-30
-763
951
-1603
1870
-1202
845
-102
-701
2249
-2578
2449
-1581
1193
46
-449
1631
-1441
1695
-1233
670
107
-407
1428
-2014
1640
-1109
-885
1196
-2536
2202
-2713
1301
-100
-1727
1394
-1403
946
-1144
1453
-1381
592
893
-858
1107
-330
254
-136
1040
-210
224
543
184
-359
500
590
-1204
1631
-587
-668
1425
-365
-656
1289
-232
-649
941
-422
886
-445
1532
-1092
353
1807
-2196
1812
-1185
403
251
-682
755
-481
565
-830
723
-984
111
728
-1415
640
-638
325
-503
309
-323
-652
650
-1197
971
-938
512
-215
-680
486
-468
687
-613
1256
-754
506
615
-871
785
-78
15
-39
470
-754
618
-813
380
-134
-1361
1491
-1254
-734
208
-125
-979
566
459
-978
395
472
-1066
377
1657
-1725
1380
-130
-954
1011
-179
916
-577
1202
-1589
-225
1378
-1592
1398
410
-457
72
-118
30
-147
284
201
-220
-284
921
-414
-473
1340
-859
130
342
-70
-130
228
731
-1153
844
-385
-174
-108
-191
506
-464
122
-1023
324
-902
135
246
-1014
837
-854
-511
-38
-391
529
98
-736
666
-1042
-257
710
175
422
-309
830
-1008
335
984
-563
-133
1240
-1310
-618
1879
-1524
782
345
-933
361
-1574
1999
-1207
-432
2248
-2580
999
-886
385
-206
-687
1958
-2509
1496
253
-793
706
-272
1342
-1059
613
936
-1710
2102
-555
-716
1368
-903
854
-947
1212
-795
-64
1545
-1970
1078
378
-219
-603
1762
-808
-637
1702
-1670
294
591
-316
-431
405
-234
-316
-84
523
-167
-1181
976
-729
-550
387
-324
-20
-348
101
-351
-590
581
-139
-79
201
310
-565
87
44
-103
714
-663
912
-264
-877
949
-338
-165
277
-234
60
-775
324
140
-813
904
-882
-520
112
-311
-16
-660
313
-303
-124
178
-556
449
-335
-478
963
-379
277
1261
-932
652
313
-380
343
445
572
-476
868
-24
-340
235
-588
25
588
-241
-439
972
-303
-617
694
-397
161
688
79
-195
197
223
-188
-66
1256
-621
-377
1019
-1704
599
339
-750
153
509
-716
-905
1328
-1257
-473
968
-707
-1080
1201
94
-1677
1505
-628
-1211
912
69
-743
767
555
-1188
261
42
-363
14
778
-668
641
24
-1050
180
-371
112
-72
398
-1038
521
-475
-690
493
-158
294
-368
54
-389
-192
875
-93
524
787
-713
1163
-29
163
1035
69
340
283
813
-384
1142
-70
-503
745
-363
565
-232
892
-221
-57
1182
-1538
1025
530
-549
1005
31
387
-581
562
347
-965
1450
-982
-264
730
-720
-64
378
-27
-465
272
-787
19
116
-275
466
-59
-232
-151
-229
65
-466
594
-188
-819
1080
-927
-271
876
-1551
568
416
-1412
918
159
-1238
938
-13
-961
788
-390
-12
-438
571
-489
-802
1291
-1566
-171
352
-707
-133
-102
-378
377
235
-516
1192
-604
364
936
-525
1614
288
319
253
363
183
539
375
-593
1403
-900
271
729
-815
361
105
133
-538
703
174
-556
427
324
-655
721
0
-861
603
-110
-776
411
547
-1445
700
-562
-720
428
-693
-8
-1
-37
-10
-507
53
544
-1637
1168
-472
-695
1582
-1104
370
-350
151
-285
-862
1344
-1190
-33
931
-1068
-85
333
240
-963
850
185
-1244
1328
-557
110
-176
-116
-57
-837
725
-708
472
-722
-295
113
-683
338
-13
-422
50
889
-755
288
719
212
102
225
1345
-1261
1740
1100
-1519
2380
-407
-146
639
248
-120
-86
997
-948
373
353
-798
-225
655
-1175
-209
1325
-1905
561
607
-1639
727
88
-688
45
589
-902
-4
551
-576
365
171
-375
-579
817
-519
-591
797
-956
-74
572
-1222
185
13
-441
78
-285
113
-336
-77
-448
43
153
-350
297
-452
218
76
-559
857
-1129
64
228
-795
621
-560
546
-575
-152
-8
-993
417
81
-523
-181
-57
8
-367
225
345
-603
556
-473
482
311
19
945
-599
934
-74
-100
826
-133
681
-139
254
78
171
697
-394
139
-281
7
202
-289
569
-653
-388
221
-1167
-199
837
-67
-730
658
-779
-654
1134
-933
-181
942
-869
-257
-143
494
-238
-388
1115
-1297
218
817
-846
-92
1209
-224
-958
1285
-361
-669
1207
88
-1123
822
221
-680
635
661
-686
359
271
-909
939
-539
738
-111
-158
490
-917
611
62
-8
206
-5
63
321
-278
289
153
-439
959
-197
-261
1430
-726
11
1101
-883
758
520
-239
703
73
322
166
259
485
-26
51
-32
-84
263
-168
54
367
-254
-199
80
-667
-52
152
-768
792
-749
-65
462
-989
256
10
176
-365
-149
370
-849
300
887
-1431
746
421
-973
196
-238
-106
-760
850
-658
-601
438
-152
-283
-361
847
-1310
575
218
-732
308
482
186
-797
1220
-897
332
241
-38
356
-408
779
-402
184
218
193
-239
165
27
-304
64
282
-48
-45
427
-439
593
-306
447
125
-323
699
-274
427
-167
438
67
-193
654
-187
341
191
-147
-210
219
327
32
80
193
-335
22
108
-488
484
129
-557
39
-1
-755
632
-337
-278
423
-406
-78
50
134
119
-184
-356
457
-90
-8
-36
-120
70
-122
-262
90
-190
-197
-9
-657
-182
59
16
-859
477
-55
-1003
678
-315
-410
249
66
-793
273
-17
-79
812
-660
399
231
-335
366
208
-427
692
188
-764
582
248
-219
-3
505
-648
295
580
-563
276
429
-171
-780
1316
-646
-134
1159
-998
319
336
-341
-15
293
-331
439
-149
-16
411
-1097
778
-181
-444
488
-261
-440
387
-113
-728
802
-373
-6
-92
-166
-67
-286
343
-491
503
-537
-64
-71
-232
621
-775
-197
232
-377
139
0
-586
620
-523
-289
-16
-423
170
-84
-423
-372
40
-282
158
-94
171
-324
-270
283
-589
169
660
-19
-144
348
-9
21
416
285
-186
257
620
-569
151
482
107
-158
-45
286
-530
122
733
-807
-25
742
-939
-11
760
-336
-66
435
17
-597
279
640
-702
257
433
-981
235
487
-491
133
190
-338
-75
-77
-61
-70
470
-438
-203
690
-937
544
-43
-533
524
-106
-23
-442
512
-72
-466
523
-258
-143
231
-336
215
-163
-394
282
-369
-219
111
-91
-411
417
-477
-285
461
-580
771
-722
127
572
-940
914
79
-119
-72
467
-180
-497
1220
-489
373
467
-2
-272
84
910
-1110
1065
168
-196
670
-502
673
-601
931
-254
-339
578
-614
498
-527
1047
-1071
679
272
-1383
1656
-1110
475
33
-87
-16
-380
668
-324
100
46
371
-431
152
206
-411
251
215
-124
-60
225
-88
206
83
-16
112
29
-281
151
362
-506
674
146
-759
520
73
-256
-8
405
-628
-23
523
-720
591
-228
49
39
-438
316
-8
41
141
366
-601
463
130
-247
448
-156
147
-23
575
-176
149
507
-593
530
-14
-193
613
-289
100
150
-102
-113
-113
463
-455
174
9
-488
543
-746
175
-24
-247
299
-493
190
-163
52
-443
244
-256
-179
538
-919
563
-9
-712
315
-366
-3
244
-473
145
-253
-171
178
-237
-173
127
332
-858
550
273
-763
450
67
-369
-29
563
-550
-31
431
-430
-116
391
3
-577
233
-29
-425
298
-210
-172
248
-363
82
164
-265
56
212
-530
416
515
-477
166
394
-325
-28
673
-195
18
340
-31
-195
238
483
-259
-144
537
-203
-343
482
-18
-205
-134
447
-382
-571
885
-540
-623
1089
-214
-1003
856
230
-1248
630
424
-675
142
355
-330
-332
923
-555
-280
732
-579
99
52
-125
365
-320
-226
539
-345
-118
388
-504
376
-188
169
94
-146
815
-921
362
357
-611
775
-223
11
369
-272
-18
286
-159
-35
185
-261
237
-124
51
2
-138
151
-439
186
212
-120
227
-320
337
-252
-194
767
-528
181
460
-487
103
349
-434
180
90
-63
-166
-170
361
-521
352
-373
-220
472
-599
-36
56
-183
-50
142
-271
-316
659
-462
-255
396
-546
213
-54
49
-207
221
21
-340
257
-324
85
-108
326
-386
87
64
-274
321
-147
58
-1
-65
31
82
-398
596
-386
-93
316
-402
309
54
-171
121
419
-633
705
-246
-96
828
-1032
878
-247
-190
682
-698
140
284
-388
64
395
-578
353
29
-266
142
-141
190
263
-145
97
127
-531
802
-659
242
363
-337
653
-871
517
-57
-192
452
-446
85
56
-175
-51
-147
351
-27
-355
97
-270
24
145
-181
69
165
-205
175
-352
98
399
-295
109
-66
220
-168
95
246
-379
403
293
-645
375
171
-321
358
-175
166
-149
169
-136
-136
149
97
90
-372
466
-448
66
502
-211
35
111
-57
-127
387
-137
8
319
-246
41
-85
232
343
-522
251
-136
-267
521
-532
164
-34
-254
-108
-128
361
-165
169
-466
-43
45
222
-419
121
274
-727
893
-813
206
328
-401
-138
-224
601
-408
71
-297
305
-183
85
180
-599
388
20
-262
-120
473
-173
-140
-181
420
-370
-42
527
-691
524
-329
313
-293
19
256
-529
536
16
412
-671
272
149
-450
623
-167
333
-294
271
-2
-617
962
-101
-552
614
-207
-333
657
-228
-58
352
-349
202
223
20
155
-55
287
-191
101
418
-368
475
-5
-472
261
171
-81
-376
438
-254
-255
257
-213
66
-121
332
-457
137
470
-564
409
-103
103
160
-276
279
7
-66
-164
161
-367
-93
383
-521
225
-3
-356
40
24
-86
63
21
7
160
-281
75
97
133
-68
-61
84
-162
-163
169
-13
-286
426
-502
-220
108
-222
-68
-68
42
-30
-172
-56
434
-462
413
105
-338
443
-141
66
102
73
-47
-76
-261
161
-106
-61
-26
-152
-15
-31
-8
-78
298
-325
253
53
49
175
163
136
-313
413
-251
-89
192
103
-151
-148
119
-501
123
49
2
38
-81
235
-393
174
375
-52
250
169
-72
-49
264
-25
33
63
41
-279
-25
63
-135
179
-68
-123
-81
313
128
-255
375
-87
146
522
-312
467
-173
149
59
-235
456
-227
144
-31
-17
2
131
-200
192
38
-91
282
-121
217
-86
222
10
-8
175
-193
-136
20
-168
124
-80
-103
-64
-266
164
-274
164
-198
-116
-55
-93
288
84
11
-226
28
-161
29
337
-253
-197
-171
-475
-29
26
222
-567
-98
-214
-693
544
-97
22
-22
-272
-284
159
288
217
27
-241
140
-671
474
191
-96
369
-593
-69
-36
257
-128
301
-157
-85
151
-442
827
-337
208
34
-331
318
-205
282
-2
-3
-175
124
-278
148
237
-451
272
-166
-101
86
26
-7
112
7
-146
35
-62
106
-69
-33
-50
-106
-46
-233
104
-289
34
-176
-304
263
-406
112
3
-147
-14
-196
-6
-17
95
-116
-4
-166
-190
19
-309
325
-63
-306
184
-299
48
-4
100
-46
-27
38
-263
458
-258
167
169
-555
558
-436
105
352
-413
479
-573
300
258
-279
660
-355
114
298
20
426
259
303
104
60
208
112
338
171
-2
82
21
-42
-8
143
-139
78
-118
-266
107
32
160
23
-49
153
-11
188
176
-54
165
205
-61
67
51
27
180
-225
111
-195
-99
273
-391
113
-63
-154
12
4
-106
-100
141
-299
170
-158
-238
296
-424
151
-20
-329
360
-286
-127
98
-55
-3
130
-112
-28
220
-133
214
-48
80
142
-80
71
164
21
120
-108
-38
235
-263
149
6
-99
66
-12
-188
367
-59
67
231
-326
561
-150
206
339
-59
255
-199
115
176
-109
110
24
-357
255
-184
-261
411
-409
195
-256
-116
339
-270
345
25
-5
11
171
-219
247
207
-352
263
-317
-79
-85
-193
-29
-257
-189
-218
-169
-39
41
-74
-58
43
-129
218
80
214
252
-105
155
-72
92
80
-76
-3
-121
-193
-38
-221
-99
69
-405
209
-258
-35
252
-153
291
121
86
113
277
30
283
179
-49
201
-131
32
89
-143
58
-175
-218
57
-167
35
105
-74
49
117
-112
284
200
125
367
-86
325
38
56
265
-65
145
-132
13
-148
-117
35
-340
89
-165
-184
-20
-112
78
-23
-43
14
12
92
76
60
38
109
65
-55
230
-163
30
18
-297
222
-212
-10
60
-395
138
-302
-30
58
-230
150
-395
97
-131
-169
256
-329
55
-83
-232
197
-65
-37
202
-264
46
3
-120
331
-192
150
-71
-184
183
-216
185
-177
-59
-59
-274
158
-310
174
-118
-193
75
-266
144
-87
35
34
-64
120
-77
116
-57
102
43
-78
72
-47
5
-123
35
-259
-16
-51
-85
-173
-154
-18
-348
220
-384
131
-125
-174
192
-242
277
-111
146
-37
7
155
-45
231
-56
45
-4
-88
80
-67
-84
-43
-117
-167
-12
-131
-109
-70
-115
-106
-160
39
-95
46
19
-16
92
121
56
143
36
112
226
-99
388
-49
134
103
-121
206
-193
210
-122
-58
-47
-130
11
-83
202
-175
104
-6
-70
217
-19
183
174
46
126
114
24
296
99
63
182
-144
163
-36
-42
104
-143
16
-169
-58
-33
-70
78
-131
63
-108
5
90
-15
246
34
252
48
128
137
-20
226
-17
127
1
24
-9
-77
-9
-81
-62
-63
-162
-65
-46
-87
109
-66
114
11
60
112
15
213
117
116
176
59
87
120
-8
172
-11
67
-8
-123
0
-93
-6
41
-49
-29
-46
-84
95
23
133
82
-19
19
61
139
161
174
65
18
-31
7
43
51
26
-61
-162
-90
-74
-114
49
-85
-179
-73
-110
-49
122
-14
64
-12
-92
89
5
159
106
34
-11
13
-6
32
132
-39
41
-99
-77
-33
-87
36
-70
-61
-100
-58
-64
-18
23
-64
25
-61
-12
55
52
94
41
27
55
53
84
115
48
39
42
33
29
107
50
-14
20
-100
-65
35
-67
34
-43
-105
-46
-113
1
-15
-13
-32
-82
-56
0
7
38
30
-42
-8
-52
10
-29
23
-12
-115
-56
-98
-68
-6
-71
-84
-109
-180
-54
-138
-36
-13
-163
-57
-140
-46
20
-27
87
-26
-60
40
-14
28
109
-17
-20
-3
-107
84
-63
26
8
-153
39
-114
37
30
-3
49
-30
64
37
99
80
99
63
42
63
33
86
16
48
-20
