-4
-3
-5
-14
-10
-3
-13
-13
-10
-8
-9
-15
-13
-17
-23
-24
-25
-26
-27
-14
-20
-21
-11
-14
-8
0
-6
-5
-11
-19
-24
-24
-7
-9
-16
-4
3
4
10
11
3
4
7
3
7
2
-2
9
7
9
14
17
21
8
10
21
9
14
17
3
-3
-3
8
5
3
26
12
11
32
10
3
9
-4
-7
-12
7
12
-9
6
-1
-5
18
0
-5
6
3
2
0
6
-4
-20
-10
-8
-15
-5
8
5
-19
-6
6
-17
-3
4
-8
1
-2
5
11
4
-1
-15
0
5
-19
-9
-2
-17
-7
-4
-9
-11
-9
8
-2
-10
7
1
-12
-15
-8
-6
-13
-7
-5
-14
-7
-12
-15
-3
-2
3
9
15
8
-1
9
-11
-22
1
1
-13
-3
14
-1
-5
12
4
1
12
2
-5
2
17
4
-10
14
6
-12
9
0
-16
-5
-1
2
-3
7
5
-12
1
10
-2
-3
-4
-20
-24
-4
-4
-12
2
12
-4
-13
12
16
-6
1
4
-3
-5
-14
-14
-3
-2
-2
9
23
12
-6
11
13
-10
-1
13
-5
-21
4
18
0
10
19
6
8
9
4
0
1
-1
-8
4
-4
-16
-1
7
5
5
13
13
-2
1
8
0
-5
-5
-4
-11
-21
-8
-1
-2
11
6
3
7
4
11
7
5
-1
-11
-3
2
6
5
-9
1
7
-1
1
5
11
3
5
14
4
3
2
-6
-6
10
12
4
6
12
1
-3
4
-2
1
-2
-9
-5
8
17
12
8
8
10
2
-1
5
-1
-5
1
0
-3
12
5
-8
4
16
10
5
11
12
2
-2
7
-2
-8
1
4
14
20
13
15
22
4
-10
-1
-3
-16
-20
8
9
-14
14
22
-4
-9
-11
-16
-22
-25
-17
-22
-18
-10
-15
-7
-11
-23
-15
-12
-19
-20
-11
-11
-31
-13
0
-21
-19
-11
-7
-9
-6
-3
-2
11
5
-5
-3
-10
-5
1
5
6
6
17
10
0
20
14
-2
11
3
4
4
5
15
7
27
25
5
14
10
8
12
4
-4
-4
2
5
10
11
0
5
15
8
12
13
6
10
5
8
13
6
-1
-2
6
6
-3
16
17
-11
4
8
-2
2
7
15
0
-5
11
8
10
24
14
8
16
6
1
-5
-4
-2
-2
6
0
-9
3
3
-17
-5
4
-20
-23
-17
-10
-3
-17
-2
2
-15
0
2
-11
-8
-4
-5
-15
-5
4
-13
-2
4
-16
-2
13
3
9
15
8
2
6
21
1
-5
8
1
8
17
13
16
13
-1
5
8
-5
-6
-1
-7
-5
4
3
-4
6
5
-6
6
-9
-19
1
-4
-20
-17
-3
-16
-14
-5
-28
-23
-17
-12
-7
-3
5
-7
1
5
-7
4
10
-13
-14
1
-8
-8
-6
10
13
-15
3
9
-2
9
-3
10
20
3
10
6
7
7
-3
3
-3
-11
2
8
-6
6
6
-3
9
-1
8
20
13
9
6
22
9
-11
9
3
-24
-19
-15
-17
-15
-22
-5
-2
-3
8
-15
-5
1
-18
-1
-6
-10
-13
-21
-1
-14
-18
2
-5
-11
-13
-1
-9
-18
7
8
5
15
4
3
1
-1
-2
-2
14
11
0
9
4
6
12
3
-1
-7
-1
-5
-4
16
3
10
13
-3
15
-1
-6
-2
-22
-6
-5
-2
16
-5
3
11
-9
2
-2
-1
10
-7
9
9
1
17
0
-1
-8
-19
-2
3
6
4
-2
11
4
-4
8
-4
-3
8
2
-5
-2
14
5
-14
-3
1
-7
-5
-7
-4
1
1
8
-5
1
11
0
4
1
-4
-6
-7
-8
-14
-1
5
-1
3
7
9
3
8
22
-2
-1
11
-13
-6
-6
-15
-6
-9
11
15
-6
20
13
3
20
-1
3
-7
-25
-6
-6
0
9
-7
8
18
12
17
12
18
-1
-15
-1
-17
-18
-2
-20
-12
12
6
8
13
18
21
15
15
2
-5
-7
-17
-17
-9
0
-5
6
3
8
27
11
8
7
4
-6
-18
-9
-6
-9
-2
10
15
12
12
9
7
9
-2
-5
-9
-18
-16
-24
-12
-5
0
18
3
-5
8
1
-2
-4
-8
-1
-15
-9
-9
-37
-20
-14
-10
4
9
29
17
10
15
-3
0
-4
-16
-3
-2
-5
4
4
20
16
3
15
7
-7
-2
-2
-6
-1
6
-5
-9
1
-1
-7
-8
18
27
7
11
8
10
10
-6
6
-8
-12
-3
-9
-4
-6
2
-4
-5
2
-12
-5
-7
-10
3
6
-2
-4
15
8
-13
2
2
-5
2
-6
-8
0
1
3
6
10
14
16
7
-3
8
16
3
-3
10
12
1
-6
-2
1
5
2
-1
10
8
2
4
-3
-3
-9
-16
-11
-14
-6
0
-4
-16
-7
7
-18
-19
-4
-11
-15
-14
-13
-12
-15
-9
-17
-20
1
-11
-14
-3
-5
-7
-8
4
-10
0
18
-9
-9
-3
-10
-5
-12
-3
4
-6
11
4
5
21
1
8
5
-6
14
4
7
15
7
11
2
7
8
2
12
0
7
16
-6
5
2
2
12
-3
11
11
9
21
13
21
24
10
15
5
6
10
-4
6
6
4
7
2
15
3
3
19
-1
12
22
-5
1
12
7
2
-7
9
-6
-13
1
-20
-16
2
-7
-12
-10
6
7
-8
12
7
-11
2
-15
-22
-4
-9
-13
-20
-12
-5
-26
-5
5
-17
6
5
-16
1
0
-17
-10
6
0
-10
8
-6
-31
2
4
-33
-8
-8
-20
-4
-18
3
0
-18
1
-28
-14
4
-28
7
10
-13
11
-9
-7
-1
-31
-1
-11
-25
6
-16
-16
-1
-20
4
-9
-11
9
-8
16
4
-14
19
-2
-20
0
7
11
4
11
20
3
17
17
-3
11
7
-9
0
8
-5
0
19
1
2
22
8
10
3
17
27
-7
5
1
-17
5
-13
-17
14
1
-1
8
3
18
-5
-5
14
-24
4
15
-19
18
14
-5
9
-17
-12
1
-18
2
-12
2
27
-18
6
17
-24
-7
-13
-23
-6
-23
-10
17
-1
7
-4
-15
-8
-31
-17
-3
-17
4
13
-7
7
-1
-19
-4
-19
-24
-2
-4
12
18
15
39
14
-1
14
-14
-11
4
-1
19
20
19
31
-1
-4
-8
-34
-11
-17
-14
33
16
26
42
6
19
-10
-36
2
-24
-16
10
-7
19
11
-9
10
-26
-22
-6
-28
15
17
8
41
2
-2
6
-34
-29
-38
-28
6
0
32
45
30
28
-6
-15
-16
-41
-26
-4
3
16
22
30
16
-3
-1
-15
-13
-1
-1
10
15
9
12
3
-2
-20
-33
-4
-7
4
44
49
43
26
17
-3
-32
-27
-25
-16
15
23
38
49
30
26
-1
-13
-10
-30
-7
2
9
37
28
34
32
2
2
-11
-14
2
-6
15
11
6
13
-22
-11
-18
-39
-9
-7
17
31
17
46
21
5
13
-36
-35
-27
-40
-4
-4
0
21
-4
13
0
-32
-5
-26
-21
-2
-18
3
3
0
9
-13
1
9
-10
15
17
7
16
1
5
-3
-18
-11
-23
-9
2
0
20
11
14
24
1
6
-3
-19
-2
-13
-3
7
-1
15
-6
2
24
0
15
9
-2
10
-19
-8
-6
-35
-8
-10
-13
16
4
19
23
16
15
-23
-4
5
-34
-6
-2
-15
-1
-13
5
6
6
39
3
10
28
-18
0
-6
-30
-14
-24
-2
2
-6
41
21
14
36
-6
-3
-16
-44
-16
-26
-10
9
1
41
25
8
29
-6
3
-2
-21
10
-12
-5
7
-20
13
-1
-12
20
-11
23
47
15
43
16
-7
-6
-50
-27
-37
-41
12
1
35
55
23
35
-4
-23
-19
-48
-18
-21
-18
23
3
21
20
-5
5
-24
-8
3
-17
19
2
-13
0
-24
-21
-30
-34
-9
-4
26
38
20
32
11
-24
-19
-38
-48
-21
-9
16
35
43
42
12
-1
-20
-44
-29
-28
-22
10
13
12
18
11
0
-7
4
13
14
36
48
40
36
18
-2
-22
-30
-24
-14
22
32
41
55
27
10
-18
-32
-17
-33
-3
35
34
58
43
18
-1
-50
-58
-66
-64
-21
-9
22
53
26
34
8
-38
-35
-61
-37
-14
-20
26
13
-1
3
-34
-22
-22
-27
21
40
51
54
24
-6
-48
-85
-92
-83
-36
14
54
99
114
92
53
-5
-58
-95
-97
-70
-43
2
41
50
49
31
1
-24
-33
-25
-2
29
53
47
23
-10
-61
-92
-100
-80
-26
32
97
127
113
87
9
-59
-109
-157
-126
-86
-19
69
103
146
126
61
26
-46
-82
-83
-86
-30
11
22
50
33
14
-11
-41
-16
-8
14
56
55
66
37
-25
-61
-102
-105
-77
-36
42
82
100
114
58
-6
-65
-121
-138
-122
-60
3
60
110
100
81
40
-29
-55
-67
-52
-23
3
60
52
27
15
-47
-65
-74
-75
-8
22
73
111
95
92
17
-46
-65
-109
-87
-35
10
76
95
98
89
14
-36
-72
-113
-96
-81
-38
25
29
38
30
-11
-12
-39
-51
-12
-5
14
32
5
-19
-58
-97
-97
-100
-61
-1
47
110
115
93
67
9
-38
-77
-83
-62
-24
39
68
81
88
61
30
9
-6
-5
19
48
58
55
50
15
-18
-39
-60
-25
14
62
126
137
146
112
24
-21
-88
-120
-97
-96
-14
51
74
123
84
50
11
-71
-62
-71
-63
8
11
31
44
-9
-18
-59
-86
-36
-25
15
61
64
83
38
-32
-67
-128
-148
-119
-84
-5
64
105
142
103
44
-4
-83
-103
-97
-90
-13
30
43
70
21
-25
-36
-70
-52
-13
21
84
94
80
72
2
-60
-95
-126
-97
-48
22
110
138
132
100
25
-46
-102
-134
-107
-54
-9
69
113
99
83
33
-20
-46
-54
-28
6
40
74
54
33
6
-71
-103
-100
-82
-6
55
107
154
121
76
10
-79
-115
-147
-126
-36
17
79
118
92
68
7
-50
-69
-93
-55
-3
9
54
57
14
-16
-67
-76
-56
-29
50
108
134
149
83
21
-58
-144
-154
-138
-91
6
99
155
165
125
84
8
-78
-91
-85
-57
8
68
112
114
64
26
-16
-65
-74
-51
-1
37
59
84
56
5
-40
-80
-83
-63
-5
57
110
149
128
64
-14
-89
-152
-178
-148
-87
-14
50
87
106
78
11
-32
-67
-83
-73
-46
-2
12
11
3
-32
-71
-91
-82
-46
-6
46
84
90
65
13
-22
-67
-111
-87
-50
-13
28
56
94
66
25
24
-34
-41
-28
-44
-5
5
1
6
-13
-10
-18
-10
28
45
83
86
38
9
-29
-78
-108
-102
-56
-19
39
106
102
84
54
-7
-52
-72
-79
-58
-19
19
51
62
49
19
-13
-39
-35
-16
22
68
98
116
82
20
-34
-92
-123
-118
-81
-6
67
112
131
122
66
-7
-71
-108
-109
-91
-44
25
58
69
74
19
-24
-61
-90
-73
-55
-6
45
51
49
14
-36
-63
-94
-91
-55
-2
57
86
112
94
30
-22
-78
-118
-112
-91
-45
10
58
85
84
70
29
-18
-40
-62
-56
-34
-20
5
12
23
20
-16
-25
-29
-34
-22
-30
-9
9
-12
-1
-5
-34
-43
-51
-38
-38
-47
-16
-4
-8
6
7
0
-19
-43
-55
-56
-66
-39
-18
5
32
28
38
42
21
2
8
-9
-23
-12
-2
11
21
47
55
37
27
8
-9
-8
9
21
41
64
69
64
36
9
-13
-30
-20
-23
2
43
40
68
78
42
17
-22
-69
-77
-77
-59
-15
-5
35
51
41
48
0
-33
-40
-67
-39
1
15
22
21
28
13
6
-7
-17
8
10
32
85
85
79
69
40
16
-7
-32
-30
-28
6
53
63
96
80
61
55
11
-1
-12
-9
-16
-8
22
5
21
22
7
11
4
1
12
4
2
5
-17
-16
-24
-22
-3
-19
0
11
18
24
2
-15
-25
-36
-40
-30
-18
-24
-19
-24
-27
-27
-26
-37
-49
-51
-25
-15
-22
-14
-36
-31
-43
-82
-62
-74
-69
-42
-16
-3
-17
-41
-48
-73
-85
-76
-74
-41
-24
-22
11
-18
-56
-70
-61
-47
-47
-44
-33
7
27
15
-16
-35
-43
-44
-6
40
111
159
156
153
105
50
-35
-102
-89
-44
-11
69
139
202
209
138
83
33
-16
-9
1
11
56
70
61
44
21
24
16
-7
-23
12
74
78
76
56
40
8
-57
-36
-44
-21
20
75
108
96
48
-36
-49
-121
-142
-141
-109
-50
-40
29
33
51
43
34
15
-72
-61
-91
-129
-143
-145
-104
-58
-11
11
100
119
104
37
18
124
120
144
95
60
125
106
125
140
198
210
189
242
302
298
242
158
99
90
81
74
138
238
303
384
450
423
296
99
-58
-112
-111
-72
14
54
80
140
73
26
-100
-154
-182
-297
-291
-265
-184
-142
-253
-287
-299
-428
-488
-517
-482
-444
-482
-336
-275
-291
-369
-527
-558
-522
-505
-520
-484
-564
-475
-468
-570
-517
-579
-436
-497
-550
-412
-303
-186
-217
-121
-64
-39
-35
-13
24
128
240
416
627
699
856
890
958
1033
1063
1292
1426
1580
1743
1864
1954
2048
2149
2268
2323
2265
2265
2086
1904
1725
1322
1050
606
270
246
113
0
-208
-425
-493
-737
-1057
-1138
-1208
-1241
-1361
-1642
-1719
-1708
-1698
-1658
-1663
-1646
-1669
-1718
-1702
-1655
-1695
-1794
-1853
-1915
-1954
-1965
-1980
-1910
-1809
-1722
-1588
-1505
-1520
-1544
-1529
-1446
-1375
-1229
-936
-789
-745
-748
-573
-294
-174
34
230
463
625
613
703
702
597
616
661
814
1001
1099
1351
1526
1488
1580
1708
1875
1971
1940
2011
2240
2548
2913
3164
3081
2887
2711
2818
3031
2999
2991
3079
3302
3259
3017
2440
1882
190
-2336
-3222
-2089
226
915
-247
-1123
-1429
-1880
-3188
-3304
-1763
-516
-777
-1726
-1569
-1226
-1784
-2923
-2871
-2169
-1686
-1411
-1091
-559
-1159
-2195
-2541
-1937
-1388
-1625
-1873
-1904
-1739
-1799
-1744
-1456
-1388
-1459
-1529
-1397
-1073
-848
-683
-459
-541
-693
-583
-377
-128
-244
-251
20
253
224
25
70
360
483
401
474
641
839
743
832
1144
1337
1681
1840
2228
2507
2539
2628
2661
2978
3258
3510
3636
3642
3645
3510
3490
3376
3518
3405
3091
2626
2133
1944
1395
1000
745
918
1172
1193
1258
857
-134
-1493
-1971
-1350
-749
-507
-999
-1243
-1396
-2119
-3011
-3206
-2942
-2663
-3075
-3578
-3291
-3337
-3520
-3829
-3802
-3256
-2944
-2699
-2499
-2504
-2579
-2843
-2882
-2600
-2494
-2334
-2290
-2236
-2216
-2354
-2108
-1906
-1923
-1871
-1918
-1806
-1445
-1197
-959
-591
-438
-195
139
566
1006
1203
1550
2163
2593
2698
2667
2702
2823
2797
2871
3333
4010
4366
4171
4020
3945
4154
4319
4651
5230
5359
5696
5644
5752
5879
5765
5879
5743
5798
5198
3414
1563
-74
-1129
-2055
-2349
-1642
-582
-856
-2586
-3849
-4105
-3845
-4174
-4188
-3060
-2268
-2683
-3507
-3757
-3320
-3398
-3654
-3123
-2357
-2046
-2050
-2154
-1972
-2222
-2994
-2937
-2660
-2526
-2622
-2847
-2354
-2223
-2326
-2099
-1988
-1787
-1703
-1654
-1140
-893
-875
-476
-255
21
29
77
645
822
704
285
-25
180
-128
-400
-172
-63
-160
-630
-589
-120
-81
70
385
979
1488
1542
1843
2108
2253
2280
2362
3037
3458
3365
3256
3179
3110
3100
3152
3266
2927
2314
2126
1923
1941
2018
2087
2121
1827
1715
1575
1875
2375
2578
3443
4168
4680
4750
4446
3878
762
-3118
-4357
-1982
1161
1003
-1334
-2953
-2815
-3888
-6549
-6501
-3557
-1333
-2449
-4253
-3598
-2446
-3164
-4611
-4094
-2327
-1352
-1167
-461
182
-745
-2557
-2833
-1257
-871
-1589
-2185
-2395
-2560
-3372
-3236
-2486
-2706
-3287
-3627
-2997
-1657
-1124
-738
-110
-131
11
13
469
1203
889
1046
1291
1375
1244
709
812
945
721
761
908
1168
1263
897
1023
1684
2242
2691
2783
2951
3082
3285
3918
4607
5481
6105
6161
5937
5650
5800
6007
6002
6475
6996
7091
5857
4647
3729
2272
969
-439
-846
-1056
-2585
-3985
-4182
-2581
-2223
-3326
-4435
-4420
-3475
-3769
-3791
-2983
-1777
-1493
-2781
-3986
-4059
-3596
-3622
-3697
-3488
-2934
-2954
-3070
-2954
-3344
-3333
-3505
-2890
-1825
-1744
-1872
-2279
-2277
-1789
-2063
-2159
-1897
-1791
-1314
-1208
-1153
-831
-984
-1132
-1655
-2253
-2084
-2141
-1862
-1594
-1563
-1001
-867
-964
-1069
-1256
-594
-17
211
575
378
511
382
288
1201
1731
2139
2487
2563
3455
4013
4354
4928
5450
6127
6304
6410
6280
6235
6686
7022
7009
7204
7187
6932
6770
5849
5601
5920
5154
3893
2455
2397
2282
1198
-1577
-4565
-4187
-2170
-315
-698
-2628
-3554
-3681
-4362
-5462
-4437
-2298
-1822
-3739
-5815
-5002
-3675
-3576
-4375
-4120
-3126
-2935
-2662
-1971
-1595
-2651
-3850
-3321
-1810
-1521
-2835
-3846
-4072
-3949
-4101
-4153
-3619
-3648
-3953
-4007
-4118
-3628
-2921
-2279
-2050
-2868
-2726
-1847
-1250
-1155
-1912
-1680
-682
-644
-1119
-1584
-1082
16
-169
-263
196
370
1182
1430
1932
3115
3160
3907
4749
5414
6336
6231
6948
8100
8146
8301
8338
8753
9464
8888
8976
9065
8632
8661
7765
7231
7008
6913
6455
5607
4663
3471
2790
1892
246
-3732
-6311
-5043
-1847
642
-1623
-4381
-5548
-5093
-5851
-7384
-4847
-2503
-2459
-5639
-7678
-6009
-5216
-5857
-6428
-5438
-4089
-3656
-3759
-3223
-3500
-5273
-5744
-4766
-2790
-2972
-4174
-3972
-4438
-4253
-3761
-3192
-2706
-3616
-4229
-3822
-3587
-3097
-2363
-2137
-1831
-2560
-2746
-1266
-698
-367
-457
-512
174
-193
-601
-415
-378
-40
139
99
610
955
1530
2504
3211
4047
4597
5364
6205
6504
6898
7434
8100
8878
9636
9797
9418
8925
8737
9075
9478
9263
8958
9514
9037
7992
7028
6289
6428
5466
4142
3188
2644
2420
762
-2979
-6271
-6080
-3013
-491
-1828
-3969
-5254
-5739
-6542
-8380
-6396
-3770
-4400
-6546
-8017
-6705
-5633
-6835
-7052
-5966
-5794
-5617
-5428
-4448
-3750
-5743
-6286
-5085
-4160
-3934
-4886
-4824
-4515
-5031
-4464
-3429
-3482
-3924
-4464
-4191
-3567
-3465
-2476
-1581
-1514
-2331
-2885
-1527
-355
-174
-340
-275
334
150
-286
192
726
1039
1062
767
1349
2171
2653
3350
3817
4420
5016
5701
6721
7159
7433
7894
8512
9682
10618
10576
10275
9900
10108
10488
10245
10478
10114
10016
9326
7966
7975
7672
7714
6917
4603
2753
1194
383
-596
-4599
-7520
-5647
-2239
-835
-4175
-7111
-6176
-5703
-7725
-9885
-7031
-3371
-4538
-8556
-9869
-7053
-5804
-7439
-7983
-5742
-4597
-5268
-5665
-4927
-4287
-6225
-7072
-5371
-4164
-4364
-5411
-5069
-4068
-4587
-4698
-3868
-4136
-4739
-5338
-4865
-3454
-3079
-2422
-1940
-1967
-2156
-2341
-1168
-399
-500
77
578
758
560
-185
152
650
351
897
1368
2304
3378
3519
4392
4978
5283
6105
6441
7236
8020
8624
9840
10512
11129
11449
10699
10352
10223
10857
12148
12011
11553
10879
9522
8790
8242
8054
8623
7732
5999
4243
2182
929
-901
-3726
-7317
-8523
-5298
-2340
-2690
-6178
-8311
-7064
-7614
-9804
-9158
-5969
-4384
-7520
-10913
-9202
-6580
-6836
-8493
-8454
-6183
-5960
-6406
-5392
-4934
-5745
-7378
-6549
-3860
-3613
-4904
-5506
-5061
-4382
-4341
-3944
-3406
-4474
-5367
-4666
-3486
-2305
-2364
-2115
-1456
-2261
-1858
-691
530
895
-464
-121
1013
1156
832
198
658
1383
962
1218
1843
1995
2857
3343
4337
5590
5520
6022
6456
6990
8081
8644
9965
10886
10790
10961
10972
11413
11929
11880
12226
12120
11629
11452
10301
9570
9281
9003
9711
9434
7296
4005
1163
155
-1855
-6626
-8977
-6421
-1372
-856
-6310
-9306
-7891
-6232
-9175
-11436
-7204
-3534
-5686
-10781
-11234
-7876
-7177
-9026
-8631
-6119
-5807
-7017
-6717
-4583
-5059
-7797
-7834
-5148
-3634
-5233
-6258
-5466
-5166
-5364
-4792
-3754
-4475
-6550
-6999
-5147
-3544
-3142
-2813
-2100
-2168
-3040
-2423
-421
880
532
-299
16
1044
747
-16
495
1111
1449
1130
1554
2420
2342
2895
3667
4847
5956
6150
6546
7283
7994
9269
10648
11800
12697
11745
11569
12106
12203
13345
13731
13851
12772
11143
9973
9218
10050
10783
10391
9532
10098
9338
5787
1194
-1670
-3877
-8136
-9111
-5004
1011
470
-7770
-12436
-10126
-7606
-10528
-10923
-6005
-3447
-8478
-14377
-11718
-7100
-7467
-10765
-9732
-5918
-5572
-6940
-6874
-4968
-6388
-8913
-7048
-3409
-3230
-6396
-7296
-6036
-5435
-5134
-3693
-3212
-5758
-7997
-7237
-4329
-3073
-3325
-2603
-1878
-2899
-3883
-2181
382
829
-713
-1266
81
1771
1676
821
1468
1335
1296
1381
1133
1901
2416
3315
4278
4646
5210
6041
6861
8002
9397
10695
11917
12273
12523
12934
13545
13692
13227
14107
15001
14751
13285
12052
11718
11424
10860
10882
11729
12220
11154
6796
1618
-1457
-4080
-8127
-9674
-6153
-640
352
-6065
-11804
-11179
-8802
-10568
-11579
-7104
-2998
-6123
-13774
-14159
-9484
-8530
-10779
-10738
-6582
-5335
-7744
-8498
-6621
-6323
-8622
-8401
-4862
-3597
-6721
-8486
-7136
-6107
-6236
-5472
-4238
-6311
-8987
-8328
-5259
-3436
-4006
-4216
-3667
-4253
-5431
-3406
454
1414
-340
-886
532
842
295
487
2088
2834
1734
1352
2053
2401
2424
3686
5892
7366
7144
7352
9105
10500
11400
12650
14386
15405
15050
14715
15084
15529
16229
16373
16850
16689
14524
13800
14001
14316
13943
13144
11956
9359
5381
1213
-199
-5098
-10441
-10045
-5247
-575
-4845
-11742
-13092
-9318
-9646
-13783
-10883
-4718
-3473
-10374
-15751
-12573
-8116
-8935
-11249
-8618
-6319
-6848
-8995
-8448
-6358
-8395
-10100
-8391
-5407
-5531
-8115
-8908
-8319
-8068
-8409
-7630
-7971
-9249
-9183
-7671
-5237
-4602
-4573
-3623
-3517
-4762
-4672
-1816
1285
1338
-622
-956
333
1344
1085
725
2140
3553
3483
2811
2755
3082
3445
4629
6751
8864
9656
9709
10461
12568
14842
16086
17078
17348
17005
17128
17322
17300
18657
18297
17741
17536
15764
16219
15472
14172
11958
9866
7640
3330
1518
-2137
-6979
-10254
-8885
-2960
-2495
-8064
-13184
-11812
-8859
-12118
-14149
-9617
-4073
-6011
-13561
-15091
-10474
-8889
-11149
-10667
-7115
-6028
-8594
-9277
-6777
-6757
-8875
-9378
-6470
-5217
-8051
-10042
-9505
-8998
-10306
-10120
-9100
-10098
-11346
-10845
-7642
-6084
-6545
-5142
-3453
-3404
-4860
-4629
-1600
172
-310
-1143
143
1672
1152
145
698
2455
3463
4285
4864
4950
4751
4647
6324
8160
10330
12645
13589
14707
15433
16286
17798
19218
20149
20813
21442
21454
20652
19120
19899
20491
19553
18809
17198
16728
14590
9678
4091
1786
1214
-5586
-12193
-11738
-3755
601
-7275
-15086
-14373
-9000
-11462
-16915
-12945
-5123
-4832
-14553
-17728
-10583
-6765
-10518
-12970
-8452
-5607
-7862
-10140
-7528
-6387
-9684
-10990
-7936
-4227
-7628
-11679
-10707
-9350
-9763
-11285
-9997
-11127
-14140
-14089
-11167
-7326
-6269
-5593
-4950
-4985
-6367
-6032
-1807
173
-802
-2226
-1095
934
559
-121
833
2623
3488
4144
4529
4670
4598
5471
7542
8966
10331
11512
13300
15030
15591
17034
19455
21711
22354
21846
22267
22719
22702
23078
23532
22772
21869
21092
19346
17163
11987
7293
5350
3179
-2157
-11730
-15137
-10009
-2821
-3170
-10399
-12973
-10984
-9868
-14827
-15402
-8049
-2997
-6971
-15493
-14846
-10102
-8926
-10785
-9666
-5396
-5882
-8181
-8363
-6136
-7104
-10164
-9057
-5007
-3725
-7451
-9629
-9419
-9915
-11510
-11341
-9916
-12047
-14297
-14563
-11689
-8656
-7616
-5955
-5192
-6056
-8237
-6758
-2662
-656
-910
-1928
-1166
-1428
-2752
-2902
-940
966
1746
3148
4731
5699
4486
4237
6097
8514
10722
12299
15023
17321
17709
17918
19843
22135
23662
24910
24945
24465
23407
24331
26603
27099
25592
21557
19558
16522
10127
4949
2970
259
-8702
-14713
-11955
-4468
-4275
-13747
-17446
-13261
-9284
-13360
-15191
-8195
-3736
-8809
-17043
-14247
-7053
-6737
-11077
-11109
-6636
-6363
-8126
-7765
-4875
-6167
-9710
-8119
-3917
-2998
-7962
-10419
-9216
-9332
-10566
-10764
-10810
-14049
-16541
-14719
-9947
-7517
-8012
-7805
-7233
-7901
-8641
-5918
-1626
-2
-2109
-3978
-2872
-2094
-2061
-1830
-767
432
757
1468
2395
2755
3419
4906
7378
9757
11094
12111
13163
15532
18004
20021
22501
24164
24325
23399
23243
24822
29354
31941
29570
25587
21823
21973
21573
18555
13851
8806
3738
-7156
-15189
-14168
-5629
-788
-8494
-18250
-20554
-15441
-15154
-17238
-13744
-7220
-6051
-13944
-16573
-11940
-7863
-10164
-12576
-7436
-2833
-3614
-7922
-8358
-7600
-8310
-7482
-4103
-542
-4037
-9540
-11498
-10227
-8636
-8906
-9277
-12159
-15209
-15681
-12878
-10200
-9165
-7224
-5927
-6152
-8220
-8248
-5176
-2747
-2309
-2624
-1447
-1028
-2699
-4801
-4230
-1547
376
1244
1105
1459
1917
2992
4489
6220
9071
11093
12234
13708
16073
19083
21746
22891
23888
25695
26775
27523
28408
29584
29899
28544
26703
25980
25200
22354
17803
12248
4152
-8639
-15991
-11155
-365
2357
-8914
-19255
-20358
-17411
-19121
-20097
-12297
-4383
-7339
-18184
-20005
-12884
-7946
-9911
-11538
-7103
-4703
-5691
-7554
-6974
-7292
-8929
-6161
-830
1458
-3522
-8852
-10177
-9490
-8413
-7895
-7221
-10223
-14410
-15005
-12568
-10425
-10060
-8791
-7357
-7416
-8240
-6807
-3927
-3372
-4498
-4371
-1812
-523
-2253
-4220
-4230
-2471
-1007
62
941
805
524
1235
2864
4801
6500
8243
9784
11013
13076
16290
19917
22061
22556
22880
23944
26588
28791
30271
30848
29435
27830
26896
26575
25033
22003
18424
12965
2559
-12098
-17657
-9057
3011
2509
-11824
-21658
-20128
-16868
-20248
-19545
-8940
-1608
-8576
-21195
-20610
-12080
-8989
-12621
-12281
-5960
-4270
-7040
-9212
-7810
-9123
-10766
-5594
1684
2468
-4357
-8986
-8844
-7861
-8504
-7801
-6322
-9884
-14624
-15656
-12618
-9635
-8463
-6499
-5077
-6601
-9193
-8441
-4758
-2668
-3019
-2078
429
182
-3086
-5184
-3609
-671
1099
2227
3190
2890
1475
1099
3419
6334
7930
9188
10364
11895
12885
14350
16909
19789
22346
23559
25669
27153
27625
28696
29108
28483
27412
27630
27958
27545
23685
15989
5342
-8434
-15030
-9735
1500
4361
-6955
-19301
-23048
-20369
-21045
-20409
-12854
-6103
-9146
-19801
-21856
-14649
-9143
-10362
-12175
-8834
-5567
-5704
-8091
-8325
-9097
-9591
-5232
895
2840
-2483
-8166
-9589
-8530
-7506
-6620
-5628
-8189
-12928
-14997
-12787
-8956
-6522
-5631
-5205
-6214
-7826
-7792
-5761
-3048
-1973
-1250
-313
-808
-3195
-4765
-3164
-103
2329
2668
2506
2347
1817
1837
2733
5284
7465
8401
9047
10328
12587
14232
15290
16874
19426
21948
23848
24921
25814
27785
29695
30691
31133
30040
27693
25543
22573
16379
2644
-10073
-9896
1219
8764
-11
-14865
-21715
-19951
-20606
-23219
-16753
-6130
-5244
-18420
-27755
-22629
-13062
-9867
-11843
-10478
-8115
-7184
-7052
-5747
-6188
-9693
-8811
-2533
2783
-99
-5893
-7659
-7771
-8920
-10365
-8639
-7946
-10809
-13752
-13823
-11132
-8299
-6183
-5386
-6213
-7633
-7001
-4161
-2293
-2794
-3071
-740
1372
376
-1926
-1711
924
3320
4446
4456
3871
2898
2729
4282
7083
9133
9251
7956
7802
9843
12371
14803
16049
16178
16905
19253
22065
24374
26283
28481
29331
28880
28319
27567
27571
24416
16203
1786
-9301
-7108
3175
9081
-97
-13822
-20183
-19550
-20997
-23644
-16770
-6472
-5832
-19022
-27748
-22702
-13969
-10941
-12632
-10888
-8871
-7362
-7072
-6771
-7998
-10952
-7775
-650
3867
373
-5590
-8615
-11409
-13203
-10522
-4170
-2893
-8816
-15041
-15393
-12115
-8703
-5457
-3498
-3953
-7070
-8241
-6144
-4334
-3840
-2344
1201
2860
561
-1886
-376
3320
5943
7486
8169
7576
5874
5469
6972
9280
10839
11235
12049
11732
10772
11188
12630
14280
15751
18133
20765
22239
23097
24676
26956
27323
27233
29172
29488
22707
6304
-7058
-5036
6530
12885
5167
-8391
-16395
-18110
-21216
-23628
-19084
-10466
-7740
-17680
-27251
-26674
-19905
-15037
-14558
-12864
-9714
-7124
-7053
-7870
-9564
-10465
-7224
-562
4479
1417
-4635
-7459
-7493
-7033
-6372
-3989
-4626
-10350
-15777
-15719
-10980
-7136
-6489
-6403
-6494
-7981
-9294
-7675
-4103
-2843
-3614
-2980
-1002
-613
-1827
-1332
1421
4205
6257
7629
8318
7305
5819
7164
10573
13299
13346
12001
11928
11467
11178
13231
16332
17611
16491
15160
16035
18477
20268
23045
25013
25975
25761
23981
24696
23028
15297
1930
-6989
-2691
8340
11546
-72
-14019
-19572
-16972
-17727
-20546
-16732
-10834
-10900
-22153
-29295
-25574
-17140
-12216
-13269
-13675
-12841
-9356
-7411
-6988
-9095
-9494
-3635
2920
4990
-242
-4261
-4943
-5354
-6340
-5873
-3356
-4383
-8631
-13192
-14278
-12054
-8884
-5448
-4077
-5603
-8147
-8590
-7136
-6081
-5668
-3563
-448
141
-1763
-2786
-126
4372
7820
9783
9163
7319
6726
8715
12614
14795
14579
13690
13140
12863
13060
14718
17190
17900
16685
16628
17766
18972
19641
20957
22761
23800
23859
24090
24537
21283
11728
-2171
-8920
-2910
8287
10856
-1015
-15257
-21218
-19572
-19150
-19319
-15450
-10634
-13616
-25075
-31749
-29098
-20114
-14552
-13280
-14220
-15101
-12742
-9934
-7980
-10255
-9891
-3794
3872
5612
-36
-3876
-4024
-2381
-1880
-758
85
-2459
-6940
-10444
-10489
-8641
-5709
-2585
-2572
-6092
-9812
-9484
-5641
-4130
-4365
-2979
-280
129
-3292
-4794
-1587
4359
8686
10221
9207
7097
6273
8213
12402
14951
15393
14842
14596
14400
13465
14056
16043
17168
17601
18005
18100
17588
17246
19257
22310
23937
23232
22457
22436
19228
11018
-940
-7214
-2696
6817
9654
-379
-14124
-20807
-19443
-18899
-19843
-17614
-12999
-13413
-22971
-31037
-31234
-23567
-16354
-13797
-14866
-17075
-15417
-11730
-8915
-10646
-11266
-5795
1975
4724
315
-3487
-3063
-372
1213
1247
-382
-3512
-6160
-6818
-6126
-5772
-4424
-2170
-1533
-4335
-7932
-7468
-4102
-2544
-3581
-4122
-2196
-13
-210
-1360
-1218
2003
7136
10737
10324
6821
4994
7738
12693
15585
15238
13932
13443
13663
13973
15108
16740
17564
17122
16682
16625
16484
17754
19213
20953
21941
21819
21165
20335
19181
15513
7396
-4471
-9444
-2944
7434
6755
-7180
-19031
-20713
-16686
-18021
-19876
-17178
-13724
-16037
-24771
-29375
-27935
-21424
-15854
-14365
-17614
-20924
-17510
-10295
-6934
-11113
-12780
-6466
1580
2946
-1173
-3338
-1506
1709
3425
2964
-269
-3889
-5394
-4913
-4737
-4368
-1653
1412
144
-5452
-8826
-6586
-1949
-689
-1953
-2492
-2187
-1401
-1478
-1118
874
4336
8454
10030
7801
5437
6437
10490
14221
14520
13672
13174
13115
14118
14934
16576
16844
15853
15457
15209
15166
15641
17251
19158
20574
19587
19107
18541
18295
18017
14361
6170
-5398
-9282
-2703
6012
3356
-9959
-19459
-19921
-16841
-18721
-20097
-17862
-14852
-17353
-23966
-27752
-26426
-19915
-14836
-14201
-19261
-22002
-16084
-7997
-6548
-11873
-13465
-6806
1148
3164
625
-2361
-2038
1528
5592
6498
1559
-3400
-4238
-2892
-2489
-2042
942
3575
913
-5048
-7086
-4209
-680
15
-1188
-1851
-2207
-1722
-924
-159
1064
3599
7227
8653
6739
4687
6282
9967
12995
13816
13413
13081
12102
12170
13801
15850
16442
15469
14066
12808
12381
13557
16699
18404
17915
16698
16920
17589
16998
15912
14293
8321
-2952
-9757
-5647
4018
5427
-5217
-16069
-19391
-18470
-19029
-19141
-17109
-15034
-16691
-21151
-24328
-25416
-21813
-16368
-13616
-16915
-20865
-17196
-9224
-6800
-11914
-14959
-10233
-1155
3966
3363
-277
-3753
-1822
4163
8136
5388
-1065
-3443
-1932
-1080
-849
141
1833
1283
-2242
-4015
-3291
-1942
-698
-208
-651
-1531
-1496
87
1129
873
1899
4802
6945
6562
4993
5498
7315
9174
11114
12104
12046
10840
10884
13003
14413
13631
11796
11222
12531
13729
14266
14252
13842
14521
15691
17077
16834
15838
15655
14130
9280
-518
-7308
-5542
1905
5338
-458
-10465
-16747
-17812
-17408
-16519
-14903
-12550
-12794
-16320
-21470
-24655
-22393
-16871
-12245
-14090
-18051
-17739
-12819
-8701
-10848
-12658
-10057
-2766
3599
4239
449
-3979
-3566
2630
7782
6689
1240
-2209
-666
1243
1313
955
701
822
332
-527
-938
-1780
-1703
-828
-828
-1223
-1150
221
944
-557
-842
1904
5636
7211
6065
4989
5383
6528
8749
10589
10617
9264
8781
11217
13454
12325
9312
7214
8415
10905
12409
13384
13081
12293
12133
13131
14783
15856
15932
14938
11235
2867
-5316
-6908
-752
5932
4736
-3634
-12939
-17506
-17706
-15324
-11808
-9790
-10515
-13251
-17147
-20838
-21407
-18736
-13336
-11442
-14148
-15574
-14438
-11367
-11557
-12856
-10248
-4689
1278
3577
612
-4160
-6302
-2169
5097
7718
4319
-599
-2204
-606
932
2138
2153
1408
1126
958
878
-255
-1699
-1202
56
686
903
690
337
-990
-1591
614
3811
6081
6341
5206
4335
3849
4739
7314
9327
9618
8807
8414
8704
8129
7044
6354
6587
7935
9320
10423
10463
9557
9575
11399
13765
14955
14679
13572
11701
7143
474
-3477
-1913
4175
7603
3861
-4532
-12255
-14946
-12795
-9073
-5978
-6012
-8685
-12106
-16221
-18077
-17303
-13979
-10241
-11094
-13532
-14891
-13874
-11508
-10775
-9346
-6499
-3015
413
512
-2411
-5253
-4589
1094
5425
4599
793
-2845
-2862
-823
1584
3490
2640
1080
331
227
470
-120
-18
1113
1450
1918
1777
809
-484
-1519
-102
2326
3380
3008
1754
562
62
1305
4272
5673
5260
4209
3370
3889
4871
4750
4120
3653
3919
5831
7767
8959
8771
8564
9867
11908
14067
15277
15176
13642
10451
4775
370
239
4536
9016
7493
1907
-3687
-6199
-5325
-3641
-2233
-1873
-3311
-5416
-8240
-11268
-12002
-11487
-9328
-9229
-11395
-12490
-12808
-11648
-11404
-11311
-9954
-7844
-4865
-2786
-4073
-6808
-7452
-4492
-468
-30
-1994
-4001
-4903
-3581
-1404
879
1497
290
-456
-483
-76
242
197
666
455
758
1682
1299
-363
-2333
-2355
-390
1441
2113
1366
-272
-697
542
2749
4158
3944
3138
2649
2725
3423
4409
4417
4064
4110
5067
6735
7789
8335
8861
9713
11508
13124
13990
14148
13440
12251
9321
6805
7259
9348
10807
8747
5160
3313
2400
2400
1787
279
-671
-1501
-1378
-2098
-4817
-7321
-8737
-9169
-10420
-12450
-13491
-13871
-14473
-14737
-14123
-13587
-13440
-12606
-10644
-9530
-10010
-10127
-8988
-7179
-6483
-6787
-6783
-6782
-6016
-3950
-2065
-1776
-2676
-2779
-1630
-323
1003
1872
1521
583
284
1153
1899
1385
976
1330
2279
3182
3182
3044
2537
2605
3894
5165
5705
4917
3892
3690
4175
5217
6341
6238
5320
4371
4563
6254
7705
8976
9984
10857
12260
13205
13700
13970
13252
11468
9532
8523
9130
9747
9000
8001
6948
5862
4524
2360
417
-1159
-1596
-400
-377
-2652
-6576
-9728
-11072
-12541
-13962
-14795
-15477
-15863
-15494
-14603
-14662
-15856
-15651
-13469
-11591
-10944
-10951
-10481
-9731
-8848
-7007
-5830
-6210
-6538
-5554
-3728
-2982
-2847
-1671
-142
845
1570
2085
1906
1200
1195
2500
3265
3034
2747
2700
3269
3668
4017
4058
3340
3161
3781
4293
4397
4367
5243
6349
6359
6146
5853
5685
5653
5631
6325
7120
7919
9484
11260
12467
12888
13300
14136
14471
13428
11502
10145
9559
9734
9601
8799
8223
7060
5707
3672
1153
-309
-827
-384
-382
-2202
-4840
-7783
-10234
-12501
-14784
-15765
-16080
-16272
-16386
-16406
-16781
-18064
-18947
-17792
-15517
-13830
-13030
-12418
-12038
-11816
-10622
-8868
-7785
-7547
-6837
-5226
-4289
-3676
-2406
-669
418
833
1819
2646
2291
1841
2637
3905
4150
4057
4266
4344
4070
3882
4701
5513
5451
5838
6538
6833
6596
6218
7186
8165
8391
8303
7702
7606
7753
8373
9354
9784
10250
11397
12822
13675
14147
14515
15102
14886
13100
11194
9847
9538
9520
8335
7378
6347
5108
3805
1092
-1531
-3218
-3518
-2530
-3278
-5798
-8969
-11382
-12785
-14782
-16702
-17860
-18479
-18844
-18859
-18566
-19204
-20469
-20543
-18461
-16151
-15049
-13925
-12882
-12256
-11650
-10424
-9061
-8876
-8359
-6247
-4134
-3263
-2640
-963
1031
2058
2575
3342
3495
3314
4075
5352
5833
5508
5625
6267
6145
5675
5857
6424
6938
7595
8413
8699
8208
7965
8502
9129
9318
9412
9676
9611
9582
9912
10519
10999
11332
12096
13037
13597
13972
14155
14705
15213
15000
13622
10967
8765
7797
7382
6279
4861
4141
3359
1592
-1148
-3843
-5532
-6126
-5811
-5801
-7788
-11044
-13608
-15074
-16585
-18486
-19482
-19769
-20115
-20450
-20225
-20416
-21690
-21922
-19826
-17132
-15750
-15035
-13932
-12998
-12410
-10927
-9150
-8471
-8031
-6201
-3489
-2205
-1935
-554
1653
3164
4011
4804
4985
4351
4583
6373
7616
7419
7343
7876
8052
7530
7344
8253
9144
10007
11147
11485
10709
9640
9734
10696
11138
11119
10984
11057
11209
11492
11980
11993
12184
12891
13878
14622
14379
14408
14806
15253
15288
13320
10327
7344
5600
5278
3994
2597
1750
972
-200
-3018
-6204
-8625
-9831
-9374
-9171
-10687
-13512
-15948
-16898
-18153
-20022
-21158
-21493
-21610
-21733
-21293
-21176
-21930
-21750
-19556
-16948
-15853
-15456
-14435
-13397
-12341
-10360
-8109
-7076
-6892
-5294
-2747
-1396
-815
445
2405
3903
5091
6649
7071
6196
6081
7441
8757
8385
7746
8146
8688
9109
9412
9738
10003
10325
11642
12653
12101
11213
10981
11662
12433
12814
13178
12938
12400
12373
12660
12889
12698
12965
14065
15025
15349
15144
14973
14992
14973
13948
11140
7714
5211
4593
4182
2501
890
-470
-1974
-4449
-7575
-9973
-11977
-12782
-12180
-12213
-13950
-17069
-19136
-20127
-21887
-23262
-23627
-23241
-22899
-22664
-21824
-22036
-22709
-21551
-18922
-16824
-16337
-15696
-13881
-12356
-10707
-8476
-6776
-6165
-5830
-4152
-2192
-899
847
3081
4913
5804
6635
7644
7439
6732
7373
8981
10010
9945
9819
10027
9966
10041
10397
10473
10404
10802
12010
12980
12872
12557
12399
12705
13339
13815
13930
13345
12817
12939
13462
13807
13852
14066
14426
14919
15221
15157
14928
14593
14404
13132
9999
6675
4358
3901
3290
1212
-513
-2130
-3627
-5535
-8296
-10773
-13105
-13830
-12959
-13314
-15537
-18737
-20373
-20670
-22023
-23155
-23489
-23537
-23455
-22931
-21845
-22068
-22714
-21155
-17838
-15776
-15661
-15133
-13409
-11679
-9891
-7666
-5998
-5774
-5171
-2871
-856
98
1295
3598
5667
6335
7007
7854
7787
7307
8051
9648
10265
9962
9789
9902
9689
9707
10647
11148
10985
11135
11890
12524
12137
11878
12072
12149
12456
12770
13003
12528
11762
11929
12177
12434
12559
12594
12884
12835
13211
13591
13417
13121
12493
12041
10146
6658
3913
2338
2358
1490
-734
-2383
-3998
-5276
-7367
-10135
-12260
-13872
-13524
-12649
-13540
-16164
-18977
-19566
-19972
-21505
-22528
-22864
-22449
-22086
-21296
-20388
-20947
-20901
-18524
-15389
-14141
-14359
-13168
-11060
-9378
-7552
-5782
-4857
-4796
-3570
-790
840
1165
2309
4649
6398
6840
7478
8158
7816
7705
9063
10573
10724
10064
10049
10321
10059
10092
10552
10743
10719
11131
11977
11844
11141
11312
11976
12494
12570
12640
12516
11679
11063
11064
11403
11494
11140
11318
11500
11685
12217
12145
11758
11035
10470
9982
7584
4595
2593
1843
1753
-140
-2174
-3306
-4601
-5951
-8356
-10954
-12879
-13684
-12559
-12185
-14011
-16868
-18641
-18635
-19317
-20487
-20867
-20849
-20597
-20301
-19516
-19463
-20205
-19192
-16299
-13602
-12694
-12155
-10429
-9027
-7950
-6438
-5164
-4617
-4247
-2252
174
905
1256
2507
4377
5693
6382
7253
7404
6948
7539
9145
10128
9770
9087
8715
8317
8121
8565
9323
9699
10034
10671
10869
10434
10169
10515
10956
11144
11455
11789
11656
11160
10787
10393
9997
9946
10079
10409
10505
10882
11582
11364
11058
10683
10409
9710
6941
4263
2546
1947
2131
595
-1077
-2379
-3772
-5069
-7793
-10248
-11490
-11426
-10072
-9935
-11530
-14180
-16152
-16773
-17822
-18901
-19349
-19015
-18405
-18143
-17561
-17657
-18057
-17023
-14628
-12275
-11330
-10633
-9090
-7892
-6901
-5641
-4482
-4044
-3858
-2179
-259
334
684
1882
3677
4821
5356
6064
6063
5445
6090
7712
8553
8066
7236
7030
6674
6306
6914
7638
7850
7994
8639
9336
9015
8662
8958
9275
9441
9692
10223
10126
9255
8739
8638
8700
8721
9056
9810
10121
10320
10590
10747
10711
10442
10414
9403
6707
3883
2281
2519
2531
1177
-7
-1100
-2236
-4021
-6514
-8354
-9493
-9021
-7465
-7427
-9435
-12382
-14059
-14817
-16246
-17220
-17342
-17294
-17281
-16925
-15998
-15988
-16463
-15240
-12840
-11261
-10768
-9832
-8184
-7205
-6442
-5027
-4024
-4201
-4099
-2535
-1101
-779
-112
1717
3560
4238
4714
5324
4896
4227
4795
6197
6691
5740
5190
5293
5148
5075
5209
5400
5299
5634
6847
7567
7308
6970
7337
7914
8135
8438
8627
8232
7439
7027
7209
7463
7833
8473
9113
9260
9229
9617
10190
10565
10828
11229
11128
9329
6568
4595
4126
4361
3555
2225
1343
709
-149
-1913
-3989
-5676
-6260
-5332
-4703
-5877
-8739
-11243
-12085
-12861
-14044
-14972
-15536
-15843
-15871
-14940
-14366
-15051
-15337
-13999
-11784
-10582
-9987
-8947
-8149
-7450
-6193
-4894
-4574
-5031
-4349
-2637
-1758
-1427
-493
989
1909
2398
3253
3516
2804
2480
3422
4579
4329
3612
3450
3314
3216
3046
3221
3505
3727
4798
5893
5967
5372
4911
5424
6211
6600
6723
6267
5660
5284
5515
6311
6798
7260
7791
8275
8689
8952
9544
10225
10761
11427
11970
11989
10355
7768
6092
5715
6304
5962
4908
4215
3521
2860
1381
-709
-2398
-3224
-2530
-2097
-3463
-6097
-8406
-9363
-10494
-12249
-13502
-14188
-14578
-14576
-13816
-13446
-14237
-14737
-13483
-11469
-10568
-10214
-9528
-8813
-8228
-7349
-6241
-6008
-6368
-5672
-4169
-3447
-3394
-2657
-1293
-314
303
1152
1513
775
541
1627
2629
2387
1554
1408
1496
1414
1652
2071
2340
2479
3213
4273
4270
3673
3770
4656
5609
5838
5642
5331
4812
4627
4985
5638
6178
6637
7499
8341
8778
9208
9849
10560
11148
11787
12690
13243
12325
10146
8360
7890
8555
8493
7316
6393
5981
5951
4913
2605
483
-900
-754
-167
-1139
-3594
-6355
-7766
-8440
-9893
-11629
-12974
-13619
-13739
-13405
-13090
-13794
-14765
-14251
-12221
-10678
-10372
-10269
-9875
-9423
-8753
-7710
-7099
-7378
-7350
-6230
-5066
-4720
-4514
-3664
-2594
-1825
-981
-349
-606
-908
-431
392
628
75
-84
117
251
600
896
1018
1032
1578
2864
3472
3155
2907
3102
3882
4685
5180
5121
4563
4394
4816
5492
5831
6268
7355
8516
9634
10331
10888
11486
11965
13079
14270
15206
15503
14049
12046
10546
10383
11224
10679
9443
8652
8252
7742
5810
3431
1532
506
931
1049
-602
-3883
-6877
-8187
-9397
-11150
-12682
-13756
-14339
-14721
-14461
-14496
-15779
-16340
-15002
-12980
-12066
-12094
-11614
-11083
-10832
-9863
-8657
-8407
-9000
-8720
-7170
-6290
-6192
-5576
-4556
-3665
-2878
-1797
-1108
-1838
-2052
-720
513
744
197
128
380
136
353
876
994
1188
1903
3038
3234
2472
2328
2965
3777
4406
4661
4572
4151
3991
4700
5479
5913
6597
7874
9311
10282
10958
11814
12688
13500
14598
15759
16401
16416
15434
13906
12806
12475
12989
12558
10968
9886
9462
8890
7112
4725
2973
1787
1302
900
-669
-3693
-6561
-7910
-8969
-10900
-13029
-14196
-14804
-15307
-14958
-14615
-15455
-16527
-16005
-14024
-13041
-13194
-12744
-12034
-11543
-10966
-10041
-9471
-10135
-10115
-8572
-7410
-7023
-6601
-5495
-4470
-4174
-3272
-2163
-2137
-2366
-1822
-770
-440
-831
-716
-318
-312
-400
-25
349
460
1072
1934
2403
2159
1878
2582
3331
3634
3915
4064
4384
4616
4923
5728
6299
7093
8610
10178
11611
12460
13200
14463
15269
16033
17082
17978
18931
18805
17235
15535
13946
13679
14003
12854
11714
10789
10190
9342
6648
3997
1949
588
546
-198
-2091
-5079
-8065
-9617
-11355
-13246
-14504
-15439
-16001
-16295
-16072
-16063
-16962
-17515
-16516
-14866
-13939
-13595
-13166
-12734
-12254
-11367
-10463
-10410
-10959
-10441
-9015
-7953
-7344
-6613
-5353
-4314
-3496
-2529
-2191
-2517
-2439
-1180
299
490
-40
-424
-633
-560
-217
319
526
503
1102
2107
2319
1719
1362
1788
2862
3909
4502
4704
4322
4270
5235
6324
7361
8282
9508
11146
12324
13261
14173
15269
16386
17225
18263
19002
19467
19224
17440
15702
14582
14589
14905
13641
12214
11004
10194
9186
6857
4550
2417
1064
582
-528
-2375
-5236
-7681
-9077
-10876
-12774
-14400
-15535
-16058
-16327
-15929
-15762
-16701
-17556
-17199
-15964
-15162
-14681
-13863
-13305
-12985
-12623
-12134
-11744
-12033
-11414
-9688
-8367
-7347
-6688
-5846
-5021
-4560
-3299
-2152
-1902
-1715
-1256
-461
-341
-819
-732
-470
-161
98
220
421
317
559
1411
1725
1697
1717
2104
3067
3595
3892
4238
4320
4856
5706
6713
7784
8666
10180
11888
13238
14376
15165
16168
17052
17719
18635
19388
20070
20023
18536
16648
15186
14832
14847
13739
12423
11491
10682
9369
7055
4519
2210
635
74
-620
-2549
-5587
-8139
-9859
-11592
-13437
-14817
-15556
-16486
-16965
-16678
-16984
-18025
-18864
-18055
-16477
-15817
-15279
-14728
-14481
-14450
-14070
-12824
-12090
-12096
-11265
-9869
-8742
-7979
-7155
-5856
-5103
-4558
-3175
-2097
-1806
-1782
-1307
-393
-285
-586
-418
-374
-581
-513
-84
317
467
789
1457
1781
1522
1591
2217
2992
3827
4565
5242
5599
5872
6738
7771
8768
9966
11530
13319
14604
15521
16513
17322
18059
18798
19691
20575
21064
20896
19385
17434
16108
15870
15748
14241
12728
11643
10750
9463
6921
4516
2213
486
-68
-1170
-3234
-6261
-8772
-10142
-12108
-14191
-15823
-17017
-17828
-18257
-17828
-17808
-18871
-19583
-18866
-17602
-16809
-16209
-15490
-14789
-14443
-13607
-12401
-12207
-12247
-11529
-10031
-8446
-7787
-6856
-5772
-5306
-4447
-3441
-2538
-2141
-2220
-1414
-688
-855
-992
-1243
-1244
-1244
-1425
-929
-763
-914
-316
248
683
847
889
1884
2846
3629
4584
4982
5411
6021
6967
8427
9585
10771
12148
13616
15087
16359
17464
18136
18945
19941
20797
21682
21959
22125
21360
19192
17640
16653
16613
15986
14075
12925
11656
10357
8625
5919
3536
1104
-256
-750
-2061
-4517
-7754
-10015
-11969
-14195
-15973
-17364
-18142
-19020
-19059
-18417
-18916
-19807
-20307
-19471
-18024
-17409
-16388
-15440
-15130
-14717
-14157
-13090
-12649
-12747
-11681
-10326
-9093
-8042
-7191
-6095
-5732
-5287
-3944
-3015
-2805
-2839
-2507
-1855
-2001
-2192
-1829
-1693
-1827
-1887
-1504
-1118
-1054
-477
657
1592
1960
2454
3609
4482
5219
6057
6894
7776
8318
9586
11226
12153
13195
14262
15769
17236
18023
19326
20201
20721
21434
21899
22595
22559
22082
21298
19557
17948
16948
16667
15580
13541
11865
10508
9480
7224
4571
2392
-222
-1594
-2745
-4268
-6457
-9858
-11712
-13255
-15242
-16750
-18445
-19091
-19696
-20069
-19331
-19557
-20165
-20327
-19913
-18682
-17965
-17195
-16082
-15704
-15313
-14567
-13611
-12824
-12729
-12092
-10761
-9512
-8237
-7219
-6557
-6176
-5772
-4658
-3593
-3406
-3327
-2934
-2355
-2071
-2174
-2099
-1906
-1885
-1604
-894
-420
-166
294
1153
2251
2837
3420
4496
5427
6290
7133
8156
9217
9963
11081
12362
13360
14314
15279
16745
18006
18754
19698
20349
21068
21500
21717
22154
21799
21430
21046
19851
18549
16947
15957
15406
13672
12146
10527
8882
7375
4828
2790
592
-1639
-2814
-4639
-6288
-8558
-11159
-12444
-14276
-15688
-16780
-18065
-18503
-19315
-19507
-19238
-19725
-19842
-19942
-19558
-18634
-18107
-17223
-16662
-16572
-15856
-15119
-14220
-13505
-13250
-12245
-11221
-10198
-8992
-8296
-7653
-7094
-6491
-5375
-4687
-4460
-3959
-3575
-2986
-2357
-2052
-1498
-1302
-1263
-387
388
1221
1895
2186
3331
4193
5027
6261
6816
7786
8665
9438
10925
11573
12268
13257
13801
15019
15956
16744
17959
18334
18977
19802
20129
20831
20911
20785
20735
20131
19822
19548
18477
17070
15540
14145
13399
12042
10193
8482
6494
5109
3501
1568
-119
-2436
-4114
-5556
-7117
-8650
-10842
-12318
-13581
-14989
-16174
-17536
-18333
-19141
-19566
-19436
-19720
-20042
-20407
-20171
-19471
-19145
-18648
-18098
-17675
-17057
-16422
-15528
-14729
-14438
-13519
-12407
-11401
-10309
-9774
-8937
-8094
-7498
-6068
-5100
-4502
-3763
-3487
-2390
-1541
-1135
-169
211
963
2049
2767
3864
4324
4694
5892
6805
7785
8722
9250
10247
11024
11745
12927
13415
13897
14545
14979
16050
16705
17161
18010
18086
18534
18967
19055
19491
19097
18962
18900
18432
18405
17666
16930
15837
14135
13128
11855
10908
9607
7848
6590
4945
3675
2036
129
-1428
-3399
-4759
-6204
-7674
-8998
-10897
-12272
-13649
-15052
-16169
-17421
-18321
-19113
-19729
-19990
-20129
-20475
-20870
-20911
-20792
-20278
-19729
-19216
-18431
-18004
-17342
-16428
-15795
-14933
-14335
-13556
-12210
-11347
-10196
-9067
-8319
-7121
-6351
-5276
-3955
-3310
-2062
-1022
-202
1168
1885
3062
4130
4470
5530
6227
7034
8171
8680
9725
10503
10931
11957
12448
13062
13741
13960
14785
15302
15650
16367
16449
16660
16808
16669
17115
17101
16989
16992
16524
16570
16295
15818
15540
14633
14116
13425
12769
12194
10719
9663
8376
7423
6649
5081
3917
2291
952
-94
-1650
-2754
-4349
-5830
-7096
-8492
-9591
-11153
-12494
-13741
-14890
-15859
-16931
-17645
-18622
-19315
-19740
-20092
-20156
-20519
-20417
-20144
-19892
-19282
-18814
-18140
-17574
-17088
-16193
-15329
-14475
-13563
-12702
-11547
-10392
-9354
-8030
-6941
-5925
-4677
-3483
-1986
-657
387
1810
2787
3790
4934
5714
6925
7607
8205
9228
9736
10568
11195
11587
12279
12498
13078
13843
14277
14823
14888
14986
15236
15193
15427
15409
15156
15015
14704
14592
14372
13911
13528
12973
12542
12211
11711
11396
10908
10268
9698
8985
8515
7854
7047
6233
5120
4140
3112
2234
1376
275
-730
-1846
-2742
-3707
-4880
-5794
-6790
-7655
-8651
-9646
-10474
-11447
-12341
-13290
-14089
-14933
-15755
-16228
-16803
-17152
-17677
-18022
-17963
-18115
-17929
-17822
-17562
-16988
-16637
-15872
-15095
-14453
-13736
-13111
-12138
-11113
-10223
-9069
-7903
-6737
-5553
-4394
-3118
-1936
-815
514
1918
3129
4296
5361
6415
7408
8196
9114
9918
10592
11329
11891
12549
13014
13210
13596
13753
13879
14043
13965
14063
13911
13648
13517
13159
12799
12278
11661
11252
10760
10227
9751
9109
8460
7896
7230
6787
6189
5502
5127
4458
4065
3627
2981
2705
1918
1451
1082
440
301
-467
-1035
-1378
-1955
-1950
-2529
-3072
-3449
-4110
-4281
-4840
-5360
-5832
-6584
-6971
-7551
-8135
-8772
-9526
-10067
-10680
-11094
-11526
-12056
-12515
-12987
-13140
-13177
-13276
-13243
-13237
-13100
-12773
-12428
-11935
-11465
-11066
-10354
-9621
-8790
-7933
-7184
-6171
-5162
-4074
-2824
-1679
-576
486
1656
2888
4047
5154
6221
7243
8160
9005
9803
10471
11078
11602
12029
12413
12556
12652
12649
12530
12485
12228
11905
11526
10965
10534
9894
9149
8507
7618
6820
6127
5389
4770
3915
3125
2599
1970
1447
986
419
-119
-664
-1007
-1125
-1389
-1665
-1819
-2115
-2199
-2165
-2160
-2085
-2296
-2281
-2067
-1969
-1737
-1785
-1850
-1833
-1969
-1787
-1772
-1961
-2117
-2546
-2734
-2865
-3235
-3548
-4046
-4441
-4791
-5176
-5398
-5789
-6174
-6515
-6732
-6890
-7236
-7473
-7698
-7748
-7817
-7819
-7496
-7353
-7131
-6811
-6470
-5865
-5353
-4702
-3947
-3265
-2463
-1649
-837
-9
670
1493
2333
3012
3807
4542
5146
5776
6210
6606
7012
7233
7488
7699
7812
7897
7878
7784
7541
7168
6796
6391
6017
5605
5117
4613
4066
3568
2949
2330
1772
1182
881
438
-5
-351
-801
-1085
-1432
-1711
-1781
-2001
-2055
-2034
-2078
-2028
-2187
-2225
-2243
-2262
-2061
-2123
-2057
-1966
-2104
-1953
-1958
-1856
-1731
-1836
-1738
-1666
-1633
-1482
-1507
-1428
-1337
-1290
-1098
-982
-933
-962
-1016
-906
-708
-728
-597
-421
-293
-92
87
296
459
604
762
1086
1431
1633
1895
2118
2161
2129
2139
2220
2250
2252
2312
2419
2522
2329
2208
2162
1877
1754
1732
1676
1550
1275
1066
884
560
116
-186
-468
-817
-1057
-1266
-1512
-1785
-2073
-2278
-2299
-2480
-2632
-2624
-2716
-2820
-2867
-2851
-2844
-2941
-2984
-2928
-2846
-2811
-2794
-2593
-2491
-2474
-2192
-2070
-1935
-1727
-1697
-1558
-1500
-1431
-1182
-1162
-1064
-1027
-1080
-949
-911
-894
-984
-977
-779
-908
-781
-587
-571
-450
-492
-386
-309
-306
-104
-38
142
375
549
815
1100
1274
1595
1937
2358
2877
3211
3620
4011
4493
5063
5363
5666
6016
6219
6506
6614
6728
7090
7047
6995
7007
6800
6652
6283
5998
5703
5231
5062
4620
3975
3445
2586
1839
1334
741
266
-276
-908
-1461
-2041
-2744
-3668
-4047
-4302
-4799
-5009
-5092
-5396
-5779
-6130
-6885
-6979
-6809
-7310
-6973
-6612
-6751
-6769
-6797
-7073
-7362
-7352
-7521
-6600
-5327
-5511
-5180
-4641
-5419
-5449
-5340
-5535
-4146
-2772
-2808
-1789
-1024
-2651
-2661
-2143
-2732
-1764
-563
620
1587
1839
1265
729
566
105
984
2691
4154
5321
5510
5588
4986
4226
4543
5241
6904
8723
9710
10413
9925
9162
8418
8009
8739
9662
10869
11728
11799
10981
9879
8780
8120
8052
8701
8933
9195
8966
6946
6346
4012
2155
1376
339
386
213
-152
-1768
-2597
-5162
-6745
-7423
-8253
-7444
-7191
-7158
-7480
-8313
-9161
-9834
-10054
-9628
-8646
-7941
-6973
-6698
-6728
-6785
-7456
-7468
-6893
-6352
-5903
-5586
-5281
-5608
-5851
-6561
-6765
-6100
-6133
-6094
-5733
-5816
-5757
-5550
-5564
-4971
-4362
-4592
-3964
-3149
-2975
-1863
-1276
-503
534
796
1474
2303
2502
2709
3142
3667
4094
4726
5081
5304
5558
5017
5003
5453
5579
5649
5799
5983
6179
6256
6223
6171
6531
6219
5919
6574
6487
7131
6740
6459
7091
6451
6785
6083
5937
5769
5012
5437
5625
6410
6450
5981
5328
4676
3926
3331
3389
3277
3416
3413
2582
2101
137
-1541
-2585
-3886
-3194
-3181
-3504
-3272
-5109
-7303
-7509
-8722
-9020
-7982
-8594
-7802
-7008
-8624
-8430
-8504
-9294
-8544
-7958
-6666
-5294
-4963
-5052
-4906
-4657
-5230
-4179
-3755
-2908
-2436
-2791
-2329
-2346
-2435
-2581
-2064
-1689
-915
-812
-824
-423
-1109
-513
-549
-132
752
635
1280
1413
1596
1634
1679
2022
2431
2894
2992
3103
2788
2221
2127
1955
2172
2354
1867
1622
1228
627
286
269
247
293
325
294
480
344
352
176
454
886
943
1655
1813
1723
1880
1443
1714
1842
1897
2396
2446
2719
2784
3012
2858
2877
2771
2280
3209
3168
3861
4591
3772
3827
3010
2795
2393
3539
3757
4378
5132
3096
3006
1647
1346
1224
2023
2151
2623
2947
520
725
-239
-655
-119
-773
121
231
-32
-836
-1591
-2005
-2705
-2789
-2206
-2017
-2045
-2087
-2825
-3165
-3317
-3601
-3433
-3556
-4253
-4864
-4197
-4206
-4016
-3710
-5237
-5232
-5782
-6310
-5308
-5327
-5196
-5145
-5319
-4855
-4595
-4555
-4980
-5220
-4985
-4464
-3564
-2589
-2295
-2526
-3150
-3438
-3027
-2725
-2169
-2097
-2006
-1619
-1607
-1452
-1481
-1965
-2382
-2119
-1380
-380
424
748
570
425
386
517
1348
2160
2280
2926
3562
4010
4692
4392
4288
4612
5069
5398
6605
7430
7770
8379
7747
7947
8004
7430
7450
7683
8810
9877
10156
9472
8942
7748
7087
6967
7095
8372
8389
7996
7241
6780
6211
4617
4080
2934
3741
3777
3277
2897
1135
182
-1652
-1782
-1430
-1456
-2178
-3961
-5055
-4775
-4506
-4543
-5140
-6235
-7684
-8601
-8293
-7732
-6638
-7168
-8501
-8689
-9253
-8769
-8592
-8565
-8592
-8978
-8558
-8042
-7246
-7639
-8548
-9174
-9085
-7910
-7104
-6259
-6251
-7327
-7729
-7730
-6595
-4976
-4654
-4607
-4467
-4545
-3938
-3416
-2787
-2279
-2135
-1712
-962
198
683
280
507
1115
2023
3204
3834
4545
4557
4464
4425
4939
6070
6330
6681
7257
7544
7590
7542
7172
7143
7479
7754
8396
8770
8562
7749
7194
7011
6910
7139
7033
6886
6743
6225
6020
5753
5212
4785
4048
3283
3409
3186
2946
3003
2514
2223
2115
1597
1112
807
483
610
874
1591
1933
1738
821
99
-339
-321
263
280
941
1444
851
316
-98
-781
-1483
-1536
-1801
-1257
-372
-1107
-1866
-2729
-4467
-4980
-5182
-5094
-4702
-4947
-5472
-6216
-6659
-7416
-7441
-7569
-7816
-8068
-7916
-7302
-6781
-6956
-7450
-7417
-7528
-6953
-6336
-5630
-4807
-5041
-5141
-4955
-4021
-3406
-2975
-2442
-2719
-2181
-1740
-1385
-616
-473
-839
-769
-294
22
732
623
305
158
220
803
1189
1709
1440
1276
1305
1349
1870
2036
2184
1902
1750
2235
2753
3188
3327
3021
2889
3079
3333
4019
4712
4747
4567
4493
4669
4715
4898
4992
4842
5386
5393
5432
5535
4998
4634
4256
4602
4864
5142
5179
4177
3706
3051
2968
3622
3674
3378
2828
2242
1762
1885
1638
1877
2014
1340
1308
1164
1080
1240
1203
834
718
593
375
894
1227
816
940
310
-327
-137
-339
341
695
320
201
-464
-1030
-1687
-1953
-1951
-2037
-1824
-2652
-2949
-2958
-4130
-4321
-5203
-5935
-5626
-5936
-5748
-6181
-6461
-7426
-8462
-8836
-9260
-8512
-8039
-7699
-7818
-8247
-8242
-8534
-8444
-7937
-7532
-6707
-5577
-5466
-4847
-4551
-4660
-4059
-3737
-2567
-1537
-742
-12
-6
392
631
873
1709
2264
2836
3300
3352
4049
3976
3887
4001
3730
4465
4905
5055
5573
5257
5195
5022
4487
5067
5168
5506
5750
5623
6009
5827
5738
5481
5345
5632
5582
5839
6187
6342
6185
5585
5125
5025
4825
4850
5146
5352
5499
5087
4551
4131
3620
2863
2584
2556
2740
2705
2704
2223
1067
418
-711
-892
-829
-1031
-707
-1043
-1563
-2401
-3183
-3816
-4477
-4699
-4853
-4940
-4530
-4537
-5085
-5469
-6686
-7198
-7114
-7073
-5941
-5449
-5332
-5825
-6414
-6414
-6767
-6700
-6189
-5288
-4837
-4756
-4568
-4128
-3890
-4045
-4330
-3731
-2757
-2508
-1677
-1196
-882
-1171
-1738
-1488
-962
-298
11
597
1234
1281
848
629
752
1054
1133
1209
2145
2350
2630
2321
1696
1924
1802
1887
2390
2934
3166
3268
3217
2798
3105
3288
3156
3994
4530
4581
4689
4649
4501
4672
4569
4224
4811
4873
4580
4940
4784
4407
3905
3546
3258
3188
3006
2618
2529
2051
1333
847
543
0
-423
-841
-1306
-1381
-1648
-1817
-2336
-2888
-3085
-3499
-3491
-3377
-3247
-3222
-3540
-3804
-4032
-3823
-4033
-4037
-3589
-3699
-3743
-3630
-3547
-3493
-3494
-3548
-3221
-2824
-2817
-2886
-2798
-2688
-2802
-2537
-2305
-2201
-1938
-2065
-2084
-1992
-2201
-1839
-1690
-1664
-1006
-979
-598
-637
-1013
-684
-708
-249
288
1003
1212
1061
1073
931
1334
1334
1805
2621
2951
3201
3167
3376
3449
3302
3285
3728
4434
4756
5072
5085
4634
4379
4130
3994
4276
4472
4628
4719
4514
3871
3674
3305
2597
2773
2622
2630
2863
2469
2149
1671
807
391
406
371
369
331
256
31
-201
-610
-1092
-1462
-1608
-1498
-1317
-1276
-1252
-1324
-1743
-2153
-2612
-2478
-2355
-2473
-2227
-2134
-2226
-2469
-2824
-3121
-3339
-3561
-3580
-2930
-2748
-2949
-2992
-3264
-3521
-3615
-3684
-3410
-2876
-2883
-2843
-2601
-2680
-2887
-2894
-2847
-2691
-2241
-1993
-1611
-1175
-1352
-1609
-1431
-1271
-795
-251
-52
326
391
328
120
174
423
611
964
1151
1616
1704
1338
1035
786
843
1168
1379
1567
1817
1337
962
730
376
567
781
933
1024
1101
877
646
536
98
251
514
793
1254
1375
1196
796
728
543
535
1049
1182
1449
1578
1286
1227
1047
942
1155
1619
1901
1964
1968
1716
1304
990
1148
1309
1602
1912
1562
1692
1206
717
934
681
1092
1171
1560
1688
1200
1140
438
553
747
942
1636
1739
1638
1254
1160
922
888
1209
1343
1541
1688
1638
1540
1484
1149
825
838
870
991
1185
1069
788
389
133
-148
-346
-271
-434
-705
-827
-1268
-1772
-1952
-2279
-2549
-2625
-2846
-2895
-3013
-3295
-3666
-3906
-3868
-4280
-4281
-3965
-4227
-4335
-4462
-4642
-4393
-4404
-4541
-4244
-4054
-3986
-4028
-3882
-3481
-3331
-3232
-3215
-2996
-2617
-2499
-2372
-2105
-1733
-1564
-1599
-1499
-1163
-838
-886
-631
-126
321
490
402
641
926
991
946
1445
2026
2278
2478
2383
2743
2934
2803
3098
3582
3997
4352
4638
4439
4595
4672
4381
4713
5156
5319
5538
5583
5292
5224
5136
4711
4735
4913
4719
4607
4453
3991
3561
3106
2485
2195
2028
1870
1763
1270
775
136
-599
-1058
-1451
-1644
-1620
-1733
-2259
-2597
-3049
-3707
-3920
-4128
-4252
-3923
-3918
-4152
-3944
-4183
-4530
-4527
-4517
-4231
-4065
-3799
-3523
-3333
-3279
-3497
-3253
-2965
-2851
-2503
-2266
-1817
-1504
-1649
-1449
-1229
-1223
-857
-546
-448
-122
-118
-152
191
376
460
612
735
920
1127
1306
1356
1503
1882
1798
1785
2160
2273
2518
2616
2539
2834
2815
2627
2898
3097
3320
3501
3461
3642
3761
3526
3202
3290
3379
3275
3453
3354
3236
3227
2635
2069
1963
1697
1519
1449
1210
1031
579
-33
-516
-836
-1081
-1336
-1493
-1674
-1868
-2228
-2756
-2983
-3316
-3642
-3667
-3787
-3701
-3597
-3868
-3938
-4121
-4546
-4535
-4369
-4299
-4009
-3844
-3782
-3675
-3867
-4026
-3752
-3531
-3464
-3179
-2984
-2804
-2666
-2730
-2758
-2540
-2341
-2192
-1710
-1484
-1328
-984
-1073
-911
-711
-674
-306
-148
138
498
739
898
1072
1319
1428
1649
1981
2274
2703
3042
3074
3442
3488
3437
3854
3917
4261
4664
4720
5034
5062
4933
4807
4834
4934
4846
5078
5023
4941
4994
4559
4298
4141
3756
3615
3437
3124
3033
2621
2134
1942
1482
1243
1009
530
257
-30
-419
-691
-819
-1094
-1330
-1657
-2077
-2299
-2325
-2322
-2568
-2683
-2729
-2914
-2912
-3275
-3373
-3158
-3427
-3333
-3265
-3154
-3000
-3304
-3364
-3286
-3437
-3452
-3312
-3117
-2981
-3170
-3060
-2944
-2977
-2801
-2886
-2676
-2434
-2442
-2194
-2140
-2078
-1839
-1845
-1688
-1430
-1218
-822
-687
-489
-168
-136
23
76
430
805
623
1015
1267
1463
1768
1565
1894
2226
2087
2064
2215
2407
2447
2232
2245
2389
2371
2188
2037
2158
1984
1814
1777
1536
1571
1292
954
1173
958
880
884
644
436
275
162
40
49
41
-119
-205
-269
-422
-225
-274
-308
-20
-148
-93
-121
-166
-56
-188
-94
67
141
220
153
112
197
153
108
109
201
64
112
180
91
255
88
-59
-41
-51
35
-101
-77
-10
-247
-265
-405
-333
-97
-214
-22
38
75
107
-123
62
104
116
301
355
627
630
559
688
686
865
998
1130
1295
1279
1169
1044
926
960
836
902
1031
895
1019
656
375
393
21
86
-95
-339
-227
-625
-891
-1018
-1207
-1252
-1469
-1668
-1574
-1644
-1914
-2094
-2273
-2273
-2408
-2484
-2224
-2205
-2175
-2327
-2508
-2337
-2399
-2385
-2111
-2051
-1899
-1785
-1851
-1637
-1636
-1646
-1438
-1249
-988
-798
-725
-693
-628
-639
-483
-341
-83
174
309
387
390
551
612
687
855
1039
1310
1453
1454
1627
1649
1747
1919
2034
2360
2452
2469
2583
2637
2638
2696
2823
2976
3072
3072
3030
3006
3039
2833
2863
2919
2734
2724
2505
2328
2308
2005
1870
1803
1585
1467
1212
902
682
382
142
11
-124
-376
-602
-806
-1154
-1325
-1594
-1822
-1863
-2042
-2166
-2258
-2401
-2618
-2731
-2835
-2980
-2904
-2908
-2889
-2777
-2895
-2902
-2907
-2955
-2868
-2867
-2684
-2534
-2498
-2306
-2338
-2258
-2232
-2242
-1937
-1900
-1649
-1466
-1480
-1237
-1236
-1215
-944
-850
-701
-466
-381
-148
-72
63
234
345
665
711
975
1273
1381
1617
1747
1804
1996
2154
2227
2487
2641
2796
3000
3017
3090
3116
3202
3196
3287
3441
3385
3552
3416
3249
3270
2967
2889
2930
2820
2805
2661
2383
2066
1735
1484
1289
1274
1151
942
823
363
22
-265
-648
-716
-931
-1034
-1109
-1366
-1586
-1937
-2162
-2392
-2499
-2480
-2544
-2543
-2663
-2882
-3042
-3315
-3408
-3312
-3280
-3059
-3031
-2982
-2996
-3241
-3227
-3274
-3137
-2867
-2789
-2492
-2416
-2492
-2454
-2495
-2278
-2093
-1823
-1520
-1337
-1101
-1165
-1137
-932
-890
-505
-93
85
544
610
577
826
805
1055
1416
1666
2058
2258
2288
2325
2387
2487
2628
2871
3124
3225
3342
3186
3087
3068
2970
3075
3193
3152
3187
3102
2824
2663
2389
2288
2212
2236
2121
2044
1822
1390
1243
999
811
830
678
574
397
48
-154
-299
-531
-614
-677
-784
-815
-936
-1063
-1248
-1413
-1553
-1583
-1575
-1609
-1572
-1575
-1627
-1710
-1795
-1773
-1774
-1690
-1698
-1688
-1629
-1688
-1659
-1665
-1662
-1608
-1568
-1457
-1402
-1373
-1321
-1336
-1280
-1178
-1134
-1020
-918
-899
-818
-776
-727
-598
-437
-286
-143
-36
43
94
107
194
373
550
704
838
865
892
880
861
953
1057
1175
1275
1336
1287
1234
1164
1126
1178
1148
1201
1211
1165
1084
902
776
650
576
552
532
474
413
249
120
-3
-164
-191
-274
-293
-372
-526
-579
-731
-854
-890
-957
-946
-946
-977
-1023
-1088
-1171
-1209
-1184
-1150
-1105
-1082
-1080
-1074
-1072
-1075
-990
-936
-881
-799
-787
-683
-659
-583
-516
-475
-321
-252
-84
11
36
162
228
313
440
569
697
846
910
961
1035
1089
1183
1258
1398
1491
1560
1671
1649
1667
1685
1704
1821
1896
1936
1976
1964
1917
1837
1738
1702
1660
1687
1667
1645
1598
1434
1283
1130
959
919
820
789
736
552
400
158
-17
-190
-313
-429
-521
-625
-769
-918
-1108
-1280
-1438
-1538
-1628
-1673
-1756
-1830
-1885
-1993
-2068
-2175
-2200
-2231
-2264
-2246
-2287
-2236
-2207
-2237
-2181
-2200
-2179
-2092
-2059
-1945
-1871
-1785
-1657
-1577
-1480
-1425
-1359
-1249
-1145
-1003
-845
-712
-572
-443
-349
-252
-143
-15
135
286
431
543
682
773
866
983
1075
1202
1314
1424
1525
1582
1663
1710
1766
1840
1884
1946
1961
1982
1991
1970
1997
1979
1957
1958
1869
1835
1772
1707
1673
1565
1478
1407
1276
1190
1075
906
828
671
533
424
282
197
68
-40
-144
-287
-371
-519
-637
-698
-814
-872
-976
-1078
-1141
-1235
-1297
-1325
-1362
-1372
-1399
-1432
-1473
-1508
-1530
-1548
-1532
-1533
-1513
-1481
-1462
-1431
-1401
-1371
-1303
-1238
-1173
-1094
-1036
-967
-896
-803
-708
-618
-513
-425
-312
-222
-135
-24
77
187
279
384
501
582
704
797
903
1018
1068
1165
1250
1293
1374
1432
1483
1560
1573
1628
1663
1679
1713
1682
1657
1629
1582
1591
1554
1499
1456
1370
1312
1239
1141
1056
963
851
757
627
521
419
270
157
41
-56
-150
-273
-373
-490
-606
-718
-851
-920
-1032
-1127
-1194
-1281
-1331
-1401
-1460
-1502
-1568
-1619
-1657
-1698
-1697
-1713
-1719
-1692
-1675
-1645
-1615
-1596
-1526
-1505
-1482
-1424
-1392
-1297
-1215
-1138
-1038
-988
-893
-811
-718
-573
-464
-334
-212
-143
-57
39
113
257
395
529
671
758
842
932
992
1054
1160
1244
1353
1462
1515
1583
1607
1618
1663
1676
1717
1746
1748
1764
1724
1691
1669
1619
1604
1565
1503
1469
1403
1336
1252
1148
1063
979
900
809
725
638
525
430
332
249
157
68
-23
-136
-218
-325
-403
-463
-547
-602
-656
-735
-786
-853
-931
-988
-1049
-1078
-1081
-1109
-1115
-1139
-1163
-1167
-1199
-1176
-1178
-1173
-1148
-1157
-1116
-1102
-1089
-1035
-1003
-941
-873
-826
-758
-724
-680
-617
-558
-473
-417
-351
-283
-228
-141
-61
15
102
157
227
277
320
388
442
508
565
613
670
697
700
719
723
739
771
777
782
777
755
740
718
686
667
653
627
595
539
472
408
339
263
209
161
121
90
35
-26
-102
-179
-256
-313
-365
-414
-443
-498
-542
-583
-635
-660
-687
-713
-725
-739
-759
-769
-791
-794
-789
-779
-740
-728
-700
-676
-670
-630
-615
-579
-523
-484
-425
-388
-344
-285
-234
-159
-91
-24
48
97
150
206
249
313
391
470
548
609
662
717
769
809
855
899
939
974
1013
1050
1083
1107
1117
1137
1144
1150
1149
1139
1127
1102
1065
1033
998
970
927
894
857
795
739
663
582
515
427
339
278
196
124
57
-30
-103
-177
-265
-334
-411
-493
-565
-644
-713
-778
-847
-896
-950
-1005
-1047
-1102
-1145
-1177
-1216
-1236
-1250
-1276
-1291
-1303
-1308
-1303
-1285
-1266
-1254
-1238
-1213
-1200
-1171
-1135
-1101
-1035
-990
-938
-866
-800
-728
-660
-600
-536
-476
-412
-352
-287
-203
-135
-61
16
83
162
231
289
344
415
482
526
582
624
658
717
760
803
842
854
875
880
895
912
902
918
915
896
896
871
847
845
814
785
763
718
679
646
592
548
501
458
422
368
317
257
196
153
107
65
22
-28
-81
-123
-161
-203
-218
-247
-279
-307
-351
-372
-398
-417
-427
-440
-433
-443
-453
-443
-449
-441
-425
-416
-395
-383
-368
-343
-332
-311
-294
-267
-229
-198
-156
-121
-98
-64
-42
-16
16
40
77
111
144
168
188
210
226
249
267
277
297
318
338
355
354
356
351
346
357
357
354
352
330
322
309
287
276
254
234
205
176
157
124
93
72
36
16
-22
-64
-83
-120
-146
-168
-206
-225
-256
-295
-310
-350
-374
-393
-419
-417
-442
-446
-450
-467
-464
-481
-483
-481
-492
-482
-490
-477
-461
-458
-436
-432
-410
-388
-371
-336
-317
-290
-264
-250
-209
-182
-146
-105
-88
-44
-19
8
56
71
118
143
164
215
231
284
319
344
392
413
449
479
494
526
535
548
575
587
623
644
644
660
651
647
662
648
655
654
630
629
604
582
569
539
524
500
472
453
424
390
353
311
275
248
208
172
138
87
55
23
-22
-47
-92
-135
-166
-210
-241
-269
-298
-322
-345
-366
-399
-423
-455
-487
-504
-537
-545
-553
-570
-559
-573
-575
-571
-593
-577
-582
-578
-554
-566
-547
-549
-553
-521
-519
-487
-459
-447
-408
-397
-381
-352
-343
-312
-289
-262
-221
-192
-153
-131
-102
-68
-46
-11
15
38
69
90
117
143
172
211
230
261
278
287
305
302
311
315
310
326
329
355
368
375
386
360
359
352
342
362
349
348
347
329
336
319
317
319
304
306
297
280
270
245
232
219
207
203
194
205
196
186
180
150
138
108
82
76
51
50
40
26
29
-2
-21
-37
-68
-73
-94
-104
-108
-132
-138
-159
-174
-180
-196
-194
-208
-224
-234
-258
-268
-288
-296
-295
-305
-291
-296
-292
-276
-292
-278
-278
-285
-263
-284
-274
-265
-266
-228
-221
-194
-174
-173
-153
-161
-155
-134
-127
-98
-78
-57
-34
-26
-8
-2
15
36
47
69
69
79
85
82
100
107
118
142
155
170
175
167
173
172
174
187
188
206
211
207
210
208
210
201
195
187
178
173
164
167
167
162
163
153
139
123
103
91
76
59
51
34
21
11
-12
-20
-36
-49
-51
-73
-86
-98
-119
-125
-146
-159
-155
-164
-159
-157
-173
-171
-189
-215
-211
-221
-208
-194
-195
-172
-173
-166
-154
-166
-154
-150
-148
-126
-134
-130
-120
-128
-112
-103
-96
-78
-82
-73
-68
-68
-50
-48
-37
-25
-23
3
15
24
38
38
48
54
53
69
65
82
101
102
135
144
158
172
165
183
178
181
189
180
189
187
196
214
215
225
216
208
203
175
185
174
159
176
149
156
164
125
139
110
77
86
33
29
19
-17
8
-22
-29
-18
-47
-27
-39
-67
-62
-99
-116
-123
-143
-128
-129
-124
-117
-130
-125
-130
-140
-142
-156
-152
-155
-151
-138
-147
-133
-133
-140
-130
-141
-140
-144
-160
-156
-167
-161
-149
-145
-122
-118
-102
-85
-97
-87
-101
-112
-99
-107
-83
-68
-65
-39
-40
-22
-5
-2
19
19
22
31
29
50
57
74
103
116
138
139
137
141
124
124
121
121
138
138
156
158
162
179
169
175
162
149
149
119
117
106
98
118
101
113
111
96
101
77
67
60
43
44
42
49
46
52
55
42
49
23
14
13
-18
-10
-19
-28
-2
-27
-8
3
-18
14
-17
-23
-19
-65
-49
-68
-80
-52
-72
-51
-46
-71
-55
-83
-92
-83
-103
-90
-90
-93
-72
-77
-65
-47
-49
-37
-42
-53
-57
-63
-64
-61
-55
-46
-36
-21
-8
4
14
12
14
8
1
-3
-2
5
19
28
42
52
48
49
38
21
23
8
9
18
13
32
35
38
47
30
30
21
10
15
2
4
6
-2
9
1
7
19
9
26
12
9
13
-15
-13
-25
-26
3
5
25
30
11
9
-14
-27
-32
-45
-39
-44
-42
-26
-25
-9
-2
-3
2
-14
-18
-27
-40
-32
-40
-34
-15
-25
-1
5
-3
13
-9
-3
-1
-21
-3
-12
3
37
34
64
65
55
69
37
30
26
11
30
21
30
55
54
79
72
66
80
56
64
49
19
35
14
19
37
17
43
44
33
48
21
17
19
-13
-9
-12
-15
9
15
18
28
17
8
2
-23
-30
-41
-52
-41
-56
-45
-29
-33
-9
-17
-33
-25
-51
-54
-61
-90
-68
-76
-73
-48
-66
-39
-44
-69
-54
-92
-91
-86
-117
-81
-85
-78
-44
-65
-37
-36
-52
-30
-62
-58
-49
-57
-33
-38
-22
1
3
28
22
30
38
18
30
9
18
36
25
60
54
62
91
66
85
78
50
74
40
37
57
38
69
74
67
95
69
73
71
37
53
36
26
45
15
24
37
32
58
50
40
39
10
3
-8
-20
-5
-17
-2
7
-6
20
4
-3
5
-35
-23
-38
-57
-37
-55
-37
-24
-32
-7
-21
-31
-28
-51
-41
-45
-54
-40
-48
-40
-29
-29
-13
-15
-14
-18
-27
-35
-44
-36
-38
-26
-10
-10
11
17
18
32
25
21
28
14
8
15
13
35
45
40
62
51
47
48
17
23
16
1
26
7
19
42
21
44
26
14
35
-2
6
-3
-23
10
-21
-8
7
-28
11
-15
-28
0
-47
-23
-24
-56
-13
-39
-27
-12
-48
-17
-36
-47
-31
-70
-52
-56
-83
-54
-78
-65
-34
-52
-26
-36
-49
-37
-70
-73
-70
-78
-55
-66
-56
-39
-50
-35
-41
-46
-27
-42
-32
-25
-38
-12
-9
3
23
0
23
26
14
37
10
32
44
20
59
40
57
102
61
98
94
64
113
62
68
92
44
98
72
61
117
67
103
102
51
107
60
62
95
35
89
84
56
100
41
50
64
12
47
18
7
40
-6
6
2
-20
17
-13
-7
1
-32
-9
-46
-64
-44
-80
-59
-64
-89
-53
-79
-72
-66
-111
-78
-100
-107
-75
-118
-79
-72
-105
-58
-103
-92
-58
-114
-68
-91
-109
-53
-109
-77
-57
-97
-9
-44
-44
18
-54
0
-8
-58
21
-25
0
50
-5
55
35
12
69
18
51
75
39
94
62
63
100
60
92
84
64
97
66
78
86
67
96
75
68
75
61
84
76
75
89
69
73
56
35
42
28
38
42
27
41
23
17
18
-15
5
-12
-27
-7
-45
-27
-20
-51
-14
-54
-54
-18
-77
-41
-51
-89
-27
-82
-74
-43
-110
-37
-60
-89
-18
-92
-52
-38
-117
-30
-74
-80
-5
-89
-20
-17
-67
24
-54
-29
18
-55
29
-6
-19
63
-10
42
48
0
69
20
36
74
26
80
64
48
86
50
88
91
59
94
69
75
76
43
72
56
56
80
52
77
65
51
75
34
43
48
18
41
13
19
46
7
36
21
-9
24
-29
-31
-16
-69
-21
-40
-65
-20
-68
-34
-26
-81
-33
-74
-86
-52
-120
-74
-71
-112
-47
-95
-93
-55
-113
-70
-90
-117
-54
-99
-82
-63
-104
-41
-62
-74
-23
-67
-34
-27
-62
-11
-39
-32
5
-31
7
14
9
47
19
26
41
22
38
24
30
51
47
64
56
53
68
56
69
64
55
72
57
56
64
64
86
83
79
88
71
73
64
42
58
44
43
64
45
54
62
47
59
42
33
41
21
25
16
9
27
10
19
19
-3
14
-6
-16
-10
-37
-22
-28
-40
-30
-44
-32
-38
-46
-27
-39
-32
-33
-48
-37
-52
-54
-43
-58
-49
-40
-35
-22
-37
-39
-35
-43
-37
-34
-22
-7
-3
6
6
-3
1
-3
-6
-1
-1
13
17
14
20
18
23
21
20
24
23
26
18
15
15
8
13
16
14
21
18
23
24
13
16
6
0
-3
-18
1
-6
-10
5
-17
-6
-3
-27
-10
-27
-29
-11
-32
-17
-14
-30
-15
-34
-44
-32
-52
-44
-40
-48
-25
-39
-43
-31
-56
-43
-38
-42
-28
-40
-40
-31
-46
-42
-43
-41
-21
-29
-16
-15
-28
-15
-29
-26
-15
-23
2
-3
-8
20
8
16
24
10
29
18
11
32
22
45
52
45
70
50
60
82
54
71
57
45
75
44
58
75
50
80
66
57
78
43
57
58
27
53
36
34
50
18
39
40
10
26
5
6
12
-22
-2
-3
-22
-7
-23
-19
-18
-42
-30
-43
-58
-54
-66
-58
-64
-73
-56
-59
-64
-56
-60
-58
-67
-78
-76
-81
-78
-67
-59
-64
-65
-51
-45
-52
-53
-50
-38
-34
-41
-31
-24
-25
-24
-18
-11
-7
-8
6
10
0
10
12
22
30
23
47
50
40
62
49
53
55
31
51
40
34
64
53
57
61
58
83
64
50
69
56
55
49
41
59
40
26
39
29
29
26
24
33
14
11
22
8
3
0
8
18
-1
-6
3
-14
-22
-26
-23
-16
-39
-31
-20
-39
-33
-39
-37
-34
-62
-51
-42
-60
-54
-56
-46
-41
-62
-50
-40
-53
-48
-47
-43
-44
-52
-39
-32
-38
-34
-17
-10
-15
-12
10
10
-3
1
11
13
11
18
35
36
27
45
55
40
34
41
56
50
37
53
69
64
52
53
67
62
52
61
63
50
46
56
52
37
31
44
52
38
34
42
37
21
13
21
12
-2
5
10
5
-6
-10
0
-15
-37
-23
-15
-28
-32
-35
-20
-22
-53
-38
-32
-43
-40
-43
-30
-41
-60
-43
-48
-55
-54
-49
-29
-44
-50
-28
-34
-42
-47
-47
-36
-49
-45
-28
-25
-23
-16
-1
-12
-19
-5
1
8
-5
-5
15
1
2
8
8
18
2
22
45
25
29
29
29
35
18
34
54
37
50
66
58
58
38
47
55
35
42
45
47
54
49
58
55
37
48
50
41
37
27
36
33
19
24
27
22
20
14
20
12
-5
7
1
-15
-11
-21
-13
-15
-33
-11
-15
-36
-34
-37
-29
-35
-48
-39
-44
-47
-39
-40
-35
-40
-38
-26
-38
-39
-38
-31
-24
-41
-34
-22
-24
-22
-29
-19
-10
-26
-15
-13
-22
-16
-16
-3
0
-9
7
11
2
3
-3
8
5
-8
0
1
8
15
7
17
12
16
33
21
19
20
19
24
13
6
17
25
29
28
23
26
19
10
8
-3
2
5
7
17
9
14
24
17
8
5
8
11
3
-1
-1
-8
-11
-22
-23
-15
-19
-13
-10
-12
-11
-17
-15
-15
-23
-24
-17
-12
-14
-20
-14
-16
-23
-28
-34
-19
-12
-19
-9
-12
-6
3
-6
-3
-12
-16
0
-1
2
6
9
17
1
-1
5
5
7
3
13
18
8
13
17
16
6
6
27
19
2
7
14
12
1
-7
14
24
4
12
21
9
8
6
4
3
-5
2
17
8
-3
12
17
1
-12
-14
2
-4
-20
-6
-8
-16
-12
-9
1
-14
-21
6
-5
-22
-26
-23
-13
-37
-36
-13
-14
-14
-21
-6
-3
-32
-29
-24
-35
-35
-38
-15
-12
-30
-15
1
-9
-26
-29
-17
-16
-33
-23
-5
-14
-13
0
10
6
-4
4
12
-7
-16
-3
7
-2
-15
6
18
4
5
17
21
13
-2
10
10
-10
-5
9
17
8
11
31
22
5
1
6
4
-22
-20
8
10
1
3
16
15
4
20
27
11
1
0
18
5
-20
-2
15
4
-6
3
20
4
-10
-5
0
-5
-21
2
18
-1
0
4
10
-8
-24
-9
-5
-13
-21
-2
9
-5
0
8
7
8
4
17
13
-15
-5
-1
-6
-9
-8
27
24
8
21
25
17
-1
-2
14
7
9
17
25
27
14
34
36
19
14
13
23
6
-9
4
16
16
17
24
30
17
10
16
10
-3
-4
2
8
-3
-1
13
13
11
8
14
2
-23
-20
-15
-14
-12
-7
10
10
-5
-7
-3
-14
-27
-32
-26
