-70
-99
-49
-198
-216
6
-157
-117
-270
-203
-70
-111
-74
-22
-86
-104
-8
-57
23
-103
-11
-135
98
105
-167
170
-135
89
-18
-32
50
-18
302
-114
130
64
156
246
-3
170
136
230
243
107
261
207
93
-35
156
206
166
66
63
172
111
91
-143
87
108
-141
143
136
219
64
-142
179
-7
62
-142
-43
44
-87
40
-212
5
-28
-277
-157
-225
8
-83
-177
-50
-142
-95
-212
-176
-175
1
-208
-105
-112
-105
19
-149
-43
-223
-55
-205
-110
-12
-227
-53
-244
23
-109
-176
-11
-84
134
-40
32
-44
82
24
124
9
34
232
6
206
252
46
125
113
28
199
135
85
183
149
141
117
2
231
170
15
163
-2
94
184
63
15
82
-42
-61
127
91
73
-91
-145
40
17
14
26
-125
-88
-133
-100
-120
-132
-94
-128
-133
-164
-180
-173
-119
-136
-118
-105
-133
-92
-100
-69
-178
-77
-149
-139
-27
-164
-53
-174
-53
40
-94
43
-199
46
38
67
114
-32
115
-18
148
22
123
94
88
104
52
118
50
106
108
51
109
-46
42
149
154
104
-21
-27
13
188
56
220
-23
14
117
-93
145
47
62
-14
-65
28
72
-66
-30
24
-35
-76
-65
-75
0
67
0
-94
-140
-22
-51
-6
32
-110
-182
-191
-65
38
-26
-162
-220
-74
-156
6
-16
-78
-80
-121
-78
-20
103
-45
-41
-35
-104
-25
21
36
11
-52
-68
-166
5
-14
-52
42
-76
-15
9
-44
157
105
-30
140
62
162
115
23
216
58
208
142
109
128
25
137
94
-22
89
182
-57
91
17
-45
211
51
144
74
-54
73
31
197
33
35
23
-195
-56
-105
-53
-83
-65
-135
-155
-30
-38
34
-54
15
-55
-59
30
93
208
74
39
42
-89
41
36
-14
80
-206
-204
-71
-78
-30
-116
-89
-147
-132
-55
-42
13
-60
-105
-157
-78
-47
161
31
-9
66
-77
119
84
171
227
125
75
265
223
274
276
191
188
156
158
149
174
242
114
36
41
140
230
186
232
87
150
145
119
234
95
-99
-42
-125
23
3
-170
-160
-206
-128
-7
-16
-84
-121
-39
-104
-45
29
-127
-155
-159
-197
-253
-76
-213
-237
-408
-632
-701
-593
-400
-606
-903
-1269
-1509
-1089
-369
52
28
-483
-886
-795
-108
302
399
-11
-741
-663
-372
242
510
173
-147
-360
-176
341
546
511
502
240
273
307
563
902
839
564
400
468
756
1160
1265
1315
1108
999
1124
1285
1436
1335
1137
1008
972
1270
1502
1436
1303
1015
780
771
774
711
766
671
437
366
315
235
258
14
-91
-265
-511
-599
-727
-736
-741
-790
-883
-1054
-1224
-1253
-1521
-1552
-1569
-1622
-1681
-1774
-1782
-1788
-1725
-1676
-1637
-1593
-1557
-1525
-1445
-1758
-1615
-1633
-1529
-1409
-1332
-1049
-1161
-856
-617
-546
-279
-363
-377
-101
-28
135
209
207
592
877
1134
1438
1569
1673
1800
1926
2102
2369
2484
2457
2515
2615
2877
3051
3271
3328
3197
3161
3221
3243
3387
3354
3091
2983
2746
2840
2911
2970
2944
2842
2762
2521
2263
2028
1582
1020
477
-113
-518
-909
-1200
-1731
-2194
-2303
-2769
-2953
-3270
-3744
-4127
-4706
-5160
-5465
-5678
-5638
-5671
-5870
-5679
-5675
-5396
-5217
-5208
-4895
-4935
-4708
-4394
-4092
-3693
-3452
-3057
-2606
-2224
-1750
-1409
-1140
-915
-724
-580
-433
-271
9
119
243
592
667
836
969
998
1054
1051
1016
1145
1186
1274
1387
1427
1588
1759
1930
2225
2444
2658
2691
2784
2856
2992
3231
3423
3723
3822
4032
4027
4266
4621
4623
4872
4934
4819
4987
4979
4876
4967
4843
4845
4888
4829
4898
4715
4378
4125
3595
2873
2063
1150
375
-272
-823
-1095
-1612
-1951
-2297
-2765
-2996
-3443
-4137
-5038
-5925
-6915
-7555
-8023
-8302
-8406
-8401
-8165
-8003
-7551
-7001
-6580
-5828
-5358
-5107
-4941
-4678
-4262
-3715
-3206
-2612
-2006
-1423
-605
84
811
1313
1744
2021
2110
2156
2180
2392
2316
2427
2356
2352
2392
2300
2581
2386
2304
1891
1459
1184
694
610
503
468
459
665
930
1281
1745
1940
2221
2310
2297
2339
2344
2374
2519
2739
2800
3100
3552
3795
4080
4374
4333
4365
4329
4218
3949
3647
3511
3369
3332
3442
3686
3874
3778
3869
3584
3052
2350
1232
265
-781
-1548
-2321
-2813
-3288
-3667
-3634
-3626
-3550
-3697
-4021
-4581
-5295
-6238
-6944
-7518
-8123
-8581
-8717
-8703
-8388
-7638
-6737
-5809
-5017
-4319
-3853
-3360
-2996
-2670
-2409
-2175
-2017
-1641
-971
-349
697
1542
2196
2854
3327
3732
3800
3756
3532
3193
2826
2501
2286
2221
2062
2028
1998
1826
1731
1659
1388
1165
932
625
381
113
107
43
223
371
682
1199
1480
1902
2205
2626
2774
2958
3035
3171
3403
3416
3691
3957
4163
4408
4639
4788
5127
5206
5239
5202
4894
4744
4674
4544
4412
4264
3907
3535
2870
2254
1568
668
-113
-963
-1898
-2612
-3198
-3702
-3758
-4179
-4464
-4857
-5452
-5958
-6630
-7083
-7838
-8436
-8987
-9236
-9390
-9138
-8651
-8095
-7198
-6504
-5480
-4665
-3851
-3165
-2699
-2257
-1905
-1664
-1406
-1019
-468
121
819
1356
1986
2738
3275
3784
4018
4155
3995
3584
3223
2645
2166
1721
1258
967
823
580
510
522
510
377
380
145
-21
-196
-356
-158
-414
-80
178
502
1138
1650
2330
2851
3322
3627
4108
4226
4651
4858
4961
5218
5074
5248
5346
5585
5796
6039
5957
5964
6036
6013
6188
5791
5508
4482
3501
2609
1442
699
-591
-1628
-2685
-3571
-4131
-4486
-4629
-4699
-4972
-5465
-6149
-6816
-7441
-8229
-8854
-9585
-10256
-10773
-10770
-10384
-9594
-8697
-7721
-6600
-5612
-4371
-3368
-2404
-1726
-1359
-1174
-1060
-742
-389
152
702
1277
1985
2724
3531
4334
4821
5169
5289
5139
4804
4186
3641
2960
2329
1756
1246
760
483
402
397
483
527
484
315
212
11
-3
-22
-150
-74
-80
181
583
1125
1894
2532
3155
3824
4305
4815
5275
5711
5746
5847
5662
5455
5440
5332
5513
5505
5465
5508
5553
5619
5709
5629
5135
4346
3292
2146
839
-347
-1771
-3240
-4371
-5521
-6209
-6556
-6805
-7026
-7122
-7457
-7754
-8086
-8659
-9172
-10020
-10795
-11483
-11864
-11894
-11540
-11034
-10171
-9001
-7764
-6100
-4687
-3268
-2166
-1229
-549
-125
254
453
662
921
1228
1806
2479
3236
4148
4926
5709
6198
6587
6739
6633
6185
5675
4953
4000
3315
2509
1890
1250
954
667
500
752
655
943
946
947
1044
1005
1026
992
945
980
1112
1136
1565
1841
2529
3085
3516
4390
4777
5417
5696
5748
5985
5841
5744
5766
5393
5425
5177
5066
5232
4888
5044
4712
4376
3799
2966
2077
987
-199
-1523
-2765
-4083
-5085
-6191
-6862
-7526
-8001
-8296
-8566
-8781
-9171
-9407
-9792
-10185
-10604
-10980
-11196
-11296
-11269
-10940
-10431
-9580
-8498
-7192
-5847
-4470
-3119
-1975
-659
199
1032
1526
1896
2359
2449
3009
3134
3381
3964
4290
5002
5506
6137
6497
6712
6952
6779
6439
6006
5277
4336
3522
2567
1771
1018
416
114
-118
18
205
488
899
1152
1570
1813
1912
2007
1992
2027
1901
1930
1975
2141
2373
2714
3195
3767
4302
4691
5394
5522
5902
6194
5958
6015
5487
5385
4888
4459
4077
3445
3199
2386
1875
1264
491
-33
-1032
-1826
-2707
-3785
-4527
-5528
-6439
-7149
-7987
-8617
-9250
-9794
-10031
-10341
-10449
-10546
-10687
-10423
-10343
-9974
-9472
-9007
-8102
-7459
-6522
-5448
-4655
-3369
-2427
-1318
-257
521
1532
2127
2845
3412
3862
4346
4615
4977
5335
5606
5993
6255
6320
6410
6295
6124
5868
5318
5047
4275
3613
2958
2060
1762
1068
645
440
12
-5
16
82
291
385
674
894
1038
1369
1474
1759
1963
2140
2527
2681
3062
3421
3783
4221
4478
4783
5069
5298
5485
5453
5436
5343
5116
4922
4522
4138
3597
2862
2210
1368
564
-253
-1098
-2051
-2963
-3869
-4668
-5353
-6250
-6920
-7709
-8375
-8968
-9681
-10037
-10551
-10896
-11098
-11266
-11168
-10977
-10726
-10146
-9681
-8872
-7885
-7071
-5888
-4924
-3794
-2668
-1659
-548
357
1180
1983
2642
3282
3846
4326
4849
5115
5603
5950
6114
6496
6472
6620
6565
6355
6200
5689
5346
4655
3947
3326
2570
2012
1461
805
482
129
-141
-101
-149
55
202
354
673
753
1069
1490
1576
1931
2085
2391
2704
2938
3305
3573
4005
4304
4581
4936
5193
5427
5775
5734
5804
5738
5446
5244
4613
4099
3294
2444
1482
359
-653
-1711
-2650
-3546
-4403
-5130
-5764
-6569
-6996
-7692
-8339
-8798
-9374
-9864
-10365
-10853
-11254
-11336
-11433
-11245
-10934
-10327
-9593
-8706
-7535
-6420
-5155
-3978
-2667
-1490
-493
507
1289
2071
2662
3141
3676
4137
4428
4950
5305
5729
6151
6366
6758
6816
6893
6866
6552
6171
5624
4924
4185
3308
2531
1680
902
396
-246
-430
-574
-656
-524
-419
-255
13
292
560
861
908
1249
1212
1466
1653
1702
2268
2317
2862
3291
3673
4315
4645
5208
5643
5781
6102
6102
5995
5865
5413
4945
4195
3486
2687
1774
921
96
-913
-1793
-2566
-3437
-4081
-4887
-5569
-6214
-6992
-7754
-8532
-9154
-9843
-10422
-10912
-11365
-11632
-11725
-11678
-11446
-11009
-10387
-9587
-8654
-7571
-6385
-5095
-3870
-2592
-1481
-365
649
1587
2434
3071
3727
4129
4533
4890
5153
5527
5825
6155
6453
6742
6961
7193
7220
7080
6831
6415
5781
5095
4308
3358
2538
1581
894
256
-132
-389
-379
-250
17
441
689
1192
1450
1847
2009
2102
2198
2139
2224
2136
2209
2331
2602
2850
3385
3767
4354
4871
5252
5713
5728
6046
5863
5649
5252
4476
3852
2906
1924
910
-108
-1036
-1985
-2835
-3522
-4383
-4954
-5506
-6159
-6673
-7415
-7986
-8659
-9359
-9920
-10608
-11124
-11513
-11862
-11966
-11840
-11618
-11043
-10387
-9534
-8510
-7441
-6192
-5017
-3765
-2500
-1341
-304
660
1674
2443
3156
3852
4343
4915
5265
5674
5983
6297
6638
6773
7033
7086
7204
7228
7095
6805
6446
5934
5295
4638
3827
3110
2323
1553
889
488
23
-145
-120
-34
327
626
1082
1414
1915
2289
2468
2712
2771
2903
2902
2860
3011
3109
3254
3560
3749
4248
4621
5023
5441
5583
5796
5688
5424
5008
4394
3543
2607
1537
503
-675
-1731
-2713
-3725
-4452
-5281
-5808
-6492
-7052
-7624
-8216
-8737
-9285
-9934
-10480
-10962
-11568
-11862
-12067
-12076
-11909
-11485
-10999
-10107
-9138
-8041
-6800
-5537
-4125
-2963
-1681
-647
444
1422
2218
3007
3651
4337
4795
5379
5870
6316
6726
7111
7387
7570
7664
7713
7611
7473
7160
6738
6274
5766
5207
4460
3982
3197
2619
2079
1463
1080
613
484
230
208
353
420
765
1001
1309
1675
1995
2299
2580
2743
2864
3008
3007
3143
3136
3205
3454
3470
3737
3921
3984
4179
4143
4143
3878
3388
2974
2187
1394
391
-712
-1715
-2896
-3907
-4961
-5883
-6678
-7460
-8058
-8662
-9243
-9648
-9971
-10474
-10706
-11062
-11251
-11365
-11538
-11363
-11259
-10900
-10286
-9685
-8818
-7751
-6694
-5372
-4167
-2978
-1594
-383
723
1819
2754
3703
4425
5009
5641
6032
6617
6929
7302
7610
7708
7944
7914
7874
7711
7517
7164
6702
6131
5484
4864
4205
3562
2926
2279
1831
1509
1118
675
575
541
371
364
249
479
717
749
1106
1362
1739
1994
2490
2841
3075
3498
3630
4051
4242
4311
4532
4479
4549
4570
4460
4303
3994
3614
3174
2556
1909
1180
237
-615
-1732
-2784
-3623
-4589
-5566
-6410
-7344
-7963
-8734
-9397
-9907
-10581
-10782
-11333
-11513
-11685
-11857
-11658
-11518
-11161
-10734
-10077
-9224
-8272
-7398
-6237
-5108
-3890
-2760
-1596
-553
791
1904
2591
3740
4528
5210
5837
6458
7042
7095
7682
7775
7819
8055
7752
7984
7714
7333
6916
6662
6319
5415
4818
4253
3420
2950
2066
1672
1164
451
446
145
332
150
-356
324
659
474
927
1050
1231
1695
1558
1810
2315
2545
2646
3231
3375
3459
4214
4267
4512
4474
4642
4819
4462
4012
3609
3390
2745
1911
1118
433
-692
-1607
-2356
-3344
-4130
-5036
-5834
-6464
-7295
-7911
-8497
-9002
-9613
-10173
-10453
-10923
-10979
-11249
-11270
-11010
-10891
-10400
-9808
-9058
-8097
-7367
-6369
-4935
-3896
-2822
-1826
-531
425
1360
2254
3075
3949
4472
5400
5943
6365
6817
7218
7680
7938
7877
8157
8020
7642
7681
7181
6966
6336
5677
5307
4498
4030
3323
2674
2326
1623
1354
936
634
468
368
289
386
393
419
695
763
1167
1278
1533
1816
1826
2305
2501
2773
3365
3159
3636
3956
4109
4336
4235
4368
4089
4021
3644
3030
2529
1675
1057
239
-797
-1712
-2427
-3358
-4290
-4884
-5841
-6732
-7187
-7964
-8800
-9218
-9863
-10473
-10756
-11188
-11448
-11484
-11511
-11404
-11128
-10497
-9965
-9222
-8407
-7342
-6181
-5270
-4050
-3045
-1787
-612
369
1278
2373
3257
3829
4863
5415
6123
6778
7206
7757
7855
8407
8349
8423
8712
8109
8202
7718
7202
6866
5938
5583
4857
4148
3500
2764
2230
1719
1291
875
625
345
455
211
237
332
477
572
705
965
901
1294
1199
1613
1946
2099
2467
2808
3268
3503
3881
4151
4467
4548
4620
4695
4354
3985
3597
2909
2285
1714
721
0
-921
-1791
-2563
-3524
-4075
-4986
-5916
-6602
-7287
-8068
-8725
-9466
-10207
-10535
-11164
-11431
-11733
-11728
-11667
-11587
-10922
-10576
-9740
-9027
-8062
-7011
-6092
-4942
-3962
-2666
-1747
-680
451
1344
2326
3250
4105
4739
5548
6161
6751
7247
7758
7858
8333
8515
8292
8479
8250
7946
7480
7028
6595
5882
5336
4459
3833
3226
2397
1955
1322
1017
527
246
225
-57
-183
-54
-167
158
131
220
722
360
1159
1134
1133
1776
1878
2298
2486
2777
3176
3531
3780
4073
4094
4220
4260
3987
3903
3302
2908
2307
1370
745
-317
-1086
-2034
-2954
-3715
-4730
-5418
-6275
-6972
-7744
-8391
-9024
-9713
-10023
-10763
-11002
-11345
-11644
-11367
-11550
-11153
-10814
-10240
-9407
-8773
-7683
-6871
-5698
-4512
-3315
-2254
-1102
74
896
2109
2896
3828
4624
5386
6010
6727
7273
7573
8196
8295
8724
8695
8812
8852
8279
8454
7711
7187
6833
5885
5382
4451
3818
3145
2450
1800
1304
1007
382
474
-102
90
112
-271
151
54
245
278
656
652
1048
1357
1383
1985
1992
2554
2746
3190
3523
3721
4280
4305
4397
4418
4266
4114
3829
3263
2766
2030
1285
595
-606
-1416
-2161
-3502
-3981
-5130
-6176
-6773
-7905
-8413
-9280
-9920
-10685
-11044
-11416
-12002
-11893
-12267
-11948
-11995
-11435
-11138
-10661
-9455
-9049
-7769
-6984
-6027
-4536
-3593
-2434
-1230
-143
1046
2290
3042
4256
5107
5527
6915
6988
7682
8295
8370
8960
8924
9087
9056
8910
8736
8578
7938
7446
7034
6268
5755
4853
4180
3745
2746
2329
1696
1235
992
411
459
287
79
152
208
278
382
528
734
1002
1105
1621
1646
1971
2539
2613
3078
3332
3635
3829
4034
4037
4066
3949
3688
3682
3071
2837
2122
1455
907
-232
-737
-1504
-2619
-3246
-4257
-5184
-5992
-7195
-7710
-8627
-9566
-9847
-10466
-11265
-11262
-11883
-11863
-11394
-11969
-11160
-10657
-10748
-9398
-8834
-8342
-6701
-6352
-4953
-3638
-3006
-1524
-479
329
1697
2703
3502
4697
5401
6310
6966
7633
8023
8437
8942
9128
9265
9364
9013
9057
8885
8179
7892
7358
6497
6033
5320
4419
3832
3071
2476
1700
1326
714
201
188
-275
-498
-476
-346
-447
-249
30
-110
154
321
528
917
1052
1558
1757
2106
2575
2922
3192
3481
3828
3572
4009
3580
3389
3394
2748
2257
1567
1024
265
-482
-1463
-2123
-3184
-3955
-4667
-5767
-6318
-7256
-8081
-8507
-9451
-10177
-10642
-11254
-11528
-11788
-11886
-11807
-11669
-11262
-10820
-10193
-9260
-8695
-7417
-6598
-5486
-3786
-3604
-1449
-232
-412
2371
2449
2627
5963
4362
5720
8125
6123
8307
9589
7599
10129
9809
8757
11003
9021
9177
10211
8027
8489
8331
6283
6790
5764
3606
4207
2963
1455
1627
496
231
-263
-316
-850
-1070
-301
-1177
-673
576
-847
169
1232
-265
1437
1003
72
2276
1032
813
3127
846
2624
3235
1609
4386
2580
2893
4422
1943
3542
2892
844
2292
-44
-734
-204
-3284
-3237
-3582
-5879
-5667
-6962
-8283
-8132
-8804
-9686
-9516
-10328
-10516
-10709
-10787
-10755
-10890
-10663
-10031
-9798
-9315
-8252
-8574
-6157
-6428
-5932
-3511
-3655
-1949
-50
-151
1940
2728
3646
5341
4967
6600
6841
6913
8829
7978
8732
9980
7952
9636
9468
7558
9425
7634
7156
8327
6308
6742
5850
4145
4820
2767
2109
2380
176
351
326
-946
-82
-651
-1921
-1385
-1455
-1597
-1139
-1515
-867
-66
-267
1185
96
426
1835
281
2416
2216
1316
3615
3040
3407
4259
3012
3958
3371
2309
3133
1851
1319
1928
221
-22
-590
-2056
-2732
-3512
-4534
-4863
-5751
-6286
-6854
-8204
-7573
-9106
-9645
-10079
-10845
-10630
-9835
-11254
-10276
-9160
-9705
-8445
-8463
-7250
-6958
-5953
-4891
-4026
-2480
-1040
-1294
1167
1764
1077
4261
4350
4790
6684
6616
7351
8419
8811
8549
8880
9110
8694
9583
9157
8056
8572
7641
7225
6591
5403
4428
3914
3492
2389
2102
2048
-73
227
-128
-1474
-329
-2033
-2779
-941
-2806
-1230
-875
-2315
-550
-1720
113
456
-447
1333
1199
2037
3149
2669
3160
3498
3180
4141
4017
3683
3604
3704
3668
3689
3004
2420
1412
1291
321
-1050
-717
-2463
-2680
-3130
-4270
-5317
-6469
-7820
-8647
-8420
-10259
-10458
-10203
-11440
-10695
-10781
-11349
-10256
-10984
-9926
-8454
-9127
-6744
-6838
-6138
-4334
-4401
-3227
-2199
-1874
-233
1008
1915
3505
3724
6210
5984
6900
8421
7812
9124
9695
9259
9635
9990
9316
9301
8490
8084
7310
6523
6421
5240
4705
4721
3807
2599
3017
1471
705
1165
-361
-346
-635
-1644
-1245
-1888
-1732
-1714
-2490
-1626
-1737
-1595
-571
-319
14
741
619
1445
1948
1881
2841
2574
2879
3637
3239
3371
3160
3059
3357
2705
2545
2020
1805
1376
832
283
-25
-1421
-2309
-2262
-4009
-4585
-5147
-6369
-6501
-7230
-8244
-8325
-9446
-9401
-9619
-10180
-9651
-9774
-9428
-8750
-8458
-7877
-7385
-7151
-6095
-5627
-4570
-3219
-2876
-1324
-230
657
1524
2344
3073
3891
5020
5772
6223
6920
7654
7602
8311
8471
7927
8496
8251
7867
7901
7412
6461
6384
5504
4451
3824
3025
1900
1698
1092
-154
18
-724
-1037
-1194
-1535
-1954
-1564
-1574
-1594
-1231
-1416
-795
-799
-674
-351
-355
-450
214
509
798
1947
1884
2369
3073
3299
3787
3936
3900
4120
4442
4172
3811
3772
3021
2123
1616
781
-102
-1114
-2450
-2654
-3372
-4521
-5024
-6046
-7147
-7143
-8386
-9092
-8934
-10211
-9644
-9532
-10317
-9501
-10012
-9975
-9210
-9487
-8368
-7747
-7170
-5959
-5050
-3807
-2552
-1808
-227
714
1612
2877
3697
4749
5734
6394
6988
7849
8108
8636
8756
9026
9009
8808
9079
8983
8445
8527
7581
7061
6641
5279
4515
3744
2576
2156
1490
324
260
-883
-1198
-1588
-2568
-2406
-2599
-2870
-2213
-2517
-1799
-1507
-2131
-1185
-1654
-1443
-883
-1266
-115
270
337
1409
1400
1961
2637
2475
2972
3245
3410
3821
3590
4124
3427
3113
2861
2118
1496
746
22
-862
-1720
-2479
-3506
-4243
-4640
-6122
-6022
-6609
-7346
-7715
-7651
-8036
-8418
-7852
-8150
-8416
-7792
-7713
-8137
-6735
-7320
-6793
-5749
-5500
-4231
-3796
-2585
-1565
-961
617
1155
2090
3853
4190
5375
6091
6594
7437
7266
8098
7688
7662
7789
7206
6997
6906
6018
5710
5664
4467
4448
4156
3453
2798
3188
1714
1714
848
-153
-218
-1277
-1722
-2006
-2303
-2362
-2487
-2636
-2524
-2562
-1855
-2271
-1321
-779
-360
571
1348
1169
1904
1900
1962
2522
2205
3026
2905
3247
3344
3043
3249
3103
2761
3148
2807
2994
2300
2093
1682
777
-37
-676
-1839
-3455
-3811
-5070
-5866
-6112
-7046
-7607
-7628
-8188
-8301
-8086
-8265
-7856
-8311
-7512
-7235
-7399
-6457
-6395
-5398
-4941
-4486
-3688
-3423
-2576
-1400
-921
355
1303
1969
3152
4065
4898
5585
6598
6488
7646
7463
8127
7667
7992
8051
7215
7175
6590
5850
5027
5194
3638
3819
2772
1786
1981
878
548
518
-394
-475
-872
-1534
-1354
-2114
-2309
-2133
-2676
-2210
-2389
-2467
-2096
-1899
-1873
-1477
-1040
-534
1
360
1014
1232
1903
1910
2154
2616
2536
2752
3359
2777
3450
3256
2971
3339
2880
2158
2280
1005
739
666
-1030
-962
-1802
-2614
-2984
-4118
-4371
-4752
-5986
-5445
-6433
-6500
-5933
-6678
-6606
-6119
-6619
-6117
-5718
-6054
-5696
-6000
-4939
-4834
-4408
-3356
-3276
-2250
-1299
-945
150
1050
1350
2986
3162
4109
5048
5246
5890
6155
5992
6379
6526
5621
6110
5464
5282
5545
4741
4621
4371
3435
3573
2601
2271
2494
660
1229
649
-220
461
-938
-1104
-966
-2485
-1601
-2346
-2645
-1993
-2595
-1716
-1460
-1533
-855
-830
-436
-201
-43
757
830
1165
1876
1530
2333
2231
2270
2708
2617
2769
2699
3231
2878
2800
2811
1974
1980
1436
815
445
-448
-828
-1450
-2301
-2382
-3592
-4064
-4323
-5022
-5090
-5522
-5781
-5681
-6396
-6019
-5989
-6339
-5421
-5829
-5532
-4646
-4926
-4256
-3706
-3522
-2614
-2230
-1329
-756
-255
888
1181
2113
2974
2944
4214
4299
4441
5409
5352
5574
5905
5515
5670
5505
4853
4846
4140
3596
3491
2860
2705
2379
1506
1052
492
123
-403
-1004
-1380
-1458
-2172
-1754
-2315
-2809
-2245
-2886
-2865
-2286
-2512
-2081
-1666
-1564
-908
-780
-24
-390
432
628
506
1424
1661
1719
2500
2301
2213
3352
2589
3301
3393
3326
3350
3551
3292
2675
2956
1813
1573
1299
391
-61
-265
-1430
-1468
-2104
-3020
-3170
-3840
-4402
-4872
-4556
-5147
-5105
-4910
-5150
-5127
-4863
-5083
-4995
-4688
-4715
-4016
-4045
-3106
-3029
-2574
-1670
-1699
-843
-317
61
853
1532
1746
2906
2891
3207
4129
3520
4128
4198
4073
3917
4361
3952
3572
3919
2884
3049
2770
2466
1871
1932
1462
1108
1373
303
81
351
-1026
-863
-632
-2139
-1228
-2159
-2539
-1716
-2359
-2205
-1972
-1958
-1782
-1380
-1368
-677
-915
-26
138
-36
1250
621
1183
1674
1438
1448
2487
1660
2273
2971
2163
3022
2718
3076
2839
2805
2429
2325
2192
1764
1313
714
361
-375
-365
-1560
-1790
-1995
-2883
-2752
-3167
-3778
-3691
-3684
-4372
-3717
-3612
-4399
-3342
-3443
-3485
-3095
-3068
-3138
-2755
-2344
-2271
-1901
-1414
-913
-1072
-91
42
143
988
986
1282
2590
2453
2625
3270
2724
3409
3579
2816
3460
3148
2604
3089
2469
2425
2007
1679
1274
817
870
377
-173
353
-556
-575
-384
-1362
-1363
-1648
-2107
-2325
-2098
-2429
-2505
-1849
-2217
-2202
-1047
-1728
-1414
-403
-913
-402
164
-12
585
1022
1104
1233
1794
1961
1916
2659
2291
2811
3482
3221
4020
3591
3413
3912
3222
2940
3097
2323
1818
2131
1237
315
689
-250
-1136
-797
-1766
-2111
-2238
-2651
-2313
-2979
-3061
-2605
-3545
-3281
-3140
-3790
-3490
-3144
-3806
-3234
-2719
-3121
-2704
-2331
-2480
-2132
-1368
-1692
-1215
-810
-277
448
740
971
1693
2089
1898
3027
2526
2227
3440
2441
2307
3294
1970
2152
2618
1270
1453
1672
888
833
1040
325
17
402
119
-357
-463
-1217
-1434
-1453
-1747
-2218
-2201
-2381
-2138
-2181
-2121
-2007
-1542
-1673
-1637
-551
-1100
-133
190
-148
819
1079
779
787
1434
1056
1532
2128
1960
2405
3046
3230
3082
3745
3639
3212
3854
3754
3173
3527
2602
2451
2583
1613
1530
1036
491
625
-47
-331
-106
-718
-595
-903
-1284
-1465
-1648
-2474
-2333
-2416
-2949
-2717
-3235
-3611
-3694
-3616
-4058
-3994
-3690
-3924
-3367
-2737
-2790
-2598
-1702
-1533
-1039
-942
-741
-83
-497
538
484
89
796
717
42
972
998
15
1422
1093
525
1609
1444
808
1261
995
536
830
157
159
105
-247
-384
-397
-1034
-1604
-974
-1796
-1253
-1217
-1814
-755
-886
-996
-183
-470
-602
360
-268
406
338
282
840
936
1215
1139
2020
1754
2205
3083
3102
3494
4259
4098
4420
4767
4559
4271
4517
4400
3465
4293
3344
2557
3048
1984
1608
1476
1118
537
-147
193
-639
-994
-778
-1893
-1875
-1939
-3111
-2851
-3518
-4253
-3972
-4931
-4802
-4880
-5221
-5042
-5052
-5316
-4966
-4290
-4788
-3744
-3041
-3179
-2014
-1734
-1645
-694
-702
-287
287
100
690
601
786
1064
494
1068
896
632
1236
1117
1145
1505
1329
1037
1490
1195
1019
877
724
487
48
204
-578
-1028
-428
-1104
-1168
-510
-1294
-775
-633
-629
-145
-475
26
269
458
860
1038
1326
1594
1690
2351
2360
2298
3265
3185
3401
3958
4035
4001
4911
4453
4176
4923
4371
4189
4323
3668
3314
3339
2401
2100
1836
1311
1115
311
-251
-633
-1099
-1968
-1809
-2727
-3692
-3183
-4242
-4535
-4855
-5239
-5556
-5444
-5584
-5802
-5629
-5422
-5474
-5150
-4884
-5238
-4313
-4077
-3830
-3220
-2635
-2346
-1856
-1062
-1197
-428
148
23
570
811
1096
1369
1365
1768
1754
1821
2323
1834
2012
2228
1545
1858
2195
1708
1250
1896
1313
799
1154
441
-18
43
-439
-790
-794
-992
-1083
-1077
-916
-959
-550
-522
-321
232
385
884
1273
1485
1755
1837
2202
2498
2180
2876
3106
3195
3707
3791
3993
4330
4876
4573
4975
5356
4979
5281
5222
4671
4520
4437
3532
2841
2764
1759
801
1206
-225
-938
-943
-2275
-2257
-2966
-3722
-3899
-4478
-4606
-5268
-5336
-5299
-6189
-5807
-5970
-6654
-6036
-6348
-6118
-5721
-5609
-5277
-4858
-4670
-4247
-3475
-3431
-2524
-1774
-1881
-898
68
-536
832
985
519
2182
1663
1654
2549
2154
2218
2604
2522
2539
2348
2583
2057
2036
2055
1316
1694
1507
652
670
665
-213
-189
-270
-1016
-864
-684
-1072
-1054
-808
-622
-753
-292
100
-364
490
971
497
1191
1964
1301
2080
2649
2228
3007
3288
3102
3879
3869
3747
4677
4296
4455
4806
4625
4840
4656
4384
4154
3750
3663
3152
2289
2308
1449
963
508
-126
-707
-1476
-1763
-2740
-3044
-3269
-4023
-4388
-4382
-4992
-5361
-4932
-5427
-5823
-5610
-5776
-5999
-5523
-5645
-5344
-4854
-4679
-4116
-4088
-3527
-2964
-2901
-2060
-1583
-1626
-574
-207
-124
623
722
641
1459
1495
1293
2082
1708
2131
2382
2113
2396
2145
1923
1925
1493
1339
1511
834
979
753
200
437
285
-456
24
-12
-652
189
200
-343
633
558
156
1089
652
785
1270
1088
1451
1653
1899
1994
2213
2311
2423
2555
2846
3109
3177
3560
3829
3809
4092
4076
3662
4025
3656
3256
3609
2888
2532
2361
1962
1509
986
701
69
-559
-616
-1336
-1725
-1909
-2715
-2689
-3301
-3725
-4125
-4521
-4782
-5112
-5248
-5199
-5446
-5647
-5208
-5529
-5526
-5227
-5177
-4912
-4773
-4385
-4125
-3752
-3278
-2928
-2487
-2168
-1800
-1360
-913
-709
-181
281
494
911
1342
1661
1756
2036
2188
2122
2519
2369
2249
2566
2174
2220
2438
1950
1977
1844
1651
1515
1358
1320
1163
1140
884
976
698
933
748
738
947
588
898
1104
832
1018
1321
1089
1481
1509
1454
1601
1715
1782
1867
2077
2056
2247
2532
2503
2641
2781
2630
2946
2646
2680
2827
2454
2482
2255
2161
1851
1628
1401
690
377
55
-376
-672
-1108
-1323
-1695
-1968
-2188
-2707
-3057
-3273
-3600
-3798
-4045
-4337
-4311
-4468
-4603
-4587
-4777
-4732
-4836
-4640
-4574
-4173
-4201
-3950
-3204
-3456
-2961
-2521
-2511
-2101
-1526
-1282
-784
-286
-51
546
840
1094
1413
1687
1804
1951
2284
2407
2457
2668
2556
2587
2654
2420
2474
2345
2143
2174
2110
1886
1989
1847
1677
1615
1321
1388
1087
1069
850
830
828
615
718
526
528
434
452
557
464
521
687
567
785
757
613
749
700
696
706
709
802
772
1059
1056
996
1282
1290
1221
1322
1492
1322
1369
1489
1116
942
899
458
446
63
-395
-268
-763
-895
-1229
-1627
-1729
-1904
-2351
-2542
-2629
-3046
-2927
-3226
-3421
-3415
-3596
-3616
-3508
-3514
-3659
-3571
-3356
-3217
-2978
-2929
-2639
-2446
-2085
-1733
-1746
-1195
-998
-581
-159
291
439
974
1395
1289
1968
2172
2167
2493
2766
2711
2762
2874
2901
2683
2769
2866
2464
2499
2320
1940
1995
1835
1520
1543
1467
1185
987
881
512
427
195
-33
-197
-247
-245
-490
-473
-398
-747
-549
-474
-809
-546
-637
-566
-412
-393
-273
-187
-152
191
287
518
780
851
1303
1395
1437
1626
1874
1783
1961
1948
1840
1905
1629
1457
1539
1327
939
1057
592
212
315
-409
-553
-671
-1191
-1390
-1577
-2026
-2283
-2485
-2857
-2912
-3172
-3405
-3421
-3536
-3483
-3499
-3363
-3453
-3428
-3112
-3150
-2907
-2530
-2198
-1931
-1639
-1364
-1003
-669
-356
-92
310
581
927
1253
1460
1765
1894
2175
2150
2315
2525
2525
2627
2734
2584
2644
2546
2379
2288
2054
1781
1415
1286
847
524
440
157
-157
-301
-460
-811
-803
-962
-1105
-1099
-1135
-1203
-1044
-1286
-1188
-1162
-1307
-1006
-1173
-1124
-822
-933
-684
-140
-323
36
499
469
819
1261
1381
1751
2099
2185
2332
2520
2689
2771
2769
2782
2825
2697
2750
2703
2529
2407
2250
1999
1863
1424
1099
712
377
32
-461
-753
-1133
-1531
-1898
-2094
-2522
-2796
-2919
-3208
-3344
-3424
-3501
-3513
-3608
-3503
-3543
-3538
-3406
-3247
-3123
-2960
-2635
-2328
-2096
-1737
-1317
-1011
-630
-351
-11
326
618
989
1211
1285
1548
1642
1761
1816
1745
1811
1837
1743
1663
1555
1357
1232
1012
999
613
468
464
35
-77
-281
-545
-640
-822
-1090
-1090
-1342
-1118
-1230
-1232
-1063
-1240
-861
-789
-697
-681
-417
-284
-170
-20
90
414
439
794
965
1126
1425
1548
1772
2039
2277
2576
2993
3056
3369
3532
3625
3831
3697
3685
3499
3379
3233
2894
2846
2301
1983
1722
1061
821
311
-51
-342
-777
-1056
-1398
-1690
-2027
-2252
-2584
-2806
-3084
-3240
-3406
-3679
-3790
-3811
-3967
-4037
-3927
-4052
-3844
-3780
-3632
-3396
-3238
-2758
-2436
-2251
-1703
-1396
-1208
-684
-505
-136
204
280
690
863
835
1155
1221
1252
1426
1451
1512
1546
1560
1653
1597
1473
1613
1345
1241
1200
880
795
573
327
164
-18
-292
-496
-591
-748
-873
-831
-960
-975
-923
-882
-838
-679
-620
-468
-262
-245
-99
204
229
389
793
766
1098
1469
1518
1782
2071
2212
2405
2659
2820
2961
3161
3431
3353
3618
3643
3480
3707
3472
3351
3152
3084
2755
2509
2182
1789
1562
989
756
152
-193
-718
-1113
-1522
-1901
-2209
-2646
-2932
-3315
-3488
-3912
-4031
-4301
-4552
-4536
-4797
-4857
-4862
-4875
-4851
-4696
-4529
-4329
-4108
-3737
-3453
-3111
-2582
-2286
-1832
-1479
-962
-657
-260
132
460
840
993
1418
1460
1819
1960
2185
2223
2342
2529
2533
2637
2506
2577
2326
2417
2061
1956
1763
1443
1261
911
826
320
183
6
-277
-385
-559
-640
-709
-761
-760
-835
-701
-414
-644
-434
-291
-293
-46
-36
162
247
480
700
789
1139
1362
1653
1969
2267
2562
2896
3139
3517
3800
3870
4173
4192
4248
4182
4037
3945
3585
3506
3088
2648
2423
1868
1386
1071
461
-102
-443
-1063
-1522
-1901
-2457
-2781
-3235
-3677
-3955
-4382
-4698
-4906
-5254
-5539
-5572
-5787
-5798
-5775
-5799
-5635
-5499
-5223
-5044
-4652
-4187
-3764
-3207
-2747
-2164
-1692
-1119
-470
-97
466
973
1311
1866
2251
2445
2870
3117
3259
3480
3546
3641
3677
3714
3624
3585
3399
3305
3001
2767
2519
2085
1871
1477
1117
733
413
42
-182
-503
-754
-897
-1153
-1182
-1302
-1472
-1340
-1387
-1404
-1235
-1211
-1075
-931
-798
-719
-528
-337
-199
134
315
552
893
1215
1561
1880
2177
2528
2816
3102
3400
3574
3734
3831
3974
3853
3920
3758
3508
3396
2976
2657
2246
1906
1360
1024
506
-48
-486
-993
-1491
-1968
-2370
-2904
-3197
-3632
-4028
-4351
-4609
-4940
-5229
-5293
-5562
-5599
-5596
-5722
-5579
-5401
-5312
-4969
-4657
-4339
-3800
-3353
-2861
-2208
-1695
-1033
-481
95
659
1152
1728
2179
2639
2913
3310
3612
3770
3993
4090
4118
4186
4165
4064
3957
3823
3631
3444
3112
2920
2497
2167
1800
1314
904
333
28
-459
-822
-1196
-1539
-1870
-2112
-2315
-2504
-2555
-2572
-2542
-2510
-2326
-2180
-2068
-1893
-1756
-1594
-1390
-1206
-1018
-853
-569
-377
-162
123
414
736
1026
1344
1648
2041
2334
2616
2927
3126
3338
3558
3608
3627
3631
3490
3384
3209
2967
2710
2507
2119
1758
1467
1027
686
359
-72
-449
-801
-1176
-1433
-1821
-2219
-2484
-2855
-3211
-3409
-3727
-4016
-4109
-4238
-4384
-4431
-4400
-4336
-4275
-4086
-3888
-3592
-3236
-2881
-2485
-2062
-1523
-1129
-537
-152
348
819
1191
1596
1851
2250
2527
2838
2915
3168
3268
3292
3399
3336
3223
3188
3129
2882
2744
2476
2239
1995
1571
1248
899
476
129
-286
-734
-1075
-1527
-1817
-2099
-2416
-2626
-2792
-2894
-3022
-2977
-2989
-2921
-2878
-2769
-2651
-2518
-2365
-2260
-2061
-1957
-1779
-1556
-1400
-1173
-915
-614
-251
84
516
938
1344
1822
2217
2710
3127
3488
3921
4105
4401
4604
4757
4892
4834
4854
4824
4646
4532
4387
4089
3860
3566
3227
2882
2534
2099
1667
1270
796
320
-134
-665
-1113
-1565
-2138
-2572
-2985
-3508
-3799
-4215
-4540
-4709
-5051
-5124
-5261
-5237
-5255
-5161
-4848
-4746
-4393
-4018
-3659
-3143
-2658
-2138
-1591
-1050
-560
-69
442
823
1201
1497
1813
2060
2219
2366
2498
2546
2545
2619
2499
2438
2380
2295
2122
1955
1771
1476
1284
881
578
221
-168
-543
-920
-1343
-1674
-1952
-2258
-2477
-2727
-2769
-2923
-2839
-2806
-2779
-2587
-2479
-2257
-2035
-1894
-1701
-1438
-1305
-975
-794
-542
-175
92
501
879
1335
1822
2272
2829
3363
3787
4332
4759
5117
5524
5761
5973
6131
6199
6234
6186
6127
5960
5723
5509
5208
4780
4413
4010
3483
2984
2427
1808
1235
578
-65
-696
-1339
-1977
-2626
-3231
-3782
-4313
-4851
-5291
-5638
-6011
-6248
-6453
-6641
-6692
-6699
-6634
-6502
-6278
-6002
-5647
-5248
-4797
-4247
-3721
-3170
-2537
-1958
-1402
-773
-231
279
773
1190
1569
1924
2209
2429
2597
2744
2855
2933
3047
3013
3036
2999
2880
2798
2642
2455
2220
1944
1599
1293
867
439
43
-436
-849
-1230
-1632
-1975
-2236
-2415
-2575
-2681
-2685
-2685
-2582
-2499
-2340
-2162
-1989
-1744
-1522
-1286
-985
-790
-514
-226
71
355
708
1093
1436
1909
2323
2811
3276
3746
4148
4574
5011
5210
5560
5807
5879
6055
6112
6027
5958
5876
5551
5256
5008
4552
4091
3678
3169
2544
1999
1457
830
228
-431
-1086
-1727
-2256
-2877
-3514
-3954
-4512
-4948
-5377
-5812
-6156
-6492
-6754
-6926
-7070
-7130
-7143
-7089
-6921
-6736
-6448
-6096
-5700
-5227
-4640
-4110
-3519
-2872
-2227
-1577
-1001
-358
189
689
1236
1667
2067
2469
2730
3000
3274
3415
3502
3652
3682
3602
3668
3546
3332
3289
3090
2777
2522
2231
1880
1530
1119
744
342
-22
-415
-756
-1109
-1422
-1667
-1922
-2073
-2172
-2270
-2276
-2265
-2235
-2100
-1996
-1799
-1627
-1434
-1162
-940
-686
-330
-82
227
615
920
1290
1656
2017
2374
2800
3198
3532
3896
4150
4425
4649
4749
4875
4869
4847
4773
4660
4451
4196
3997
3640
3350
2970
2588
2202
1758
1360
910
470
-24
-503
-998
-1534
-2008
-2459
-2957
-3461
-3864
-4287
-4678
-5027
-5349
-5576
-5759
-5902
-6061
-6022
-6042
-5981
-5805
-5676
-5353
-5147
-4798
-4393
-4077
-3556
-3129
-2711
-2171
-1706
-1169
-638
-153
387
841
1275
1695
2129
2478
2798
3115
3349
3587
3723
3842
3910
3915
3889
3849
3773
3608
3410
3211
2981
2706
2417
2100
1752
1392
1036
672
264
-33
-406
-730
-1010
-1339
-1550
-1762
-1926
-2083
-2129
-2197
-2193
-2117
-2127
-1956
-1838
-1686
-1493
-1377
-1159
-1010
-838
-566
-435
-183
65
229
460
689
909
1127
1418
1599
1823
2041
2200
2368
2483
2626
2663
2719
2736
2671
2694
2620
2498
2414
2298
2174
2004
1855
1709
1500
1378
1192
860
658
393
83
-127
-467
-791
-1068
-1369
-1613
-1929
-2151
-2358
-2574
-2754
-2921
-3023
-3180
-3218
-3238
-3305
-3279
-3217
-3196
-3077
-2951
-2842
-2628
-2495
-2289
-2026
-1773
-1510
-1189
-849
-540
-226
90
428
716
1041
1330
1582
1807
1980
2180
2314
2403
2488
2488
2492
2480
2415
2395
2238
2161
2032
1841
1744
1425
1293
1021
753
546
164
-91
-420
-714
-988
-1364
-1597
-1851
-2136
-2291
-2479
-2605
-2684
-2728
-2719
-2662
-2583
-2447
-2309
-2102
-1885
-1703
-1426
-1235
-961
-761
-472
-168
28
379
565
878
1182
1464
1804
2125
2432
2679
2988
3232
3464
3687
3847
3999
4106
4149
4143
4157
4089
3973
3916
3732
3543
3379
3138
2883
2613
2301
2011
1679
1318
964
593
241
-170
-592
-950
-1379
-1791
-2155
-2562
-2907
-3309
-3573
-3895
-4173
-4337
-4555
-4646
-4724
-4771
-4770
-4725
-4588
-4448
-4312
-4045
-3857
-3580
-3283
-3009
-2652
-2342
-1974
-1597
-1173
-798
-431
-21
388
738
1112
1399
1715
2036
2227
2524
2668
2759
2925
2911
2879
2827
2707
2643
2430
2237
2056
1767
1514
1272
1021
745
444
198
-60
-327
-534
-825
-1010
-1245
-1446
-1589
-1729
-1836
-1954
-1999
-2025
-2045
-1950
-1854
-1715
-1518
-1343
-1023
-905
-655
-260
-60
278
602
873
1223
1434
1653
2000
2183
2390
2668
2803
2971
3065
3205
3305
3363
3394
3355
3396
3365
3329
3227
3142
3037
2862
2766
2522
2279
2027
1788
1493
1172
867
533
211
-155
-496
-794
-1158
-1465
-1757
-2160
-2392
-2741
-3025
-3185
-3499
-3691
-3885
-4058
-4131
-4328
-4348
-4394
-4460
-4377
-4478
-4252
-4157
-4049
-3770
-3648
-3281
-2983
-2726
-2304
-1999
-1610
-1173
-858
-318
-42
373
812
1019
1431
1620
1956
2209
2355
2654
2705
2883
3052
3040
3090
3001
2982
2972
2777
2730
2505
2249
2093
1812
1635
1341
983
800
548
155
-32
-368
-693
-859
-1203
-1198
-1501
-1672
-1652
-1799
-1725
-1817
-1737
-1601
-1621
-1530
-1331
-1255
-1040
-940
-631
-304
-116
165
347
526
674
825
1032
1272
1300
1518
1679
1831
1932
2052
2268
2327
2348
2325
2410
2324
2264
2227
2043
2018
1864
1731
1624
1485
1457
1073
1075
984
704
592
301
241
-83
-357
-477
-841
-961
-1258
-1400
-1532
-1906
-2102
-2296
-2414
-2562
-2730
-2821
-2814
-2991
-3105
-3143
-3053
-3112
-3075
-2972
-2928
-2834
-2792
-2443
-2396
-2142
-1944
-1783
-1294
-1306
-1052
-528
-491
-122
205
523
908
961
1454
1658
1770
2231
2119
2260
2468
2527
2746
2628
2640
2621
2398
2545
2280
2087
2093
1650
1607
1371
1166
1012
624
539
335
68
-92
-361
-591
-858
-816
-1137
-1300
-1277
-1524
-1447
-1563
-1538
-1540
-1670
-1395
-1292
-1368
-1007
-1019
-906
-478
-438
-353
89
332
254
498
747
829
925
990
1256
1295
1291
1530
1461
1508
1500
1532
1665
1548
1633
1524
1498
1719
1346
1501
1559
1455
1395
1206
1233
1022
932
782
719
569
276
246
88
-128
-45
-504
-512
-604
-1095
-921
-1386
-1425
-1554
-1998
-1783
-2136
-2191
-2207
-2632
-2367
-2558
-2976
-2475
-2872
-2856
-2967
-2779
-2231
-3040
-1977
-2347
-1740
-1499
-2107
-691
-1277
-516
-533
-681
888
104
453
1550
957
1298
1478
2181
2509
1687
2556
2669
2308
2606
2591
2974
2297
2579
2273
2240
2311
1326
1945
1784
1268
845
822
780
-358
-482
693
-289
-721
-702
-836
-954
-1919
-1049
-1875
-2291
-1545
-1896
-1240
-1974
-1855
-1743
-2046
-1005
-1610
-816
-496
-877
212
56
425
392
157
987
175
947
1367
344
989
1261
1669
1551
1291
2046
1584
1256
1483
1316
1419
892
1102
1417
1011
1102
574
739
902
51
451
528
-83
-220
-131
32
-299
-793
-312
-546
-778
-510
-836
-748
-975
-1065
-956
-1171
-1192
-1348
-1174
-728
-1085
-1274
-943
-1316
-1431
-1370
-1351
-1136
-1041
-915
-1028
-1009
-324
-490
-833
-489
-540
-361
-121
154
270
292
486
432
199
281
84
390
1155
957
772
1171
1170
1091
1255
1243
1283
744
1201
1511
1122
1236
597
265
612
385
395
556
983
834
527
438
23
-329
-517
-368
-626
-554
-220
-302
-259
207
-641
-601
-158
-648
-1088
-1101
-975
-1042
-999
-345
-339
-772
333
-136
-49
691
535
202
124
400
241
-280
494
977
354
1001
292
-73
694
756
785
338
578
593
15
529
76
-662
-37
-201
99
-178
33
10
-1339
-25
-712
-852
-534
-695
-556
-1176
-569
-550
-587
-98
-458
-920
-673
-454
-300
-293
24
-124
278
606
126
-420
-203
519
-274
159
475
-65
29
809
346
-148
109
125
604
421
600
-93
-299
417
337
579
497
-422
-631
-201
398
-45
56
568
-180
319
592
293
131
-13
734
465
-302
401
181
591
980
475
557
88
623
323
481
750
59
859
525
271
-311
-243
-269
-957
-288
-361
-648
-620
-330
-412
-1147
-1260
-945
-1481
-894
-887
-883
-356
-115
131
-681
-692
-1091
-414
-291
-348
-726
-718
-140
203
523
973
1049
51
932
211
607
923
731
1003
161
-44
-95
-514
221
755
547
559
-527
269
12
-149
-23
-669
586
-14
-476
-27
-659
392
208
322
435
-1016
232
-376
412
990
14
1030
-411
613
612
19
1789
865
1749
1252
-243
672
-459
278
371
-538
867
-193
662
552
-171
377
-347
270
-539
-1838
-2533
-2517
-1894
-1379
-1237
-442
-703
-1052
-495
-612
-237
-511
-523
-645
-1221
-850
-682
-123
610
377
1090
341
530
607
321
1524
474
1104
918
1218
2060
915
1660
1376
1005
2051
1542
1291
482
-213
260
-214
460
-426
-364
-455
-802
-266
-954
-79
-351
-84
-658
-2182
-1547
-839
-996
-708
-1171
-1438
-1182
-459
476
-2
-520
-566
-255
-680
-343
-815
-105
-95
121
335
-62
445
-298
342
394
61
-41
96
-55
56
-354
349
1034
700
909
80
41
-476
108
-653
-837
-979
-1443
-746
-983
-91
132
610
599
6
-258
-317
-231
605
424
230
13
103
559
671
1626
898
936
818
1071
1525
491
101
569
251
702
307
224
1006
493
1314
667
1278
665
66
315
-510
170
-118
281
645
100
120
-89
-243
55
-425
-176
-818
-569
-698
-752
-68
-730
131
-82
604
232
-172
-92
24
476
-77
-221
-840
-545
-227
-346
258
95
-230
31
-408
-708
-1257
-872
-1103
-896
-553
-1449
-940
-803
-229
70
127
91
-409
-548
-714
-680
-1232
-1003
-231
-231
407
484
235
1151
991
595
-70
-192
305
-123
334
613
362
581
834
488
625
242
658
396
139
447
-474
-570
-1075
-1358
-1547
-984
-1040
-529
-32
66
250
-49
-2
-217
-834
-923
-1286
-1861
-265
-411
-8
110
113
599
450
1000
520
372
76
184
258
395
965
1252
938
1433
295
459
826
-171
663
17
356
41
221
804
211
519
610
465
652
349
-240
-28
-149
136
155
-57
-144
-344
-181
367
294
497
507
-164
541
182
459
472
744
762
507
881
198
866
844
695
924
280
258
75
-254
131
-812
-300
-424
-731
-11
-544
-376
-500
-197
-324
-1167
-888
-1403
-1122
-650
-1094
-206
-479
-92
-123
-1129
-366
-1132
-328
-538
-933
-578
-1052
-183
-493
-179
-155
-506
-617
-135
-327
-490
-127
-532
-28
290
-389
75
-106
-313
242
-616
-168
-442
-380
-472
75
55
7
539
44
669
489
217
418
219
45
217
137
472
423
1001
707
1165
1337
1090
1784
951
1451
942
574
569
94
508
38
610
324
158
513
-223
-112
-499
-786
-375
-849
-471
-479
-719
-253
-799
-547
-691
-491
-1237
-1308
-1703
-1404
-839
-776
152
-753
-302
-850
-717
-172
-602
127
-85
329
381
-46
567
-203
351
565
-107
486
-341
478
459
906
1297
906
1638
904
602
-22
207
462
595
1059
932
634
449
639
637
865
889
444
40
388
495
654
1009
1490
1456
1050
530
113
-24
-83
101
-271
203
301
92
513
330
429
423
225
640
-161
-465
-492
-1005
-625
-953
-514
-759
-1030
-958
-851
-694
-579
-248
-658
-646
-1356
-1561
-1220
-1360
-996
-1125
-1410
-1332
-1218
-1350
-892
-486
-522
-142
-53
-250
-70
-465
-152
-244
-251
-308
-505
75
-81
137
174
-8
-275
-478
-493
-719
-420
-161
-234
501
332
206
80
-333
348
118
49
175
-339
-253
-403
-245
231
119
363
-39
8
67
54
448
758
786
292
833
346
776
1158
934
1535
1092
1328
1074
843
1425
1073
1225
1469
1435
1102
496
949
618
512
571
633
826
571
880
511
816
858
688
799
306
355
-152
77
314
-81
-254
-521
-315
-337
-563
-391
-650
-879
-768
-1128
-1121
-1124
-953
-907
-919
-684
-792
-725
-524
-462
-534
-714
-465
-677
-748
-138
-591
-355
-182
-354
-236
-379
-228
-644
-247
-110
86
528
488
897
585
537
588
674
878
593
652
475
320
364
95
555
59
-58
154
16
287
4
401
-151
-61
-623
-1060
-572
-1177
-713
-682
-694
-318
-551
-444
-801
-1096
-1041
-1506
-1249
-1470
-893
-1088
-1134
-449
-1048
-547
-639
-413
-486
-570
-421
-703
-348
-454
-339
97
208
301
573
753
707
426
555
566
692
565
680
1094
842
1287
754
930
909
325
534
719
788
822
1198
903
811
494
672
560
689
911
909
796
888
918
397
563
311
374
297
144
99
-60
-101
-197
-274
-77
124
119
416
415
499
395
286
122
-114
-229
-169
-47
-318
-198
-305
-140
-503
-502
-246
-244
61
-147
-94
-99
-141
-327
-9
-274
-429
-483
-505
-493
-652
-399
-512
-199
-409
26
80
-96
180
-237
-515
-345
-643
-753
-729
-701
-464
-799
-525
-381
-422
-405
-376
-343
-331
-386
-692
-303
-631
-658
