2
3
0
1
4
0
0
3
-2
-4
-1
-1
-2
-1
-1
-1
-2
-5
-5
-4
-4
-4
-3
-1
-1
-3
-3
-1
-3
-2
2
3
4
4
5
7
7
4
7
8
6
6
10
6
4
2
0
-3
-4
-6
-7
-7
-9
-11
-12
-13
-13
-13
-11
-8
-8
-6
0
0
1
6
8
8
13
14
15
17
15
16
16
12
11
9
7
4
0
-4
-5
-10
-14
-14
-17
-20
-20
-20
-20
-18
-18
-14
-11
-11
-5
2
3
7
13
15
16
21
22
24
24
22
22
20
18
14
9
7
2
-4
-8
-11
-17
-22
-22
-25
-26
-26
-25
-24
-23
-20
-15
-11
-8
-2
5
8
12
16
19
21
24
26
28
28
25
24
20
17
10
7
3
-1
-5
-8
-13
-18
-22
-22
-24
-27
-26
-22
-19
-18
-18
-14
-11
-9
-5
0
6
11
14
17
19
20
19
20
21
21
21
20
17
12
8
5
1
-4
-4
-5
-8
-11
-13
-16
-20
-22
-21
-19
-17
-15
-13
-9
-10
-10
-6
-3
-1
3
8
12
14
14
14
14
14
15
16
17
17
16
13
7
4
4
2
-3
-6
-4
-5
-11
-15
-15
-15
-18
-20
-17
-11
-11
-14
-12
-9
-8
-6
-3
1
6
10
11
10
13
16
18
13
14
19
20
14
10
9
7
1
-3
-1
0
-6
-10
-12
-12
-14
-18
-16
-14
-14
-14
-12
-11
-8
-5
-6
-5
1
7
10
8
8
11
12
9
11
15
16
13
9
10
10
4
1
3
2
-3
-5
-4
-3
-7
-14
-15
-10
-8
-8
-11
-10
-4
-5
-9
-8
-2
3
1
-3
1
8
6
-1
2
9
10
7
6
11
15
7
-1
4
9
7
1
-1
3
3
-5
-7
-6
-3
-5
-10
-10
-5
-4
-9
-12
-12
-8
-6
-7
-3
3
3
-3
-3
6
11
7
5
9
14
12
6
8
13
10
4
3
8
7
1
-4
-6
-6
-8
-12
-9
-7
-10
-16
-15
-10
-3
-6
-13
-7
4
6
-1
-1
10
15
7
1
12
21
15
7
6
10
11
2
-1
4
2
-8
-11
-8
-5
-8
-16
-16
-7
-5
-10
-12
-6
3
0
-8
-4
9
13
7
2
9
14
10
7
11
13
8
4
4
5
3
-4
-7
-5
-5
-8
-10
-7
-6
-8
-13
-11
-4
0
-4
-7
-4
2
3
1
3
8
9
8
7
11
13
8
3
5
8
6
1
1
1
-2
-7
-9
-5
-3
-8
-13
-10
-7
-7
-8
-11
-9
-4
-2
-3
0
5
7
5
6
9
13
12
11
12
13
9
6
5
7
4
0
-2
-3
-2
-8
-11
-12
-12
-13
-13
-14
-11
-9
-9
-9
-9
-4
2
5
4
7
9
10
12
13
11
10
10
11
12
14
10
6
3
2
1
-1
-3
-5
-7
-12
-14
-13
-11
-13
-14
-15
-15
-11
-9
-12
-11
-8
-5
-1
4
6
7
8
12
18
20
17
21
26
27
23
18
14
12
9
-1
-5
-3
-4
-10
-18
-25
-27
-29
-30
-31
-29
-28
-25
-20
-16
-11
-9
-5
6
18
21
19
26
36
39
34
28
31
35
34
24
18
14
8
-1
-10
-14
-14
-19
-27
-31
-33
-39
-42
-41
-38
-32
-29
-24
-16
-9
-8
-5
1
11
21
26
29
37
43
42
41
43
41
40
36
33
32
28
15
2
-7
-17
-26
-32
-39
-43
-49
-56
-60
-58
-57
-56
-49
-41
-32
-22
-13
-1
14
24
33
45
60
67
71
75
75
73
67
58
50
41
28
13
0
-13
-28
-45
-57
-63
-65
-72
-78
-79
-76
-72
-66
-61
-48
-33
-20
-8
8
22
34
46
57
68
73
73
78
84
81
72
65
58
52
41
23
7
-2
-12
-30
-48
-60
-66
-73
-82
-90
-93
-93
-90
-83
-73
-59
-44
-30
-14
4
19
32
49
68
82
94
102
110
112
106
97
89
80
65
48
31
12
-5
-30
-57
-76
-89
-103
-112
-114
-112
-109
-107
-104
-94
-77
-58
-39
-17
6
29
47
61
76
89
98
107
117
122
119
112
99
84
67
46
27
13
-2
-18
-37
-55
-73
-93
-109
-116
-115
-113
-112
-104
-96
-90
-83
-72
-54
-29
-3
18
43
68
86
96
103
113
123
129
131
132
127
115
93
68
44
21
-4
-27
-44
-62
-84
-109
-130
-144
-153
-156
-150
-136
-118
-100
-85
-66
-43
-20
5
33
65
93
112
127
139
144
142
138
136
132
123
105
86
63
38
8
-20
-44
-64
-85
-102
-113
-123
-132
-142
-146
-138
-129
-117
-102
-82
-60
-38
-18
3
24
47
69
88
107
125
135
142
146
146
139
131
115
98
77
53
28
4
-19
-44
-71
-96
-118
-136
-148
-152
-153
-151
-142
-131
-117
-102
-84
-60
-32
1
35
60
81
104
120
129
132
137
143
146
138
125
109
93
71
45
21
4
-12
-31
-49
-72
-95
-113
-127
-137
-140
-138
-131
-122
-109
-93
-82
-73
-54
-33
-7
20
45
68
83
93
105
114
120
127
135
142
141
127
106
85
61
35
12
-6
-16
-31
-52
-73
-92
-105
-115
-123
-127
-128
-129
-128
-124
-118
-110
-99
-80
-51
-20
7
37
64
93
115
130
142
153
153
145
136
129
124
112
97
85
71
56
36
10
-20
-53
-87
-111
-129
-149
-172
-190
-197
-194
-186
-168
-133
-93
-58
-32
-10
13
32
43
61
88
114
140
160
170
168
158
152
151
146
133
108
74
42
9
-24
-43
-50
-51
-42
-29
-23
-31
-60
-101
-147
-194
-235
-271
-294
-293
-278
-257
-214
-143
-50
54
160
265
357
417
438
413
351
275
201
138
85
35
-14
-51
-85
-123
-153
-162
-155
-147
-142
-137
-133
-136
-138
-128
-95
-32
48
123
180
202
183
136
65
-24
-121
-217
-301
-365
-402
-403
-363
-277
-146
14
182
341
470
558
593
578
523
443
354
269
187
104
24
-45
-95
-128
-167
-208
-246
-292
-351
-424
-502
-566
-599
-592
-532
-421
-273
-107
53
196
307
373
400
401
381
337
274
200
139
104
97
129
201
305
416
505
549
539
470
360
218
53
-114
-274
-422
-549
-654
-734
-781
-802
-801
-784
-758
-719
-666
-613
-553
-466
-329
-115
162
479
818
1150
1429
1632
1738
1738
1630
1417
1119
760
352
-84
-511
-894
-1205
-1419
-1511
-1467
-1316
-1120
-925
-755
-610
-477
-342
-201
-70
37
124
202
284
377
476
580
687
774
824
825
771
668
524
362
207
78
-10
-57
-79
-86
-80
-71
-63
-61
-91
-163
-264
-385
-517
-642
-756
-837
-865
-831
-728
-555
-333
-88
134
310
441
529
591
633
655
655
629
581
518
450
387
343
317
298
263
187
66
-90
-266
-442
-598
-713
-770
-767
-711
-612
-488
-352
-204
-45
106
241
343
413
448
434
373
287
198
124
74
45
31
21
3
-34
-91
-159
-224
-257
-254
-216
-161
-101
-42
26
110
218
344
461
549
580
537
424
258
63
-135
-314
-467
-582
-656
-692
-689
-651
-573
-450
-288
-105
75
230
342
416
454
467
471
471
467
453
422
385
348
304
244
159
54
-50
-148
-235
-312
-400
-493
-573
-624
-634
-602
-540
-456
-360
-261
-163
-65
32
126
216
297
373
443
500
541
555
544
528
514
501
485
437
350
238
112
-11
-122
-229
-330
-423
-508
-580
-644
-696
-739
-766
-769
-731
-654
-548
-421
-290
-159
-19
145
340
556
764
942
1074
1152
1184
1177
1124
1029
892
710
498
261
5
-262
-536
-801
-1035
-1222
-1348
-1415
-1439
-1430
-1379
-1273
-1101
-861
-572
-260
57
364
653
919
1148
1328
1449
1498
1490
1443
1363
1245
1070
828
536
235
-17
-203
-353
-510
-698
-919
-1121
-1254
-1301
-1281
-1228
-1170
-1106
-1025
-903
-735
-538
-331
-117
102
327
555
764
920
1016
1067
1110
1170
1234
1262
1214
1076
884
681
494
333
172
-22
-258
-514
-753
-947
-1081
-1164
-1211
-1236
-1233
-1196
-1118
-1004
-857
-684
-487
-266
-35
183
375
546
717
892
1052
1181
1251
1246
1187
1104
1015
915
783
608
386
141
-94
-300
-473
-619
-748
-870
-971
-1039
-1085
-1117
-1127
-1095
-1004
-853
-665
-481
-330
-200
-47
167
437
713
919
1008
1005
991
1024
1107
1183
1158
973
686
438
318
321
344
249
-29
-414
-754
-931
-931
-859
-856
-984
-1196
-1367
-1388
-1244
-992
-728
-517
-350
-176
32
259
462
625
776
949
1156
1348
1435
1367
1177
972
859
874
941
908
668
240
-249
-634
-811
-808
-762
-821
-1039
-1338
-1570
-1608
-1426
-1118
-817
-628
-553
-513
-424
-213
122
497
823
1032
1112
1114
1121
1187
1304
1401
1403
1259
985
663
382
177
31
-118
-317
-580
-858
-1082
-1227
-1297
-1319
-1317
-1291
-1235
-1155
-1062
-971
-842
-609
-242
222
653
910
954
893
933
1212
1672
2081
2145
1737
1036
426
244
518
918
993
486
-464
-1396
-1846
-1658
-1103
-692
-792
-1381
-2071
-2388
-2122
-1417
-643
-162
-73
-192
-210
47
519
1007
1343
1495
1544
1565
1549
1454
1256
1028
901
948
1096
1113
803
186
-495
-930
-941
-639
-364
-449
-972
-1676
-2143
-2079
-1521
-819
-375
-388
-738
-1070
-1046
-561
187
838
1131
1038
748
551
644
1020
1491
1796
1759
1391
873
442
257
316
446
418
93
-469
-1033
-1350
-1329
-1085
-851
-817
-1004
-1258
-1375
-1243
-921
-569
-304
-124
47
257
468
601
644
706
931
1353
1793
1929
1547
771
50
-133
348
1100
1455
948
-306
-1607
-2145
-1588
-366
587
498
-659
-2117
-2870
-2394
-1013
344
815
207
-893
-1566
-1251
-118
1109
1711
1478
802
308
368
871
1376
1507
1246
892
740
813
869
656
177
-295
-451
-230
87
76
-461
-1294
-1904
-1873
-1232
-459
-112
-421
-1128
-1645
-1502
-692
328
962
906
352
-192
-276
218
1016
1648
1760
1328
656
162
99
425
877
1113
909
282
-489
-1024
-1071
-682
-190
16
-254
-858
-1410
-1540
-1165
-548
-91
-32
-263
-456
-365
-5
382
542
478
446
702
1226
1647
1528
790
-101
-450
102
1197
1944
1588
117
-1630
-2486
-1832
-112
1395
1473
-94
-2282
-3546
-2966
-927
1160
1856
750
-1261
-2654
-2362
-541
1566
2588
1987
390
-927
-1004
154
1659
2449
2068
922
-111
-380
118
837
1149
823
136
-422
-567
-397
-261
-392
-717
-957
-911
-639
-418
-489
-838
-1177
-1159
-657
65
553
496
-21
-551
-617
-69
811
1492
1539
929
81
-423
-236
510
1275
1488
934
-105
-1003
-1218
-678
172
670
406
-460
-1339
-1626
-1141
-268
341
281
-283
-768
-685
-40
666
884
491
-82
-179
502
1552
2102
1530
96
-1144
-1139
237
1973
2642
1494
-893
-2923
-3141
-1334
1211
2566
1601
-1122
-3699
-4275
-2414
576
2590
2282
-17
-2575
-3509
-2143
576
2816
3151
1552
-675
-1915
-1350
538
2404
3038
2141
435
-916
-1106
-173
1124
1866
1576
471
-738
-1355
-1131
-358
373
565
109
-704
-1375
-1505
-1052
-348
149
170
-211
-663
-832
-592
-97
352
512
387
186
117
224
379
433
358
269
294
431
521
374
-36
-475
-625
-353
131
389
129
-527
-1095
-1102
-495
272
586
202
-495
-814
-349
619
1326
1170
271
-573
-502
647
2069
2539
1448
-560
-1944
-1496
566
2650
2969
987
-2058
-3991
-3329
-500
2371
3008
747
-2830
-5081
-4318
-1062
2298
3333
1381
-2011
-4233
-3576
-513
2744
3938
2428
-424
-2383
-2023
298
2830
3793
2669
481
-1113
-1084
307
1855
2402
1646
215
-903
-1090
-487
243
476
91
-559
-1024
-1126
-998
-848
-768
-711
-604
-460
-380
-461
-644
-706
-443
106
625
771
486
38
-186
17
515
944
995
621
84
-258
-234
29
255
224
-49
-380
-593
-616
-498
-333
-183
-95
-127
-289
-484
-475
-66
638
1208
1184
499
-337
-579
173
1587
2680
2474
824
-1243
-2149
-1038
1368
3161
2742
141
-2941
-4312
-2941
198
2737
2617
-279
-3879
-5480
-3857
-224
2728
2893
276
-3046
-4512
-2942
586
3527
3848
1556
-1388
-2631
-1254
1676
4006
4104
2055
-495
-1627
-611
1579
3154
2921
1105
-941
-1840
-1161
354
1373
1032
-393
-1794
-2185
-1494
-468
49
-243
-982
-1535
-1444
-772
-71
132
-181
-539
-450
61
538
657
458
223
204
401
642
743
574
245
27
57
208
210
-50
-377
-506
-388
-220
-219
-406
-594
-569
-306
-23
35
-143
-255
35
679
1199
1132
481
-177
-132
816
2102
2692
1853
-59
-1640
-1524
341
2451
2944
1161
-1780
-3838
-3551
-1110
1640
2475
522
-2902
-5183
-4554
-1538
1563
2494
750
-2202
-4078
-3370
-484
2522
3543
2059
-495
-1964
-1219
1137
3392
4011
2699
545
-810
-417
1263
2803
2994
1713
-132
-1350
-1275
-165
988
1161
130
-1366
-2291
-2146
-1251
-346
-35
-470
-1311
-1894
-1728
-926
-90
245
72
-203
-269
-108
161
448
704
868
856
704
521
365
268
292
450
585
438
-68
-637
-833
-541
-116
-10
-348
-844
-1058
-786
-229
155
40
-375
-450
198
1182
1650
1142
126
-378
319
1962
3380
3227
1177
-1410
-2326
-572
2485
4131
2691
-994
-4327
-4966
-2471
1294
3326
1708
-2623
-6359
-6524
-3071
1197
3121
1558
-2073
-4961
-4906
-1801
2234
4356
3301
323
-2050
-2053
208
3165
4953
4510
2251
-160
-1023
151
2338
3879
3670
1774
-703
-2216
-1794
96
1802
1804
-27
-2398
-3705
-3183
-1339
404
691
-714
-2668
-3521
-2557
-584
904
995
-33
-1126
-1357
-530
777
1675
1663
947
210
45
481
1011
1166
891
458
120
-113
-297
-356
-252
-137
-231
-563
-884
-920
-638
-200
109
34
-296
-362
220
1171
1688
1320
470
-1
510
1843
3096
3104
1336
-1133
-2117
-505
2321
3652
1996
-1538
-4371
-4641
-2257
1070
2648
809
-3387
-6606
-6074
-2316
1469
2510
482
-2755
-4732
-3967
-818
2590
3828
2340
-96
-1302
-570
1301
3130
4098
3819
2486
1008
391
882
1930
2815
3053
2327
635
-1193
-1853
-890
714
1411
475
-1503
-3276
-3736
-2569
-651
454
-232
-2133
-3541
-3241
-1550
230
980
451
-724
-1478
-1085
249
1537
1883
1241
336
-75
220
847
1265
1203
732
150
-218
-271
-127
71
172
59
-215
-465
-543
-372
-22
275
322
189
206
589
1072
1172
789
323
287
867
1779
2382
1908
166
-1660
-1778
179
2398
2588
309
-2655
-4171
-3424
-1049
1305
1722
-568
-4040
-5733
-4110
-669
1685
1428
-677
-2823
-3575
-2348
267
2525
2837
1367
-179
-419
499
1662
2616
3233
3194
2410
1451
1034
1232
1561
1819
2142
2193
1319
-297
-1504
-1412
-376
466
357
-694
-2212
-3340
-3221
-1844
-336
-48
-1223
-2713
-3182
-2302
-716
613
896
38
-1110
-1407
-463
1011
1917
1765
927
143
-71
357
1114
1612
1370
554
-153
-280
53
382
382
143
-82
-163
-120
-71
-125
-257
-231
277
1139
1556
898
-405
-1124
-374
1478
3048
3086
1320
-1307
-2865
-1793
1367
3960
3424
-128
-3864
-5019
-3117
173
2430
1989
-1077
-4745
-6183
-4166
-405
2043
1571
-905
-3278
-3995
-2633
109
2536
3044
1595
-244
-861
18
1548
2925
3726
3579
2476
1202
730
1194
1912
2374
2559
2298
1228
-391
-1500
-1262
-93
750
499
-721
-2304
-3389
-3205
-1808
-341
-130
-1356
-2885
-3429
-2595
-926
565
910
-144
-1647
-2067
-790
1193
2364
2075
794
-483
-822
154
1864
2911
2249
374
-1098
-1059
194
1513
1901
1077
-415
-1466
-1213
44
1036
955
292
-30
167
376
296
117
146
567
1415
2291
2217
511
-1829
-2448
-305
2769
3827
1684
-2026
-4524
-4278
-1680
1440
2645
618
-3384
-6194
-5497
-2100
1052
1815
164
-2422
-4062
-3594
-1191
1675
3025
2170
400
-625
-341
841
2291
3493
3902
3228
1934
957
863
1489
2338
3017
3094
2104
279
-1259
-1462
-371
915
1230
191
-1717
-3376
-3651
-2370
-666
-41
-1036
-2759
-3767
-3336
-1794
-161
453
-327
-1702
-2294
-1355
448
1755
1817
855
-252
-551
290
1688
2550
2199
1019
13
-198
287
1042
1629
1594
783
-225
-663
-446
27
567
1173
1556
1096
-251
-1357
-1089
376
1980
2797
2359
530
-2004
-3175
-1307
2268
4119
2330
-1548
-4293
-4329
-2344
356
2191
1452
-1962
-5511
-5980
-3001
433
1542
380
-1497
-3033
-3611
-2472
308
2834
2993
1115
-526
-613
324
1557
2999
4231
4088
2310
572
488
1663
2724
3139
3081
2371
752
-902
-1102
152
1203
906
-272
-1407
-2239
-2732
-2484
-1504
-799
-1247
-2420
-3192
-3064
-2333
-1388
-578
-485
-1289
-2071
-1735
-395
872
1279
920
266
-261
-117
972
2219
2427
1506
474
138
374
788
1379
1897
1602
492
-390
-355
177
569
994
1751
1916
552
-1205
-1411
67
1760
2568
2470
1337
-1184
-3497
-2675
1250
4299
3051
-1294
-4550
-4675
-2885
-536
1587
1813
-1125
-5384
-6825
-3827
327
1782
544
-1244
-2641
-3558
-2992
-60
3351
3879
1337
-960
-822
756
2134
3216
4225
4046
2052
220
677
2615
3611
2840
1707
1354
1072
310
-124
96
171
-311
-803
-863
-1081
-2076
-3036
-2801
-1731
-1109
-1496
-2412
-3113
-3161
-2318
-830
103
-466
-1746
-2129
-1063
585
1587
1469
578
-349
-355
929
2412
2632
1522
325
53
508
1059
1584
1855
1268
91
-453
83
741
719
671
1385
1882
843
-843
-1201
108
1748
2629
2650
1440
-1453
-3965
-2690
1869
4838
2750
-2303
-5402
-4748
-2371
-8
1717
1318
-2178
-6312
-6750
-2709
1387
1667
-550
-2158
-2680
-2868
-2037
665
3415
3156
386
-1123
70
1802
2446
2788
3593
3642
1970
479
1247
3016
3360
2238
1450
1636
1468
379
-229
216
423
-243
-869
-811
-888
-1999
-3183
-2821
-1404
-815
-1643
-2908
-3477
-3025
-1951
-781
-228
-869
-2001
-2214
-1087
546
1463
1134
125
-571
-247
1016
2136
2148
1264
368
125
578
1258
1721
1637
986
480
624
805
548
534
1443
2525
2249
635
-502
-254
639
1702
2911
3196
862
-3172
-4512
-848
3702
3658
-725
-4619
-5088
-3533
-1914
-134
1105
-607
-4866
-7163
-4594
-95
1492
-171
-1732
-1981
-2317
-2488
-672
2509
3768
1800
-469
-251
1290
2036
2450
3592
4353
3120
946
468
1920
3132
3171
2929
2612
1405
-399
-969
417
1886
1553
-52
-1473
-2309
-2659
-2217
-1044
-414
-1439
-3197
-3919
-3342
-2381
-1588
-1038
-1027
-1861
-2812
-2485
-870
519
776
342
-195
-614
-571
371
1807
2383
1477
175
-239
348
1248
1836
1935
1597
947
442
455
834
1535
2526
2998
2183
662
-148
409
1668
2749
3329
2702
69
-3056
-3232
338
3720
2680
-1858
-5152
-4971
-3224
-1727
-516
-165
-2115
-5636
-7018
-4248
-425
453
-1197
-2355
-2216
-2152
-2149
-633
2020
3086
1695
213
482
1561
2119
2686
3967
4710
3548
1666
1258
2375
3341
3503
3545
3332
1897
-240
-1009
415
2269
2295
358
-1921
-3231
-3192
-2024
-638
-386
-1894
-4105
-5143
-4257
-2376
-973
-972
-2215
-3520
-3671
-2406
-535
650
539
-336
-1089
-1085
-152
1197
2128
2120
1314
451
226
783
1725
2401
2512
2252
1704
897
402
1025
2699
3971
3423
1575
154
-4
826
2253
3689
3631
792
-3025
-3731
-414
2882
2239
-1482
-4318
-4529
-3709
-2801
-1328
-399
-2041
-5418
-6775
-4214
-720
-112
-1814
-2862
-2575
-2067
-1432
39
1722
1826
448
13
1363
2598
2602
2472
3202
3988
3585
2559
2354
2823
3117
3445
3948
3686
1952
-147
-432
1362
2817
2099
-107
-2203
-3148
-2674
-1329
-286
-830
-3018
-5003
-5062
-3544
-2000
-1520
-2103
-3090
-3838
-3684
-2310
-633
69
-323
-952
-1049
-587
24
779
1714
2190
1701
795
528
1291
2336
2839
2857
2599
1921
1130
1134
2388
3876
3860
2248
752
436
981
1925
2970
3200
1284
-2148
-3623
-1178
2188
2178
-1313
-4414
-4588
-3379
-2711
-2033
-1121
-1761
-4467
-6430
-4958
-1598
-210
-1390
-2430
-2211
-2097
-2325
-1231
1452
3058
1738
-352
-287
1493
2826
3247
3649
3957
3201
1857
1777
3190
4235
3889
3079
2680
2232
1233
522
1029
1932
1721
313
-1234
-2125
-2258
-1869
-1281
-1146
-2114
-3665
-4463
-3985
-2873
-2066
-1971
-2414
-3078
-3465
-2935
-1543
-232
144
-420
-1101
-1097
-384
682
1725
2141
1606
655
270
975
2187
2891
2892
2501
1782
1015
983
2205
3796
3943
2400
980
751
1019
1241
1979
3183
2796
-522
-3835
-3104
692
2597
274
-3353
-4613
-3939
-3515
-2951
-1355
-615
-2733
-5890
-6134
-2935
-187
-389
-1636
-1841
-1653
-1942
-1611
477
2746
2707
974
176
911
1874
2535
3405
4272
3878
2188
1212
2038
3298
3635
3369
3093
2389
901
-227
361
1843
2157
808
-961
-2069
-2426
-2219
-1481
-797
-1288
-2985
-4413
-4366
-3170
-2004
-1601
-1898
-2599
-3270
-3172
-1990
-454
355
90
-657
-1073
-760
248
1499
2184
1796
808
284
765
1756
2488
2733
2483
1732
930
941
2114
3454
3493
2228
1054
771
1054
1578
2374
2877
1748
-997
-2761
-1502
1086
1655
-574
-3165
-3925
-3418
-2929
-2249
-1340
-1561
-3492
-5314
-4775
-2334
-672
-930
-1744
-2021
-2015
-1818
-817
944
2049
1484
406
444
1399
2156
2526
2990
3416
3085
2191
1958
2702
3316
3068
2535
2436
2457
1853
860
462
833
1144
755
-213
-1235
-1887
-2062
-1850
-1538
-1629
-2341
-3230
-3666
-3376
-2598
-1937
-1886
-2390
-2879
-2702
-1792
-816
-386
-448
-638
-688
-441
158
1022
1703
1575
779
280
706
1813
2815
2971
2190
1076
577
1432
3118
3970
3180
1667
673
590
1228
2435
3636
3145
142
-2880
-2551
686
2813
1255
-2109
-3927
-3733
-3082
-2261
-993
-655
-2627
-5390
-5767
-3271
-938
-908
-1911
-2284
-2367
-2681
-2236
-253
1763
1741
238
-441
301
1258
1994
3079
4118
3709
1851
692
1779
3908
4897
4201
2769
1474
759
1073
2325
3213
2395
265
-1399
-1546
-774
-228
-420
-1204
-2243
-3159
-3509
-3118
-2422
-2044
-2200
-2723
-3296
-3472
-2952
-1939
-1021
-713
-1042
-1542
-1676
-1158
-64
1063
1537
1173
413
39
549
1643
2673
3208
2896
1778
741
905
2493
4237
4368
2769
1076
475
871
1874
3162
3842
2372
-1182
-3563
-1945
1746
3013
378
-3220
-4508
-3706
-2729
-1782
-682
-985
-3529
-6028
-5531
-2495
-429
-1044
-2381
-2648
-2495
-2572
-1952
-34
1706
1467
-4
-469
442
1449
2194
3113
3839
3463
2150
1412
2205
3637
4392
4218
3372
2101
1073
1109
2113
2878
2372
919
-452
-1281
-1521
-1079
-363
-381
-1607
-3283
-4109
-3641
-2657
-2020
-2027
-2681
-3633
-4103
-3507
-2138
-1026
-898
-1458
-1966
-1958
-1260
-42
1074
1459
1019
353
281
1007
2081
3051
3513
3014
1798
1073
1850
3599
4548
3783
2350
1517
1225
1158
1822
3280
3707
1192
-2583
-3392
-356
2444
1460
-1966
-4060
-3814
-3168
-2808
-1737
-776
-2082
-5009
-6069
-3790
-1027
-797
-2120
-2549
-2237
-2451
-2411
-710
1524
1737
25
-826
319
1675
2066
2497
3438
3513
2153
1204
2262
4077
4449
3430
2653
2512
2180
1722
1958
2574
2300
967
-171
-378
-341
-686
-1053
-1155
-1455
-2255
-3061
-3267
-3018
-2847
-2790
-2718
-2907
-3398
-3599
-3064
-2159
-1590
-1481
-1421
-1331
-1400
-1272
-360
1050
1769
1221
372
468
1430
2330
2891
3390
3408
2319
1032
1479
3755
5293
4165
1855
916
1340
1650
1990
3228
3827
1154
-3263
-4129
-100
3441
1763
-2835
-4936
-3787
-2876
-3044
-2076
-548
-1738
-5384
-6851
-4005
-681
-678
-2307
-2408
-1787
-2546
-3243
-1217
2098
2719
430
-1072
-128
1265
1899
2958
4468
4209
1763
224
1836
4522
5100
3783
2780
2386
1625
1029
1787
3158
3052
1087
-797
-1229
-871
-606
-443
-555
-1453
-2934
-3915
-3624
-2635
-2077
-2235
-2816
-3580
-3959
-3440
-2373
-1520
-1302
-1524
-1638
-1552
-1360
-687
408
1177
1287
957
647
826
1363
2017
2907
3540
3152
1950
997
1494
3409
4719
3938
2177
1091
916
1136
1806
3241
3928
1394
-2955
-4032
-375
3194
2027
-2246
-4486
-3585
-2842
-3091
-2040
-318
-1378
-5140
-6937
-4190
-638
-640
-2552
-2685
-1825
-2477
-3358
-1604
1698
2507
260
-1189
-11
1367
1551
2283
4135
4623
2448
395
1408
4029
4941
4056
3457
3173
1896
405
864
3125
4259
2435
-581
-2120
-1794
-703
243
342
-892
-3073
-4731
-4485
-2767
-1356
-1366
-2650
-4222
-4808
-3922
-2238
-891
-712
-1512
-2281
-2323
-1530
-157
1066
1451
1040
412
226
767
1720
2623
3162
3067
2344
1488
1229
2065
3564
4322
3540
2011
911
645
1138
2327
3706
3572
598
-3092
-3355
223
3178
1895
-1955
-4182
-3785
-3007
-2525
-1250
-254
-1868
-5203
-6396
-3888
-908
-749
-2133
-2453
-2239
-2853
-3081
-1248
1354
1884
266
-756
-119
678
1205
2535
4185
4153
2161
645
1521
3493
4424
4423
4169
3034
1072
171
1599
3854
4137
1931
-538
-1637
-1569
-705
490
768
-857
-3554
-4962
-3942
-2117
-1397
-1885
-2938
-4105
-4728
-4095
-2290
-711
-801
-2023
-2693
-2313
-1419
-298
866
1512
1096
40
-272
738
2088
2934
3308
3097
2077
918
1036
2902
4771
4572
2800
1383
850
842
1705
3646
4830
2575
-2095
-4073
-986
3039
3019
-555
-3401
-3688
-3332
-3217
-1848
104
-647
-4357
-6823
-5123
-1699
-604
-1781
-2451
-2317
-2925
-3543
-2093
767
2010
664
-835
-592
341
928
2038
3779
4292
2611
622
808
2846
4391
4598
4157
3048
1232
160
1311
3682
4395
2364
-294
-1423
-1163
-440
423
884
-157
-2743
-4720
-4038
-1775
-723
-1699
-3231
-4003
-4033
-3678
-2730
-1366
-827
-1730
-2862
-2853
-1734
-413
431
757
652
58
-427
140
1541
2735
3138
2694
1785
1127
1379
2764
4303
4392
3108
1955
1473
1314
1732
3235
4765
3578
-669
-3504
-1359
2808
3541
130
-3176
-3496
-2694
-2775
-2310
-649
-646
-3747
-6623
-5661
-2279
-819
-2103
-3135
-2847
-2988
-3577
-2571
50
1518
390
-1132
-783
418
984
1788
3438
4207
2770
797
971
3154
4724
4630
3963
3060
1630
732
1733
3845
4411
2307
-324
-1162
-540
212
664
582
-564
-2581
-3985
-3417
-1703
-973
-1830
-3184
-4054
-4092
-3355
-2299
-1592
-1762
-2482
-2711
-2234
-1709
-1187
-366
402
518
-73
-518
99
1303
2086
2489
2704
2312
1402
1013
2126
4109
4800
3470
1920
1491
1660
1957
2897
4387
4279
886
-2925
-2398
1902
4348
1879
-2404
-4010
-2982
-2271
-2076
-928
-317
-2637
-6172
-6649
-3422
-729
-1471
-3283
-3425
-3059
-3658
-3616
-1355
1216
1108
-967
-1656
-359
763
1328
2681
4265
3879
1519
273
2039
4659
5414
4594
3549
2367
1185
1262
3144
4856
3888
900
-1096
-907
151
802
790
34
-1602
-3408
-3852
-2605
-1308
-1379
-2537
-3764
-4321
-4004
-3093
-2134
-1814
-2287
-2763
-2705
-2416
-1916
-949
104
473
-63
-674
-320
775
1707
2362
2832
2635
1684
1053
1964
3923
4846
3893
2528
1990
1936
2026
2832
4317
4449
1593
-1894
-1923
1361
3539
1889
-1474
-3109
-2846
-2580
-2309
-1171
-623
-2509
-5417
-6050
-3844
-1840
-2083
-2991
-2988
-3050
-3836
-3812
-1866
396
702
-494
-1019
-543
-77
758
2664
4348
3871
1711
662
2064
4077
4920
4917
4371
2846
1092
1054
3185
5034
4069
1234
-626
-652
20
593
883
412
-1306
-3387
-3916
-2599
-1348
-1550
-2674
-3672
-4134
-4110
-3562
-2543
-1849
-2180
-2923
-3125
-2708
-1955
-1039
-199
200
-115
-674
-480
567
1736
2595
2922
2493
1615
1237
2251
4169
5099
4181
2681
1913
1925
2427
3473
4709
4407
1335
-2038
-1790
1703
3924
2058
-1761
-3679
-3198
-2479
-1974
-1001
-844
-3011
-5910
-6299
-3755
-1617
-2094
-3300
-3335
-3268
-3925
-3797
-1733
568
653
-838
-1247
-322
344
951
2570
4230
3922
1886
898
2366
4275
4785
4664
4498
3381
1470
851
2697
4875
4377
1596
-566
-920
-399
247
826
655
-1056
-3491
-4406
-3101
-1510
-1362
-2365
-3529
-4336
-4529
-3843
-2435
-1431
-1824
-2935
-3398
-2894
-1836
-646
208
335
-247
-788
-322
999
2131
2665
2773
2444
1838
1609
2449
4095
4998
4171
2643
1828
1940
2619
3559
4250
3640
1068
-1666
-1510
1333
3152
1575
-1782
-3717
-3380
-2524
-2022
-1366
-1321
-3117
-5592
-6079
-3970
-1842
-1970
-3140
-3341
-3166
-3661
-3650
-1767
748
1231
-480
-1557
-566
916
1824
2845
3981
3893
2219
1021
2280
4713
5620
4728
3537
2672
1977
1838
2830
4117
3715
1344
-775
-1007
-102
481
236
-579
-1736
-3008
-3653
-3134
-2206
-1988
-2597
-3484
-4101
-4093
-3493
-2635
-2004
-2025
-2475
-2721
-2500
-1758
-618
253
297
-168
-311
353
1408
2082
2394
2656
2559
2075
2022
2926
4154
4432
3410
2316
2089
2362
2833
3472
3566
2235
-83
-1302
5
2044
1885
-462
-2595
-3112
-2647
-2210
-1798
-1462
-2303
-4344
-5452
-4359
-2573
-2105
-2850
-3212
-2884
-3006
-3383
-2461
-442
673
74
-831
-548
515
1252
1977
3181
3796
2938
1759
1968
3478
4589
4454
3896
3395
2538
1705
1967
3133
3566
2274
317
-620
-420
-79
-26
-292
-1116
-2319
-3125
-3036
-2479
-2303
-2662
-3035
-3306
-3618
-3590
-2990
-2343
-2157
-2299
-2328
-2074
-1727
-1235
-445
164
135
-20
326
1043
1670
2063
2394
2541
2208
2000
2734
3779
3945
3255
2597
2397
2331
2363
3079
3862
2809
89
-1397
-25
2182
2171
-171
-2222
-2659
-2541
-2390
-1651
-961
-1858
-4174
-5506
-4344
-2443
-2119
-2877
-3075
-2851
-3191
-3597
-2642
-603
451
-212
-977
-641
172
801
1672
2968
3593
2713
1518
1790
3277
4305
4252
3819
3394
2646
1792
1867
2981
3601
2593
804
-274
-358
-122
54
136
-324
-1700
-3139
-3316
-2353
-1656
-2008
-2816
-3325
-3553
-3627
-3166
-2171
-1583
-2028
-2783
-2758
-1901
-983
-430
-117
-45
-222
-179
473
1427
2091
2282
2219
1992
1709
2009
3194
4201
3863
2626
1847
1996
2441
2865
3520
3635
1831
-916
-1549
768
2996
2092
-977
-2940
-2876
-2352
-1957
-1140
-705
-2212
-4887
-5797
-3933
-1852
-1787
-2725
-3023
-3103
-3696
-3736
-2009
261
735
-549
-1413
-916
52
1048
2428
3631
3309
1648
815
2077
4006
4707
4214
3514
2801
1972
1699
2587
3724
3489
1792
183
-290
-46
214
339
175
-677
-2098
-3097
-2906
-2034
-1576
-1934
-2709
-3395
-3697
-3456
-2711
-1925
-1709
-2128
-2622
-2645
-2038
-1051
-214
23
-271
-505
-196
522
1248
1859
2291
2251
1670
1257
1942
3444
4233
3530
2303
1761
1949
2381
3071
3883
3531
1166
-1334
-1101
1598
3285
1740
-1314
-2933
-2725
-2102
-1442
-588
-662
-2684
-5161
-5409
-3289
-1495
-1687
-2659
-3085
-3389
-3876
-3409
-1405
492
376
-1088
-1745
-1028
91
1257
2588
3335
2543
964
685
2342
4199
4639
3950
3079
2267
1692
2032
3324
4114
3125
1153
0
115
577
737
643
187
-956
-2340
-2845
-2195
-1431
-1495
-2214
-2958
-3481
-3704
-3346
-2417
-1723
-1975
-2758
-3111
-2704
-1876
-1008
-346
-188
-612
-995
-543
621
1638
2063
2105
1895
1390
1156
2159
4050
4872
3594
1706
1204
2156
3288
3957
4144
3115
468
-1702
-635
2702
4030
1371
-2364
-3560
-2433
-1376
-978
-611
-1075
-3281
-5581
-5306
-2745
-1057
-1771
-3082
-3410
-3472
-3795
-3178
-1040
756
277
-1470
-2040
-972
466
1691
2777
3089
2006
574
754
2719
4474
4574
3578
2509
1734
1602
2528
3864
3973
2310
434
-47
566
1039
968
552
-243
-1439
-2359
-2255
-1521
-1260
-1761
-2468
-3062
-3510
-3513
-2825
-1990
-1915
-2594
-3103
-2921
-2359
-1694
-935
-400
-544
-1075
-1008
11
1128
1597
1753
2000
1923
1388
1436
2902
4641
4639
2886
1506
1769
2868
3771
4303
4057
2160
-648
-1438
1099
3882
3108
-607
-3318
-3166
-1920
-1254
-839
-762
-2307
-5033
-6082
-4115
-1638
-1525
-3009
-3632
-3370
-3660
-3892
-2359
144
826
-803
-2080
-1292
247
1185
2059
3159
3144
1517
407
1761
4208
5023
3956
2778
2278
2008
2107
3088
4033
3250
1090
-230
208
1081
1109
496
-207
-1125
-2116
-2294
-1592
-1234
-1847
-2639
-2886
-2953
-3252
-3212
-2442
-1909
-2384
-3045
-2892
-2201
-1731
-1479
-1006
-572
-687
-860
-300
661
1246
1472
1742
1925
1702
1635
2598
3967
4169
3157
2343
2366
2718
3179
4027
4518
2989
-36
-1223
967
3554
3029
-59
-2444
-2754
-2328
-1918
-1000
-463
-2112
-5083
-6205
-4359
-2133
-2068
-3249
-3594
-3396
-3813
-4028
-2619
-420
334
-677
-1456
-892
63
802
1923
3259
3460
2177
1123
1907
3742
4723
4432
3681
2845
2024
1871
2872
4013
3594
1658
49
-139
415
764
710
236
-908
-2386
-2964
-2168
-1257
-1471
-2444
-3131
-3315
-3424
-3359
-2723
-2005
-2092
-2787
-3105
-2652
-1936
-1447
-1044
-611
-501
-695
-531
223
1044
1542
1883
2145
2010
1647
2031
3394
4411
3999
2880
2376
2598
2905
3427
4332
4220
1828
-977
-868
2025
3719
1743
-1616
-3026
-2577
-2191
-1983
-1245
-1150
-3195
-5836
-5929
-3536
-1977
-2739
-3755
-3437
-3038
-3654
-3780
-1979
185
377
-807
-1038
2
798
1140
2219
3740
3793
2213
1375
2643
4408
4756
4001
3393
2968
2278
1989
2810
3660
2929
1009
-231
-119
326
315
50
-429
-1484
-2723
-3066
-2321
-1656
-1977
-2773
-3237
-3472
-3674
-3392
-2505
-1872
-2179
-2839
-2842
-2264
-1787
-1344
-582
57
-53
-571
-442
630
1719
2155
2317
2384
2026
1691
2419
4013
4804
3879
2469
2098
2569
3092
3782
4399
3408
440
-1718
-297
2912
3393
236
-2881
-3333
-2477
-2196
-1974
-1266
-1714
-4266
-6411
-5428
-2745
-1855
-3077
-3776
-3157
-3070
-3824
-3234
-800
886
192
-1067
-693
651
1282
1646
2914
4039
3337
1790
1847
3592
4716
4198
3450
3334
2950
2056
1916
2861
3293
2045
300
-236
107
57
-303
-371
-675
-1844
-3035
-2991
-2056
-1712
-2334
-2977
-3187
-3340
-3431
-2993
-2168
-1805
-2223
-2625
-2377
-1880
-1474
-831
-45
189
-191
-374
215
1187
1881
2292
2518
2163
1499
1799
3335
4544
4069
2630
1953
2261
2579
3073
4105
4045
1453
-1609
-1518
1744
3803
1693
-2040
-3526
-2876
-2296
-1983
-1124
-903
-3052
-5983
-6169
-3506
-1517
-2025
-3186
-3269
-3168
-3730
-3446
-1217
984
809
-806
-1206
-11
1095
1699
2742
3805
3384
1785
1248
2782
4562
4625
3571
2881
2495
1939
1873
2752
3395
2409
443
-576
-168
395
301
-118
-685
-1682
-2763
-2912
-1979
-1267
-1798
-2917
-3455
-3303
-2994
-2666
-2242
-1998
-2196
-2505
-2424
-1963
-1413
-875
-352
-45
-149
-304
89
899
1582
2091
2455
2299
1639
1396
2478
4186
4554
3165
1814
1662
2140
2721
3608
4308
2967
-687
-2931
-558
3554
3925
-68
-3853
-4132
-2540
-1718
-1219
-420
-1270
-4509
-6906
-5371
-1701
-278
-1833
-3277
-3324
-3452
-3695
-2221
696
1985
240
-1807
-1394
424
1553
2305
3456
3777
2071
130
834
3680
5333
4438
2722
1713
1286
1347
2441
3937
3755
1323
-1043
-1167
309
1392
1229
159
-1391
-2837
-3135
-1962
-668
-778
-2137
-3449
-3914
-3575
-2700
-1751
-1539
-2317
-3116
-2999
-2245
-1565
-1068
-514
-155
-462
-869
-309
903
1622
1740
1939
2307
2154
1511
1819
3493
4619
3907
2476
1797
1941
2288
3003
4302
4324
1217
-2520
-2321
1772
4541
2306
-2348
-4479
-3420
-1990
-1298
-631
-697
-2921
-5960
-6343
-3414
-727
-961
-2591
-3333
-3472
-3759
-3126
-767
1415
1050
-986
-1821
-762
588
1564
2846
3884
2972
599
-217
1886
4646
5372
4050
2325
1131
775
1854
3982
4922
3105
28
-1461
-490
1284
2070
1481
-200
-2335
-3489
-2673
-883
-145
-1200
-2941
-4019
-4100
-3387
-2174
-1316
-1737
-3048
-3749
-3075
-1842
-1106
-837
-636
-683
-1012
-919
55
1246
1719
1627
1712
1867
1655
1629
2597
4018
4364
3266
2111
1876
2123
2706
4005
4969
3403
-504
-2741
-271
3931
4369
442
-3375
-3902
-2463
-1426
-745
-197
-1422
-4628
-6617
-4973
-1788
-817
-2317
-3526
-3530
-3768
-4077
-2679
-63
973
-492
-2049
-1640
-330
439
1518
3361
3894
1880
-309
382
3439
5555
5179
3727
2384
1191
1016
2834
5258
5390
2463
-734
-1314
288
1884
2315
1420
-634
-2927
-3793
-2429
-379
31
-1526
-3502
-4520
-4260
-3119
-1828
-1301
-2087
-3456
-3971
-3199
-1930
-1005
-676
-785
-1140
-1424
-1050
71
1169
1708
1877
1800
1408
1063
1591
3228
4705
4523
3054
1838
1540
2076
3489
5232
5393
2383
-1789
-2507
1278
4886
3919
-379
-3520
-3633
-2459
-1342
-72
303
-1998
-5634
-6745
-4182
-1265
-1090
-2608
-3431
-3740
-4472
-4340
-2020
634
716
-1338
-2471
-1600
-347
586
2154
3812
3342
814
-551
1256
4283
5594
4909
3570
2065
777
1179
3718
5916
4963
1509
-1106
-1008
669
2098
2479
1425
-1052
-3502
-3850
-1898
112
63
-1819
-3825
-4752
-4355
-2964
-1530
-1252
-2385
-3794
-4158
-3316
-2036
-972
-457
-692
-1396
-1717
-1035
242
1268
1902
2331
2168
1223
583
1651
4027
5445
4586
2748
1658
1538
2196
3840
5721
5459
1773
-2372
-2330
1834
4954
3475
-619
-3375
-3692
-2928
-1584
257
603
-2267
-6128
-6909
-4121
-1332
-1123
-2353
-3266
-4117
-4999
-4291
-1453
1012
612
-1540
-2480
-1567
-255
1013
2675
3798
2823
504
-225
1844
4539
5465
4573
3016
1644
1112
2057
4066
5135
3751
1080
-518
-251
934
1800
1738
680
-1158
-2827
-3042
-1823
-596
-594
-1914
-3608
-4448
-3997
-2817
-1889
-1903
-2651
-3316
-3487
-3161
-2306
-1203
-517
-607
-1099
-1210
-649
143
918
1892
2731
2561
1410
710
1785
3984
5203
4518
3068
2129
1829
2099
3363
5235
5470
2388
-1745
-2495
974
4355
3571
-304
-3309
-3871
-3205
-2042
-359
321
-1983
-5915
-7347
-4824
-1621
-1033
-2388
-3466
-4080
-4805
-4426
-1804
1045
1108
-1188
-2597
-1630
157
1434
2678
3734
3105
969
49
1967
4778
5611
4335
2913
2244
1904
2145
3457
4677
3960
1506
-357
-158
1001
1411
968
301
-704
-2175
-3178
-2683
-1284
-770
-1898
-3571
-4378
-4049
-3223
-2511
-2176
-2363
-3019
-3565
-3316
-2312
-1221
-626
-585
-772
-862
-619
86
1107
2093
2670
2563
1876
1312
1834
3558
5089
4936
3439
2171
1909
2323
3216
4603
5233
3083
-1018
-2795
-34
3783
3825
56
-3355
-3993
-3281
-2484
-1066
108
-1445
-5353
-7501
-5436
-1955
-999
-2321
-3303
-3675
-4520
-4688
-2365
907
1557
-742
-2510
-1697
86
1290
2532
3859
3536
1312
-4
1756
4740
5724
4539
3260
2596
1997
1974
3364
4931
4329
1639
-354
-64
1059
1275
761
240
-603
-2107
-3287
-2943
-1650
-1178
-2134
-3511
-4272
-4240
-3686
-2923
-2378
-2458
-3053
-3504
-3272
-2446
-1503
-828
-570
-619
-648
-379
207
975
1810
2589
2938
2459
1651
1776
3212
4759
5020
3958
2736
2147
2096
2691
4155
5210
3733
11
-2468
-1003
2489
3651
1185
-2202
-3892
-3845
-2942
-1435
-145
-949
-4092
-6693
-6081
-3313
-1436
-1557
-2525
-3499
-4489
-4706
-2975
-119
1313
229
-1599
-2028
-954
677
2456
3800
3556
1751
387
1245
3631
5272
5102
3912
2638
1748
1864
3173
4545
4341
2340
281
-211
493
1127
1149
539
-589
-1887
-2822
-2846
-2029
-1396
-1774
-2900
-3975
-4308
-3763
-2934
-2420
-2372
-2748
-3256
-3327
-2672
-1616
-852
-713
-767
-550
-252
-44
446
1439
2452
2779
2331
1783
1807
2549
3759
4728
4595
3331
1947
1545
2392
3845
4859
4276
1559
-1644
-2126
854
3813
3078
-764
-3934
-4256
-2942
-1589
-421
-233
-2392
-5824
-7045
-4592
-1337
-681
-2219
-3532
-4104
-4519
-3938
-1470
1225
1335
-1067
-2745
-1799
323
1959
3097
3586
2595
663
166
2308
5024
5615
4135
2528
1837
1866
2558
3854
4560
3311
870
-476
91
1190
1416
774
-171
-1309
-2462
-2848
-2109
-1172
-1257
-2406
-3586
-4011
-3707
-2980
-2212
-1955
-2462
-3183
-3307
-2658
-1731
-1008
-643
-621
-795
-835
-373
540
1360
1798
2102
2206
1776
1303
1878
3501
4690
4235
2758
1740
1647
2191
3420
4864
4608
1427
-2196
-2099
1703
4400
2747
-1154
-3527
-3575
-2721
-1406
317
443
-2635
-6325
-6497
-3277
-723
-1012
-2348
-3061
-3884
-4812
-3829
-635
1627
552
-1968
-2631
-1261
203
1357
2810
3502
2068
-34
93
2612
4752
4749
3614
2679
1965
1574
2303
3897
4498
3009
829
-35
461
1057
1186
945
188
-1123
-2301
-2509
-1828
-1208
-1328
-2093
-3088
-3805
-3727
-2872
-2013
-1903
-2434
-2923
-3014
-2745
-2056
-1033
-333
-471
-1026
-1088
-405
425
1042
1736
2356
2152
1152
679
1880
3900
4688
3746
2376
1565
1417
2083
3742
5260
4259
425
-2601
-1339
2607
4421
2136
-1555
-3472
-3371
-2342
-668
805
-13
-3436
-6292
-5566
-2470
-615
-1151
-2345
-3194
-4160
-4593
-2970
-37
1280
-200
-2222
-2363
-1017
316
1517
2733
2908
1427
-49
581
2877
4471
4276
3253
2415
1904
1875
2640
3739
3910
2606
946
296
652
1155
1203
689
-150
-1040
-1785
-2091
-1847
-1423
-1404
-2091
-3094
-3587
-3285
-2709
-2389
-2320
-2343
-2558
-2934
-2911
-2101
-1029
-512
-646
-876
-851
-601
-6
1109
2286
2569
1662
633
861
2462
4195
4713
3724
2159
1184
1398
2829
4709
5339
3365
-303
-2413
-595
3238
4615
1883
-2188
-4175
-3472
-1610
103
750
-849
-4318
-6638
-5396
-2100
-314
-1220
-2952
-4015
-4596
-4406
-2471
313
1236
-615
-2798
-2700
-757
1046
2141
2814
2507
984
-115
1018
3613
5097
4415
2897
1977
1844
2317
3362
4292
3884
2057
426
339
1220
1691
1280
384
-555
-1359
-1866
-1850
-1463
-1355
-1891
-2745
-3359
-3423
-3071
-2731
-2630
-2668
-2744
-2836
-2870
-2635
-2029
-1323
-906
-804
-789
-714
-459
153
1164
2154
2417
1762
981
1200
2674
4315
4735
3704
2257
1512
1847
3115
4770
5394
3452
-305
-2349
-248
3667
4695
1558
-2476
-4161
-3427
-1706
98
850
-1088
-5095
-7346
-5402
-1770
-439
-1824
-3502
-4349
-4972
-4777
-2432
655
1173
-1224
-3250
-2620
-543
1123
2373
3308
2724
624
-408
1449
4422
5599
4664
3258
2199
1581
2117
4042
5567
4570
1718
-136
279
1545
2115
1811
842
-731
-2252
-2605
-1667
-763
-1075
-2328
-3522
-4070
-3859
-3104
-2455
-2557
-3245
-3702
-3472
-2842
-2276
-1894
-1626
-1467
-1271
-832
-327
-27
257
872
1769
2390
2226
1632
1567
2510
3958
4753
4198
2887
1921
1895
2916
4571
5511
4080
447
-2206
-777
3191
4861
2153
-2109
-4218
-3610
-1945
-223
701
-863
-4752
-7406
-5928
-2202
-490
-1819
-3632
-4423
-4920
-4843
-2798
253
1131
-1044
-3210
-2685
-576
984
2081
3169
3017
1058
-387
1075
4217
5816
5008
3466
2330
1627
1961
3888
5820
5182
2091
-373
-166
1511
2493
2161
961
-792
-2497
-2972
-1851
-501
-635
-2336
-4098
-4660
-3982
-2861
-2236
-2548
-3445
-4127
-3945
-2937
-1831
-1380
-1686
-2094
-1779
-725
161
346
334
739
1501
2133
2361
2286
2159
2399
3366
4517
4667
3522
2145
1791
2774
4371
5368
4425
1227
-1854
-1443
2249
4827
2995
-1490
-4414
-4137
-2260
-460
521
-550
-4052
-7228
-6683
-3052
-470
-1187
-3321
-4572
-4994
-4833
-3096
-159
1188
-507
-2840
-2853
-919
806
1921
3054
3292
1619
-222
518
3513
5681
5397
3842
2425
1502
1606
3351
5524
5484
2635
-271
-607
1009
2286
2209
1145
-521
-2327
-3153
-2240
-655
-367
-1893
-3820
-4596
-4010
-2908
-2189
-2258
-2974
-3752
-3875
-3069
-1851
-1124
-1302
-1804
-1685
-798
76
374
466
903
1534
1957
2154
2239
2197
2297
3032
4176
4597
3609
2048
1445
2357
4001
5085
4400
1544
-1643
-1931
1292
4386
3518
-684
-4174
-4528
-2797
-761
617
79
-3153
-6866
-7239
-3787
-416
-386
-2588
-4350
-5081
-5016
-3367
-275
1603
215
-2525
-3180
-1407
620
2013
3257
3608
1896
-375
-94
2999
5709
5752
4105
2450
1220
1011
2784
5469
5954
3030
-484
-1213
599
2230
2331
1386
-270
-2341
-3450
-2474
-535
-49
-1677
-3690
-4417
-3906
-3001
-2242
-1995
-2539
-3497
-3847
-3064
-1812
-1099
-1184
-1543
-1509
-878
-48
472
613
731
1153
1812
2323
2411
2152
1956
2381
3483
4342
3964
2566
1421
1590
2908
4200
4266
2577
-141
-1695
-405
2374
3372
1201
-2192
-4002
-3512
-1861
-205
330
-1394
-4666
-6574
-5143
-1950
-319
-1304
-3162
-4381
-4763
-3911
-1551
831
1005
-1030
-2720
-2212
-362
1369
2748
3482
2594
448
-504
1355
4369
5672
4678
2896
1454
804
1680
4028
5707
4454
1044
-1258
-655
1393
2594
2225
665
-1510
-3174
-3008
-1202
222
-403
-2483
-4161
-4444
-3578
-2286
-1448
-1777
-3094
-4179
-3881
-2414
-1054
-697
-1225
-1904
-1909
-935
397
1102
906
509
695
1472
2299
2743
2630
2159
2021
2789
3919
4104
2982
1778
1723
2599
3387
3490
2698
1026
-654
-742
1042
2541
1534
-1310
-3325
-3185
-1898
-874
-656
-1500
-3426
-5234
-5052
-2879
-1046
-1302
-2850
-3957
-4057
-3403
-2004
-229
561
-444
-1963
-2062
-551
1229
2345
2738
2296
1060
263
1287
3536
4896
4347
2851
1748
1453
1965
3262
4468
4034
1815
-239
-355
1005
2030
1769
624
-795
-2050
-2489
-1778
-689
-511
-1673
-3279
-4089
-3684
-2611
-1797
-1891
-2760
-3560
-3532
-2698
-1701
-1171
-1261
-1589
-1574
-946
-74
434
479
545
982
1639
2177
2351
2106
1818
2176
3334
4295
3918
2521
1603
1943
2936
3746
3955
3050
854
-1167
-747
1908
3514
1753
-1715
-3650
-3141
-1687
-551
-146
-1185
-3856
-6085
-5382
-2446
-571
-1369
-3285
-4429
-4571
-3845
-1948
241
603
-1259
-2892
-2211
-140
1370
2082
2505
2125
732
50
1654
4178
4968
3782
2551
2176
2022
2160
3355
4749
4208
1652
-270
209
1721
2196
1530
611
-519
-1893
-2466
-1515
-257
-477
-2131
-3597
-3861
-3304
-2574
-2028
-2097
-2963
-3855
-3692
-2523
-1526
-1477
-1915
-2004
-1515
-764
-148
131
166
257
748
1641
2416
2480
1866
1402
2025
3589
4645
4076
2523
1552
1874
2975
4058
4480
3398
728
-1440
-619
2434
3961
1840
-1813
-3649
-3063
-1661
-440
138
-1054
-4128
-6501
-5503
-2234
-438
-1590
-3652
-4686
-4745
-4002
-2053
163
423
-1575
-3168
-2277
-91
1341
1952
2361
2043
801
286
1890
4210
4852
3810
2865
2578
2305
2339
3489
4807
4260
1912
220
589
1734
2034
1520
760
-369
-1754
-2335
-1556
-557
-786
-2170
-3480
-3906
-3530
-2791
-2265
-2475
-3291
-3858
-3551
-2712
-2080
-1892
-1923
-1911
-1609
-918
-200
50
-62
173
1097
2109
2436
2089
1687
1823
2715
3956
4601
3976
2552
1663
2131
3519
4686
4550
2664
11
-1162
416
3049
3529
921
-2386
-3740
-2899
-1257
-62
-211
-2234
-5098
-6293
-4597
-1911
-983
-2194
-3885
-4821
-4775
-3564
-1394
219
-203
-1893
-2639
-1626
34
1370
2347
2689
1873
668
818
2586
4241
4528
3993
3375
2537
1776
2292
4123
5142
3728
1238
138
768
1623
1806
1504
671
-928
-2436
-2467
-1197
-400
-1151
-2711
-3821
-4035
-3546
-2695
-2118
-2476
-3540
-4194
-3692
-2520
-1694
-1615
-1928
-2054
-1621
-769
-32
259
326
633
1306
1993
2323
2278
2127
2343
3221
4234
4392
3506
2472
2221
2849
3832
4520
4089
1992
-541
-946
1379
3599
2705
-705
-3381
-3553
-2256
-965
-301
-999
-3474
-6064
-6145
-3589
-1291
-1495
-3233
-4466
-4751
-4338
-2884
-708
406
-634
-2312
-2347
-729
920
1950
2640
2656
1679
803
1525
3456
4683
4482
3788
3131
2306
1880
2825
4486
4712
2767
569
48
826
1474
1514
1084
-19
-1687
-2793
-2377
-1133
-687
-1602
-3038
-4024
-4144
-3430
-2396
-1936
-2535
-3591
-3991
-3353
-2253
-1423
-1191
-1448
-1716
-1454
-620
256
702
838
1120
1613
2006
2157
2209
2412
2972
3716
4105
3775
2937
2288
2396
3200
4153
4369
2980
441
-1101
-22
2489
3357
1156
-2205
-3955
-3402
-1691
-247
-274
-2310
-5237
-6563
-4988
-2243
-1096
-2141
-3862
-4941
-4957
-3674
-1383
386
97
-1639
-2554
-1610
207
1796
2871
3104
2133
810
941
2880
4767
5030
4151
3223
2451
1945
2486
4097
4985
3597
1048
-216
402
1432
1667
1164
178
-1286
-2604
-2674
-1543
-708
-1294
-2775
-3891
-4052
-3500
-2702
-2157
-2335
-3168
-3837
-3569
-2474
-1421
-1132
-1504
-1840
-1548
-648
300
769
739
614
885
1705
2647
2977
2449
1869
2295
3589
4443
4020
2887
2055
1940
2564
3749
4438
3141
161
-1709
-376
2430
3109
722
-2319
-3671
-3246
-1993
-630
-271
-2057
-5060
-6380
-4657
-1994
-1159
-2285
-3636
-4327
-4429
-3526
-1406
440
234
-1460
-2313
-1316
389
1701
2631
2997
2212
914
915
2722
4586
4829
3874
2977
2396
2020
2412
3721
4556
3466
1171
-160
273
1261
1570
1109
172
-1152
-2409
-2656
-1705
-749
-1051
-2479
-3818
-4134
-3463
-2509
-2018
-2314
-3100
-3677
-3488
-2561
-1455
-920
-1288
-1970
-1879
-692
640
1012
531
240
735
1722
2632
3019
2663
1915
1775
2888
4379
4632
3352
1879
1500
2274
3466
4197
3547
1235
-1195
-1276
1137
3035
1872
-1305
-3511
-3483
-2300
-1161
-589
-1334
-3633
-5750
-5460
-3083
-1274
-1650
-3125
-4014
-4103
-3659
-2340
-436
471
-491
-1908
-1827
-276
1275
2163
2627
2481
1560
932
1820
3607
4517
4052
3245
2743
2268
2023
2749
3969
4005
2341
503
22
650
1250
1337
925
-194
-1821
-2756
-2157
-907
-587
-1611
-3036
-3862
-3800
-3017
-2028
-1731
-2516
-3555
-3743
-2941
-1844
-1159
-1166
-1648
-1971
-1431
-162
735
611
174
397
1280
2140
2536
2463
2083
1827
2413
3777
4551
3742
2200
1495
2107
3302
4182
3998
2175
-491
-1475
517
3120
2933
-131
-3010
-3564
-2525
-1297
-374
-509
-2588
-5420
-6140
-3931
-1418
-1168
-2606
-3811
-4358
-4476
-3397
-957
785
-35
-2113
-2646
-1189
535
1701
2648
2896
1698
233
726
3080
4776
4517
3530
2882
2193
1575
2304
4308
5157
3267
503
-381
656
1756
2004
1607
445
-1502
-2899
-2307
-515
192
-1043
-2944
-4027
-3935
-3047
-1951
-1508
-2322
-3734
-4273
-3403
-2012
-1217
-1333
-1904
-2265
-1910
-826
254
545
249
206
766
1569
2153
2329
2155
1990
2428
3496
4171
3619
2459
1940
2444
3402
4125
3987
2434
60
-928
809
3261
3170
221
-2701
-3300
-2144
-868
-158
-501
-2509
-5207
-6030
-4008
-1421
-996
-2604
-4220
-4855
-4657
-3378
-1107
423
-402
-2504
-3201
-1689
431
1806
2447
2327
1206
78
696
3030
4890
4770
3526
2555
2055
2006
2974
4660
5210
3437
823
-143
908
2252
2571
1849
394
-1420
-2580
-2089
-513
242
-885
-2952
-4307
-4240
-3170
-2017
-1700
-2565
-3944
-4590
-3876
-2433
-1427
-1403
-1996
-2428
-2161
-1250
-191
510
674
572
707
1264
1913
2260
2350
2637
3303
3800
3580
2961
2645
2853
3355
3909
4180
3495
1583
-183
189
2405
3659
2070
-1067
-3045
-2806
-1374
-86
137
-1423
-4229
-6028
-5102
-2533
-1037
-1828
-3689
-5025
-5269
-4248
-2118
-242
-318
-2106
-3376
-2596
-601
1028
1914
2164
1479
307
262
2078
4241
4792
3811
2827
2485
2437
2833
3973
4925
4282
2241
671
810
1906
2537
2222
1146
-416
-1791
-2037
-1076
-137
-488
-2043
-3630
-4238
-3693
-2574
-1877
-2326
-3610
-4559
-4293
-3063
-1871
-1504
-1994
-2660
-2642
-1659
-342
418
415
180
271
880
1848
2683
2837
2390
2228
2994
4033
4207
3512
2909
2865
3117
3497
3923
3716
2166
208
-59
1657
2942
1789
-854
-2632
-2663
-1792
-948
-676
-1673
-3902
-5618
-5096
-3013
-1714
-2320
-3772
-4702
-4761
-3969
-2358
-802
-638
-1829
-2697
-2020
-406
934
1724
2094
1778
980
907
2262
4017
4613
3922
3074
2742
2749
3080
3855
4427
3858
2292
1028
992
1714
2137
1759
675
-708
-1681
-1685
-1025
-705
-1315
-2478
-3452
-3807
-3453
-2660
-2184
-2694
-3819
-4356
-3677
-2461
-1749
-1792
-2179
-2466
-2249
-1251
145
913
530
-192
-49
1119
2452
3174
3094
2413
1764
2068
3499
4826
4670
3218
1941
1820
2618
3619
4107
3281
1047
-966
-755
1312
2515
1139
-1520
-3130
-3088
-2316
-1509
-1069
-1805
-3830
-5483
-5030
-3074
-1846
-2270
-3262
-3821
-3995
-3665
-2316
-508
141
-807
-1816
-1462
-116
1177
2179
2831
2547
1426
958
2212
4118
4821
4109
3181
2645
2327
2495
3496
4393
3716
1698
250
436
1313
1574
1078
214
-934
-2062
-2388
-1724
-1051
-1376
-2545
-3610
-3937
-3552
-2809
-2283
-2496
-3291
-3785
-3376
-2413
-1642
-1399
-1538
-1711
-1508
-708
322
851
705
543
926
1715
2450
2830
2722
2274
2126
2836
3913
4177
3296
2235
1909
2286
2948
3493
3189
1521
-497
-862
787
2208
1368
-951
-2589
-2799
-2282
-1564
-913
-1232
-3059
-4956
-4870
-3032
-1669
-1914
-2825
-3431
-3758
-3645
-2440
-587
180
-774
-1879
-1629
-379
827
1764
2423
2229
1168
668
1817
3611
4301
3710
2929
2462
2156
2324
3286
4121
3499
1733
545
731
1392
1567
1213
496
-593
-1638
-1864
-1273
-868
-1302
-2193
-2961
-3408
-3369
-2732
-2040
-2193
-3152
-3764
-3293
-2325
-1734
-1586
-1613
-1790
-1859
-1260
-47
792
590
46
232
1126
1997
2487
2590
2274
1822
2002
3078
4066
3831
2657
1817
1932
2634
3329
3461
2514
744
-437
149
1677
2064
626
-1287
-2279
-2232
-1669
-992
-767
-1724
-3543
-4600
-3925
-2472
-1761
-2141
-2945
-3627
-3911
-3351
-1889
-565
-521
-1468
-2064
-1579
-423
761
1647
1919
1367
622
819
2142
3483
3809
3248
2572
2210
2270
2863
3678
3829
2882
1597
1093
1485
1902
1746
1180
460
-342
-984
-1081
-737
-646
-1250
-2161
-2743
-2843
-2683
-2424
-2243
-2466
-3094
-3529
-3215
-2408
-1865
-1876
-2068
-2106
-1959
-1528
-705
145
373
-45
-269
330
1362
2072
2262
2177
1967
1818
2154
3087
3860
3606
2588
1946
2211
2842
3187
3057
2445
1395
429
363
1152
1624
917
-500
-1610
-1993
-1844
-1402
-1035
-1438
-2797
-4104
-4179
-3177
-2284
-2223
-2746
-3394
-3885
-3796
-2747
-1281
-630
-1199
-2001
-1948
-973
272
1278
1772
1556
927
827
1785
3152
3858
3608
2986
2585
2564
2952
3613
3980
3508
2428
1581
1468
1791
1968
1731
1057
30
-943
-1276
-906
-522
-851
-1872
-2873
-3286
-3112
-2660
-2307
-2416
-3071
-3826
-3950
-3181
-2128
-1643
-1937
-2479
-2603
-2049
-1020
17
511
229
-321
-236
781
2070
2763
2642
2126
1758
1944
2829
3953
4346
3533
2277
1806
2416
3308
3653
3224
2103
681
-115
409
1604
1870
513
-1423
-2521
-2478
-1833
-1142
-1001
-2006
-3826
-4995
-4440
-2887
-1954
-2248
-3154
-3989
-4341
-3743
-2165
-648
-430
-1363
-2057
-1650
-540
674
1797
2432
2079
1155
967
2108
3626
4313
4102
3564
2944
2447
2627
3606
4422
3996
2547
1295
952
1235
1642
1791
1226
-168
-1636
-2137
-1549
-865
-1007
-1951
-3108
-3919
-3988
-3267
-2378
-2249
-3093
-4065
-4217
-3462
-2394
-1609
-1446
-1890
-2406
-2204
-1036
386
1052
764
258
313
1096
2236
3116
3212
2586
2041
2399
3500
4282
4022
3081
2359
2334
2826
3359
3384
2467
921
-78
304
1359
1554
342
-1347
-2393
-2528
-2043
-1352
-1172
-2179
-3946
-4932
-4219
-2746
-2074
-2501
-3254
-3808
-3990
-3404
-1944
-587
-508
-1436
-1911
-1230
-53
943
1742
2188
1845
1091
1188
2533
3878
4041
3379
2846
2669
2684
3061
3743
3861
2810
1472
1153
1723
1980
1459
705
74
-601
-1164
-1135
-768
-994
-1991
-2863
-2960
-2682
-2623
-2726
-2765
-2947
-3362
-3486
-2938
-2210
-1977
-2175
-2253
-1997
-1588
-1049
-324
262
283
-31
61
870
1895
2487
2514
2220
1899
1917
2577
3618
4175
3649
2470
1698
1899
2708
3380
3380
2486
900
-473
-528
745
1874
1371
-621
-2600
-3307
-2646
-1385
-559
-1042
-2873
-4773
-5097
-3627
-1842
-1227
-1922
-3161
-4121
-4053
-2613
-563
538
-61
-1381
-1894
-1128
342
1842
2797
2615
1402
455
1017
2725
4081
4221
3438
2363
1552
1619
2728
3934
3852
2331
711
182
637
1304
1639
1282
49
-1511
-2239
-1635
-592
-371
-1216
-2440
-3323
-3472
-2803
-1760
-1293
-1983
-3213
-3746
-3090
-1863
-961
-820
-1344
-2026
-2135
-1244
196
1133
965
163
-283
222
1432
2566
2918
2363
1465
1140
1875
3176
3933
3461
2158
1157
1238
2173
3074
3120
2080
462
-691
-501
771
1681
1033
-812
-2436
-2850
-2164
-1121
-561
-1108
-2685
-4178
-4287
-2984
-1574
-1201
-1863
-2856
-3522
-3374
-2185
-533
329
-188
-1257
-1624
-908
391
1641
2346
2124
1156
484
1052
2533
3687
3730
2904
1950
1489
1827
2802
3578
3257
1934
706
440
987
1548
1515
823
-246
-1186
-1465
-1044
-555
-674
-1459
-2369
-2825
-2692
-2250
-1902
-1936
-2346
-2800
-2924
-2588
-1969
-1458
-1347
-1543
-1700
-1504
-908
-177
311
379
184
169
659
1470
2074
2138
1806
1542
1732
2389
3103
3290
2691
1789
1434
1929
2731
3039
2485
1295
123
-234
515
1556
1548
125
-1647
-2449
-2007
-1061
-491
-814
-2065
-3536
-4058
-3188
-1839
-1301
-1865
-2806
-3397
-3349
-2572
-1300
-351
-457
-1294
-1768
-1276
-179
894
1620
1757
1219
575
779
1976
3220
3566
3021
2242
1793
1954
2723
3562
3592
2556
1284
806
1237
1844
1946
1364
294
-787
-1252
-891
-297
-326
-1171
-2260
-2928
-2919
-2423
-1907
-1886
-2503
-3282
-3540
-3068
-2256
-1676
-1623
-1981
-2315
-2153
-1367
-380
205
182
-106
-141
368
1271
2098
2400
2127
1720
1755
2390
3214
3627
3322
2569
2015
2098
2661
3142
3006
2168
1050
314
401
1048
1352
668
-677
-1788
-2107
-1774
-1301
-1188
-1747
-2860
-3803
-3828
-3036
-2263
-2142
-2594
-3166
-3466
-3221
-2335
-1248
-735
-1002
-1420
-1325
-669
223
1101
1702
1716
1266
1098
1733
2770
3413
3399
3027
2623
2410
2629
3225
3591
3158
2195
1504
1429
1608
1615
1336
752
-93
-839
-1064
-871
-835
-1291
-1987
-2531
-2822
-2891
-2741
-2538
-2590
-2947
-3278
-3261
-2916
-2461
-2061
-1834
-1842
-1912
-1699
-1062
-283
235
384
372
495
934
1641
2308
2586
2439
2228
2350
2850
3404
3602
3292
2714
2328
2406
2758
2928
2585
1773
868
351
439
792
714
-118
-1266
-2033
-2163
-1917
-1719
-1872
-2493
-3359
-3885
-3666
-3000
-2554
-2620
-2962
-3227
-3206
-2773
-1968
-1191
-888
-1000
-1041
-696
-58
679
1392
1856
1865
1652
1767
2380
3085
3445
3412
3154
2824
2651
2865
3278
3315
2724
1937
1481
1395
1384
1246
886
224
-583
-1101
-1113
-988
-1223
-1816
-2396
-2739
-2841
-2751
-2574
-2566
-2855
-3164
-3124
-2776
-2417
-2169
-1957
-1784
-1710
-1584
-1151
-487
40
264
372
560
853
1251
1780
2292
2502
2345
2165
2320
2771
3175
3264
2995
2526
2134
2073
2323
2538
2311
1571
696
179
190
448
453
-98
-1044
-1887
-2212
-2001
-1648
-1647
-2185
-2976
-3493
-3418
-2905
-2382
-2213
-2462
-2856
-2982
-2598
-1837
-1110
-757
-754
-836
-733
-287
470
1256
1709
1703
1501
1512
1898
2507
3046
3236
2981
2500
2225
2418
2854
3031
2718
2086
1471
1144
1150
1282
1189
649
-145
-744
-940
-891
-887
-1116
-1579
-2137
-2538
-2563
-2316
-2149
-2259
-2548
-2782
-2805
-2598
-2203
-1788
-1617
-1721
-1806
-1581
-1057
-481
-64
140
183
213
463
1018
1645
1988
1960
1816
1840
2097
2475
2799
2874
2622
2214
1987
2092
2328
2361
2036
1475
920
581
538
634
531
26
-703
-1286
-1507
-1438
-1340
-1441
-1835
-2413
-2851
-2853
-2488
-2119
-2058
-2301
-2601
-2687
-2418
-1836
-1224
-930
-1013
-1169
-1040
-541
126
704
1036
1063
916
934
1339
1981
2471
2555
2327
2070
1989
2158
2490
2724
2611
2155
1637
1362
1376
1494
1488
1194
618
-13
-400
-429
-307
-366
-756
-1344
-1866
-2109
-2025
-1796
-1736
-2023
-2499
-2808
-2727
-2348
-1959
-1798
-1898
-2103
-2132
-1792
-1179
-619
-377
-410
-429
-204
280
868
1355
1590
1576
1511
1648
2053
2520
2771
2725
2509
2301
2245
2366
2530
2511
2189
1695
1290
1086
988
873
650
253
-297
-827
-1120
-1164
-1197
-1426
-1821
-2234
-2541
-2648
-2538
-2340
-2295
-2505
-2746
-2738
-2455
-2067
-1719
-1499
-1427
-1414
-1249
-782
-171
276
459
531
678
963
1356
1784
2118
2232
2179
2159
2281
2482
2637
2677
2583
2370
2119
1946
1879
1807
1623
1327
964
580
236
-14
-189
-397
-707
-1094
-1472
-1762
-1931
-2008
-2077
-2240
-2468
-2636
-2666
-2579
-2448
-2331
-2252
-2190
-2067
-1827
-1519
-1227
-967
-699
-403
-102
202
534
869
1139
1376
1654
1940
2136
2236
2344
2511
2647
2670
2619
2555
2467
2339
2211
2088
1886
1573
1254
1001
753
439
104
-199
-500
-845
-1180
-1428
-1629
-1871
-2123
-2294
-2398
-2518
-2636
-2668
-2614
-2552
-2498
-2390
-2225
-2066
-1905
-1647
-1294
-978
-764
-545
-217
162
493
781
1066
1333
1559
1767
1999
2220
2353
2409
2470
2544
2568
2506
2391
2269
2142
2000
1837
1624
1336
983
656
443
299
63
-323
-759
-1097
-1269
-1350
-1472
-1686
-1976
-2249
-2373
-2306
-2169
-2123
-2210
-2305
-2268
-2091
-1838
-1571
-1359
-1234
-1137
-957
-623
-234
58
266
465
659
857
1096
1382
1639
1776
1821
1883
1980
2052
2103
2166
2174
2046
1844
1715
1671
1585
1398
1178
956
686
388
176
64
-107
-427
-765
-987
-1143
-1316
-1463
-1561
-1688
-1897
-2057
-2042
-1944
-1933
-1981
-1947
-1831
-1741
-1652
-1448
-1186
-1013
-908
-722
-428
-160
26
237
523
758
879
1018
1265
1505
1619
1673
1757
1840
1860
1868
1920
1934
1814
1628
1518
1480
1382
1196
991
778
536
327
188
51
-179
-483
-726
-856
-980
-1144
-1299
-1425
-1557
-1691
-1757
-1733
-1717
-1761
-1785
-1724
-1623
-1531
-1441
-1301
-1123
-977
-840
-635
-404
-218
-43
168
402
613
770
925
1115
1285
1411
1527
1635
1706
1727
1740
1782
1793
1726
1624
1530
1436
1314
1162
1009
842
612
369
195
61
-132
-395
-651
-839
-976
-1117
-1258
-1385
-1533
-1695
-1785
-1759
-1691
-1692
-1752
-1772
-1699
-1561
-1386
-1212
-1074
-976
-879
-692
-395
-111
83
226
370
542
750
984
1208
1364
1430
1476
1565
1673
1750
1785
1807
1792
1695
1549
1444
1392
1331
1214
1029
790
518
258
101
57
-34
-304
-699
-1039
-1185
-1167
-1138
-1231
-1488
-1820
-2010
-1921
-1657
-1477
-1552
-1764
-1871
-1744
-1413
-1028
-794
-788
-880
-821
-476
10
366
491
498
533
687
985
1345
1590
1607
1490
1465
1598
1759
1829
1810
1736
1605
1425
1294
1259
1208
1059
858
642
399
136
-69
-144
-198
-392
-708
-991
-1163
-1240
-1253
-1248
-1324
-1535
-1757
-1793
-1623
-1434
-1374
-1413
-1456
-1433
-1299
-1035
-736
-575
-573
-545
-353
-66
187
371
516
626
698
805
1001
1209
1312
1319
1332
1375
1398
1400
1416
1421
1360
1236
1120
1045
953
815
685
578
441
246
52
-87
-198
-327
-462
-583
-717
-879
-1008
-1048
-1045
-1086
-1179
-1247
-1254
-1241
-1215
-1147
-1056
-999
-985
-951
-829
-660
-521
-419
-314
-209
-104
22
186
353
460
525
609
723
823
894
965
1036
1067
1057
1062
1097
1096
1035
977
959
927
829
701
602
527
431
323
236
124
-56
-231
-310
-328
-402
-555
-701
-787
-847
-903
-914
-898
-940
-1043
-1089
-1022
-926
-883
-863
-811
-753
-714
-638
-480
-323
-255
-222
-124
26
137
212
322
463
544
561
608
709
797
833
857
897
904
852
821
858
881
826
736
659
598
525
451
408
355
227
72
-27
-79
-143
-231
-322
-405
-507
-610
-654
-659
-687
-750
-808
-827
-825
-823
-801
-745
-708
-707
-687
-612
-509
-421
-359
-289
-204
-126
-43
69
183
263
313
373
464
553
611
655
691
712
729
754
786
787
735
676
659
658
619
537
443
363
300
241
183
110
-11
-145
-228
-245
-265
-349
-475
-568
-603
-612
-615
-627
-663
-716
-751
-717
-634
-582
-580
-583
-549
-481
-399
-309
-225
-169
-134
-80
13
118
201
267
327
374
404
447
520
587
614
615
612
605
591
585
602
611
555
451
372
342
334
311
252
147
19
-79
-98
-78
-106
-213
-340
-421
-440
-423
-399
-412
-491
-585
-604
-531
-444
-418
-445
-469
-464
-421
-328
-222
-167
-179
-188
-130
-29
50
95
144
185
201
214
261
335
386
389
381
383
379
377
405
434
418
357
300
281
284
275
252
216
149
67
26
36
44
0
-82
-150
-184
-198
-192
-183
-219
-294
-353
-342
-290
-269
-297
-329
-337
-328
-304
-266
-229
-217
-225
-218
-176
-127
-91
-60
-36
-19
1
38
90
130
140
149
176
207
228
243
258
274
277
275
281
290
284
268
258
253
242
218
191
171
146
114
89
68
44
5
-42
-77
-96
-111
-133
-164
-204
-239
-254
-252
-243
-252
-279
-304
-306
-289
-259
-233
-222
-227
-234
-213
-159
-103
-74
-66
-59
-34
7
55
102
133
141
142
161
199
238
259
264
264
258
249
254
271
277
262
230
199
179
162
151
143
115
71
26
-8
-26
-40
-60
-84
-116
-161
-195
-206
-200
-198
-215
-240
-260
-271
-266
-240
-215
-209
-218
-222
-205
-170
-137
-104
-76
-66
-58
-37
5
56
92
104
112
124
142
175
213
233
229
213
208
223
238
242
235
214
186
162
153
154
144
110
74
48
25
3
-18
-34
-49
-75
-108
-132
-146
-155
-159
-161
-168
-187
-208
-212
-193
-167
-157
-164
-172
-168
-148
-117
-82
-67
-71
-72
-53
-15
21
42
45
43
52
75
107
130
131
117
113
130
152
161
150
134
129
129
130
127
117
102
89
77
67
57
43
27
16
6
-9
-28
-44
-53
-56
-61
-69
-85
-103
-111
-104
-91
-90
-103
-116
-119
-109
-92
-76
-73
-82
-94
-85
-57
-29
-26
-39
-40
-27
-10
8
21
25
17
14
32
58
65
58
56
60
68
79
88
92
86
70
71
92
101
86
72
72
73
65
59
66
64
38
20
23
28
18
-3
-16
-13
-24
-44
-49
-49
-59
-75
-83
-81
-82
-100
-108
-96
-98
-107
-105
-100
-98
-96
-90
-76
-68
-70
-62
-39
-24
-21
-18
-1
22
30
34
51
67
68
71
88
107
107
99
101
115
119
114
110
106
98
93
90
87
78
56
39
37
34
18
5
-6
-25
-46
-54
-50
-53
-73
-93
-101
-105
-104
-98
-99
-103
-111
-121
-111
-90
-79
-74
-75
-76
-61
-47
-35
-14
-3
-3
9
16
21
45
66
67
67
68
72
86
94
98
98
92
87
88
87
88
85
73
61
55
50
42
34
25
12
-1
-8
-12
-23
-32
-39
-53
-62
-58
-58
-66
-76
-83
-83
-78
-71
-67
-69
-75
-77
-70
-54
-41
-35
-38
-41
-35
-20
-3
16
18
0
0
25
40
48
56
51
42
42
51
72
81
68
53
47
48
59
62
60
55
33
13
21
37
36
20
1
-8
-10
-14
-10
-6
-21
-36
-38
-40
-38
-40
-47
-43
-42
-53
-58
-53
-45
-41
-44
-43
-36
-40
-44
-28
-12
-11
-11
-14
-11
4
15
18
24
24
21
25
35
47
51
41
35
43
45
48
51
45
38
36
32
33
34
27
18
12
10
5
0
-6
-9
-13
-21
-27
-26
-30
-39
-39
-35
-36
-44
-50
-49
-39
-30
-37
-42
-38
-32
-29
-21
-9
-7
-15
-13
-3
8
14
19
19
17
19
24
31
41
41
36
33
32
36
39
40
41
36
24
23
25
20
19
20
14
3
-11
-15
-6
-2
-10
-21
-33
-40
-35
-27
-22
-25
-40
-51
-47
-34
-22
-15
-23
-35
-41
-33
-7
10
