-91
-44
-100
-140
-99
-84
-136
-153
-158
-149
-56
-9
-73
-121
-138
-250
-221
-163
-157
-112
-188
-150
-173
-219
-121
-135
-161
-130
-155
-130
-96
-78
-82
-114
-117
-98
-104
-4
76
-28
-27
-26
-85
-72
-64
-64
58
102
84
-46
43
164
156
180
111
94
70
26
22
-37
79
157
0
22
41
46
189
121
79
95
-11
-16
-74
-41
51
38
26
-32
-135
-95
-133
-157
-92
-79
-14
-20
-81
-80
-84
-67
-86
-86
-104
-148
-141
-220
-174
-120
-167
-170
-85
-157
-230
-163
-178
-121
-110
-100
-100
-86
-41
-165
-215
-170
-149
-76
-65
-112
-43
-69
-150
-101
-133
-126
-48
-96
-194
-174
-72
-103
-110
-57
-68
-134
-145
-107
-103
-66
-76
-120
-185
-86
-86
-143
-119
-135
-121
-139
-85
-154
-179
-140
-199
-303
-341
-255
-236
-180
-71
-194
-221
-200
-282
-274
-209
-138
-126
-109
-147
-255
-202
-108
-152
-229
-238
-230
-231
-112
-118
-187
-116
-210
-261
-128
-159
-57
-44
-74
-7
-153
-141
-57
-76
-36
-60
-56
18
-68
-50
-41
-32
102
29
-9
-32
-5
56
27
76
67
22
82
86
113
235
255
179
173
160
108
134
149
98
178
207
130
105
72
184
190
74
85
106
162
212
165
186
167
199
185
51
53
135
92
109
173
151
105
169
190
117
131
237
243
218
284
209
179
255
159
181
184
233
327
260
210
202
144
197
193
160
214
115
149
154
46
199
288
214
176
133
126
119
236
331
303
288
225
189
127
104
266
283
313
254
147
134
66
121
141
94
176
169
85
29
10
111
150
70
135
67
12
22
-43
-60
-37
83
62
-90
-63
-47
-133
-97
-21
-20
-35
-92
-24
-94
-91
-19
-136
-77
6
-100
-186
-138
-124
43
122
24
-57
-97
-73
-130
-125
-57
-47
25
19
-112
-31
9
-34
7
-96
-75
-97
-124
-42
-70
0
-77
-176
-118
-77
-93
23
36
-105
-146
-181
-208
-149
94
33
-45
-51
-96
-172
-177
-22
-63
66
79
-178
-224
-207
-156
-40
-29
-13
-108
-174
-200
-271
-77
108
72
139
76
-172
-229
-131
-75
-21
13
53
-81
-143
-97
-165
-110
-77
-86
-99
-179
-102
-30
-76
1
-4
-50
-153
-84
-32
-71
85
101
-70
-64
-58
-79
36
-3
-96
-7
-24
-48
4
-6
-103
-65
-49
-164
-193
-58
-51
-80
13
-93
76
59
-49
47
-71
-39
41
93
194
61
53
71
-46
16
67
114
110
99
1
-64
44
139
171
222
286
197
34
-96
46
67
148
283
158
104
86
-117
-23
172
400
410
214
83
53
188
245
149
275
289
254
224
88
145
329
437
253
90
151
179
194
119
56
181
288
262
130
-20
41
58
30
33
78
264
243
62
-47
-50
-6
84
106
17
123
87
-71
31
-11
-17
119
145
187
137
36
83
8
-42
64
-92
40
140
2
-49
-101
0
-63
-89
-5
-121
-26
82
-40
-36
27
43
-77
-100
-17
-130
-80
1
-63
2
-34
-100
-51
-74
-69
-117
-175
-73
21
10
-41
-59
-107
-272
-119
-59
-72
41
-90
-300
-357
-209
-188
-214
-214
-239
-207
-279
-273
-304
-380
-227
-279
-369
-240
-224
-266
-271
-295
-325
-399
-404
-313
-313
-224
-185
-272
-190
-177
-236
-260
-216
-281
-256
-191
-270
-118
99
24
-150
-219
-263
-360
-257
-193
-74
45
-10
-62
-212
-128
-28
-74
-57
-28
-33
-126
-200
-67
69
-4
12
49
-173
-255
-114
-144
-250
7
106
-59
80
-60
-273
-190
40
-28
32
73
-121
-129
-216
-196
-2
98
129
53
-232
-239
24
155
16
-68
-95
-107
123
93
66
183
134
-57
-91
65
135
255
208
104
-21
92
166
91
205
286
214
198
87
156
360
122
296
429
138
290
275
169
216
261
354
224
368
183
33
184
231
259
233
296
364
187
96
58
41
276
219
141
313
208
76
-14
-59
160
252
244
224
77
112
90
48
96
-7
191
251
53
9
-108
-12
172
197
65
13
117
-17
-153
28
36
44
331
275
98
-102
-72
-87
-226
24
308
333
469
257
-131
-27
69
160
165
270
206
98
106
-110
-131
71
196
168
195
52
-6
237
137
-252
27
194
4
256
225
134
367
289
-54
-150
47
-2
102
287
62
73
196
-152
-174
-94
49
108
-198
-157
108
25
-25
113
189
206
348
40
-340
-74
98
111
313
404
111
-223
-313
-224
-344
36
261
-43
-129
-149
-357
-339
-108
4
40
-9
-77
-287
-258
-214
-303
-139
100
169
-106
-352
-200
-223
-230
23
53
-55
45
-91
-424
-373
-13
-176
-197
105
-231
-419
-124
-229
-267
-37
-106
-196
-273
-256
-318
-340
-76
-63
-45
-141
-557
-386
-260
-299
-202
-121
-259
-182
-147
-262
-451
-377
-137
-194
-210
-99
-326
-512
-307
-383
-752
-293
-47
-156
-67
-30
-340
-399
-259
-400
-302
-63
163
1
-51
89
-227
-261
-91
-236
-193
-3
-118
-155
-44
36
-60
-42
143
67
-125
-186
-33
-23
64
382
464
229
94
198
-42
176
413
251
328
288
228
171
364
290
170
237
75
-82
107
340
351
433
255
397
305
234
420
190
221
446
467
250
693
606
395
537
365
86
54
400
332
278
418
335
388
384
268
311
246
104
231
50
122
457
478
603
409
19
-72
38
150
367
493
521
238
98
-5
-168
271
413
287
271
-9
-98
97
122
-68
72
86
-10
84
-13
123
168
187
-4
-269
-217
-128
11
176
5
4
-24
-127
-198
-176
-181
-267
-181
-175
-127
-123
-378
-270
-397
-483
-306
-327
-176
-216
-476
-505
-377
-459
-311
-255
-264
-135
-223
-217
-324
-409
-207
-451
-592
-259
-176
-225
-91
-188
-461
-600
-310
-227
-441
-225
-247
-437
-235
-191
-525
-353
-88
-366
-354
-180
-378
-528
-337
-626
-677
-111
-162
-265
-121
-237
-386
-266
-163
-352
-35
95
-72
-68
-113
-150
81
79
81
5
-116
-176
-105
-210
-302
-66
-21
-246
-263
24
-327
-217
214
-3
-84
117
-141
68
166
-67
74
157
251
76
-25
-10
-14
98
159
266
373
382
191
92
-66
-11
186
457
530
472
393
398
127
90
388
353
534
596
228
108
357
297
219
355
391
189
149
373
363
407
596
403
131
303
388
251
621
769
567
415
403
594
521
466
560
332
422
542
185
125
277
307
202
138
20
154
371
389
225
104
238
365
177
40
206
98
141
225
-6
128
324
20
-77
-86
-142
32
156
25
-302
-226
-212
-257
40
62
-43
18
4
-326
-511
-452
-515
-254
-7
71
85
-173
-357
-551
-677
-545
-292
-141
-9
-39
-301
-311
-336
-508
-506
-622
-580
-356
-473
-523
-410
-67
77
-171
-270
-488
-534
-370
-327
-283
-136
-128
-332
-300
-218
-406
-253
-122
-280
-321
-321
-445
-489
-195
-258
-275
93
47
38
-47
-245
-165
7
-41
27
-43
-175
-214
-2
150
-95
-166
-92
-284
-277
-183
-284
-123
169
124
-69
11
14
-105
105
103
-123
-3
110
17
-15
236
342
326
462
339
172
229
158
-44
124
308
304
263
183
202
293
421
427
221
232
375
332
172
195
217
131
239
219
105
175
224
18
136
361
304
408
367
211
229
452
526
456
529
465
278
166
100
99
110
156
338
231
257
418
137
99
177
177
59
-4
175
122
235
304
48
-4
99
0
30
63
53
61
-38
7
-34
-18
-85
-186
-134
-94
77
263
166
73
138
84
-24
-69
-60
-4
10
42
-98
-189
-140
-184
-161
-214
-290
-377
-454
-400
-441
-478
-320
-342
-375
-324
-271
-267
-337
-301
-280
-319
-157
-39
-50
68
44
-171
-185
-179
-342
-512
-541
-550
-547
-361
-234
-242
-223
-261
-333
-349
-349
-259
-216
-176
-77
-151
-190
-133
-188
-294
-261
-197
-195
-99
-7
-2
-12
-38
-98
-241
-249
-115
-30
68
109
125
6
-18
9
12
160
272
369
355
370
303
111
24
40
85
32
70
68
-41
-87
-182
-256
-235
-147
-35
46
174
203
146
181
170
147
202
322
381
273
294
339
268
253
203
107
-1
-47
-55
-95
-75
-29
-30
-26
8
23
8
106
192
228
229
191
164
66
97
153
101
82
-5
-45
-83
-144
-99
-103
-116
-15
22
-45
-90
-97
-93
-36
67
153
192
240
216
155
132
111
97
129
170
190
158
81
62
-12
-53
29
72
172
195
191
220
213
278
318
372
414
467
571
669
791
878
905
887
845
836
821
796
748
671
511
289
147
49
46
144
236
234
229
283
296
241
182
127
0
-107
-112
-119
-182
-225
-352
-497
-575
-624
-639
-590
-491
-455
-356
-245
-221
-248
-348
-423
-499
-547
-559
-488
-448
-490
-480
-596
-661
-639
-676
-608
-512
-528
-535
-544
-635
-702
-725
-692
-605
-496
-381
-205
-137
-198
-218
-265
-229
-225
-188
-134
-154
-201
-288
-386
-542
-583
-562
-553
-392
-167
-29
150
304
300
315
378
446
547
680
858
964
1071
1183
1187
1178
1203
1156
1041
1030
1056
986
1008
1011
835
831
930
910
1026
1140
1084
1097
1255
1233
1213
1285
1179
1119
1117
868
529
240
-328
-874
-1261
-1740
-2057
-2258
-2488
-2646
-2790
-2872
-2804
-2594
-2288
-1851
-1375
-906
-470
-139
81
315
599
783
840
810
594
270
-70
-407
-661
-914
-1201
-1568
-1970
-2322
-2603
-2737
-2756
-2768
-2649
-2509
-2401
-2126
-1810
-1437
-997
-654
-395
-177
93
385
589
784
885
949
1010
928
897
921
865
865
861
796
751
665
570
517
503
585
682
839
1021
1110
1325
1581
1764
2074
2291
2458
2672
2828
3006
2998
3099
3164
3116
3231
3182
3005
2909
2789
2577
2028
1143
143
-1127
-2172
-2875
-3577
-4070
-4198
-4333
-4568
-4419
-4055
-3537
-2477
-1099
-130
1023
2330
3224
4063
4705
5113
5329
5289
4918
4001
2895
1934
973
139
-576
-1390
-2251
-3159
-4030
-4814
-5341
-5412
-5408
-5384
-5217
-5173
-5005
-4481
-3790
-2798
-1538
-323
714
1624
2331
2772
3226
3693
3865
3811
3433
2663
1709
890
114
-607
-934
-1297
-1690
-2056
-2434
-2712
-2850
-2671
-2383
-2097
-1734
-1457
-1162
-689
-108
605
1313
2041
2628
2876
3207
3448
3502
3747
3824
3526
3177
2830
2330
1916
1809
1595
1274
1301
1185
929
1138
1274
1320
1691
2029
2173
2331
2639
2581
1690
604
-690
-2172
-2894
-3231
-3771
-4348
-4516
-4766
-5395
-5232
-4533
-3883
-2387
-862
-161
876
2148
3014
3652
4177
4501
4370
3869
2959
1635
389
-473
-1047
-1678
-2422
-3161
-3975
-4598
-4951
-5450
-5768
-5889
-6165
-6427
-6482
-6134
-5264
-4085
-2744
-1267
-137
688
1582
2326
2827
3442
3894
3850
3609
3008
1929
1028
520
-98
-809
-1324
-1980
-2652
-2961
-3034
-3032
-2875
-2449
-2057
-1835
-1506
-1113
-703
-35
573
964
1384
1784
2195
2677
3191
3740
4219
4576
4735
4508
4160
3836
3455
3196
2950
2573
2231
1934
1611
1384
1418
1501
1643
1959
2177
2494
2927
3372
3801
4194
3963
2705
1132
-758
-2419
-3092
-3427
-4154
-4471
-4434
-5094
-5460
-4919
-4353
-3032
-926
168
976
2357
3411
4292
5137
5758
6130
6038
5306
3993
2218
791
10
-767
-1528
-2383
-3498
-4467
-4949
-5398
-5843
-5934
-5927
-6237
-6465
-6151
-5677
-4696
-2956
-1288
-77
1248
2314
2686
3406
4205
4328
4683
5050
4236
3047
2232
1233
220
-419
-1136
-2183
-3014
-3366
-3751
-4128
-3897
-3505
-3175
-2512
-2045
-1918
-1456
-680
19
579
1179
1612
1879
2384
2883
3321
3907
4446
4770
4730
4375
3888
3235
2710
2321
1754
1279
934
596
265
150
171
137
440
793
890
1191
1587
1912
2468
2934
2534
1126
-598
-2403
-3892
-4308
-4606
-5244
-5313
-5450
-5988
-5877
-5160
-4198
-2426
-538
537
1503
2668
3590
4341
4982
5455
5586
5076
3996
2410
617
-538
-1084
-1741
-2451
-3291
-4283
-4998
-5355
-5625
-5657
-5425
-5518
-5583
-5591
-5552
-4712
-3330
-1996
-474
995
1789
2315
2898
3119
3101
3648
3960
3465
3011
2223
1064
403
125
-464
-1276
-1851
-2465
-3260
-3624
-3656
-3626
-2993
-1939
-1163
-712
-146
527
1139
2012
2658
2766
2830
2942
2953
3027
3385
3936
4335
4598
4581
3956
3299
2773
2233
1688
1255
925
487
318
304
262
512
997
1422
1829
2157
2470
2798
3172
3730
4008
4220
3922
2265
223
-1821
-3614
-4395
-4692
-5313
-5786
-5708
-5938
-6110
-5394
-4546
-3168
-999
278
1087
2337
3424
4462
5282
5837
6146
5721
4758
3325
1341
-183
-1058
-1790
-2496
-3437
-4546
-5470
-5959
-6294
-6514
-6271
-5908
-5887
-5704
-5437
-5037
-3688
-1967
-237
1393
2496
2877
3007
3152
2886
2812
3208
3043
2250
1601
603
-502
-843
-1207
-1894
-2318
-2707
-3284
-3680
-3726
-3447
-2916
-1789
-652
-244
213
683
847
1207
1602
1773
1974
2202
2479
2615
2891
3347
3625
3831
3623
3008
2213
1307
715
422
225
307
426
362
501
509
637
1131
1549
2018
2263
2493
2667
2930
3412
3676
3904
4116
3143
1028
-1183
-3778
-5351
-5578
-5745
-6249
-6298
-6087
-6438
-6048
-5012
-4037
-2092
135
1086
2108
3558
4846
6121
6985
7547
7549
6793
5442
3424
1055
-539
-1457
-2332
-3105
-4244
-5546
-6365
-6701
-6879
-6770
-6308
-5869
-5567
-5225
-4628
-3521
-1746
339
2297
3630
4356
4702
4458
4101
3891
3403
3043
2577
1527
466
-321
-871
-1199
-1483
-1897
-2487
-2979
-3168
-3227
-2993
-2275
-1172
-12
809
1312
1505
1672
1959
2159
2231
2135
2003
2009
2245
2602
3081
3528
3707
3516
2915
2004
1195
664
272
180
134
52
166
503
901
1307
1753
2081
2370
2676
2915
2991
3048
3186
3365
3475
3614
3498
3083
2363
306
-2088
-4243
-6006
-6419
-6159
-6378
-6467
-5868
-6038
-6061
-5088
-4353
-2827
-309
1015
2125
4142
5752
7225
8200
8459
8237
7120
5204
2879
249
-1823
-2941
-3938
-4886
-5773
-6690
-7290
-7393
-7530
-7603
-7100
-6413
-5659
-4688
-3726
-2249
-299
1773
3814
5017
5600
5837
5235
4298
3333
2168
1442
949
179
-700
-1437
-1890
-2241
-2409
-2694
-3306
-3743
-3759
-3428
-2781
-1872
-625
583
1526
2151
2256
2250
2312
2209
1950
1732
1627
1798
2135
2422
2616
2641
2689
2569
1971
1078
243
-469
-886
-820
-601
-233
485
1226
1683
2064
2328
2315
2418
2628
2580
2594
2745
2947
3056
2993
3063
2994
2757
2536
1249
-1311
-3552
-5627
-6920
-6771
-6471
-6648
-6357
-5732
-6009
-5673
-4577
-3750
-1645
779
1926
3532
5460
6918
8153
8413
8196
7307
5548
3481
752
-1932
-3589
-4659
-5476
-6093
-6758
-7417
-7744
-7653
-7648
-7287
-6306
-5250
-3968
-2610
-1088
829
2513
4175
5585
6013
6018
5592
4251
2662
1606
672
-42
-132
-751
-1808
-2141
-2479
-2941
-2966
-3148
-3473
-3377
-2618
-1715
-979
221
1430
2270
3020
3310
2970
2458
2095
1693
1246
1211
1459
1629
2044
2340
2191
2004
1642
1025
261
-469
-924
-1168
-1039
-489
110
871
1709
2227
2526
2526
2482
2438
2312
2415
2427
2614
3043
3255
3362
3407
3191
2866
2377
1762
1152
642
-809
-2983
-4870
-6643
-6881
-5860
-5402
-5315
-4644
-4591
-4919
-4166
-3191
-1833
760
2816
3776
5351
6730
7365
7446
6808
5861
4416
2503
210
-2557
-4764
-5575
-5804
-5889
-5971
-6538
-7069
-7064
-6968
-6659
-5690
-4384
-3004
-1533
-181
1279
2894
4278
5380
5729
5101
4271
3145
1547
255
-568
-920
-899
-1002
-1717
-2903
-3597
-3993
-4426
-4310
-3999
-3483
-2386
-1055
84
862
1860
2910
3236
3166
2623
1587
951
728
501
521
860
1238
1446
1366
1028
330
-222
-474
-997
-1363
-1444
-1347
-909
-314
477
1165
1680
2220
2221
1929
1874
1587
1531
1998
2267
2569
2937
3156
3182
3058
2989
2489
1909
1636
993
788
1324
858
-926
-2754
-4672
-5860
-5208
-4312
-4617
-4323
-3511
-4001
-3664
-2530
-1906
194
2730
3774
4875
6258
7282
7704
7183
6372
5242
3861
2367
396
-1775
-3163
-3662
-3991
-4160
-4468
-5239
-5503
-5328
-5314
-4591
-3373
-1973
-271
973
2126
3308
4159
5040
5466
5169
4553
3641
2544
1402
618
349
257
266
-312
-1446
-2234
-2758
-2958
-2978
-2778
-2077
-1206
-51
955
1370
1910
2476
2758
2746
2228
1510
772
405
460
568
967
1392
1453
1160
566
-85
-609
-735
-791
-872
-651
-516
-352
83
400
661
1018
1228
1056
679
430
154
340
985
1560
2006
2419
2519
2245
2016
1650
1037
585
511
387
454
738
878
-334
-2560
-4409
-6268
-6704
-5528
-5376
-5715
-5005
-4893
-5086
-4346
-3562
-2653
-687
1095
1771
3081
4634
5458
5693
4987
4052
3033
1494
36
-2041
-4135
-4734
-5101
-5165
-4893
-5219
-5554
-5715
-5815
-5547
-4756
-3459
-2184
-1097
-132
759
1845
2858
3609
3716
3108
2537
1786
920
545
285
285
451
159
-711
-1772
-2473
-2946
-3174
-3035
-2701
-1970
-788
357
1079
1525
1906
2089
2130
1896
1284
788
587
673
943
1241
1531
1600
1428
1081
574
151
20
131
331
552
716
773
869
929
968
1116
1082
995
894
838
1168
1562
2135
2822
3099
3198
3174
2840
2486
2276
2044
1776
1789
1949
1858
2140
2436
2047
573
-1790
-4204
-5751
-5523
-4413
-3752
-3487
-3030
-3050
-3334
-2920
-2348
-1507
301
1717
2574
4244
6044
7107
7085
6076
4753
3447
2067
516
-1362
-2971
-3569
-3658
-3497
-3346
-3647
-4232
-4746
-5155
-5279
-4563
-3298
-2000
-736
352
1444
2605
3515
3951
3653
3076
2554
1912
1558
1258
908
865
658
-36
-1140
-2329
-3236
-3938
-4118
-3998
-3584
-2408
-1177
-192
325
285
338
361
363
461
291
368
643
862
1172
1230
1139
1018
523
-103
-645
-924
-824
-551
-335
-301
-290
-385
-467
-573
-645
-700
-570
-196
178
784
1374
1808
2276
2448
2515
2530
2214
2085
2054
2017
1977
2014
1926
1729
1805
1741
1384
1337
24
-2833
-4704
-5943
-5892
-4087
-3001
-3068
-2739
-2736
-3373
-3329
-2845
-2032
-223
1653
2880
4712
6647
7842
7717
6042
4344
3014
1802
911
-412
-2008
-2567
-2699
-2817
-2852
-3338
-4082
-4725
-5261
-5384
-4684
-3094
-1105
551
1644
2449
3096
3639
4002
3812
3384
3046
2983
2952
2826
2754
2287
1584
578
-1047
-2358
-3116
-3587
-3591
-3596
-3127
-1989
-679
540
787
442
218
133
658
1175
1435
1910
2222
2400
2358
2038
1599
1069
582
1
-499
-594
-440
-211
-177
-394
-707
-1023
-1212
-1447
-1661
-1552
-1140
-390
389
1004
1457
1542
1490
1443
1429
1472
1782
2105
2219
2249
2171
2015
1760
1467
1028
599
266
344
-202
-2275
-4264
-5804
-6457
-5206
-3854
-3748
-3773
-3735
-4456
-4997
-4407
-3433
-1667
689
2050
3264
5019
6513
6913
5635
3880
2551
1636
1196
473
-872
-1782
-2137
-2595
-3154
-3854
-4633
-5270
-5718
-6031
-5666
-4251
-2252
-433
557
960
1325
1807
2416
2821
2803
2918
3150
3237
3292
3003
2360
1601
335
-1308
-2616
-3281
-3410
-3284
-3159
-3111
-2530
-1464
-583
-101
-281
-614
-290
444
1420
2212
2542
2741
2555
2166
1777
1365
1138
911
560
239
82
226
344
157
-315
-911
-1254
-1310
-1172
-861
-563
-253
162
518
962
1413
1585
1674
1815
2066
2363
2842
3228
3190
3128
2861
2477
2309
2055
1769
1491
1343
1358
1245
-36
-2414
-4411
-5619
-5243
-3753
-3065
-3148
-3158
-3748
-4762
-4820
-3958
-2534
-183
1788
2954
4696
6530
7599
7068
5214
3654
2728
2174
1834
998
-66
-617
-1251
-2176
-3130
-4049
-4841
-5490
-6022
-6084
-5170
-3438
-1634
-503
-237
-183
269
1018
1811
2582
3174
3434
3732
3903
3659
3255
2583
1355
-200
-1646
-2558
-2877
-2869
-2686
-2765
-2826
-2376
-1786
-1619
-1855
-2051
-2035
-1327
36
1098
1670
2066
2060
1745
1398
1095
957
865
902
877
742
801
751
476
-168
-939
-1479
-1836
-1768
-1505
-1238
-944
-632
-270
2
271
585
735
1003
1580
2246
2888
3274
3453
3337
3111
3010
2792
2624
2397
2252
2127
1910
1823
1301
-785
-3273
-4991
-5894
-4956
-3241
-2741
-3177
-3428
-4362
-5385
-4741
-3332
-1515
804
2455
3714
5370
7009
7791
6443
4534
3598
2887
2889
3273
2515
1467
718
-555
-2152
-3338
-3933
-4657
-5283
-5524
-5458
-4372
-2499
-1166
-970
-1318
-1347
-794
447
1991
3072
3855
4414
4507
4283
3970
3481
2796
1850
676
-391
-958
-1151
-1472
-1982
-2652
-3051
-2976
-2716
-2746
-3149
-3221
-2763
-1725
-316
616
1007
1130
1021
877
796
1002
1508
1799
1969
1827
1393
1175
955
471
-277
-980
-1366
-1504
-1383
-1237
-1400
-1591
-1642
-1486
-1180
-761
-321
84
564
1141
1669
2303
2892
3191
3347
3184
2963
2818
2867
2802
2621
2457
2080
1622
292
-2144
-4312
-5577
-5309
-3837
-2950
-3080
-3865
-5044
-6344
-6697
-5505
-3592
-1094
1107
2269
3597
5215
6391
6432
5143
3977
3625
3779
4276
4283
3519
2425
937
-873
-2534
-3487
-3900
-4219
-4580
-4930
-4721
-3851
-2921
-2594
-3194
-3662
-3145
-1745
317
2319
3607
4190
4115
3621
3243
3238
3437
3403
3019
2204
1514
1172
560
-236
-1547
-2960
-3442
-3268
-2924
-2699
-2928
-3218
-3063
-2503
-1676
-988
-361
176
312
343
640
1177
1778
2219
2281
2070
1929
1992
1976
1637
921
59
-634
-1062
-1285
-1502
-1739
-1837
-1780
-1738
-1583
-1319
-948
-579
-193
329
874
1501
2223
2647
2816
3097
3264
3293
3261
3199
3052
2882
2703
2195
691
-1717
-3672
-4731
-4499
-3239
-2709
-3547
-4703
-6176
-7651
-7575
-6069
-4114
-1764
-182
538
1928
3518
4767
4898
3891
3327
3447
3924
4677
4887
4306
3219
1558
-199
-1489
-2081
-2280
-2745
-3613
-4558
-5032
-4781
-4381
-4584
-5127
-5116
-4193
-2455
-585
801
1546
1640
1465
1431
1980
3093
4074
4446
4166
3449
2781
2358
1794
743
-564
-1588
-1989
-1811
-1590
-1940
-2690
-3251
-3435
-3138
-2613
-2076
-1460
-1130
-943
-663
-177
733
1606
2176
2580
2813
3017
3280
3311
2910
2242
1645
1254
1134
1100
883
548
137
-320
-768
-1025
-990
-805
-568
-301
118
694
1386
2064
2374
2641
2843
3046
3397
3685
3846
3977
4053
3875
2673
502
-1219
-2272
-1928
-915
-758
-1628
-3132
-4817
-6356
-6760
-5526
-3704
-1796
-457
-173
490
1712
2966
3356
2766
2419
2877
3947
5049
5490
5070
4084
2735
1278
101
-330
-278
-490
-1315
-2484
-3310
-3491
-3465
-3808
-4527
-4826
-4469
-3358
-1935
-990
-665
-890
-1048
-808
0
1501
2891
3595
3514
2670
2049
2032
2111
1829
863
-60
-407
-324
-168
-648
-1725
-2932
-3772
-3926
-3555
-2979
-2476
-2298
-2525
-2838
-2711
-1925
-840
94
578
819
1101
1559
2006
2053
1753
1325
1155
1246
1413
1585
1424
841
38
-794
-1309
-1247
-920
-673
-563
-678
-780
-595
-77
483
870
1138
1194
1383
1805
2198
2845
3271
3231
2634
722
-1079
-1790
-1637
-376
423
-283
-1941
-3649
-5191
-6190
-5491
-3969
-2397
-1020
-936
-858
-17
959
1899
1704
1170
1585
2562
3819
4616
4440
3766
2716
1646
818
584
1014
1216
657
-547
-1721
-2251
-2343
-2448
-3007
-3740
-3780
-3184
-2088
-1174
-962
-1397
-1969
-1996
-1453
-84
1733
2769
2892
2334
1454
1327
1873
2422
2433
1800
1321
1134
1091
855
45
-1103
-1944
-2190
-2047
-1720
-1417
-1448
-2021
-2705
-2982
-2650
-1701
-632
64
288
488
886
1343
1609
1553
1440
1392
1615
2074
2386
2480
2224
1572
910
387
234
412
451
490
269
-14
198
479
738
932
974
857
1035
1573
2040
2417
2677
2606
2110
846
-805
-1546
-1288
-94
917
340
-1328
-2939
-4564
-5595
-5108
-3811
-2222
-785
-628
-1130
-868
-98
804
914
439
770
1863
3057
3791
3643
2886
2154
1375
707
562
943
1362
1181
249
-906
-1613
-1807
-1862
-2298
-2925
-3085
-2751
-2064
-1667
-1881
-2329
-2721
-2776
-2204
-1057
324
1465
1723
1145
367
180
840
1639
2083
1882
1422
1400
1450
1187
492
-478
-1089
-1202
-1124
-960
-1045
-1415
-1938
-2704
-3174
-2976
-2254
-1411
-1008
-918
-795
-476
112
442
512
561
603
1047
1635
2027
2269
2092
1637
1178
775
703
844
972
856
637
545
680
961
1031
958
836
761
949
1216
1469
1863
2020
1992
1965
1734
849
-450
-1188
-1316
-528
596
518
-845
-2506
-4147
-5168
-4745
-3222
-1684
-506
-367
-1135
-1180
-636
153
698
541
867
1857
2694
3307
3203
2381
1704
1204
962
1199
1691
2064
1801
803
-380
-1105
-1216
-1225
-1638
-2322
-2761
-2640
-2181
-1904
-2109
-2739
-3211
-3233
-2669
-1626
-521
418
620
85
-411
-417
205
1152
1762
1705
1403
1394
1435
1213
717
32
-438
-461
-321
-381
-822
-1362
-1883
-2481
-2814
-2657
-2186
-1692
-1450
-1473
-1489
-1239
-762
-411
-267
-233
6
505
1032
1508
1620
1424
1204
990
878
977
1111
1226
1235
1114
1122
1194
1262
1189
1024
794
759
1243
1642
1783
1780
1421
1162
1373
1583
1554
652
-782
-1559
-1456
-544
235
-348
-2023
-3527
-4800
-5087
-3648
-2061
-935
-402
-1259
-1948
-1432
-617
319
701
749
1444
2345
2917
3001
2557
1880
1558
1643
1895
2419
2809
2525
1697
557
-284
-400
-372
-704
-1356
-1930
-2017
-1682
-1463
-1834
-2451
-2877
-2914
-2395
-1584
-782
-117
78
-182
-456
-531
32
962
1525
1728
1668
1595
1805
1991
1638
1072
834
848
993
999
518
-108
-632
-1118
-1436
-1498
-1278
-1047
-986
-1142
-1378
-1225
-894
-560
-353
-429
-214
249
688
1109
1119
1045
1095
1054
1268
1453
1612
1871
1833
1743
1730
1847
2084
2102
1972
1744
1644
1954
2275
2372
2278
2023
1824
1768
1934
2168
1896
671
-799
-1534
-1171
-10
660
-364
-2226
-3526
-4498
-4473
-3153
-2075
-1273
-938
-1811
-2392
-1865
-964
-109
236
423
1131
2057
2572
2404
1835
1341
1494
2157
2639
2869
2795
2197
1332
530
-41
-202
-322
-782
-1353
-1694
-1718
-1587
-1790
-2509
-3299
-3706
-3396
-2686
-2072
-1722
-1677
-1705
-1664
-1597
-1265
-659
11
461
532
619
788
1108
1425
1275
953
823
977
1187
976
415
-180
-625
-785
-931
-1082
-1155
-1270
-1406
-1682
-1846
-1705
-1560
-1452
-1421
-1466
-1190
-726
-297
-39
-42
13
126
371
793
996
1075
1214
1188
1276
1453
1660
1976
2160
2204
2053
1938
2031
2168
2176
2061
1872
1762
1890
2165
2194
2035
1454
-119
-1357
-1640
-1282
-194
373
-776
-2419
-3613
-4640
-4521
-3190
-2123
-1373
-1204
-2154
-2611
-2066
-1197
-163
436
654
1201
1875
2254
2339
2173
2013
2262
2744
2983
3143
3124
2629
1946
1114
461
422
486
448
277
-256
-919
-1440
-1985
-2390
-2409
-2275
-2101
-1868
-1968
-2280
-2105
-1804
-1552
-1224
-1255
-1200
-660
-182
69
185
288
616
1071
1256
1154
1064
1014
911
752
560
463
494
361
-128
-700
-1015
-1129
-1086
-1076
-1269
-1441
-1499
-1457
-1452
-1477
-1311
-1141
-1033
-961
-1016
-815
-424
-83
150
124
146
327
660
1032
1225
1423
1714
1864
1923
1849
1812
2049
2229
2279
2069
1936
2196
2342
2283
2085
1568
1205
759
-412
-1290
-1419
-899
-110
-243
-1728
-3327
-4178
-4546
-4014
-2983
-2464
-2139
-2299
-3090
-3103
-2241
-1212
-523
-435
-488
45
1100
1730
1870
1621
1349
1820
2468
2874
3071
2736
2164
1546
1081
1096
1372
1545
1137
237
-648
-1176
-1011
-863
-1133
-1531
-2136
-2321
-2111
-2125
-2104
-1889
-1778
-1728
-1730
-1653
-1188
-468
-94
-295
-532
-294
565
1442
1643
1252
727
654
1030
1334
1534
1635
1500
1089
523
84
-7
273
437
220
-57
-293
-389
-449
-810
-1141
-1238
-1086
-620
-303
-265
-351
-492
-460
-404
-138
367
834
1236
1315
1202
1267
1516
1901
2171
2348
2563
2703
2844
2778
2588
2660
2890
2971
2846
2475
1989
1890
1720
630
-278
-506
-371
264
185
-1234
-2515
-3205
-3869
-3720
-2945
-2628
-2241
-2247
-3212
-3415
-2797
-2049
-1139
-849
-770
-38
790
1257
1261
917
872
1511
2369
2773
2875
2711
2189
1810
1529
1298
1500
1565
1217
857
235
-289
-466
-920
-1402
-1731
-1922
-1778
-1668
-1902
-2397
-2703
-2588
-2532
-2514
-2423
-2211
-1721
-1403
-1468
-1696
-1663
-1028
-360
-57
121
25
136
494
505
668
926
1008
1126
799
373
388
537
796
787
396
65
-233
-427
-704
-984
-878
-743
-500
-425
-861
-1116
-1277
-1289
-868
-575
-170
229
248
252
165
293
832
1437
1979
2296
2394
2447
2487
2522
2509
2700
3186
3445
3448
3257
2716
2451
2323
1336
591
476
429
990
939
-472
-1837
-2754
-3397
-3293
-2608
-2196
-2057
-2067
-2896
-3404
-2842
-2188
-1285
-702
-696
-231
275
452
597
484
712
1480
2188
2624
2597
2334
1988
1697
1673
1723
1977
2153
1882
1552
974
311
24
-240
-432
-466
-565
-709
-956
-1491
-2140
-2390
-2333
-2242
-2178
-2394
-2489
-2308
-2260
-2398
-2583
-2569
-2135
-1416
-850
-693
-752
-880
-983
-769
-371
123
694
897
720
432
241
333
441
434
363
229
174
10
-299
-713
-1062
-1108
-1060
-948
-993
-1244
-1386
-1503
-1544
-1431
-1285
-1041
-801
-576
-449
-309
-8
244
653
1057
1268
1548
1735
1910
2140
2434
2801
2997
3120
2873
2544
2670
2695
2300
1538
811
677
997
1295
801
-453
-1416
-2263
-2720
-2279
-1862
-1575
-1514
-2255
-2916
-2846
-2370
-1573
-1103
-1131
-1017
-607
-131
208
399
463
740
1314
1738
2046
2270
2202
2123
2023
1951
2135
2374
2402
2215
1935
1489
1122
990
851
776
685
413
65
-392
-836
-1084
-1110
-1027
-1199
-1561
-1810
-1834
-1577
-1517
-1734
-1913
-1955
-1617
-1209
-1013
-808
-748
-747
-518
-257
100
545
757
805
772
682
804
1073
1211
1345
1373
1260
1135
824
471
268
223
294
345
256
-50
-422
-724
-959
-972
-880
-744
-475
-342
-383
-543
-770
-725
-351
263
880
1241
1360
1276
1281
1500
1824
2339
2703
2755
2746
2635
2556
2638
2320
1456
824
609
868
1415
1254
131
-1081
-2130
-2837
-2564
-1929
-1583
-1330
-1898
-3007
-3354
-3206
-2631
-1776
-1556
-1593
-1376
-1248
-1061
-746
-602
-392
88
460
763
1104
1238
1258
1174
896
825
1206
1670
1961
1859
1237
609
375
409
598
700
443
-37
-494
-937
-1160
-1069
-1112
-1424
-1828
-2252
-2302
-1898
-1757
-1999
-2393
-2760
-2627
-2009
-1431
-1186
-1219
-1387
-1494
-1274
-845
-397
127
395
290
190
131
243
653
962
1039
1005
811
693
647
509
414
320
281
253
119
-77
-313
-454
-537
-661
-685
-573
-389
-250
-401
-602
-557
-206
398
902
1174
1227
1213
1289
1491
1854
2292
2654
2777
2686
2532
2506
2619
2493
1902
1194
835
1010
1443
1493
754
-369
-1385
-2113
-2155
-1599
-1070
-804
-1224
-2352
-3134
-3102
-2442
-1511
-1057
-1170
-1371
-1417
-1220
-905
-571
-312
-87
190
351
593
930
1012
961
691
431
709
1213
1609
1591
1088
541
182
199
395
504
553
269
-214
-650
-1047
-1139
-1021
-1028
-1231
-1566
-1755
-1766
-1717
-1786
-2147
-2306
-2146
-1908
-1562
-1446
-1547
-1541
-1465
-1320
-1033
-626
-243
33
123
-62
-134
207
689
1124
1295
1047
719
589
567
666
839
893
841
701
425
147
6
-69
-102
-104
-118
-65
58
96
-9
-158
-165
91
531
982
1327
1457
1444
1500
1636
1890
2329
2686
2859
2942
2843
2748
2852
2753
2253
1803
1496
1480
1963
2091
1494
698
-326
-1258
-1440
-1098
-589
-64
-189
-1174
-2074
-2415
-2187
-1359
-662
-579
-621
-715
-836
-684
-441
-205
163
489
612
748
932
1051
1107
1013
832
845
1118
1432
1600
1465
1065
660
397
301
336
410
397
218
-157
-616
-931
-1015
-1037
-1171
-1397
-1619
-1724
-1703
-1765
-1964
-2143
-2262
-2261
-2099
-1848
-1631
-1487
-1515
-1690
-1719
-1512
-1055
-464
-146
-171
-341
-509
-393
-37
305
560
612
446
274
154
98
171
241
249
191
46
-149
-327
-450
-535
-536
-457
-352
-291
-340
-465
-565
-496
-199
222
616
878
948
867
845
1040
1401
1887
2267
2340
2276
2181
2115
2219
2296
2000
1559
1209
981
1130
1356
1152
593
-187
-1127
-1708
-1617
-1182
-645
-372
-907
-1795
-2335
-2480
-1998
-1190
-698
-446
-434
-698
-869
-753
-383
206
781
981
903
833
814
941
1122
1153
1177
1234
1282
1337
1281
1092
854
642
464
370
383
368
302
94
-291
-601
-777
-829
-766
-837
-1013
-1170
-1303
-1409
-1497
-1527
-1549
-1485
-1325
-1293
-1268
-1198
-1163
-1017
-891
-842
-691
-510
-299
-110
-42
10
81
233
354
362
376
406
494
544
433
297
169
148
248
227
151
-20
-255
-371
-441
-385
-224
-103
-94
-277
-396
-376
-174
231
509
701
827
762
796
931
1100
1424
1742
1924
1937
1851
1706
1584
1654
1736
1739
1706
1350
841
496
234
190
238
46
-319
-771
-1297
-1680
-1777
-1704
-1521
-1338
-1416
-1701
-1948
-2083
-1921
-1480
-1075
-804
-699
-770
-810
-662
-390
-17
368
567
597
553
495
555
740
935
1073
1091
977
791
618
547
547
564
501
327
90
-147
-315
-423
-490
-529
-662
-846
-987
-1142
-1219
-1202
-1200
-1191
-1171
-1164
-1128
-1073
-1000
-931
-810
-632
-503
-344
-156
-41
81
165
207
369
567
725
793
782
781
786
802
818
786
780
766
706
630
488
368
296
252
241
218
185
174
143
122
104
135
262
418
570
648
674
720
798
993
1233
1400
1566
1638
1608
1618
1600
1640
1795
1934
1960
1831
1608
1328
1133
1120
1069
1042
992
715
434
122
-281
-453
-511
-547
-515
-644
-897
-1165
-1352
-1430
-1435
-1308
-1196
-1128
-996
-1010
-1074
-1054
-1077
-923
-625
-374
-157
-73
-133
-173
-158
-15
184
313
369
292
168
89
57
57
11
-135
-357
-550
-631
-679
-779
-945
-1193
-1425
-1591
-1720
-1761
-1725
-1674
-1708
-1861
-2053
-2174
-2118
-1921
-1709
-1544
-1469
-1431
-1384
-1341
-1221
-1016
-800
-537
-361
-300
-240
-230
-201
-121
-45
48
156
218
201
98
-35
-136
-141
-55
-27
-65
-134
-273
-370
-394
-392
-301
-203
-140
-116
-139
-114
-24
85
264
364
470
647
754
916
1049
1125
1191
1206
1229
1301
1428
1619
1687
1658
1547
1316
1184
1085
1067
1220
1263
1210
1045
720
457
321
325
427
534
552
381
195
74
0
100
233
277
303
223
162
187
266
441
572
550
467
365
322
471
670
822
856
714
492
313
289
427
578
661
568
298
27
-151
-141
-32
52
11
-172
-409
-605
-676
-603
-526
-522
-585
-729
-780
-818
-834
-762
-691
-650
-593
-584
-624
-664
-650
-579
-472
-301
-215
-226
-241
-286
-370
-314
-164
-13
41
-12
-113
-225
-189
-118
-132
-77
-54
-123
-96
-51
-115
-207
-217
-183
-194
-110
15
-17
-12
-101
-292
-229
47
248
299
262
111
-25
86
283
492
693
620
433
346
314
478
741
801
747
621
469
407
603
775
722
636
407
221
257
436
516
432
287
68
-56
48
88
196
235
42
-31
-77
74
190
74
18
71
207
329
393
373
307
259
141
166
527
800
742
591
289
14
97
305
455
532
473
247
-187
-390
-256
-166
-29
-18
-274
-576
-606
-504
-564
-536
-392
-534
-673
-592
-551
-503
-378
-300
-390
-367
-172
-116
-147
-139
-124
-160
-29
181
198
171
109
-39
-125
-58
158
213
136
70
-100
-260
-162
24
-10
-1
-101
-327
-379
-291
-113
52
80
-169
-314
-312
-361
-94
80
58
148
75
-127
-105
73
100
53
176
218
90
209
247
164
190
88
-11
-44
107
384
213
34
125
-80
-402
-313
16
61
125
237
-180
-420
-157
-211
-324
-101
163
58
-119
-92
-315
-448
-235
-57
-36
54
154
-58
-216
-191
-254
-153
95
58
-80
-42
-118
-254
-165
-198
-363
-270
-144
-294
-405
-336
-435
-602
-482
-449
-619
-529
-491
-687
-744
-731
-781
-655
-664
-664
-639
-821
-939
-833
-749
-676
-430
-427
-730
-826
-756
-714
-489
-206
-204
-346
-368
-435
-510
-499
-284
7
20
-18
-17
-215
-374
-184
4
-98
8
136
-13
41
-17
-104
-4
-9
-10
-156
-109
199
179
28
-26
-5
-92
-103
-89
-7
157
311
235
-9
85
58
54
269
285
269
383
403
463
500
259
328
417
342
385
415
500
669
599
266
195
346
418
282
330
451
352
422
376
110
224
385
320
415
340
81
226
255
283
461
492
251
240
-31
-188
256
294
455
417
19
-135
-126
-204
-92
233
95
-74
-80
-331
-347
-179
-103
-21
-23
-267
-384
-348
-253
-135
-82
-154
-211
-96
-278
-402
-80
-77
-191
-159
-25
-24
-51
7
-251
-124
232
73
-85
50
106
177
446
363
121
182
206
-12
179
510
447
457
505
109
-145
228
239
52
287
331
405
436
99
-3
142
205
181
237
390
491
353
150
242
277
450
484
317
354
410
262
308
440
554
612
427
304
152
54
170
496
551
417
453
154
-35
293
365
162
329
402
216
281
363
248
90
361
273
-166
101
310
31
123
192
112
322
123
-314
-266
-169
-229
164
412
59
-47
-281
-800
-560
-39
-108
79
110
-391
-577
-637
-510
-365
-320
-101
-195
-563
-616
-594
-645
-429
-256
-278
-416
-503
-614
-777
-503
-326
-332
-235
-416
-553
-548
-506
-319
-106
-210
-453
-455
-363
-400
-282
-210
-112
73
-117
-343
-204
-258
-313
-130
-182
80
266
-26
-6
16
-228
-386
-125
167
149
122
90
-184
-223
-50
-9
146
242
40
-312
-264
-136
-74
317
419
179
-167
-213
-73
45
248
340
204
144
148
16
34
254
162
146
204
62
133
138
213
144
131
308
192
120
90
150
267
277
227
58
211
253
119
48
60
130
121
157
149
26
57
-18
-55
100
193
145
-109
-10
-95
-301
149
296
125
127
-96
-386
-166
68
-177
-113
89
-120
-137
112
-248
-494
-312
-234
-12
10
-35
-166
-577
-450
-40
-34
16
103
-205
-492
-263
-215
-250
347
393
-279
-291
-43
-190
-85
141
25
-8
133
-26
-316
-70
29
-184
208
277
-258
-185
157
-137
-244
178
-71
-306
128
89
-330
-157
-6
-277
-309
-31
-52
-43
28
-185
-243
-144
33
-25
-114
-91
-122
-14
-17
-120
-1
-103
-74
107
-191
-16
70
-189
1
3
-134
-162
-54
-73
-191
156
214
-122
29
-171
-509
28
393
159
92
43
-249
-240
-32
-87
52
151
148
339
61
-262
-176
-116
-27
262
235
229
187
-136
-274
-181
95
234
145
-2
41
15
17
180
52
23
24
-94
-97
67
194
224
45
125
188
-62
86
327
335
274
169
39
85
409
360
285
361
218
163
293
334
356
485
519
333
134
237
489
544
367
392
383
277
437
320
238
623
531
141
268
388
235
303
393
418
431
318
265
268
289
251
246
344
378
352
259
153
252
188
149
350
374
229
162
319
204
89
158
222
264
252
145
137
126
124
255
115
-11
92
87
96
186
196
14
-43
-56
-208
-85
52
48
-80
-230
-29
0
-124
-77
-322
-323
-89
-82
-158
-186
-284
-320
-488
-430
-213
-137
-156
-224
-343
-619
-566
-219
-350
-301
-181
-336
-479
-439
-513
-548
-323
-230
-426
-490
-345
-617
-464
-249
-350
-290
-389
-486
-637
-373
-178
-301
-338
-346
-467
-297
-47
-309
-377
-329
-353
-416
-127
-46
-170
-119
-433
-527
-269
-157
-90
-114
-226
-345
-288
-138
-159
-3
-204
-469
-201
-212
-293
-72
-97
-156
-101
-266
-362
-42
150
-217
-214
72
-133
-160
122
-159
-86
127
-69
-176
148
319
-45
101
71
-287
-92
284
317
232
190
43
-50
22
63
164
242
128
50
30
117
295
309
168
142
-32
38
294
278
231
208
147
154
59
94
216
130
195
128
170
185
179
149
210
197
121
175
130
353
280
106
10
109
386
176
222
372
148
43
61
-51
42
408
361
166
100
-23
-35
112
359
230
29
154
108
53
42
106
123
57
112
-40
-19
137
217
74
-13
85
61
4
154
136
-89
49
270
-166
-91
191
-198
-68
178
-40
-158
17
109
9
-21
125
-141
-7
283
-78
-84
140
242
-153
-156
189
71
-6
29
-157
-91
145
173
90
27
18
-58
-145
35
190
55
61
37
-192
-55
281
101
-78
93
-95
-270
116
-10
-64
252
-40
-267
-64
-87
-27
46
-112
-122
-23
-103
66
16
-75
17
-163
-325
-5
107
6
55
-10
-53
-193
-122
117
57
61
-98
-192
-138
82
141
-20
84
-47
-159
0
-68
105
166
-20
-24
-88
-108
217
222
143
86
37
63
206
196
41
121
60
116
220
116
142
120
-141
75
225
-25
163
47
-52
17
-97
255
388
124
-73
-21
-49
172
295
147
120
92
-2
-178
146
336
32
43
207
16
-241
-13
185
158
388
170
-269
-15
167
23
153
270
-44
0
234
-21
-9
123
167
14
70
95
-1
163
61
-162
-166
66
76
62
60
-32
-161
-182
-21
-20
47
56
-114
-175
-187
-118
1
115
60
-253
-216
-235
-172
21
-177
-259
-244
-228
-150
-167
-172
-159
-291
-299
-253
-235
-63
-144
-412
-176
-68
-214
-202
-206
-335
-222
-66
-228
-271
-115
-201
-514
-292
-108
-171
-123
-375
-329
-153
-232
-247
-327
-160
-45
-132
-184
-179
-142
-132
-98
-183
-272
-108
-35
-290
-295
-118
-109
-112
-125
-239
-290
-176
-161
-129
-81
43
-121
-170
-133
-57
131
-186
-285
-2
-8
-16
149
135
-1
-64
-76
-199
-1
237
146
29
-79
-106
67
101
151
288
-73
-279
293
126
-52
353
176
-51
12
49
-107
25
370
65
17
225
92
-9
185
294
157
33
171
253
-79
78
297
111
128
102
164
65
120
84
-89
157
236
41
92
282
-46
-214
225
233
69
134
43
-50
32
38
54
278
261
6
-39
-11
140
167
118
86
128
0
-190
165
187
120
34
-78
30
-41
57
120
48
192
108
-31
-39
155
36
-98
264
187
5
145
69
3
-66
27
217
86
-77
60
36
-217
-53
111
40
165
220
-174
-140
367
131
54
326
-38
-67
152
18
201
250
71
81
-118
-154
164
187
90
77
47
-22
-38
156
-2
150
168
-155
7
-18
-31
215
280
40
-171
-54
113
65
9
132
-44
140
113
-154
23
173
99
-36
-150
51
75
-71
132
-97
-217
99
139
109
-71
-42
-63
-33
68
-92
207
238
-192
-180
107
71
9
103
-122
-80
69
-19
0
-21
-44
-74
-16
61
-160
-73
46
-93
-4
-93
-106
45
-4
-93
-187
4
83
-7
84
-73
-274
-41
-98
-283
24
77
-71
-99
-58
-200
-223
69
-45
-230
-67
-36
-141
-45
47
-83
-246
57
-5
-280
70
87
-247
-114
78
-107
-104
32
-32
-150
-147
58
-134
-129
146
-45
-240
-163
39
-64
-23
98
-187
-197
79
-89
-315
15
179
-37
-223
1
15
-235
105
-49
-213
107
7
-115
0
-10
-93
-159
-49
-30
-13
57
-8
-89
-143
-112
-79
-16
68
-68
-11
-12
-4
-79
-178
-6
-25
-95
-74
-55
-18
-60
-111
-108
-21
155
57
-160
-10
-36
-165
41
163
1
-6
34
-99
-59
60
66
12
-17
-115
-19
80
141
86
-120
66
35
13
38
15
28
-95
48
118
-29
107
30
-91
-15
-85
158
137
74
115
-76
-49
104
158
27
178
349
10
-114
43
119
14
203
198
-81
141
56
-220
141
249
30
-28
109
-76
-214
190
101
-122
187
91
-262
80
176
-208
-15
319
-70
-226
225
111
-224
-66
76
122
136
-14
-259
-191
80
98
-118
23
137
-12
-138
-118
15
-113
-64
272
-17
-339
-26
98
-4
-13
55
-38
-48
35
-135
-297
42
303
-31
-289
-99
53
-128
-88
51
-132
-94
141
-77
-204
70
106
-78
-49
-42
-84
-8
106
-53
-173
95
42
-46
145
-138
-172
85
-113
-48
208
36
-34
-56
102
-28
-58
178
-107
6
103
-107
40
104
96
-43
16
69
-70
-26
206
236
-32
-34
186
87
41
288
234
43
54
65
-64
46
269
79
-15
95
-1
-109
136
282
7
40
134
80
200
232
68
26
150
105
134
200
110
34
138
77
102
239
103
159
29
24
184
78
154
138
99
175
95
60
24
40
325
250
6
44
27
95
156
191
123
10
58
32
-35
65
239
128
-31
41
49
97
239
97
18
27
-30
-11
-16
39
110
35
9
-38
-61
47
55
-46
-29
-51
22
-51
40
4
-43
0
-82
-132
-119
32
-29
-108
-38
-128
-84
27
-50
-43
-35
-101
-107
-23
-85
-71
-78
-183
-177
-59
-43
-116
-170
-71
-124
-214
-176
-219
-142
-65
-190
-249
-86
-124
-231
-106
-112
-273
-213
-119
-126
-241
-232
-95
-94
-244
-318
-227
-92
-86
-159
-286
-278
-100
-184
-374
3
10
-294
-274
-185
-234
-341
-134
95
-210
-310
-144
-130
-255
-230
-163
-106
-172
-91
-158
-203
-59
-24
-257
-254
-31
-107
-210
-33
-32
-174
-140
-13
-62
-235
-74
2
-41
-118
-116
63
26
-22
-38
-71
79
65
-53
-46
150
23
-131
78
204
53
14
89
51
41
176
-7
52
292
117
-31
46
101
178
172
119
90
14
139
143
104
202
105
118
177
98
223
221
172
73
134
199
89
160
277
278
161
121
202
114
221
239
205
230
123
249
145
128
276
230
66
113
203
155
98
203
248
140
80
170
154
122
226
189
37
156
166
104
121
148
169
36
141
49
-29
214
186
3
72
122
69
-5
146
31
37
239
89
-68
26
39
-16
48
43
13
-34
-17
-54
-41
-14
-57
-31
-68
-23
2
-117
-50
-14
-49
-89
-76
-12
-87
-114
-35
-145
-82
-59
-98
-83
-69
-44
-126
-54
9
-171
-172
-96
-70
24
-74
-120
-68
-41
-86
-152
-47
-77
-78
-40
-71
-117
-122
76
-38
-154
-66
-6
62
-9
-136
-139
-22
100
-3
-82
-26
1
19
-178
8
30
-81
0
-8
103
-101
-27
120
-14
-44
74
68
-124
88
24
-36
-57
138
98
-107
62
70
-67
30
141
-82
-16
192
39
1
-28
109
92
-103
4
1
40
98
-39
-37
95
56
94
20
44
132
-16
47
156
29
79
51
116
40
-28
169
35
105
-3
-83
43
12
95
1
-2
50
49
58
-79
38
88
104
12
-1
-4
59
99
-35
-93
4
90
66
-75
-199
45
90
-57
-145
-55
25
-36
-14
-66
-81
40
30
-107
-47
73
-42
-86
-66
-35
-32
10
21
-87
-81
-36
-98
-169
-12
1
-89
-157
-33
-18
-189
-94
-13
-102
-165
-138
-121
-41
-9
-102
-238
-159
79
-121
-193
11
0
-123
-222
-176
-59
-23
-3
-78
-128
-18
-128
-236
-144
-60
-29
-61
-117
-126
-108
-48
-71
-229
-105
-5
-38
-61
-159
-106
-83
78
-85
-146
0
-104
-97
-136
-78
3
33
-25
-110
-108
-139
-72
-9
-44
-88
-1
-45
-72
-8
-20
-67
-8
17
-62
-52
37
-20
-20
67
12
2
-28
17
15
-93
28
53
23
143
-55
-39
42
-19
1
-4
50
72
81
70
-99
1
178
123
112
9
21
110
16
-42
45
142
159
100
-78
50
166
76
19
-32
107
177
43
55
16
156
164
84
59
56
171
155
-30
53
142
82
215
64
49
60
91
139
-14
-16
219
104
-4
16
66
84
142
68
20
65
114
41
-10
199
52
101
40
4
63
98
133
30
199
56
19
18
11
26
86
192
10
15
57
16
-18
63
82
-32
-39
35
30
16
115
-48
44
117
59
-30
-78
73
91
-29
23
26
-9
65
34
-29
-1
16
63
-56
-35
59
11
38
85
-55
-8
147
48
-26
-12
135
53
-8
79
30
15
23
41
-2
63
54
-49
-40
37
8
-16
24
59
-6
-27
3
17
19
25
37
-3
124
81
-33
16
31
57
49
64
70
-11
57
46
-24
-12
25
147
25
-37
-2
28
9
-17
1
10
89
64
-75
-72
71
28
5
-2
31
9
-51
32
32
-9
8
-13
-27
-27
-20
-38
-35
31
42
-119
-98
-13
-14
-47
-24
-78
-97
16
-52
-70
-80
17
64
8
-127
-129
12
-17
-21
-107
-54
-34
-47
-53
-93
-58
-40
-154
-92
-68
-84
-88
-117
-23
-99
-127
-141
-100
-18
-97
-140
-143
-53
-19
-99
-105
-40
-39
-76
-133
-104
-51
-32
-151
-143
-145
-21
-67
-215
-86
-59
-62
-104
-165
-66
-40
-38
-115
-148
-25
-51
-82
-87
-60
-98
-73
-106
-50
-62
-121
-48
-66
4
-90
-115
-92
-5
-46
-105
-36
-1
0
-99
-7
-38
13
-17
-28
-57
-49
73
-8
7
5
26
0
-34
-43
-75
31
67
1
-34
-7
61
21
-41
-24
-6
28
22
27
-64
-4
60
84
-13
2
3
33
46
-42
68
106
107
31
-44
76
58
39
-17
14
130
-6
-70
-59
41
90
7
43
34
27
-1
-55
23
94
155
5
-59
56
46
53
81
-14
58
80
44
-5
-84
79
69
50
53
15
68
8
-20
-30
-14
128
59
25
15
26
54
-5
11
64
61
20
53
45
36
18
46
56
35
34
4
19
57
12
15
39
74
27
-70
-14
15
-9
30
-18
37
-20
-4
44
-49
67
9
71
72
-39
19
-2
107
36
-30
64
56
75
-44
-50
33
59
3
-35
52
28
16
-22
18
73
11
10
29
23
56
-9
50
89
39
48
-39
-6
72
-4
52
48
43
60
-71
61
56
5
64
-1
19
15
42
87
32
17
20
47
75
15
42
74
27
29
-21
33
128
80
36
52
62
46
-10
-35
83
17
87
33
-23
19
-33
58
-12
76
29
-32
100
-25
9
49
60
47
30
70
29
74
71
38
23
-8
46
-19
39
1
9
53
-27
25
-70
0
24
-18
26
-32
15
-30
-14
15
6
54
-11
-20
-27
-57
-15
2
23
8
-52
-6
40
9
10
-36
-57
-16
-40
4
-8
8
39
-58
-41
-20
-37
60
-36
-21
-45
-33
19
-72
-41
-33
11
-18
-69
-50
-5
0
-39
-80
-42
22
-44
-92
-66
-16
-17
-74
-78
-89
-10
-64
-87
-64
-9
-1
-93
-87
-74
-60
-34
-59
-14
-11
-57
-105
-66
-93
-59
-75
-90
-27
-99
-65
-86
-99
-3
-121
-81
-57
-99
-45
-88
-46
-13
-80
-84
-93
-82
42
-97
-62
-28
-133
-56
-139
-81
-45
-74
-27
-69
-116
-23
-91
-57
-74
-79
-4
-57
4
-10
-34
-3
-43
-47
-61
-16
-21
-51
-46
-35
-5
-12
-13
-42
-41
-39
-46
-24
-10
-28
-36
24
-29
14
-35
11
11
-32
5
-42
19
43
63
55
20
21
28
-29
39
70
36
78
2
57
50
-8
48
29
79
60
26
4
30
41
36
49
62
86
15
61
41
60
126
42
67
9
74
84
71
84
57
100
76
51
20
59
78
110
59
24
106
49
88
79
87
150
82
89
45
84
137
46
66
73
103
97
54
56
98
40
68
-9
29
88
44
72
44
60
84
5
20
18
27
97
17
72
46
25
65
-16
80
61
45
78
-42
56
80
13
46
3
64
99
-70
-53
0
8
75
-20
-44
47
-54
-29
-71
-2
62
-40
-15
-42
-29
23
-71
-30
3
-5
-4
-90
-37
6
-57
-26
-64
-73
-2
-89
-58
-85
-10
46
-77
-55
-71
-9
-21
-56
-36
41
-3
7
-88
-66
71
-40
17
-80
7
26
-103
-30
-48
6
7
-49
-103
-19
-59
-8
-50
-62
58
-55
-26
-83
-54
32
-36
-5
-56
6
36
-23
-4
-5
54
-7
-17
-24
9
10
-19
-4
-31
16
21
-32
-26
-22
-17
-13
-22
9
19
28
-47
1
-18
2
4
-22
42
-16
29
-14
9
22
16
8
33
-12
17
3
2
96
3
63
9
-5
74
-32
77
38
-13
88
-13
60
72
30
89
-18
32
73
6
60
0
36
41
-1
-2
-34
39
41
-14
-9
-24
20
-16
-33
-3
32
-1
-4
-47
-14
40
-10
44
-48
19
26
-50
39
-48
55
17
-62
36
-96
15
-4
-98
9
-62
11
-20
-103
11
-82
-61
-39
-106
16
-14
-56
-44
-87
-37
-5
-66
-19
-28
-45
-11
-114
-49
-49
-16
-22
-30
-65
-44
-19
-44
-31
-46
-35
-35
-67
-46
10
-18
13
-32
-60
1
-87
14
-15
-69
82
-72
-9
-61
-79
55
-82
14
-51
-96
-18
-77
-64
-33
-69
5
-52
-110
35
-77
0
-16
-129
28
-93
22
18
-81
66
-81
-12
-40
-38
-5
-2
-36
7
-13
-2
42
-76
39
-39
-5
5
-48
22
-4
17
-7
9
-56
16
-8
-13
35
7
16
-16
7
0
41
-20
67
5
55
22
-55
20
-10
52
24
30
19
31
20
37
25
63
50
-5
50
24
55
44
10
68
14
69
41
4
36
-38
18
19
40
48
23
28
30
22
25
68
0
44
16
11
43
-6
65
57
35
46
7
13
25
2
50
69
51
64
6
30
50
56
50
26
11
49
6
32
39
-23
84
-5
55
43
-1
64
-1
49
83
23
58
39
3
62
45
68
56
5
82
40
16
18
32
36
94
30
62
57
20
87
7
89
94
65
40
38
40
60
52
69
72
-2
66
1
14
41
-6
48
19
23
46
31
43
60
26
48
37
4
77
4
43
39
-17
112
-1
23
40
-20
105
-11
2
62
-23
87
-6
-7
56
10
50
57
13
65
17
9
60
-27
39
21
22
28
-3
29
13
18
-11
-7
14
-13
-1
-50
-27
-4
-15
27
11
-9
-23
-38
-48
-33
-25
-13
-21
-16
3
-32
-11
1
-40
28
-53
-12
5
-83
67
-74
23
13
-67
-8
-92
-49
-8
-67
-31
-30
-103
-3
-116
-64
-45
-87
-20
-127
-93
-80
-102
-37
-93
-88
-52
-79
-70
-69
-100
-49
-59
-77
-47
-108
-73
-86
-94
-64
-63
-64
-85
-92
-66
-66
-79
-44
-60
-40
-45
-95
-58
-102
-46
-89
-72
-64
-81
-61
-134
-94
-95
-111
-37
-95
-66
-54
-111
-43
-99
-64
-12
-70
-13
-71
-24
-22
-73
21
-54
-13
-22
-43
-28
-51
-32
-4
-51
-8
17
-40
49
-45
-31
-28
-20
7
-7
-2
-33
2
-41
28
2
15
29
-39
-7
-12
2
26
15
32
45
17
15
37
18
63
1
33
42
-6
47
21
54
56
28
25
68
29
57
26
12
75
46
73
68
66
64
30
43
49
-12
69
31
25
13
8
87
38
39
48
36
7
43
-2
41
75
28
56
13
38
39
4
43
32
42
30
23
71
2
40
36
8
59
12
39
43
-15
22
2
8
25
-30
23
6
7
-10
19
1
22
6
-11
19
-32
1
-5
-22
43
-22
-17
-5
-55
48
-49
32
-40
-45
18
-71
34
-15
12
30
-35
3
-9
-7
1
8
-15
18
-25
24
11
-9
52
-36
-6
19
-62
47
-43
36
-11
-39
66
-24
5
13
-27
-17
-16
-9
36
8
36
3
-16
24
-4
-12
52
-28
44
17
-2
60
-31
72
16
18
21
15
15
28
25
32
89
17
33
-7
19
61
8
57
35
13
21
22
27
56
39
52
50
6
41
47
7
77
8
43
47
-7
97
-8
46
53
-21
85
4
44
77
-29
90
8
30
53
19
71
49
19
69
24
44
73
27
43
48
-9
63
5
25
66
-43
63
-34
-5
45
-49
24
-7
-26
55
-20
19
-23
-52
12
-51
-1
1
-10
-1
-13
-36
18
-50
-8
-74
-41
-16
-65
-18
-47
-13
-46
-47
-38
-70
3
-41
-43
-26
-75
3
-68
-23
-17
-97
-17
-77
-31
-13
-95
-14
-83
-55
-35
-62
-32
-57
-85
-53
-89
-72
-26
-71
-14
-58
-66
-61
-89
-52
-60
-67
-41
-43
-71
-27
-94
-23
-60
-84
-18
-101
-39
-83
-69
-50
-50
-79
-47
-72
-52
-36
-125
-31
-105
-24
-53
-96
-38
-106
-44
-57
-79
-40
-90
-25
-69
-57
-50
-39
-14
-23
-31
-24
10
-32
-18
-54
9
32
2
-1
-9
29
16
-14
20
3
49
-10
22
3
-7
57
-21
47
23
41
55
-15
40
-13
12
56
1
89
-3
91
25
15
77
24
112
23
53
59
80
78
70
47
92
83
48
78
41
125
36
73
90
49
108
23
90
81
78
93
46
109
39
29
84
30
107
53
106
90
48
104
-5
86
72
78
82
11
80
27
54
75
60
82
50
81
9
50
43
80
59
16
52
28
64
49
18
54
30
41
14
13
50
-2
18
43
-9
57
2
-12
-20
-46
-12
-18
-13
21
-26
7
-33
-50
-37
-41
-11
-48
-58
-61
-7
-37
-12
-32
-12
-17
-53
-40
-71
-27
-22
-3
-24
-28
-48
-32
-31
-51
-30
-60
-38
-52
-39
-23
-19
-21
-50
-45
-41
-53
-63
-49
-17
-57
-61
-77
-58
-44
-46
-60
-3
-46
-21
-42
-57
-3
-60
-16
-20
-30
34
-48
16
1
-55
16
-60
25
-27
-49
24
-57
33
-26
-7
8
-46
-7
-36
-12
44
-5
31
17
-14
21
-21
15
32
11
50
-12
24
14
21
54
-1
61
22
30
63
-6
82
17
51
20
23
60
21
68
25
46
42
32
60
49
26
27
-20
21
20
38
44
17
9
-5
4
51
27
50
23
1
57
-8
93
23
30
37
-20
51
