9
7
-1
2
-2
0
4
4
9
8
7
7
4
4
4
6
6
5
7
5
3
2
0
2
0
-2
-3
-2
-6
-12
-11
-3
4
4
-5
-11
-6
-4
2
4
-7
2
2
4
6
-12
-13
-4
-3
8
4
-6
-1
0
5
8
2
2
5
8
10
6
2
-2
-9
-8
-10
-15
-11
-9
-13
-12
-17
-16
-7
-2
9
7
-2
4
3
0
4
-5
0
4
-1
4
-4
-5
3
6
15
12
-1
8
12
16
25
12
16
15
9
17
7
4
9
5
17
17
6
13
1
-3
6
1
10
10
0
2
1
-2
-3
-8
-7
-1
-3
-1
-6
-17
-13
-10
-6
2
-8
-6
0
-6
5
6
10
22
10
14
19
6
10
3
0
14
8
7
12
4
17
18
6
13
5
1
8
1
7
5
0
4
-4
-4
-6
-13
-11
-11
-9
-2
-5
-5
-5
-8
-5
-8
-6
-8
-18
-13
-8
-12
-7
-10
-9
-4
-12
-14
-13
-12
-4
-2
-6
-7
-12
-12
-6
-9
-5
-3
-8
-5
-6
-8
-8
-10
-8
-5
-6
-4
0
-3
-4
-11
-7
-1
-2
5
5
4
8
2
8
5
3
12
10
13
10
1
8
5
4
13
4
6
9
6
20
16
11
13
-2
9
12
5
8
-1
3
6
-1
1
-5
-3
4
3
13
17
10
17
15
13
16
8
15
12
11
18
9
11
8
-1
6
0
-1
-2
-1
11
7
7
11
4
5
8
2
6
-4
-18
-16
-19
-13
-10
-19
-16
-15
-14
-12
-16
-18
-15
-13
-13
-16
-18
-19
-17
-14
-13
-16
-18
-18
-15
-6
-7
-7
-12
-12
-4
-4
-2
-7
-10
-4
-3
-4
4
9
11
12
6
4
1
-2
1
-4
-3
3
-2
5
5
2
12
6
2
1
-3
0
-1
-3
2
1
3
3
-3
-4
2
11
14
14
9
3
6
6
7
10
4
5
12
7
13
9
7
16
9
4
6
-3
7
8
2
5
-1
8
12
11
7
1
3
5
11
12
1
-2
-4
-2
6
3
7
8
5
11
4
1
4
-1
8
10
3
3
-3
1
8
4
4
-4
-3
3
-1
0
1
-2
-1
-4
-5
1
0
5
1
-2
6
3
-1
-13
-18
-8
-8
-3
-5
-12
-11
-12
-9
-10
-15
-12
-11
-4
0
-3
-5
-15
-18
-16
-16
-16
-26
-25
-20
-23
-17
-22
-23
-13
-17
-12
-11
-19
-10
-11
-12
-7
-9
-8
-4
-9
-6
-3
-11
-7
-9
-5
5
4
1
1
2
8
14
13
9
7
3
10
16
16
13
4
4
14
13
7
1
2
13
20
15
6
9
16
20
19
7
4
8
9
10
4
2
7
7
7
2
-9
-5
-4
0
7
-3
-4
-3
3
15
10
-2
-9
-6
9
5
-2
1
2
7
10
10
10
2
9
4
0
14
9
10
19
14
14
6
-1
8
4
6
8
1
8
9
4
10
5
-2
1
-6
-5
2
-3
-3
-3
-3
1
-3
-9
-12
-14
-12
-6
-6
-2
3
-1
2
4
-3
-4
-10
-8
-4
-8
-8
-5
-5
-1
-4
-9
-5
-5
-7
-4
-5
-5
-5
-13
-10
-2
-2
-2
-7
-11
-3
-3
-1
-2
-11
-9
-13
-15
-8
-8
-11
-15
-8
-3
-6
-5
-9
2
10
2
3
-5
-5
4
0
4
-4
-9
4
-1
-3
-5
-18
-3
9
3
0
-12
-11
-6
-6
5
5
-2
-6
-16
-5
-5
-10
-7
-16
-7
-5
-11
1
-9
-8
-2
-15
-9
-9
-15
-2
-2
-5
4
-6
0
4
-2
5
-7
-9
7
12
13
12
-2
5
12
7
14
10
10
26
19
22
24
16
21
13
6
12
4
4
9
3
12
16
14
23
13
6
8
6
17
17
10
7
2
6
11
10
12
9
5
10
10
12
12
11
17
12
9
13
1
-2
1
-5
6
2
-9
-3
-7
-6
-7
-20
-17
-22
-23
-12
-20
-21
-18
-24
-9
-4
-12
-11
-22
-18
-6
-11
-12
-21
-19
-12
-17
-15
-17
-19
-12
-8
-4
2
-7
-5
-12
-14
-5
-12
-10
-5
-7
-3
-13
-21
-14
-21
-11
-8
-18
-7
-12
-12
0
-10
-1
0
-16
6
-1
1
13
-16
-3
4
2
30
4
-7
9
2
36
35
16
29
11
27
35
14
25
15
19
39
25
34
25
12
25
10
27
32
6
13
1
-1
19
4
10
-2
-22
-3
-14
-5
-4
-21
-3
-13
-11
-11
-26
-8
-7
-2
15
3
7
3
-12
9
2
5
16
4
24
18
15
33
15
27
40
13
26
17
14
34
9
15
15
5
20
20
23
30
-3
-15
-10
-22
3
-1
2
4
-14
-11
-21
-14
-4
-8
-3
-1
1
-2
-16
-6
-8
-4
2
-3
-13
-32
-27
-4
3
1
-11
-13
-12
-26
-17
-9
-4
14
-10
0
13
-9
9
-17
-20
-20
-47
-21
-1
18
43
15
-4
7
7
23
11
-20
-16
-12
8
20
-10
-14
-8
-24
-31
-54
-50
-4
-5
-6
-17
-44
-18
-22
-25
3
-22
12
30
11
20
-26
-54
-44
-57
-47
-27
-49
11
0
-6
24
-25
21
13
10
49
12
30
35
-14
9
-29
-30
18
15
55
29
-26
22
2
13
33
-23
32
12
17
41
-18
23
13
-4
17
-42
-20
-21
7
61
20
-13
-53
-91
-25
2
12
31
-44
-14
-7
-34
27
28
38
46
-29
-25
-16
-24
29
13
9
56
23
18
-18
-59
-25
-13
40
70
52
11
-22
-58
-24
51
51
37
-35
-37
40
19
26
-40
-93
-12
2
27
14
-48
-23
-9
-22
55
-1
-24
-40
-121
-33
-29
-40
11
-39
-29
-21
-103
-23
-27
24
31
-68
-167
-143
78
223
173
-56
-102
-167
-17
117
-3
42
68
-12
-35
-62
-10
67
40
46
24
16
40
42
-1
8
-40
41
54
17
32
8
12
52
95
161
48
-428
-477
-251
226
446
226
-43
-305
-66
122
65
184
104
-69
-111
-231
-133
-65
-40
43
1
17
106
97
93
6
-88
17
-17
9
54
-27
18
-44
-27
113
146
132
-11
-109
-47
72
138
119
-10
-33
23
87
153
95
79
67
47
20
-50
-49
-45
-26
30
25
73
-6
-26
-11
18
47
46
71
95
-130
-528
-649
-429
146
429
384
24
-323
-232
11
122
251
221
28
-134
-320
-291
-131
-11
73
121
89
158
179
94
31
-48
6
101
65
93
39
-49
0
-86
-39
117
16
26
-100
-154
15
3
82
62
-31
49
21
4
9
-179
-139
-159
-228
-160
-219
-97
-4
23
165
105
66
7
-95
23
-9
-24
-3
-149
-76
-85
-90
41
-39
55
71
49
240
160
158
146
-32
88
16
-3
202
24
117
70
-89
157
-15
-9
57
-152
32
-24
-86
106
7
172
211
-11
59
-101
-145
50
-72
32
-2
-153
62
-39
-38
20
-78
98
81
26
64
-75
-43
-21
-94
-8
10
-26
9
-23
-2
111
121
121
124
37
29
28
-63
29
-10
-32
109
-11
61
53
-50
118
3
52
85
-41
112
68
38
128
-23
18
32
-123
-9
-124
-48
99
-77
27
-116
-129
58
-80
-19
28
-73
70
17
5
54
-110
11
-117
-172
-5
-160
21
32
-26
162
-74
11
99
-20
168
18
-28
-1
-178
9
-54
-179
7
-97
-4
-26
-161
-52
-118
48
147
16
68
-17
-17
33
58
51
-53
3
8
-69
-46
-57
-28
-16
4
8
-37
-22
16
77
96
53
27
49
-89
8
-38
-172
-109
-136
2
-65
-108
-111
-254
-108
-119
-78
87
-75
-163
-186
-228
-101
-85
-192
-85
-129
-116
-28
-7
-72
-86
-78
180
114
204
-629
-2044
-1794
-1116
100
763
932
214
-188
156
56
606
1155
930
276
-344
-861
-1248
-633
-438
-122
446
556
810
1015
1173
957
1027
981
763
490
224
166
-93
167
164
179
561
250
313
324
322
685
470
226
-7
-284
-199
-52
-61
116
75
18
46
-227
-163
-157
-291
-91
-221
-226
-168
-283
-191
-34
-32
50
-3
-34
6
-65
-58
-84
-125
-111
-236
-236
-257
-163
-75
62
43
-151
-182
-336
-260
-132
-182
-70
-126
-137
-32
-120
18
-47
-189
-41
-96
-129
-77
-323
-246
-226
-359
-330
-642
-460
-279
-192
80
-21
-14
48
-110
-70
16
84
185
-5
-17
-118
-249
-66
-143
-158
87
111
348
440
411
652
569
644
604
320
399
337
346
486
299
346
334
268
462
431
638
757
707
776
742
610
517
480
371
489
513
535
516
506
622
612
694
673
623
477
380
183
100
95
-232
-225
-242
-335
-241
-440
-490
-602
-670
-591
-643
-575
-513
-574
-595
-615
-814
-823
-1020
-1228
-1195
-1374
-1255
-1250
-1231
-1060
-1274
-1233
-1315
-1449
-1316
-1313
-1235
-1255
-1359
-1417
-1529
-1548
-1398
-1340
-1271
-1149
-1077
-986
-836
-685
-538
-381
-238
-176
13
120
258
361
275
479
435
617
890
773
1018
1082
1268
1651
1587
1839
1942
1995
2218
2190
2269
2388
2396
2513
2678
2637
2955
2914
2927
3089
2984
3157
3125
3186
3426
3404
3549
3500
3422
3537
3502
3510
3395
3176
2785
2415
1741
1030
145
-738
-1609
-2620
-3568
-4613
-5451
-6051
-6382
-6436
-6249
-5856
-5439
-5009
-4720
-4401
-4073
-3722
-3403
-3347
-3407
-3652
-3812
-3815
-3706
-3440
-3023
-2796
-2270
-1884
-1443
-752
-461
-56
50
-153
-180
-546
-733
-994
-1541
-1756
-2173
-2280
-2119
-2024
-1666
-1270
-980
-375
-98
287
626
635
972
935
1141
1475
1549
1901
1990
2074
2392
2510
2876
3144
3241
3527
3634
3746
4048
4091
4302
4482
4460
4745
4718
4828
5103
5000
5325
5107
5073
5334
5083
5463
5236
5158
5090
4726
4632
4236
4164
3852
3362
2714
2080
1364
344
-594
-2252
-3373
-4702
-5892
-6853
-8245
-8492
-9068
-8939
-8553
-8221
-7124
-6574
-5648
-5155
-4456
-3643
-3262
-2925
-3186
-2936
-2911
-2447
-2110
-1952
-1368
-1028
-159
381
1080
1781
2102
2556
2364
2264
1929
1318
415
-944
-2033
-3080
-3857
-4686
-5376
-5711
-5677
-5102
-4529
-3722
-2793
-1928
-1003
-471
28
367
407
274
-122
-445
-355
-355
-371
-200
-101
490
1214
1842
2665
3127
3742
4170
4186
4544
4502
4381
4253
3782
3628
3632
3650
3707
3575
3562
3988
4275
4659
4846
4681
4754
4591
4667
4705
4745
4734
4549
4364
4481
4594
4928
4924
4775
4600
4483
4570
4169
3755
2657
1499
-249
-1866
-3433
-4949
-6248
-7891
-9464
-10501
-10483
-10040
-9294
-8453
-7658
-6489
-5465
-4282
-3339
-2807
-2304
-2626
-2902
-2985
-2818
-2479
-2255
-2048
-1521
-471
844
2165
3005
3639
4207
4256
4243
3928
3255
2378
943
-658
-2032
-2932
-3506
-3873
-4474
-4602
-4449
-4043
-3214
-2910
-2617
-2319
-2306
-2142
-2198
-2416
-2669
-3007
-3182
-2955
-2493
-1696
-988
-675
-60
253
762
1260
1225
1100
613
358
329
299
534
782
1038
1568
2018
2576
3278
3787
4366
4583
4748
4825
4960
4735
4571
4270
4179
4573
4587
5157
5054
5290
5758
5988
6875
6879
7500
7425
7482
7602
7102
7249
6313
6088
4980
4127
3282
1870
650
-1600
-3011
-4662
-5734
-6762
-8405
-9291
-10057
-9811
-9386
-8706
-7690
-7099
-6120
-5675
-4826
-4173
-3436
-3345
-3887
-3976
-4050
-3288
-2815
-2261
-1692
-1155
60
1013
2000
2607
2915
2847
2437
2046
1273
725
-574
-1775
-3163
-4193
-4453
-4983
-5070
-5316
-5286
-4646
-3964
-3180
-2664
-2346
-1868
-1588
-1150
-703
-435
-243
-176
-169
-18
271
672
924
886
758
650
641
772
634
374
355
408
818
1231
1649
2214
2451
2922
3305
3585
4083
4162
4177
4269
4192
4682
4721
4823
4705
4522
4655
4730
5244
4989
5316
4830
5390
5450
5653
6284
6099
6767
6513
6594
6417
6100
6360
5344
4672
3488
2516
1575
-755
-2083
-4603
-5560
-6857
-8070
-9139
-10264
-9572
-9839
-8702
-7717
-6784
-5397
-5217
-4254
-4133
-3291
-2591
-2933
-2972
-3509
-2861
-2579
-1803
-1327
-913
179
1037
1950
2233
2418
2383
1793
1160
87
-712
-1818
-3050
-4561
-5819
-6091
-6067
-5738
-5743
-5229
-4629
-3319
-2161
-1601
-889
-562
36
-33
-138
-48
-164
-7
-429
-559
-423
-109
95
-310
-365
-463
-241
-427
-796
-959
-1081
-484
-169
311
796
1312
2138
2456
3004
3389
3792
4113
4067
4115
4052
4530
4631
4670
4447
4526
4912
4891
5237
5096
5180
5475
5898
5896
6143
6559
6569
6808
7007
7141
6825
6925
6457
5817
5324
4388
3277
1061
-418
-2640
-4296
-5504
-7285
-8596
-10129
-9587
-9378
-8442
-6841
-5997
-4512
-3782
-2764
-2239
-1865
-1399
-2343
-2923
-3565
-3340
-3249
-2978
-2172
-1934
-468
735
1969
2844
3084
3265
2445
1780
971
-206
-1575
-3216
-4856
-5957
-6299
-6252
-6254
-5949
-5497
-4853
-4087
-3325
-2743
-2694
-2424
-2569
-2774
-2983
-2912
-2860
-2784
-2348
-2104
-1485
-863
-495
-434
-700
-579
-942
-1185
-1428
-1849
-1819
-1615
-845
1
1067
2160
3162
4109
4978
5877
6190
6449
6188
6125
6035
6123
5988
5801
5649
5389
5741
5655
6215
5947
6337
6437
6538
6945
6924
6944
7011
7151
7164
6870
6892
6286
5947
5490
4828
4268
2910
2205
-428
-1832
-3806
-5218
-6483
-8166
-9388
-10510
-10009
-9482
-8450
-7198
-5982
-4599
-3841
-2693
-2256
-1842
-1861
-2837
-3219
-3752
-3233
-3042
-2714
-2251
-1624
-368
1056
2009
2549
2737
2785
2065
1409
274
-938
-2231
-3981
-5173
-6088
-5984
-5924
-5919
-5757
-5422
-4541
-3837
-3586
-3536
-3416
-3131
-3116
-3086
-3307
-2995
-2556
-2047
-1413
-957
-131
157
247
9
-267
-501
-1001
-1550
-2081
-2151
-1645
-852
175
1166
2443
3615
4775
5715
6317
7026
7123
6950
6448
6295
6147
6216
5781
5543
5299
5478
6230
5743
6196
5808
5816
5536
5539
5938
5468
6188
5752
5601
6015
6179
6798
5948
6290
5466
5198
4989
3594
2390
-804
-2100
-4577
-6311
-7379
-9611
-11054
-12161
-11571
-10897
-9381
-7395
-6557
-5284
-4308
-2774
-2174
-1573
-1771
-3087
-3346
-3641
-3268
-3100
-2674
-1929
-1487
115
1828
3022
3979
4037
3748
2932
2492
1515
122
-1622
-3656
-4981
-5979
-5717
-5807
-5885
-5438
-5468
-4171
-3334
-2403
-1917
-2100
-2105
-2525
-2010
-1990
-1769
-1850
-1947
-1674
-1350
-506
-432
-613
-834
-1473
-1624
-1867
-1827
-2238
-2569
-2331
-1755
-578
870
2003
2661
3384
4186
5000
5661
5898
5814
5303
5166
5355
5390
5730
5419
5382
4970
5532
5658
5804
6008
5313
5320
5337
5770
5917
5792
5985
5559
6135
6613
6567
6880
6166
6371
5200
5202
4275
2849
905
-1665
-3597
-5889
-6707
-8497
-10383
-11630
-11751
-10899
-9559
-7531
-6349
-5260
-3831
-2680
-1521
-1166
-763
-1755
-2438
-2551
-2550
-2010
-1788
-1259
-850
247
1926
2895
3724
3822
3405
2591
1888
1033
-333
-1570
-3442
-5020
-6000
-6093
-5904
-5632
-5201
-4571
-3901
-2996
-2340
-2539
-2564
-2752
-2938
-3119
-3343
-3385
-3448
-2848
-2120
-1481
-640
25
215
169
-46
-674
-1414
-2272
-3189
-3827
-3909
-3543
-2804
-1807
-555
977
2359
3984
5087
6080
6709
6469
6645
6294
6152
5962
5388
5079
4587
4770
5200
4913
5307
5402
5557
6277
6993
7175
7173
7886
7699
8122
8399
8643
8540
7656
7884
6605
6307
5775
4421
2459
-147
-1748
-4577
-5933
-7185
-9320
-11267
-11849
-11032
-10525
-8360
-7004
-6210
-4754
-3411
-1796
-1421
-799
-1476
-2934
-3142
-3388
-3262
-3310
-2796
-2673
-2011
-279
1054
2125
2698
2856
2230
1666
1130
-106
-1402
-3102
-5094
-6625
-7136
-7210
-7457
-7210
-7029
-6290
-4852
-3521
-2305
-1675
-1134
-997
-607
-415
-667
-914
-1351
-1534
-1815
-1528
-1563
-1855
-1827
-1931
-1784
-1561
-1161
-1145
-1206
-899
-565
134
825
1594
2000
2504
3239
3594
4263
4798
5013
5236
5100
5515
5767
6169
6350
6160
6167
5881
6363
5901
6242
5481
5110
5199
4863
5965
5647
6381
6514
6651
7363
7450
8497
7724
8164
7369
6409
5693
4131
2324
-951
-2518
-5512
-7210
-8270
-10084
-11503
-11963
-10815
-9822
-7915
-5925
-4817
-3649
-2439
-1543
-1516
-1126
-1711
-3097
-3551
-3593
-3368
-2978
-2109
-1344
-416
1260
2883
3635
3908
3663
2533
1441
335
-1208
-2862
-4736
-6360
-7163
-7322
-6540
-6047
-5495
-4782
-4211
-2881
-2324
-1766
-2170
-2805
-3390
-3561
-3333
-3650
-3152
-3174
-2400
-1115
75
1352
1296
1388
841
-7
-497
-1696
-2664
-3842
-4321
-4227
-3602
-2170
-778
641
2055
3610
5009
6323
6754
6760
6324
5700
5682
5112
5199
4463
4311
3948
4523
5148
5674
5981
5681
6115
5747
7105
7039
7104
7052
6931
7196
7514
8222
7904
7014
7335
6659
6421
6182
4984
2857
34
-1253
-4398
-5771
-7170
-9634
-11806
-12295
-11295
-10650
-8113
-6542
-5439
-3765
-1909
-197
269
911
100
-1749
-1944
-2247
-2697
-2720
-2785
-2702
-1886
-32
1675
2529
3077
3037
2453
2235
1709
175
-1530
-3586
-5423
-6519
-6652
-6530
-6776
-6699
-6351
-5651
-4899
-3508
-3188
-3167
-2891
-3094
-2780
-2389
-1860
-1847
-1867
-1386
-1157
-746
-442
-945
-1773
-2354
-2809
-3593
-4029
-4361
-4709
-4410
-3362
-2068
-874
796
2018
3089
4128
4948
5503
5441
5741
5248
5042
5343
5239
5567
5826
6046
6168
6887
7364
6931
7333
6671
6280
6332
6141
6322
5559
6366
6042
6411
7550
7415
7590
7339
7732
7197
6728
6437
4620
3253
1838
-731
-2924
-4925
-6632
-8293
-9889
-11010
-11954
-11128
-10036
-8539
-7177
-5933
-4382
-3151
-1713
-1155
-1127
-1281
-1948
-2204
-2358
-2160
-2148
-1862
-947
-360
730
1808
2440
2713
2554
2122
1385
454
-332
-1749
-3046
-4301
-5245
-5416
-5021
-4577
-4863
-4538
-4276
-3926
-3071
-2687
-3057
-3256
-2814
-2779
-2411
-1771
-1745
-1690
-1228
-550
-784
-853
-985
-2111
-2752
-3197
-4079
-4834
-4945
-4649
-4305
-3231
-1602
-392
1105
2861
3807
4510
5168
5643
5332
5058
4943
4424
4786
4827
5343
5315
5558
6649
6480
7432
6927
6733
6666
5711
6405
5182
5560
4941
5068
5576
5457
6851
6130
7271
6929
7001
7289
6473
6709
4907
3928
1778
-1019
-2655
-4988
-6553
-8429
-10009
-11614
-11622
-10682
-9842
-7991
-6826
-5383
-3691
-2155
-980
-825
-728
-1233
-2104
-2436
-2525
-2618
-2674
-2023
-1560
-633
1133
2290
3235
3460
3031
2740
2026
1464
157
-1612
-3188
-4583
-5213
-5282
-5301
-5565
-5316
-5244
-4412
-3848
-3510
-2804
-3327
-3050
-2788
-2433
-1928
-1783
-1400
-1443
-1204
-757
-786
-1331
-1680
-2557
-3449
-3923
-4535
-4793
-5206
-4652
-4063
-3219
-1437
-209
1214
2660
3695
4725
5326
5543
5947
5347
5448
5472
5084
5585
5646
5940
5984
6298
6793
6537
6953
6529
6175
5546
5793
5678
5124
5911
5276
5895
5826
7198
6970
6455
7663
6375
6544
6921
6261
4602
3625
2029
-1016
-1928
-4261
-6263
-7783
-9559
-10505
-11210
-9746
-8845
-7500
-6150
-4980
-3481
-2006
-540
-610
-816
-1177
-2115
-2256
-2156
-2429
-2758
-2368
-1744
-780
610
1652
2283
2159
2344
2167
1510
704
-382
-2171
-3629
-5040
-6205
-6543
-7051
-7329
-7319
-7063
-6422
-4832
-3825
-3037
-2001
-1704
-877
-51
226
-35
-617
-942
-1482
-2072
-2149
-2973
-3880
-3812
-3921
-3804
-3174
-2554
-2068
-1389
-319
713
1481
2363
3033
3034
3431
3624
3706
4186
3991
4391
4725
5081
6084
6432
6932
7196
6956
7128
7153
6170
6080
4819
4111
4069
3714
3865
3930
4025
4715
5843
5904
7408
7050
7344
7643
7439
7440
6599
5806
4167
2220
10
-1683
-4296
-5641
-7427
-9536
-11025
-11043
-10197
-9337
-7413
-6336
-5355
-3418
-1621
-952
-504
-821
-1682
-2519
-2690
-2723
-3257
-3096
-2335
-1855
-404
1249
2209
3064
3341
3153
2627
2174
1075
-562
-2310
-4011
-5384
-6179
-6505
-6374
-6826
-6846
-5981
-5669
-4427
-3477
-3208
-3064
-2478
-1647
-1355
-752
-761
-1071
-1010
-600
-476
-1156
-1214
-2088
-2770
-2763
-2991
-3505
-3726
-3272
-3057
-2264
-1198
43
909
1824
3016
3553
4186
4800
4795
4704
4734
4847
5011
5106
5579
5585
5305
5936
5864
6369
6165
5631
5061
4306
4362
4264
4006
3485
4169
3738
4642
5448
5744
6093
6430
7073
6541
7084
7247
6267
4927
4065
791
-1010
-2449
-4952
-6478
-8728
-10525
-11492
-10638
-9389
-7793
-6590
-4950
-3392
-1696
140
184
-255
-481
-1757
-2422
-2599
-3294
-3466
-3375
-2200
-1124
453
2347
3278
3908
4199
4051
3494
2668
999
-807
-2746
-4339
-5257
-5968
-6118
-6353
-6286
-5797
-4788
-4228
-3500
-2833
-3095
-2797
-2466
-2096
-2290
-2244
-2032
-2324
-1545
-899
-1030
-1210
-1305
-1770
-2292
-2643
-3371
-4321
-4670
-4384
-4218
-3622
-2202
-1408
-115
1547
2610
3829
4545
5223
5325
4929
5395
5065
5010
5272
4786
5083
5087
5449
5651
5524
5090
5238
4595
4734
5112
4033
4688
4450
4968
5737
5610
6358
6014
6195
7183
7105
6742
6987
6337
5676
5416
4301
2018
-224
-1720
-4177
-5952
-7365
-9711
-10947
-10257
-10061
-8893
-7258
-5815
-4320
-2631
-946
-641
-260
132
-1013
-1794
-1771
-2460
-2792
-2357
-2115
-1650
-453
1212
2179
2636
3278
2763
2675
2170
893
-540
-2319
-3615
-4846
-5507
-5772
-6592
-6791
-6517
-5890
-5427
-4150
-3804
-3418
-2823
-2342
-1578
-1414
-894
-1251
-1336
-980
-971
-1296
-1530
-2514
-3123
-3481
-3890
-4180
-4449
-4597
-4383
-3644
-2357
-1113
23
1357
2110
3002
4007
4470
4882
4901
4716
4793
4666
5225
5500
5673
5865
6142
6288
6265
6504
5928
5575
4884
4804
3918
3757
4117
3808
4826
5326
5494
6097
6863
7228
7833
8112
7735
7071
6717
6079
5030
4280
1977
-536
-1912
-4363
-5229
-6819
-8862
-10075
-10189
-9532
-8094
-7002
-6213
-4982
-4210
-2195
-1642
-1329
-1241
-2327
-2790
-2506
-2761
-2514
-2093
-1834
-1229
-221
1134
2291
2552
2764
2335
1619
1535
419
-1103
-2659
-4213
-5174
-5595
-5719
-6224
-6702
-6426
-5846
-5145
-4073
-3324
-3300
-2776
-1961
-1515
-1132
-725
-862
-1295
-1006
-869
-1371
-1607
-2211
-3096
-3375
-3545
-3732
-3900
-4089
-3675
-3151
-2136
-945
-153
794
1790
2461
3412
4087
4364
4557
4527
4853
4995
5408
5930
5774
5916
6137
6301
6213
6024
5836
4825
4856
4467
4336
3688
3863
4211
4161
5598
5780
5851
6323
7253
7014
7802
8047
7164
6910
7234
6244
4747
3260
683
-1279
-3316
-4303
-7090
-9289
-10479
-10728
-10609
-8899
-7863
-7420
-5499
-3911
-2571
-1517
-991
-1445
-2034
-2399
-2416
-2844
-2748
-2372
-2384
-1604
124
1181
2716
3253
3186
3350
3016
2991
1818
-335
-1798
-3909
-5385
-5761
-6766
-7836
-7831
-7802
-6838
-5665
-4356
-3083
-2768
-1243
-321
396
1070
918
133
-242
-814
-1417
-1983
-3120
-3930
-4642
-4642
-4287
-4266
-3697
-3397
-2850
-1499
-661
362
1083
1351
1870
2339
2773
3255
3328
3403
3661
3943
4926
5286
6175
6305
6402
6839
6861
6982
6445
5963
4905
4457
4448
4136
3664
3595
3613
3788
5243
5789
5920
6381
6676
6679
7250
7553
6662
6217
5143
3964
1658
542
-1644
-4214
-5696
-7744
-9918
-10187
-9657
-9636
-8511
-7334
-6045
-4461
-2561
-1655
-1902
-1951
-2008
-2979
-3140
-3526
-4267
-4007
-2940
-1893
-621
1091
2613
3501
4661
5190
4499
4124
2792
981
-822
-2515
-3938
-5741
-6559
-7019
-7951
-7073
-6148
-6210
-4834
-3893
-3587
-1952
-1334
-1037
-721
-581
-269
-824
-584
-698
-1736
-1661
-1835
-2971
-2744
-2767
-3272
-2987
-2731
-2391
-2254
-1614
-890
-748
422
1552
1874
2497
3123
3278
3954
4513
4776
4843
4932
5426
5632
5911
6225
5978
6043
6451
5791
6015
5429
5171
5234
4610
4519
4751
4246
5105
5395
4916
5790
6006
5883
6698
6537
6012
6785
5385
5055
3150
436
-633
-3208
-4832
-6291
-9416
-10748
-10401
-10551
-8715
-7257
-6674
-4631
-3024
-1230
-426
-632
-800
-2010
-2979
-3066
-4035
-4629
-4061
-3671
-2596
-469
1285
2920
4067
4656
4956
4580
4147
2745
533
-1564
-3309
-5068
-5656
-6762
-7796
-7534
-7818
-5886
-5134
-4660
-3613
-3563
-2735
-1484
-946
-1240
-1009
-1383
-923
-949
-713
-1062
-2290
-2197
-2609
-3074
-2893
-3399
-3860
-3772
-3304
-2551
-1849
-1186
-470
268
1279
2399
2687
3337
3521
3660
4523
4608
4969
5314
5520
5886
6476
6454
6759
6596
5924
6253
5201
5306
4829
4496
4292
4441
4776
5347
5559
5887
6315
6031
7695
6759
7104
6730
5892
5971
5336
3745
1294
-792
-2573
-4199
-5556
-7577
-10256
-10861
-10210
-9643
-7868
-6792
-6189
-4520
-2797
-1238
-1170
-1136
-1912
-3181
-3390
-3181
-3872
-3799
-3180
-2721
-1104
1189
2794
3820
4463
4716
4631
4400
3551
1608
-685
-2306
-3708
-4727
-5120
-5660
-6238
-5838
-4427
-3823
-2760
-2544
-2893
-2928
-2551
-2289
-2888
-3477
-4193
-4214
-3452
-2140
-1755
-1564
-1147
-978
-305
17
-746
-2029
-3146
-3951
-4472
-4473
-4574
-4651
-3922
-2378
-586
1235
2882
4048
4745
5968
6640
6697
6647
5995
5432
5257
5116
4989
4772
4674
4832
4680
5366
5303
5339
5966
5778
5713
6353
6019
6039
6739
5981
6048
6436
6069
6587
6539
6548
6479
6104
5698
3841
1405
115
-2830
-4804
-6425
-9904
-11573
-11815
-11853
-10680
-9219
-8040
-6136
-4322
-1658
-1136
-701
-331
-1653
-2374
-2493
-3608
-4022
-3888
-3492
-2476
-845
1054
2561
3602
4750
5325
5247
5113
3594
1566
-5
-1817
-4002
-5072
-6674
-8078
-7704
-8069
-7196
-5767
-4895
-3312
-2277
-953
405
1098
1580
1543
273
461
-414
-1485
-2028
-3557
-4296
-4578
-4549
-4273
-4354
-3844
-3081
-2616
-1309
-583
-245
312
555
822
1091
1097
1247
1285
1536
2096
2942
3468
4678
5363
6288
7303
7573
8191
8000
7876
6949
6293
5294
4418
3841
3801
3159
3258
3877
4039
5684
6275
7066
7573
7934
8497
8299
7979
7296
5825
4621
2967
-59
-1812
-4083
-6388
-7394
-9422
-10705
-10500
-9763
-8590
-7385
-6258
-4906
-3837
-2451
-1994
-2748
-2981
-3597
-4408
-4294
-4350
-4303
-3527
-2269
-822
862
2831
4166
5012
5426
5324
4820
3765
2222
258
-1931
-3838
-5156
-6624
-7211
-7686
-7812
-7041
-6057
-4627
-3438
-2474
-1341
-265
511
1296
1027
454
52
-490
-960
-1567
-2263
-2867
-3369
-3132
-2652
-2445
-1933
-1407
-1137
-518
115
271
404
377
444
557
503
714
684
931
1722
2376
3223
4191
5106
5838
6668
7454
7640
7987
7646
6737
6235
5379
4846
4209
3368
2998
3140
3115
3879
4192
4491
5377
6048
6681
6754
6827
6701
6323
5862
5026
2887
580
-1128
-3286
-5450
-6520
-9023
-10873
-10661
-10326
-9290
-7579
-6471
-5332
-3636
-2030
-1182
-1233
-1476
-2316
-3639
-3617
-3972
-4787
-4108
-3412
-2446
-474
1525
3062
4385
5529
5935
5599
5240
3831
1693
-139
-2622
-4883
-5977
-7611
-8455
-9357
-8878
-7602
-5967
-4020
-3227
-2009
156
1321
2097
2236
669
33
-570
-1561
-2739
-3999
-4495
-4671
-3977
-2610
-2010
-1005
298
994
1678
2405
2315
1621
843
39
-655
-1012
-1015
-1023
-706
431
2016
3532
5259
6625
7734
8697
9049
8932
8240
7277
6340
5243
4193
3458
3075
2805
2857
3848
3559
4846
5996
6211
6493
7166
6640
6093
7012
6138
4857
4450
2662
-567
-903
-2946
-5085
-6259
-8621
-10513
-10619
-9746
-8627
-8099
-6713
-5371
-4350
-1677
-1134
-1959
-1759
-2564
-3449
-3259
-3849
-4651
-4703
-3981
-2733
-1242
995
2644
3190
4427
5124
5221
5046
4031
1380
-687
-2556
-4366
-5560
-7126
-8413
-8921
-8407
-6573
-5085
-3968
-2021
-1282
230
1953
1977
1756
1060
-459
-1497
-2475
-3172
-4300
-5121
-4548
-4117
-2811
-923
-157
771
1917
2512
3002
2669
1855
834
-248
-677
-1433
-1879
-1654
-1206
0
1585
3166
4963
6809
7477
8714
8762
8760
8485
7371
5856
4696
4019
3230
3287
2887
2981
3468
4864
5426
6190
6741
6596
6962
7040
6545
5716
5205
4141
2700
1712
-1289
-2446
-3775
-5865
-6634
-8457
-9958
-9371
-9006
-8332
-6906
-6698
-4953
-3945
-2728
-1727
-2390
-2342
-2724
-3657
-3490
-3855
-4138
-3582
-2871
-1745
-89
1497
2975
3853
4678
5001
4977
4137
3322
1476
-327
-1755
-3664
-4342
-5131
-5722
-5917
-5474
-5109
-3282
-2968
-1995
-1261
-1455
-604
-461
-642
-1085
-1708
-2191
-2175
-2220
-1744
-2183
-1880
-1016
-898
-261
95
97
172
260
278
-189
-646
-336
-657
-734
15
-306
226
963
1431
2233
3073
3949
4634
5214
5765
5643
5978
6416
5566
5876
5246
4709
5262
5287
5191
5301
5016
5430
5687
5890
5803
4949
5294
4464
4855
4655
4699
4357
4025
3618
1666
336
-796
-3374
-4682
-6633
-9942
-10346
-10765
-10656
-9555
-9110
-7499
-5856
-3819
-1910
-1735
-1186
-1168
-2049
-2133
-2464
-3689
-3926
-3738
-3485
-2344
-626
586
2249
3344
4652
5120
5211
4726
3080
1542
-194
-2419
-4100
-6149
-7667
-7887
-8270
-6979
-5815
-4541
-2193
-595
1261
2843
3332
3789
2996
1799
638
-1103
-2528
-3715
-4826
-4720
-4113
-3190
-1755
-463
1018
2682
3703
4209
4062
3018
2313
1125
-137
-1069
-2460
-2792
-2520
-1920
-415
1208
2861
4962
6332
7720
8618
8436
8231
7052
5847
4959
4054
2946
2404
2098
2411
3196
4581
4856
6004
6659
7313
7499
6971
6824
5005
4869
4612
2991
2049
734
-2559
-2213
-3585
-4418
-5543
-8567
-8813
-8940
-8475
-7259
-8025
-7978
-6194
-5647
-3845
-3440
-3836
-3809
-4016
-3872
-3383
-3578
-3478
-3037
-2554
-960
366
1401
2485
2738
3425
4061
3814
3297
1915
413
-524
-2067
-3068
-4771
-6242
-6653
-6985
-6151
-5228
-4919
-3985
-2736
-1406
559
1589
1861
1881
1878
1650
1343
231
-988
-2108
-2649
-2212
-2183
-1876
-1103
-651
677
2109
2919
3354
3081
3085
2944
2467
1907
892
-273
-368
-235
69
951
1607
2506
3648
4793
5367
6284
6124
5963
5669
4973
4971
4482
4069
4016
3413
3470
5045
4313
5198
5283
4566
5808
5974
4949
5045
4210
4338
4833
3595
2477
-426
-1335
-2595
-4372
-5892
-8844
-11042
-10572
-10420
-9725
-8958
-8440
-6705
-4934
-2686
-2127
-1980
-1985
-2851
-3260
-3188
-3833
-4641
-4601
-4292
-3423
-1224
534
1628
3103
4022
5141
5744
5125
4095
2036
427
-1014
-3124
-4145
-6243
-6967
-6779
-6716
-4547
-4396
-3539
-1723
-1075
491
1705
854
880
-97
-376
-542
-1921
-1836
-3060
-3314
-1787
-1364
-493
349
210
988
1759
2264
2281
1261
842
575
336
580
116
-342
-39
521
1426
2539
2900
3638
3919
4621
4978
5050
5473
4530
4569
4036
3914
4311
4610
4278
4908
5063
5587
6454
6076
6206
5528
5646
5025
4917
3782
3577
3310
3235
4167
3177
2894
1631
-118
-415
-2096
-3833
-6038
-9376
-10263
-10505
-10800
-9946
-10248
-8822
-6715
-4878
-2478
-2474
-1998
-1728
-2311
-1789
-2529
-3417
-3596
-3844
-3060
-2128
-813
758
1771
3005
4290
4915
5570
4988
3577
2311
771
-1067
-2358
-4615
-6085
-7563
-7900
-7126
-6790
-5562
-4820
-3667
-1328
437
1720
2758
2414
2851
2287
1632
737
-1160
-2169
-3310
-3785
-3452
-3524
-2823
-1931
-614
992
2164
3153
3412
3638
3676
3506
2774
1743
737
86
-228
-89
150
799
1722
2923
4455
5305
6756
7114
7048
7364
6740
6282
6020
5073
4343
3525
3402
3411
3682
4458
4070
4711
5825
5990
5988
6390
5842
5885
6028
4717
2470
-101
-1296
-3842
-5391
-6814
-10708
-12386
-11468
-11469
-10294
-8900
-8453
-6439
-4451
-2020
-1959
-2121
-2109
-3767
-4232
-3972
-5413
-5926
-5501
-4943
-3660
-1555
789
1963
3877
5250
5524
6078
5769
4141
2217
341
-1549
-3506
-4761
-5958
-7303
-7936
-6667
-6023
-4856
-2800
-2836
-1804
617
1299
1906
2028
1098
959
406
443
-756
-2213
-1879
-2460
-2196
-1013
-1178
-694
500
1356
2082
2682
3032
2659
2401
2649
2325
1802
1594
894
514
1194
1363
1788
2452
3044
3840
5071
5456
6114
6356
6027
6391
5689
5471
5532
5095
4851
4852
4194
4808
5322
5216
5398
4866
5256
5441
5511
5609
4809
4959
5001
3753
3184
420
-1479
-2512
-5126
-6217
-9228
-11788
-11705
-12070
-11019
-9505
-9591
-6999
-5739
-3829
-1934
-2260
-1716
-2577
-3620
-3592
-4592
-5141
-5087
-5199
-3908
-2475
-405
1277
2671
4060
5195
5575
5607
4599
2497
1322
-952
-2986
-3792
-6125
-7326
-7978
-8282
-6804
-5728
-4920
-4245
-3118
-431
879
1628
2190
1108
1358
1695
722
-547
-1563
-2429
-2834
-2557
-2278
-2210
-1697
-403
542
1742
2995
3369
3299
3564
3558
3390
2996
2107
1050
482
955
979
1247
2006
2586
3781
5302
5989
6543
6782
7028
7010
6405
6588
5370
5122
4533
3628
3735
3776
4541
4683
4779
5068
5319
5744
6106
5797
5731
4928
5207
4974
3541
2119
-1114
-2671
-3484
-4990
-6915
-10392
-12115
-11678
-11098
-9546
-9224
-9391
-6884
-5137
-3242
-2053
-2862
-2978
-3294
-3491
-3399
-4307
-4611
-4431
-3796
-2229
-442
1126
2528
3359
4404
5192
5269
4798
2995
1195
-627
-2645
-4093
-5703
-7079
-8113
-8597
-7732
-6654
-5103
-3749
-3499
-1736
48
1201
2406
1798
1200
950
939
491
-773
-1782
-2408
-2755
-1830
-1523
-1510
-541
39
1152
2176
2673
3030
2855
2806
2972
2390
2141
1452
529
939
926
1373
2197
2400
3489
4544
5467
6456
6657
6913
6975
6401
6481
5819
4718
4680
3673
3487
3816
3678
4237
4382
4637
5508
5163
6208
6307
5419
6059
5652
5009
4790
3350
519
-1178
-2342
-4392
-6073
-8691
-11826
-11940
-11372
-10539
-9897
-9802
-7879
-6007
-3888
-2002
-2561
-2327
-2538
-3357
-3271
-3757
-4709
-4556
-4092
-3108
-1342
318
1683
2684
3777
4947
5307
5086
3891
2007
370
-1309
-3004
-4675
-6174
-7114
-8067
-7792
-6924
-6062
-4647
-3790
-2626
-936
525
1589
1771
1610
1336
899
775
-276
-1450
-2406
-2790
-2551
-2304
-1907
-1510
-680
706
1608
2520
3050
2988
3081
3221
3096
2494
1866
1022
649
811
1245
1531
2207
2856
3997
5715
6436
7153
7199
7167
7559
7196
6258
5385
4515
4289
3887
3677
3768
3628
4701
4698
5165
5876
5593
6298
6086
5905
5820
5358
4988
4049
1893
-530
-2079
-4016
-5195
-7413
-11157
-12118
-11950
-11744
-9809
-9757
-8947
-6357
-5117
-2438
-1875
-2314
-1967
-3626
-3616
-3678
-5380
-5262
-5262
-4892
-2901
-1077
720
2121
3345
4536
5398
5364
4553
2924
808
-504
-2815
-4442
-5411
-7159
-7454
-7473
-7103
-5322
-4627
-3736
-2615
-2318
-571
-44
-222
-207
-913
-624
-216
-800
-827
-1381
-1400
-408
-476
-59
33
-400
36
399
488
802
685
761
1229
1849
2542
2398
2500
2618
2696
3472
3638
3646
3886
4082
4880
5418
5847
6183
6171
6372
6503
5894
6025
5589
5066
5314
4797
4982
5154
4970
5453
5644
5910
5878
5544
5804
5370
5337
5308
4597
4592
3689
1598
-148
-1891
-3268
-4566
-6977
-10747
-11791
-11833
-11253
-9811
-10278
-9113
-6645
-5086
-2526
-2356
-2310
-1968
-3391
-2916
-3596
-5051
-4555
-5306
-4582
-2812
-1712
317
1246
2412
3596
4242
4538
3504
1950
433
-1267
-3149
-4795
-6547
-8108
-8613
-8653
-8270
-7046
-6195
-4850
-3086
-1613
230
1335
2084
2205
1732
1637
838
-220
-1176
-2612
-3291
-3148
-2993
-2441
-1659
-877
466
1785
2858
3721
3870
4024
3965
3278
2880
1824
946
640
432
981
1422
2246
3251
4455
6213
7388
8166
8494
8235
7981
7398
6730
5624
4495
4064
3149
3462
4207
3850
5334
5608
5875
7293
7037
7388
7193
5775
5979
5220
4732
4371
1393
-946
-2267
-4197
-4813
-6580
-10475
-11895
-11640
-10974
-9551
-9229
-8995
-6818
-5100
-2750
-1898
-2291
-2290
-3504
-3740
-3306
-4641
-4940
-4878
-4745
-2781
-1006
938
2253
3013
4494
4982
5172
4451
1958
377
-1283
-3479
-4946
-6499
-7921
-8602
-8620
-7923
-5988
-4681
-3875
-2730
-1531
391
1690
1690
1264
248
-12
-27
-1092
-1680
-3055
-3604
-2680
-2190
-1657
-962
-533
501
1559
2599
2970
2663
2618
2362
2267
2185
1356
404
368
471
1217
2054
2436
3227
4319
5888
7158
7504
7612
7348
7218
7592
6403
5696
4765
3874
4147
3798
3860
4349
4436
4865
5412
5713
6714
6514
6503
5726
5612
5817
5666
4610
2727
67
-2001
-3122
-4683
-6659
-10202
-12487
-12764
-11659
-10359
-9552
-9223
-6934
-4638
-2362
-1061
-1273
-1684
-2526
-3068
-3137
-4297
-5249
-5377
-5200
-3613
-1752
-76
1644
3087
4203
5428
5878
5392
3651
1385
-534
-2825
-4606
-6324
-8040
-9189
-9671
-8614
-7055
-5291
-3960
-3501
-1378
704
1993
2963
2090
1344
908
172
-430
-2073
-3288
-3885
-4139
-2846
-2280
-1544
-213
967
2291
3630
4189
4067
3677
3098
2708
2063
1225
431
-419
-202
645
1257
2803
3629
4906
6686
7497
8483
8615
8136
7587
6809
6137
5178
4004
3534
2871
3449
3984
4228
5044
5293
5763
6521
6934
6873
6443
5778
5301
5253
5378
3641
1826
-1140
-2791
-3684
-5067
-7421
-11041
-12557
-11583
-11043
-9602
-9315
-8915
-5763
-4055
-2097
-1418
-1686
-2163
-3161
-3321
-3575
-4736
-5112
-5400
-4573
-2694
-477
1372
2789
3916
4623
5588
5704
4265
2163
-10
-1992
-3552
-4921
-6028
-7020
-7711
-7810
-6794
-5492
-4552
-4351
-4282
-3315
-2117
-1058
-942
-1242
-1194
-692
107
150
-500
-920
-1182
-935
-985
-1308
-1658
-1860
-1396
-737
171
929
1512
1929
2596
3451
3853
3852
3452
2661
2561
2534
2447
2458
2472
3185
4337
5201
6154
6899
7518
8101
7613
7251
6958
6515
6135
5273
4366
4410
4486
5019
5259
5074
5562
6314
6811
6805
6678
6472
6559
6346
4708
1696
-742
-2745
-4564
-6312
-9731
-13194
-13656
-12701
-11392
-10042
-9645
-7291
-4504
-2097
-30
-394
-537
-1283
-2932
-2913
-4081
-5736
-5644
-5931
-4570
-2423
-603
1798
3370
4447
5809
6140
5862
4689
1966
-176
-2518
-4863
-6010
-7511
-8408
-8433
-7931
-6066
-4887
-4002
-2835
-2510
-861
-336
-907
-730
-1670
-1893
-1430
-1852
-1864
-2116
-2193
-1398
-1161
-617
-203
-531
21
288
279
923
772
400
848
1239
1638
2021
2045
2279
2475
2856
3262
3281
3547
3845
4287
5094
5456
5760
5999
6190
6491
6322
6082
6115
5072
5321
5072
4705
5042
4595
5004
5391
5650
5616
5770
5895
6165
6048
6010
6049
6387
5558
4726
1785
-828
-1425
-3936
-5437
-9441
-12617
-12004
-12010
-10795
-9946
-10275
-6600
-4782
-2996
-1084
-1614
-1127
-1883
-2650
-2809
-4247
-4771
-4864
-4803
-3242
-1662
516
2196
3491
4334
5165
5675
4697
3101
1029
-1043
-3040
-4903
-5937
-7487
-8085
-7889
-8290
-6713
-5462
-4766
-3130
-3065
-2395
-682
111
748
236
-190
407
292
191
-623
-1748
-1866
-2132
-2486
-2133
-2105
-1851
-937
45
710
1556
2348
2776
3144
3352
3360
2672
2074
1427
1080
1333
1569
1710
2469
3835
4967
6244
6918
7662
8100
8231
7854
6797
6111
5319
4541
4089
3661
3322
3773
3811
4405
4822
5753
6164
6329
6844
6774
7023
6774
5335
3510
117
-1426
-3405
-5098
-7330
-12125
-12698
-11896
-11210
-8961
-9262
-7788
-4320
-3044
-279
-410
-646
-1300
-3344
-3440
-4450
-5959
-5879
-6044
-5027
-2950
-644
1777
3430
4862
5664
6545
6412
4577
2381
7
-2279
-4445
-6093
-6809
-7866
-7797
-7100
-6027
-4686
-4000
-3286
-3003
-2063
-2274
-2586
-2323
-2780
-3098
-2550
-2416
-1532
-1122
-781
-73
5
637
360
-62
-131
-759
-652
-127
-299
-82
592
1593
2553
3321
3666
3899
3907
4049
3996
3545
3462
3074
2862
3652
3938
4398
5271
5265
6495
6864
7245
7242
6687
6381
6043
5525
5093
4812
4464
4110
4283
4294
4293
5341
4414
5623
5775
5657
6954
5590
4068
1547
-1369
-1843
-3529
-6894
-10974
-13506
-12628
-11526
-10449
-10312
-8773
-5665
-3404
-902
-449
-345
-680
-2401
-2501
-3737
-5219
-5308
-6112
-5397
-3882
-1613
1025
2597
3723
4811
6065
6591
5342
3276
1083
-1395
-3212
-5050
-6172
-7182
-8007
-7740
-6484
-5566
-4356
-3892
-3640
-2245
-1961
-1278
-1393
-2193
-1909
-1778
-1382
-1017
-1846
-1497
-1371
-1307
-736
-1219
-1411
-1345
-1488
-735
-347
-156
483
825
1964
3032
3502
3731
3468
2717
2809
2662
2492
2325
2032
2512
3635
4732
5533
6319
6953
7639
8076
7930
7107
6847
5626
5060
4114
3364
4047
3881
3791
4371
4619
6243
6725
6417
7092
6361
6983
6746
5275
4330
731
-1737
-2617
-4941
-5797
-9884
-12687
-11646
-11651
-9566
-8782
-9017
-5709
-4152
-2311
-500
-1622
-1466
-2629
-3767
-3539
-4797
-5252
-4608
-4403
-2569
-193
1760
4035
4797
5305
6018
5727
4995
2702
472
-1547
-4063
-5139
-6669
-7631
-8125
-8809
-7214
-6149
-5195
-3772
-4197
-2484
-1295
-1361
-80
-851
-933
-537
-1163
-847
-1488
-2180
-2060
-2548
-1955
-1490
-1778
-1098
-719
-255
1060
1449
1473
1985
2378
3143
3170
2642
2475
1662
1854
2182
1719
2541
2610
3438
5018
5634
6885
7250
7353
7857
7238
7263
6660
5173
4749
4101
3498
3775
3766
3171
4303
4389
4991
6441
5870
6531
6493
6036
7053
5861
5149
3858
-467
-1422
-3265
-5370
-6436
-11365
-12800
-11714
-11215
-9128
-9050
-8295
-4862
-3500
-1011
-243
-1340
-1614
-3002
-3877
-3995
-5363
-5768
-5263
-4819
-2771
-326
1891
3767
4613
5611
6598
6261
4938
2508
128
-1946
-4310
-5979
-7709
-9265
-8939
-8896
-7696
-5889
-5461
-3270
-1717
-1002
673
590
833
721
-743
-880
-1833
-2586
-2695
-3858
-3477
-2751
-2210
-645
74
664
1796
2542
3207
3169
2722
2445
2250
1841
1588
1132
663
1020
1351
1965
2958
3426
4303
5281
5932
6810
7176
7300
6884
6423
6079
5623
5227
4322
3714
3641
3692
4248
4497
4056
4661
4716
5550
5983
5308
5284
5162
5345
5507
5114
4438
1610
-495
-1840
-3839
-3953
-8614
-11820
-11826
-12601
-10096
-9670
-10010
-6762
-5790
-2691
-403
-1387
-379
-2127
-3181
-2742
-4580
-5026
-4964
-5495
-3987
-2089
206
2880
4131
4782
6180
6243
6083
4683
1604
-517
-3330
-5430
-6341
-8257
-9133
-9517
-8904
-6605
-5454
-3523
-2534
-2026
-120
719
1251
1036
-428
-1041
-1429
-1652
-2185
-3217
-3301
-3194
-2427
-1046
-36
474
1145
1911
2507
3304
3294
2686
2378
2077
2136
1966
1573
1332
1488
1889
2821
3280
3856
4909
5198
5985
6628
6754
7073
6732
5833
6011
5533
5382
5165
4488
4302
4279
4296
4625
4682
4513
4802
5168
5229
5588
5565
5592
6187
5391
3940
827
-1601
-3338
-4947
-7249
-11638
-13919
-13336
-12624
-10399
-9826
-8806
-5386
-3836
-1080
13
-589
-746
-2764
-3683
-4036
-5755
-5536
-5584
-5176
-2906
-651
1966
4326
5034
6055
7037
6415
5559
3129
426
-1400
-4173
-5524
-6190
-7869
-7299
-7707
-7051
-4938
-4703
-3116
-2602
-2929
-1549
-1139
-781
-700
-1846
-1403
-914
-787
-845
-1472
-1804
-1452
-1238
-977
-549
-875
-345
607
1295
2410
2668
2735
3249
3328
3724
3526
2785
2312
2015
2021
2230
2520
2678
3776
4728
5188
6561
6694
7498
7458
6112
5937
5336
5632
5187
3500
3660
3542
4672
5334
4087
5148
5096
6026
6597
5641
6426
5590
5496
5680
3413
1417
-1446
-3453
-4501
-6585
-9974
-12715
-12691
-12058
-10853
-9455
-9092
-6590
-4780
-3154
-1447
-1929
-1943
-3145
-4334
-4368
-5283
-5405
-4749
-4055
-2629
-266
2133
3809
5305
5573
5877
6079
4550
3133
858
-1532
-3155
-4609
-4924
-4964
-6031
-6106
-5229
-4720
-3760
-4062
-4891
-4497
-4092
-3914
-3152
-3108
-2327
-1324
-238
1087
1230
1263
957
-5
-178
-899
-2159
-2865
-3329
-3053
-1676
-558
542
1572
2905
4636
5147
5319
5049
3860
3323
2547
1486
1703
1205
1756
2955
3790
5947
6924
7577
8285
7775
8081
7763
6564
5736
4138
3751
3749
3720
4306
3531
4416
5136
6111
7067
6505
6861
6222
6626
6520
4163
1235
-2276
-4156
-4921
-6956
-10490
-13534
-12924
-11659
-10126
-8663
-8559
-5771
-4195
-3021
-1409
-2254
-2450
-3932
-5527
-4875
-5998
-5383
-4428
-4206
-1728
738
3255
5364
5658
5790
6293
5771
4533
2550
-172
-2008
-3448
-4930
-4135
-5793
-6425
-5805
-6313
-3553
-3850
-4592
-3593
-4337
-2274
-1146
-1704
-304
-1197
-248
1135
530
841
-512
-1584
-1308
-1813
-1544
-1477
-2165
-1654
-277
1145
2581
2891
2806
3693
3810
4196
3592
1967
1279
543
525
1356
1423
2462
3440
4716
6587
7695
8668
8192
7795
6853
6161
5297
4237
3337
2536
2676
3168
3940
5101
5695
6356
6961
7534
7672
7157
6959
5799
5313
4511
1507
-1659
-3398
-5397
-5303
-7804
-11892
-12109
-11373
-9554
-8044
-8836
-7147
-5413
-4870
-2754
-3621
-3864
-4435
-6782
-6107
-5864
-6174
-4439
-4558
-2951
-349
2057
5035
5199
4930
5085
4694
4273
2529
-211
-1932
-3529
-4227
-3834
-3600
-3852
-3954
-3898
-2983
-2246
-2759
-4234
-5303
-5338
-4507
-3715
-3739
-3091
-2098
-200
1933
2750
2977
2446
1316
1298
263
-780
-1830
-3248
-3151
-2383
-797
890
1455
2651
3877
4926
6024
5340
4377
3181
2287
2113
2007
2155
2339
3026
4331
5710
6994
7766
7398
7193
6342
5953
5443
4870
4292
3600
3805
4824
5334
6130
6007
5344
6758
6038
5916
5065
3607
4303
4093
2824
-61
-2858
-3317
-4392
-5559
-9338
-11875
-11406
-11166
-9836
-9581
-8622
-6108
-5751
-4246
-3075
-3054
-2402
-4671
-5789
-5647
-5778
-4591
-4468
-3976
-2384
80
3092
4502
4837
5118
5051
4675
3295
1712
249
-1716
-3239
-3966
-3682
-3883
-4218
-4725
-5380
-4090
-3996
-4242
-4923
-6463
-5030
-3379
-2514
-1283
-1518
-296
1220
1385
2215
970
-367
-1156
-2301
-2162
-2063
-2132
-1717
-889
628
2654
4230
4346
4377
4321
4363
4265
2878
1792
1132
807
1831
2505
4090
5549
6401
7906
8294
9127
8886
7448
5873
4319
3675
3584
3277
2802
3212
4591
6483
7245
7477
6984
7202
6580
5354
4241
3017
3074
2308
1287
-419
-2814
-3225
-3656
-4587
-7501
-10911
-10993
-10575
-10067
-9879
-9569
-7241
-6202
-5651
-4188
-3626
-3129
-4689
-6073
-6242
-6314
-5413
-4743
-3964
-2651
-407
2910
4583
5217
5700
5449
5173
3193
1418
629
-1812
-3206
-4515
-4491
-3699
-4313
-4315
-4332
-3881
-3305
-3502
-4060
-5145
-4778
-3653
-2928
-2303
-2303
-1259
-294
208
857
371
64
-658
-1410
-796
-879
-427
19
53
1130
1902
3045
3573
3065
3065
2826
2492
2497
2211
2223
2407
2950
3934
5166
6449
6922
7423
7246
7236
7370
6193
5278
4166
3997
4865
4522
5324
5524
6159
7547
6897
7166
6133
5344
5349
3360
3336
2381
2516
3609
2331
1713
-1518
-2595
-2943
-4509
-6849
-11711
-12620
-11614
-11868
-10076
-9901
-7211
-4926
-5319
-2833
-2534
-2695
-3920
-6972
-7098
-7380
-7209
-5338
-4599
-2823
-429
2704
5123
5986
5785
5752
4780
2461
741
-697
-1503
-2621
-4207
-4085
-3168
-2041
-1031
-1996
-3502
-3768
-3633
-3955
-4819
-6204
-5582
-4156
-3609
-1626
-417
749
1580
572
1007
459
-734
-1053
-2551
-2242
-1330
-482
1365
2194
3394
4712
4865
4661
3986
2940
2173
1060
180
790
1433
2525
4300
5103
6937
8199
8279
8924
7411
6655
5722
4200
3974
3215
3729
4701
5105
6610
7316
7927
8224
6929
6710
5808
4399
3583
2438
2612
3246
2660
2153
-826
-2990
-3567
-4941
-6813
-10962
-13293
-12174
-11814
-10532
-8850
-6534
-3713
-3970
-3203
-1963
-2293
-3992
-6630
-8493
-8601
-8625
-7174
-4601
-2806
-569
2165
3761
5339
5407
4772
3991
972
-619
-1136
-1957
-1933
-2971
-3074
-2213
-2457
-1489
-2168
-3384
-3846
-4993
-4591
-5090
-5176
-3170
-2229
-1021
-20
564
1567
837
-395
-1214
-2453
-2823
-3125
-2753
-1133
503
2515
4319
5252
6000
5989
5189
4065
2593
1551
695
-93
586
1659
3347
5282
6315
7620
8554
8754
8831
8024
6315
5374
4250
3858
4440
4463
5361
6153
6250
7005
7273
6968
6572
5014
4064
4062
3345
3721
3529
3889
4505
3844
837
-2413
-4134
-6018
-7183
-11849
-14886
-13431
-12609
-10464
-8696
-6469
-1935
-2554
-3358
-2732
-3438
-4212
-8107
-10639
-9471
-9003
-7294
-4838
-2293
815
2466
3572
4134
3620
2702
1246
-863
-1881
-1540
-759
-480
-855
-623
327
-185
-1756
-2508
-3992
-4993
-6097
-7201
-5549
-4124
-2526
-356
516
1988
2190
992
310
-1745
-3182
-4157
-5433
-4602
-2850
-948
1500
3005
4654
5829
5682
5142
3772
2383
1760
855
870
1614
2557
4149
5352
6230
6724
6674
6398
6040
5341
4792
4660
4399
4604
5499
6469
7563
7383
7414
7370
7156
6265
4628
4173
3876
4108
4455
4575
5839
6216
6278
6329
5138
3351
-2071
-5390
-7329
-8551
-9893
-14113
-13566
-10976
-10023
-7669
-6740
-3815
-2182
-5410
-5916
-6512
-7086
-7955
-9903
-8778
-6844
-5777
-3342
-840
1226
2043
1769
511
-130
-826
-751
-748
-1603
-432
1142
2126
2554
1401
1845
-146
-3475
-4859
-7169
-5961
-6898
-7490
-4489
-3402
-187
1691
1858
3530
1736
290
-1079
-3416
-3634
-4487
-4714
-3191
-1841
391
2098
2996
3913
3918
3231
2346
1651
1665
2321
2527
3541
4481
5298
6266
5889
5911
5445
4008
3578
2835
3153
4499
4969
6211
6966
7878
8726
8733
7762
6922
6341
4881
4265
3143
3305
4484
4183
5587
6265
6862
7310
6347
6577
4662
2129
-2851
-5472
-6102
-7446
-8455
-11631
-11874
-9474
-9822
-8242
-7256
-6254
-4771
-7605
-7590
-6934
-8040
-8436
-9433
-7699
-5503
-5368
-3878
-2255
-543
-79
4
-156
-715
-1093
-896
247
883
1726
2919
2768
2398
1263
-75
-539
-3822
-5610
-6543
-7805
-6237
-5598
-4310
-2027
-1580
343
1752
1109
1524
158
-1078
-1562
-3037
-2527
-2023
-2157
-644
389
1416
2571
2366
2668
2906
2311
2638
2911
3522
4707
5179
5659
6225
5990
5535
5038
4039
3788
2977
2679
3916
4623
5854
6269
6599
7956
7736
7488
7263
5998
6476
5532
4913
5137
4226
5235
5047
5246
5686
5266
5305
5185
4958
4726
1827
-2158
-3664
-4943
-5098
-7663
-11231
-10405
-10098
-10116
-8599
-8307
-6313
-6722
-8895
-7333
-6925
-7992
-8885
-10271
-7880
-5933
-5715
-3331
-2168
-1702
-1077
-923
-144
274
-1002
-793
-67
996
2406
3137
3015
2533
1484
174
-486
-2837
-4114
-6178
-7068
-5736
-5071
-3746
-3528
-3007
-580
-317
7
-110
-1234
-1111
-2131
-1749
-547
-783
-418
-249
590
2151
2021
2222
1779
1480
1576
2186
3188
4032
4839
5089
5662
6117
6218
5875
4801
3798
3234
2848
3354
3804
4780
5332
5768
6348
6426
6687
6118
5502
5503
5184
5310
5669
5542
5901
6132
5290
5304
5152
4858
5129
4220
4741
5250
4758
1972
-656
-907
-1877
-2936
-6704
-9288
-7865
-9414
-9570
-7984
-8386
-6421
-8583
-9630
-6666
-7581
-8566
-9764
-10318
-7948
-7626
-6683
-4252
-3089
-3047
-2646
-1411
-886
18
-1054
-614
1129
1288
3509
4041
3566
3725
1952
2289
1690
-1321
-2434
-4651
-5355
-4166
-5004
-4780
-4118
-4679
-2885
-1598
-1435
-632
-1937
-2492
-1798
-2110
-1650
-1809
-2634
-1466
-1030
-111
1259
664
755
928
1272
2997
3943
4573
5199
5320
6348
6831
6876
6233
4851
3932
3085
3483
3875
3652
3894
3914
4444
5605
5576
5079
4715
4232
4301
5134
4576
4554
4592
4242
4754
4766
4668
5090
4048
4156
5125
5068
6020
5506
3627
2285
1712
619
443
-1827
-4648
-4575
-5337
-6156
-4934
-5609
-5648
-6801
-8918
-7519
-7412
-8948
-9723
-10697
-10270
-9220
-9455
-7777
-6898
-7338
-6367
-5604
-4608
-3314
-3617
-2634
-1283
-315
1717
2389
2804
2615
2340
2484
2260
2028
1516
751
225
356
920
877
438
-77
-313
261
-342
-475
-784
-1683
-1662
-1730
-1431
-1099
-1507
-1583
-1511
-977
-756
-755
-967
-1230
-393
356
1679
2362
2783
3451
3542
3969
3635
3410
3635
2331
2285
2958
3026
4438
3855
3370
3884
3592
3446
3203
2799
2543
2364
2470
3029
3240
3224
3154
3127
3016
3258
2800
2116
2104
1602
2362
3479
3750
4598
4840
5235
5764
4780
3839
2466
953
690
13
-809
-834
-1220
-1462
-1682
-1629
-1851
-2512
-3904
-5526
-5913
-6627
-7535
-8040
-8644
-8606
-8529
-8313
-7402
-7260
-7491
-7426
-7368
-6797
-6257
-5901
-5155
-3969
-3018
-1915
-580
-720
-363
115
239
1263
881
779
1646
1661
2735
3226
3153
3561
2601
2442
2572
2153
2212
1193
530
355
-316
-312
-770
-1194
-1757
-2077
-2023
-2056
-1504
-2043
-1616
-518
-1142
528
342
-986
1240
-337
26
1559
-149
768
1363
700
2033
2873
2853
2995
2427
3449
3432
3392
4647
3282
3491
4268
2560
4006
4132
2806
3605
2961
2845
3599
3561
4051
3894
4386
4549
4355
5203
4354
3993
4055
2790
2957
2584
1300
1660
1375
1225
1504
831
939
557
-276
-196
-933
-1392
-1972
-3706
-4015
-4270
-5605
-5532
-6014
-6682
-6506
-6780
-6640
-6217
-6285
-6769
-6692
-6646
-6671
-6083
-6036
-5496
-4826
-4309
-3140
-2533
-1885
-1520
-1150
-437
-352
532
734
1205
2051
1717
2437
2051
1844
1683
755
923
457
-622
-559
-1346
-1180
-1379
-820
-1210
-1210
-500
-2512
-622
-1305
-2005
202
-1247
-672
770
-914
1453
584
424
1313
7
1311
1474
432
2562
2284
2660
4928
2280
4175
4970
1428
4271
3575
786
4488
1461
2050
4996
1357
3770
4247
2178
5123
2788
2709
4793
1183
3207
3613
892
3711
2307
1442
3774
1496
1953
3305
1227
2266
1908
1082
2516
1222
1387
1633
193
894
129
-647
-353
-1728
-1758
-2065
-3090
-2461
-3319
-4211
-3854
-4840
-4795
-4754
-5625
-5465
-5536
-6097
-5622
-5540
-5218
-4646
-4457
-3556
-2889
-2590
-1535
-1549
-1490
-1165
-1408
-643
-903
-758
-421
-649
-145
-244
-102
-138
-246
-655
-740
-547
-1459
-798
-1164
-1181
-904
-1462
311
-2106
-278
53
-2084
1142
-2129
-591
1563
-2864
2341
-116
-109
3522
-3241
3614
1890
-2569
6141
-245
123
6337
-2587
4387
4018
-2078
7116
1149
952
6244
300
4161
4662
89
5376
3572
1387
4509
2928
2277
4050
1306
2378
2889
15
2489
1630
816
3577
1062
2109
3188
961
3358
2111
1599
2814
947
1951
1271
263
1685
-474
138
1167
-1146
627
101
-1156
199
-897
-1811
-740
-2465
-2589
-1876
-3498
-2602
-3210
-3852
-2555
-3823
-3260
-2450
-3519
-2483
-2574
-3192
-2135
-2813
-3032
-2283
-2720
-2369
-2217
-2592
-2469
-2233
-2934
-2525
-2295
-2852
-2061
-1718
-2699
-955
-1342
-2125
118
-2529
-1231
-941
-1804
-1504
-880
-859
-2440
411
-1406
-2091
2355
-3184
102
1800
-4374
4281
-2367
-879
4259
-4315
3746
1941
-3045
6879
-1701
829
5442
-1341
3731
3029
1325
3782
2342
3903
2871
4594
3259
2433
5784
944
3593
4314
398
4531
1708
1152
4886
1231
1797
4148
1440
2009
3371
418
2270
1688
-285
1901
-66
-107
1281
-975
867
878
-608
1511
531
404
1433
485
384
153
571
-205
-355
422
-573
-568
346
-932
-53
265
-825
-178
-588
-1041
-596
-1230
-1599
-1525
-2442
-2506
-2454
-3134
-2646
-3409
-3574
-3015
-3329
-2887
-2666
-2566
-2736
-2135
-2311
-2406
-1740
-2831
-2112
-2149
-3025
-1467
-2491
-1399
-1782
-1576
-838
-1468
-515
-1044
-1120
-1102
-1163
-1374
-1596
-1345
-2005
-1730
-1080
-2065
-547
-810
-788
-898
408
-515
-261
1553
-697
2257
1060
735
4029
382
3023
2949
927
5041
695
3764
3613
2025
4353
2201
5271
2728
3043
5092
2030
4533
3334
1394
5473
1215
1030
3785
-69
1800
760
-1187
2991
-2022
-730
1932
-3108
1632
-1538
-1926
2413
-3038
594
235
-1635
2639
-1523
1512
1733
-863
3100
840
1032
3119
518
2466
1984
1014
2613
1203
1133
1454
380
736
753
-350
-171
-335
-1376
-678
-1484
-1709
-1103
-2581
-1725
-2554
-2421
-2189
-2970
-2464
-3166
-2610
-3330
-2937
-2722
-3646
-2614
-2898
-4065
-2302
-3866
-4127
-2798
-4385
-3143
-3764
-3471
-3109
-3385
-2180
-4016
-2078
-1244
-5438
220
-3475
-3448
1385
-5917
1752
-1209
-2769
2615
-1754
524
2440
-1992
3616
1356
-299
5430
63
3319
4572
896
5252
3206
3613
5043
2912
5018
3880
4944
3019
3960
4894
2194
3742
2345
2327
2826
-58
1917
2002
-749
1119
-559
988
-348
155
490
-1011
1736
-1151
-410
1806
-2078
597
1324
-2218
2757
-425
1083
2253
-32
3645
980
1981
3168
676
3138
2009
1217
3142
1299
1590
2145
1316
1104
1042
1044
414
358
720
22
447
-283
-224
-1046
-919
-955
-2459
-1494
-2497
-2877
-2557
-2595
-3416
-2620
-3117
-4059
-3003
-3608
-4206
-3298
-4294
-4221
-3496
-5082
-3338
-3850
-5031
-3293
-3736
-4502
-2541
-3485
-3628
-1999
-2644
-3590
-605
-1745
-4210
670
-2147
-2957
2750
-4090
822
2396
-3233
4466
-681
1831
3755
-1736
4493
1770
998
4229
1441
2814
3825
3347
1134
5232
2932
-159
5849
-711
2867
2790
-1358
4310
-856
1171
2349
-530
2948
-1214
2076
343
-52
1918
-1759
3882
-1061
-104
4395
-2330
3725
1371
-142
4248
-939
3627
899
1211
3128
1142
2206
2294
2050
2097
2879
1671
1767
3259
1249
2044
2217
2236
2144
1297
3055
766
1966
1816
-45
1671
-201
-415
-52
-1256
-297
-1713
-1204
-1095
-2941
-1198
-2910
-2963
-2091
-4211
-2995
-3441
-3919
-3001
-3848
-3279
-3164
-3981
-3023
-3761
-3061
-3349
-3906
-2926
-3412
-3013
-2862
-3247
-3044
-2004
-3029
-2143
-2045
-1792
-1287
-2055
-139
-1743
-102
-705
-1339
-31
-254
-933
-252
961
-1227
1477
-104
423
1890
-454
1656
700
-67
2031
-853
1229
2103
-1577
2680
1529
-1612
4145
-283
-290
4098
-1383
2836
1500
925
3263
1260
2127
3527
1093
3286
2402
1318
3502
2610
664
5181
1896
1106
5797
-503
5246
1813
967
5047
-758
3601
2333
747
3333
1176
1962
2573
1745
1330
1989
1169
550
1998
434
474
1177
57
1195
-769
856
506
-1247
777
-1754
-361
-440
-2397
-223
-1778
-1817
-1039
-1934
-1374
-1647
-2046
-1342
-2113
-1886
-1816
-1884
-2225
-2402
-1539
-2668
-1393
-2606
-2128
-1932
-2912
-1507
-2803
-2227
-2690
-2179
-2760
-2841
-2619
-2722
-2800
-2520
-3440
-1653
-1795
-3593
-917
-1688
-3465
648
-3694
-1437
479
-5269
1189
-2227
-2853
1653
-4211
828
499
-4370
3661
-1887
-504
2433
-917
1652
1801
997
1054
3198
1349
1829
2599
3018
1587
3546
2766
2308
4685
1685
3948
3073
2882
3881
2214
3704
3274
2412
3885
1942
3345
2576
2035
2504
1908
2522
1665
1865
2363
686
2415
1048
795
2357
-672
1729
582
-209
1367
-552
450
149
-843
699
-882
-906
512
-1823
277
-420
-1031
183
-236
-995
149
-316
-471
-16
-884
456
-1227
-128
83
-1678
721
-1566
-905
217
-2502
-134
-1142
-2005
-29
-2767
-1290
-1473
-3138
-1192
-3480
-2363
-2827
-3314
-2667
-3900
-2528
-3712
-3337
-3612
-3212
-3610
-3631
-3007
-4794
-1648
-4246
-3741
-1641
-4074
-1873
-2181
-2822
-1349
-1674
-1496
-241
-954
333
-886
1858
-235
1095
2549
-352
4149
249
2776
3429
1858
3817
2659
3517
4055
2727
4135
3553
3570
3722
3015
3616
3337
2830
3444
2598
2521
4151
788
3554
3101
102
4250
813
1592
2920
-869
3394
312
471
2213
-708
1774
-42
-162
844
793
-1407
862
-272
-638
407
-733
-241
520
-806
-179
891
-1065
659
-443
-76
74
-207
278
-446
818
-666
679
514
-1381
2098
-1404
-515
1170
-2376
568
-1152
-2066
33
-2318
-1853
-1257
-2446
-1795
-2566
-1942
-2667
-2700
-2867
-2920
-2896
-3838
-3303
-3712
-3820
-4089
-3830
-3985
-3251
-3961
-3634
-3040
-3654
-2172
-4260
-1261
-3462
-2077
-734
-4197
1174
-2259
-1600
1690
-2068
1426
631
-493
2789
854
1943
1754
2293
2800
1804
3241
2604
2810
2713
3040
3859
1406
5127
1634
2705
5435
-324
5058
2740
1128
4323
1233
3255
2501
1798
2698
1827
2208
2188
1856
1467
1442
2589
-1213
3820
-194
-33
3485
-2725
3228
285
-890
2912
-1243
1142
1260
-1069
2412
-1297
390
1151
-1295
1342
-911
-189
1397
-2024
1190
-130
-1042
950
-1186
-261
33
-907
-778
-192
-1328
-476
-807
-1048
-541
-1476
-479
-1390
-1243
-1015
-1563
-1467
-1777
-1572
-2312
-1821
-1826
-3101
-1445
-2762
-2706
-1756
-3366
-2253
-2486
-2975
-2627
-2024
-3071
-2332
-2580
-2598
-2082
-2388
-2091
-2446
-714
-2671
-1325
-1195
-905
-800
-1080
-336
-172
-204
358
273
118
1485
-399
1112
1499
850
281
2661
127
1737
2107
1162
2045
1635
2580
1074
2253
3084
-243
3947
1699
540
3967
743
2419
2087
1416
2633
1323
1925
2763
519
2718
1994
1229
2287
1727
1565
1549
2032
959
1742
1354
1347
879
1227
1356
333
1552
116
1211
118
733
353
-276
718
-492
-330
-197
-435
-322
-1002
-702
-717
-724
-882
-1038
-936
-497
-1747
-903
-597
-1703
-366
-2294
-516
-817
-1975
-665
-1642
-790
-1389
-2076
-284
-1737
-1460
-674
-2494
-1
-1466
-2194
-1
-1936
-1479
-418
-1823
-1084
-359
-2196
351
-1779
-897
404
-2194
-27
-1035
-1155
-302
-1077
-936
-1012
-211
-1352
-929
584
-1822
-218
350
-1916
377
5
-1476
1230
-1688
730
-134
-560
679
-510
332
366
389
-173
1532
-511
1127
991
541
1227
1349
1272
641
2401
1091
1098
3156
522
1847
2736
1035
2622
2472
484
3870
1507
1061
3504
1057
2065
2786
-331
3341
1500
-537
3722
-879
1459
1243
-286
1144
-54
527
-549
350
-432
-687
-279
-569
-1116
-797
-579
-1673
-305
-1497
-1087
-1108
-1923
-118
-2714
-380
-1796
-2039
-840
-1751
-1265
-1903
-602
-1207
-2011
-306
-1263
-1190
682
-3057
657
54
-2359
1235
-1246
-438
1092
-1884
1320
-159
-1112
1555
-1125
776
503
-1150
2083
-1252
67
1726
-2001
1860
-689
-791
1817
-2187
289
1329
-3454
2134
-1292
-1469
1820
-2692
236
-71
-1396
-512
250
-1689
-185
-569
-1132
186
-1661
993
-1095
-250
45
-719
768
584
-954
1378
833
-1052
3432
-1901
2584
1831
-1491
4305
-269
1325
3309
-1106
3539
1699
-962
4470
312
971
3199
-1140
2909
2771
-2349
3591
1220
-1902
4511
-2329
908
2409
-2416
2320
-1369
379
-50
-261
-472
-1165
-25
-451
-1195
-2067
1041
-3301
387
-1811
-1528
231
-3498
418
-1147
-2665
504
-1981
-1349
65
-2648
444
-508
-1960
385
-1074
661
-868
-234
1127
-1474
1532
-419
370
1107
-799
2215
-846
823
2748
-2546
3413
-623
-343
3463
-2876
2849
-177
-291
2410
-2408
2598
-4
-1894
2976
-1772
-574
2218
-2898
881
279
-2152
1235
-1824
-147
-465
-1514
865
-2558
878
-940
-1635
1510
-2122
32
626
-1828
1704
-1471
-318
2231
-2772
2647
-1234
870
975
-892
2169
-585
1269
815
673
1372
914
145
2498
417
-98
2851
-237
833
2940
-2362
3720
378
-2023
5083
-2601
1166
1960
-2142
2607
-405
-1177
2177
-1378
-267
309
-933
-83
-250
-1505
21
91
-2923
909
-1725
-1972
1666
-4585
2241
-1629
-3216
2971
-5128
1527
-326
-4348
3524
-4058
436
56
-2913
2508
-2190
-611
1421
-2064
871
359
-1730
1525
79
-748
565
722
-630
726
606
94
515
923
-304
537
720
133
222
190
933
-303
-120
1277
-407
-212
1696
-1448
992
837
-1459
1499
-886
808
-509
-252
1532
-1782
1440
-240
-741
1929
-1980
1513
-1095
44
955
-1547
1965
-1228
1277
41
-514
2737
-2555
2121
509
-1662
3022
-1839
926
1731
-1806
1731
651
-1005
2432
-929
365
2175
-2033
1524
865
-2037
2036
-241
-735
1582
-1156
291
1029
-2083
1371
-665
-417
-603
-145
-45
-1160
734
-1843
389
400
-2748
1234
-1125
-1160
-163
-908
-774
-681
298
-2626
1226
-835
-1958
1931
-3034
1130
20
-2509
1647
-1603
-393
196
-986
-8
724
-2151
1258
162
-1706
2033
-1723
1230
-51
-1116
1890
-1512
1004
-139
-160
2116
-1390
651
1394
-813
1539
-961
832
838
-640
1234
-261
1123
138
404
724
218
1334
-1055
1441
-237
-648
2394
-2545
2465
-555
-1458
3004
-3008
2144
-669
-1458
2773
-3075
1902
-50
-2099
2932
-3247
1080
898
-2280
1864
-1562
31
1110
-1495
484
460
-2000
2074
-1650
-686
1763
-2388
1272
377
-2152
2369
-1084
-1184
2237
-2595
1939
-170
-2087
3122
-1749
-561
2710
-3015
1815
721
-2940
4113
-2865
847
1410
-2288
2967
-1265
-434
1950
-1621
100
1902
-2098
863
1042
-2663
2224
-529
-1849
2626
-2748
1496
-567
-762
657
-976
-154
-515
587
-1531
1283
-1476
-408
1739
-2827
1602
294
-2183
1916
-999
-645
1941
-1929
274
1325
-1430
623
925
-987
1198
471
-1559
2806
-902
-225
1511
-957
1374
52
-108
1025
-261
572
-292
976
-264
220
857
-1605
2660
-1854
1015
969
-2392
3027
-2563
1740
244
-1999
3296
-3488
2361
261
-2798
3599
-2542
-144
1682
-2339
1120
206
-2043
1747
-1752
48
717
-2207
1933
-2279
-51
1827
-3172
2021
-1222
-706
1094
-1299
2
-50
277
-556
-248
476
-226
-449
1109
-509
-1075
2249
-1348
-419
2055
-1947
520
1581
-2437
2102
-846
-284
1415
-2161
1591
-50
-1770
1881
-929
-795
1716
-2071
920
386
-861
147
287
-4
-443
-178
517
-440
-346
127
-211
323
-580
4
1204
-1138
740
299
-635
1577
-1234
31
1488
-449
-197
687
898
-497
1148
-112
233
1338
-231
328
-17
1995
-1179
1182
435
25
1898
-1885
2900
-853
177
1505
-1555
2234
-627
-458
1233
-641
810
-873
814
837
-1847
1259
-879
427
-939
388
-958
99
-733
-598
464
-1340
274
-1348
386
-569
-897
-259
78
-1594
224
37
-2280
2749
-3199
726
1447
-4374
4842
-3451
-132
2524
-4356
3287
-1148
-1313
1836
-1382
472
303
-1093
1434
-795
38
452
-1020
1451
-944
-130
1103
-1335
760
-98
-543
763
-580
306
-66
-81
47
-4
-445
638
-1272
1239
-10
-2063
3227
-3091
1530
220
-2700
3882
-3702
1766
368
-2514
3307
-1893
-393
2044
-1885
810
659
-1611
2184
-911
-497
1941
-1351
1650
-131
-171
1827
-1424
1137
361
314
191
-39
1150
-84
1182
-789
1339
1300
-1594
1858
414
-1387
3097
-2026
464
2469
-3125
3048
-986
-731
2416
-2797
2195
-444
-1854
2905
-2810
1035
877
-2835
2583
-1816
-339
1258
-2496
1861
-1145
-1076
936
-1531
-1
102
-1375
-152
299
-1362
171
-111
-1169
368
-628
-825
475
-896
-167
-126
-1130
1294
-1732
349
991
-2595
1984
-987
-549
1291
-2303
1569
-573
-844
1139
-1252
494
582
-2217
2284
-298
-2410
2720
-1974
87
2127
-4112
3050
-793
-2102
3315
-3105
2222
-491
-1096
2117
-1263
279
457
-230
-274
1334
-1445
746
1037
-1241
490
1091
-534
-237
1369
-1029
937
978
-759
1583
-420
785
-188
824
413
-492
806
363
-121
580
474
154
31
258
16
584
-37
343
-527
1205
-1121
528
1228
-1640
1574
-789
-47
1207
-1171
721
-250
-140
880
-1106
912
100
-1212
2004
-1651
405
848
-1617
1482
-1352
359
948
-2097
1684
-965
-1378
2987
-3611
1994
-496
-1607
1653
-1682
773
-431
-707
544
-871
-591
707
-546
-571
806
-1847
1104
-148
-1719
2082
-2320
877
206
-2578
3625
-4013
1570
798
-3621
4455
-3854
1131
1094
-3079
3412
-2945
1047
481
-1590
2016
-2198
1638
-802
-71
750
-789
995
-179
-171
654
110
-507
651
632
-619
-298
1944
-779
46
956
-1298
1944
-851
-536
1820
-1630
1589
-1421
477
2146
-2510
1334
623
-1185
680
268
-976
1211
-1005
-249
1460
-1002
764
-76
-225
895
-467
-31
1418
-1121
109
1502
-1223
1139
775
-1015
1142
6
206
708
-184
809
-826
1392
-17
-765
1717
-981
-237
1482
-1211
610
704
-1108
1605
-1619
909
481
-1982
2076
-1904
-311
1769
-2561
814
136
-1182
626
-1132
404
-597
-682
598
-2106
966
-550
-2381
1954
-1077
-1365
868
-1845
1052
-458
-2136
2274
-1880
-473
756
-1492
2174
-1730
-1083
2644
-2331
1176
291
-1320
2199
-2090
105
2230
-1153
601
672
-1200
2305
-1111
94
1697
-1757
1370
63
-585
1811
-499
-515
682
653
-827
8
2186
-3275
3372
-2050
-410
3684
-3654
2822
-1918
243
1432
-1760
1440
73
-2128
2389
-996
-824
2718
-2226
512
647
-1039
1911
-495
-683
1954
-2148
2694
-1080
19
1929
-2295
1253
553
-100
105
752
-86
748
-268
837
996
-750
790
-936
1070
594
-1488
1194
-333
135
-459
259
525
-1011
741
-922
-724
740
-875
-386
-443
-550
-394
-122
-1185
-26
-847
22
-1240
-171
-320
-793
-398
-311
47
-2103
1719
-1437
-460
605
-2319
1472
-409
-938
1121
-841
-22
-87
165
734
-1411
1617
-425
-447
867
-868
1228
602
-1081
1091
-531
938
429
-939
2026
-1976
1481
415
-1199
1110
62
-584
272
656
-673
1188
-760
-15
580
-656
1410
-1027
304
583
-1723
2109
-490
92
-253
-501
1451
-794
944
-983
1337
554
-2255
2357
15
-618
1297
-935
485
1780
-2496
2519
-485
-991
2021
-1187
1343
193
-1715
2180
106
-867
1598
-1025
466
803
-1293
547
943
-797
337
-1054
512
104
-608
297
-836
617
-1077
-169
374
-552
-671
-597
793
-1083
-663
239
-991
838
-922
-1726
2181
-1820
-242
251
-1340
1970
-2057
-333
1473
-2316
1608
-827
-900
1879
-2164
414
997
-1408
1397
-1265
715
737
-2440
2900
-1866
-393
2077
-2892
1939
-69
-1747
2255
-1164
367
1075
-1032
707
-31
-541
183
944
-1473
946
343
-1772
3063
-1642
-218
1625
-2472
2856
-1281
-248
2029
-2562
2659
-1344
-138
3564
-3636
2391
131
-1256
2558
-2468
1713
739
-1730
1227
287
-83
486
-383
1171
-129
248
-29
427
10
-902
1111
269
-394
250
-521
548
516
-1388
1731
-353
-1215
1309
-646
319
364
-817
-154
898
-423
-591
343
-615
-532
874
-1731
1598
-767
-1000
1212
-1802
1442
-424
-966
558
-846
-690
855
-231
-346
412
-1125
1202
-606
-885
1412
-1662
716
27
-1218
1391
-237
-847
674
147
-685
1395
-1976
975
283
-1375
1876
-1261
358
611
-1552
434
642
-730
289
55
-1027
575
-428
463
280
-764
137
424
-805
593
-191
192
436
-653
227
1059
-817
310
469
-1001
1451
-1228
1568
-342
-906
2174
-847
1073
-230
-43
1608
-1856
832
841
-1296
2300
-1887
1432
721
-1610
1996
-941
801
-707
-389
1284
-1404
408
478
-752
925
-397
324
47
-1011
657
-1125
647
260
-364
293
-1213
298
101
347
86
-813
-145
-849
53
1028
-513
142
-623
-87
146
-318
413
-15
-333
-788
705
-816
618
-305
-118
486
-1736
1957
-1209
-408
869
-1414
1211
-95
-1415
1675
-1181
-66
1053
-1428
807
-1113
-637
1408
-1218
495
843
-760
578
-1426
976
638
-1971
1297
-1213
-394
1098
-1374
1152
-31
-889
389
246
306
-237
-113
335
-362
61
984
134
-672
69
-164
274
933
-499
-222
422
-644
708
736
244
761
-647
130
4
-65
812
-840
795
222
-206
65
-245
407
-4
496
218
-483
236
-724
-415
1004
18
419
115
-315
-944
929
-144
-59
959
-1547
920
-47
-896
1174
-277
-983
1644
-1895
304
1684
-2473
1412
-224
-1190
1547
-319
-414
1014
-1701
484
196
-777
858
-475
318
-703
166
-309
276
307
-609
468
-429
-24
-724
800
-530
-76
839
-1021
189
377
-993
1111
-359
-890
797
-788
74
325
-817
-157
979
-581
-159
175
141
-340
751
-1406
879
-72
-1224
1644
-1563
927
396
-1095
1110
-673
197
177
275
427
-1425
1704
-201
-859
1839
-1040
639
121
-494
248
1014
-510
-111
551
-806
1660
-1167
1185
-276
-1197
1734
-1916
1695
197
-1327
2042
-2392
1267
31
-1128
1943
-2538
1768
-482
-1118
2251
-2116
773
692
-837
809
-486
-354
157
-259
689
-840
875
-152
-476
939
-1141
1367
-330
-107
329
-465
493
-1135
783
-123
-251
771
-455
174
-530
423
-1044
827
160
-2024
2611
-1866
37
591
-1267
1162
-872
992
-1416
465
-495
-808
1360
-1698
874
-315
-429
-27
-467
260
-647
625
-986
815
633
-1854
1281
-1045
-158
1484
-924
437
163
-1187
369
599
-98
1332
-511
-398
286
-493
849
435
239
-146
-462
495
528
375
-478
722
-266
-181
-251
548
365
-267
901
-1142
988
91
-558
-2
171
-165
-297
1265
-726
-551
621
-630
66
1623
-1403
465
-210
-838
657
-119
749
-203
-567
337
-87
118
529
-556
-38
183
346
40
213
-186
-785
885
656
-929
806
-101
-1575
1257
-33
-293
1855
-1633
-135
437
-659
991
411
-577
-113
-827
318
397
-227
886
-1034
-101
882
-1319
1220
-99
-1201
1408
-1799
1227
457
-2196
1725
-1144
-1467
2387
-2087
481
1420
-3245
2631
-948
-823
1629
-1822
755
-168
-866
983
-773
407
391
-549
-90
427
-173
104
343
-348
746
-807
552
27
-321
922
-702
642
-785
380
267
-359
667
-1041
736
-334
-136
707
-492
-214
353
-284
347
18
-453
579
-409
-605
1366
-505
-94
-88
-583
454
-126
506
-60
-165
-252
39
343
-299
317
-118
76
-376
-128
616
699
-555
-736
1245
-362
-662
1278
-464
-118
335
35
7
8
214
-464
396
233
-17
-241
391
39
-678
944
347
-353
618
-381
-383
-214
745
-302
-1414
1530
-767
-361
772
-545
466
-363
-448
297
297
-265
198
-1254
553
591
-1546
2139
-683
-1180
1320
-1343
522
897
-1191
272
-579
100
345
-332
735
-761
111
95
-417
659
-354
-30
-148
-550
569
-28
54
7
-16
-92
199
-113
-63
-553
-783
1498
-1086
372
633
-1443
1877
-967
-696
2244
-1444
-84
182
-975
1447
-633
-626
1827
-844
-634
1399
-1471
1230
114
-1873
2209
-389
-928
1671
-1080
616
-96
-569
765
-1085
1670
-1177
-115
1659
-1968
1663
-586
-549
2097
-1733
482
1248
-1652
1607
-959
-982
2532
-1886
507
1414
-1756
1000
-773
18
1768
-1867
803
-234
-472
1024
-1413
1438
1
-1536
1138
-541
-359
1262
-1625
1072
368
-1605
1774
-1368
-193
1292
-1481
586
81
-528
335
-105
-1073
1076
-22
-1326
1727
-1077
351
-9
-93
849
-1515
735
-416
343
-147
-958
1484
-820
-57
-430
-213
1170
-1485
426
1034
-764
297
397
-448
329
-194
-413
-111
637
-600
-475
1169
-1335
667
384
-722
687
-399
-66
493
-267
427
17
-842
586
100
90
487
-1061
310
415
-564
1624
-1331
145
833
-1466
2011
-817
-100
968
-1549
1022
149
-657
1050
-1307
588
738
-1472
1438
-612
209
178
-554
290
-355
782
-448
319
21
-1520
1378
-665
289
1094
-2059
1248
-438
-654
1529
-861
11
-194
-845
979
-328
519
135
-1179
1751
-1329
376
698
-932
575
-33
127
301
84
-326
-265
280
51
-79
48
-1087
1190
-97
-216
1543
-1608
365
602
-1180
1312
-63
-1069
959
-918
42
700
-304
411
-368
-191
133
164
-381
305
337
-499
418
321
-946
553
116
-1025
836
-354
-204
813
-439
74
482
-780
914
-515
129
297
-1002
1069
-697
36
704
-707
786
-753
-109
1103
-1483
792
-197
-439
1051
-935
508
175
-1041
117
546
-366
477
-881
-319
845
-733
320
463
-247
162
-462
150
469
-108
-885
81
1251
-1121
792
-145
-1238
1550
-1151
354
1361
-1457
986
-288
-580
1492
-1469
851
-107
-959
1098
-1028
583
257
-723
542
-849
243
1130
-1615
1382
-373
-974
1377
-1866
1245
723
-1996
1379
-688
287
1020
-1406
1034
-627
-467
969
-317
807
-521
-146
405
-807
1079
-360
72
201
-1531
923
556
-397
736
-640
-116
213
-186
391
163
-330
-121
-414
205
537
-845
483
-267
-172
615
-193
282
208
-679
95
148
360
-441
-326
695
-347
-499
570
-229
57
-398
-496
775
-139
-485
332
367
48
-552
312
545
-188
-798
331
296
-241
37
284
-536
443
-23
-339
812
-851
138
670
-671
607
273
-486
209
-529
265
901
-825
341
447
-1147
786
-277
50
956
-1146
527
158
-749
340
-49
148
-250
-343
327
125
-103
123
-231
73
264
-666
595
-219
-647
707
-285
-7
230
-388
416
-451
-406
526
125
-256
301
-776
563
152
-1019
742
-417
-234
430
-580
676
-496
-281
627
-734
822
-452
47
565
-998
726
-492
233
211
-520
576
-557
393
-27
-158
450
-643
272
254
-1391
1179
-48
-432
1009
-1223
816
-8
-691
716
-963
411
-32
-265
995
-902
590
93
-535
868
-805
553
3
-980
1091
-501
321
371
-680
497
-354
510
-328
228
140
-1117
1474
-723
136
1639
-1877
1225
18
-815
1218
-1220
355
375
-801
559
352
-562
85
275
207
275
-701
-180
567
-205
-353
240
545
-500
-65
155
259
-81
-529
622
-167
86
-142
-344
955
-1133
-67
938
-1017
558
-375
78
731
-840
388
-383
-36
532
-767
1032
-784
379
542
-1067
1288
-1260
452
243
-1316
1885
-1135
151
104
-727
1042
-1134
1026
-361
-723
1020
-1285
1070
60
-949
982
-980
178
225
-548
323
-595
507
120
-716
765
-861
568
35
-935
1545
-789
-246
573
-954
847
-231
-677
1059
-430
-424
281
-587
331
-85
-134
383
-159
328
-422
294
230
-407
355
-691
151
352
-369
498
-478
252
553
-371
261
191
-255
-25
-10
-5
581
178
-578
542
-40
297
349
-587
748
-26
-717
1017
-727
570
80
-573
908
-652
523
-269
116
153
-535
727
-556
212
158
-500
862
-771
227
382
-718
443
-285
-428
844
-459
105
454
-869
315
292
-544
496
-38
-291
438
-332
63
517
-675
-80
98
-361
495
-354
18
148
-663
480
71
-462
438
-917
345
435
-768
903
-1106
-89
503
-1146
1225
-518
-148
257
-1004
623
185
-208
-178
-402
520
-36
-380
214
-314
12
-79
-242
863
-15
-718
491
-354
523
240
-368
702
-123
-418
409
261
-369
404
-417
91
375
-365
613
94
-134
-383
261
115
-815
414
-156
38
286
-720
439
57
-748
311
160
-458
-41
-291
363
439
-805
348
311
-125
-251
-81
515
-164
134
-188
438
137
-624
412
116
-7
-5
-172
52
521
-329
-43
442
-926
171
260
-514
631
-333
147
936
-554
-36
225
-236
505
-261
19
285
-475
-137
-88
139
34
-104
-25
77
-43
-377
-233
145
-296
-112
238
-189
256
-147
-130
180
-107
148
125
-175
-190
355
146
215
320
-207
373
-114
-231
786
20
168
84
-37
529
-226
232
244
-187
416
-249
355
74
-368
367
-22
-29
49
141
436
-143
-551
448
139
244
169
-440
344
-199
2
203
-157
-125
-579
313
-340
30
46
-378
417
-766
173
275
-558
389
-649
68
363
-485
174
-161
-494
225
-133
-297
388
-459
-184
25
-523
618
24
-328
222
-471
318
-74
49
247
-332
-89
-125
414
-47
2
162
-422
205
-221
167
403
-334
94
-58
351
132
-340
101
-503
-72
-44
87
186
-274
-226
126
26
93
300
-266
195
-348
-408
402
21
81
-18
-380
350
-74
128
26
-370
211
-150
178
466
-341
-21
-58
-269
624
-222
23
-37
-648
393
-168
-34
225
-396
56
263
-159
181
28
49
94
-326
159
-146
131
-111
81
313
-46
274
-179
108
93
-448
396
1
74
291
-401
598
-188
-233
451
-341
186
30
-191
398
-158
-77
432
-81
-432
80
-58
255
512
-714
572
98
-596
1199
-485
335
36
-947
1158
-205
67
430
-513
335
-140
-269
681
-214
-43
112
-97
424
-271
76
57
-351
343
-483
171
80
-654
407
-214
79
327
-376
-5
-31
-428
417
-40
-130
144
-561
129
-82
88
174
-301
-87
-244
72
236
-243
248
-229
-97
497
-440
379
-228
-333
320
-447
98
164
-383
114
-73
122
328
-163
104
-204
-160
51
-94
-146
122
-208
173
181
-305
495
-225
24
214
-454
509
-160
-204
472
-496
400
127
-176
384
-401
55
234
-241
185
82
-247
120
-287
-138
365
-434
82
-17
-228
500
-192
19
391
-378
118
85
-387
249
-101
-101
372
-341
48
145
-256
262
-129
86
78
-174
79
-63
208
-143
-5
-39
-206
248
-296
34
61
-94
141
-328
-86
61
-27
-8
93
-29
110
96
-71
230
-25
-19
171
-20
173
63
-96
153
-38
-28
-9
-187
42
26
-24
215
-66
63
-28
-171
223
-73
-131
-120
-116
112
-172
24
91
108
-91
-329
156
-61
90
-101
-137
236
-327
6
174
-27
98
-320
27
91
-315
71
43
88
48
-133
283
35
-107
68
58
179
-151
5
218
116
17
32
90
183
-38
-72
172
2
35
105
-47
60
-40
51
96
71
-68
-189
131
-88
124
-104
-177
166
-121
113
149
5
75
-99
-78
137
-25
-163
-14
-12
-55
76
-161
163
98
-298
243
-92
-10
8
-299
248
-135
-159
72
-88
74
-204
-220
136
-6
-96
185
-21
41
47
-137
176
-105
-216
173
3
121
65
-154
175
-89
-203
191
-83
122
71
-240
231
-13
-106
92
-187
63
52
-173
240
21
-2
125
-185
96
-72
-114
78
-87
150
-33
90
-2
-44
139
-39
187
86
-146
32
-68
-83
53
-94
51
6
-12
55
109
-82
-114
-92
-158
24
-98
9
116
-65
111
86
-117
27
-217
3
59
-106
151
-110
156
45
-93
185
-160
-75
76
-125
223
18
-26
334
-50
198
136
-221
202
-183
-12
325
-191
105
-65
-127
260
-106
88
57
-239
35
-5
45
248
-96
-2
41
-182
93
-186
-59
13
-158
266
157
274
270
-73
56
-167
-152
-105
-293
-36
-77
28
303
114
206
-58
-276
-208
-215
-193
-27
-20
89
181
35
188
-13
-228
-220
-308
-96
-46
-64
179
104
205
279
25
77
-264
-280
-67
-245
61
39
126
274
46
170
9
-169
-179
-293
-135
-43
-21
137
51
97
133
-28
48
-121
-174
-57
-190
75
98
51
338
22
163
63
-208
3
-334
-127
-21
-103
210
113
180
195
-58
-11
-155
-215
-158
-89
32
150
197
160
172
-19
-52
-55
-209
-74
-127
-110
157
24
234
250
18
140
-170
-90
-61
-262
-6
-56
1
201
16
100
127
-76
31
-146
-187
14
-185
63
85
-45
257
-128
-10
54
-270
23
-220
-115
227
-79
255
154
-25
265
-168
22
-19
-256
48
-216
33
173
21
335
-18
-15
45
-225
124
-161
-110
65
-176
118
16
-64
172
-119
-6
9
-118
95
-81
-4
144
-7
123
77
-73
60
-97
-62
14
-73
6
27
-37
34
54
-49
133
-18
-32
110
-104
62
-34
-48
105
15
23
93
-34
-11
-8
-151
11
-80
1
187
72
119
44
-65
39
-131
-75
-58
-139
56
-35
149
133
33
164
-79
30
-49
-172
12
-151
46
74
-9
91
-50
-41
-31
-119
-70
-27
-120
38
-12
15
134
-104
72
-13
-88
28
-181
52
53
-88
149
-36
28
102
-135
103
-45
-124
31
-130
62
100
-16
156
0
11
115
-104
25
-50
-150
95
-65
84
155
-31
158
16
-69
58
-176
-7
85
-99
178
12
18
158
-162
24
55
-146
135
-155
-73
101
-179
210
19
67
239
-86
147
12
-108
28
-196
-63
-47
-107
101
-67
29
45
-74
53
-111
-45
-22
-100
91
-55
-29
1
-94
85
-69
-87
-11
-128
-28
-86
-133
4
-80
-11
53
-1
132
61
69
55
-29
-19
-75
-87
-83
-38
-23
74
81
132
106
79
50
-52
21
-58
45
48
59
146
50
100
41
-26
38
-29
-9
66
-19
118
101
14
128
-38
66
13
-167
51
-152
-34
8
-138
117
-92
4
90
-79
87
-76
-67
43
-143
38
-32
-56
78
-92
33
-58
-79
-17
-114
18
9
14
74
-13
47
9
-67
39
-123
-35
-15
-73
143
-5
82
142
-19
113
-38
-7
54
-40
123
79
65
74
12
13
-14
-82
-67
-27
-86
-19
-14
-17
81
12
46
100
-5
89
50
-18
82
-103
-32
10
-112
50
-51
-34
74
-122
37
-19
-77
93
-77
66
126
6
178
8
-65
7
-256
-36
-113
-159
110
-141
76
47
-102
133
-128
-49
32
-188
105
-16
-29
166
-76
128
54
-85
73
-152
-71
21
-142
69
-8
-26
155
-8
81
92
-35
123
22
-46
99
-63
26
40
-69
119
-5
-4
12
-102
-6
-45
-57
62
17
110
112
51
125
-19
-9
-28
-140
-5
-66
-55
53
-79
85
28
-21
159
-25
70
78
-42
126
-42
-3
62
-110
59
-50
-65
52
-122
44
32
-46
101
-54
-29
52
-101
36
-36
-116
55
-93
-16
41
-76
89
-4
-31
67
-106
1
-29
-99
52
-43
20
36
-108
20
-58
-112
-7
-122
12
83
23
165
91
35
117
-43
9
21
-98
53
-32
4
97
-15
82
37
-28
44
-18
-14
58
-19
34
37
-44
77
-20
-10
53
-87
23
-39
-124
27
-97
1
39
-87
101
-8
-25
93
-88
23
9
-110
99
-46
-28
26
-155
20
-54
-111
75
-67
43
74
-19
162
37
48
78
-82
24
-47
-77
52
-72
2
46
-57
65
-52
-55
50
-59
68
18
-25
57
-45
16
7
-59
0
-61
-48
-11
-36
-14
11
4
59
50
67
70
-16
1
-65
-76
-32
-52
30
32
33
95
48
57
-16
-78
-51
-111
-43
-16
-34
20
30
62
65
32
33
40
-20
7
3
-37
32
-23
-8
45
-17
79
60
45
94
-13
48
-1
-36
22
-58
3
16
45
133
81
87
50
-37
-15
-64
-73
-15
-52
33
23
-9
73
-8
41
32
-73
48
-40
15
94
-33
119
22
-11
81
-75
42
8
-85
37
-92
-41
17
-98
0
-49
-106
20
-108
-45
-23
-156
6
-85
-51
62
-97
26
-7
-102
-20
-163
-118
-92
-196
-27
-64
-88
18
-107
-5
20
-63
72
-8
23
63
-44
58
-12
-27
40
-40
18
47
9
94
11
-18
44
-45
60
28
-2
125
73
131
128
25
55
-55
-77
-44
-111
7
-18
7
97
14
75
55
7
50
-28
8
-6
-26
17
6
34
58
63
66
86
29
13
36
-24
-17
-42
-76
-18
-19
64
87
56
99
53
5
-15
-96
-21
19
-5
78
30
62
54
-25
37
-43
-48
-5
-48
26
28
1
95
2
-48
-20
-119
-37
-93
-100
16
-73
-24
20
-27
73
18
-6
82
-15
-11
-12
-106
-64
-124
-137
-23
-75
9
44
5
54
-46
-9
38
-25
15
0
28
30
11
43
32
29
-24
-11
-15
-19
7
-7
82
18
30
72
-17
33
-47
-38
-33
-76
23
19
30
52
30
12
3
-16
-41
-49
-78
-84
-35
9
46
81
114
123
78
19
-17
-67
-113
-109
-93
-32
14
47
110
147
155
148
104
55
13
-65
-52
-50
-58
-5
-22
15
27
-46
-1
-13
-44
-26
-33
5
20
13
22
39
-22
-19
-35
-49
-27
-93
-29
1
4
67
61
76
62
-10
1
-37
-109
-97
-79
-19
49
71
119
92
3
16
-38
-83
-83
-118
-58
-28
-8
54
51
27
9
-45
-39
-49
-97
-29
-14
-6
48
21
80
72
6
18
-54
-65
-48
-64
-1
2
17
79
79
97
73
19
22
-40
-77
-61
-102
-54
-52
-13
81
56
90
62
-8
-8
-58
-59
-37
-94
-51
-5
1
80
72
110
111
31
40
-17
-27
-62
-92
-36
-26
25
65
79
103
88
59
33
-26
-78
-58
-49
-7
34
9
24
-6
-34
-3
-17
15
-16
-32
9
-14
8
-8
-13
-1
-25
-13
-8
-19
-60
-75
-64
-32
1
11
64
51
29
31
-4
-10
-57
-85
-52
-65
1
57
92
136
91
80
33
-18
-37
-72
-55
-33
-2
39
63
63
45
29
-5
-3
-38
-29
-17
-40
20
9
52
68
20
53
14
-6
-4
-51
-30
-34
-59
-29
-1
36
51
63
55
22
-7
-50
-59
-69
-53
-18
4
50
83
84
91
52
23
-4
-30
-29
-23
-5
17
41
17
11
25
34
44
29
23
19
13
-10
-21
-21
-11
-3
9
25
32
32
17
11
-24
-38
-36
-43
-27
-11
21
42
13
-5
-54
-69
-73
-101
-76
-79
-43
-16
-20
-3
3
-8
-11
-35
-42
-41
-80
-79
-97
-109
-76
-50
-14
24
42
58
60
38
11
-18
-69
-51
-32
-23
11
-4
5
-6
-43
-11
-13
-18
2
-23
20
26
-22
8
-24
-22
-8
-7
36
31
17
39
37
24
23
-18
-12
-12
-8
18
6
17
42
31
44
41
37
68
61
58
56
15
15
12
4
5
-11
-15
8
22
25
40
20
5
-8
8
38
54
63
89
92
59
45
0
-32
-70
-96
-64
-26
5
42
59
81
87
41
42
13
-33
-27
-48
-34
-23
-48
-15
0
-20
-25
-38
-33
-11
-49
-30
-21
-41
-10
-20
16
31
2
5
-9
-22
-6
-9
10
11
-4
6
9
12
14
-2
4
-4
-6
12
5
11
18
8
13
11
-9
-8
-33
-27
-26
-43
-49
-60
-61
-70
-60
-42
-27
-11
-4
16
18
22
32
25
-2
-19
-35
-66
-59
-68
-69
-31
-13
30
56
56
72
33
15
-3
-33
-25
-26
-11
16
51
61
49
17
-11
-26
-37
-35
-35
-1
19
34
56
60
56
36
-5
-15
-34
-39
-21
1
42
77
91
86
74
41
22
-8
-41
-57
-43
-21
16
70
96
114
109
86
69
22
-25
-49
-94
-78
-55
-39
16
6
3
9
-10
-7
-40
-60
-41
-32
3
45
37
39
24
-16
-29
-66
-83
-59
-47
-24
-7
-3
22
17
13
35
10
14
-2
-25
1
-26
-10
-3
-26
-9
-16
-14
2
-3
-2
6
-15
-8
-16
-23
-4
0
17
23
21
36
27
33
42
39
53
32
24
9
-27
-45
-93
-94
-63
-54
-12
24
43
77
71
62
47
4
-2
-6
-16
-13
-23
-31
-42
-38
-35
-33
-20
-14
12
21
32
61
56
38
35
8
13
10
-24
-1
-19
-13
15
-11
17
27
10
30
21
19
12
-11
-10
-8
5
12
-4
-19
-31
-46
-57
-56
-53
-46
-33
-23
-10
-10
-24
-25
-21
-23
-20
-19
-19
-11
-1
24
46
48
50
31
5
-1
-12
-20
-26
-29
-19
16
43
67
78
68
65
50
40
25
3
-15
-10
-16
-14
-8
-7
-5
-11
-18
-20
-7
-1
9
8
4
16
6
11
29
30
33
30
13
0
-13
-40
-40
-47
-55
-23
-19
19
49
51
75
51
31
10
-30
-48
-52
-55
-21
-12
-1
14
-7
-3
-17
-42
-22
-39
-30
15
15
49
45
26
38
4
-8
-14
-43
-34
-32
-32
-10
-17
-16
-2
-12
-10
2
-8
-1
2
-8
-6
-30
-28
-21
-23
-15
-7
-7
-21
-23
-39
-38
-33
-40
-23
-19
-14
-2
2
21
22
18
25
9
-4
4
-1
-11
-5
-5
4
6
-6
6
7
11
28
24
33
42
30
33
31
14
14
-4
-20
-16
-26
-13
-13
-16
-3
-11
0
13
12
24
23
19
22
8
4
-5
-16
-9
-13
-8
10
11
22
26
23
39
28
16
23
7
10
22
17
25
19
17
29
20
12
8
-11
-16
-11
-22
-11
-8
-21
-11
-25
-18
0
-11
9
8
6
20
5
7
11
-6
-3
-1
3
23
9
12
21
-3
17
16
7
20
12
23
41
32
32
26
-7
-11
-40
-61
-44
-52
-35
-23
-29
-8
-10
-12
0
-13
-2
-7
-9
-1
-13
-1
-11
-17
-17
-30
-13
2
15
37
30
19
6
-28
-39
-45
-54
-31
-27
-1
38
22
36
11
-12
-6
-32
-22
-20
-12
-1
-8
0
