9
-5
-8
2
1
-3
-23
-12
-3
-2
-7
-12
-6
-2
-2
-18
-16
-12
-9
-5
-8
-9
2
-7
-14
-8
-7
8
8
-6
-21
-8
7
2
5
-15
-4
13
9
1
-3
10
-4
5
0
-4
14
10
12
13
17
6
-3
-16
-13
5
-2
-4
-2
8
6
14
-3
-19
-6
-3
-1
-11
-11
-6
14
14
-5
5
7
13
16
8
10
9
6
3
8
11
17
20
15
23
22
19
3
-10
-6
12
32
23
9
10
9
20
8
-24
-21
-12
-7
-14
-15
-9
-9
-4
-20
-18
-7
-10
-16
-19
-5
7
11
0
-10
-2
5
17
13
-2
8
4
-2
4
7
8
7
30
29
24
21
1
6
13
15
12
8
-1
12
30
18
-6
-23
-18
-11
-1
-23
-31
-22
-20
-29
-25
-24
-32
-28
-32
-8
-8
-26
-38
-29
-15
-9
16
-1
-21
-12
3
15
0
-15
-15
7
21
9
11
24
32
27
11
-7
7
9
17
37
32
21
-3
2
13
28
11
-18
-4
-12
2
3
-11
-19
-31
-28
-26
-8
-18
-33
-26
-30
-16
-8
-21
-24
-18
-19
-12
0
-27
-31
-3
2
-2
-7
-21
-6
32
30
21
13
-9
-2
35
52
41
32
3
3
49
48
26
32
21
-5
19
30
22
32
11
10
23
28
6
19
41
27
10
-30
-31
1
27
24
9
-10
-44
-22
8
27
15
-38
-38
0
29
13
10
5
-22
-30
-21
6
21
19
-8
9
14
2
13
10
9
-5
-2
-9
6
16
3
13
-4
-11
-18
-16
11
22
-1
-38
-24
-6
5
10
-11
-14
-10
-19
-27
14
23
-13
-30
-30
-10
21
22
-7
0
-11
-16
-22
-12
1
-4
-3
-26
0
-3
-7
13
-3
-16
-26
-18
8
19
5
-13
3
-22
-33
30
41
3
-54
-57
-15
9
4
-25
-19
-11
-32
5
19
2
4
-11
-5
-17
5
30
56
26
-35
-7
-7
15
36
19
39
15
-30
-26
47
67
4
-21
-34
-18
10
24
24
-3
-31
-34
15
37
27
25
-6
-35
-33
-16
19
9
-33
-42
-46
-38
-29
14
1
-37
-28
-64
-50
0
36
56
2
-40
-45
9
23
20
65
13
-45
-59
0
64
60
23
-14
-8
-7
12
71
66
-1
-5
20
15
6
11
43
40
-27
-62
-13
33
8
7
-18
-52
-51
-52
-9
27
28
-45
-85
-56
-11
43
6
-68
-85
-49
-30
-18
1
-22
-34
-48
-52
-6
18
7
-20
-23
-29
-5
35
18
13
1
-19
-8
7
29
70
59
20
-22
-11
32
64
65
6
-3
-21
-2
35
48
67
-7
-56
-61
-19
35
19
0
-40
-67
-26
7
23
-9
-51
-44
-24
-31
-48
11
32
-20
-42
-65
-4
46
16
-5
-12
-9
-48
-17
46
75
71
-9
-45
-12
54
109
84
22
-54
-19
82
76
57
3
-2
27
0
-1
29
91
32
-65
-51
-15
42
19
-33
-16
-9
-27
-69
-34
15
29
6
-91
-81
12
87
55
-50
-63
-31
17
16
7
72
46
-26
-58
-36
55
75
32
-56
-82
-9
57
79
6
-5
29
13
-5
-29
46
96
31
-67
-80
17
44
35
-13
-48
-27
-29
-36
-11
58
42
-11
-55
-74
34
101
29
-62
-98
-39
12
6
-14
-26
11
-21
-67
-45
3
74
23
-53
-40
7
56
21
-1
-12
-2
-17
-80
-21
59
95
22
-109
-63
48
91
50
-27
-17
15
19
13
-13
30
15
1
-22
-80
27
92
52
-26
-28
39
49
76
-13
2
78
-29
-70
-6
93
56
-24
-59
-38
81
36
-15
36
34
24
27
27
8
54
63
-32
-52
-62
8
110
-6
-103
-43
57
30
-49
-33
-7
64
1
-99
-10
69
93
33
-56
-90
-2
97
6
-35
1
39
29
-48
-35
84
138
18
-76
-2
68
65
39
-50
-32
38
49
29
-14
4
7
20
-42
-63
32
30
17
-37
-42
21
39
12
-48
2
4
-42
-25
12
82
75
-18
-99
-47
61
78
9
-53
-59
-6
18
-22
-6
21
43
-21
-62
-9
34
74
17
-65
-56
35
60
10
16
17
13
-16
-62
-53
31
57
-2
-15
-42
-33
38
40
-52
-61
-67
-70
24
39
20
-3
-37
-90
-20
35
-25
6
-34
-74
-21
-6
-23
27
53
-48
-46
-34
-42
56
75
-21
-44
18
17
54
71
29
55
48
-35
-53
37
62
33
-19
-97
-63
26
27
-2
-23
-78
-77
-47
-18
3
-15
-32
-64
-61
-69
-48
-3
-42
-81
-81
-55
-46
-36
2
-2
-32
-71
-51
4
49
41
-13
-35
-46
-25
29
48
5
0
-17
-5
12
27
47
15
5
-6
37
69
42
22
0
22
7
9
22
-6
3
-27
-49
-35
-16
-38
-55
-21
-50
-83
-58
-73
-97
-44
-73
-84
-59
-87
-53
15
6
-71
-52
-59
-7
95
26
-35
-16
22
37
70
6
-55
30
-15
0
88
53
23
38
12
-3
84
49
4
41
-17
-61
-28
-33
-36
-6
-79
-133
-101
-107
-87
-13
-60
-134
-102
-123
-86
-53
-68
-37
-50
-113
-123
-3
9
13
10
-79
-2
70
92
109
137
87
78
175
178
245
235
172
186
214
188
196
239
199
190
135
73
118
183
131
127
113
-3
-3
12
7
36
25
-98
-131
-76
-86
-7
9
-59
-97
-109
-90
-61
-7
-47
-64
-41
-64
-53
-18
8
16
13
-65
-61
17
55
33
25
-6
-99
-75
-39
-12
-24
-80
-118
-72
-4
-33
23
24
-19
11
35
60
98
112
85
122
108
62
108
170
140
68
38
-15
7
24
-65
-101
-158
-345
-352
-313
-387
-333
-427
-513
-500
-480
-438
-461
-408
-525
-558
-496
-510
-393
-338
-322
-257
-169
-40
134
307
385
518
621
667
832
948
969
998
993
940
989
1086
1096
1095
1105
992
956
881
786
804
613
440
302
170
171
192
148
10
-23
-110
-193
-126
-276
-407
-413
-495
-547
-530
-494
-516
-510
-567
-685
-676
-644
-669
-661
-716
-799
-835
-908
-922
-843
-858
-903
-906
-954
-845
-706
-629
-529
-536
-530
-472
-364
-267
-210
-129
-134
-61
70
175
343
481
506
555
675
715
808
902
885
880
880
885
944
1056
1104
1149
1198
1257
1349
1481
1609
1644
1717
1707
1711
1793
1819
1912
1847
1719
1643
1579
1626
1589
1598
1564
1498
1483
1343
1308
1180
917
584
117
-218
-652
-1176
-1652
-2217
-2627
-3010
-3309
-3469
-3667
-3821
-3992
-3983
-3887
-3721
-3467
-3219
-3022
-2917
-2681
-2479
-2157
-1791
-1596
-1279
-1013
-705
-369
-87
257
358
294
192
-34
-144
-400
-781
-1081
-1488
-1790
-2029
-2169
-2173
-2267
-2205
-2132
-1971
-1624
-1248
-801
-476
-195
73
489
960
1340
1795
2108
2352
2703
2986
3267
3531
3642
3587
3481
3394
3263
3243
3147
2863
2731
2572
2477
2489
2496
2434
2329
2331
2198
2337
2535
2648
2928
3081
3309
3577
3894
4250
4442
4473
4344
4071
3551
2693
1776
793
-463
-1688
-3028
-4407
-5498
-6534
-7412
-8064
-8424
-8660
-8684
-8498
-8261
-7577
-6787
-5939
-5073
-4151
-3110
-2090
-1028
-85
942
1930
2806
3571
4185
4664
4940
4968
4625
4221
3676
2946
2074
1015
9
-948
-1910
-2848
-3672
-4415
-4929
-5198
-5341
-5122
-4531
-3948
-3267
-2376
-1481
-363
598
1361
2092
2591
3009
3164
3300
3295
3053
2803
2279
1865
1506
1108
670
137
-325
-761
-1081
-1477
-1733
-1846
-2058
-2080
-1978
-1885
-1540
-1117
-774
-359
223
911
1492
2089
2600
3096
3642
4063
4573
4932
5210
5324
5225
5094
4811
4717
4430
4004
3584
3132
2952
2798
2814
2814
2667
2268
1541
982
383
-194
-749
-2022
-3487
-4699
-5794
-6421
-6985
-7267
-7418
-7639
-7370
-7014
-6332
-5314
-4514
-3870
-3113
-2289
-1414
-395
307
855
1590
2253
2973
3601
3902
4091
3953
3598
3321
2913
2568
1992
987
89
-740
-1323
-1901
-2608
-3178
-3791
-4147
-4144
-4109
-3790
-3327
-3063
-2583
-2047
-1390
-595
-74
356
637
872
1086
1271
1369
1230
1037
748
473
254
133
-42
-303
-517
-744
-654
-459
-361
-194
-102
-69
96
345
573
852
1029
1129
1386
1674
2064
2672
3250
3825
4349
4901
5512
6008
6536
6642
6527
6490
6084
5921
5560
5090
4833
4327
4212
3966
3734
3465
2401
1419
294
-767
-1540
-2869
-4369
-5914
-7232
-8129
-8806
-9029
-9000
-8839
-8712
-8485
-7633
-6681
-5622
-4724
-4147
-3234
-2383
-1420
-469
142
845
1369
1975
2711
3058
3303
3242
2729
2205
1670
1020
202
-931
-1999
-2956
-3772
-4481
-5152
-5617
-5823
-5787
-5458
-4680
-3586
-2563
-1545
-417
609
1805
2916
3510
3827
4029
4012
3899
3816
3444
2881
2272
1551
1108
859
672
441
33
-289
-487
-404
-151
31
78
104
343
465
749
1240
1440
1507
1529
1605
1891
2338
2893
3294
3741
4365
4821
5384
5961
6191
6262
6309
6106
5936
5850
5449
4870
4645
4448
4164
4151
3636
2505
1550
534
-366
-1108
-2476
-4001
-5514
-6787
-7618
-8147
-8200
-8146
-8224
-8346
-8123
-7341
-6373
-5346
-4670
-4133
-3311
-2491
-1464
-668
-134
436
688
1192
1817
2122
2327
2111
1639
1302
915
539
89
-918
-1868
-2780
-3721
-4239
-4905
-5416
-5679
-5822
-5662
-5180
-4135
-3035
-2133
-1069
-36
1174
2457
3223
3759
4104
4118
3979
3751
3414
2912
2189
1283
548
88
-200
-488
-836
-996
-1114
-967
-602
-260
148
368
508
634
802
1101
1385
1389
1385
1551
1789
2234
2850
3328
3713
4212
4460
4784
5215
5288
5201
5098
4765
4560
4418
4421
4195
4217
4781
4571
4718
4809
3673
3179
2340
1234
561
-1135
-2624
-4221
-5806
-6620
-7380
-7647
-7718
-7741
-7600
-7267
-6421
-5491
-4344
-3616
-3040
-2048
-1327
-305
559
1062
1762
1912
2447
3060
2989
3140
2761
2169
1855
1425
971
387
-648
-1724
-2468
-3615
-4487
-5236
-6292
-6992
-7669
-7791
-7415
-6772
-5846
-5125
-4088
-2802
-1578
-120
977
1678
2206
2444
2656
2839
2789
2364
1738
1092
566
306
78
-209
-550
-808
-765
-524
-116
224
378
527
637
754
1073
1462
1656
1553
1491
1810
2267
2814
3593
4113
4673
5154
5727
6151
6448
6873
6312
6283
5974
5483
5836
5433
5359
5388
4797
4591
3572
2720
2020
797
109
-1431
-2877
-4095
-5192
-5649
-6352
-6240
-6280
-6343
-5888
-5780
-4821
-4346
-3700
-3099
-3269
-2272
-1625
-1017
-32
83
723
1239
1810
2456
2451
2446
1844
1332
883
327
-69
-664
-1500
-2361
-2849
-3309
-3717
-4118
-4912
-5305
-5527
-5471
-4942
-4566
-3977
-3417
-2840
-2011
-1286
-420
181
465
676
953
1187
1278
1296
962
744
372
6
-105
-410
-529
-734
-945
-830
-576
-209
105
384
775
1204
1690
2146
2475
2727
2883
3046
3241
3460
3892
4301
4558
4901
5374
5669
5845
6013
5697
5421
5387
4895
4372
4211
3797
3689
3812
3533
3218
2296
1510
829
-295
-858
-2098
-3566
-4638
-5632
-6080
-6351
-6339
-6443
-6417
-6013
-5591
-4748
-3975
-3162
-2680
-2578
-1698
-1088
-364
432
407
852
1109
1407
1967
1687
1469
775
-117
-601
-1127
-1502
-2134
-2774
-3349
-3902
-3964
-3975
-4088
-4252
-4425
-4352
-4112
-3518
-2908
-2520
-1931
-1280
-565
243
877
1347
1686
1830
2023
2159
2089
2057
1790
1373
1062
839
729
502
255
-118
-389
-367
-510
-479
-370
-269
-6
451
853
1135
1822
2157
2459
3058
3426
3963
4311
4812
5137
5170
5604
5291
5153
4992
4320
4382
3776
3480
3199
2789
3040
3020
3346
3391
3033
2215
1358
908
-135
-932
-2186
-4150
-4989
-6087
-6527
-6289
-6682
-6418
-6312
-5869
-4856
-4117
-2984
-2420
-2261
-1936
-1461
-793
-168
219
257
580
961
1412
1976
1788
1389
989
137
-185
-659
-1115
-1540
-2280
-2701
-3187
-3072
-3078
-3413
-3394
-3527
-3214
-2719
-2186
-1560
-1436
-995
-279
151
787
1238
1292
1437
1545
1787
1885
1803
1737
1307
1078
1016
895
707
377
171
-82
-174
-138
-264
-294
-355
-364
-39
189
303
523
641
938
1592
2131
2809
3527
3959
4653
5295
5790
6277
6095
5780
5269
4868
4344
3680
3168
2376
2117
1977
1892
2002
1173
206
-365
-1438
-1853
-2560
-3826
-5014
-6083
-6425
-6612
-6351
-5662
-5300
-5055
-4450
-3349
-2362
-1212
-223
-210
223
815
1294
2174
2374
2598
2965
2962
3514
3398
2887
2409
1211
128
-796
-1859
-2772
-3888
-4733
-5306
-5594
-5120
-5237
-5061
-4258
-3819
-3138
-2048
-1054
-453
265
901
1356
1936
2199
2179
1744
1460
1596
1335
1186
800
298
218
-103
190
264
-65
127
-332
-386
-66
-2
240
73
-173
-82
190
274
332
375
230
498
1083
1880
2519
3072
3965
4508
5389
6471
6936
7101
6517
6118
5668
4959
4696
3526
2584
2034
1380
1374
1296
806
-69
-785
-1342
-2047
-2411
-3334
-4392
-5588
-6284
-6195
-6387
-5679
-5270
-5403
-4604
-4076
-3194
-2156
-1687
-1198
-1241
-775
-62
412
865
1025
1367
1633
2053
2518
2321
1970
1251
487
-364
-1153
-2116
-3308
-4153
-4736
-5223
-5560
-5433
-5712
-5711
-5000
-4480
-3555
-2502
-1773
-909
25
1178
2342
2935
3104
3098
2845
2745
2817
2506
1614
985
433
-42
-18
-4
-39
-393
-371
-236
12
667
946
941
808
984
1332
1532
1655
1424
1191
1212
1507
2219
2641
3232
3695
4079
5189
5982
6627
7172
6970
6530
6172
6057
5582
4806
4320
3203
2675
2570
1879
1335
545
-932
-1669
-2519
-3539
-4134
-5707
-7127
-7809
-8131
-7952
-7399
-7192
-6692
-5977
-5298
-3949
-3010
-2340
-1527
-1453
-992
-313
99
854
937
914
1738
2016
2482
2796
1863
1387
772
-80
-405
-1468
-2435
-3265
-4143
-4491
-4713
-4789
-5232
-5457
-5474
-5001
-4094
-3198
-2438
-1911
-1058
157
1596
2496
2997
3287
3175
3356
3629
3491
3197
2291
1350
912
378
519
418
-247
-484
-722
-371
150
516
778
649
716
1197
1703
1845
1843
1622
1325
1419
1939
2466
2795
3129
3675
4189
4960
5935
6108
6081
6173
5610
5541
5364
4616
4085
3284
2619
2631
2029
1334
713
-1314
-1986
-2821
-4283
-4991
-6618
-8112
-8687
-8961
-8788
-8321
-7866
-7013
-6276
-5311
-3512
-2536
-1887
-861
-899
-288
1075
1344
1980
2152
2108
3299
3620
4245
4582
3476
2639
1652
555
-204
-1334
-2849
-4228
-4963
-5554
-5609
-5268
-5664
-5725
-5453
-4705
-3685
-2570
-1558
-1244
-578
389
1469
2546
2987
3122
2785
2598
2939
2887
2822
2101
1284
897
287
443
492
22
-238
-604
-510
82
433
593
795
676
932
1544
1735
1827
1718
1531
1571
1925
2770
3257
3776
4511
5112
6206
6761
7323
7645
7121
6847
6813
5784
5277
4519
3339
3043
2557
2023
1327
-21
-1355
-1986
-3345
-4108
-5093
-7091
-7867
-8413
-8702
-7985
-7705
-7259
-6467
-6012
-4588
-3104
-2437
-1321
-1301
-1161
-134
271
1004
1381
1320
1889
2648
3380
4150
3851
3267
2392
1106
596
-448
-2106
-3690
-5266
-6288
-6896
-6789
-6875
-7150
-7089
-6480
-5433
-4263
-2835
-1962
-1226
-356
775
1857
2763
3410
3234
3011
3255
3278
3057
2734
1860
1104
672
302
176
-133
-479
-770
-655
-275
323
808
959
1419
1746
2426
2951
3109
2989
2857
2803
2857
3250
3470
3740
4108
4632
5300
6345
6978
7339
7527
7156
7279
6992
6222
5736
4580
3752
3186
2446
1886
979
-963
-1957
-3099
-4409
-4858
-6309
-7796
-8774
-9248
-9300
-8580
-8239
-7461
-6725
-6223
-4569
-3412
-2278
-1060
-961
-486
409
988
1815
2150
2125
2656
2969
3514
3925
3303
2631
1592
454
-381
-1552
-2900
-4361
-5733
-6566
-6958
-7061
-7133
-7128
-6976
-6433
-5432
-4391
-3398
-2548
-1694
-719
414
1489
2410
2939
3008
3307
3617
3678
3692
3067
2265
1747
1092
771
112
-521
-1054
-1524
-1306
-1134
-559
-126
22
481
1276
2053
2567
3000
2837
2881
3289
3704
4386
4599
4841
5155
5524
6331
7147
7482
7440
7278
6629
6591
6391
5903
5448
4360
3757
3491
2709
2138
723
-1123
-2118
-3714
-4746
-5788
-7547
-8695
-9543
-9956
-9608
-8839
-8176
-7277
-6455
-5461
-3627
-2471
-1184
-310
-155
866
1445
2077
2790
2771
3394
3853
3968
4528
4195
3411
2658
1358
228
-805
-2437
-4077
-5500
-6731
-7197
-7335
-7610
-7466
-7311
-6613
-5625
-4738
-3545
-2829
-2003
-1051
-265
916
1967
2307
2538
2738
2856
3299
3317
2959
2360
1562
1137
554
-55
-686
-1389
-1882
-2195
-2045
-1495
-1207
-849
-253
258
1195
2055
2564
2986
3151
3346
3987
4427
4930
5310
5781
6183
6842
7340
7692
7876
7567
7412
6802
6650
6044
5604
4856
4336
3932
2693
1811
-89
-1742
-2911
-4774
-6028
-7584
-9012
-9727
-10270
-10187
-9577
-9035
-7965
-6895
-5946
-4463
-2835
-1875
-838
63
108
1512
2030
2280
3054
3046
3912
4534
4876
5366
4894
4110
3282
1994
939
-348
-2276
-4323
-5769
-7130
-7631
-7792
-8466
-8127
-7942
-7004
-5526
-4317
-2745
-1807
-855
305
1353
2158
2864
3306
2905
3052
3180
3051
3111
2397
1805
1348
770
414
-293
-1008
-1700
-2088
-2201
-1959
-1675
-1444
-1063
-674
180
968
1722
2253
2387
2825
3271
3814
4587
4765
5223
5912
6310
7271
7763
7762
7990
7311
7045
6499
5949
5577
4727
4014
3829
3375
2519
2189
-43
-1068
-2040
-4156
-4935
-6496
-8492
-9194
-9914
-10087
-9516
-9321
-8253
-7482
-6833
-5139
-3854
-2881
-1530
-1109
-471
836
1209
1960
2457
2602
3901
4431
5119
5598
5101
4791
3905
2941
2159
771
-1197
-3207
-4861
-6302
-7034
-7708
-8404
-8432
-8354
-7353
-6087
-4719
-3455
-2376
-1253
14
1421
2250
2959
3278
2991
2885
3256
3332
3053
2541
2052
1521
1078
925
154
-691
-1379
-1946
-2211
-2120
-1892
-1986
-1760
-1454
-682
189
836
1508
1698
2183
2605
3294
4276
4704
5286
5896
6514
7095
7670
7732
7545
7667
6777
6663
6434
5614
5580
4665
4679
4013
3104
2313
108
-798
-2356
-4136
-5396
-7283
-8725
-9640
-10101
-9751
-9283
-8704
-7833
-6699
-5709
-4192
-2715
-2148
-902
-719
40
1284
1486
2479
2620
2949
3941
4456
5049
5013
4541
3872
3115
2282
1539
178
-1521
-3273
-4980
-5797
-6779
-7509
-7818
-8575
-8261
-7311
-6575
-5028
-3766
-2595
-1282
163
1792
2671
3533
4162
3880
3854
4105
3819
3222
2761
1940
1279
882
348
-147
-1016
-1333
-1508
-1986
-1582
-1603
-1807
-1405
-1412
-913
-345
6
444
671
1349
1827
2737
3619
4163
5230
5790
6809
7222
7657
7762
6948
7009
5975
5341
5140
4188
4034
3693
3707
3370
2954
2260
425
-191
-1753
-3479
-4569
-6842
-8222
-9187
-9719
-9456
-9445
-8500
-7711
-6709
-5477
-4165
-2694
-2027
-1040
-615
284
1163
1455
2183
2237
2945
3834
4424
5163
4991
4574
4050
3298
2697
1740
277
-1306
-3023
-4321
-5383
-6264
-6874
-7521
-8057
-7794
-7079
-6371
-5073
-4118
-2961
-1565
-272
1533
2486
3289
3941
3877
4129
4558
4341
3838
3444
2554
1897
1433
935
290
-491
-867
-1259
-1424
-1287
-1411
-1405
-1224
-1203
-647
-201
-60
493
808
1198
1893
2852
3462
4326
5369
6196
7015
7686
8071
8029
7709
7202
6724
5813
5200
4473
4052
3657
3572
3176
2333
1469
-296
-1459
-2887
-4496
-6130
-8155
-9484
-10315
-10868
-10583
-10116
-9460
-8240
-7153
-5799
-4148
-2781
-1722
-792
-212
647
1461
1753
2433
2437
2819
3704
4187
4871
4806
4379
3797
2951
2097
1155
-263
-1661
-3432
-4691
-5518
-6495
-6587
-7271
-7576
-7072
-6619
-5843
-4683
-3549
-2485
-1109
305
1609
2801
3655
4115
4104
4322
4599
4087
3870
3370
2542
2330
1739
1329
910
244
67
-326
-413
-351
-664
-654
-706
-775
-570
-403
-199
-78
120
498
1070
2062
2940
3731
4956
5977
6607
7591
7928
8017
7436
6923
6349
5183
4977
4211
3588
3396
3269
2636
2295
1549
-89
-978
-2411
-4013
-5384
-7433
-8861
-9724
-10625
-10270
-9923
-9194
-8034
-7163
-5687
-4239
-2932
-1751
-827
-185
676
1340
1677
2194
2257
2910
3801
4401
5080
5064
4710
4295
3595
2671
1750
178
-1558
-3196
-4776
-5780
-6590
-7315
-7943
-8283
-8195
-7528
-6445
-5372
-4167
-2799
-1564
9
1507
2605
3433
3785
3846
3923
4114
3993
3414
2819
2215
1614
1225
1044
718
194
-43
-120
-9
68
101
98
-193
-243
-115
-273
103
306
20
429
811
1535
2529
3437
4663
5434
6510
7434
7667
8042
7468
6897
6311
5567
4867
4383
4099
3474
3441
2981
2158
1279
-116
-1415
-2709
-4199
-5831
-7990
-9284
-10109
-10621
-10203
-9633
-8822
-7798
-6497
-5107
-3636
-2170
-1144
-531
-65
700
1224
1752
2169
2129
2815
3651
4484
5195
5307
4946
4198
3441
2698
1503
78
-1626
-3552
-5172
-6316
-7004
-7547
-7946
-8431
-8413
-7683
-6584
-5264
-4036
-2673
-1445
-151
1436
2620
3435
3952
4137
4174
4218
4197
3839
3316
2499
1820
1196
723
400
-173
-394
-571
-523
-297
-307
-77
-131
-88
27
117
546
484
716
1077
1401
2421
3200
4126
5417
6119
7433
8026
8353
8446
7731
7094
6402
5497
4609
4285
3235
3060
3114
2400
2199
1119
-538
-1202
-2990
-4445
-5763
-8175
-9349
-10189
-10928
-10233
-9579
-8834
-7218
-6233
-4859
-2857
-1768
-493
210
102
1026
1182
1343
1704
1657
2206
2945
3648
4629
4857
4502
4389
3651
2747
2094
392
-1350
-3169
-5014
-5948
-7184
-7604
-8273
-8934
-8510
-8090
-6991
-5602
-4392
-2928
-1651
-72
1397
2463
3503
3803
3981
4099
4166
3914
3481
2949
1918
1511
979
471
325
-262
-395
-510
-273
-30
-132
52
-159
-164
59
-36
53
131
145
452
1195
2110
3114
4211
5405
6488
7691
8630
8921
8720
8345
7518
6334
5856
4505
3796
3105
2415
2832
2355
2072
1735
-149
-840
-1715
-3624
-4665
-6670
-8789
-9614
-10127
-10274
-9358
-8684
-7599
-6175
-5036
-3070
-1563
-758
453
296
778
1603
1331
1582
1561
1519
2395
3306
4071
4852
4569
4368
4118
3379
3052
1583
-171
-1762
-3844
-4793
-5773
-6802
-7691
-8708
-9079
-8749
-7990
-6944
-5961
-4842
-3572
-2284
-421
1165
2149
2873
3298
3419
3913
4180
3683
3018
2065
1444
1063
689
435
-78
-393
-530
-152
274
509
628
347
421
269
358
332
-23
-218
-275
61
853
1917
2880
4178
5421
6644
8124
8800
8946
8891
7847
7094
6490
5214
4644
3659
2645
2703
2882
2307
2137
1056
-867
-1206
-2840
-4132
-5618
-7987
-9260
-10120
-10251
-9393
-8833
-7747
-6455
-5463
-3550
-1648
-543
434
805
579
1477
1693
1761
1962
1644
2042
2962
3907
4886
5026
4621
4213
3482
2964
2402
639
-1202
-2931
-4926
-5395
-6242
-7380
-7849
-9054
-8970
-8148
-7369
-5898
-4940
-3960
-2557
-1133
703
2231
2954
3274
3379
3606
3994
3934
3208
2317
1266
685
495
191
141
-183
-615
-304
89
438
764
328
55
-96
-362
-126
-437
-850
-709
-593
165
1555
2498
3783
5046
5986
7543
8364
8827
8874
7923
7227
6617
5507
4777
3852
2449
2516
2360
2705
2798
1840
971
-691
-1688
-2571
-4045
-5787
-7714
-9440
-9926
-9358
-8872
-7941
-6932
-6258
-4599
-3177
-1550
-240
-185
95
-144
112
787
703
740
773
1077
2375
3869
4724
5230
4977
4364
4126
3569
2774
1223
-814
-2721
-4339
-5174
-5978
-6772
-7628
-8424
-8062
-7506
-6295
-4978
-4263
-3236
-2364
-929
646
1902
2557
2586
2695
2931
3261
3097
2598
1667
815
666
499
422
365
61
-115
-114
140
545
655
368
-20
-459
-309
-221
-390
-291
-642
-128
666
1643
2976
3862
4856
5869
7046
7939
8486
8543
7725
7106
6471
5672
4857
3830
3324
2681
2905
3351
3426
3091
2289
723
-815
-1655
-3453
-4878
-6796
-8610
-9452
-9263
-8588
-7706
-6826
-5789
-4515
-3271
-2009
-1143
-882
-882
-1134
-1521
-1162
-956
-925
-440
256
1168
3004
4229
5051
5406
5163
4847
4190
3206
1594
-442
-2238
-3995
-5224
-6191
-7120
-7819
-8436
-8083
-7496
-6638
-5360
-4634
-3745
-2442
-1392
157
1361
2073
2434
2501
2798
3158
2959
2608
2097
1314
1253
1223
962
869
593
157
267
345
419
564
110
-291
-654
-919
-665
-872
-914
-901
-664
285
1355
2412
3389
4467
5152
6266
7098
7416
7808
7029
6547
5656
4842
4521
3489
3276
2648
2713
2854
3242
3655
2948
2467
820
-793
-1619
-3096
-4314
-5625
-7158
-7979
-7662
-7078
-6339
-5250
-4701
-3744
-3089
-2436
-1762
-1734
-1858
-2256
-2848
-2462
-1808
-1325
-333
452
1521
3270
4545
5554
6024
5350
4619
3416
2042
609
-1426
-3277
-5000
-6550
-7128
-7392
-7485
-7244
-7073
-6513
-5570
-4282
-3261
-2367
-1435
-904
181
1060
1719
2206
2200
2425
2565
2817
3059
2825
2508
2324
2031
1702
1658
1245
506
219
-257
-468
-495
-816
-1155
-1484
-1387
-1313
-996
-544
-397
102
931
1920
2911
3902
4752
5070
5963
6542
6764
6855
6080
5249
4531
3914
3677
3145
2680
2439
2003
2510
2918
3034
2244
1441
-340
-1604
-2005
-3285
-4282
-5609
-6834
-7186
-6469
-5671
-4615
-4084
-3292
-2963
-2523
-1708
-1837
-2201
-2515
-3271
-3180
-2285
-1498
-633
387
1344
2810
4654
5680
6354
5622
4594
3237
1870
356
-1451
-3526
-5254
-6381
-7046
-6747
-6549
-6279
-5966
-5290
-4548
-3560
-2465
-2194
-1860
-1537
-1159
-65
776
1322
1626
1905
2455
3171
3907
4087
3504
3097
2518
2002
1770
1371
746
-253
-573
-873
-709
-333
-709
-812
-939
-840
-389
-130
258
283
608
1480
2238
3342
4377
4941
5556
6200
6706
6762
6671
5611
4762
4182
3414
3338
2712
2587
2140
2387
2623
3233
2943
2257
1285
-979
-1237
-2383
-3310
-4102
-5628
-6643
-6259
-5770
-4932
-4081
-3870
-3418
-3455
-3212
-2885
-3187
-3376
-3539
-4103
-3154
-1874
-843
648
1754
2788
4612
5665
6339
6047
4820
3223
1386
-190
-1956
-3537
-5346
-6359
-6928
-6786
-6010
-5517
-5228
-4735
-4396
-3652
-2771
-2658
-2493
-2524
-2286
-1702
-533
474
1079
1806
2390
3283
3997
4649
4451
3495
2899
2095
1415
973
247
-626
-1115
-1265
-1026
-700
-306
-290
-589
-301
-220
88
534
441
542
1009
1867
2861
3850
4549
5141
5676
6124
6693
6566
6098
5586
4575
3888
3831
3106
2983
2774
2200
2818
2983
3520
3019
2099
959
-668
-1211
-2183
-3227
-4432
-5371
-6335
-6084
-5497
-5148
-4310
-4178
-4085
-3847
-3678
-3485
-3505
-3878
-3743
-3533
-2598
-1036
-131
1262
2496
3441
5058
5673
5735
5027
3364
1750
89
-1579
-3074
-4435
-5732
-6023
-5907
-5569
-4598
-4144
-3932
-3264
-3197
-2935
-2492
-2808
-2993
-2972
-2671
-1702
-472
869
1903
2554
3581
4359
4732
4899
4105
2934
2077
911
-163
-646
-1285
-1815
-1864
-1721
-1170
-654
-370
-119
-223
-130
79
-123
138
106
126
980
1482
2294
3162
3817
4471
4888
5326
5618
5546
5114
4645
4130
3678
3548
3102
2970
2913
2849
3425
3744
3955
4088
3549
2729
1621
40
-645
-2108
-2993
-3789
-4887
-5085
-5313
-5141
-4815
-4195
-4232
-3949
-4201
-4478
-4187
-4283
-3990
-3503
-3031
-1795
-524
600
2095
3007
3761
4398
4061
3567
2691
1109
-368
-2307
-3680
-4506
-4931
-4767
-4602
-4237
-3307
-2876
-2477
-1933
-2341
-2747
-3009
-3679
-3958
-3602
-3502
-2571
-1496
26
1779
3107
4352
4951
5160
5020
4239
2949
1721
318
-1031
-1806
-2239
-2391
-1821
-1151
-507
195
588
989
982
638
513
-281
-481
-498
-846
-140
461
904
2015
2996
3689
4775
5190
5403
5364
5101
4737
3971
3698
3339
3051
2968
3282
3158
3675
4307
4182
4770
4496
3654
2949
1129
-553
-1252
-2926
-3324
-3853
-5076
-4881
-4960
-4695
-3820
-3771
-4010
-3865
-4473
-4372
-4074
-4202
-3606
-3115
-2442
-945
78
1412
2399
2375
2902
2756
2120
1737
128
-1509
-2793
-4158
-4350
-4368
-3936
-3320
-2645
-1782
-1048
-738
-643
-1281
-2354
-3196
-4071
-4399
-4280
-3719
-2846
-1266
363
2282
3898
4691
5158
4737
3987
2830
1130
-313
-1809
-2930
-3196
-2940
-2188
-1165
-142
832
1665
2070
2106
1643
954
96
-836
-1486
-1472
-1283
-654
470
1263
2260
3442
4140
4617
4942
4599
4267
3875
3369
3171
2870
3003
3269
3274
3735
4290
4565
4789
5107
4862
4687
4714
3982
3062
2103
432
-546
-1137
-1873
-2131
-2805
-3436
-4030
-4290
-4316
-4181
-4376
-4510
-4622
-4763
-4258
-3848
-3381
-2586
-2124
-1759
-658
-240
270
551
102
39
-305
-652
-763
-1192
-1705
-2096
-2132
-1870
-1344
-833
-775
-654
-991
-1339
-1497
-2448
-3477
-4240
-4932
-4645
-3995
-3028
-1750
-602
682
1961
2952
3545
3367
2478
1498
203
-720
-1394
-1949
-2051
-1864
-1201
-270
823
1789
2263
2459
2077
1428
947
200
-713
-1457
-1842
-1741
-1025
6
935
1914
2816
3357
3713
3955
3931
3556
3312
3009
2979
3185
3610
3888
4256
4860
4965
5326
5496
5161
4921
4678
4191
3892
3380
2654
1884
405
-581
-1121
-2022
-2235
-2770
-3590
-3850
-3979
-3989
-3494
-3317
-3287
-3055
-3389
-3109
-3059
-3201
-2809
-2783
-2809
-2156
-1786
-1515
-1145
-1271
-922
-787
-792
-528
-751
-1015
-1325
-1739
-1534
-1272
-1071
-709
-712
-834
-976
-1207
-1564
-2107
-2731
-3172
-3275
-3033
-2217
-1345
-294
696
1401
2000
2012
1729
1083
98
-902
-1660
-2340
-2426
-2187
-1661
-702
127
1193
1963
2292
2240
1806
857
-133
-1007
-1819
-2173
-2169
-1780
-868
148
1346
2544
3152
3763
3887
3630
3231
2751
2143
2064
2168
2398
2981
3487
4172
4683
5039
4885
4856
4434
3872
3738
3266
3153
3288
3490
3816
3718
3535
2575
1266
494
-511
-1290
-1801
-2712
-3471
-3441
-3400
-2874
-2319
-2124
-2375
-3125
-4049
-4805
-5294
-5818
-6005
-6539
-6049
-5009
-3876
-2281
-1279
-522
226
566
924
1057
389
-268
-1030
-1344
-894
-235
461
797
885
762
475
148
-480
-1585
-2816
-3688
-4024
-3907
-3281
-2628
-2417
-1850
-1311
-869
-335
-299
-755
-1348
-1540
-1216
-435
482
1272
1754
2098
2718
3060
3106
2716
1417
62
-895
-1432
-1557
-1268
-1022
-492
251
1213
2407
3096
3481
3149
2691
2312
2381
2336
2447
3008
3181
3895
4769
5479
5853
6092
5690
5075
4670
4359
4055
3517
3286
3119
3351
3386
3322
2505
1048
73
-1045
-1547
-1749
-2202
-2627
-2877
-3051
-2692
-2196
-2293
-2609
-3636
-4919
-5994
-6522
-6573
-6373
-6089
-5435
-4171
-2942
-1473
-552
-288
-211
-567
-733
-662
-984
-1265
-1335
-1340
-537
675
1478
2154
2216
1622
691
-346
-1181
-2271
-3335
-4222
-4380
-3961
-3259
-2300
-1885
-1533
-1251
-1416
-1263
-1192
-1736
-1978
-1702
-1230
-128
1340
2381
2990
3365
3205
2689
2404
1622
420
-772
-1727
-2056
-1811
-1028
-183
499
1168
1872
2216
2528
2527
2093
1603
1070
1056
1295
2010
2773
3533
4438
4978
5499
5450
5347
4711
3876
3298
2527
2617
2767
2958
3645
4295
4808
5475
5226
4385
2954
1099
59
-797
-1284
-1518
-1903
-2173
-2109
-2406
-2675
-2802
-3753
-4941
-6271
-7698
-8013
-7921
-7389
-6318
-5462
-3868
-2572
-1897
-798
-472
-503
-352
-457
-36
301
550
716
1209
2033
2533
3051
3295
2579
1600
442
-1345
-2425
-3470
-4495
-5092
-5335
-5189
-4895
-4479
-3932
-3490
-3228
-2720
-2312
-1977
-1327
-850
-255
908
1699
2502
3208
3320
3185
2761
2268
1765
1094
639
196
-421
-533
-574
-560
-119
309
562
775
886
895
1046
1097
1189
1377
1730
2208
2687
3427
4004
4592
5033
5021
5091
4818
4497
3936
3357
3327
3289
3491
3972
4560
4856
5197
5170
4810
4065
2704
1223
-89
-699
-1063
-1317
-1746
-2174
-2606
-3104
-3668
-4243
-4791
-5623
-6726
-7653
-7669
-7206
-6362
-5307
-4496
-3442
-2351
-1797
-1227
-783
-718
-545
-244
293
970
1338
1584
1965
2272
2519
2583
2361
1691
661
-500
-1550
-2326
-3379
-4232
-4841
-5321
-5220
-5196
-4911
-4146
-3853
-3248
-2594
-2028
-1213
-794
-259
232
894
1428
1730
2198
2386
2392
2197
2056
2152
1967
1809
1579
1091
907
765
497
476
692
736
669
670
696
635
688
826
1019
1342
1706
2172
2586
3147
3352
3388
3808
3720
3556
3482
3456
3240
3666
4299
4523
5278
5522
5829
5926
5920
5705
4941
3818
2295
757
-225
-736
-1282
-1608
-2259
-2917
-3429
-3916
-4812
-5535
-6202
-7044
-7598
-7929
-7569
-6958
-6388
-5397
-4292
-3357
-2255
-1827
-1664
-1266
-1080
-546
286
890
1540
2089
2458
3065
3592
3765
3526
2927
1718
382
-822
-1825
-2764
-3933
-4881
-5523
-5575
-5336
-5137
-4686
-4182
-3938
-3378
-2657
-1914
-1343
-1211
-910
-508
233
974
1591
2209
2550
2757
2902
3180
3454
3239
2841
2377
1843
1399
999
829
577
425
328
183
317
322
155
207
148
403
558
668
1058
1300
1801
2109
2800
3152
3314
3462
3463
3756
4149
4648
5136
5918
6139
6312
6375
6426
6093
5742
4895
3715
2502
651
-193
-999
-1540
-2024
-2523
-3240
-3744
-4347
-5159
-5460
-5835
-6457
-7162
-7281
-7209
-6607
-6377
-5669
-5052
-4440
-3398
-2941
-2306
-1731
-1441
-800
367
1249
2263
2845
3239
3361
3370
3400
3264
2914
1790
756
-351
-918
-1441
-2380
-3057
-3640
-4260
-4400
-4294
-4269
-4001
-4188
-4026
-3608
-3166
-2717
-2451
-2230
-1997
-1391
-551
547
1435
2011
2514
2834
3264
3728
3551
3292
2777
2128
1807
1611
1710
1654
1599
1609
1512
1480
1248
593
35
-672
-1176
-1213
-1202
-940
-806
-368
126
835
1584
2195
2735
3055
3723
3926
4624
5266
5524
5815
5912
5931
5924
5995
5729
5592
5249
4990
4292
3507
2393
1222
513
-207
-831
-1592
-2270
-3150
-3873
-4445
-4902
-5306
-5846
-6634
-7201
-7558
-7493
-7456
-7372
-6954
-6776
-6018
-5227
-4354
-3135
-2254
-1427
-346
481
1611
2308
2461
2695
2532
2737
3009
3069
2957
2712
2398
2099
1903
1447
683
-322
-1634
-2456
-3033
-3440
-3549
-4119
-4216
-3965
-3690
-3032
-2682
-2419
-2108
-2169
-1713
-1076
-615
-289
-141
103
499
1300
1895
2464
2847
2938
3207
3613
3943
4027
3664
3222
2732
1861
1282
766
13
-642
-1014
-1371
-1188
-889
-875
-868
-761
-681
-532
-242
-394
-180
105
628
1363
2126
2729
3232
3629
3643
4119
4417
4620
4857
4913
4896
5106
5303
5424
5385
5157
4865
4132
3352
2287
1302
544
-379
-1164
-1517
-1899
-2519
-2885
-3464
-4016
-4357
-5012
-5518
-5969
-6419
-6419
-6357
-6332
-5799
-5457
-4942
-4306
-4017
-3586
-3287
-2904
-2441
-1946
-1437
-995
-548
-234
-25
447
841
991
1115
1253
1306
1467
1713
1766
1982
1953
1787
1896
1757
1605
1524
1224
790
393
42
-366
-682
-1091
-1482
-1612
-1553
-1299
-1127
-989
-750
-811
-752
-679
-693
-700
-900
-1088
-934
-481
-213
493
676
862
984
1172
1016
852
797
145
-9
-281
-228
-331
130
440
736
1145
1377
1737
1788
1924
1930
2158
2576
2955
3444
3354
3468
3542
3185
3028
3085
2684
1774
1803
1388
965
1470
1458
1005
1121
781
215
202
-114
-402
-334
-547
-522
-471
-510
-327
-204
-132
-108
48
189
360
285
365
231
199
-39
-781
-1204
-1766
-2565
-3291
-3664
-4252
-4667
-4785
-5032
-5003
-4961
-4877
-4751
-4562
-4261
-3890
-3461
-3044
-2487
-1943
-1450
-789
-68
468
1174
1821
2238
2788
3214
3561
3834
3719
3528
3255
2942
2551
2274
1887
1623
1308
817
644
317
17
-488
-996
-1674
-2357
-2775
-3481
-3757
-3729
-3955
-3807
-3331
-3052
-2736
-1938
-1346
-868
95
712
893
1928
2242
2311
3107
3473
3626
4406
4164
4001
4736
4100
3972
4018
3518
2525
2570
1761
1077
1250
725
447
68
81
-602
-734
-830
-1596
-1999
-1803
-2228
-2348
-1556
-1827
-1112
-583
-460
185
567
633
620
580
548
632
731
1008
755
1029
1083
1052
1344
1187
1244
906
640
633
424
234
226
-20
-441
-550
-987
-1186
-1528
-1929
-2154
-2312
-2296
-2392
-2199
-2091
-1976
-1905
-1784
-1635
-1793
-1842
-1898
-1910
-1623
-1065
-767
-144
512
659
1155
1338
1536
1546
1211
940
470
-10
-431
-652
-1008
-1149
-1460
-1404
-1340
-1539
-1162
-973
-902
-682
-460
-423
-246
-188
33
93
157
558
599
871
1068
1134
1454
1602
1858
1523
1780
1451
1273
1159
621
1049
407
1045
473
388
525
70
-312
-492
-302
-986
-537
-479
-380
-100
674
657
719
1502
1105
683
1116
612
114
329
197
63
190
52
247
257
-28
330
461
332
228
382
12
21
364
177
108
21
-255
-104
-332
-346
123
-9
331
651
416
518
624
224
-41
13
-340
-859
-548
-585
-695
88
669
752
1316
1767
1298
1171
1069
174
-744
-993
-2035
-2701
-2788
-3121
-2970
-2820
-2261
-2066
-1744
-1479
-1507
-1206
-1331
-1205
-1066
-980
-655
-523
-305
296
519
793
1314
1245
1327
1360
1241
1126
1367
1168
986
1399
1139
947
919
845
526
252
414
80
-406
-47
-498
-793
-289
-440
-447
-37
-357
-181
0
126
360
407
676
157
389
-9
-5
-141
-414
-3
-433
176
264
318
858
976
965
933
1665
993
776
1393
476
621
1101
753
773
1473
753
897
1268
725
1397
598
926
534
-203
316
-717
-787
-682
-1132
-1228
-1188
-951
-961
-565
-434
-85
-323
-83
-305
-1121
-1232
-1755
-2052
-2663
-2096
-2658
-2341
-1357
-1657
-920
-236
103
30
603
499
189
531
16
53
278
217
304
534
703
471
893
766
730
854
695
563
235
202
-120
-265
-423
-640
-997
-898
-1141
-1044
-957
-1043
-789
-717
-404
-369
-321
136
168
233
612
643
678
680
762
672
788
742
696
454
289
75
209
2
156
58
208
303
94
590
323
554
253
366
43
-136
472
-181
431
540
473
1043
685
1289
862
994
1288
937
1112
1095
1297
1180
1310
1187
1239
1589
589
1454
815
307
1014
182
208
48
161
-1436
-540
-1830
-2378
-1721
-3031
-2921
-2956
-2985
-3274
-2001
-2509
-2185
-1414
-1855
-1885
-1342
-1694
-1787
-1151
-1834
-1091
-962
-886
-40
-353
455
119
355
523
375
51
343
116
-292
364
-232
221
376
-409
120
175
-726
643
-217
-184
386
299
23
718
609
153
904
-173
66
200
-425
27
-287
-347
137
-60
302
447
536
690
1077
927
1088
1673
1295
1377
1935
1296
1707
1914
1631
1728
2009
1474
1742
2153
1203
1914
1842
1228
1420
1430
734
669
755
530
16
862
467
328
1014
49
776
187
92
201
-602
143
-534
-775
-146
-541
-823
-149
-653
-822
-368
-1130
-663
-1142
-639
-1046
-594
-402
-978
-417
-734
-409
-925
-364
-1042
-1102
-535
-1579
-1125
-903
-1341
-1470
-806
-1465
-1717
-589
-2127
-1337
-1155
-2070
-1155
-1235
-1779
-1235
-550
-1764
-536
-606
-777
-385
13
-340
40
553
-100
464
332
348
-147
686
-364
-276
390
-831
-20
-58
-283
-286
249
-195
-376
470
-520
29
131
-83
-50
313
418
-87
874
779
645
1498
1304
1026
1950
1581
1595
2393
1813
2140
2432
2022
1683
2657
2031
2006
2838
1734
2747
2065
1891
2325
1599
1563
1309
1039
358
770
150
22
338
-381
73
-518
-222
-488
-737
-671
-923
-774
-1274
-800
-861
-874
-797
-342
-786
-16
-269
-602
145
-340
-608
-29
-517
-1002
-332
-1176
-826
-1008
-874
-816
-1282
-404
-1395
-760
-429
-1392
-319
-860
-891
-704
-638
-855
-754
-617
-811
-1022
-596
-983
-1143
-561
-1700
-1127
-1333
-2219
-1298
-1977
-2177
-1568
-1741
-2081
-1150
-1184
-1816
-294
-1487
-714
-637
-935
-330
-483
-78
-14
619
305
1065
883
1218
1267
1094
1652
1021
1708
1271
1210
1801
1059
1714
1387
1713
1560
1439
1694
1335
1536
965
1794
1021
1163
1222
766
899
315
732
323
316
673
196
580
480
335
358
453
-91
177
201
-456
492
-504
507
345
272
948
690
923
695
1117
8
1030
190
-96
569
-607
137
-364
-196
-433
-193
-436
-310
-378
-545
111
-1049
414
-712
-11
-144
-368
623
-1154
846
-300
-454
433
-498
-68
-495
-177
-884
-822
-575
-1505
-1013
-1143
-1503
-1565
-964
-2042
-1333
-1274
-2018
-1301
-1467
-1852
-1529
-1173
-2058
-1148
-1158
-1759
-653
-1215
-623
-357
-920
264
-391
44
322
194
442
931
283
1159
942
693
1269
762
1095
1084
1235
961
1306
1121
1139
1309
1005
1028
1102
711
818
496
581
533
208
376
-132
156
-233
-428
-62
-648
-485
75
-912
36
152
-630
858
-39
179
908
-146
614
342
182
294
79
233
-10
83
-130
691
-295
540
615
-97
1007
114
411
664
97
279
463
149
113
668
215
372
620
345
365
364
415
-54
299
-202
-138
-581
-499
-371
-1317
-344
-1000
-1016
-755
-565
-975
-663
-17
-1359
51
-665
-680
-279
-420
-196
-787
180
-556
-88
-151
-339
271
-142
55
259
15
137
100
206
-115
61
-210
-175
-304
-324
-174
-483
47
-745
243
-33
-409
609
-398
164
-4
-211
-8
73
-265
194
60
-240
765
-467
842
188
287
711
362
542
573
814
136
1091
-11
437
725
-380
790
74
175
283
66
70
-22
304
-435
549
-244
111
519
-219
210
77
-86
-260
65
-455
-15
-99
-338
482
-654
696
88
-21
699
-46
244
43
92
-528
308
-715
-430
-525
-638
-789
-758
-481
-1187
-274
-812
-461
-476
-300
-467
-849
309
-903
-193
85
-468
-134
79
387
-174
955
473
283
781
869
224
823
1071
74
1270
367
562
753
656
480
871
932
-2
1529
222
394
1079
-27
658
107
137
-47
-21
-245
-179
-246
-360
-302
-378
-1
-556
41
-409
-507
-357
-490
-606
-721
-266
-1157
-400
-210
-959
207
-244
-115
92
544
114
461
829
99
816
649
558
612
699
770
272
836
415
342
825
-252
530
367
-98
335
304
-118
477
125
-405
597
-678
-476
54
-1008
-602
-568
-1086
-810
-1080
-993
-968
-1152
-1053
-930
-1253
-984
-921
-1213
-995
-1002
-1243
-678
-1132
-764
-364
-870
314
-420
312
315
161
249
645
323
308
933
-125
502
510
-92
698
292
513
528
496
700
329
778
283
530
456
256
359
206
33
365
174
337
627
384
527
797
200
434
678
-219
303
-60
-396
-180
-351
-390
-391
-282
-125
-352
123
78
-35
335
241
307
343
303
75
389
122
5
624
202
143
631
188
422
335
307
301
304
80
221
309
-268
335
174
-296
517
137
-320
587
-153
85
167
243
-338
226
-201
-644
134
-616
-344
-786
-167
-1030
-733
-437
-1158
-809
-646
-1160
-698
-852
-1250
-288
-1192
-744
-238
-933
-580
-176
-924
-348
-104
-762
-163
-128
-589
-21
-218
-338
-81
-144
-54
-105
120
-32
-48
309
-28
4
588
319
259
619
764
111
1149
418
453
1003
441
360
479
196
-60
-163
-325
-218
-818
-88
-740
-595
-147
-275
82
-2
278
267
86
324
571
16
478
1060
59
1195
1021
721
1501
921
1094
1392
681
1128
827
647
912
573
669
387
609
225
402
244
260
178
190
35
39
40
-52
19
-156
-103
-535
-314
-296
-734
-392
-404
-927
-512
-652
-774
-413
-1064
-236
-612
-952
76
-626
-577
-73
-652
-283
-29
-543
144
-264
-260
-39
63
-172
223
-80
-107
-113
-526
-382
-464
-587
-667
-643
-455
-590
-569
-273
-175
-459
38
271
-366
444
-107
278
-33
271
284
169
65
328
-100
-71
5
-365
-130
-238
-199
-455
226
-500
80
-417
-3
-196
-519
166
-341
-58
110
189
38
767
182
484
725
552
478
829
552
507
699
218
752
56
644
329
415
743
246
703
557
625
482
587
816
365
740
454
789
401
599
613
145
577
70
261
-173
133
-463
-28
-403
-598
-305
-817
-400
-676
-211
-565
-277
-487
-112
-473
-222
45
-499
140
-296
-310
52
-320
-151
63
-597
-2
-533
-619
-397
-786
-697
-446
-910
-552
-312
-718
-81
-167
-317
164
-30
-36
381
18
265
374
11
412
65
-62
373
-222
68
82
-204
-132
-259
-427
-212
-526
-693
-253
-830
-445
-543
-625
-205
-519
-232
-84
-175
-73
166
159
116
298
322
191
175
156
149
47
312
77
175
624
-21
610
541
81
774
385
405
839
384
681
805
648
880
979
817
611
1021
190
546
539
-108
452
65
-88
1
-134
-284
-256
-197
-236
-226
-181
-74
-37
-155
287
-166
155
296
-138
384
200
-41
318
328
-69
359
154
-215
61
-394
-430
-302
-611
-511
-588
-573
-733
-600
-435
-716
-331
-520
-475
-259
-464
-68
-166
-87
-115
46
107
-99
317
50
19
322
-254
160
-86
-256
119
-222
-160
-118
-278
-342
31
-630
109
-97
-206
313
-120
125
174
24
74
228
-142
101
-182
-131
-83
-396
-34
-182
-219
104
-260
-46
-61
-211
118
18
234
390
276
557
552
463
637
512
553
464
377
412
352
348
240
277
207
188
116
72
65
121
-65
-35
212
-320
133
-45
-53
135
-110
363
160
211
403
195
216
548
142
171
559
-79
234
259
-210
103
-76
-236
-164
-230
-406
-248
-298
-287
-144
-256
-113
-260
-219
-36
-339
-113
-90
-387
-23
-284
-417
-117
-234
-522
-39
-507
-501
-164
-549
-182
-390
-101
-313
-293
-155
-361
19
-120
212
204
200
528
202
488
345
57
387
96
87
140
78
165
75
15
-9
-300
-70
-199
-403
45
-218
-128
68
-77
84
201
54
320
97
167
233
158
125
181
213
102
284
-56
36
59
-183
-135
14
-13
26
40
80
-21
77
-116
85
17
-185
129
-81
69
191
131
97
153
101
3
153
44
-14
-16
74
-123
-23
56
-280
70
-165
-64
-103
-86
148
-91
232
151
37
283
78
46
82
117
26
151
-17
-83
27
-306
-122
-225
-326
-283
-312
-359
-380
-419
-545
-416
-316
-315
-110
-143
-127
17
-105
-98
36
-9
49
141
128
184
196
194
251
363
-35
100
232
-142
48
19
-170
-101
-223
-214
-90
-324
-81
-150
-32
7
-114
128
8
110
127
142
80
-113
72
-50
54
87
30
323
-4
6
158
-15
63
74
-114
3
-48
-132
21
-72
19
47
78
228
-146
42
28
-60
75
-32
151
-16
83
147
-10
236
193
-37
-1
-7
-198
-133
156
-95
127
196
-82
195
9
4
187
-80
141
-12
-137
215
-58
-42
87
-201
-71
-208
-240
-239
-295
-168
-268
-158
-179
-142
-238
-222
-158
-242
-266
-194
-322
-166
-111
-56
182
76
84
93
59
41
219
206
235
178
107
228
138
144
119
118
81
-60
45
2
-74
96
-9
-107
48
-143
-101
71
-119
14
38
-38
85
67
32
161
139
189
186
74
6
124
102
-4
265
-11
123
124
-20
142
-227
-17
-79
-126
190
-2
48
37
16
30
15
182
119
23
201
131
73
137
135
214
83
203
132
80
318
40
29
46
-39
-8
-44
87
-5
-70
71
-71
-76
-112
-188
-109
-105
22
-14
36
-181
-78
-134
-357
-186
-379
-331
-271
-383
-310
-206
-283
-306
-185
-272
-242
-80
-82
37
-8
-77
86
62
127
198
124
181
165
142
245
133
67
155
36
125
79
-61
-74
-163
-141
-123
-73
78
-73
-64
3
-68
34
85
55
163
178
204
277
253
189
83
88
52
249
162
188
92
-133
-43
-186
-33
29
-76
79
-103
-71
-28
-134
-40
24
-45
103
198
55
81
131
133
265
297
269
411
215
240
321
161
269
178
113
172
44
92
39
34
47
27
47
60
2
-7
0
-127
-37
-85
-245
-172
-231
-279
-179
-204
-211
-70
-178
-171
-119
-327
-120
-38
-146
21
-17
-172
-112
-170
-246
-173
-271
-243
-175
-200
-160
-199
-51
-86
-174
-50
-183
-241
-269
-314
-280
-240
-201
-10
37
42
100
14
-51
-124
-142
-61
175
249
284
305
64
37
-13
-75
92
108
55
46
10
-188
-101
-112
-43
59
59
45
-42
53
-108
-41
20
-32
207
132
153
226
136
170
121
119
188
191
233
319
269
317
191
139
161
50
-2
29
86
64
209
114
205
220
12
102
-39
90
205
104
137
47
-65
-107
-39
-3
103
143
-65
-104
-159
-258
-56
45
94
255
109
28
-3
-127
-88
-126
-1
91
64
61
30
-88
-56
-75
-66
-51
-177
-258
-367
-324
-259
-183
-75
-28
-93
-163
-332
-321
-336
-209
-102
-7
221
58
1
-64
-222
-128
-93
-61
14
19
-84
-128
-76
-173
-141
-166
-172
-184
-224
-224
-239
-214
-176
-159
-60
-83
-84
-39
-96
-15
-64
-29
46
68
125
217
251
231
200
161
119
60
109
52
136
181
223
303
254
266
88
92
101
-10
186
168
161
247
88
107
112
-21
34
39
-69
19
5
16
104
4
-42
31
-103
-58
77
71
169
82
25
76
32
1
137
198
146
250
184
77
20
-43
19
46
121
57
60
35
-132
-100
-97
-97
-83
-79
-92
-61
-15
-97
-3
-93
-88
25
-46
74
64
24
29
-21
-54
-19
-43
-72
-114
-190
-146
-168
-178
-172
-162
-113
-122
-141
-240
-123
-183
-205
3
-138
-37
-48
-154
11
-18
-41
70
-7
14
41
-45
80
20
-4
112
60
61
41
27
4
15
19
7
79
52
48
0
-14
10
98
176
159
165
114
79
77
88
89
114
47
62
46
7
29
19
50
28
57
45
27
2
-6
24
59
167
99
95
125
-6
-20
-35
-51
9
44
-21
26
23
18
36
-9
43
-46
-65
-47
-90
-59
-19
-36
-2
11
-30
-37
-47
-56
-84
-61
-42
9
73
68
79
12
-44
-107
-189
-160
-161
-121
-73
-42
-4
15
12
-21
-37
-77
-127
-104
-98
-36
39
79
145
139
112
48
8
-26
-73
-60
23
29
41
69
43
67
75
32
6
7
-90
-96
-108
-119
-17
5
85
70
91
80
10
2
-85
-83
-72
-14
24
101
68
29
33
-40
-30
-61
-45
-45
-12
28
92
119
71
93
71
65
25
52
71
20
15
28
