SAMPLES:	11459
BITSPERSAMPLE:	16
CHANNELS:	1
SAMPLERATE:	16000
NORMALIZED:	FALSE
23
30
31
31
27
19
16
12
12
10
8
5
0
0
5
10
10
7
8
14
18
22
23
30
37
39
36
29
31
33
33
32
24
26
26
36
35
26
16
7
23
27
34
29
25
35
35
36
20
3
0
-12
-10
-14
-31
-32
-42
-33
-34
-23
-13
-19
-6
-13
-9
4
17
28
28
26
26
26
30
28
20
18
4
18
20
8
-13
-28
-14
-17
-11
-9
-6
3
-9
-5
-5
2
12
16
27
20
18
24
25
33
29
12
14
16
26
26
18
20
10
19
9
17
18
5
13
20
31
24
8
11
19
39
43
22
18
10
26
36
39
31
12
15
4
-3
-10
-18
-13
-9
8
4
-1
6
10
32
19
34
34
38
55
45
63
37
33
22
10
10
-29
-9
-31
-29
-23
-53
-16
-32
1
-7
-16
18
-6
39
15
33
43
17
54
28
60
20
-2
12
-5
34
-8
-7
-17
-22
20
0
15
-12
-12
5
14
30
6
-13
-7
4
34
11
-26
-17
-42
3
-2
24
-1
-15
21
-6
25
1
16
7
21
46
17
34
19
19
26
16
27
-2
14
16
24
13
-14
-10
-23
-16
-17
-6
-11
-12
-27
-32
-44
-34
-25
-18
-18
-6
-15
-3
11
24
36
1
6
-19
19
-1
0
-6
-28
-15
-33
-22
-48
-62
-72
-74
-58
-57
-27
-39
-9
-4
-2
23
5
15
-24
-10
-6
6
7
-46
-44
-47
-42
-23
-43
-41
-62
-31
-1
-27
11
-31
-13
-22
-23
-22
-39
-19
-34
-31
-24
-52
-57
-69
-84
-44
-68
-70
-73
-83
-58
-69
-55
-39
-52
-15
-40
-11
4
2
44
-19
35
-14
-5
9
-16
33
-26
15
-57
-7
-17
-58
5
-96
-8
-63
-21
-34
-69
7
-80
31
3
-33
15
-63
6
-33
1
5
-29
58
-15
43
1
11
11
20
42
32
42
8
36
-10
54
22
47
57
12
53
-16
30
-5
-13
24
-56
23
-57
-12
-32
-20
6
-19
23
-10
3
9
32
19
24
30
6
22
55
27
49
17
33
-9
60
22
0
31
-59
34
-53
33
-86
-37
-62
-62
-25
-85
-32
-81
-34
-50
-43
-15
-42
-22
-19
-19
1
-17
3
-19
10
-30
-37
-45
-26
-28
-18
-61
-15
-50
-35
-31
-75
7
-83
28
-42
12
3
-56
34
-69
72
-38
36
-23
-15
-38
-28
25
-26
71
-47
50
2
23
62
-27
100
33
119
88
53
88
-12
79
6
48
35
13
29
10
23
-20
3
-40
-39
-1
-83
-2
-99
-18
-57
-37
25
-40
59
1
31
72
31
108
22
48
49
36
126
19
115
16
64
62
15
110
-18
139
-54
48
18
-22
118
-67
156
-24
79
63
-57
114
-39
134
-17
50
40
-56
101
-56
91
45
24
51
-18
91
-32
48
51
-16
139
-50
113
-67
28
-16
-12
77
-47
75
-100
-3
-53
-78
43
-19
20
-39
-61
-13
-82
51
6
-3
109
9
97
-5
61
39
-17
213
25
179
53
46
99
9
171
-43
142
-11
36
58
12
49
8
123
-34
168
-20
124
21
35
55
-38
131
-100
107
-80
8
-9
13
73
-8
25
-53
49
20
69
52
26
-7
80
49
92
111
-29
77
-31
100
41
29
47
-111
3
-55
-27
-27
-64
-17
-45
-51
7
-123
20
-81
8
-16
-28
88
-106
117
-90
122
27
25
97
-116
52
-147
31
-57
-36
20
-71
19
-94
-16
-138
-115
-3
-60
56
-48
-56
-128
-36
32
-80
104
-103
31
-83
49
-22
-15
89
-77
102
28
14
10
-71
43
15
61
55
-11
35
-126
104
-141
167
-16
33
-36
-50
116
-167
203
-161
10
36
-114
58
-110
44
-102
-80
65
-85
59
-52
-42
32
-15
115
-26
73
9
60
67
28
50
26
30
-90
41
-37
-112
-73
-40
-94
-63
-25
-177
-115
-56
-153
-34
-28
-78
-79
-73
-69
-164
0
-73
-15
2
-160
17
-168
17
-29
-54
-28
-83
32
-171
134
-132
-23
50
-134
12
-46
34
-182
69
-38
-129
84
-163
18
-25
9
-47
-135
60
-123
37
0
-46
-93
-119
17
-77
4
12
-62
23
83
12
11
-1
20
-77
190
-65
-4
-62
-102
41
-70
239
-269
58
-116
-133
35
-128
165
-163
161
-84
2
86
-84
118
-31
199
20
29
44
-40
98
-120
73
17
-12
9
-105
85
-184
153
-104
52
-104
-70
-70
-174
221
-221
43
-113
-65
51
-43
82
-82
35
75
-94
261
-32
58
31
-63
223
-25
214
-29
54
27
57
153
-110
129
-61
108
-15
70
46
-179
153
-205
78
-141
-83
-112
-174
107
-270
128
-181
-32
-51
-34
21
-97
77
-229
177
-8
43
77
-15
-31
45
126
44
45
9
69
-121
194
-37
49
-101
40
52
-187
242
-257
-45
-153
-20
35
-67
203
-218
42
-135
-29
19
-67
183
-135
9
117
-28
120
-162
190
-219
150
172
-99
207
-326
137
-186
202
-51
187
-15
-91
42
-101
147
-47
39
-71
20
191
-33
83
-13
-65
102
-80
297
-40
120
-30
104
201
81
230
44
189
172
101
197
52
152
0
-23
151
-113
235
-202
187
27
-65
87
22
96
-120
151
-285
9
121
16
-7
52
22
-108
148
236
-12
234
134
100
170
112
344
-30
224
94
27
199
-110
124
76
45
228
-7
301
-12
259
31
9
142
16
200
-109
88
-219
36
-171
-46
10
-223
86
-252
-61
-179
8
43
70
270
-136
101
-160
-2
-126
-54
80
-152
82
-310
-53
-338
22
1
-166
141
-187
54
-293
-75
-187
-129
-122
-183
-4
-203
-40
-3
-96
7
-114
-53
-54
37
-48
14
162
2
202
-37
12
-25
101
-118
-76
16
-116
155
-150
112
-223
-53
100
-83
406
-13
197
-23
-3
156
-254
390
-325
-119
211
-265
329
-140
320
-220
107
298
-262
472
-99
87
-37
51
40
44
159
-22
24
-19
-116
-20
-78
-160
14
8
-59
62
-104
-245
-88
-46
105
-67
44
-154
-212
170
27
287
109
101
-74
-201
146
-97
404
52
-23
98
63
-96
19
8
-213
-59
127
-14
-92
86
-187
-3
-81
-65
-43
65
-189
85
107
-243
168
-175
-26
-246
-9
-225
-112
288
-332
104
-147
-221
-242
-222
58
-241
264
-158
-95
-124
-209
65
-302
146
-223
273
-208
-11
-134
-417
111
-124
179
-225
-161
-256
-197
312
-214
-7
-76
-311
327
-74
267
-170
-31
-78
-129
341
-140
86
-70
-48
56
-108
-50
-33
-27
-165
145
-273
-122
183
-151
141
-262
184
-213
91
82
-177
138
-263
150
-70
-18
195
-3
175
-290
164
-166
123
347
-63
154
-217
168
-142
138
202
-227
51
-23
18
78
-77
219
-231
-32
253
-151
-80
-214
-56
-1
-212
348
-85
-36
136
-13
250
-136
30
-2
-316
215
9
137
29
-78
272
-147
446
-171
-199
31
134
420
-17
96
-673
-210
126
-144
226
89
-92
-288
-157
204
-13
262
-8
-164
-46
161
390
96
15
-83
-47
168
213
12
-63
140
-77
111
332
99
33
-2
336
-10
163
385
-264
39
-70
-155
122
-278
72
-195
224
171
-128
368
-454
265
133
-132
164
-260
-103
-147
79
281
-138
-38
-192
76
169
6
13
-599
-48
136
103
96
-163
97
-503
376
151
-81
-36
-415
-187
-383
607
-120
-441
-3
-347
-235
472
188
-289
308
192
-452
360
76
-266
1
385
-118
56
600
-37
33
379
-202
336
0
133
-10
-217
414
-323
229
-68
108
495
44
471
106
-233
46
-243
221
-216
243
148
-356
566
-171
537
56
-83
46
-104
330
-203
424
-217
-11
-273
-157
233
-271
357
-287
107
-19
-235
7
-574
478
-420
337
-61
-405
156
-432
402
-279
321
-228
-314
95
-664
758
-170
391
-89
-255
411
-512
884
-509
148
-97
-262
442
-457
853
-627
63
36
-45
425
-485
181
-926
-231
179
-114
434
-425
-52
-343
-73
322
-149
509
-167
361
11
244
237
-74
-46
-153
443
10
369
-106
-57
-13
-239
441
-65
138
-205
78
317
-417
448
-375
174
-204
247
154
-214
205
-744
407
-329
209
23
-317
-41
-328
772
119
-93
-17
-574
416
317
746
89
-203
-340
-567
418
-127
157
-259
-255
-322
532
503
-338
250
-605
293
-50
-160
-63
-670
77
-691
166
307
-218
353
-229
317
-90
158
-131
-527
576
-479
230
-134
31
44
319
725
-199
548
-171
-104
42
122
-183
-473
-490
-190
194
-28
520
255
-171
67
18
214
-362
218
-590
-594
225
-334
-98
-339
-77
-54
323
638
385
515
368
-57
-202
-33
-206
-72
-352
-491
-259
-60
366
56
421
-6
85
501
-112
-270
-179
-380
-681
-387
-204
11
103
84
-74
48
198
-63
-155
-123
259
-191
92
322
154
298
-314
276
-280
50
26
-10
304
-746
86
-327
-23
359
-31
301
-142
131
-103
214
334
-283
-72
-610
36
-167
-98
-33
-58
200
-417
440
-355
-220
148
212
239
206
669
62
354
-150
222
-332
-447
-203
-524
324
85
492
-287
-17
378
-121
353
-373
-232
-572
-55
-69
-288
194
-278
135
65
237
210
-12
-102
-427
114
326
106
116
-75
-280
463
635
160
-145
2
-83
-473
503
214
-156
374
-101
109
-79
368
83
-371
200
-632
118
-105
299
468
-243
400
-6
-120
150
384
225
-279
322
-153
-208
574
156
230
80
95
315
223
437
42
-10
-302
-328
16
-247
-125
210
-74
177
220
56
-165
-382
-166
-380
-324
-420
-360
-110
-78
475
394
204
221
-201
-59
-317
-62
-288
-228
4
-185
-175
-24
312
-26
148
339
221
125
186
-227
-719
-255
-288
-490
-360
233
-229
172
175
-134
355
237
225
-62
129
-131
-175
-222
-258
-53
137
333
183
420
320
164
-206
-23
-119
-423
185
-25
129
286
64
-201
27
114
-128
159
-114
-367
-475
-271
-91
42
354
27
95
-134
280
352
133
-76
-304
-110
124
273
439
69
-213
-225
-71
331
260
363
-340
-56
79
82
170
-40
28
118
187
125
-189
-16
-201
-213
-140
-122
-181
-508
-226
-112
130
351
287
17
443
-38
112
216
-215
-197
-222
-59
-820
-593
-388
-513
-84
9
52
386
666
479
256
453
22
218
103
96
-98
-211
107
-458
276
327
326
594
230
574
95
273
234
-140
425
131
233
244
-26
-121
-424
-194
-641
-419
-124
-338
-184
-483
-539
-457
-33
-76
-185
141
-342
-77
124
222
421
265
269
-239
2
-67
-209
-230
-156
-218
43
32
406
500
256
412
35
217
94
272
146
-286
92
-310
-206
-218
-93
-424
-580
175
-452
-172
-304
-375
-373
-209
623
199
592
70
-246
-74
-141
158
-145
-147
18
144
328
173
-141
-185
-127
246
413
341
231
-147
-335
-496
-212
114
-191
39
-108
-197
-14
-208
-530
-632
-616
-210
-178
-95
-174
-40
155
28
716
272
140
170
-8
68
112
61
-502
-493
-515
-147
347
510
521
262
499
358
-3
53
-122
-286
-363
49
98
29
7
-146
174
720
455
581
391
27
-92
320
348
30
544
171
156
197
158
8
-30
312
105
432
287
34
99
229
-8
-186
173
-274
-380
-496
-304
-356
-362
80
-128
444
12
-192
-59
-109
58
38
71
-470
-282
-270
-356
145
153
7
-182
-112
-63
-97
-25
-593
-255
-519
-374
-233
-262
-100
-516
-425
-363
-216
4
-130
-55
-242
-446
-152
-341
-159
-513
-705
-388
-423
82
197
183
604
627
901
790
961
801
520
393
47
185
74
20
97
-3
254
451
513
353
367
547
385
269
50
60
11
43
31
9
-51
-114
-198
-303
27
89
-7
80
199
265
396
698
632
757
684
432
332
255
117
-350
-409
-580
-217
-29
124
274
263
95
5
452
289
142
-101
-412
-302
-174
12
-5
-209
-323
-293
-118
-102
178
43
-43
-106
-103
-51
-57
2
-218
-62
-199
-256
-343
-612
-433
-609
-526
-503
-438
-435
-424
-181
-417
-414
-319
-425
-573
-553
-486
-626
-785
-672
-568
-374
-290
-242
-26
138
47
-77
146
106
119
104
-10
91
257
215
25
32
120
3
199
130
170
271
185
132
179
493
122
274
227
327
327
199
365
242
507
600
728
1053
806
961
986
993
927
754
923
635
597
528
655
737
689
736
847
819
781
799
602
372
140
-112
-215
-356
-444
-628
-619
-620
-761
-633
-653
-591
-647
-583
-635
-691
-781
-1096
-1196
-1461
-1338
-1641
-1583
-1680
-1912
-1678
-1856
-1685
-1726
-1590
-1394
-1429
-1152
-1393
-1414
-1552
-1705
-1604
-1730
-1601
-1839
-1634
-1626
-1603
-1255
-1280
-1031
-1138
-959
-713
-559
-50
-141
135
180
236
538
656
885
798
1078
1170
1409
1733
1837
2001
1887
1993
2034
2361
2606
2707
2636
2641
2984
3114
3667
3703
3735
3415
3378
3547
3374
3745
3145
3355
2996
3142
3137
3228
3534
3169
3457
3073
3427
3211
3312
3125
2484
2597
1750
1942
1062
861
208
-676
-731
-2169
-2051
-3402
-3943
-4708
-5536
-5430
-6681
-6381
-7317
-7321
-7488
-7858
-7280
-7756
-7089
-7458
-7340
-7020
-7034
-6355
-6564
-5891
-5726
-5365
-4753
-4529
-3494
-3251
-2411
-1816
-1200
-415
-121
493
763
1313
1675
1745
2021
1959
2083
2053
2109
2207
2167
2211
2233
2511
2756
2987
3249
3452
3706
4131
4448
4697
4796
5059
5094
5068
5090
4844
5064
4877
5026
4811
5241
5383
5460
5862
5471
5927
5534
5518
5681
5168
5343
4567
4741
4162
3900
4157
3333
3487
3043
2814
2920
2318
2207
713
68
-1090
-2384
-2434
-4416
-5147
-6850
-7497
-7891
-8453
-7682
-8414
-7835
-7891
-7681
-6793
-6813
-6180
-7139
-7132
-7016
-7261
-6797
-7720
-7733
-8015
-7571
-6849
-6394
-4920
-4666
-3554
-2689
-1637
-106
282
1077
845
1082
1156
714
727
-122
-244
-666
-530
-161
46
661
862
1526
2216
2978
3699
3823
4133
4081
4351
4505
4379
4246
3906
3836
3811
3845
4019
4223
4402
4733
5074
5815
6110
6598
6711
6975
7050
7111
6993
6644
6480
5900
5934
5181
5356
4670
4300
4566
3859
4394
4106
3884
3844
2894
3420
2070
2315
1054
-639
-1464
-3611
-3901
-5511
-6695
-7902
-9686
-9752
-10359
-10031
-9484
-9791
-8928
-9405
-8026
-7846
-7103
-6932
-7647
-7257
-7552
-6787
-6746
-6789
-6617
-6757
-6053
-5183
-4199
-3262
-2740
-1837
-1034
135
1259
1698
2268
2314
2498
2709
2639
2567
1784
1464
1006
742
791
449
568
355
727
1217
1837
2430
2723
3122
3353
3623
3868
3797
3786
3502
3508
3387
3482
3572
3359
3623
3628
4142
4224
4794
4957
5060
5616
5413
5991
5648
5759
5221
5161
4951
4339
4274
3771
3410
3227
3116
3011
2963
3078
2877
2521
3045
2217
2551
1798
983
-204
-1232
-2163
-3521
-4440
-6107
-7461
-8433
-9001
-9066
-9016
-8776
-8782
-8502
-7806
-7220
-6510
-6274
-6218
-6527
-6441
-6218
-6366
-6149
-6625
-6653
-6349
-5799
-4792
-4243
-3389
-2714
-1810
-502
349
1450
1612
1882
1930
2113
2244
1798
1348
505
-2
-383
-580
-619
-844
-760
-569
-27
761
1430
1893
2128
2507
2737
3154
3363
3265
3100
3022
3112
3199
3373
3353
3667
3716
4200
4675
5035
5455
5453
5959
6021
6676
6614
6404
6399
5581
6271
5203
5499
4843
4100
4409
3120
4570
3067
4026
3499
2789
3741
2582
3731
2085
1407
399
-1602
-1504
-3603
-4341
-6267
-7817
-8070
-9393
-8415
-9025
-8786
-8601
-8663
-7412
-7324
-6132
-6304
-6600
-6474
-6855
-6080
-6489
-6478
-6799
-7284
-6300
-6414
-5059
-4709
-3968
-3189
-2511
-765
-121
1112
1351
1315
2025
2006
2279
1798
1142
581
-205
-5
-457
-398
-563
-534
-24
481
1612
2056
2567
3041
3318
4012
4248
4427
4136
3735
3875
3847
4010
4041
3973
4137
4258
4892
5391
5695
6299
6044
6507
6926
6970
7461
6909
6989
6323
6360
6538
5510
5844
4826
4495
4595
4168
4532
3728
4024
3432
3275
3373
2277
1390
-455
-1503
-2984
-4285
-5743
-7739
-9318
-10097
-10578
-10661
-10481
-10513
-10259
-9821
-8974
-8184
-7595
-7350
-7694
-7809
-7443
-7187
-6959
-7397
-7417
-7569
-6818
-5853
-5296
-4299
-3996
-3008
-2049
-861
481
909
1477
1590
1628
2193
2094
1957
1255
879
707
312
721
390
470
579
983
1679
2301
3222
3529
3940
4486
4885
5354
5378
5508
5366
5353
5595
5414
5425
5306
5365
5409
5760
5985
6166
6423
6449
6709
7048
6933
7156
6783
6710
6510
6403
6314
5751
5538
4691
4681
4468
4221
4152
3657
3272
3548
3002
3278
2312
1420
154
-1633
-1956
-4226
-5009
-7385
-9169
-10195
-11388
-10987
-11855
-11570
-11473
-11600
-10387
-10041
-8813
-8585
-8748
-8536
-8944
-7953
-8070
-7869
-8036
-8197
-7594
-7008
-6082
-5105
-4462
-3123
-2370
-981
179
1029
1761
1864
2403
2462
2768
2448
1947
1515
1214
992
858
713
741
787
1273
1608
2146
2560
2982
3289
3595
4144
4298
4622
4464
4519
4539
4757
4877
4977
5012
5128
5381
5502
5793
5872
6003
6207
6217
6551
6579
6479
6311
6210
6272
6180
6384
5936
5736
5589
5107
5515
4693
4926
4237
3599
3779
2734
3257
2125
2195
1029
-116
-1025
-2527
-2944
-4700
-6077
-7914
-9484
-10198
-10784
-11254
-11404
-11953
-11800
-11950
-10923
-10280
-9713
-9346
-9606
-9224
-8692
-7867
-7448
-7675
-7369
-7464
-6700
-5682
-5436
-4081
-3898
-2645
-1843
-511
979
1310
2382
2504
3060
3758
3603
3556
2759
2557
2360
1867
2089
1441
1554
1372
1675
2081
2299
2889
2909
3227
3728
3927
4447
4273
4266
4016
4174
4465
4201
4349
3943
4245
4271
4379
4795
4709
5121
5229
5443
5706
5916
6105
5904
5987
5824
6162
5881
5674
5195
4812
4697
4599
4091
3913
3305
2987
2452
2373
2274
1213
901
-922
-1977
-2947
-3800
-5084
-7147
-8539
-10162
-10761
-10651
-11403
-11359
-11701
-11312
-10883
-10092
-9072
-9025
-8681
-8739
-8433
-7636
-6937
-6762
-7099
-6876
-6252
-5671
-4764
-4021
-3874
-2653
-2038
-893
121
1070
1747
1744
2743
2780
3240
3305
2474
2142
1775
2179
1777
1498
1407
1050
1541
1924
2316
2609
2930
3291
3364
3965
4353
4323
4328
4009
4074
4354
4492
4409
3908
3982
4160
4324
4702
4635
4815
4976
5383
5675
5917
6489
5889
6363
6104
6173
6862
5810
6307
5200
5224
5866
4602
5623
4008
4370
3988
3540
4136
2359
2738
567
-1058
-1397
-3591
-3683
-5966
-8357
-9293
-11257
-10261
-11595
-11343
-11592
-11863
-10555
-10453
-8979
-8635
-8606
-8263
-9016
-7773
-7501
-7096
-6993
-7741
-6585
-6196
-4510
-3988
-3572
-2296
-1848
22
1028
1903
2652
2623
3176
3179
3651
3662
2779
2226
1185
1315
1260
1047
644
215
663
1118
1563
1972
1980
2115
2370
2585
2856
2994
3005
2717
2647
2768
3314
3466
3510
3656
3759
4405
4804
4815
4820
4922
5201
5535
5554
5806
5724
5815
5967
5963
6355
6110
6445
6059
5836
6160
5864
5767
5216
5074
4501
4317
4261
3416
3257
2270
1065
-405
-1519
-2579
-3699
-5044
-7067
-8520
-9566
-9925
-10363
-10698
-10776
-10661
-10287
-9424
-8802
-8196
-8028
-8204
-8253
-7662
-6960
-6632
-6733
-6990
-6645
-5675
-4596
-3720
-3020
-2402
-1212
-201
1130
2167
2794
3261
3270
3634
3713
3559
2976
2031
1391
1014
890
590
94
97
219
835
1275
1948
2154
2435
2730
2712
2901
2832
2522
2154
1728
1761
2011
2114
2467
2644
3185
3996
4605
4959
5280
5436
5770
5811
5821
5645
5503
5445
4920
5415
4866
5397
5298
5175
5405
5392
5811
5664
5815
5220
5286
4611
4690
3757
3647
2489
1039
-458
-2225
-3024
-4539
-5443
-7636
-9340
-10079
-10534
-10377
-10490
-10689
-10645
-10572
-9753
-9453
-8502
-8427
-8769
-9088
-8941
-7963
-7545
-7376
-7570
-7475
-6519
-5213
-4223
-3278
-2478
-1412
-518
1050
2001
2947
3311
3239
3369
3460
3615
3046
2059
924
528
508
405
251
121
137
920
1549
2221
2642
2981
2971
2971
2896
2922
2700
1886
1373
892
1169
1616
1832
2014
2503
3420
4416
5223
5748
6061
6560
6692
6842
6835
6565
6421
5576
5639
5239
5407
5535
5074
5517
5216
6287
6175
6304
6524
5663
6238
5374
5108
4585
3228
2332
-320
-1624
-3051
-4484
-5365
-7708
-9239
-10438
-10977
-10368
-11261
-10502
-11018
-10933
-9991
-9952
-8842
-9124
-9144
-9658
-9829
-8796
-8519
-8102
-8273
-8282
-7218
-6261
-4614
-3981
-2981
-1724
-823
875
1509
2952
2882
3208
3470
3104
3633
2991
2262
1154
917
747
527
529
266
390
1269
1792
2335
2710
3081
3174
3089
3211
3029
2625
2114
1330
807
1025
1292
1322
1536
2021
2887
3924
4909
5446
5782
6413
6708
6896
6943
6688
6508
5912
5481
5582
5035
5581
4707
5247
4952
5529
6325
5487
6851
5350
6553
5499
5249
4975
3381
2983
208
-1425
-3010
-4858
-5411
-7812
-9399
-10720
-11506
-10771
-11526
-10593
-10959
-10757
-9865
-9798
-8570
-8476
-8497
-8873
-9717
-8503
-8324
-7640
-7682
-7860
-6808
-5992
-4000
-3304
-2136
-1037
125
1521
2968
3759
4690
3964
4240
4595
3734
4936
2750
1900
751
777
1025
-100
615
-293
198
1528
1552
2457
2238
2797
2587
2260
3219
2293
2008
870
315
431
662
1076
612
833
1829
2780
4050
4689
5251
5887
6443
7176
7068
7554
7106
6680
6356
6109
6086
5758
5452
4949
5204
5426
6367
5937
6270
6339
6367
6641
5857
5844
4695
3737
2556
119
-1478
-2564
-4829
-5704
-8064
-9122
-10563
-10873
-10668
-11479
-10411
-10745
-10241
-9722
-9324
-8234
-8601
-8528
-8892
-9312
-7944
-7920
-7383
-7658
-7248
-6301
-5361
-3921
-3121
-2125
-804
166
1800
2799
4086
3962
3509
4549
3497
4640
3522
2170
871
599
926
-273
419
-452
-676
291
925
1455
1714
2336
2166
1674
2763
2457
2025
1255
419
-118
202
745
497
463
1259
2300
3475
4697
5477
6142
6889
7679
7853
8335
8172
7683
7192
6632
7034
6243
6194
5489
4826
5880
5643
6479
6163
6350
6569
6251
7120
6109
5806
5047
2178
928
-2023
-2902
-5017
-7069
-8875
-11809
-11626
-11988
-11687
-11288
-11233
-10479
-9870
-8685
-7671
-7321
-6753
-7757
-7883
-8123
-7427
-7208
-7770
-7755
-7839
-6517
-5030
-4221
-2889
-2069
-644
844
1953
3345
3755
4110
3922
3704
3421
3269
2293
1138
148
-485
-557
-954
-1084
-1156
-861
-66
416
942
1329
1892
2244
2224
2351
1926
1764
1249
720
409
236
400
464
762
1589
2430
3367
4144
4955
5635
6660
7064
7391
7388
7437
7257
7223
6403
6466
6109
5601
6367
5085
6071
5528
5940
5988
5894
6463
5870
6147
5769
5121
4593
2818
841
-1087
-2723
-4150
-6151
-8198
-10382
-11631
-11593
-11755
-11669
-11229
-11365
-10455
-9761
-8616
-7988
-7788
-8089
-8588
-8303
-7705
-7329
-7600
-7856
-7722
-6888
-5452
-4450
-3530
-2559
-1426
20
1507
2885
3621
4001
3975
3967
4148
3673
2941
1550
575
-158
-380
-617
-1268
-1018
-784
-136
877
1480
1920
2375
2685
2916
2886
2769
2275
1448
943
614
569
676
868
1029
1767
2937
4040
4888
5799
6416
7294
7823
8213
8129
7722
7645
6745
6768
6246
6044
5528
5296
5326
5429
5774
6094
5791
6009
6490
6288
6614
5670
4941
2871
1196
-750
-2592
-4570
-6369
-9442
-11382
-12811
-12917
-12920
-12848
-12047
-12152
-10507
-9384
-8364
-7453
-7312
-7504
-7785
-7861
-7219
-7541
-7612
-8283
-8041
-7220
-5697
-4553
-3711
-2410
-1034
755
2562
3602
4609
4265
4543
4781
3833
4307
2215
943
-548
-640
-922
-1494
-1262
-2052
-1255
190
1171
2088
2457
3033
3152
3287
3799
2987
2361
1460
740
307
550
615
437
869
1697
2961
4278
5164
5835
6440
7316
8041
7981
8043
7336
6902
6681
5986
6092
5321
5119
4992
4974
5621
5614
6601
5658
6616
6832
6809
7495
6037
5801
3319
1870
-376
-2401
-4454
-6478
-9173
-11156
-12547
-12492
-12828
-12396
-11832
-11756
-9936
-8910
-7663
-7093
-6882
-7165
-7696
-7730
-7555
-7956
-8040
-8786
-8421
-7678
-6002
-4967
-3895
-2545
-1110
876
2482
3796
4435
4841
5090
5023
4656
4259
2721
1542
104
-607
-1032
-1082
-1282
-1511
-608
321
1527
2481
3348
3607
4192
4387
4064
3476
2806
2091
1353
880
780
399
646
1050
1773
2980
4047
5137
5813
6654
7340
7904
7974
7743
7059
6899
6372
5900
5636
4748
4432
4657
4544
4893
5643
5671
5734
6308
6806
6735
7361
6837
5431
4120
2139
-69
-1580
-4415
-6041
-9534
-11261
-12745
-13490
-12716
-13245
-12208
-12063
-10571
-9100
-8065
-6869
-6999
-7084
-7260
-7898
-7185
-7913
-7925
-8754
-8760
-7745
-6710
-5139
-4110
-2856
-1111
651
2517
3991
4715
5585
5358
5835
4537
4368
3101
744
525
-1740
-2254
-2752
-2544
-2608
-2262
-156
301
1775
3719
3870
4880
4960
5078
3946
3052
2924
1307
675
224
-449
-127
529
1484
2303
3579
5120
5914
7135
7834
8306
8309
8442
7788
7347
6723
5971
4797
4571
3726
3777
4042
3921
5001
4499
6483
5923
6954
7547
7442
8018
7006
6063
3826
1022
23
-3292
-4889
-7375
-10845
-11884
-13954
-12708
-13596
-12523
-11606
-11664
-9470
-8420
-7213
-6240
-6997
-6911
-8259
-7510
-7616
-8321
-8653
-9639
-8805
-7988
-6162
-4896
-3995
-2185
-727
1281
3449
4273
5234
4718
4835
4735
4101
3886
1681
222
-1153
-1528
-1552
-2036
-1706
-1932
-1237
470
1357
2693
3229
3693
3862
3795
4129
3400
2651
1824
887
602
594
574
627
971
2001
2859
3932
4641
5205
5807
6594
6738
6980
6590
6251
5930
5287
5385
4467
4803
4000
4291
4313
4647
5184
4965
5773
5462
6160
6342
6419
6286
5633
4667
2556
557
-672
-2995
-4367
-6912
-9257
-10962
-11872
-11664
-12424
-11856
-11768
-11528
-10041
-9108
-7851
-7374
-7566
-7624
-8009
-6943
-6890
-6972
-7620
-7911
-7254
-6324
-4864
-4280
-3414
-2009
-727
1385
2924
3879
4437
4429
4977
4695
4780
3808
2111
942
35
-507
-842
-1014
-1567
-1228
-220
602
1627
2514
3080
3645
4092
4408
4148
3661
3037
2176
1626
1374
1077
805
955
1176
1873
2835
3501
4256
4822
5678
6081
6475
6625
6300
6271
5868
5684
5398
5140
5105
4537
4796
5025
5057
6000
5530
6400
6051
6787
7137
6636
7008
4993
4109
1196
247
-1921
-4010
-5855
-9325
-10803
-12080
-12055
-12422
-12697
-12399
-12390
-10877
-9394
-8616
-7543
-8036
-7674
-7909
-7136
-6535
-7178
-7382
-7967
-7434
-6148
-5114
-4010
-3634
-2116
-659
1197
3086
3711
4546
4602
4765
4652
4446
3204
1797
466
-841
-1128
-1562
-1959
-2398
-1964
-936
88
1547
2242
2681
3383
3955
4300
4062
3840
2992
2240
1972
1541
1402
1270
1380
1677
2659
3710
4523
5227
5638
6328
6778
7326
7204
6635
6665
5777
5826
5492
4837
4985
4447
4761
4966
5512
6132
6182
6821
6677
7496
7639
7226
6283
4595
2229
1127
-1185
-3197
-5593
-9023
-10635
-12632
-12150
-13045
-13039
-12977
-12870
-11283
-9970
-8426
-7761
-7910
-7520
-7902
-7021
-6712
-7219
-7820
-8495
-7851
-6917
-5497
-4543
-3784
-2342
-666
1582
3475
4437
5360
4966
5446
5381
4886
3925
1860
468
-1247
-1667
-2071
-2723
-2949
-2731
-1866
-205
1228
2451
3057
3731
4304
4719
4787
4306
3468
2446
2014
1591
1586
1574
1734
2173
3361
4429
5556
6233
6789
7333
7827
8172
7918
7131
6594
5572
5114
4817
4022
3826
3262
3687
4029
4904
5533
5729
6381
6790
7548
8055
7377
6245
4555
1769
773
-1375
-3733
-6275
-9916
-11655
-13293
-12607
-13203
-13266
-12896
-12819
-10837
-9516
-8004
-7279
-7815
-7526
-8037
-7552
-7118
-8110
-8819
-9775
-9275
-8060
-6556
-5313
-4615
-2924
-916
1546
3985
5061
6186
6104
6119
6245
5249
4501
2368
278
-1441
-2675
-2901
-3619
-3681
-3483
-2708
-713
807
2365
3374
4193
4906
4997
5158
4322
3505
2373
1434
863
566
607
707
1196
2534
4036
5448
6723
7340
8197
8918
9253
9059
8142
7270
6342
5200
4821
3589
3270
2620
2631
3482
3998
5619
5614
6559
7081
8126
8912
8647
7366
6068
3064
1828
-395
-3238
-5214
-9149
-10915
-13032
-12573
-12871
-13050
-12257
-12555
-10606
-9041
-7860
-6749
-7558
-7259
-8033
-7891
-7489
-8703
-9109
-10187
-10138
-9009
-7703
-6168
-5412
-3714
-1880
427
3050
4181
5302
5241
5637
5466
4922
3933
2000
2
-1518
-2527
-3314
-3557
-4009
-3804
-2959
-1317
330
1746
2869
3896
4563
5360
5409
4879
4182
3338
2607
2169
1793
1491
1623
2087
3240
4512
5726
6763
7354
8212
8903
9121
9015
8057
7116
6058
5331
4373
3517
2591
1926
2153
2448
3557
4227
4968
5700
6353
7923
8051
8954
7556
6284
4637
1829
1367
-2243
-3900
-7280
-10128
-11264
-12289
-11588
-12271
-11751
-11325
-10815
-8489
-7748
-6748
-6593
-7498
-7242
-8311
-7762
-8417
-9558
-9911
-10677
-9549
-8347
-7020
-5740
-4728
-2281
-463
2280
3880
4670
5563
5357
5830
4843
3987
2169
-101
-1369
-2959
-3697
-4417
-4657
-4498
-3519
-1746
-322
1370
2626
3660
4807
5360
5725
4928
4245
3430
2568
2312
1553
1221
1198
1776
3084
4423
5973
7056
8108
9029
9743
10396
10165
9582
8272
7272
6011
4918
3979
2407
2223
1549
2322
2761
3762
4745
5369
6779
7822
8730
9328
8497
7173
4961
2599
1506
-2119
-3779
-7976
-10672
-12111
-12930
-12186
-12872
-11906
-11718
-10566
-8197
-7247
-5784
-6028
-6603
-6789
-7692
-7141
-8580
-9728
-10701
-11371
-10217
-9139
-7808
-6701
-5430
-2850
-640
2223
4220
5126
5983
6087
6186
5737
4210
2780
-128
-1783
-3240
-4859
-5011
-6060
-5388
-4757
-2991
-723
457
2646
3726
4891
5904
5817
5653
4342
3494
2466
1357
1045
387
476
1001
2105
3817
5105
6827
7874
8922
10229
10638
10879
10041
8845
7817
6248
5288
3792
2529
1613
1081
1252
1822
2958
3783
5094
6144
7474
8906
9616
9550
8281
6916
3892
2541
-30
-3151
-5348
-9442
-11021
-12637
-12055
-12240
-11934
-11046
-10739
-8686
-7080
-6015
-5171
-6024
-6258
-7457
-7870
-7896
-9694
-10344
-11564
-11571
-10349
-9155
-7460
-6412
-4264
-1822
497
3461
4543
5839
5669
5693
5760
3938
3487
534
-1636
-3133
-4811
-4830
-5806
-5302
-4843
-3692
-1047
306
2467
3628
4677
5795
5696
6164
4884
3804
2641
1476
1370
883
1048
1264
1919
3865
5363
7353
8470
9292
10277
10672
11179
10514
9545
7983
6566
5206
4049
3028
1873
1291
1172
1675
2892
4047
5147
5931
7097
8461
9086
10030
8348
7509
4753
2452
1107
-2636
-4197
-7961
-10581
-11718
-12666
-11668
-12270
-11327
-10868
-10031
-7536
-7001
-5935
-6279
-7251
-7471
-8871
-8549
-9767
-11077
-11531
-12550
-11054
-9865
-8153
-6590
-5435
-2554
-550
2385
4111
4776
5446
5156
5360
4642
3451
1793
-834
-2330
-3521
-4248
-4192
-4938
-4527
-3617
-1882
396
1855
3402
4225
5013
5844
5771
5424
4405
3169
2246
1653
1559
1348
1461
2099
3134
5103
6721
8145
9059
9802
10681
11030
11016
10015
8691
7279
6203
4875
4108
2951
2007
1974
1823
3054
3686
5055
5692
6390
8069
8510
9546
8923
7540
6028
2945
2065
-885
-3321
-5569
-9721
-10805
-12222
-11730
-11688
-11773
-10831
-10666
-8610
-7093
-6510
-5696
-6944
-7240
-8284
-8611
-8675
-10450
-11075
-12217
-11934
-10271
-9113
-7410
-6381
-4303
-1938
591
3101
4027
4975
4935
5234
4912
3984
2685
259
-1503
-2741
-3890
-4172
-4673
-4909
-3964
-2549
-417
1198
2568
3706
4705
5629
6053
5738
4805
3780
2743
2027
1594
1290
1134
1511
2508
4001
5654
6978
8138
9080
10113
11002
11065
10684
9272
8441
7076
6148
5161
3685
3039
2178
2688
2508
3901
4208
5050
6441
6811
8635
8499
9058
7544
6259
4066
1527
382
-3296
-5181
-8881
-11387
-12217
-13205
-12661
-12890
-12377
-11255
-10286
-8385
-7386
-6625
-6451
-7404
-7610
-8470
-8500
-9380
-10857
-11269
-11978
-10546
-9365
-8095
-6413
-5165
-2410
-415
2308
4131
5001
5910
5633
5703
4848
3282
1802
-986
-2208
-3677
-4570
-4931
-5542
-4451
-3671
-1389
554
1932
3734
4691
5987
6279
6343
5815
4337
3523
2434
1714
1229
808
1020
1545
3125
4736
6209
7723
8696
10097
10899
11470
11384
10178
9278
7750
6693
5329
4211
2745
2145
1608
1910
2494
3267
4307
4980
6623
7172
8711
8841
8794
7664
5980
3504
1623
-826
-3723
-6311
-9875
-11685
-12973
-12939
-12955
-12485
-11636
-10855
-9014
-7713
-6572
-5910
-6518
-6963
-8099
-8381
-8840
-10124
-11114
-12093
-11994
-10794
-9518
-8085
-6659
-4652
-2122
299
2920
4222
5508
5653
5733
5697
4370
3243
1157
-1267
-2578
-3933
-4795
-5342
-5304
-4355
-3446
-1001
434
1835
3706
4675
5663
5878
5703
4774
3481
2930
1701
1067
595
95
415
1092
2846
4232
5736
7155
8235
9471
10454
10803
10579
9875
8826
7882
6588
5704
4299
3174
2486
2024
2499
2849
3791
4104
5053
6309
6696
8472
8201
8391
7310
6009
3664
1396
-89
-3667
-5177
-8703
-10742
-11952
-12438
-11946
-12449
-11211
-10575
-9506
-7633
-7086
-6066
-6347
-6920
-7449
-8438
-8009
-9002
-10083
-10520
-11022
-9672
-8566
-7197
-5708
-4351
-1709
40
2464
4083
5055
5761
5443
5540
4745
3667
2312
-7
-1528
-2601
-3595
-3875
-4313
-3684
-3013
-1622
119
1100
2792
3849
4535
5140
4985
4813
3910
3019
2228
1137
829
378
296
759
1605
3046
4258
5497
6748
7748
8906
9434
9557
9477
8905
8349
7250
6364
5380
4459
3850
3101
3123
3177
3636
4448
4503
5966
5905
6757
7455
6995
7847
5894
5262
2485
445
-561
-3746
-4674
-8154
-10027
-10937
-11866
-10908
-11767
-10855
-10433
-10091
-8051
-7794
-6750
-6779
-7694
-7615
-8352
-7498
-8195
-8974
-9220
-9745
-8214
-7409
-5963
-4792
-3722
-1471
-205
2176
3634
4371
5122
4779
4884
4536
3642
2178
-178
-1418
-2784
-3265
-3504
-4241
-4040
-3422
-1832
-347
1307
2723
3515
4515
5008
5236
5102
4481
3496
2200
1430
1097
610
403
519
1135
2452
3966
5288
6297
7552
8629
9452
9927
9870
9441
8390
7545
6261
5591
4653
3672
3394
2490
3733
3637
4718
5241
5657
7017
7031
8593
7736
8066
6690
4905
3300
470
-589
-3721
-5624
-8561
-10920
-11484
-12277
-11842
-12112
-11411
-10618
-9798
-8206
-7603
-6888
-6651
-7513
-7704
-8261
-8149
-8468
-9624
-9693
-9961
-8860
-7471
-6430
-4830
-3468
-1300
531
2471
4017
4937
5299
5199
4921
4226
3420
1919
26
-1568
-2371
-2965
-3333
-3403
-3474
-2469
-1276
264
1482
2579
3732
4067
4546
4615
4457
3942
2930
1916
873
618
354
38
297
890
2140
3564
4788
6089
7170
8177
9112
9170
9558
9073
8360
7480
6299
5807
5084
4679
3965
3501
3684
4035
4595
5107
5215
5998
6164
6687
6634
6642
5438
4111
1952
-314
-1301
-3881
-5440
-8665
-10576
-11766
-12159
-11666
-12185
-11345
-11185
-10317
-8963
-8441
-7129
-7372
-7699
-8102
-8434
-7675
-8060
-8636
-9221
-9309
-8127
-6975
-5663
-4603
-3263
-1309
313
2444
3747
4896
5065
4853
4824
4160
3674
2290
624
-594
-1184
-1445
-2100
-2195
-2023
-1450
-82
935
1718
2385
3372
3589
3744
4014
3252
2704
1672
756
200
-227
-76
-375
-37
1048
2242
3524
4566
5558
6443
7514
8157
8185
8297
7773
7436
6698
6021
5777
5308
4842
4502
4344
4465
5187
5308
5568
5961
5978
6294
6150
5652
5494
4252
2771
1014
-1801
-2241
-4689
-5866
-8008
-10357
-10696
-11968
-10806
-11912
-11074
-10688
-10874
-9129
-9243
-7965
-7656
-8473
-8143
-9115
-7959
-7739
-8233
-8001
-8384
-7050
-5847
-4684
-3249
-2487
-484
416
2091
3501
4131
5335
4639
5193
4425
4097
3624
1407
1033
-599
-1120
-1765
-2623
-2213
-2233
-893
-114
610
1972
2609
3914
3710
4049
3702
2677
2300
882
230
-290
-754
-770
-944
-107
1126
2211
3650
4698
6072
7332
8376
8756
8926
8902
8366
7915
6910
6291
5721
4848
4168
4115
3681
4748
4829
5023
5915
5657
6908
6285
7067
6156
5937
5037
2653
1449
-1556
-2216
-4868
-6563
-8635
-11050
-11446
-12066
-11671
-11438
-10670
-10034
-9627
-8393
-7700
-6922
-6655
-7335
-7750
-8017
-7584
-7409
-7858
-7791
-7739
-6738
-5304
-4216
-2654
-1626
67
1339
3111
4642
5506
6053
5666
5542
5448
4810
3955
2126
550
-219
-1249
-1395
-2082
-2309
-2224
-1653
-615
132
1371
1946
2259
2613
2987
3051
2728
1824
632
-180
-463
-797
-1149
-1421
-1021
-218
1035
2455
3570
4814
6023
6954
7939
8386
8608
8224
7586
7113
6543
6254
5210
4578
3863
4037
3821
4333
4309
4165
5275
4800
5723
5603
5713
5564
4836
3639
2293
-31
-1271
-3254
-5189
-6372
-9040
-9678
-11301
-10594
-10792
-10459
-9121
-9822
-8003
-7434
-6630
-5352
-6224
-5640
-6545
-6158
-5755
-6266
-6087
-6554
-6195
-5350
-4058
-2620
-1734
-292
768
2251
4193
4944
5931
5643
5591
5546
4859
4488
3009
1756
723
-364
-699
-1309
-1620
-1845
-1847
-1045
-508
510
822
1049
1228
1417
1756
1387
1033
326
-405
-654
-917
-1017
-1001
-828
-448
263
1296
2317
3307
4001
4938
5813
6492
7200
7123
6922
6994
6549
6634
6095
5656
5087
4659
4585
4332
4665
4208
4529
4177
4252
4763
3906
4853
3433
3963
3024
2236
1483
-1584
-994
-4321
-4311
-6324
-8583
-8844
-10915
-9716
-11021
-10278
-9683
-10230
-8266
-8261
-6584
-5963
-6093
-5399
-6176
-4790
-4768
-5113
-5026
-5939
-5135
-4783
-3854
-2669
-2291
-593
13
1737
3367
4314
5612
5530
5766
5685
5239
4787
3015
1982
584
-772
-1018
-2272
-2705
-2928
-3148
-2536
-1913
-707
-149
381
982
966
1543
1460
1100
457
-488
-808
-1789
-1853
-2090
-2231
-1329
-877
416
1639
2845
4303
5085
6268
7032
7634
7902
7691
7155
6744
6250
5650
5316
4415
4329
3845
3589
3826
3795
4210
4239
4565
4602
4280
5029
3887
4147
3422
2081
1675
-1332
-952
-3574
-4329
-5414
-8355
-8318
-10057
-9044
-9882
-9525
-8712
-9442
-7301
-7156
-5755
-4655
-5136
-4299
-5508
-4549
-4339
-4964
-4720
-5753
-5365
-4827
-4109
-2970
-2466
-945
222
1891
3768
4753
6097
6106
6508
6291
6139
5350
3596
2238
6
-713
-2165
-2855
-3916
-4145
-3617
-3465
-1661
-1154
162
917
1264
2132
1821
2160
873
-218
-1156
-2231
-2531
-3513
-3599
-3985
-3257
-1949
-718
1120
2397
3914
5142
6127
7280
7393
7538
6919
5957
5459
4493
4054
3246
2685
2471
2493
2806
3134
3670
3977
4264
4760
4560
4986
4556
4389
3743
3388
2804
1357
704
-2091
-1849
-3809
-4093
-5262
-7253
-7293
-8677
-7496
-8125
-7371
-6930
-7403
-6107
-6271
-4813
-4271
-4503
-4298
-5309
-4385
-4429
-4272
-4426
-4907
-4391
-3938
-2549
-1290
-233
1353
1930
3481
4898
5904
7058
6348
6397
5531
5015
4634
2770
1627
-312
-1488
-2232
-2866
-2915
-3264
-2994
-2707
-2011
-576
-20
766
709
562
615
188
-208
-1329
-2257
-2926
-3571
-3416
-3276
-2721
-1860
-973
442
1814
3343
4543
5384
6042
6550
6851
6671
6134
5365
4719
4264
3916
3279
3149
2544
2641
3011
2970
4138
3914
4545
4243
4319
4621
3905
4499
3410
3600
3661
2454
2630
471
13
-666
-2266
-1987
-4802
-4942
-6777
-7097
-6745
-7721
-6205
-7236
-6507
-5985
-5778
-4128
-4686
-4191
-4990
-5044
-4221
-4633
-3805
-4620
-4229
-3870
-3173
-1409
-566
991
1797
2626
4156
5073
6311
6356
5921
5451
4463
4097
3070
1995
815
-573
-1227
-2037
-2189
-2417
-2556
-2653
-2694
-2302
-2157
-1670
-2032
-2100
-2371
-2353
-2313
-2701
-2612
-3070
-2845
-2862
-2569
-1965
-1584
-622
-188
786
1689
2503
3371
3842
4457
4868
5177
5280
5273
5135
4985
4616
4443
4052
4119
3854
3658
3774
3197
3907
3678
3886
4148
3878
4425
3926
4721
4438
4550
5344
4388
4457
3781
2050
1804
25
-763
-2525
-4423
-5537
-7630
-6874
-7991
-7235
-6822
-7119
-5743
-5785
-4055
-3483
-3460
-3258
-4602
-4170
-4549
-4198
-4409
-4671
-4349
-4393
-2666
-1558
123
1603
2310
3654
4539
5700
6487
6144
5811
4726
3661
2904
1759
-53
-856
-2674
-3556
-3858
-4445
-4100
-4570
-3692
-4335
-3266
-2622
-2624
-2027
-2619
-2348
-2822
-2706
-2769
-3444
-3020
-3317
-2985
-2639
-1895
-868
-401
760
1385
2427
3437
4051
4447
4658
4924
4859
4884
4627
4332
4078
3727
3506
3477
3515
3481
3562
3470
3688
3970
4120
3927
4102
3744
4056
3814
3988
4032
4254
5040
4711
4620
4145
2330
1736
505
-901
-1907
-4226
-5542
-7791
-7246
-7696
-7016
-6033
-6339
-5142
-4863
-3366
-2441
-2646
-2351
-4008
-4244
-4614
-4737
-4515
-4983
-4626
-4763
-3143
-1588
232
1751
2483
3357
4037
5003
5517
5329
4525
2990
1705
408
-484
-1097
-2500
-3086
-4381
-4374
-4451
-3961
-3592
-3957
-3418
-3635
-3121
-2729
-2773
-2740
-3138
-3039
-2893
-2534
-2010
-1977
-1924
-1832
-1197
-596
179
659
848
1237
1631
2459
3138
3758
4244
4070
4259
4387
4592
4884
4811
4449
4419
4176
4243
4419
4174
4043
3793
3577
3755
3908
4192
4001
3868
3823
3576
4560
4537
5051
5317
4763
4468
3511
1818
1431
-698
-1382
-3580
-5108
-6264
-7573
-6642
-7369
-5674
-5410
-4794
-3641
-3656
-2192
-2385
-2478
-3241
-4633
-4641
-5341
-4611
-5004
-4399
-4078
-3548
-1695
-833
1125
1858
2194
2538
2551
2786
2705
2072
1356
390
-34
-406
-417
-967
-1039
-2275
-2813
-2749
-3635
-2757
-4003
-4018
-5035
-4534
-3846
-4030
-2379
-2875
-2149
-1647
-1249
-88
-389
262
-902
-1239
-1024
-1075
-597
-962
-500
-692
305
1559
2718
4034
4618
5271
5429
5988
6448
6091
5992
4818
4531
4087
3894
4070
3473
3677
2624
3658
2866
4120
4160
3804
4438
3421
4705
4470
5313
5492
5590
6072
4733
5189
2606
2210
1011
-1108
-1388
-4263
-4169
-6225
-5311
-5503
-4911
-3275
-3723
-2246
-2694
-1839
-1421
-2294
-2306
-4313
-4556
-5374
-5719
-5558
-5893
-5130
-5374
-4033
-3200
-1661
-249
-112
735
637
1333
1735
1665
1979
1297
847
464
-490
-191
-816
-950
-1643
-2434
-2597
-2976
-2568
-2966
-2848
-2762
-2831
-2276
-2224
-1425
-1254
-1105
-1043
-1424
-817
-1101
-1083
-1718
-1931
-1944
-1748
-1001
-851
13
693
1602
2965
4060
5282
5917
6043
6008
5717
5465
4769
4173
3001
2825
2105
2073
2288
1985
2870
2794
3415
3699
4238
4541
4355
4289
3997
4287
4462
4756
5004
5212
5450
4774
4734
2700
2632
1046
-53
-880
-2922
-3228
-4796
-3896
-4391
-3660
-2783
-3245
-2704
-3524
-3076
-3537
-4222
-5221
-7234
-7516
-8325
-7704
-7461
-6690
-5444
-5032
-3033
-2113
-176
1090
1347
1625
1224
1482
1526
1473
1482
1067
856
584
352
588
575
571
-270
-1114
-1875
-2222
-2310
-2796
-2922
-3362
-3189
-2868
-2541
-1573
-1415
-1123
-1480
-1835
-1397
-1545
-1175
-1489
-1442
-1221
-629
346
1024
2124
2601
3226
3853
4294
4948
4871
4406
3780
2943
2782
2548
2184
2260
2038
2322
2508
3058
3394
3673
3756
3016
3190
2663
2963
3081
2866
3101
3253
3810
4799
5842
6935
7360
7140
6911
4539
3651
1987
176
-1037
-3286
-4662
-6461
-5886
-6344
-5725
-4163
-4443
-3500
-4443
-4077
-4222
-5066
-5468
-7800
-8279
-8621
-8056
-7228
-6016
-4524
-3760
-2065
-1238
302
1699
1904
2064
1338
1176
1256
1367
1953
1877
2174
1782
1889
1291
1535
1125
-267
-1208
-3353
-3883
-4651
-4542
-4650
-4425
-3357
-3056
-1680
-775
224
797
121
-72
-1246
-1056
-1487
-1736
-1532
-1780
-750
-129
1184
2406
3333
3933
4061
3981
3926
3777
3232
2635
1860
1424
1692
1654
2213
2612
2745
3348
3052
3461
3257
2975
2523
1960
1986
1919
3058
3201
4147
5024
5657
6716
7218
7976
7975
7150
5815
3629
674
-375
-2529
-3257
-4324
-5393
-6063
-6124
-4775
-4755
-2683
-2689
-2801
-3319
-4929
-4866
-6150
-6511
-7543
-8914
-8093
-8016
-5866
-4510
-2442
-1125
-290
864
1009
2310
2041
1773
1100
178
337
155
808
1557
1926
2564
2131
2082
1570
1373
245
-1109
-2592
-4414
-4236
-4825
-4009
-3432
-2779
-2058
-1471
-495
-160
237
-26
-924
-1571
-2027
-2040
-2068
-1395
-760
-71
1261
1798
2802
3138
3163
2698
1693
1002
392
86
3
5
381
1137
2173
3079
3951
4644
4506
4501
3623
3219
2410
1879
1169
1090
1310
1778
2847
3470
4871
5774
6728
6706
7228
6793
6705
6142
4646
3567
1065
212
-1177
-1928
-1917
-3525
-3771
-5087
-4428
-4321
-4318
-3378
-4310
-4116
-4988
-5253
-5012
-5473
-5007
-5663
-5159
-4791
-3907
-2674
-2113
-943
-1213
-747
-909
-788
145
-91
494
504
791
1520
2092
3196
3498
3739
3147
2334
1631
339
-271
-1957
-2762
-3839
-4595
-4223
-4189
-3212
-2752
-1540
-1185
-758
-12
-173
299
-215
-347
-670
-1145
-702
-952
-204
-259
-231
-193
-305
24
-53
342
285
465
810
1086
1743
2046
2521
2682
2480
2441
1878
1442
779
147
-275
-382
-290
-115
733
1697
2247
3337
3932
4358
5416
5329
5914
5351
5690
5176
5075
5967
5288
6447
5389
5313
3384
2009
1445
-623
-467
-2679
-3395
-4183
-4083
-3215
-3192
-1544
-2232
-2525
-3309
-4843
-4876
-6170
-6581
-7862
-7906
-7107
-6505
-4546
-3154
-1214
-230
432
909
887
1587
1204
824
715
195
648
875
1755
2282
2375
2248
1151
508
-434
-1025
-1747
-2639
-3369
-3475
-3192
-2490
-1536
-708
-243
-233
-429
-567
-668
-1070
-1610
-2376
-2549
-2278
-1734
-804
55
541
1253
1463
1708
1844
1569
930
2
-825
-1279
-1265
-1133
-580
-239
345
562
846
1196
1311
1399
946
678
366
693
1176
1809
2530
2912
3507
3952
4216
4701
5035
5024
5321
4958
5446
5968
6889
7517
8227
8120
7412
6364
4076
2907
863
-646
-2149
-3879
-4765
-4835
-4514
-3780
-3312
-3154
-3585
-4192
-5326
-5991
-6808
-7629
-8190
-8707
-7793
-6519
-4869
-3267
-1997
-1035
-308
-145
-243
-275
-545
-805
-639
-355
484
1617
2548
3530
4020
4167
3745
2598
1147
-341
-1835
-3133
-4047
-4458
-4117
-3066
-2163
-971
13
860
1091
741
156
-938
-1662
-2550
-2997
-2813
-2541
-1532
-775
208
1029
1394
1475
885
240
-751
-1558
-2156
-2513
-2081
-1434
-388
640
1480
2370
2618
2618
1820
1016
80
-686
-1016
-1205
-365
482
1854
3088
4383
5435
6266
6771
6562
6762
5760
5762
5234
5238
5755
6135
7411
7676
8385
7418
6684
4785
2690
1231
-975
-2366
-4124
-5424
-5892
-5596
-5104
-4704
-4558
-5126
-5664
-6526
-7627
-8186
-9161
-9487
-9497
-8947
-7251
-5174
-3252
-1456
-297
494
1249
1434
1576
1510
1310
1101
1437
2213
3405
4557
5157
5276
5006
4497
3809
2605
1090
-537
-2021
-2858
-3253
-2627
-2012
-1174
-920
-1203
-1182
-1661
-1871
-2635
-3462
-4297
-4654
-4110
-3249
-1767
-625
167
764
928
1117
890
219
-834
-1943
-2537
-2394
-1778
-967
41
613
1303
1861
2152
2309
1953
1147
226
-647
-891
-602
-42
750
1416
2218
3238
4150
4825
5334
5159
4923
4434
4189
4450
4497
5044
5506
6044
7146
7749
8255
8163
7857
6191
4656
2416
30
-1125
-2846
-3587
-4396
-4842
-4939
-4619
-4456
-4438
-4878
-5950
-7085
-8175
-9119
-9324
-9539
-9269
-8309
-7086
-5006
-2817
-975
424
1251
1276
1429
1333
1388
1658
1889
2270
2941
3981
5003
5912
6143
5977
5280
4172
2853
1412
-33
-1275
-2344
-2841
-2896
-2450
-2122
-1901
-1974
-2382
-2661
-3221
-3661
-4174
-4613
-4737
-4519
-3777
-2661
-1509
-491
242
650
830
904
717
376
10
-412
-566
-404
30
643
1217
1592
1759
1762
1672
1487
1124
736
427
197
291
594
972
1400
1659
1663
1653
1525
1314
1094
830
797
827
1199
1757
2499
3261
3930
4454
4774
4900
4804
4655
4296
4092
3808
3737
3671
3433
3183
2669
2026
1358
505
-457
-1195
-2009
-2797
-3126
-3453
-3578
-3648
-3785
-3935
-4002
-4117
-4377
-4514
-4849
-4839
-4793
-4507
-3749
-3104
-2266
-1402
-736
12
585
949
1152
1209
1109
1088
1127
1004
1059
991
958
928
717
504
299
23
-244
-464
-700
-734
-859
-794
-632
-458
-310
-395
-445
-660
-844
-987
-1294
-1338
-1309
-1199
-865
-657
-357
-98
7
22
-110
-173
-410
-521
-684
-775
-620
-572
-307
-187
-40
141
76
77
-31
-258
-422
-597
-702
-672
-597
-514
-487
-493
-567
-672
-842
-1087
-1259
-1497
-1486
-1348
-1140
-624
-178
333
758
1074
1456
1765
2053
2258
2276
2340
2380
2503
2697
2947
3119
3192
3282
3174
3256
3167
2975
2725
2329
2123
1924
1784
1656
1574
1510
1431
1348
1137
931
600
307
74
-76
-144
-165
-187
-128
-32
-18
36
-31
-146
-393
-660
-958
-1183
-1409
-1627
-1776
-1904
-1972
-1988
-1939
-2007
-2105
-2201
-2254
-2258
-2262
-2344
-2362
-2336
-2234
-2134
-2055
-1991
-2006
-1968
-1973
-1887
-1915
-1836
-1793
-1605
-1263
-982
-623
-361
-97
107
263
437
598
676
700
642
582
544
513
401
322
131
-68
-225
-323
-327
-350
-265
-237
-119
-65
75
168
246
356
372
418
459
501
616
757
1000
1292
1524
1785
1981
2129
2242
2337
2402
2530
2566
2573
2572
2559
2511
2421
2268
2032
1694
1212
809
428
101
-102
-292
-327
-266
-177
-5
159
323
409
485
505
479
422
292
190
32
-105
-226
-350
-444
-555
-659
-770
-842
-868
-935
-980
-1057
-1116
-1180
-1257
-1300
-1384
-1403
-1527
-1651
-1799
-1970
-2114
-2283
-2309
-2307
-2156
-1935
-1612
-1239
-920
-572
-317
-24
169
262
263
222
167
72
44
10
-31
-58
-98
-107
-39
-49
10
42
75
117
165
290
386
529
623
738
804
812
831
808
784
756
711
736
750
788
900
1056
1227
1419
1556
1653
1674
1588
1467
1302
1089
823
495
138
-167
-467
-678
-906
-1060
-1168
-1186
-1148
-983
-810
-608
-430
-238
-70
-13
86
9
120
64
130
149
288
471
472
666
624
561
508
376
377
390
363
292
262
300
265
305
243
122
-71
-247
-377
-455
-543
-597
-623
-482
-367
-247
-60
98
254
354
466
497
549
514
443
379
228
-56
-412
-766
-1112
-1394
-1663
-1878
-2049
-2104
-2084
-2015
-1950
-1993
-2029
-2058
-1984
-1882
-1837
-1731
-1552
-1369
-1203
-1073
-936
-790
-527
-302
-55
272
622
1115
1620
2070
2356
2497
2572
2576
2503
2360
2106
1925
1777
1698
1521
1346
1063
806
645
472
361
97
-30
-217
-203
-163
-173
-124
-260
-418
-665
-802
-840
-872
-797
-814
-687
-555
-381
-89
123
339
364
351
385
384
423
273
52
-151
-326
-315
-387
-289
-278
-82
142
240
340
315
426
497
562
675
785
1046
1171
1446
1533
1648
1721
1538
1542
1324
1388
1246
1221
1199
1010
1027
773
665
420
100
-191
-717
-979
-1453
-1680
-1923
-2217
-2283
-2550
-2472
-2556
-2496
-2441
-2395
-2186
-2071
-1822
-1692
-1542
-1373
-1202
-935
-608
-282
19
273
464
656
846
1032
1157
1177
1143
1058
1058
1030
908
723
425
153
-150
-379
-632
-923
-1194
-1423
-1554
-1654
-1782
-1960
-2107
-2170
-2130
-2079
-1892
-1709
-1410
-1167
-949
-790
-653
-471
-285
-28
126
382
602
977
1340
1654
1867
1912
2006
1927
1817
1548
1357
1321
1353
1536
1555
1623
1705
1856
2028
2091
2109
2023
1984
1977
2010
2077
2228
2358
2517
2611
2665
2663
2665
2612
2428
2204
1987
1826
1741
1699
1638
1530
1337
1192
962
751
407
-8
-406
-795
-1100
-1377
-1580
-1743
-1904
-2011
-2123
-2172
-2211
-2305
-2368
-2475
-2575
-2666
-2723
-2667
-2598
-2525
-2420
-2316
-2120
-1975
-1806
-1724
-1688
-1703
-1838
-1886
-1957
-1977
-1968
-1914
-1807
-1744
-1639
-1618
-1653
-1725
-1903
-2034
-2191
-2257
-2248
-2164
-1955
-1718
-1386
-1094
-822
-599
-467
-336
-201
-30
190
438
700
988
1284
1568
1823
2016
2191
2274
2291
2288
2242
2281
2362
2433
2520
2521
2549
2509
2531
2521
2493
2494
2421
2439
2412
2408
2359
2287
2289
2226
2215
2104
2053
2042
2034
2099
1989
1989
1867
1814
1715
1511
1375
1158
1044
918
840
767
638
562
385
280
197
50
-19
-219
-342
-584
-808
-1032
-1310
-1543
-1841
-2109
-2397
-2630
-2751
-2792
-2783
-2763
-2776
-2726
-2679
-2648
-2626
-2666
-2656
-2691
-2673
-2618
-2589
-2495
-2456
-2326
-2266
-2198
-2169
-2141
-2034
-1998
-1875
-1818
-1665
-1496
-1326
-1105
-979
-807
-678
-537
-400
-314
-193
-110
36
197
336
515
650
844
1017
1177
1337
1446
1576
1613
1662
1660
1669
1687
1686
1704
1684
1650
1625
1624
1624
1608
1560
1517
1428
1393
1323
1273
1218
1147
1114
1030
1020
953
891
802
728
725
693
692
665
641
649
638
650
595
469
312
118
-53
-160
-268
-347
-388
-390
-402
-400
-307
-242
-148
-130
-180
-221
-320
-318
-387
-387
-321
-305
-194
-195
-105
-138
-105
-106
-169
-155
-251
-249
-345
-394
-431
-498
-493
-592
-645
-765
-883
-995
-1127
-1201
-1348
-1444
-1539
-1589
-1575
-1584
-1511
-1430
-1292
-1125
-1002
-843
-776
-755
-724
-703
-628
-591
-525
-476
-390
-271
-176
-21
45
147
215
273
381
410
483
503
537
576
561
572
483
512
394
413
379
387
533
574
782
836
1050
1059
1121
1117
1102
1233
1276
1337
1324
1238
1203
1103
1037
861
675
478
217
102
-63
-118
-166
-192
-180
-192
-160
-282
-392
-485
-588
-574
-654
-646
-640
-533
-431
-345
-204
-99
34
147
284
393
532
639
750
880
952
936
833
734
611
568
507
461
421
392
410
358
356
209
127
-23
-103
-221
-342
-384
-502
-530
-665
-701
-811
-907
-1012
-1144
-1155
-1227
-1139
-1086
-946
-835
-761
-663
-681
-632
-698
-689
-714
-744
-777
-802
-722
-627
-488
-388
-304
-211
-108
32
165
266
358
398
487
538
572
610
618
701
739
826
870
921
950
924
957
953
983
984
996
1008
980
965
919
904
829
688
550
410
347
238
146
64
37
47
11
16
-35
-27
-5
60
175
295
412
488
506
501
388
356
270
267
250
203
241
266
443
555
705
756
777
739
614
448
264
118
37
-29
-52
-104
-143
-155
-212
-276
-445
-561
-738
-825
-962
-1041
-1065
-1043
-966
-919
-807
-788
-729
-807
-894
-1074
-1194
-1246
-1297
-1184
-1181
-1025
-933
-702
-543
-407
-294
-270
-210
-292
-277
-339
-309
-260
-189
-95
-7
108
144
180
138
36
-71
-173
-239
-276
-269
-232
-206
-138
-82
-8
34
48
-3
-38
-54
-43
-38
-6
36
156
308
502
663
757
790
759
773
772
793
808
839
888
961
1019
1080
1176
1236
1300
1316
1316
1297
1272
1248
1198
1156
1055
968
892
828
806
741
703
644
581
491
365
228
55
-67
-185
-261
-330
-395
-445
-528
-626
-771
-891
-977
-1063
-1130
-1170
-1169
-1151
-1152
-1141
-1119
-1090
-1110
-1169
-1230
-1231
-1182
-1109
-1007
-898
-807
-741
-681
-685
-697
-745
-768
-779
-730
-598
-466
-288
-189
-101
-74
-40
-61
-150
-241
-396
-440
-504
-489
-482
-441
-384
-352
-303
-325
-302
-314
-329
-366
-424
-441
-453
-391
-340
-307
-273
-247
-201
-164
-109
-84
-50
18
84
200
318
435
566
673
778
820
869
883
888
903
838
808
741
768
845
962
1104
1164
1251
1253
1277
1246
1166
1040
878
798
683
640
580
573
592
577
575
480
405
298
195
73
-83
-163
-244
-249
-318
-402
-544
-719
-862
-1057
-1218
-1437
-1591
-1725
-1808
-1769
-1733
-1601
-1498
-1385
-1300
-1265
-1207
-1223
-1168
-1157
-1117
-1084
-1034
-889
-746
-527
-347
-158
5
154
346
489
662
795
964
1110
1218
1301
1316
1344
1292
1220
1062
945
859
804
790
782
819
828
861
863
831
756
616
488
348
249
160
91
42
-14
-52
-123
-166
-230
-282
-306
-322
-314
-325
-302
-244
-190
-139
-128
-130
-126
-118
-108
-112
-92
-59
-22
24
65
83
91
94
117
120
158
186
250
298
322
326
316
340
334
344
310
304
286
242
196
110
24
-86
-180
-234
-290
-301
-345
-307
-312
-297
-304
-331
-334
-419
-441
-523
-513
-544
-524
-473
-410
-313
-269
-171
-120
-53
26
101
215
284
367
395
421
451
441
491
485
535
536
573
622
656
686
657
648
582
538
456
400
362
341
333
313
293
240
185
98
22
-62
-149
-222
-282
-315
-346
-365
-353
-344
-338
-346
-364
-382
-387
-373
-345
-289
-233
-176
-101
-54
6
45
95
163
187
228
229
297
347
413
474
508
555
556
571
558
558
549
524
521
510
500
455
411
355
312
252
179
87
-3
-82
-165
-201
-228
-193
-170
-114
-121
-141
-194
-282
-385
-492
-590
-656
-655
-613
-520
-414
-290
-198
-114
-94
-93
-126
-135
-143
-117
-54
46
166
289
399
458
481
447
400
336
292
232
195
163
150
132
105
69
10
-49
-147
-244
-344
-463
-581
-685
-751
-816
-857
-889
-907
-893
-875
-844
-817
-778
-751
-730
-687
-643
-576
-518
-420
-320
-203
-82
18
118
193
264
310
385
443
503
533
571
591
587
581
554
548
544
556
576
598
597
565
525
467
402
308
188
91
17
-5
-9
49
81
132
121
94
67
49
54
27
13
-29
-40
-61
-52
-69
-94
-135
-153
-153
-139
-108
-77
-49
-54
-63
-90
-90
-95
-103
-128
-139
-126
-87
-68
-51
-57
-67
-90
-109
-105
-77
-37
-15
20
15
1
-67
-113
-167
-192
-227
-254
-285
-304
-327
-359
-381
-438
-487
-554
-578
-591
-565
-526
-472
-430
-407
-405
-398
-407
-404
-407
-374
-300
-222
-136
-66
-1
26
45
53
72
93
132
172
219
250
291
313
326
318
300
289
297
332
352
383
407
448
474
492
493
491
485
464
454
446
460
459
452
435
422
400
395
388
397
391
365
319
256
212
151
114
54
44
33
49
57
53
28
-38
-99
-166
-204
-247
-262
-271
-249
-214
-174
-155
-159
-193
-242
-310
-368
-432
-467
-483
-484
-482
-491
-469
-453
-436
-447
-442
-449
-445
-456
-472
-504
-526
-558
-588
-595
-585
-557
-530
-502
-481
-436
-401
-349
-313
-281
-250
-217
-183
-147
-92
-43
1
26
63
106
153
192
238
280
332
376
409
429
454
471
474
489
510
553
606
661
708
747
762
772
758
742
710
701
698
695
705
716
757
781
784
753
731
689
632
556
499
453
419
399
385
365
325
276
213
146
72
4
-60
-105
-144
-160
-164
-174
-193
-221
-264
-316
-369
-407
-428
-418
-396
-374
-366
-354
-348
-354
-381
-415
-445
-467
-485
-492
-460
-413
-376
-373
-387
-419
-453
-495
-532
-570
-586
-581
-565
-518
-455
-393
-349
-322
-319
-327
-345
-368
-387
-387
-369
-331
-268
-182
-86
15
86
132
148
154
150
138
135
150
205
266
327
382
439
479
491
465
433
397
374
368
375
402
438
476
500
506
496
471
432
402
375
364
354
350
338
334
318
291
249
208
180
162
155
129
106
81
79
64
59
41
16
-29
-79
-112
-115
-103
-82
-57
-32
-15
-12
-2
-21
-20
-46
-58
-92
-100
-98
-65
-37
-12
9
28
50
42
28
-18
-45
-92
-114
-145
-146
-154
-149
-144
-134
-121
-115
-130
-157
-189
-214
-234
-242
-238
-238
-219
-217
-185
-179
-159
-169
-166
-172
-158
-141
-132
-116
-106
-80
-59
-23
-5
16
28
58
64
77
68
62
50
48
45
51
71
81
86
74
60
33
14
-8
-17
-36
-39
-51
-51
-53
-43
-42
-55
-71
-93
-108
-122
-129
-129
-121
-121
-132
-146
-146
-149
-130
-127
-116
-104
-92
-80
-72
-47
-36
-27
-24
-17
-4
11
34
58
81
102
119
140
160
184
186
194
217
242
253
240
221
200
190
177
167
157
144
143
152
171
164
143
113
81
45
8
-14
-37
-35
-23
-4
9
14
6
-15
-45
-83
-127
-160
-176
-176
-174
-167
-154
-131
-94
-68
-48
-43
-49
-76
-111
-132
-137
-135
-133
-125
-109
-100
-98
-82
-59
-54
-67
-75
-88
-93
-95
-93
-82
-69
-57
-49
-47
-37
-30
-23
-30
-52
-70
-94
-107
-115
-113
-113
-113
-102
-81
-58
-40
-30
-22
-24
-32
-36
-38
-41
-41
-34
-27
-18
-11
8
31
41
49
56
60
61
59
70
78
102
118
137
151
165
182
190
187
159
133
109
109
116
129
140
147
162
172
171
166
154
150
145
140
135
122
100
73
73
78
81
71
57
46
33
23
12
-6
-18
-26
-23
-22
-25
-38
-50
-57
-77
-103
-126
-139
-155
-167
-178
-183
-186
-177
-165
-150
-152
-163
-172
-176
-174
-162
-149
-146
-135
-112
-88
-68
-34
-17
-16
-31
-28
-30
-29
-20
-20
-6
17
45
66
76
84
72
49
37
32
32
22
35
46
56
56
55
49
39
45
45
50
53
59
56
54
58
59
55
62
74
86
96
91
83
77
73
64
56
50
53
56
68
84
99
106
102
106
97
87
77
71
67
69
81
88
97
99
102
102
97
100
99
89
71
63
65
58
55
43
38
32
19
15
5
-12
-36
-49
-56
-68
-80
-85
-79
-79
-82
-96
-104
-107
-105
-102
-108
-114
-118
-118
-115
-119
-116
-109
-101
-94
-93
-89
-86
-75
-65
-55
-43
-31
-12
4
15
14
7
2
-2
4
3
5
2
1
3
-4
-12
-18
-21
-21
-16
-8
6
19
27
31
31
28
24
18
11
11
20
32
37
41
45
49
53
60
69
72
65
57
57
56
62
71
82
93
93
85
66
54
44
41
38
32
30
32
32
33
28
18
5
-6
-10
-6
2
0
-6
-25
-42
-62
-67
-63
-49
-37
-37
-43
-54
-63
-73
-80
-90
-93
-91
-82
-63
-41
-32
-27
-33
-42
-55
-67
-65
-59
-41
-32
-29
-33
-38
-37
-25
-7
6
15
17
24
23
16
8
5
6
6
11
12
11
10
7
4
-5
-13
-22
-17
-7
1
5
-2
-8
-16
-22
-23
-20
-10
-6
-2
-3
-17
-27
-33
-34
-31
-23
-19
-17
-8
5
11
10
8
5
10
13
15
17
16
10
-2
-9
-9
-5
5
16
21
21
15
-1
-12
-14
-15
-12
-1
16
28
35
23
8
-7
-18
-19
-20
-6
12
23
23
16
7
-1
-7
-1
12
18
19
15
8
1
-11
-18
-25
-26
-22
-11
0
8
12
7
-3
-12
-19
-26
-22
-5
9
20
13
-3
-15
-24
-24
-14
5
11
9
5
7
8
1
-3
-2
3
0
-5
-9
-19
-32
-39
-40
-39
-40
-38
-37
-32
-34
-39
-34
-23
-15
-15
-17
-23
-26
-27
-24
-17
-12
-16
-22
-14
1
12
13
18
19
15
11
19
28
39
44
38
33
23
10
3
8
14
29
51
70
81
79
68
54
44
37
40
56
67
77
79
71
62
50
38
26
27
42
61
75
70
56
41
29
17
9
4
0
-2
-7
-19
-36
-50
-64
-68
-70
-67
-61
-56
-51
-55
-56
-68
-79
-78
-69
-56
-49
-45
-43
-43
-39
-36
-37
-37
-31
-17
-6
-3
-2
1
-2
-7
-11
-16
-22
-27
-28
-24
-21
-23
-23
-24
-30
-33
-30
-25
-21
-18
-22
-26
-27
-27
-24
-23
-19
-16
-9
-5
-1
5
14
16
15
16
18
17
17
25
28
29
33
41
54
57
53
48
40
33
30
41
55
66
80
85
80
67
59
54
53
55
60
75
80
81
86
87
83
70
62
55
53
58
59
52
37
27
18
12
6
1
-5
-8
-10
-10
-11
-22
-30
-35
-36
-36
-34
-28
-29
-33
-36
-36
-31
-33
-34
-34
-33
-29
-23
-17
-13
-11
-15
-13
-17
-25
-30
-30
-33
-37
-35
-34
-36
-36
-36
-41
-46
-48
-47
-44
-41
-41
-39
-35
-34
-37
-36
-33
-28
-22
-19
-15
-14
-10
-5
-4
-2
3
12
21
28
33
33
26
20
17
15
15
18
22
23
24
25
22
17
15
16
18
19
19
24
34
39
34
24
16
11
6
9
14
17
17
21
20
13
6
8
6
3
0
6
9
8
10
4
1
-10
-14
-18
-21
-21
-17
-9
-6
-7
-6
-1
2
5
9
16
15
12
10
4
-2
1
10
16
18
15
11
3
1
0
-2
-3
-5
-7
-2
4
10
12
8
4
1
2
-1
-1
1
1
-1
-6
-10
-13
-14
-13
-6
0
1
-1
-1
-4
-8
-13
-11
-5
-6
-8
-10
-13
-16
-21
-21
-21
-21
-17
-15
-11
-15
-15
-10
-3
3
4
5
5
3
5
5
1
0
1
3
0
-3
-6
-9
-7
-6
-3
-8
-13
-15
-12
-10
-11
-12
-15
-21
-28
-32
-28
-25
-28
-30
-31
-34
-34
-32
-25
-22
-17
-15
-11
-7
-3
-1
2
8
13
20
21
23
22
20
13
9
7
5
8
15
17
18
20
18
20
18
11
6
7
7
4
0
0
1
0
2
-1
-7
-5
2
8
13
15
12
10
10
11
12
11
5
-3
-3
-4
-4
-4
-7
-11
-18
-23
-21
-11
-8
-11
-15
-19
-14
-4
3
1
-5
-3
1
6
6
6
4
5
8
12
12
10
15
24
31
36
36
33
27
23
20
24
28
25
22
21
20
19
17
18
16
11
11
12
12
8
0
-5
-3
3
12
14
12
9
9
12
12
8
2
-2
-4
-1
6
7
6
4
7
6
6
3
3
1
-4
-7
-7
-2
1
1
-8
-19
-28
-32
-29
-24
-17
-20
-25
-28
-27
-22
-20
-20
-20
-21
-22
-22
-23
-23
-25
-28
-33
-36
-37
-36
-34
-37
-40
-39
-34
-30
-29
-25
-22
-17
-13
-10
-12
-12
-10
-4
4
10
9
0
-1
-6
-8
-6
-1
4
12
22
24
23
20
16
13
11
9
5
6
9
10
7
4
4
5
8
7
6
8
13
16
19
20
19
18
14
9
8
10
14
16
16
17
19
25
28
28
29
29
29
32
34
35
34
28
22
20
17
11
7
7
11
14
12
7
1
-2
-4
3
12
19
18
17
18
17
14
12
5
-4
-12
-12
-7
-4
-2
-10
-16
-18
-22
-23
-23
-21
-23
-27
-28
-33
-36
-37
-41
-43
-40
-36
-35
-36
-41
-43
-44
-43
-43
-43
-36
-33
-30
-23
-16
-13
-12
-11
-9
-7
0
5
7
7
4
0
3
5
3
5
7
8
7
8
6
2
-1
-2
0
9
12
14
18
15
10
7
11
14
20
24
24
21
20
18
18
16
14
16
22
28
30
27
21
13
4
0
-1
-1
-2
-6
-7
-11
-13
-15
-16
-14
-15
-16
-15
-11
-8
-6
-7
-8
-7
-3
-2
0
0
-2
3
13
23
22
