SAMPLES:	9584
BITSPERSAMPLE:	16
CHANNELS:	1
SAMPLERATE:	16000
NORMALIZED:	FALSE
3
5
-1
-3
-3
0
6
8
14
12
14
9
2
-4
-15
-12
-11
-1
7
13
11
2
-7
-16
-15
-19
-14
-13
-14
-13
-16
-8
-8
1
-5
-5
-2
-3
2
-9
-4
-8
-16
-11
-12
-2
6
3
15
4
4
-8
-5
6
6
22
12
22
11
16
15
13
27
10
26
13
27
26
21
31
10
31
13
19
16
13
25
15
21
16
4
10
5
8
3
-6
-9
-17
-5
-11
8
1
-2
-3
-24
-4
-24
0
-4
-7
3
-18
11
2
17
2
-11
-8
-27
3
-7
2
5
-4
20
-2
12
-9
-13
-15
-18
0
-5
19
5
7
-5
-12
-3
-22
-6
-24
-5
-3
-2
12
3
19
-12
12
-16
-8
-14
-14
8
-4
21
7
23
12
5
-2
-14
4
-5
11
9
23
14
18
-2
-13
-14
-30
-1
-18
3
3
-12
0
-16
-3
-1
-17
0
-22
-8
0
8
27
2
24
-13
15
12
8
25
-24
18
-19
17
21
-16
33
-31
16
-25
-14
-13
-59
-19
-44
-2
-20
0
-17
-10
-27
-17
-24
-44
-17
-49
4
-9
18
25
-16
7
-44
-9
-27
-16
13
-13
23
-27
12
-1
-14
0
-53
-2
-35
-14
19
-22
43
-58
-3
-58
-49
1
-36
62
-42
32
-47
-21
-17
-25
49
-37
65
-32
34
-2
-16
36
-57
52
-38
20
0
-12
38
-32
11
-28
-36
28
-1
43
18
-21
4
-53
-4
-37
-23
-1
-18
19
-11
18
-29
-15
-29
-22
9
3
46
23
53
22
47
-27
-11
-55
-29
31
-3
85
-25
2
-43
-60
8
-75
33
-33
8
28
-34
75
-85
27
-73
-38
42
-44
126
-22
64
8
-28
45
-53
95
-6
84
56
48
98
-40
43
-10
28
61
23
58
20
-13
22
-23
3
11
-43
29
-4
61
53
25
16
-65
-17
-47
23
37
118
68
15
22
-47
18
-51
60
21
8
70
-19
95
-26
51
-33
-88
58
-83
116
-19
55
18
-100
8
-116
-18
-77
-1
47
18
87
3
29
-3
-28
66
-6
37
34
17
76
-11
25
44
7
62
23
64
90
33
1
-13
-51
-22
-25
28
51
-32
89
33
44
-30
-62
1
-96
20
-3
26
10
-34
-41
-65
-59
-36
28
-16
22
-2
-15
54
-52
43
-52
-64
27
-49
93
15
84
12
-55
-58
-123
5
-28
85
64
33
42
-75
55
-58
34
45
51
29
17
86
28
6
-28
-13
-41
55
87
180
100
146
-11
-41
-10
-51
111
-24
108
-27
-25
20
-77
60
-114
78
-70
26
14
21
74
-28
36
-60
-20
-109
56
-25
50
10
6
7
-137
14
-41
23
3
64
-49
12
1
-13
-39
-135
17
-109
26
62
35
7
-16
-52
-102
-14
-20
112
-54
93
-10
-39
37
-121
28
-169
46
5
32
99
-27
62
-106
-21
76
-5
59
8
-1
-101
27
4
6
-73
-71
-15
-171
170
23
72
-82
-57
-96
-202
69
-107
77
-137
124
-61
-66
23
-143
15
-145
167
-37
138
39
15
30
-161
107
-224
158
-34
93
80
-81
92
-197
99
-47
27
-48
-34
-14
-21
14
18
-65
-140
-68
-104
51
-63
52
49
-112
-25
-112
87
-118
-54
52
-98
79
21
2
-45
-56
22
-74
-13
64
-63
83
-18
34
-62
-101
-48
-173
87
92
29
-7
-22
-81
-49
-64
60
20
29
165
56
148
-31
-35
-38
-43
109
10
111
51
-33
93
-169
65
-16
-58
195
-187
156
-155
6
-31
-167
163
-132
121
-101
-31
-48
-126
101
-89
123
-140
-136
-56
-136
51
55
44
-116
-192
-63
-4
-88
150
-90
1
-31
100
18
-53
3
-272
-34
-55
124
41
40
-41
-134
-50
17
7
28
106
-138
69
78
-55
-1
-102
65
-94
41
114
-186
25
-25
116
29
169
55
-28
54
-46
62
32
68
-9
-111
8
-32
-107
43
-86
-48
-60
-129
94
-211
76
-111
-106
7
-84
144
-266
142
-135
-8
55
-53
189
-236
237
-172
95
1
-48
161
-70
210
-99
161
-43
-65
15
74
163
-25
87
-34
-55
135
30
212
32
-63
155
-200
202
-82
134
175
-236
320
-176
304
-20
194
171
-58
261
-204
259
-217
257
40
-12
263
-203
393
-97
158
38
-137
171
-75
239
12
-35
-36
-260
59
-15
83
146
-122
74
-283
200
-125
27
37
-150
114
-203
267
-236
129
3
-184
35
-190
211
-15
89
20
-77
-65
-15
-34
68
-51
-5
-150
-79
-12
-73
138
-258
89
-133
-101
73
-177
90
-196
1
57
121
45
115
-127
21
117
-25
317
-133
134
-111
92
130
69
130
-16
115
-95
169
-2
111
-90
128
57
155
187
33
168
-256
98
-187
106
206
82
167
-9
-10
-155
20
55
-57
-13
-44
-111
-85
-140
153
-29
99
85
-266
202
-258
96
-22
-53
68
-146
183
-171
18
-14
-36
13
-101
181
23
136
-9
-39
24
-54
135
19
23
14
-32
99
-21
188
225
26
83
14
80
-66
12
145
33
40
174
41
79
50
-26
112
-74
54
68
-88
144
-81
148
5
28
129
-152
120
-251
73
-56
-105
302
-299
267
-235
-55
115
-397
373
-420
114
-71
-115
205
-322
257
-263
-71
-26
-139
91
-180
-31
-148
-59
176
-218
213
-177
91
-45
-137
339
-433
332
-100
-90
62
-234
160
-305
33
-60
-219
-62
-260
-6
-123
17
-67
-152
-94
-322
-78
-186
-163
14
-186
22
-174
-154
-44
-225
16
-22
-160
-99
-113
-122
78
-230
56
-106
106
-40
-57
160
-205
66
-182
2
-14
10
188
-187
142
118
-100
163
-28
85
-21
54
228
-151
119
159
1
160
90
122
-129
17
-68
162
36
35
85
-257
130
-201
82
89
-212
45
-190
131
-120
1
-81
-206
-57
-85
35
14
-15
-148
-13
-38
4
28
-144
28
-209
193
-76
-54
106
-75
213
-178
320
-9
74
78
-31
341
-93
262
-63
191
101
-33
383
-295
443
-373
411
-82
-56
460
-290
452
-333
321
-79
34
170
-37
328
-247
256
-351
210
-139
39
214
-255
190
-254
308
-187
124
-130
-175
-78
-282
227
-383
168
-124
-144
-2
-247
225
-389
87
-299
-18
-155
-154
-95
-268
306
-267
256
-254
-141
-219
-235
251
-198
190
-62
-60
-154
-80
34
-140
26
-71
160
-118
120
7
89
41
-164
269
-218
142
-201
163
-147
97
426
-102
232
-137
243
-281
-37
459
-364
384
-179
256
-88
51
306
-238
406
-105
232
-295
252
-165
205
315
-62
247
-221
280
-276
-67
333
-118
487
-132
238
-34
-175
375
-221
443
-152
30
336
-304
258
-140
317
130
-112
391
-392
294
-252
129
134
-195
552
-403
347
-131
-213
285
-293
367
-250
185
-32
-31
237
-143
373
-200
201
-143
-108
227
-397
506
-353
292
14
-7
283
-449
317
-210
129
150
-90
230
-192
257
-121
-5
259
-229
359
-234
111
151
-227
270
-345
252
9
-232
202
-142
9
-126
127
-81
102
-64
130
-103
-278
74
-279
134
-114
51
-9
-11
-114
72
-41
-43
-65
-121
146
-340
164
-217
-58
-11
-207
253
-168
202
-134
-18
87
-37
20
24
50
-103
104
37
33
76
21
5
-109
143
183
-167
154
-35
-63
-54
-54
99
-204
149
-143
116
23
-166
161
-323
10
-125
-81
78
-239
50
51
-269
27
-259
78
-60
15
232
-99
120
-257
-12
-74
-156
77
-113
336
-189
121
49
-328
92
-402
168
-228
187
153
-129
136
-199
3
-144
202
74
13
107
-291
11
-255
86
34
-49
235
-190
303
-361
129
-5
-93
243
-310
417
-130
-19
211
-331
428
-180
281
26
-40
205
-263
379
-162
240
9
53
176
-270
268
-265
36
-8
204
76
-7
55
-212
113
-269
204
-86
69
-78
-177
-18
-305
193
-184
-73
-101
-262
133
-236
159
233
-484
332
-410
-36
-4
-513
510
-544
292
-209
-337
199
-392
291
-93
84
-32
-267
-40
-255
62
34
-161
38
-124
209
-222
-98
108
-372
223
-204
177
-46
56
1
-258
60
-172
193
4
131
50
69
67
-49
199
-144
232
-135
208
100
-12
243
-135
169
-31
47
301
59
167
-70
-49
45
-133
181
-74
136
187
-37
187
-387
409
-249
81
150
-211
514
-542
336
-217
-84
313
-318
535
-350
209
-85
-231
121
-285
132
-194
-17
-18
28
131
135
-241
113
-137
-147
221
41
-74
-250
-139
-113
-122
65
172
-110
118
-36
41
25
-7
141
-66
379
-162
320
-167
11
72
-77
483
-343
637
-211
193
218
-135
508
-537
449
-457
440
128
38
332
-360
321
-549
470
-512
173
218
-192
162
-275
468
-265
129
60
-28
-11
-84
118
-167
257
-262
78
30
-146
41
-232
272
-233
2
65
-35
-20
69
35
-78
88
-188
-17
-154
-220
325
-133
193
-75
-181
259
-320
238
-46
25
188
-234
238
-91
395
95
-2
309
-184
103
116
213
205
28
157
68
192
262
230
187
-24
-17
-134
315
171
175
139
-138
71
-7
77
-83
30
-180
-143
-60
4
181
-225
125
-277
-173
36
-31
309
-306
55
-221
71
-79
60
128
83
-5
-364
284
-97
-52
3
-263
242
-423
170
111
-319
161
-528
251
-387
-240
161
-435
258
-489
180
-376
-271
73
-322
441
-607
258
-304
-223
69
-391
447
-115
431
-17
7
54
80
284
357
372
-157
228
-363
331
105
302
312
-454
463
-153
366
157
47
-90
-243
140
-163
201
-109
95
-278
-6
50
-179
12
-147
52
-289
531
-329
26
76
-323
299
-561
728
-305
41
359
-319
612
-578
510
-429
145
341
-406
611
-799
217
-358
-91
272
-667
417
-683
-156
-325
-405
55
-488
235
-230
-96
-95
-344
-40
-119
-253
207
-199
76
-171
-440
270
-310
274
45
-241
73
-350
315
-156
116
194
44
174
-442
-22
-250
-16
8
-400
342
-109
285
-79
1
189
-148
521
19
633
82
426
220
64
588
-454
642
-71
145
315
-136
474
-431
309
82
-256
199
-300
-70
-391
-405
230
-599
213
-443
-319
-83
-618
268
-464
-52
-499
-255
-70
-90
194
21
-52
-189
225
-96
4
-141
72
109
182
120
-175
-197
-655
8
47
124
385
-165
-252
-541
-475
80
-184
-69
222
-375
223
-140
22
-197
-153
616
-150
879
24
232
-161
-334
466
-581
790
-244
255
391
-75
654
-232
552
-186
90
41
-464
-36
-545
-281
-314
-136
210
-389
-264
-442
-403
279
-45
-66
6
-613
-256
-703
227
199
-27
263
-267
375
-179
598
106
96
443
114
444
18
67
430
-154
227
7
188
127
-369
32
-169
68
270
154
172
-108
-179
194
-6
432
400
382
-40
-374
51
-45
245
361
489
464
223
261
-79
60
160
366
124
175
-91
-405
-186
-380
112
-29
341
17
14
-3
-140
108
-81
110
-66
-106
65
-531
-86
-181
113
92
64
254
-244
363
9
580
157
184
269
-77
299
-142
354
172
44
278
170
118
-14
143
100
-22
90
-113
119
-75
-130
90
-181
75
-165
-226
-197
-451
-214
-174
-301
-76
-35
-37
217
-82
130
19
-122
160
-270
296
109
92
-112
156
266
372
765
387
451
186
273
114
165
367
-131
-22
-264
-173
-126
-302
19
-128
364
334
297
401
-49
95
-199
240
54
-1
236
-446
-90
-477
-98
-192
-248
295
-239
286
-175
-279
150
-209
332
-103
84
-194
-741
-364
-796
-232
-386
-316
-223
-716
-203
-937
-331
-377
-639
55
-526
245
-71
2
264
-75
345
38
387
368
266
284
79
442
12
338
267
2
196
111
418
414
628
560
615
421
343
127
23
-116
-374
-206
-219
-54
-97
-83
-147
-175
125
147
640
657
678
746
668
720
609
633
633
500
290
416
344
613
666
552
448
406
347
215
346
173
69
-240
-410
-606
-767
-655
-909
-912
-972
-1152
-950
-974
-952
-900
-747
-548
-411
-535
-595
-688
-825
-659
-708
-401
-500
-512
-663
-605
-616
-557
-448
-747
-768
-1063
-1069
-1084
-1412
-1390
-1492
-1591
-1538
-1728
-1771
-1622
-1735
-1439
-981
-781
-276
-434
-349
-449
-417
154
106
671
429
925
1065
1395
2251
1863
2800
2452
2923
3125
2922
3307
2563
2912
2684
2800
3033
2768
2997
2584
2948
2953
3226
3481
3437
3575
3430
3707
3434
3417
3329
3185
3157
3154
2990
2878
2331
1767
1185
483
-31
-1090
-2106
-3371
-4508
-5123
-5858
-6310
-6831
-7174
-7395
-7351
-7124
-6902
-6841
-6964
-7191
-7363
-7267
-7224
-7191
-7299
-7207
-7172
-6592
-6012
-5176
-4405
-3509
-2323
-1584
-326
327
860
1286
1482
1754
1714
1826
1438
1161
1008
818
931
920
1114
1259
1523
2171
2482
3112
3494
3846
4274
4547
4992
5157
5290
5540
5653
5826
6335
6243
6625
6671
6967
7354
7696
8052
8401
8433
8657
8900
8529
8863
8155
8232
7823
7617
7386
6498
4788
3326
1595
-450
-1380
-4058
-6028
-8598
-9995
-10656
-11780
-11059
-11641
-11013
-10518
-9462
-8038
-7239
-5876
-6242
-6016
-5784
-5467
-5121
-5326
-5624
-6168
-5974
-4716
-4222
-2827
-1789
-939
491
1561
2914
2712
2913
1809
586
-453
-1965
-3257
-5094
-6455
-7507
-7982
-7191
-6666
-5769
-4294
-3177
-1297
209
1577
2102
2419
2402
2219
2115
1945
1683
1202
1282
1729
2570
3781
4707
5435
6199
6827
7513
7876
7964
7716
7194
6901
6578
6157
6237
5378
5878
5259
5940
6574
6217
7760
6546
8023
7810
8207
9064
7695
8477
7199
7201
7262
6166
6273
3564
2378
1243
-1336
-627
-3748
-5222
-7858
-10066
-9633
-11980
-10985
-12499
-13133
-12602
-12883
-10851
-10913
-9530
-9877
-9948
-8678
-8281
-6567
-6345
-6735
-6882
-7006
-5055
-4433
-3536
-2220
-2426
-277
1142
3075
4142
4525
4920
4242
4035
3742
2321
709
-1619
-3509
-4940
-5334
-5065
-5959
-5172
-4736
-3135
-955
651
2146
2513
3354
3712
3582
3611
2846
1839
799
252
234
678
1818
2228
3315
4718
6179
7716
8537
9245
8797
8637
8365
7323
6459
5431
4146
3265
2508
2325
2160
2514
2974
3320
3930
4975
6093
6447
7351
6612
6928
6650
6824
6636
5679
5067
1799
1280
-1111
-2251
-2390
-5996
-6783
-9947
-9911
-9802
-10609
-9688
-11015
-10664
-10148
-9112
-7695
-7255
-6580
-7302
-7106
-5931
-5299
-3767
-4275
-4656
-4249
-3846
-1109
-832
282
957
1051
3619
4542
6335
6341
5850
5440
4070
3754
2044
420
-2178
-5023
-6608
-8257
-7968
-8955
-9134
-8673
-8083
-5061
-3443
-1377
56
540
1914
2189
2476
1920
880
-79
-1257
-1558
-1725
-1413
-933
-287
983
2596
4469
6138
7043
7858
8132
8430
8350
7578
6515
5274
4677
3477
3432
2611
2552
2957
3154
4214
4959
5970
6761
7811
7976
8773
8444
9115
9097
8547
8938
8228
5899
4557
2634
63
72
-2477
-4822
-7782
-9579
-9676
-10892
-10096
-10445
-11166
-10518
-9552
-8575
-7648
-6058
-6835
-7220
-6890
-6284
-5517
-5119
-5492
-6602
-6360
-4123
-3206
-1746
-275
-11
1849
3595
5780
6149
6489
6355
4988
3905
2935
936
-1429
-4021
-6652
-8650
-8927
-8843
-9628
-8627
-7919
-5822
-3102
-1021
710
1336
2509
3296
2829
2563
1716
17
-1094
-1630
-2098
-1961
-1072
-670
539
2295
4250
6343
7400
8377
8701
8943
9573
8861
7769
6749
5568
4636
4444
3702
3588
3466
3923
4549
5122
6898
7286
8683
8688
9218
9337
9518
10441
8926
9544
8305
5917
4036
1952
-473
-1737
-3508
-6493
-9567
-11725
-11514
-13077
-12303
-12363
-12843
-12271
-11043
-9298
-8863
-6995
-7160
-7680
-7144
-6508
-5430
-5354
-5238
-6271
-6462
-4415
-3199
-2299
-907
-357
1040
2962
5386
6266
6173
6635
5259
5069
4256
2704
1108
-2322
-4247
-6631
-7457
-7068
-8993
-8272
-8494
-6950
-4090
-2324
-18
312
2003
3424
3895
4374
3703
2620
1183
444
-41
-597
-496
-1044
-315
489
1972
4585
5253
6799
7460
8356
9831
9854
9266
8136
6899
6386
5797
4910
4275
3115
2889
3295
4022
4408
5487
5984
6384
7762
7908
8978
9132
8512
9344
8299
9470
7497
3685
2785
-2195
-2436
-3914
-7389
-10634
-15302
-14625
-16290
-15061
-13852
-14836
-13716
-13183
-10316
-8627
-6538
-5237
-7277
-7074
-6689
-5398
-4043
-4403
-5508
-7000
-4659
-1904
-687
1856
1826
3051
5030
7508
10235
9073
9795
7881
6032
5960
4135
2812
-533
-3973
-6722
-8227
-7628
-8073
-9073
-8899
-8626
-6066
-2838
-1263
280
873
2237
3218
3886
4074
3048
1728
386
5
-546
-149
-244
-286
474
1713
3832
5544
6445
7237
7963
8817
9884
9165
7954
6583
5511
4940
4110
3200
1640
1028
1023
1396
2157
2490
3685
3216
5018
5695
6539
7359
7072
7422
6856
8233
8236
5623
2804
1359
-3145
-2230
-4227
-8240
-11344
-14976
-14100
-15881
-13524
-13233
-14073
-12408
-11604
-8502
-7209
-4275
-4753
-6223
-5227
-4819
-3458
-2326
-3174
-5039
-4912
-2088
24
1418
3759
3451
5233
7384
10471
11149
11074
11051
8494
7267
6741
4638
1637
-1232
-5498
-7814
-8650
-8437
-9644
-10151
-9709
-8854
-6319
-3544
-2030
-1409
-56
1034
1384
1936
2089
538
-227
-933
-1232
-1207
-913
-418
-406
748
2536
3809
5228
6148
6522
7379
7913
7881
6757
5419
4394
3479
2868
2353
1190
529
266
967
959
2170
2439
2929
4157
4168
6406
5748
7299
6883
6831
8707
8056
10150
7476
5096
4596
558
1576
-1069
-4997
-8312
-12590
-12018
-13930
-13081
-12777
-14217
-12269
-11853
-8404
-6554
-4864
-3529
-5438
-3783
-3511
-2128
-1473
-3039
-4305
-5037
-2795
-832
-14
1952
1832
3632
6090
8687
10759
10190
11022
8951
7786
7476
5013
2263
-1279
-5609
-8652
-10214
-10571
-12273
-12777
-12558
-11926
-8975
-6033
-3618
-2564
-247
1118
1938
3114
3065
2044
402
-275
-888
-1604
-1251
-687
-919
349
2304
3757
5741
6984
7663
8393
9034
9004
8184
6430
5362
3938
2625
2527
659
-334
229
-489
743
1124
2057
2795
3473
5723
5899
7624
7618
9126
8494
10435
11135
10890
9083
6139
5611
905
3452
-1112
-4364
-7761
-11449
-10048
-12903
-9971
-12012
-12069
-10293
-9856
-6691
-5663
-3511
-4650
-5268
-4448
-4149
-3269
-2580
-4488
-6026
-5550
-3129
-1603
-306
1504
1271
3799
6417
9213
10070
10307
10226
8326
7306
7068
4309
1632
-1601
-6419
-8650
-10143
-10962
-12511
-13337
-13110
-12501
-9683
-6908
-5966
-4359
-2853
-1285
-470
836
1200
-265
-342
-1062
-1242
-1456
-904
-358
-412
1546
3305
4760
6828
7646
8458
9599
10265
10506
9625
8174
7283
6091
5404
4796
2861
1931
1698
1423
1351
2373
1440
2569
2853
3646
5746
5296
7005
7541
7643
10224
10744
12029
10588
6892
7746
2760
4033
1289
-3568
-6363
-12029
-10032
-13056
-11757
-11806
-13621
-11108
-11260
-7242
-6264
-4718
-4367
-6668
-5690
-5740
-4976
-4633
-6580
-8049
-8491
-6445
-3621
-3341
-952
-732
1588
4822
7704
10290
9777
10635
9130
8284
8440
6282
3902
719
-3484
-6132
-7709
-8487
-10315
-11690
-11868
-11302
-9793
-6791
-5360
-4707
-2673
-1255
317
1124
2111
1362
546
165
196
-280
-452
197
-410
700
2250
3407
5160
6290
7178
8691
9682
10480
10092
8996
8668
7506
6634
5966
3929
2026
1157
371
-176
-599
-399
-876
-166
1179
2312
3734
4237
6389
6539
8893
10816
10830
10818
6997
6984
3397
2471
1335
-4333
-6624
-11120
-10548
-11777
-10856
-10370
-11567
-9395
-8727
-5790
-4156
-3087
-3101
-4959
-5257
-4961
-5540
-5411
-7035
-9483
-9287
-7879
-5298
-3922
-2063
-765
1210
4697
7676
10151
10216
10887
9817
8722
8917
6991
4658
1918
-2090
-4297
-6023
-6517
-7604
-9539
-9284
-9938
-8289
-6842
-5361
-5024
-4501
-2874
-2609
-1292
-956
-1009
-1382
-2090
-1280
-1387
-1328
-398
-1026
-1
1004
1948
3449
4245
5105
6056
7471
8115
8504
8108
7767
7608
6626
6794
5269
3839
2499
1679
527
191
-597
-1303
-766
-1687
723
965
2687
3276
5099
6719
8768
11175
11695
12348
8097
9977
5598
4873
3656
-2595
-4164
-9885
-8416
-10531
-10493
-9403
-11257
-8907
-8125
-4826
-3430
-2557
-2025
-4206
-4385
-3799
-4643
-4878
-7037
-8889
-9444
-8179
-5022
-5125
-2776
-1701
497
4373
7419
10444
10635
11022
11058
10231
10069
8848
5845
2545
-1704
-3909
-5996
-7286
-8540
-11254
-11850
-11867
-10459
-8492
-7874
-6571
-6624
-5439
-3289
-3071
-1955
-2193
-2955
-3344
-2886
-2385
-2246
-2083
-2243
-1346
-592
1280
3018
3516
5247
6690
7876
9613
9921
10002
9828
9298
9022
8123
6728
5220
3543
2122
1465
552
41
86
-132
321
2149
2776
4756
5679
6778
9220
9812
12950
12564
13090
9888
8941
7324
3750
4557
-1705
-3732
-8156
-9172
-9056
-10486
-8854
-10159
-9242
-8243
-5807
-4402
-3893
-3673
-5577
-6451
-6275
-6392
-7085
-8198
-10336
-10611
-9517
-6702
-5229
-3950
-1869
-328
3457
6370
9668
10026
10398
10666
9838
9760
8798
6316
3049
-574
-3323
-4772
-6634
-7705
-10630
-11465
-11742
-10512
-8456
-7682
-6674
-6338
-4639
-2955
-1864
-1063
-1128
-1991
-2139
-1382
-1179
-933
-1024
-1187
-337
573
2657
4169
4773
6258
7655
8943
10648
10746
10702
10064
8990
9058
7404
6276
4186
2191
1091
-394
-75
-1833
-1150
-1667
-1196
1393
1360
4606
4040
6557
7992
9392
12236
11605
12538
8460
8636
5971
3632
3572
-2002
-4135
-8213
-8686
-8713
-9772
-8932
-10050
-9633
-8401
-6547
-5527
-5047
-5408
-6630
-7404
-6894
-6934
-7332
-8314
-9899
-9694
-8500
-5608
-4332
-3205
-1133
591
4137
7379
9478
10628
10863
11224
10909
10453
9348
6665
3497
-52
-2813
-4639
-6705
-8146
-10659
-12050
-11132
-10917
-8596
-7994
-7088
-5598
-4883
-2132
-1794
-1007
-569
-1247
-1166
-981
-364
-522
-368
1
766
2150
3780
5400
6126
7387
9052
9948
11074
11226
10446
9713
8478
7450
5891
3928
2367
-12
-1146
-1878
-2901
-2559
-3337
-2534
-2275
-983
1415
1656
4296
4318
6491
7799
9331
11122
10171
10913
7407
8062
5355
4039
3170
-1802
-3111
-6955
-6765
-7725
-8463
-7955
-9516
-8554
-8180
-7036
-6099
-6444
-6570
-7606
-8251
-7279
-7560
-7772
-8258
-9514
-8673
-7231
-4879
-3678
-2106
-365
1710
4827
7361
9677
10210
10849
11253
10596
10280
9005
6252
3233
-143
-2654
-4791
-6847
-8560
-10901
-11831
-11344
-10732
-9361
-8566
-7473
-5949
-4716
-2480
-1962
-1303
-914
-1442
-1202
-1160
-719
-910
-890
-292
434
1845
3692
4908
6005
7436
8759
9970
10568
10402
9867
8450
7861
6269
4491
3079
814
-352
-1710
-1968
-2635
-2388
-2606
-1927
-1102
317
2339
3350
5007
5959
8086
9129
11392
11522
11705
9937
8527
8127
4974
5434
1106
-1600
-4331
-6729
-5742
-8082
-6926
-8406
-9218
-7898
-7744
-6102
-6254
-6504
-7421
-8697
-7954
-7623
-7962
-8056
-9315
-9235
-8319
-5472
-4088
-2900
-680
361
3583
6333
8749
9839
10051
10370
9978
9804
9310
7387
4451
1569
-1123
-3336
-5091
-6855
-9417
-11207
-10988
-11183
-10012
-9211
-9074
-7693
-7038
-4490
-3509
-2774
-1386
-1853
-1388
-510
128
482
798
1127
1911
3153
4600
5791
6373
7072
8669
9239
10194
10705
9395
9335
8014
7144
6075
4168
2996
708
-527
-1425
-2032
-2719
-2949
-3056
-3141
-1806
-368
1221
2464
3842
5637
7475
9171
11535
11508
11572
10178
8824
7927
5555
5148
522
-2048
-5032
-6699
-6272
-8306
-7477
-9587
-9435
-8063
-8086
-6044
-6660
-7131
-7985
-8896
-8054
-8071
-8332
-8939
-10326
-10143
-8480
-6268
-4717
-3417
-1680
-49
3528
6338
8602
9909
10120
10816
10918
10781
10332
7708
5332
2516
-117
-1534
-4033
-5408
-9306
-9755
-10497
-10714
-9048
-10240
-8791
-9101
-7052
-4861
-4472
-2572
-2366
-1803
-927
-14
1001
936
1331
1835
2392
3632
4815
5406
5742
6919
8072
8944
10180
10057
9504
9356
8786
8219
6791
5393
3481
1708
375
-645
-2154
-3301
-3677
-4720
-3929
-3210
-2155
-357
699
2996
4897
7327
9748
11137
12520
12777
12305
10695
10231
7018
5448
2651
-1345
-3512
-6490
-6516
-8477
-8591
-9096
-9627
-8542
-8177
-6667
-6821
-6623
-6995
-8197
-8068
-8428
-9138
-9698
-10679
-11395
-10353
-8849
-6832
-5364
-3503
-891
1690
5168
8181
10244
11244
12428
12525
12288
11664
9578
6925
4087
1178
-1001
-3147
-5075
-7234
-9311
-9434
-9550
-8949
-8066
-7971
-7492
-6609
-5276
-4160
-3753
-3007
-2745
-2240
-1471
-464
258
790
1839
2317
3488
4620
5486
6352
6715
7186
7858
8132
8322
7905
7073
6597
5646
4378
3186
1662
322
-969
-1952
-3011
-4259
-4420
-4987
-4675
-4283
-3344
-1896
-925
1408
2885
5117
7448
9520
11401
12933
13955
14772
12774
12511
10655
7166
7374
1932
129
-3538
-5703
-5945
-9112
-8051
-10050
-9874
-8924
-9240
-7837
-8503
-7823
-8743
-10029
-9319
-10372
-10473
-10689
-11837
-11079
-10334
-7759
-6041
-4394
-811
729
4916
7655
10424
12344
13007
14472
13276
12782
11524
8695
6373
2874
-30
-2699
-5416
-6555
-9741
-10156
-10628
-10839
-9372
-9495
-7871
-7203
-5821
-4030
-3508
-2351
-1472
-947
-559
190
778
996
1760
1831
2642
3457
4121
5413
5748
6348
7256
7463
7886
7885
6882
6384
5185
4057
2284
1028
-936
-2460
-3814
-5285
-5593
-7044
-6062
-6338
-5583
-4103
-2630
-463
1473
4241
6080
8267
11024
12474
14399
15050
15469
14647
12171
12553
8531
7341
5687
1077
-41
-3655
-3989
-5466
-7000
-6151
-8582
-7782
-7921
-8137
-7869
-9120
-9335
-11232
-11885
-11429
-12702
-12066
-12329
-12236
-10586
-8951
-5331
-4149
-520
2069
4360
8470
10229
12853
13172
13491
13695
11762
11491
9301
6280
4051
224
-1660
-4183
-5876
-7371
-9861
-9889
-10424
-10205
-9319
-8841
-7839
-7264
-5839
-4456
-3877
-2480
-1890
-1713
-1100
-145
650
1243
1924
2276
3112
3732
5118
5955
6148
7080
7091
7176
7526
6974
6215
5252
3811
2252
866
-446
-1884
-3562
-4755
-5708
-6269
-6156
-5530
-5116
-4219
-2420
-782
1675
4137
6348
8515
10585
12406
14685
14856
16219
15366
12816
13572
9619
9196
6814
3104
1377
-2475
-2233
-4682
-5231
-5988
-7837
-7478
-8435
-7748
-8256
-9544
-9678
-12127
-12438
-12286
-13268
-12470
-13542
-12712
-11770
-9711
-6034
-4864
-1154
945
3921
7647
9813
12719
12791
13589
13791
12501
12501
10290
7962
5340
2010
165
-2564
-4055
-6306
-8377
-9354
-10164
-9780
-9990
-9571
-9321
-8913
-7682
-6646
-5302
-4597
-3642
-2820
-2469
-988
-261
694
1651
1902
3136
3844
4539
5740
5977
6532
7327
7347
7761
7507
6709
6241
5155
3767
2773
908
-373
-2134
-3732
-4515
-5652
-5991
-6171
-5947
-5243
-3947
-2222
35
1753
4818
6492
9376
11951
13492
16254
15827
17291
15238
14351
13731
10009
9828
5375
3005
-62
-2371
-3085
-5734
-5668
-7436
-8079
-8266
-9079
-8694
-9890
-10897
-11657
-13981
-13627
-14544
-15171
-14813
-15716
-14006
-12983
-9727
-6975
-4645
-415
1774
6012
8870
11594
13981
14253
15804
14912
14257
13529
10505
8770
5133
2554
188
-2455
-4118
-6391
-7807
-8964
-9065
-9881
-9108
-9399
-9104
-8212
-8329
-6900
-7023
-5867
-5172
-5026
-3404
-2943
-1671
-511
267
1554
2297
3835
4753
5700
6762
7104
7710
7719
7783
7318
6536
6020
4242
3163
1552
-255
-1340
-3454
-4226
-5407
-6264
-6207
-6485
-6022
-5160
-4039
-2132
-283
2246
4823
7066
9664
11897
14224
15868
17661
17816
18204
15561
15651
12890
10104
9524
3965
2725
-1515
-2671
-4141
-6691
-5978
-9041
-9191
-9674
-10819
-10313
-12357
-12625
-14924
-16390
-15798
-17040
-16279
-16179
-15964
-13934
-12223
-7553
-5337
-1219
2634
4971
9866
11790
15252
16088
16450
16619
14544
14031
11743
8842
6352
2700
480
-2151
-3681
-5209
-7694
-7318
-8879
-8453
-8071
-8785
-8191
-9071
-7959
-8194
-7993
-6832
-7385
-6410
-5873
-4494
-2943
-2021
-78
826
2547
4582
6136
7270
7755
8244
8309
8481
8512
7499
6587
4906
3648
2357
898
-99
-2092
-3201
-4217
-5104
-5382
-5480
-5802
-5668
-5066
-3909
-2506
-1142
851
2523
4611
7521
9371
11728
13880
15124
17419
17015
18566
16935
14607
15019
10053
10045
6565
3071
802
-3864
-3749
-7500
-7937
-8780
-11494
-11307
-13407
-13126
-14172
-15315
-14918
-18008
-17014
-17176
-17035
-14894
-14864
-11941
-10856
-6881
-2679
-446
4813
6482
10063
12254
14286
16703
15678
16746
14898
12892
12034
9239
7417
4486
2008
-140
-2560
-3080
-5165
-6302
-7172
-8309
-8427
-8963
-8531
-9028
-9165
-9039
-9221
-8659
-8089
-7034
-6288
-4896
-2944
-1406
761
2381
3948
5213
6563
7404
7917
8198
7836
7392
6304
5509
4374
3216
2220
1213
33
-881
-1638
-2628
-3494
-3905
-4502
-4662
-4538
-4562
-4026
-3997
-2722
-1596
-469
2178
3666
6198
8630
10709
13102
14647
16835
17745
18423
18650
18186
15430
13933
11293
7174
5739
1081
-1636
-5531
-7415
-9020
-11606
-11276
-13365
-13869
-14202
-14607
-13920
-14999
-14246
-15414
-16257
-14903
-14642
-12758
-11238
-9161
-7187
-4875
-294
2073
6006
9328
10929
13665
14527
16643
16435
15899
15197
12231
10677
8301
6325
3895
896
-1150
-4109
-5044
-5750
-7092
-7371
-8544
-9000
-9500
-9045
-8850
-9178
-9050
-9229
-8607
-7910
-5992
-4911
-4164
-2215
-950
1004
3212
4437
5522
5674
6104
6246
6081
5720
4683
3643
2524
1994
1236
708
226
-946
-1458
-1902
-2313
-2519
-3018
-3328
-3729
-3693
-3452
-2946
-2443
-1639
-49
1137
3358
5652
7600
9780
11842
13266
15559
16175
17474
17909
16450
16728
14579
11644
9417
6120
2662
367
-2783
-5394
-8544
-9757
-11089
-12236
-11825
-12432
-12353
-13106
-13013
-12834
-13608
-12464
-13391
-13732
-13045
-11811
-10083
-8172
-5446
-3757
-864
2682
5615
8732
11288
12936
13724
14042
14609
13580
12571
10686
7937
5615
3158
1838
-402
-2207
-3521
-5523
-5986
-6336
-6822
-7113
-7296
-7817
-8409
-8298
-8470
-8241
-8216
-7927
-7356
-6824
-4912
-3541
-2201
-485
997
2384
3499
4632
4881
4898
4563
3855
3211
2412
1845
994
211
-245
-988
-990
-1176
-1447
-1496
-1872
-1856
-2073
-2354
-2074
-2177
-1977
-1182
-556
522
1648
3425
4432
6564
7819
9466
11448
11601
13973
13388
14087
14255
13298
13760
11470
11838
8898
5943
5430
1020
591
-2169
-4336
-5749
-9553
-8040
-10923
-10687
-10343
-12270
-11356
-13427
-11783
-12088
-11973
-9918
-11546
-9468
-9005
-6571
-4208
-2794
873
864
3953
6072
6818
9659
9256
10283
9504
8741
9281
7168
6846
5019
3107
1714
131
-297
-1966
-2644
-3896
-5386
-5590
-6628
-6946
-7236
-7895
-8088
-8557
-8299
-7816
-7576
-6631
-5965
-5085
-3663
-1952
-355
561
1779
2430
2794
3317
3305
3258
2434
1890
1190
327
-127
-441
-998
-1334
-1520
-1619
-1261
-866
-650
-665
-447
-375
-83
320
745
1030
1451
2151
2622
3433
4205
5166
6113
6635
8025
8204
9183
9373
10039
10561
10277
11645
10237
11351
9968
9243
9140
4963
5161
1418
-414
-1562
-5004
-5256
-9328
-8701
-10130
-11098
-9157
-10765
-8827
-9695
-8892
-7592
-8411
-5756
-6845
-6071
-5258
-4857
-2554
-2633
31
109
1115
3337
3187
5458
5548
6504
6567
5468
6475
4919
4793
4158
2505
1648
-165
-448
-1889
-2884
-3343
-5087
-5338
-6049
-6463
-6260
-6508
-6023
-6276
-5778
-5106
-4548
-3522
-2720
-1870
-1122
34
879
1135
1621
1985
1536
1434
1245
658
211
-308
-652
-1180
-1286
-1169
-1128
-901
-724
-172
-15
649
1043
1055
1464
1519
1482
1768
1796
1968
2141
2498
2850
3151
3773
4349
4984
5461
6055
6450
6933
6945
7994
7749
8781
8299
8716
8833
7971
9196
6835
7487
4574
2769
1933
-1647
-1339
-4351
-5337
-6787
-8523
-7122
-8595
-6489
-6568
-6244
-5486
-6423
-4945
-5573
-5050
-5093
-6441
-5650
-6480
-5042
-4526
-3692
-1989
-2065
415
1132
2558
4072
4182
4770
3912
3837
3389
2476
2340
806
-10
-1067
-1979
-2081
-2850
-2687
-3083
-3492
-3157
-3656
-3254
-2920
-2840
-2396
-2680
-1793
-1688
-1179
-347
-406
37
66
411
271
298
342
-258
-610
-1054
-1167
-1321
-1206
-884
-1169
-780
-381
-352
95
177
252
32
65
216
63
466
434
568
735
1036
1791
2176
2752
3193
3229
3644
3768
4099
3919
4130
4187
4290
4737
4747
5436
5503
6346
6772
7396
7667
8295
8086
8203
7478
6859
5404
2652
2583
-1033
-940
-2820
-4225
-4645
-6359
-4706
-6202
-4673
-4687
-4954
-4706
-6261
-5900
-7588
-7404
-8003
-9123
-8789
-8947
-7685
-6354
-4479
-2440
-1336
810
1917
2608
4083
3878
4178
3235
2681
2134
1146
1402
785
573
314
273
298
288
504
168
-317
-672
-1706
-2045
-2274
-2542
-2336
-2932
-2727
-2831
-2476
-1731
-1642
-1253
-1634
-1567
-2039
-2265
-1918
-2271
-1978
-2183
-1866
-1436
-838
-34
393
756
812
896
665
481
259
-125
-428
-409
-459
-73
584
1157
1655
1981
2307
2221
2584
2218
1935
1429
746
740
354
976
1182
2311
3050
4072
5338
6223
7321
8139
8704
9088
9114
9190
9352
8666
8779
7820
6862
4836
3981
2110
655
-279
-2526
-3816
-5796
-6167
-7367
-7880
-7778
-8832
-8867
-9595
-9670
-9802
-9588
-9144
-9248
-8709
-7855
-6499
-5268
-3164
-1531
-317
1252
2365
2914
4043
4676
4872
4852
4596
4430
3884
4108
3993
3752
3102
2584
1774
748
556
-410
-1171
-1775
-2828
-3427
-3603
-3456
-3120
-3134
-3126
-3040
-3101
-2748
-2268
-2438
-2516
-2339
-2742
-2316
-1689
-1179
-498
-321
137
315
685
1070
1105
783
405
-2
-481
-646
-647
-806
-637
-422
-348
-64
-16
300
-4
-109
-355
-962
-1178
-1389
-1477
-1466
-835
-147
752
2145
3427
4889
5989
7181
7943
8234
9147
8978
9606
9394
9598
9351
9276
9674
8940
9388
7938
7319
4541
2941
814
-2114
-2905
-6211
-7237
-9286
-9657
-9716
-10145
-8800
-9260
-8381
-8533
-8192
-7885
-7914
-7136
-7556
-6753
-5882
-4532
-2548
-853
1291
2618
4136
5524
5702
6601
6242
5900
5320
4353
3939
2667
2588
1910
1484
1219
531
290
-611
-1229
-1844
-2865
-3257
-4097
-4677
-4905
-4832
-4298
-4067
-3208
-2998
-2371
-1905
-1592
-1166
-1353
-1011
-1179
-1276
-874
-652
-316
222
609
1000
1352
1569
1559
1150
602
-26
-706
-1335
-1755
-2330
-2664
-2632
-2574
-2152
-1597
-1082
-563
-357
-14
-25
317
539
651
957
1256
2198
2858
4233
5294
6323
7401
8001
8697
8886
9073
9056
8517
8239
7898
7322
7341
7142
6970
6717
5920
5016
3414
1239
-480
-2761
-4629
-6003
-7886
-8880
-9747
-9493
-9264
-8196
-7198
-6624
-5701
-5768
-5097
-5140
-4777
-4276
-4359
-3432
-2664
-1204
110
1673
2851
3500
4435
4491
4683
4590
4015
3392
2302
1604
998
378
470
28
-346
-815
-1575
-2328
-3046
-3640
-4309
-4723
-5074
-4992
-4838
-4344
-3269
-2799
-1906
-1188
-1015
-510
-641
-602
-800
-1112
-953
-1003
-569
-13
767
1245
1650
1905
1648
1541
831
225
-703
-1698
-2336
-3113
-3167
-3136
-2770
-2072
-1417
-569
17
649
872
925
1016
814
858
1059
1209
1632
1909
2553
3168
3828
4810
5330
6121
6249
6544
6285
5983
5954
5111
5370
4840
4867
5277
4628
5369
4523
4430
4213
2967
2663
1145
-394
-1661
-3142
-4237
-4678
-5251
-5244
-5489
-4932
-4583
-4138
-3252
-3482
-3199
-3629
-3686
-3578
-3426
-2539
-2253
-1433
-832
107
901
1669
2341
2018
1887
1311
408
43
-549
-1086
-1352
-1552
-1388
-1453
-1075
-1202
-1426
-1672
-2230
-2538
-3045
-3096
-3109
-3276
-2749
-2465
-2059
-1228
-798
-233
-104
-51
-411
-686
-990
-1208
-1023
-1053
-441
-177
308
851
924
982
559
-125
-893
-1734
-2470
-2876
-3104
-2922
-2513
-1810
-980
-57
642
1125
1446
1234
1234
851
602
541
354
769
1104
1749
2534
2976
3482
3579
3502
3372
2988
2811
2419
2266
2105
2032
2441
2456
3371
3548
4149
4515
4346
4912
4262
4755
4453
4364
4891
4308
4658
3824
3126
2505
1122
885
101
-531
-871
-1716
-2006
-2328
-2192
-2200
-2371
-2342
-3003
-3409
-3920
-4444
-4668
-4875
-4753
-4665
-4117
-3518
-3056
-2539
-2283
-2136
-1954
-1960
-1696
-1655
-1529
-1193
-1307
-820
-387
122
705
1058
1314
1112
882
575
60
-183
-518
-929
-1222
-1525
-1713
-1743
-1768
-1790
-2014
-2435
-2686
-3024
-3086
-2905
-2765
-2434
-2152
-1741
-1417
-985
-613
-407
-211
-143
57
112
352
716
946
1475
1832
2170
2544
2602
2807
2573
2453
2126
1783
1524
1273
1039
718
385
-152
-420
-955
-984
-1176
-1244
-1069
-1100
-722
-285
567
1315
2278
3065
3607
4495
4779
5700
6438
6805
8205
8078
9267
9624
9564
10443
9147
9283
7612
5957
4585
2020
880
-792
-1933
-2646
-3532
-4033
-4354
-4796
-5047
-5763
-6552
-7486
-8508
-8983
-9464
-9189
-8861
-7916
-6907
-5596
-4093
-3017
-1755
-1285
-794
-526
-544
-92
171
625
1465
1817
2558
2956
3048
3209
2647
2033
892
-327
-1421
-2478
-2995
-3231
-3295
-3053
-2909
-2716
-2585
-2645
-2669
-3088
-3299
-3682
-3808
-3648
-3290
-2266
-1468
-65
996
1852
2749
2939
3278
3079
2913
2736
2332
2335
2201
2051
2132
1898
1582
1201
462
-168
-1035
-1726
-2351
-2978
-3163
-3312
-3107
-2754
-2217
-1875
-1520
-1295
-1252
-1044
-921
-375
149
1025
2148
3257
4569
5787
6841
7784
8399
8710
8656
8356
7950
7464
7158
6845
6764
6458
6303
5915
5396
4767
3789
2636
1045
-528
-2262
-3560
-4605
-5003
-5030
-4909
-4397
-4242
-3848
-3790
-3817
-4025
-4501
-4759
-5075
-5010
-4561
-3922
-3029
-2071
-1297
-630
-401
-467
-848
-1517
-2283
-2936
-3583
-3807
-3659
-3371
-2664
-2197
-1707
-1509
-1684
-1864
-2419
-2907
-3321
-3718
-3623
-3242
-2511
-1378
-304
974
1978
2643
3178
3124
2955
2589
2173
1904
1775
1858
2014
2333
2649
2828
2808
2430
1737
743
-428
-1525
-2544
-3194
-3577
-3693
-3473
-3157
-2574
-2174
-1793
-1628
-1838
-1961
-2243
-2136
-1836
-1253
-377
572
1768
2808
3797
4507
4845
4945
4713
4425
3931
3589
3315
3125
3102
3034
3116
2855
2690
2506
2004
1517
593
14
-638
-956
-781
-822
-447
-403
-209
-154
-208
-42
-244
-123
-161
43
320
719
1354
1866
2680
3213
3699
3919
3882
3789
3295
2752
2030
1107
377
-379
-938
-1396
-1869
-2211
-2700
-3110
-3672
-4280
-4895
-5511
-5948
-6301
-6361
-6274
-5948
-5523
-4937
-4354
-3720
-3080
-2568
-2012
-1636
-1206
-826
-424
108
604
1126
1565
1912
2139
2185
2143
1926
1672
1373
1084
887
647
503
338
187
123
-21
-124
-318
-604
-857
-1151
-1276
-1305
-1086
-725
-220
507
1130
1883
2428
2828
3192
3187
3301
3095
2842
2605
2175
1992
1679
1572
1476
1259
1118
786
508
219
-42
-267
-550
-790
-1006
-1201
-1267
-1320
-1318
-1318
-1313
-1186
-1057
-756
-405
-92
431
886
1479
1985
2328
2696
2883
3144
3310
3251
3106
2798
2508
2276
1921
1732
1390
1141
924
628
467
141
-115
-463
-825
-1105
-1402
-1652
-1871
-2068
-2325
-2451
-2471
-2382
-2178
-1935
-1810
-1748
-1817
-1820
-1836
-1890
-1791
-1841
-1794
-1733
-1724
-1605
-1610
-1549
-1611
-1746
-1919
-2186
-2343
-2520
-2541
-2584
-2464
-2313
-2135
-1867
-1590
-1249
-949
-604
-302
40
337
745
1127
1602
2058
2509
2911
3307
3675
3914
4089
4004
4001
3758
3638
3422
3188
2952
2447
2025
1488
1002
525
137
-230
-590
-912
-1172
-1376
-1517
-1577
-1662
-1762
-1892
-2042
-2173
-2247
-2254
-2125
-1883
-1564
-1241
-868
-366
153
557
934
1211
1415
1639
1807
1993
2014
1933
2047
1962
2017
1898
1643
1586
1280
1336
1142
1036
1162
1038
1181
1007
856
672
475
449
289
318
498
573
699
768
669
651
592
550
353
-1
-223
-564
-672
-720
-770
-765
-810
-926
-1254
-1651
-2156
-2704
-3329
-3833
-4300
-4551
-4505
-4376
-4049
-3748
-3356
-3060
-2853
-2659
-2660
-2594
-2558
-2342
-1979
-1515
-890
-282
383
918
1375
1716
1920
2117
1997
1901
1707
1486
1500
1495
1722
1854
1921
1969
1712
1426
997
494
119
-227
-349
-409
-407
-319
-279
-166
-116
-100
-119
-222
-237
-318
-293
-156
-2
359
708
1073
1342
1481
1533
1446
1288
1109
910
800
709
673
655
658
741
801
836
762
587
319
22
-213
-253
-210
12
238
423
624
688
798
821
868
910
854
800
640
530
491
489
638
668
758
789
657
568
297
91
-182
-431
-649
-877
-1023
-1203
-1409
-1619
-1771
-1878
-1900
-1906
-1813
-1755
-1594
-1385
-1247
-953
-992
-795
-913
-954
-822
-1034
-658
-719
-453
-230
-285
13
-201
-102
-159
-343
-217
-484
-490
-620
-731
-606
-621
-485
-501
-578
-703
-895
-999
-1092
-1036
-943
-761
-494
-276
58
244
445
589
646
779
747
787
756
754
851
979
1202
1426
1644
1737
1754
1644
1484
1299
1193
1149
1122
1180
1148
1133
1042
951
832
711
564
371
171
-49
-168
-296
-248
-138
-20
148
213
201
104
-87
-219
-366
-429
-345
-232
-38
80
206
318
431
455
423
379
165
17
-173
-301
-356
-433
-341
-318
-259
-156
-197
-172
-254
-251
-239
-268
-196
-224
-77
53
147
308
362
392
285
122
56
23
201
473
723
870
888
942
869
801
680
490
330
78
-79
-357
-609
-869
-1002
-1030
-1012
-946
-950
-1006
-1148
-1207
-1291
-1210
-1168
-1102
-1087
-1134
-1047
-1038
-820
-619
-388
-44
217
539
727
815
878
964
1122
1259
1314
1269
1195
1166
1195
1236
1282
1272
1257
1181
1040
897
749
610
452
246
69
-56
-139
-135
-224
-316
-420
-501
-560
-608
-594
-629
-604
-641
-627
-608
-557
-419
-358
-389
-428
-569
-570
-583
-571
-459
-593
-533
-630
-579
-455
-481
-239
-429
-345
-410
-449
-297
-351
-84
-110
-20
-41
-89
-57
-145
-73
5
83
295
324
430
461
421
615
529
572
415
231
279
85
160
7
18
33
-171
-121
-342
-363
-463
-527
-461
-494
-468
-492
-491
-390
-393
-387
-393
-399
-347
-385
-372
-380
-326
-222
-97
108
305
498
630
757
876
930
1049
1061
1094
1096
1088
1130
1122
1142
1088
1081
1108
1154
1174
1124
1049
904
815
657
503
357
226
74
-99
-242
-338
-413
-498
-485
-474
-412
-414
-403
-411
-498
-571
-734
-773
-853
-958
-1016
-1063
-976
-974
-968
-979
-993
-1027
-1100
-1183
-1251
-1268
-1335
-1236
-1199
-1092
-942
-856
-663
-597
-379
-275
-136
-24
115
275
305
448
481
680
703
713
712
542
495
237
86
-31
-12
105
126
297
318
392
409
393
378
209
149
49
-118
-181
-345
-373
-420
-408
-357
-344
-228
-211
-215
-217
-390
-365
-388
-346
-248
-220
-86
-251
-167
-217
-298
-235
-264
39
71
279
281
224
344
406
758
793
938
911
924
903
830
936
1004
1164
1036
967
826
644
532
351
284
206
356
315
348
293
312
405
330
298
92
61
-109
-216
-284
-429
-390
-532
-549
-561
-573
-511
-736
-734
-999
-1109
-1037
-914
-565
-576
-310
-237
-160
-86
-136
-55
-157
-18
-54
122
200
207
264
208
385
117
212
173
232
201
31
46
-196
-13
-45
221
393
324
502
340
368
262
337
614
585
769
766
803
776
705
883
790
770
761
688
606
322
332
203
17
-103
-307
-311
-688
-705
-811
-960
-992
-1242
-1091
-1097
-803
-729
-618
-326
-286
-241
-362
-211
-97
81
175
150
254
421
684
818
941
1047
1108
1059
950
831
758
776
640
505
317
263
242
189
44
-147
-169
-171
-157
-312
-337
-351
-201
-47
-69
-149
-277
-248
-219
-319
-275
-289
-364
-468
-668
-771
-823
-703
-623
-725
-873
-815
-705
-601
-586
-652
-673
-613
-537
-626
-681
-655
-523
-531
-611
-549
-437
-176
-161
-308
-446
-420
-177
10
251
544
960
1364
1510
1595
1668
1759
1853
1753
1689
1557
1577
1591
1436
1311
1209
1298
1225
1035
757
520
413
335
244
51
39
82
122
5
-216
-251
-451
-669
-939
-1022
-875
-736
-391
-331
-246
-65
85
235
155
202
92
-18
-103
-225
-189
-180
-52
-42
-153
-364
-620
-830
-1077
-1168
-1198
-1035
-785
-671
-563
-446
-238
-114
-116
-125
-157
-198
-155
-57
43
125
235
286
274
168
107
88
110
30
-164
-296
-404
-353
-239
-189
-240
-391
-681
-987
-1245
-1275
-1229
-1141
-1111
-1215
-1156
-1095
-1024
-1118
-1125
-999
-975
-869
-727
-356
2
218
371
435
599
678
698
701
673
723
773
842
925
993
1101
1181
1111
992
770
559
356
242
245
260
432
616
810
721
576
520
378
270
70
7
17
97
305
410
645
770
914
886
754
741
579
511
321
267
272
259
326
225
123
-110
-278
-395
-628
-725
-963
-1023
-1158
-1209
-1109
-1064
-846
-800
-662
-737
-790
-719
-684
-478
-350
-19
159
367
427
418
512
558
714
626
744
673
670
669
586
583
331
312
19
-247
-478
-813
-922
-1198
-1261
-1391
-1353
-1167
-1188
-1141
-1222
-1226
-1304
-1324
-1214
-1095
-837
-564
-260
-5
231
385
441
382
295
172
144
165
96
124
91
173
196
189
184
51
-22
-290
-458
-525
-554
-403
-308
-141
-118
-85
46
0
73
42
193
367
525
735
780
1112
1365
1648
1727
1712
1811
1803
1722
1484
1326
1377
1400
1334
1131
867
749
419
198
-95
-230
-226
-470
-494
-777
-803
-817
-671
-516
-685
-721
-900
-724
-698
-657
-532
-377
-26
18
100
136
286
506
536
597
620
733
757
734
713
695
729
637
507
278
89
-49
-262
-449
-585
-699
-790
-839
-857
-845
-810
-714
-668
-696
-761
-770
-744
-728
-586
-426
-211
-62
66
202
298
474
546
603
600
542
466
350
293
220
195
47
-179
-328
-498
-595
-811
-940
-1048
-1091
-1066
-1102
-1054
-982
-844
-772
-727
-645
-558
-382
-205
-18
185
391
620
774
840
940
1009
1150
1193
1189
1199
1054
1019
890
855
791
764
824
654
504
298
134
-26
-210
-212
-323
-267
-201
-92
77
92
203
184
257
283
307
457
532
695
688
778
864
924
1041
982
917
674
518
422
353
332
287
261
220
67
-104
-291
-491
-700
-944
-981
-1020
-905
-812
-766
-795
-874
-755
-761
-750
-736
-664
-556
-543
-433
-439
-308
-163
-45
9
-61
-63
-124
-137
-195
-186
-88
7
59
-38
-168
-312
-478
-633
-818
-837
-744
-572
-440
-388
-328
-276
-181
-151
-106
-113
-64
-24
19
141
282
552
777
909
964
946
904
710
474
211
48
22
57
137
212
302
278
125
-130
-351
-495
-607
-703
-789
-825
-810
-736
-585
-411
-242
-116
-34
-25
-35
78
279
516
724
876
1059
1192
1291
1261
1123
1024
872
769
641
588
597
534
455
274
165
17
-103
-306
-573
-739
-856
-879
-935
-915
-858
-795
-742
-798
-821
-832
-710
-609
-533
-393
-283
-92
-40
-8
-43
-31
8
-81
-129
-232
-248
-305
-357
-338
-367
-367
-459
-574
-695
-768
-781
-804
-756
-728
-658
-542
-424
-310
-176
-79
10
81
135
222
323
504
647
787
952
1091
1138
1133
1128
1090
997
899
805
703
608
489
395
243
98
-85
-290
-441
-624
-756
-875
-933
-934
-894
-772
-656
-566
-520
-528
-540
-554
-506
-366
-172
94
338
551
690
797
907
973
1025
1021
1010
972
899
823
755
715
694
708
669
590
463
323
199
40
-23
-91
-135
-179
-271
-310
-345
-276
-204
-149
-93
-63
-17
-16
55
116
157
201
169
157
80
62
5
-51
-74
-145
-215
-383
-521
-691
-826
-943
-1064
-1103
-1189
-1192
-1203
-1191
-1146
-1130
-1042
-984
-878
-786
-676
-575
-479
-302
-108
148
426
676
871
980
1078
1117
1113
1111
1077
1057
1001
979
992
964
919
809
741
653
499
306
74
-116
-311
-426
-510
-473
-421
-409
-385
-423
-381
-380
-343
-308
-301
-209
-138
0
74
154
227
260
341
295
335
376
478
574
543
543
458
422
307
204
174
144
170
101
48
20
36
77
51
62
63
81
81
70
97
122
212
315
427
528
592
640
620
568
504
465
442
386
353
304
253
212
127
44
-65
-149
-249
-345
-417
-519
-596
-674
-709
-742
-729
-688
-635
-565
-538
-492
-461
-395
-318
-270
-189
-150
-81
-34
21
111
195
284
315
356
357
359
299
208
152
78
12
-89
-137
-159
-188
-218
-247
-243
-243
-253
-326
-372
-385
-406
-412
-408
-337
-277
-215
-171
-135
-85
-29
54
129
202
220
225
222
221
272
327
375
385
394
379
342
281
221
193
149
120
62
38
39
33
65
118
206
257
272
257
248
234
212
230
258
307
333
353
393
425
458
408
353
331
300
258
193
164
132
88
8
-63
-122
-183
-257
-344
-388
-439
-497
-538
-515
-453
-417
-411
-404
-384
-378
-366
-338
-262
-199
-175
-138
-82
-2
15
9
9
16
11
-31
-49
-55
-75
-118
-163
-159
-173
-198
-234
-262
-262
-315
-353
-382
-375
-346
-346
-326
-320
-305
-281
-259
-204
-145
-76
-19
14
34
48
81
107
139
162
195
234
247
239
204
212
215
223
201
186
188
124
84
56
86
133
151
198
238
291
287
270
276
277
265
238
260
288
312
338
366
407
424
411
373
310
235
139
51
5
-44
-76
-109
-126
-135
-187
-245
-311
-360
-430
-533
-591
-592
-558
-516
-481
-447
-406
-369
-344
-295
-254
-217
-211
-201
-168
-119
-44
39
111
160
198
204
213
195
178
182
166
162
99
46
-4
-46
-61
-85
-60
-56
-43
-49
-83
-105
-157
-185
-218
-222
-183
-167
-159
-182
-189
-160
-120
-81
-58
-43
-37
-58
-78
-89
-101
-100
-108
-103
-100
-107
-103
-121
-107
-87
-46
14
54
73
59
49
55
69
90
140
205
285
339
365
397
419
436
430
433
445
430
404
373
369
362
359
378
377
359
304
247
159
50
-33
-89
-93
-103
-105
-116
-135
-159
-199
-219
-238
-231
-218
-199
-169
-157
-129
-118
-89
-44
9
45
35
30
21
23
45
81
123
136
137
114
66
18
-29
-39
-39
-25
-23
-35
-29
-52
-61
-77
-89
-89
-116
-127
-145
-146
-155
-172
-162
-150
-119
-111
-116
-145
-183
-210
-218
-210
-204
-195
-189
-191
-196
-209
-226
-222
-211
-200
-208
-188
-162
-158
-149
-121
-54
-15
34
64
94
128
128
152
164
213
249
284
337
361
373
350
339
325
319
320
328
329
307
264
206
174
170
181
181
187
193
187
162
136
116
102
95
105
124
149
157
148
168
172
188
199
218
219
179
152
102
67
39
21
20
-14
-44
-96
-127
-163
-216
-265
-316
-338
-365
-371
-366
-363
-353
-330
-284
-235
-189
-159
-142
-134
-125
-103
-82
-29
36
106
169
212
231
214
192
168
156
136
105
71
16
-32
-80
-104
-108
-134
-167
-199
-234
-283
-350
-389
-410
-405
-375
-347
-292
-229
-167
-121
-88
-37
6
60
93
107
134
158
189
223
271
316
351
382
379
348
289
238
200
151
116
85
73
54
11
-30
-57
-66
-81
-96
-95
-91
-91
-95
-81
-63
-30
7
30
75
106
167
188
179
183
171
173
157
166
174
169
162
127
103
66
30
-11
-60
-104
-150
-197
-248
-282
-313
-329
-336
-330
-309
-298
-288
-289
-289
-291
-271
-240
-202
-156
-108
-59
-33
-14
-3
10
30
49
66
84
102
117
122
121
115
101
87
75
65
64
46
25
14
10
19
27
38
43
41
40
42
45
50
62
86
115
130
128
129
130
129
110
106
109
125
128
98
84
67
57
29
4
-1
-28
-59
-97
-128
-157
-186
-198
-199
-183
-192
-199
-208
-217
-211
-217
-189
-159
-134
-101
-76
-43
-28
-18
5
48
98
127
149
165
182
186
185
199
217
221
203
181
154
124
88
54
34
24
16
17
12
-13
-63
-116
-139
-147
-144
-135
-122
-110
-110
-113
-108
-91
-75
-70
-60
-34
-20
-18
-34
-36
-26
-20
-12
-9
-6
-5
-11
-31
-51
-67
-80
-78
-69
-51
-51
-70
-92
-111
-114
-95
-62
-26
0
9
29
46
74
103
128
164
186
208
218
219
215
202
202
212
236
240
218
178
128
86
44
24
4
-20
-49
-86
-114
-150
-180
-203
-214
-220
-224
-215
-209
-203
-202
-199
-169
-118
-64
-18
11
36
55
74
96
120
150
181
204
223
230
222
208
192
188
188
175
150
122
91
60
34
9
-11
-36
-48
-46
-42
-48
-68
-87
-99
-99
-91
-72
-56
-39
-31
-21
-6
-2
-1
-7
1
9
19
24
25
17
-3
-16
-23
-27
-39
-54
-74
-100
-121
-143
-156
-156
-149
-142
-140
-133
-119
-115
-114
-104
-79
-39
5
40
70
90
105
123
137
156
179
190
200
192
186
178
164
168
166
166
148
131
108
78
44
11
-6
-14
-18
-28
-38
-55
-62
-73
-71
-64
-57
-47
-43
-30
-26
-15
-8
-2
13
28
47
45
44
29
12
1
-17
-25
-41
-53
-63
-80
-96
-109
-126
-141
-155
-164
-160
-155
-149
-145
-139
-130
-119
-94
-68
-38
-13
12
42
71
101
124
147
161
173
182
191
200
198
196
183
164
151
136
116
87
60
29
-1
-30
-50
-64
-80
-97
-116
-125
-134
-140
-143
-136
-127
-110
-88
-71
-55
-44
-34
-27
-18
-6
5
20
30
35
39
36
22
8
4
-1
-8
-12
-25
-39
-60
-74
-77
-75
-75
-88
-98
-109
-107
-102
-94
-76
-55
-24
1
30
59
83
104
123
154
181
200
212
209
215
216
211
206
197
188
166
140
114
83
43
-11
-53
-89
-112
-133
-149
-162
-185
-203
-218
-224
-221
-220
-222
-216
-197
-180
-164
-148
-132
-106
-74
-34
3
28
39
45
52
58
64
66
68
69
70
72
65
47
26
8
2
5
9
4
-7
-21
-33
-34
-26
-10
9
22
31
38
39
43
45
51
72
95
114
121
120
111
90
76
75
72
65
53
29
9
-18
-47
-76
-94
-101
-105
-105
-110
-120
-139
-155
-156
-139
-109
-87
-65
-52
-47
-38
-25
-3
19
38
58
77
97
113
125
129
128
128
128
130
128
116
99
83
70
61
48
33
21
11
-2
-14
-29
-52
-66
-71
-65
-56
-48
-47
-46
-47
-49
-52
-50
-44
-40
-33
-30
-21
-15
-21
-22
-25
-24
-27
-25
-28
-35
-41
-51
-45
-43
-39
-33
-36
-30
-29
-23
-23
-23
-21
-18
-6
3
21
31
43
58
67
73
77
83
86
88
92
85
72
67
59
49
41
29
19
10
-2
-15
-28
-34
-39
-42
-48
-47
-43
-43
-40
-41
-36
-35
-30
-17
-3
11
20
27
29
37
42
44
53
56
61
60
59
59
49
44
39
33
22
10
0
-9
-20
-35
-42
-45
-47
-42
-36
-31
-33
-37
-37
-34
-24
-5
16
35
45
51
56
55
54
58
65
75
82
82
73
57
41
28
21
18
18
17
11
-5
-27
-49
-62
-72
-73
-75
-75
-73
-81
-88
-85
-76
-67
-58
-45
-34
-28
-28
-33
-25
-11
9
28
41
46
41
36
31
30
30
29
29
30
26
19
5
-5
-6
-7
-6
-2
1
4
2
-6
-9
-10
-10
-8
-3
7
10
13
13
14
15
13
12
15
16
14
18
14
11
3
-3
-3
-4
-5
-9
-12
-14
-19
-24
-27
-28
-30
-27
-28
-27
-26
-26
-23
-17
-13
-3
8
20
28
30
33
28
26
27
34
44
43
37
27
8
-3
-11
-12
-11
-9
-6
-3
-1
-7
-18
-30
-35
-40
-39
-33
-30
-33
-38
-38
-35
-26
-15
-10
-10
-10
-10
-11
-11
-8
-4
0
2
3
6
