-70
-72
-70
-63
-63
-56
-47
-40
-30
-22
-18
-13
-5
-9
-9
-4
-11
-11
-10
-9
-8
-6
1
2
8
20
20
29
38
42
49
49
45
44
44
40
42
43
41
44
47
53
56
63
70
63
67
76
73
78
78
66
66
59
54
53
43
37
37
37
35
39
33
28
19
18
17
11
12
7
12
12
7
8
10
12
18
26
28
32
32
35
39
46
53
56
59
63
58
60
68
69
74
79
78
81
81
75
76
74
65
63
55
35
16
-2
-26
-47
-56
-72
-87
-92
-100
-102
-101
-104
-103
-103
-104
-109
-110
-111
-122
-127
-124
-130
-125
-119
-111
-95
-78
-59
-37
-18
-4
10
18
19
18
17
13
6
3
-2
-9
-11
-13
-11
-6
-2
3
9
15
17
19
22
17
10
9
1
-13
-16
-22
-32
-30
-30
-28
-23
-17
-11
1
10
18
25
34
35
38
45
44
43
46
46
49
51
53
58
62
67
73
70
71
74
77
74
69
62
52
49
44
34
27
27
21
24
23
15
16
15
16
19
25
24
22
24
19
18
21
21
24
29
32
35
38
42
48
49
54
59
60
60
56
49
44
34
23
7
-12
-22
-36
-51
-63
-82
-95
-101
-111
-113
-115
-121
-125
-129
-136
-137
-141
-142
-142
-148
-148
-141
-128
-115
-102
-84
-75
-68
-51
-33
-19
-3
7
10
16
23
24
17
14
13
15
19
19
19
22
21
19
21
24
26
29
27
20
15
4
-3
-11
-20
-27
-35
-41
-44
-46
-43
-35
-30
-22
-13
-7
-4
-4
-2
-6
-10
-6
-8
-9
-8
-12
-9
-5
-2
-1
5
14
10
15
19
12
10
11
4
2
3
-4
-6
1
2
-1
4
6
7
18
22
29
32
33
38
38
41
42
46
49
48
56
64
71
80
87
88
91
92
89
88
89
83
77
70
58
51
44
32
19
9
-5
-17
-30
-37
-48
-57
-63
-74
-76
-81
-89
-87
-86
-89
-87
-87
-84
-82
-77
-74
-66
-50
-38
-26
-7
5
11
25
37
46
46
53
50
47
51
53
53
53
56
52
48
44
32
30
28
18
11
8
-2
-14
-20
-34
-46
-50
-58
-65
-66
-70
-75
-71
-72
-73
-73
-71
-71
-71
-73
-73
-66
-64
-66
-56
-51
-56
-44
-38
-40
-38
-34
-39
-34
-35
-34
-29
-30
-29
-31
-28
-32
-33
-29
-33
-28
-25
-26
-29
-26
-27
-19
-12
-7
4
10
19
30
35
44
55
64
76
87
98
108
117
129
137
147
160
162
167
170
170
175
176
174
177
185
177
173
169
152
138
127
114
102
92
74
55
41
17
-5
-17
-34
-45
-56
-66
-76
-79
-81
-83
-84
-83
-85
-84
-81
-83
-80
-72
-66
-55
-44
-36
-25
-16
-11
-7
0
1
5
9
4
-3
-1
-5
-14
-16
-26
-35
-40
-46
-60
-69
-78
-87
-88
-95
-101
-105
-108
-111
-112
-113
-114
-111
-102
-98
-98
-98
-103
-103
-95
-88
-82
-78
-76
-73
-76
-70
-67
-68
-57
-61
-61
-67
-73
-82
-80
-77
-81
-74
-71
-76
-71
-61
-61
-56
-48
-40
-32
-25
-19
-15
-5
3
11
23
31
40
50
63
70
85
102
110
126
135
141
154
165
174
186
197
210
228
243
254
269
282
296
308
316
321
328
333
338
336
332
328
313
300
287
272
256
234
207
180
147
117
86
59
34
0
-34
-63
-93
-114
-129
-142
-153
-163
-171
-180
-188
-191
-198
-195
-188
-179
-168
-154
-139
-127
-114
-108
-101
-87
-81
-77
-76
-76
-79
-84
-89
-93
-100
-107
-107
-107
-113
-117
-121
-120
-123
-124
-124
-126
-128
-130
-132
-131
-127
-123
-118
-114
-107
-104
-104
-101
-101
-100
-103
-105
-106
-112
-111
-117
-120
-121
-132
-142
-153
-159
-164
-166
-167
-170
-172
-175
-172
-164
-159
-151
-143
-133
-122
-113
-102
-88
-71
-51
-36
-21
-5
8
19
35
48
57
74
87
98
110
115
120
133
148
162
174
184
201
220
239
256
272
290
307
322
338
359
375
394
411
427
438
445
459
462
456
451
438
428
404
381
355
323
294
254
215
180
152
119
85
49
8
-23
-46
-69
-91
-117
-144
-163
-176
-192
-202
-212
-212
-211
-203
-185
-175
-166
-162
-161
-158
-149
-142
-141
-142
-152
-160
-164
-166
-175
-182
-182
-186
-186
-192
-197
-204
-209
-210
-213
-215
-219
-222
-219
-217
-220
-222
-225
-229
-224
-216
-212
-216
-212
-209
-216
-212
-214
-218
-218
-216
-215
-216
-219
-231
-234
-239
-237
-236
-234
-230
-237
-229
-226
-218
-199
-178
-166
-159
-130
-122
-98
-81
-72
-56
-49
-28
-24
-3
4
15
28
36
55
63
93
101
122
147
154
175
190
214
227
258
286
312
343
365
397
431
469
504
545
592
628
665
700
730
756
782
798
811
827
824
817
786
758
725
688
655
605
560
501
443
399
356
309
253
193
141
101
55
5
-40
-91
-141
-179
-215
-247
-278
-303
-319
-323
-335
-350
-357
-364
-363
-368
-365
-371
-381
-393
-403
-403
-411
-408
-423
-430
-426
-426
-431
-437
-433
-429
-409
-393
-369
-353
-356
-349
-345
-324
-310
-298
-289
-283
-264
-262
-240
-237
-230
-224
-228
-213
-223
-207
-217
-216
-220
-215
-211
-241
-222
-239
-235
-235
-231
-227
-230
-208
-204
-179
-193
-179
-162
-143
-105
-96
-70
-73
-53
-38
-17
-7
-7
26
28
54
61
84
84
86
112
110
132
124
129
116
135
153
164
185
187
223
238
273
290
318
344
370
412
450
499
518
554
577
597
624
639
668
694
716
711
687
667
650
635
608
575
549
529
501
458
415
384
361
328
288
234
193
157
113
64
-6
-69
-118
-135
-157
-192
-226
-263
-261
-265
-272
-289
-310
-321
-334
-342
-367
-397
-434
-452
-473
-491
-519
-566
-576
-570
-551
-542
-529
-528
-525
-506
-485
-455
-451
-458
-463
-441
-405
-394
-415
-444
-444
-431
-392
-392
-413
-406
-379
-341
-326
-334
-362
-357
-324
-305
-292
-319
-331
-322
-333
-334
-346
-362
-357
-347
-345
-334
-307
-296
-290
-253
-234
-200
-136
-118
-120
-88
-72
-74
-52
-47
-63
-52
-27
7
30
27
45
73
118
147
177
194
197
253
296
330
327
340
369
417
481
486
510
555
609
655
691
727
783
878
953
1015
1048
1076
1119
1187
1228
1229
1223
1191
1196
1187
1137
1087
1026
976
922
870
827
778
739
689
630
554
463
379
294
203
95
-4
-100
-181
-260
-355
-442
-527
-587
-622
-630
-650
-677
-678
-699
-708
-721
-744
-764
-786
-790
-816
-811
-813
-820
-819
-804
-781
-744
-683
-659
-618
-574
-483
-411
-377
-356
-350
-260
-214
-157
-143
-164
-113
-74
-25
-52
-60
-68
-35
15
-5
-20
-67
-65
-62
-56
-61
-113
-146
-164
-184
-214
-274
-330
-374
-411
-454
-507
-536
-571
-570
-554
-547
-542
-519
-473
-424
-371
-311
-273
-238
-207
-182
-154
-108
-52
-33
-5
28
80
140
193
257
312
384
428
519
592
643
679
688
707
713
769
776
797
804
818
885
938
993
1032
1088
1155
1237
1306
1335
1326
1349
1383
1401
1386
1302
1244
1213
1208
1151
1080
996
921
904
864
808
720
640
568
512
442
342
208
100
20
-86
-207
-348
-454
-539
-602
-658
-719
-792
-825
-814
-819
-837
-889
-898
-898
-897
-917
-966
-996
-1025
-1012
-1018
-1057
-1071
-1086
-1030
-977
-961
-903
-898
-792
-720
-660
-651
-663
-584
-590
-485
-540
-524
-527
-501
-436
-475
-447
-488
-379
-381
-320
-308
-283
-239
-256
-205
-255
-218
-245
-194
-222
-235
-267
-305
-263
-309
-270
-303
-244
-262
-218
-238
-219
-156
-194
-93
-119
-40
-75
-39
-4
-24
16
-21
108
96
145
140
188
276
291
411
409
478
524
612
682
682
742
761
833
848
845
854
826
858
878
921
948
971
1015
1026
1071
1082
1103
1120
1120
1144
1099
1078
1001
963
913
825
760
661
600
538
501
469
412
352
331
301
235
158
119
87
6
-93
-208
-284
-388
-469
-529
-620
-706
-788
-772
-795
-836
-852
-842
-850
-885
-869
-874
-874
-901
-945
-1008
-1050
-1058
-1021
-1039
-1054
-1028
-992
-958
-928
-868
-894
-842
-766
-632
-598
-597
-547
-538
-501
-562
-483
-492
-455
-424
-398
-379
-438
-314
-356
-273
-305
-280
-209
-178
-115
-193
-108
-221
-147
-154
-141
-170
-215
-102
-150
-80
-149
-42
-75
-32
21
7
90
52
199
164
244
194
208
239
222
263
161
307
273
378
411
425
450
406
514
498
595
647
728
728
707
749
770
850
907
937
848
841
888
985
1000
974
977
990
1060
1075
1107
1049
1039
1024
1024
975
864
770
672
604
501
431
331
267
234
196
156
114
124
139
88
35
-48
-106
-131
-165
-240
-333
-363
-375
-356
-376
-428
-416
-383
-322
-272
-282
-239
-252
-256
-257
-352
-470
-555
-557
-637
-671
-730
-814
-781
-842
-796
-848
-772
-696
-681
-654
-753
-707
-701
-614
-599
-638
-725
-780
-786
-792
-724
-745
-746
-694
-653
-659
-497
-543
-528
-506
-553
-514
-545
-394
-367
-378
-472
-436
-316
-299
-187
-170
-176
-197
-94
-5
77
211
240
336
363
390
380
408
445
449
570
557
581
627
632
632
573
629
544
672
652
728
700
719
783
849
912
807
908
777
943
923
1000
969
980
1064
1001
1107
1052
1178
1151
1232
1227
1314
1394
1398
1296
1082
1024
856
886
713
531
290
69
-3
-93
-60
-156
-191
-235
-272
-288
-364
-395
-516
-571
-603
-636
-622
-636
-679
-715
-661
-622
-536
-446
-379
-314
-258
-196
-138
-76
-173
-203
-243
-244
-204
-153
-205
-340
-364
-584
-605
-731
-716
-621
-605
-616
-727
-666
-729
-646
-850
-775
-850
-899
-806
-892
-860
-927
-837
-772
-740
-655
-697
-555
-573
-529
-413
-588
-456
-731
-624
-619
-446
-383
-329
-222
-271
-118
-295
-94
-279
-169
-153
-106
-53
-85
-70
-214
-195
-349
-99
-83
191
285
272
394
345
479
407
525
388
476
402
433
618
718
931
822
841
739
859
956
1059
1176
1157
1252
1239
1312
1281
1237
1349
1370
1475
1542
1620
1690
1697
1599
1452
1282
1058
854
523
221
-121
-380
-506
-604
-584
-603
-603
-549
-521
-446
-442
-467
-589
-748
-869
-1002
-1030
-1030
-999
-935
-851
-723
-524
-310
23
212
351
416
473
541
513
497
387
214
73
4
-39
-66
-126
-227
-345
-387
-448
-466
-513
-620
-766
-877
-895
-862
-924
-1064
-1181
-1261
-1358
-1274
-1182
-1148
-1021
-1024
-1065
-1034
-852
-729
-594
-551
-504
-391
-397
-444
-424
-470
-482
-376
-413
-334
-277
-227
-335
-210
-233
-251
-78
-125
-45
-152
-67
-97
-126
-78
24
38
63
209
255
450
589
640
768
674
692
742
805
995
1167
1348
1368
1537
1558
1730
1852
1928
1889
1936
2019
2029
2143
2034
2069
2016
2038
2066
2046
1736
1393
970
557
353
-151
-541
-1092
-1572
-1813
-1990
-1995
-1964
-1925
-1872
-1815
-1799
-1677
-1550
-1572
-1676
-1830
-1878
-1770
-1555
-1320
-1063
-868
-436
173
798
1350
1670
1913
2047
2130
2202
2094
1904
1554
1115
761
567
533
489
420
273
249
202
242
224
96
-189
-438
-754
-1067
-1277
-1617
-1744
-1894
-1912
-1842
-1667
-1391
-1192
-965
-836
-721
-638
-659
-669
-751
-791
-845
-837
-796
-697
-663
-592
-592
-538
-304
-177
58
68
35
-120
-192
-235
-386
-287
-404
-268
-101
-26
142
238
396
623
816
901
1037
1091
1174
1286
1410
1503
1676
1762
1871
1969
2027
2216
2354
2464
2544
2587
2639
2729
2661
2496
2427
2359
2427
2658
2635
2703
2024
1451
794
-139
-486
-1170
-1913
-2745
-3501
-3859
-3853
-3904
-3731
-3602
-3465
-3151
-2791
-2553
-2418
-2522
-2821
-3008
-3136
-2916
-2450
-2104
-1696
-1403
-841
308
1442
2523
3192
3520
3703
3736
3515
3109
2427
1585
727
43
-487
-690
-739
-746
-742
-637
-234
300
827
894
551
73
-431
-991
-1313
-2078
-2525
-2917
-3171
-2941
-2594
-1846
-1230
-621
-88
208
525
721
643
247
-373
-808
-1178
-1373
-1463
-1400
-1195
-869
-410
78
508
880
1064
1048
903
710
569
431
342
132
29
96
345
626
966
1218
1449
1653
1847
2033
2012
2249
2311
2431
2342
2294
2245
2174
2157
2097
2071
1896
1937
1845
2018
2133
2246
2623
2807
3146
3229
3308
2572
1214
80
-1645
-2322
-3115
-4112
-5053
-6026
-6271
-5932
-5502
-4682
-4080
-3774
-3391
-3374
-3244
-3260
-3386
-3868
-4354
-4836
-4775
-3872
-2857
-1805
-947
-82
1532
3101
4495
5284
5266
4946
4321
3591
2698
1602
589
-410
-1270
-1689
-1728
-1132
-664
-139
13
314
927
1303
1583
1175
478
-94
-586
-876
-1251
-1466
-1477
-1399
-1003
-662
-46
419
795
884
502
324
129
-60
-302
-995
-1433
-1644
-1504
-1122
-1021
-660
-490
-157
334
531
775
887
939
932
827
1034
1245
1498
1749
1805
2045
2346
2833
2999
2991
3026
3029
3359
3725
3676
3602
3445
3214
3191
2752
2544
2233
1829
1647
1407
1267
1243
1393
1460
1642
2002
2315
2703
1370
85
-1690
-3368
-3701
-4830
-5899
-6965
-7707
-7307
-6381
-5651
-4562
-3987
-3579
-3154
-3081
-3124
-3094
-3573
-4416
-5146
-5686
-5006
-3677
-2591
-1560
-926
288
2278
3791
4797
4798
4193
3579
2779
1817
859
-242
-1058
-1663
-1934
-1840
-1071
-297
206
550
385
799
1374
1623
1306
497
-178
-360
-177
120
226
240
430
1026
1459
2070
2551
2533
2438
1791
1256
917
461
102
-627
-1288
-1273
-979
-392
-19
77
278
574
1082
1502
1570
1441
1245
1077
966
1059
1277
1452
1690
1873
2228
2883
3450
4084
4213
4538
4730
5011
5330
5068
4869
4305
4156
3786
3490
3010
2496
2137
1956
1869
1912
2045
2136
2094
1805
1751
198
-1265
-3032
-5271
-6043
-7178
-8144
-8774
-9292
-8759
-7627
-6383
-4811
-3681
-3076
-2506
-2443
-2753
-3048
-3850
-4767
-5501
-6200
-5853
-4669
-3445
-2064
-1231
-147
1452
2620
3397
3257
2225
1023
-95
-1162
-2034
-2824
-3199
-3269
-2921
-2155
-1340
-129
637
1097
1086
888
780
514
247
-295
-710
-683
-160
501
1124
1692
2035
2387
2542
2371
2114
1611
1289
918
473
295
167
299
629
779
1072
1236
1398
1591
1515
1485
1265
1263
1372
1367
1573
1682
1907
2042
2114
2299
2177
2241
2269
2164
2334
2611
3313
4201
4953
5844
6215
6563
6877
6790
6419
6030
5013
4252
3522
2727
2621
2280
2451
2629
3249
3367
3920
2956
468
-1462
-4492
-6161
-6999
-8691
-9677
-10479
-10542
-8977
-7428
-5693
-4084
-3492
-3027
-2925
-3177
-3206
-3636
-4655
-5625
-6350
-6307
-4746
-3269
-2105
-1488
-1467
-642
378
684
440
-780
-2299
-3165
-3714
-3572
-3017
-2578
-2216
-1624
-1009
-476
507
676
221
-475
-1538
-1771
-1780
-1535
-1439
-1555
-1264
-684
52
792
1278
1318
879
508
45
-16
187
223
526
440
595
1064
1383
1683
1521
1247
1080
946
1216
1388
1724
2085
2307
2834
3179
3416
3780
3651
3521
3103
2767
2603
2516
2582
2704
3336
3897
5001
5873
6481
6998
7171
6992
6949
6269
5436
5122
4143
4083
3799
3707
4171
4444
4963
5108
4943
3237
439
-2296
-5152
-6325
-7005
-7906
-8329
-8748
-7961
-6131
-4518
-3044
-2363
-2707
-3163
-3882
-4440
-4951
-5553
-6247
-6709
-6640
-5323
-2910
-1117
-277
-586
-1341
-1374
-1359
-1883
-3154
-5012
-6305
-6577
-5849
-4617
-3245
-1988
-746
282
1101
1718
1834
1061
-304
-1945
-3043
-2921
-2479
-1983
-1870
-1464
-571
905
2038
2252
1780
652
-234
-896
-1304
-1418
-1314
-990
-526
84
929
1860
2408
2155
1382
799
540
687
801
651
764
1133
1825
2585
2648
2361
1942
1631
1557
1469
1517
1936
2764
3782
5167
6407
7553
8479
8762
8520
8091
7178
6408
5571
4307
3893
3670
3905
4544
5099
5424
6176
6666
6782
6164
2905
-912
-4415
-7596
-8023
-8070
-8204
-7388
-6765
-4939
-2352
-610
514
593
-988
-2485
-3724
-4625
-4447
-4707
-5055
-4809
-4316
-2148
367
1595
1692
120
-1578
-2256
-2937
-3687
-4701
-6098
-6655
-6210
-5014
-3366
-1832
-1054
-667
-824
-919
-791
-842
-1589
-3070
-4012
-4709
-3697
-1969
-959
-441
-340
-283
118
524
495
147
-814
-1541
-1686
-1306
-66
934
1580
1740
1288
1537
1801
1736
1458
544
-96
-63
411
1211
1725
2159
2325
2203
2006
1199
425
-416
-1151
-1166
-948
109
1462
2897
4425
5620
7102
8065
8551
8611
7997
7464
6889
6184
5786
5100
4699
4922
4869
5292
5397
5406
5633
5769
5789
5391
3622
14
-2946
-5912
-6914
-6130
-6230
-5806
-5752
-5436
-3988
-2839
-2127
-1694
-2447
-3335
-3786
-4054
-3514
-3054
-3273
-3611
-4093
-3537
-1802
-816
-823
-2032
-3687
-3730
-2996
-2230
-1708
-2166
-2457
-2384
-2099
-1466
-1151
-1317
-1955
-2754
-3259
-2973
-2165
-1779
-2068
-2598
-2766
-2082
-892
-633
-1392
-2998
-3771
-3634
-2897
-1599
-1138
-894
-727
-211
744
1524
2004
1658
694
-195
-283
286
707
907
700
708
1433
2497
3421
3269
2498
1821
1023
765
582
155
38
47
570
1559
2601
3498
4224
4330
4312
4556
5169
5561
6154
6365
6666
7520
7584
8379
7664
7038
6410
5676
5248
4395
4239
3804
4267
4480
3362
648
-2090
-4499
-5383
-4915
-5237
-5301
-5617
-5484
-4482
-3439
-2681
-2224
-2502
-3309
-3844
-3913
-2914
-2237
-2345
-2904
-4041
-3954
-2704
-1811
-1901
-3034
-4549
-4690
-3758
-2790
-1872
-1849
-2050
-1858
-1726
-1377
-1065
-1227
-1698
-2360
-2503
-1972
-1021
-314
-356
-1647
-2539
-2785
-2598
-1849
-2047
-2487
-2936
-2845
-1968
-887
-160
0
-472
-1345
-1866
-1919
-1912
-1956
-2112
-2156
-1462
57
1905
3332
3958
3846
3407
2951
2250
1232
257
-1056
-1840
-1823
-1493
-499
573
1667
2677
3679
4610
5269
5587
5614
5538
5236
5150
5301
5507
5845
6276
6916
7220
7774
7580
7204
6707
5789
5746
5038
4919
4713
4815
5164
4685
2368
-1195
-3918
-6064
-5437
-4817
-4622
-4050
-3882
-2746
-1528
-1080
-987
-1596
-3025
-4038
-5047
-5072
-3997
-3539
-3394
-3786
-4017
-2858
-1390
-930
-1654
-3259
-4257
-3599
-2748
-1872
-1669
-2094
-2176
-2484
-2509
-2398
-2359
-2376
-2542
-2609
-2036
-1001
175
400
-436
-1647
-2839
-3068
-2859
-2664
-2781
-2878
-2591
-1652
-251
953
1607
962
-437
-1853
-2843
-2950
-2842
-2693
-2650
-2098
-546
1278
2966
3610
3193
2371
1359
697
303
-180
-515
-1021
-1185
-938
-304
381
882
1044
1218
1691
2489
3505
4313
4962
5328
5852
6361
6894
7123
6996
6933
6660
6342
7001
6494
6563
6570
6102
6386
6055
5943
5784
5982
5941
5703
2095
-1766
-4758
-6962
-5315
-4254
-3548
-2788
-3063
-2385
-1238
-1123
-646
-1127
-2756
-3801
-4945
-4509
-3047
-2607
-2718
-3823
-4668
-3515
-1945
-1561
-2136
-3944
-4709
-3749
-2588
-1174
-765
-1440
-2116
-3233
-3939
-3725
-3593
-3193
-3140
-3254
-2375
-1093
122
499
-553
-1909
-2947
-3213
-3272
-3129
-3641
-3633
-2670
-1666
185
1450
1675
743
-854
-2134
-2792
-2781
-2524
-2159
-1804
-1027
438
1655
2218
1866
1129
390
-307
-260
-67
72
419
527
836
990
990
784
475
430
761
1733
2462
3238
4155
4898
5663
6080
6366
6057
5735
5909
5977
6281
7045
7171
7275
7238
6501
6709
5908
5571
5324
4703
5137
4461
1255
-1700
-4398
-5627
-3439
-2458
-1497
-954
-1930
-1848
-1715
-2270
-1982
-2777
-4172
-4444
-4740
-3308
-1358
-1105
-1323
-2794
-4095
-3307
-2469
-2167
-2653
-4003
-4045
-2908
-1679
-144
97
-770
-1987
-3598
-4388
-4303
-3777
-3115
-2875
-2472
-1531
-579
201
-99
-1854
-3277
-4699
-5069
-4414
-3606
-2295
-1497
-687
-67
307
643
346
-974
-2723
-4182
-4368
-3424
-2281
-922
-62
279
896
1343
1585
1608
1061
570
93
-252
90
514
495
54
-476
-855
-1083
-847
-225
586
1858
3313
4766
5736
6421
6530
6462
5728
5105
4932
4599
5405
5684
6758
7434
7992
8102
8036
7256
6273
5813
4397
4579
4508
4868
5306
2786
-966
-3510
-5798
-4987
-2886
-2156
-607
-717
-1024
-351
-839
-903
-1219
-3312
-4365
-4749
-4397
-2147
-1366
-1612
-2192
-3837
-3794
-2782
-2325
-1768
-2390
-2825
-1729
-843
452
1121
21
-1417
-3394
-5150
-5155
-4670
-3687
-2419
-1712
-516
488
637
631
-818
-3317
-4476
-5744
-5752
-4287
-3160
-1922
-1408
-1291
-766
-625
-771
-1083
-2471
-3744
-3781
-2884
-1654
-543
22
83
-231
-504
-17
99
-76
12
-157
97
859
1686
2090
1351
217
-585
-1383
-1574
-1295
-687
665
2003
3796
5206
5740
6097
6016
5652
5444
5409
5498
5922
6403
7272
7979
8094
8227
7385
6222
5684
4961
4929
4970
5012
5667
6418
6485
4500
331
-3379
-5677
-5778
-3880
-2289
-843
-282
-1028
-1544
-1925
-2349
-2419
-3480
-4658
-4903
-4178
-2259
-922
-952
-1761
-3415
-4208
-3600
-2835
-2167
-2180
-2476
-1957
-1116
-92
685
174
-1186
-2933
-4358
-4627
-3718
-2511
-1477
-861
-662
-542
-721
-996
-1521
-2931
-4463
-4985
-4775
-3288
-1189
5
370
-143
-961
-1543
-2377
-3205
-3727
-4260
-3905
-2456
-750
689
1138
665
-100
-1307
-1824
-1611
-1501
-1010
-491
39
672
991
1231
847
-189
-828
-1484
-1845
-1491
-459
934
2033
2964
3765
4142
4348
4573
4776
4989
5319
5843
6367
7190
8241
8900
8969
8300
7388
6653
5667
5451
5444
5229
5590
5883
6109
6243
4162
141
-3343
-6047
-5876
-3659
-1952
-87
412
-611
-1395
-2653
-3482
-3556
-4642
-5290
-5032
-4188
-2047
-596
-491
-1029
-2630
-3721
-3512
-3109
-2413
-2455
-2927
-2419
-1817
-1031
-452
-1192
-2102
-3342
-4425
-3887
-2692
-1311
-329
-434
-887
-1428
-2105
-2299
-2980
-4314
-4520
-4481
-3623
-1445
-133
457
162
-1121
-2080
-3152
-4067
-4017
-4173
-4131
-3006
-1391
170
862
668
27
-1047
-1491
-1166
-951
-379
436
1002
1143
871
482
59
-654
-1320
-1501
-1684
-1599
-964
106
1400
2322
3201
3644
3285
3387
3770
4155
4953
5495
5942
6174
6652
7513
7678
7412
6936
6430
6089
6201
6353
6238
5837
5270
5241
5310
5389
3989
568
-2815
-4717
-4344
-2527
-775
494
613
-642
-1890
-2696
-3380
-3558
-3893
-4696
-4576
-3617
-1921
-689
-931
-1741
-2969
-3698
-3124
-2138
-1577
-1612
-1932
-1832
-1717
-1559
-1477
-1993
-2794
-3637
-4011
-3541
-2419
-1437
-1095
-1281
-1441
-1594
-1603
-1575
-1491
-1643
-2433
-2216
-1732
-1586
-1001
-1102
-1807
-2553
-3235
-3573
-3730
-3667
-3127
-2726
-2455
-1499
-594
-559
-904
-1305
-1561
-1828
-1704
-870
-365
149
908
1046
662
157
-222
-497
-884
-601
-96
-73
242
904
1531
2082
2518
2849
2980
3150
3855
4804
5660
6236
6599
6725
6846
7578
8113
8011
7751
7107
6478
6005
5872
5799
5354
4749
4750
5077
5476
5476
2729
-572
-2698
-3639
-2235
-708
109
706
-476
-1989
-2844
-3650
-3726
-3791
-4227
-3958
-2984
-1227
498
366
-546
-1820
-3178
-3111
-2436
-1913
-1708
-2107
-2110
-1520
-1174
-888
-984
-1973
-3049
-4016
-3905
-2847
-1987
-1483
-1669
-2240
-2411
-2432
-2152
-1561
-1250
-1069
-1823
-2525
-2434
-2473
-1995
-1449
-1567
-1879
-2316
-2519
-2687
-3015
-3134
-3055
-2795
-2148
-1248
-785
-813
-1148
-1397
-1730
-1790
-839
24
287
118
-449
-1106
-1343
-1203
-875
-640
-458
-91
298
733
1356
1938
2065
2184
2561
3248
3917
4692
5626
6141
6524
7041
7751
8439
8691
8543
7974
7087
6314
5887
5642
5397
5152
4935
4860
5009
5598
6000
4777
1651
-1593
-3417
-3601
-2454
-1036
-368
-796
-1831
-2960
-3912
-4461
-4584
-4858
-4958
-4107
-2346
-498
220
-330
-1570
-2987
-3576
-3265
-2453
-1715
-1562
-1257
-656
-30
351
-81
-1191
-2590
-3709
-3947
-3323
-2496
-2048
-2079
-2223
-2075
-1745
-1547
-1448
-1524
-1824
-2016
-2363
-2405
-2379
-2398
-2034
-1700
-1603
-1652
-1951
-2377
-2687
-2706
-2443
-2206
-1645
-920
-444
-238
-327
-548
-905
-1263
-1308
-1106
-791
-687
-812
-1014
-1524
-1502
-1086
-1060
-798
-588
-472
-335
-169
373
637
930
1664
2459
3220
3737
4383
4911
5459
6121
6765
7391
7596
7725
7285
6628
6213
6205
6028
5739
5483
5331
5267
5233
5867
6215
6404
5468
2668
-436
-2637
-3111
-2435
-1477
-690
-958
-1968
-3071
-4205
-4884
-5180
-5279
-4768
-3766
-2435
-941
-658
-1317
-2390
-3708
-4390
-4201
-3138
-2100
-1508
-876
-168
277
395
-218
-1437
-2567
-3386
-3353
-2709
-2052
-1575
-1380
-1446
-1383
-1347
-1776
-2306
-3094
-3467
-3217
-2534
-1382
-801
-818
-1153
-1890
-2466
-2978
-3435
-3456
-3219
-2678
-1923
-1173
-610
-215
-116
-255
-380
-391
-472
-733
-843
-945
-964
-937
-1056
-1310
-1506
-1481
-1186
-829
-507
-230
-282
-382
-322
11
466
868
1526
2177
2668
3332
4309
5121
5702
6248
6319
6540
6634
6783
6810
6326
6391
6262
6249
6036
5742
5528
5272
5518
6195
6999
7392
6940
4633
1148
-1855
-3138
-2741
-1804
-993
-777
-1459
-2453
-3580
-4560
-5136
-5274
-5107
-4491
-3451
-2222
-1421
-1693
-2590
-3719
-4296
-4049
-3138
-2011
-1379
-1152
-728
-308
-256
-450
-1181
-2024
-2893
-3293
-2917
-2330
-1604
-990
-701
-651
-557
-655
-800
-1407
-1886
-2234
-2924
-3043
-2555
-1844
-1652
-1655
-1910
-2652
-3196
-3187
-2861
-2740
-2140
-1170
-411
313
811
904
119
-1101
-1851
-2325
-2333
-1741
-991
-686
-764
-546
-321
-499
-670
-588
-690
-817
-649
-416
-316
-138
396
1132
1726
2228
2892
3511
4061
4601
5134
5611
5947
6344
6437
6323
6241
6248
6173
5945
5873
5918
5892
5878
6097
6595
7168
7673
7796
7299
5813
2991
-257
-2606
-3198
-2269
-815
110
170
-717
-2360
-3908
-5102
-5518
-5518
-5249
-4400
-3420
-2282
-1909
-2510
-3357
-4180
-4473
-4066
-3050
-1927
-1375
-1248
-1012
-752
-562
-708
-1409
-2151
-2686
-2811
-2329
-1651
-1047
-546
-339
-262
-90
-265
-919
-1812
-2551
-3013
-3201
-2970
-2582
-2304
-2289
-2256
-2242
-2221
-2197
-2337
-2400
-2200
-1465
-542
94
535
663
346
-383
-1102
-1529
-1815
-1777
-1431
-974
-547
-338
-239
-352
-682
-721
-656
-632
-463
-325
-157
68
423
975
1345
1761
2251
2778
3271
3540
3897
4185
4428
4582
4626
4588
4450
4386
4535
4823
5317
5923
6171
6166
6029
6010
6150
6266
6337
6000
5487
4598
3096
1273
-286
-955
-949
-676
-586
-873
-1412
-2115
-2928
-3475
-3724
-3781
-3783
-3780
-3643
-3412
-3293
-3317
-3465
-3520
-3358
-3044
-2716
-2500
-2424
-2407
-2177
-1799
-1412
-1163
-1173
-1303
-1443
-1597
-1616
-1417
-1051
-614
-311
-14
252
172
-171
-778
-1338
-1660
-1829
-1902
-2072
-2522
-2911
-2827
-2416
-1844
-1470
-1409
-1491
-1534
-1303
-881
-476
-226
-237
-562
-955
-1208
-1255
-1290
-1417
-1360
-1361
-1382
-1365
-1362
-1345
-1479
-1422
-1210
-1045
-742
-495
-340
-183
-64
252
744
1198
1614
1816
1730
1432
1228
1244
1378
1854
2451
3104
3894
4615
5157
5323
5004
4656
4489
4437
4575
4803
5199
5620
5725
5562
5176
4745
4459
4174
4003
3932
3746
3172
2135
1183
683
677
841
855
622
205
-211
-597
-918
-1137
-1470
-1914
-2289
-2623
-2807
-2989
-3224
-3415
-3728
-3975
-4012
-3937
-3822
-3934
-4062
-4005
-3809
-3264
-2692
-2245
-1952
-1862
-1743
-1711
-1551
-1383
-1505
-1786
-2165
-2366
-2232
-1879
-1358
-907
-564
-289
-193
-254
-591
-1093
-1659
-2058
-2026
-1635
-1027
-597
-570
-926
-1491
-1787
-1818
-1692
-1556
-1701
-2043
-2410
-2655
-2589
-2416
-2149
-1794
-1501
-1125
-747
-403
-102
59
305
624
939
1224
1357
1333
1159
1045
1160
1499
1987
2452
2900
3228
3417
3646
3806
3885
4023
4182
4427
4721
4964
5160
5164
4995
4725
4382
4092
3816
3673
3678
3734
3907
4096
4113
3977
3797
3567
3330
3030
2543
1947
1471
1253
1315
1431
1393
1134
735
262
-213
-614
-1004
-1530
-2207
-2929
-3523
-3892
-4137
-4317
-4390
-4369
-4366
-4354
-4385
-4545
-4839
-5229
-5483
-5494
-5248
-4899
-4612
-4431
-4354
-4211
-3793
-3077
-2251
-1540
-1112
-953
-978
-1174
-1453
-1697
-1765
-1584
-1198
-598
44
558
829
785
557
242
-36
-133
-86
18
52
-84
-268
-389
-423
-396
-355
-261
-188
-120
-117
-143
-102
-87
-140
-259
-494
-598
-517
-341
-28
221
463
666
784
978
1119
1261
1491
1680
1913
2174
2423
2653
2739
2692
2574
2487
2539
2730
2976
3275
3532
3749
3932
4017
4072
4045
3917
3635
3336
3028
2737
2590
2521
2612
2849
3136
3410
3518
3475
3292
2942
2468
1965
1597
1342
1146
821
335
-186
-676
-1008
-1218
-1345
-1483
-1749
-2174
-2777
-3525
-4282
-4968
-5429
-5670
-5720
-5626
-5485
-5312
-5181
-5057
-4910
-4747
-4544
-4313
-4133
-4024
-3989
-4027
-3991
-3860
-3600
-3251
-2894
-2491
-2083
-1654
-1232
-819
-447
-216
-83
-6
-2
8
9
10
109
276
550
940
1266
1480
1481
1270
1038
820
722
747
738
673
494
208
-55
-250
-346
-336
-240
-5
339
652
868
965
939
857
759
655
626
580
584
671
773
964
1198
1418
1652
1857
2077
2303
2443
2541
2581
2578
2576
2553
2562
2576
2615
2751
2926
3153
3396
3689
3896
3976
3888
3670
3469
3249
3095
2942
2762
2598
2407
2204
1926
1570
1182
824
638
632
715
602
136
-652
-1596
-2481
-3094
-3376
-3500
-3609
-3767
-3922
-4056
-4180
-4294
-4482
-4764
-5071
-5341
-5505
-5593
-5636
-5715
-5793
-5773
-5594
-5243
-4840
-4408
-4008
-3659
-3250
-2765
-2326
-1985
-1811
-1750
-1671
-1502
-1176
-705
-159
396
888
1303
1645
1884
2007
2078
2121
2143
2155
2082
2030
1975
1852
1731
1567
1418
1340
1332
1448
1539
1614
1627
1500
1336
1150
973
816
643
508
389
309
323
367
391
409
468
600
797
1006
1167
1216
1142
1018
828
670
649
740
995
1393
1902
2453
2953
3375
3668
3816
3861
3844
3764
3632
3409
3185
3008
2916
2944
2946
2961
2924
2891
2885
2886
2952
2964
2880
2630
2225
1724
1120
536
150
0
78
216
136
-232
-802
-1444
-1986
-2415
-2733
-3078
-3569
-4178
-4799
-5323
-5713
-6026
-6200
-6269
-6255
-6074
-5837
-5580
-5440
-5457
-5517
-5543
-5397
-5078
-4715
-4287
-3848
-3411
-2839
-2236
-1598
-1070
-739
-515
-314
-7
430
843
1200
1447
1602
1687
1728
1855
1974
2138
2337
2576
2796
2960
3110
3165
3109
2955
2754
2503
2210
1972
1797
1678
1610
1586
1556
1475
1350
1199
1052
877
734
646
579
532
447
392
286
159
145
238
471
808
1192
1543
1819
1965
1974
1899
1769
1659
1589
1543
1623
1783
1979
2212
2363
2492
2538
2493
2444
2361
2272
2215
2179
2108
2019
1934
1834
1764
1738
1794
1901
2012
2075
2018
1828
1455
975
410
-128
-497
-729
-917
-1230
-1673
-2195
-2719
-3182
-3534
-3822
-4102
-4411
-4766
-5115
-5492
-5844
-6143
-6416
-6552
-6540
-6387
-6038
-5673
-5330
-5100
-4945
-4703
-4419
-4087
-3730
-3365
-2978
-2577
-2096
-1564
-1050
-664
-361
-87
217
597
1001
1440
1824
2166
2502
2758
2974
3106
3143
3150
3088
3091
3147
3156
3217
3230
3130
3005
2771
2524
2255
1929
1647
1356
1152
1022
929
898
852
791
723
616
558
519
500
515
517
487
374
227
66
-56
-88
-35
97
302
529
709
805
826
791
730
656
572
543
565
662
836
1003
1163
1290
1386
1523
1661
1793
1953
2048
2119
2106
1983
1828
1622
1419
1224
1049
1006
1052
1116
1156
1061
870
581
122
-262
-534
-786
-1062
-1509
-2078
-2610
-3115
-3505
-3822
-4060
-4222
-4363
-4468
-4557
-4676
-4803
-4984
-5155
-5268
-5331
-5263
-5087
-4877
-4671
-4452
-4154
-3781
-3347
-2902
-2491
-2084
-1648
-1161
-626
-104
319
613
766
879
1060
1268
1527
1815
2116
2476
2828
3156
3395
3491
3463
3334
3152
3010
2925
2873
2846
2793
2716
2600
2449
2321
2192
2051
1945
1885
1852
1780
1642
1386
1026
634
288
35
-126
-239
-330
-444
-596
-717
-787
-826
-841
-852
-852
-829
-788
-677
-556
-458
-381
-313
-212
-90
77
252
419
569
705
823
899
950
1016
1073
1109
1141
1190
1280
1391
1515
1602
1659
1681
1664
1598
1465
1255
1038
836
689
631
608
613
519
340
91
-248
-501
-673
-811
-943
-1207
-1535
-1890
-2261
-2557
-2844
-3103
-3320
-3567
-3717
-3823
-3911
-3954
-4042
-4080
-4027
-3943
-3803
-3685
-3546
-3371
-3182
-2926
-2618
-2299
-1977
-1664
-1293
-852
-430
6
379
666
913
1086
1239
1431
1672
2006
2369
2720
3080
3361
3523
3579
3531
3470
3437
3462
3542
3516
3388
3196
2935
2677
2451
2299
2208
2101
1911
1673
1414
1173
1016
856
694
508
299
56
-190
-413
-571
-676
-714
-700
-670
-637
-665
-741
-858
-977
-1052
-1055
-990
-901
-801
-690
-571
-430
-254
-71
88
194
266
321
330
337
324
290
268
256
278
322
338
378
435
491
544
591
610
616
583
529
493
457
462
516
593
654
696
712
667
578
437
269
110
-5
-104
-279
-564
-932
-1305
-1646
-1891
-2059
-2170
-2234
-2354
-2448
-2539
-2620
-2645
-2679
-2679
-2685
-2685
-2652
-2614
-2538
-2433
-2320
-2116
-1806
-1389
-910
-451
-41
326
626
897
1162
1414
1633
1793
1885
1944
1998
2098
2269
2449
2645
2824
2968
3051
3066
3041
2976
2878
2773
2607
2378
2112
1841
1619
1435
1293
1218
1143
1031
845
588
319
36
-238
-525
-845
-1155
-1440
-1683
-1849
-1940
-1949
-1906
-1854
-1800
-1761
-1724
-1703
-1707
-1705
-1708
-1661
-1570
-1460
-1351
-1256
-1153
-1020
-811
-553
-282
-56
101
198
242
294
372
476
626
785
924
1034
1113
1182
1244
1300
1392
1483
1575
1652
1665
1633
1551
1442
1375
1326
1315
1291
1240
1139
964
714
417
155
-25
-116
-191
-318
-539
-824
-1115
-1384
-1583
-1741
-1841
-1928
-2018
-2060
-2118
-2145
-2199
-2251
-2271
-2290
-2238
-2134
-2038
-1941
-1848
-1730
-1529
-1283
-1014
-788
-597
-394
-175
94
378
660
904
1066
1189
1304
1446
1613
1801
1981
2123
2253
2367
2485
2575
2630
2663
2634
2541
2349
2068
1723
1333
976
703
509
400
321
198
5
-261
-530
-752
-967
-1163
-1365
-1607
-1847
-2100
-2325
-2513
-2660
-2732
-2726
-2647
-2503
-2346
-2193
-2059
-1957
-1837
-1708
-1569
-1428
-1288
-1160
-999
-784
-519
-224
38
246
396
510
642
814
1011
1185
1307
1383
1419
1441
1473
1523
1572
1611
1652
1681
1696
1713
1715
1677
1628
1604
1594
1591
1565
1525
1478
1430
1399
1373
1296
1162
979
776
624
530
487
426
261
42
-191
-393
-541
-658
-773
-919
-1094
-1256
-1426
-1576
-1699
-1795
-1847
-1884
-1865
-1830
-1824
-1826
-1853
-1851
-1760
-1579
-1307
-1015
-746
-508
-322
-140
54
250
441
578
693
786
886
983
1097
1228
1350
1488
1599
1673
1695
1664
1586
1470
1318
1138
914
639
316
-18
-298
-506
-637
-746
-888
-1071
-1280
-1490
-1669
-1837
-1986
-2143
-2300
-2436
-2539
-2577
-2554
-2470
-2326
-2140
-1922
-1676
-1448
-1234
-1049
-869
-675
-464
-237
-28
161
322
473
634
814
1010
1195
1352
1468
1546
1610
1648
1665
1669
1661
1631
1583
1531
1481
1437
1410
1410
1408
1411
1384
1353
1331
1305
1304
1308
1301
1275
1223
1166
1116
1094
1086
1086
1061
998
893
772
657
563
504
429
327
169
-27
-232
-439
-606
-741
-861
-960
-1052
-1123
-1193
-1271
-1368
-1499
-1633
-1742
-1805
-1804
-1791
-1762
-1738
-1695
-1596
-1426
-1201
-969
-765
-604
-457
-305
-137
22
159
247
302
343
395
488
590
707
807
888
953
976
961
889
757
589
399
220
61
-106
-261
-424
-584
-721
-831
-894
-942
-1007
-1082
-1170
-1258
-1327
-1396
-1440
-1477
-1497
-1479
-1423
-1319
-1180
-1021
-834
-641
-454
-263
-86
67
197
322
456
610
753
872
958
994
1041
1103
1180
1270
1333
1384
1413
1434
1449
1447
1409
1338
1243
1151
1067
1006
964
916
874
832
796
786
798
812
812
794
780
773
788
814
844
872
915
958
1021
1083
1113
1102
1027
924
828
743
678
597
475
311
132
-36
-191
-324
-471
-643
-833
-1005
-1160
-1314
-1492
-1694
-1886
-2066
-2203
-2282
-2336
-2377
-2413
-2410
-2333
-2198
-2019
-1852
-1734
-1656
-1577
-1454
-1279
-1086
-876
-688
-522
-350
-155
55
250
420
569
694
796
887
947
979
966
933
880
813
729
626
515
402
307
237
167
87
-8
-99
-197
-287
-359
-430
-481
-518
-534
-524
-505
-456
-389
-309
-210
-97
32
169
297
416
521
627
722
802
862
894
904
923
943
966
981
967
931
875
819
749
670
590
504
417
331
256
194
150
127
115
115
122
142
173
216
267
335
418
519
634
758
885
1007
1127
1238
1341
1432
1514
1582
1613
1596
1534
1423
1293
1176
1058
927
752
527
278
20
-215
-433
-660
-902
-1165
-1449
-1724
-1986
-2209
-2405
-2589
-2736
-2850
-2916
-2938
-2930
-2900
-2859
-2778
-2640
-2453
-2238
-2020
-1813
-1602
-1373
-1102
-799
-510
-248
-18
198
412
640
873
1081
1245
1363
1460
1545
1608
1649
1648
1614
1559
1503
1452
1376
1280
1153
991
817
677
596
556
504
401
265
119
11
-31
-34
-46
-97
-165
-212
-215
-181
-129
-83
-56
-37
-12
36
84
124
145
138
146
177
229
277
291
274
243
219
221
230
212
160
107
80
84
100
119
143
172
212
272
349
413
479
528
585
662
741
824
891
938
985
1038
1098
1158
1203
1234
1227
1205
1181
1142
1090
992
831
635
416
208
31
-143
-321
-529
-760
-1007
-1257
-1469
-1656
-1839
-2031
-2233
-2417
-2559
-2673
-2756
-2822
-2882
-2902
-2883
-2815
-2714
-2608
-2495
-2369
-2214
-2015
-1781
-1523
-1267
-1034
-819
-599
-346
-56
246
511
736
930
1119
1320
1509
1672
1801
1901
1998
2091
2151
2165
2151
2109
2063
2016
1964
1905
1821
1719
1592
1462
1328
1199
1074
945
815
683
549
408
276
165
73
-18
-115
-208
-293
-354
-400
-454
-528
-600
-648
-673
-686
-713
-737
-754
-762
-763
-779
-797
-809
-808
-791
-793
-794
-783
-759
-735
-717
-692
-663
-630
-592
-552
-507
-460
-405
-331
-257
-181
-100
-26
59
131
208
282
356
441
505
568
635
696
754
793
811
831
838
840
845
837
825
778
688
568
441
348
280
209
97
-53
-237
-411
-557
-702
-836
-974
-1099
-1219
-1341
-1453
-1541
-1597
-1638
-1674
-1705
-1713
-1679
-1619
-1547
-1483
-1418
-1327
-1188
-1017
-839
-675
-522
-364
-189
7
216
428
621
774
904
1028
1163
1303
1426
1530
1603
1661
1716
1755
1778
1787
1784
1756
1708
1628
1537
1438
1333
1212
1057
899
773
679
600
481
322
155
1
-123
-228
-328
-427
-526
-634
-735
-828
-887
-929
-963
-1005
-1052
-1084
-1083
-1059
-1052
-1079
-1113
-1120
-1084
-1036
-1008
-1006
-1012
-993
-957
-906
-855
-817
-772
-723
-682
-628
-560
-480
-391
-308
-231
-156
-55
67
186
293
377
466
571
670
770
856
934
1000
1072
1141
1206
1272
1306
1306
1304
1301
1315
1324
1289
1214
1111
992
877
769
667
574
478
354
183
-12
-190
-332
-430
-528
-647
-777
-905
-992
-1054
-1098
-1156
-1211
-1234
-1235
-1207
-1161
-1108
-1036
-965
-881
-768
-607
-415
-242
-118
-23
105
295
514
701
832
924
1028
1161
1298
1410
1498
1567
1635
1678
1689
1669
1650
1632
1592
1521
1422
1335
1253
1169
1033
843
643
486
377
278
152
-29
-229
-409
-549
-661
-774
-900
-1022
-1126
-1216
-1304
-1375
-1425
-1458
-1484
-1513
-1525
-1504
-1464
-1422
-1403
-1381
-1331
-1240
-1133
-1046
-974
-916
-851
-776
-687
-586
-493
-414
-345
-284
-217
-131
-25
70
152
221
292
368
445
516
573
625
689
779
865
935
980
1016
1051
1090
1130
1161
1187
1219
1241
1239
1208
1183
1172
1177
1162
1106
1029
938
855
768
658
538
440
376
299
179
24
-129
-246
-330
-397
-474
-569
-648
-701
-738
-771
-804
-822
-816
-781
-718
-646
-591
-535
-468
-378
-258
-122
18
139
243
362
496
633
752
855
953
1037
1110
1170
1211
1247
1258
1248
1216
1183
1148
1107
1040
933
813
686
564
445
305
151
-12
-186
-351
-510
-678
-826
-960
-1092
-1218
-1353
-1474
-1570
-1648
-1714
-1786
-1848
-1881
-1896
-1901
-1915
-1930
-1911
-1862
-1801
-1748
-1713
-1665
-1579
-1477
-1376
-1301
-1219
-1106
-979
-866
-774
-682
-572
-445
-327
-237
-168
-88
10
107
195
266
339
418
491
569
634
699
758
808
854
907
964
1019
1059
1081
1099
1110
1127
1150
1173
1188
1189
1175
1155
1142
1139
1140
1124
1085
1038
987
949
916
856
761
653
559
500
458
398
304
190
75
-21
-83
-124
-158
-221
-308
-394
-456
-481
-485
-493
-513
-537
-551
-543
-510
-464
-431
-415
-402
-364
-300
-223
-155
-110
-89
-70
-21
61
143
187
190
174
175
200
235
245
225
183
138
109
82
38
-15
-69
-124
-187
-271
-357
-419
-468
-527
-608
-698
-756
-777
-799
-839
-906
-963
-973
-955
-940
-950
-969
-957
-911
-850
-813
-796
-759
-703
-637
-580
-537
-480
-407
-326
-251
-198
-141
-75
-1
64
102
138
177
220
259
273
271
277
283
284
266
241
231
233
231
210
173
142
134
130
117
95
72
66
79
96
109
119
138
171
197
224
269
329
394
451
494
530
591
670
749
806
858
918
986
1042
1075
1095
1114
1142
1172
1185
1170
1150
1137
1126
1093
1038
987
948
920
872
795
707
618
545
475
386
297
210
139
69
-12
-98
-186
-261
-318
-376
-437
-504
-555
-596
-644
-695
-747
-781
-816
-852
-884
-920
-944
-949
-950
-952
-968
-975
-956
-943
-927
-914
-894
-860
-823
-793
-765
-732
-675
-614
-574
-542
-494
-416
-336
-271
-228
-184
-129
-52
21
73
117
164
233
297
336
357
373
396
423
436
426
410
398
391
361
305
245
200
164
119
50
-33
-113
-178
-236
-315
-412
-502
-564
-609
-665
-736
-806
-856
-881
-899
-925
-944
-942
-914
-876
-839
-796
-737
-660
-571
-479
-387
-287
-166
-26
115
249
382
523
674
825
968
1102
1236
1371
1504
1620
1717
1808
1896
1968
2015
2046
2070
2085
2084
2054
1998
1936
1879
1819
1742
1634
1509
1381
1251
1120
979
828
665
504
346
177
5
-166
-328
-473
-617
-760
-895
-1018
-1118
-1209
-1298
-1386
-1457
-1498
-1522
-1541
-1554
-1562
-1548
-1521
-1489
-1456
-1420
-1365
-1288
-1204
-1118
-1036
-954
-864
-763
-652
-552
-464
-372
-270
-169
-78
-6
67
135
203
264
302
332
366
409
448
465
459
441
428
428
424
398
348
298
256
214
156
84
17
-43
-98
-158
-228
-302
-372
-433
-491
-557
-625
-685
-735
-780
-837
-884
-913
-927
-934
-953
-977
-984
-971
-943
-910
-882
-838
-780
-701
-621
-552
-476
-400
-302
-185
-79
25
125
238
360
485
601
713
822
937
1050
1150
1239
1329
1428
1521
1602
1665
1712
1751
1781
1811
1827
1831
1821
1805
1782
1743
1702
1641
1568
1486
1407
1321
1227
1121
996
868
746
631
509
377
243
111
-12
-136
-261
-385
-506
-612
-716
-813
-911
-995
-1062
-1117
-1161
-1204
-1233
-1249
-1249
-1247
-1242
-1230
-1200
-1152
-1100
-1045
-993
-933
-860
-783
-708
-642
-572
-482
-387
-303
-233
-169
-104
-37
26
77
123
158
189
209
215
211
208
208
197
171
133
98
60
25
-21
-83
-147
-208
-264
-323
-388
-448
-500
-552
-609
-665
-720
-768
-808
-834
-859
-879
-895
-899
-897
-892
-881
-864
-839
-807
-769
-728
-686
-626
-554
-480
-407
-336
-259
-181
-96
-5
89
185
283
379
473
569
658
748
833
916
1006
1087
1152
1209
1265
1321
1378
1425
1458
1483
1504
1525
1540
1545
1538
1526
1507
1484
1457
1425
1382
1330
1274
1221
1164
1099
1032
970
901
821
736
656
579
502
420
324
233
153
82
13
-66
-146
-223
-289
-347
-398
-456
-511
-561
-599
-634
-669
-700
-727
-747
-756
-763
-765
-762
-756
-751
-745
-731
-710
-681
-656
-632
-611
-582
-549
-516
-490
-473
-449
-421
-390
-372
-366
-363
-348
-332
-324
-335
-352
-352
-342
-334
-346
-371
-387
-395
-402
-416
-447
-478
-494
-500
-510
-532
-558
-575
-584
-595
-610
-626
-631
-627
-616
-608
-607
-604
-592
-571
-547
-526
-503
-476
-441
-404
-373
-341
-303
-260
-213
-171
-135
-97
-54
-4
46
92
137
187
245
295
342
381
422
464
506
544
575
606
639
671
696
719
732
753
774
791
805
811
816
819
824
825
825
815
810
806
800
793
774
757
741
723
705
685
666
653
643
625
602
577
553
536
514
487
456
424
400
376
347
315
279
244
213
186
158
125
93
55
16
-19
-52
-90
-134
-177
-216
-252
-283
-313
-344
-384
-422
-451
-471
-491
-514
-541
-565
-586
-607
-623
-648
-672
-682
-686
-684
-691
-702
-705
-706
-697
-689
-689
-694
-690
-671
-651
-638
-629
-619
-601
-583
-567
-554
-540
-519
-496
-468
-454
-435
-416
-393
-374
-354
-334
-313
-289
-270
-253
-238
-219
-196
-176
-163
-152
-139
-120
-100
-83
-69
-59
-45
-27
-10
-3
1
10
25
40
55
65
73
80
93
109
126
137
146
156
166
178
188
198
212
233
253
278
297
315
331
346
371
395
418
437
455
479
498
516
536
553
572
591
608
618
622
627
638
646
654
652
647
642
639
633
615
588
562
537
513
484
447
402
361
324
287
248
201
158
118
76
33
-15
-63
-106
-152
-192
-239
-284
-316
-346
-370
-402
-431
-460
-486
-508
-520
-534
-547
-555
-561
-565
-571
-571
-570
-566
-560
-554
-542
-533
-530
-525
-517
-509
-494
-478
-471
-460
-441
-418
-395
-384
-374
-360
-343
-320
-304
-292
-281
-263
-242
-225
-211
-202
-184
-159
-139
-119
-104
-84
-59
-38
-25
-16
-3
20
48
67
76
81
92
112
132
152
165
180
195
209
222
229
240
253
268
287
301
313
321
329
337
347
358
366
372
375
386
395
403
414
417
420
424
429
438
441
444
449
453
456
455
446
437
430
426
423
415
399
381
367
349
335
323
306
287
267
245
222
197
172
149
126
97
67
40
11
-13
-37
-65
-91
-114
-131
-151
-177
-199
-221
-238
-258
-281
-295
-305
-315
-325
-339
-355
-367
-371
-371
-371
-372
-376
-375
-369
-362
-359
-359
-354
-348
-334
-324
-320
-313
-305
-288
-271
-264
-260
-249
-231
-214
-202
-196
-184
-166
-149
-139
-133
-129
-117
-106
-100
-97
-92
-80
-66
-54
-48
-45
-35
-23
-13
-15
-13
-8
-4
5
7
12
16
24
33
35
41
44
50
58
63
65
69
71
71
75
77
84
94
100
105
108
111
115
120
130
135
141
147
150
156
155
154
159
165
169
174
178
183
188
188
189
190
188
190
190
192
192
190
190
189
189
188
187
186
179
169
161
155
150
149
145
137
124
111
104
94
84
71
58
43
29
14
-5
-22
-34
-45
-60
-79
-96
-112
-125
-136
-146
-158
-173
-184
-195
-209
-221
-229
-237
-242
-245
-246
-251
-256
-259
-256
-252
-247
-241
-231
-220
-215
-206
-206
-201
-191
-177
-160
-149
-138
-123
-103
-86
-70
-55
-40
-21
1
21
35
46
56
69
80
89
97
104
114
123
133
137
138
139
142
141
136
127
123
114
111
110
104
97
86
77
64
56
48
37
25
12
4
-5
-15
-24
-33
-41
-50
-55
-62
-72
-77
-84
-84
-84
-86
-83
-81
-82
-85
-83
-78
-73
-63
-57
-53
-49
-41
-34
-27
-18
-13
-3
9
19
27
31
38
47
54
62
74
82
96
106
111
115
117
125
132
132
131
131
134
135
130
124
120
123
122
120
115
110
114
111
107
98
89
87
84
79
68
59
51
45
39
26
10
2
-2
-7
-17
-29
-39
-49
-53
-58
-68
-74
-80
-82
-81
-85
-84
-90
-96
-99
-99
-99
-99
-94
-91
-90
-91
-86
-79
-73
-67
-60
-54
-50
-47
-42
-39
-38
-38
-38
-37
-36
-31
-28
-25
-29
-30
-35
-42
-42
-45
-44
-45
-43
-42
-41
-43
-46
-44
-41
-42
-40
-37
-36
-37
-37
-35
-27
-16
-9
-5
-3
3
11
15
16
20
26
33
37
42
44
47
52
60
64
65
71
72
73
71
73
74
76
75
77
75
71
73
72
68
68
70
67
62
62
58
59
59
53
50
50
52
53
47
44
46
51
51
54
50
45
45
44
41
38
39
41
39
35
33
31
28
25
27
25
23
23
20
14
7
0
1
1
2
-2
-6
-8
-14
-17
-22
-27
-25
-26
-31
-32
-34
-31
-30
-27
-27
-29
-30
-31
-30
-29
-32
-34
-38
-42
-48
-53
-55
-59
-56
-55
-55
-57
-61
-65
-67
-72
-71
-70
-71
-73
-72
-72
-76
-77
-75
-72
-68
-69
-71
-72
-71
-65
-58
-58
-60
-56
-53
-51
-48
-46
-46
-44
-40
-38
-36
-35
-31
-20
-19
-20
-19
-11
-8
-7
-2
1
8
18
28
32
31
36
44
51
53
56
57
61
65
71
73
68
67
70
71
72
72
70
67
68
69
67
64
63
68
64
59
58
59
63
58
56
52
44
38
36
35
35
33
35
35
35
35
33
28
25
22
22
19
15
15
9
10
11
8
4
4
3
6
2
-4
-4
-8
-13
-14
-18
-19
-21
-20
-19
-16
-13
-15
-16
-20
-21
-21
-19
-18
-20
-22
-25
-26
-30
-33
-37
-35
-32
-30
-31
-36
-42
-43
-42
-45
-47
-47
-46
-42
-45
-43
-40
-42
-42
-46
-46
-46
-51
-51
-52
-51
-51
-51
-51
-55
-50
-46
-42
-42
-46
-47
-48
-45
-41
-38
-34
-30
-23
-21
-20
-12
-5
1
6
12
17
25
23
23
25
27
31
33
35
38
45
48
49
51
52
55
51
51
49
44
45
45
46
44
36
28
24
25
24
26
26
27
28
26
27
22
18
20
23
30
33
30
23
19
19
21
26
29
31
33
28
26
25
27
30
31
31
30
31
33
36
32
29
27
26
34
33
26
18
16
13
13
12
6
4
-2
-1
0
-3
-14
-26
-25
-30
-28
-35
-41
-44
-47
-44
-48
-47
-45
-45
-39
-38
-33
-32
-32
-28
-30
-32
-35
-31
-28
-27
-25
-26
-25
-18
-12
-9
-3
-7
-6
-7
-6
5
4
4
1
2
7
8
12
10
5
6
2
2
3
4
5
8
10
9
6
4
9
7
9
9
13
15
8
12
9
7
7
5
-2
-4
-4
-2
-5
-9
-8
-8
-8
-13
-18
-23
-24
-20
-11
-7
-9
-6
-11
-13
-16
-17
-16
-19
-15
-14
-9
-10
-11
-14
-16
-10
-1
3
4
7
8
8
7
8
10
11
14
12
15
17
16
21
19
23
22
24
26
21
22
14
13
14
15
13
11
6
0
-7
-10
-8
-8
-14
-21
-16
-17
-23
-29
-33
-31
-27
-22
-24
-29
-32
-34
-31
-25
-24
-21
-21
-22
-22
-20
-11
-11
-7
-7
-5
3
5
3
2
5
7
14
14
13
8
2
5
6
10
11
8
5
9
13
18
19
14
11
5
1
2
-3
-4
-6
-4
-2
-4
-5
-10
-9
-11
-7
-4
-3
-9
-13
-12
-5
-4
-3
-2
-12
-11
-12
-2
2
4
3
-2
-3
-5
-5
-8
-14
-13
-7
-9
-8
-12
-24
-26
-25
-22
-20
-21
-23
-25
-22
-22
-19
-17
-16
-12
-15
-15
-13
-10
-10
-19
-14
-19
-15
-11
-13
-10
-10
-5
1
2
4
0
-2
-2
-1
2
-1
-3
1
1
-1
-3
2
9
14
17
14
16
16
19
20
22
22
23
24
27
26
28
29
29
39
39
36
24
15
14
16
15
12
14
10
12
9
7
4
2
7
9
16
13
8
4
-1
-1
-1
3
8
11
10
14
13
20
22
21
23
24
28
28
28
29
28
25
27
27
24
15
14
13
13
13
12
11
4
7
4
0
-2
-2
1
-4
-2
-2
-5
-2
-5
-8
-8
-13
-7
-4
-5
-2
-4
-1
-1
-1
-2
-1
5
5
4
3
4
-2
-9
-9
-12
-13
-14
-17
-17
-11
-7
-5
-6
-5
-1
3
3
2
2
3
4
9
6
10
9
5
7
5
12
16
20
21
18
16
15
16
14
12
13
12
13
11
8
6
1
-4
-9
-11
-13
-16
-15
-13
-17
-19
-20
-22
-23
-19
-14
-13
-5
-4
-2
-2
-1
5
3
4
6
8
9
9
10
9
9
8
10
12
13
15
14
13
15
18
20
17
12
11
13
17
23
24
22
19
22
23
22
18
17
18
17
22
22
20
18
17
16
12
14
18
14
13
13
13
12
5
0
-3
-10
-12
-13
-12
-13
-15
-13
-14
-17
-20
-23
-19
-16
-14
-12
-15
-17
-17
-16
-16
-16
-13
