SAMPLES:	11214
BITSPERSAMPLE:	16
CHANNELS:	1
SAMPLERATE:	16000
NORMALIZED:	FALSE
68
61
-2
-19
-10
4
35
61
71
54
11
-19
-47
-57
-17
18
60
82
76
61
49
42
26
18
47
76
71
56
0
-75
-75
-60
-13
47
85
106
93
52
-13
-63
-75
-51
-3
62
84
60
-4
-82
-136
-126
-90
-22
40
82
95
49
15
-39
-81
-78
-44
4
37
30
-19
-76
-98
-115
-100
-71
-19
43
69
75
35
-34
-88
-90
-72
-3
20
19
40
26
41
5
-63
0
18
38
90
92
139
125
131
123
87
84
43
-6
-29
-51
-36
-57
-42
20
55
69
34
22
18
-22
-33
-10
-23
19
55
59
-23
-55
-68
-142
-149
-84
7
40
31
3
-26
-59
-52
-48
-15
47
45
1
-47
-55
-71
-96
-55
-24
-6
12
-24
-28
-28
-82
-32
25
99
171
137
132
80
-16
-28
-95
-48
48
81
81
26
4
-88
-81
-72
-107
15
17
65
104
35
81
-40
-65
9
-71
48
60
-20
11
-26
-47
24
26
114
106
41
113
-72
63
66
20
48
-5
37
13
26
26
-85
-8
-15
-20
69
-7
-17
-21
-124
-118
-129
-21
101
87
188
94
-29
-66
-63
-68
-48
-8
26
-31
-57
-61
-82
-66
-88
-36
6
-45
78
80
-77
-60
-58
-72
22
45
-23
-70
-53
-102
-64
12
-71
3
61
44
157
77
-56
-34
-69
-61
-28
-7
31
-29
-67
-94
-160
-151
-171
-79
-38
-31
19
-3
48
-13
118
11
-98
115
27
52
146
45
61
-7
-49
67
5
112
176
17
58
77
-104
-39
-6
-121
32
-75
-127
53
-51
-59
-103
-258
-29
-157
-177
116
-247
-83
9
-239
15
-133
-42
-14
-315
141
-158
-180
102
-301
25
40
-189
107
-127
-55
44
-292
100
-97
-108
269
-165
53
205
-231
211
126
7
374
-1
195
273
-139
359
43
-98
478
-122
189
283
-5
331
-203
96
177
-167
414
-61
21
283
-199
269
-99
-3
21
-135
270
-289
213
49
-425
172
-156
-220
169
-115
-21
-43
6
-134
-209
-74
-313
-73
-92
-56
7
-94
-43
-50
6
-98
172
18
-102
338
-112
304
168
-159
251
-88
92
230
-96
143
134
-76
258
288
-88
139
57
-8
170
45
-134
-31
67
-211
249
-78
-212
41
-192
-27
133
-239
56
201
-305
356
34
-107
235
-180
21
135
-224
82
187
-347
155
-52
-466
223
-251
59
95
-251
417
-195
-89
242
-205
-7
31
60
-77
-361
183
-150
-388
455
-179
-207
345
-32
90
127
35
128
-314
223
193
-335
265
175
-33
-13
331
-5
-97
294
295
-172
221
226
-212
-127
157
166
-458
441
306
-604
290
277
-343
75
231
157
-277
310
446
-575
204
333
-579
88
271
-191
-90
130
43
-506
178
148
-526
309
162
-223
136
90
88
-223
337
97
-580
597
-284
-200
248
-234
103
-257
288
-57
-322
640
-386
14
345
-228
310
-347
379
-56
-248
453
-512
111
-176
70
29
-183
530
-409
278
-12
-309
236
-270
237
-154
-184
288
-127
-123
23
-113
-156
129
54
-93
244
-29
-43
125
-137
98
-117
-25
121
235
-59
155
-15
-136
-100
150
-48
-104
213
-207
44
-242
113
-151
-133
321
-50
27
189
-192
-214
37
-271
-86
122
-72
29
56
-196
9
-391
60
-210
-128
173
-264
150
-195
-201
-248
-223
-159
57
-249
-85
134
-354
160
-172
-134
91
-174
251
-87
89
53
-245
24
-90
-71
151
163
-112
356
-147
106
-13
75
-66
21
494
-142
521
-50
-6
123
-45
102
292
103
58
305
178
164
-198
309
-232
-16
717
-390
538
-9
-236
341
-306
312
84
-132
361
-180
173
8
-199
-143
97
61
-35
98
2
-223
-118
141
-327
330
-165
235
-166
42
75
-293
-36
-268
175
-317
230
95
-288
410
-320
-103
113
-14
231
8
407
-152
122
-6
3
-139
41
42
160
-214
-18
-127
-321
88
-282
159
-130
131
-176
147
-272
-207
-18
-400
157
-59
121
2
-129
-248
-105
-208
-77
145
-226
360
-74
224
-75
-97
-276
266
-414
75
430
-516
372
-434
432
-585
14
11
-212
579
-482
106
168
-298
-82
411
-453
307
90
-217
557
-890
580
-200
-436
871
-577
766
-266
454
250
-529
558
-319
411
169
-350
668
31
-561
780
-636
-113
360
-238
328
-267
46
50
-148
-143
479
-85
-479
892
-401
-69
405
-250
414
-482
733
-25
-389
753
-745
335
-196
-92
266
-498
396
-360
69
277
-577
217
-76
77
164
396
-66
-238
513
-788
604
-178
-544
786
-350
135
375
-447
228
43
-93
195
41
248
-463
847
-1113
346
281
-688
1122
-456
8
134
37
-59
-23
-119
120
40
33
323
-136
-380
492
-769
225
208
-386
583
-219
174
-413
123
-210
-398
523
-298
206
273
-234
178
-66
-165
11
21
322
-413
597
-208
-302
500
-657
516
-432
-23
345
-481
143
-231
-421
8
-545
586
95
-457
413
-263
263
-718
302
-473
8
-243
751
-1059
389
-527
-387
228
-512
721
-590
515
-861
403
-289
-268
-361
479
-559
107
919
-995
805
-576
227
-275
177
154
-91
-230
106
-13
-415
607
-355
398
15
487
-99
496
-51
-609
543
27
-542
987
8
-759
1178
-809
650
-52
-487
801
41
-308
649
-117
-414
586
-613
897
-130
-655
1460
-1026
290
-22
-586
445
-1270
503
-7
-749
619
376
-269
970
-761
413
331
-1283
1707
-1286
536
729
-1405
1794
-1146
220
1018
-1123
1012
100
-663
1403
-1146
295
1135
-1356
1757
-958
503
895
-2006
2626
-2599
550
878
-2181
1337
-915
-378
928
-1251
2058
-512
102
2571
-1870
2382
-1165
-369
981
-1722
960
-380
-1081
1013
-1620
634
-503
-1012
942
-1835
976
-647
-439
-313
-78
-722
230
-71
-87
117
397
670
-655
1344
-302
509
44
886
-520
1135
382
-886
1038
-1296
556
-654
-885
291
-1404
199
-171
-988
464
-432
-452
872
-616
-81
1370
-1282
1452
-208
-275
1037
-368
753
-418
52
896
-1055
468
274
-1584
1262
-679
-923
1007
-1475
452
-407
-390
691
-570
603
-31
372
-16
391
64
-123
63
56
101
245
-240
910
-815
-8
766
-561
407
-138
105
-164
19
170
-667
262
-312
144
258
-653
843
-332
-471
336
-255
-61
-4
331
-33
-101
38
386
-442
-638
1101
-1095
314
-291
239
-255
114
581
233
-550
249
508
-690
744
-338
560
-1014
1291
-487
185
297
-1056
1259
-1688
1113
-44
-1620
2093
-1389
-433
1682
-2290
1631
-696
132
737
-1170
1792
-1048
23
1418
-1565
1171
438
-887
1297
-1601
1467
-739
-875
1407
-1699
793
-307
70
267
-471
245
398
-968
792
-66
-778
1122
-1196
838
-408
76
1083
-1689
752
333
-1940
1607
-1438
-239
855
-709
798
-1250
324
299
-930
664
76
-1091
1308
-968
856
-361
-264
808
-1792
2180
-1567
280
497
-916
1255
-367
-723
1166
-1295
253
1001
-2192
2360
-1829
1350
-666
67
878
-1641
1390
-1072
839
-892
778
-283
-366
214
16
-375
45
907
-889
396
310
-365
-65
194
-435
575
-832
881
214
-927
1900
-2064
1157
-113
-433
1345
-1720
1829
-951
472
513
-1221
1608
-1153
719
169
-1148
1639
-1224
394
627
-1189
1178
-282
825
-309
-162
819
-1062
416
1248
-2093
1376
164
-609
675
-412
297
-673
1140
-396
6
266
543
-463
474
390
-1144
1065
-674
435
-344
587
-554
-76
425
-360
-152
797
-154
-583
901
-822
1150
-1491
495
409
-1266
1177
-256
-561
337
-233
386
-690
223
545
-911
673
-26
-285
-551
870
-672
227
125
-734
642
-777
457
-339
-767
1101
-811
37
1112
-2204
2267
-1893
600
430
-1897
1690
-1411
906
-156
-590
163
291
-1395
1378
-1447
627
-169
178
-164
-619
720
-1128
395
436
-1411
1130
-305
-704
1115
-2017
2217
-1749
1186
318
-1009
1298
-890
804
-1260
1294
-628
166
732
-155
-381
468
-304
-716
1357
-1499
1433
-1000
853
67
-805
1198
-935
-132
591
-841
474
704
-1129
488
-332
-53
-74
-249
161
-339
855
-387
-328
610
-1238
733
575
-1621
1445
-289
-96
211
-253
1075
-1745
1801
113
-1633
2490
-1585
1848
-1217
416
438
-1433
2630
-1725
366
189
-394
1068
-760
240
567
-968
1218
-235
-562
806
-981
605
-211
-117
1033
-1725
2005
-1750
484
92
-1118
1721
-1560
2039
-686
-480
1470
-1908
803
661
-1212
1060
-786
1207
-484
-833
1398
-1979
1083
-81
-315
1425
-2090
2485
-817
-669
2267
-2205
1213
138
-568
1359
-1772
1027
202
-1558
1256
-1201
247
553
39
332
-71
-805
1377
-667
-777
1351
-1323
1296
-1656
1586
-1670
-777
1675
-2302
1782
-1035
1393
-1669
918
331
-1378
1461
-698
-237
-564
1856
-2674
967
202
-1630
1743
-954
630
-720
112
1051
-1967
1979
-1081
904
-619
405
-545
-440
1596
-2377
1829
-1950
2196
-2180
2167
-931
-1033
2717
-3246
2642
-1210
-88
1021
-356
254
362
-337
647
-779
530
117
-336
1708
-746
-893
1945
-2070
1827
-1026
-50
567
-1177
2410
-2712
2422
-1561
480
258
227
-833
985
105
-454
478
-274
-132
-564
1209
-1489
474
15
-515
513
-262
166
423
-546
1090
-1214
514
-6
-584
978
-1440
771
261
-810
410
-250
-573
464
462
-60
45
423
749
-1247
798
-371
-154
791
-925
791
-128
150
399
-538
-167
640
-348
-112
665
-699
1250
-328
15
476
-1213
846
-216
-762
690
186
-585
227
-195
-742
212
287
-510
612
-51
-292
722
-1276
545
-30
-1595
1261
-1045
741
129
-376
-462
551
-1324
1103
-866
-389
1252
-972
1206
-525
3
152
-478
90
-230
-80
-270
-36
268
-682
667
-510
-97
-140
383
-505
698
90
-245
752
-684
1336
-1320
812
-475
555
-878
944
-1068
22
881
-1014
1491
-1101
188
244
488
-513
95
355
-26
264
84
-1539
1860
-1779
1344
-304
66
-304
1140
-475
-252
1099
-1713
2668
-2424
2554
-2191
1216
-1025
863
-616
-887
1786
-2676
3288
-2493
1040
-547
1065
-381
336
-299
-245
832
-324
1276
-2470
1936
-991
340
183
594
-710
720
350
-1275
1584
-1579
1844
-1121
938
243
-626
523
-649
-386
-180
568
-752
1683
-856
384
327
-688
251
-137
264
-449
226
-561
746
-549
194
-616
-707
1082
-1119
1085
-329
31
-123
344
-709
613
-22
-1389
1505
-987
-466
1484
-1541
1143
-393
-23
875
-993
1237
-931
344
-832
2150
-1928
1333
-749
-680
731
-1381
1028
-1363
541
-526
846
-1051
1205
-590
-398
904
-1722
1365
-1247
389
116
-49
227
-553
-299
-880
415
-803
-197
911
-624
184
-323
339
-608
146
-372
273
-215
-362
1739
-1798
1883
-1249
-421
1110
-835
828
-1079
353
-847
1007
-689
1717
-1708
589
-293
-1056
2154
-2212
1611
-1681
1006
897
-628
84
-159
90
-205
714
-136
290
-134
447
-560
20
276
-637
1457
-817
99
1109
-797
1707
-1033
-239
562
-1031
1102
-466
-313
593
101
642
739
-1623
688
-298
-35
131
-213
1469
-1069
1881
-100
-623
1302
-689
350
437
-179
186
283
-1202
1461
-1583
593
426
-887
1974
-1702
1656
-291
-888
1498
-774
72
1551
-2084
1221
160
-929
1796
-1778
1155
-226
-769
1549
-1353
496
777
-1305
381
-171
-1278
192
-413
699
-95
-858
1519
-1403
-404
488
-518
821
-553
535
-190
-746
851
-822
-343
-849
-1018
-318
-1319
-1024
-451
-1966
79
-21
-578
867
533
1380
1000
294
1889
-987
1622
-313
-656
629
-449
617
-332
-618
-856
-735
-74
794
342
687
-490
283
723
-315
-289
611
-152
-35
-353
57
-223
-433
811
-978
1245
360
-481
1241
-442
-37
602
325
828
-989
230
-225
-437
509
41
-271
192
-814
713
-161
-296
268
-243
490
-319
701
-486
442
-225
751
-1025
111
1226
-853
345
-754
155
398
-252
549
672
-345
19
146
546
-139
431
489
-397
-123
561
-164
-123
191
-1104
241
148
272
201
-380
-1156
527
-171
691
517
-747
310
-728
707
-113
-827
475
-1281
-193
-38
408
-122
-352
264
-248
306
84
954
-811
913
-438
-154
433
-1602
809
-997
458
-251
-273
277
-662
-308
110
-23
424
-145
-595
-128
-343
308
-45
56
-334
361
113
-274
228
173
399
-363
411
167
699
-893
718
202
-31
526
-1371
-577
-498
1389
642
-331
-51
-256
-287
385
198
226
-222
164
34
-545
314
35
-793
-461
1058
323
1178
-61
-921
-492
-537
736
324
-663
-483
-189
209
710
-918
-569
-756
203
696
327
316
406
237
-683
-260
-557
328
-83
285
-291
486
-782
-500
-879
-713
253
-131
1297
-44
-162
0
463
266
-210
-839
1335
466
-43
19
-557
310
-599
-614
77
-550
572
1084
-305
168
-241
-143
359
-320
569
-252
-685
975
-497
-18
-199
312
-153
-673
936
232
-592
46
1033
-1017
-443
227
749
-384
-1188
-93
-451
1212
928
69
611
81
-562
774
68
404
688
-361
1260
258
-711
260
-1171
550
231
-578
188
-514
-2
251
-629
-1258
-269
-635
736
-703
323
-205
146
275
-1143
-485
-393
931
440
-69
-538
989
-696
-276
167
-501
701
37
69
-394
-209
-148
-404
-144
186
-65
-240
403
547
51
-204
476
294
-28
-376
-68
26
-186
425
521
179
-510
-345
298
853
336
-38
155
-733
-74
391
-716
388
114
-223
35
7
789
-35
-635
146
12
-369
781
139
-166
206
-749
607
-271
-413
1075
-118
200
901
-234
808
-234
-826
597
-233
537
577
-295
120
-11
-497
984
-45
263
758
272
361
67
-384
-964
-97
-65
380
478
936
359
-786
-1030
56
-677
-212
1064
761
-214
47
-182
-102
-442
-1143
-159
-413
400
-202
-580
-342
-744
-725
-240
223
387
-165
-300
336
180
80
24
-638
-202
-226
-101
514
-290
-235
-271
-217
234
-678
409
493
422
396
-888
125
399
204
174
-562
-217
545
76
1029
123
-640
92
124
1050
17
312
73
-419
-369
357
353
580
-9
-583
-376
256
443
-490
299
-218
279
578
881
546
-434
-17
608
483
629
621
164
11
-51
391
-65
176
362
177
221
719
447
57
138
-352
-429
-182
606
340
-283
-480
-300
-501
137
-214
-127
130
-687
-270
-116
8
-15
-50
-238
-412
-770
-396
-138
-361
-676
-1112
-1268
-1262
-594
-1277
-1261
-878
-1734
-1401
-1345
-1022
-1414
-1713
-1383
-1281
-1179
-1164
-1906
-2552
-2186
-1864
-976
-539
-637
-619
-298
363
211
345
284
415
724
1184
1945
1776
1839
1040
1313
1826
2063
2243
2365
2329
3128
2695
3012
3663
2273
3487
2907
3527
4436
3713
4075
3134
2135
3027
3202
4556
4544
3246
3660
3173
3352
3377
2859
3369
2966
2843
2445
1519
1363
-439
-2283
-3518
-4194
-3894
-5258
-6332
-6715
-8168
-8639
-8406
-8682
-9084
-9099
-8750
-8216
-8268
-7761
-7882
-7748
-6568
-6303
-5182
-4684
-4268
-3979
-3989
-3069
-1964
-982
35
541
819
1454
1831
2558
3056
2976
2506
2528
2653
2858
2975
3226
2600
2708
1905
2779
2846
2865
3911
2906
4303
4568
5292
5797
6001
5868
6555
6548
7788
7213
7922
9225
8511
10739
10182
10981
11167
9502
10492
8278
4404
1102
-2869
-682
960
952
-214
-2946
-5937
-8903
-12155
-11501
-10221
-9539
-8877
-9012
-8602
-10470
-12785
-15973
-15508
-12943
-10219
-6083
-4485
-5591
-7146
-8234
-6094
-3420
-1990
-222
529
1184
1487
740
470
-115
-833
271
2185
3850
3498
1365
-1108
-1706
-1352
448
3115
3400
2458
500
-354
590
1567
2248
3878
4744
5535
6990
6598
7889
6267
6072
8268
10125
13443
14121
13165
11463
9893
9685
12376
14815
15653
15202
10916
7051
-602
-6195
-3926
-1507
2465
802
-3262
-6120
-10223
-15996
-17489
-16583
-12013
-8829
-8074
-6970
-9481
-13544
-18810
-18182
-14412
-8847
-4011
-2157
-1719
-4802
-7877
-6997
-4815
-1955
332
1516
4474
4375
1525
-769
-2635
-2122
-178
2445
4946
4293
119
-3857
-5583
-4539
-1830
619
2439
2242
493
-1717
-1861
-1150
222
2009
5505
7581
9365
9123
7178
7214
5912
8746
12455
15126
16826
15405
13539
14942
12790
14036
14486
16369
17657
11925
6111
-3511
-4576
-2640
-522
1089
-1956
-5932
-9073
-15164
-16981
-17013
-15343
-11215
-11162
-8474
-8244
-10803
-13793
-18358
-18123
-13792
-7676
-1939
-507
-2924
-6885
-8450
-6669
-2963
-6
1604
2614
3241
2041
869
-1019
-2369
-2401
-1218
1546
2791
1341
-2856
-6801
-8234
-6454
-2559
668
1237
-300
-2793
-3413
-2471
-663
1817
4024
6734
7574
8906
9462
8501
8904
8761
11324
15829
18128
18653
17750
14791
14253
15124
16852
20295
18968
13539
7821
-532
-3423
-1813
-193
2233
-495
-6149
-9366
-13843
-16372
-16652
-16361
-12169
-9558
-8711
-8390
-10529
-14029
-16656
-16065
-11685
-5474
-2096
-1412
-2044
-5038
-6059
-4885
-2723
832
2130
2358
3352
2283
191
-1573
-3247
-2288
-879
10
759
-1138
-4827
-8021
-9096
-7375
-3984
-2374
-1604
-2751
-4980
-5343
-4507
-1956
422
1939
4259
5897
7323
8049
7697
8440
9556
11657
14365
16622
18098
16787
15457
15149
15164
17311
18113
18725
16177
11058
6408
-1396
-4216
-2608
-1393
2413
-958
-7388
-11307
-16565
-17506
-16872
-14598
-9316
-7157
-7840
-9602
-12020
-13422
-14174
-12270
-6785
-2711
-718
-958
-2461
-3769
-4286
-2952
288
3598
4051
2958
2344
1797
274
-994
-1782
-547
489
-495
-1641
-3635
-6426
-8169
-8180
-6199
-3998
-3314
-3905
-5120
-5906
-5834
-4270
-1742
639
2634
3936
5354
6065
6444
6364
9651
11482
14325
15259
15150
15672
15086
16100
17196
18309
17681
18018
14907
12904
7986
2206
-2312
-2283
-493
1372
-107
-6235
-11283
-15985
-17143
-15854
-13167
-9628
-8164
-9890
-11756
-13179
-13108
-11959
-10796
-7105
-4320
-3010
-2247
-4068
-3865
-3318
-1274
2016
3941
3933
2526
803
835
1112
1374
1814
1268
915
-1210
-3387
-4407
-5565
-5869
-5875
-5424
-4934
-4734
-5360
-5954
-6033
-5013
-3714
-1397
-399
546
1676
2644
4996
7271
8093
10462
11239
12277
14546
14919
16774
16629
17264
17359
18657
19929
18946
14112
10520
4757
729
458
157
3574
2913
-3119
-9990
-14268
-15223
-14171
-13852
-11739
-8827
-9082
-11976
-14544
-14160
-12793
-11482
-8281
-3830
-1092
-4027
-7144
-7756
-4183
1146
3411
5277
4671
914
-985
-420
2257
5362
4143
2609
1631
-634
-2976
-4752
-5182
-4596
-4688
-4781
-4798
-5726
-7801
-9538
-8822
-5978
-2665
-1686
-1325
-2894
-3519
-1360
1880
6496
8409
8940
9152
10196
11394
12532
13743
15340
16620
17653
19012
19124
20031
17419
12788
9242
5314
2303
2794
3143
3878
2306
-5062
-11015
-13852
-14304
-12538
-11641
-10124
-8824
-10724
-14310
-15654
-14297
-11455
-8943
-6704
-3411
-3377
-5223
-8364
-8187
-3458
1945
5976
6933
4226
-511
-2835
-851
3749
7378
7403
4417
2013
-1206
-3277
-3430
-2948
-2125
-2849
-3990
-5088
-6301
-8273
-9437
-8236
-4979
-2039
-441
-2124
-4444
-4680
-3278
1798
6715
8447
8540
7854
6018
8991
11176
13884
16602
15824
17657
18452
18516
19460
15038
11027
8919
4584
5346
5524
4815
4342
-1213
-7694
-10472
-11414
-10189
-9563
-10468
-10159
-10553
-13164
-14994
-14628
-12935
-10531
-9518
-7900
-5668
-6804
-7803
-8953
-7138
-2107
1091
3533
3778
885
-1308
-789
2202
6411
7639
5767
3629
1464
-405
-720
-469
-499
-1179
-3277
-4489
-4689
-5512
-5876
-6088
-5080
-3093
-2600
-2664
-3981
-4845
-3437
-313
3336
6198
6218
5461
5292
6081
9094
12324
14811
15589
15533
15175
17102
19243
17221
13838
8358
3502
5117
7126
8516
7972
1772
-3990
-7858
-10414
-8629
-6552
-5963
-6822
-10273
-13194
-14354
-14517
-12693
-10627
-9684
-8178
-8235
-9487
-9418
-8577
-7579
-4350
-1436
1125
2192
-955
-2236
-1287
503
4699
6531
5568
4662
930
-701
664
1263
2393
1240
-1934
-3567
-5244
-5593
-3930
-3516
-3334
-3069
-3755
-3742
-3937
-5537
-3734
-1464
1368
4283
4011
3536
2880
2881
5704
9153
11822
13712
12795
12067
12621
13137
17037
17011
13846
9265
3369
4364
7400
8794
8124
3791
-1519
-4499
-7344
-6896
-4781
-3996
-4721
-8030
-11094
-12342
-12129
-11568
-9897
-8657
-8403
-8701
-10421
-10241
-8353
-6566
-4487
-3303
-3276
-2728
-2976
-2853
-698
736
2580
3842
2717
1792
682
-86
1546
2608
2271
1507
-1080
-2886
-3502
-3599
-2361
-1232
-1636
-2283
-3175
-3882
-3502
-3162
-2104
-314
1239
2431
3162
2428
2782
3228
4830
7439
9261
10396
10470
10440
10805
12909
14656
14709
12018
7067
3923
5705
8486
10930
9332
4432
409
-3111
-4425
-2865
-758
500
-1606
-6265
-9541
-10650
-10157
-8638
-7263
-6980
-7958
-10523
-12038
-11075
-8670
-5770
-4031
-4327
-5751
-7049
-7189
-4413
-1113
1013
1701
264
-1509
-2037
-1382
1372
3585
3580
1961
-754
-2776
-2945
-2221
-185
981
138
-1490
-3495
-4549
-3229
-1796
-435
543
-642
-704
-549
293
1822
2806
3713
4553
4864
5226
5969
6801
7970
9126
9906
10837
11183
11994
12673
10889
6395
2669
3357
7775
11908
10634
6468
2033
-2013
-4297
-3430
831
4947
3514
-2702
-8211
-10463
-9099
-6553
-3866
-2604
-4999
-9679
-12448
-11357
-7943
-4403
-3072
-3113
-6033
-10246
-10546
-7054
-1815
1309
461
-1998
-4402
-6299
-4688
-468
2838
3495
317
-3314
-4873
-4566
-2188
1108
2421
577
-3249
-6142
-5657
-3388
-561
1770
1897
-331
-3033
-4177
-2347
823
3268
3924
2847
1235
16
870
3431
5841
6737
6036
4819
4440
4350
5789
7556
8348
8122
7405
7321
7826
7346
5824
4610
4294
5349
6842
6703
5350
3680
1553
344
317
1519
3200
3151
1428
-1283
-3356
-3403
-2637
-1798
-949
-1873
-3588
-5208
-6485
-6148
-5151
-4364
-3781
-4454
-6155
-7209
-7341
-6183
-4265
-3432
-3478
-4144
-4752
-4577
-3920
-2482
-1382
-1669
-2971
-4329
-4840
-4044
-2797
-2306
-2687
-3674
-4617
-4614
-3688
-2090
-369
-57
-952
-1605
-1666
-633
802
1628
2222
2142
1703
1652
2016
2817
3579
4336
4648
4420
4097
3866
4220
4935
5437
5429
5106
5052
4833
4692
4956
5086
4972
4659
4250
4185
4205
4238
4209
3871
3404
2981
2553
2519
2628
2347
1935
1324
710
555
337
159
137
-351
-1309
-2225
-2822
-2776
-2320
-2186
-2553
-3307
-4424
-5057
-5083
-4525
-3893
-3917
-4457
-5173
-5758
-5740
-5355
-4708
-4265
-4387
-4597
-4687
-4572
-4464
-4469
-4214
-3543
-2690
-1836
-1594
-1693
-1692
-1596
-1285
-913
-600
-421
-320
3
566
1262
1930
2257
2249
2176
2176
2483
2950
3598
4141
4461
4358
3831
3317
2780
2773
3256
3727
3989
3727
3259
2840
2703
2791
2925
3052
3038
2615
2127
1783
1378
1293
1004
661
435
8
-381
-660
-1032
-1105
-1155
-1544
-1715
-1782
-1916
-1987
-2145
-2288
-2259
-2415
-2708
-2785
-2809
-2718
-2594
-2547
-2407
-2332
-2210
-1984
-1730
-1402
-1207
-972
-582
-481
-533
-572
-520
-257
134
490
954
1313
1213
1044
945
968
1342
1730
1962
1955
1548
1216
1273
1698
2252
2560
2510
2153
1570
1202
1232
1601
1987
2070
1874
1526
969
636
643
926
1065
839
661
663
702
681
543
75
-506
-1055
-1448
-1303
-878
-759
-1039
-1801
-2436
-2653
-2494
-2056
-1741
-1694
-2037
-2553
-2921
-2959
-2711
-2411
-2314
-2455
-2525
-2579
-2405
-2032
-1785
-1607
-1498
-1466
-1334
-1118
-894
-679
-451
-409
-437
-449
-291
91
483
691
756
794
708
809
1000
1175
1359
1448
1418
1472
1572
1702
1888
1989
1996
1917
1867
1960
2181
2375
2441
2279
1986
1759
1765
1992
2212
2236
2105
1768
1450
1375
1422
1579
1632
1379
1075
725
417
317
267
123
-202
-633
-890
-812
-679
-563
-549
-803
-1222
-1637
-1844
-1625
-1255
-1108
-1292
-1722
-2165
-2371
-2145
-1592
-1071
-901
-1196
-1592
-1801
-1804
-1485
-1018
-618
-502
-786
-1115
-1136
-898
-548
-269
-191
-312
-493
-482
-301
35
248
240
84
-138
-18
236
474
637
475
257
177
198
496
864
939
740
395
226
320
470
578
719
754
582
287
64
66
239
314
325
312
146
74
22
35
116
42
-97
-108
30
181
290
217
-14
-272
-482
-446
-97
230
464
448
176
-73
-245
-175
186
526
629
529
296
141
125
150
283
391
431
465
439
459
490
435
361
368
419
497
579
625
673
550
252
65
-2
-17
145
322
385
289
-41
-306
-278
-183
-116
-168
-314
-405
-490
-446
-332
-326
-431
-619
-775
-836
-833
-734
-568
-513
-634
-896
-1149
-1108
-891
-656
-500
-486
-596
-680
-697
-578
-328
-257
-319
-395
-367
-178
67
194
199
114
-27
10
139
297
471
526
499
422
350
378
511
674
803
825
705
611
552
529
590
647
790
886
858
750
604
535
573
665
722
694
573
450
387
371
314
249
223
144
72
10
-62
-171
-286
-402
-424
-344
-335
-395
-423
-414
-443
-465
-571
-611
-594
-589
-551
-537
-654
-831
-935
-951
-837
-671
-514
-404
-435
-602
-724
-743
-578
-307
-89
23
-7
-107
-161
-165
-131
1
157
287
344
289
221
182
155
210
332
421
470
426
362
321
313
350
405
492
510
454
407
410
416
410
328
240
241
241
268
324
314
202
58
-70
-92
-58
-60
-78
-142
-274
-363
-394
-445
-376
-293
-305
-351
-464
-579
-577
-615
-698
-687
-659
-632
-527
-466
-446
-405
-405
-357
-254
-125
4
100
149
189
180
175
200
248
353
398
444
529
574
616
686
781
804
783
810
882
968
957
885
780
677
650
689
749
762
710
648
597
534
477
481
519
537
516
459
357
250
119
47
33
-38
-159
-233
-274
-345
-387
-474
-563
-604
-666
-716
-730
-754
-797
-857
-944
-1024
-1125
-1159
-1120
-1056
-972
-954
-1040
-1136
-1172
-1123
-1003
-929
-887
-833
-805
-754
-710
-651
-543
-486
-454
-416
-370
-274
-154
-72
-22
39
62
122
206
331
474
536
540
532
532
580
719
827
914
986
957
909
875
881
920
917
910
939
923
839
794
725
647
611
642
759
828
788
669
563
481
404
333
327
366
338
240
57
-124
-249
-309
-290
-262
-282
-328
-385
-479
-570
-616
-646
-653
-607
-571
-575
-628
-653
-646
-635
-615
-606
-622
-630
-626
-606
-535
-542
-592
-625
-590
-472
-331
-252
-276
-323
-343
-334
-267
-145
-33
15
37
48
44
63
140
257
351
406
424
472
573
600
627
658
632
594
593
667
726
728
694
657
665
655
602
606
616
608
569
515
445
369
326
298
287
239
177
154
206
211
137
50
-78
-188
-226
-259
-281
-248
-272
-358
-433
-527
-570
-507
-438
-354
-336
-441
-554
-633
-690
-666
-584
-570
-554
-573
-666
-718
-737
-671
-512
-427
-376
-298
-252
-233
-215
-217
-171
-81
-23
37
142
238
242
183
158
211
322
463
551
572
535
497
487
476
507
533
581
614
616
556
446
374
352
411
457
495
525
541
494
407
306
196
164
180
233
251
207
118
-11
-106
-157
-168
-166
-153
-145
-153
-194
-225
-251
-296
-337
-369
-400
-442
-500
-558
-575
-611
-650
-664
-686
-698
-693
-703
-700
-716
-751
-758
-727
-725
-685
-607
-533
-422
-401
-402
-362
-307
-239
-112
47
137
180
189
251
320
382
451
518
596
616
633
650
692
708
682
686
730
796
844
872
871
791
683
625
638
681
732
743
690
564
437
354
327
366
373
392
412
340
229
181
144
130
133
99
100
82
-14
-110
-191
-284
-329
-363
-434
-458
-511
-612
-676
-749
-818
-828
-854
-884
-889
-945
-987
-1003
-1030
-1029
-994
-974
-885
-752
-630
-543
-540
-560
-542
-487
-442
-360
-242
-154
-73
-34
-4
16
-23
-10
71
213
326
356
350
315
266
214
234
308
370
415
418
416
394
374
386
415
512
630
687
704
690
671
643
599
613
657
681
713
695
622
557
484
441
428
434
472
457
390
279
150
64
-16
-81
-113
-171
-204
-264
-364
-478
-562
-617
-606
-551
-504
-440
-394
-385
-410
-455
-536
-515
-444
-366
-292
-328
-376
-427
-451
-433
-381
-312
-204
-113
-111
-205
-283
-311
-292
-146
-66
-44
-30
-102
-155
-176
-190
-161
-133
-60
67
131
161
131
133
159
194
214
257
325
388
484
522
512
458
438
450
527
571
564
538
436
390
329
290
245
203
213
211
136
66
-19
-87
-184
-255
-217
-160
-143
-218
-270
-346
-408
-472
-507
-413
-280
-167
-149
-213
-293
-360
-392
-327
-193
-84
-23
-35
-98
-229
-320
-293
-161
-14
58
65
19
-29
-84
-103
-128
-49
-11
77
164
170
161
145
150
176
265
346
421
490
509
451
325
304
257
294
397
495
586
566
459
368
301
351
417
375
356
288
272
146
47
36
32
63
31
-3
-57
-63
-131
-247
-233
-278
-339
-333
-431
-372
-328
-397
-443
-466
-505
-424
-383
-312
-257
-306
-309
-311
-407
-415
-520
-511
-413
-365
-260
-286
-303
-335
-360
-383
-295
-267
-136
-46
-85
-67
-101
-119
-163
-89
50
187
268
223
174
77
63
12
-58
-186
-306
-344
-491
-182
236
1074
1965
2662
2853
2541
1949
1324
628
72
-136
-237
-24
82
262
168
-124
-80
-198
-208
-105
-230
-226
-109
-348
-70
-1376
-2019
-1984
-3032
-2279
-1795
-985
551
1126
1643
1767
637
259
-1730
-3642
-3590
-3818
-2596
-839
479
2105
2716
2758
2186
730
-416
-716
-816
-21
729
787
975
722
426
-17
-385
-870
-779
-802
-288
362
680
1189
1354
1378
1270
683
7
-272
-815
-697
-579
-260
59
558
599
826
740
551
178
-109
-216
-3
272
548
930
542
394
-419
-827
-1146
-1001
-596
125
698
1416
1569
1101
732
-378
-902
-1868
-1908
-1764
-1526
-785
-461
33
639
994
1086
1092
551
430
205
262
607
684
1517
1982
2322
1128
59
-1560
-2669
-2553
-1866
-463
477
1809
2021
1565
336
-965
-2203
-2467
-1919
-908
241
1249
1610
1862
966
432
-86
-762
-255
370
1114
1524
2150
1025
939
-539
-1166
-1378
-1733
-641
-356
535
792
460
-14
-385
-981
-626
-607
379
1868
2142
1771
1094
-848
-1429
-1828
-3065
-1104
-1241
-123
847
217
462
-475
-894
-218
-698
418
729
343
496
-545
-1173
-1226
-1597
-1403
-1022
-722
-96
-28
278
-254
-693
-735
-694
-97
4
589
835
611
653
226
-439
-567
-1109
-1019
-1082
-902
-184
300
906
1379
1612
1941
1341
1060
661
791
434
1194
1097
622
1243
37
395
-228
18
40
301
844
378
5
-175
-342
-647
-2
-221
497
499
-228
-462
-1400
-2554
-1851
-2178
-1700
-1528
-376
1089
1180
2490
813
1516
-509
-594
-830
-2255
-117
-352
507
1627
218
1362
-382
-1662
-1009
-2824
-1353
-966
-1352
-147
-554
554
224
166
1497
235
1957
371
29
1151
-1116
57
1745
1470
2296
1419
982
1416
-979
1713
-280
-776
1165
60
1100
1721
630
997
197
-170
28
-564
1296
-1447
1638
-2100
-65
-151
-115
477
-1423
853
-2122
-166
-546
-350
-302
-169
431
-1496
3318
-2091
-644
-866
-3106
1856
-2490
2298
-912
-404
261
666
-927
909
-2355
1074
-1142
-863
2527
-4006
4582
-1885
501
-622
710
-1307
-438
724
-952
2653
-2287
2979
-2247
740
420
436
1343
-633
849
-198
412
-1181
-30
405
335
2905
-341
-398
1604
-1562
-175
1398
-2805
1898
2370
-977
1804
-2709
145
-1137
889
-1349
-795
1476
-987
2770
-2493
-164
-1877
840
1226
-1645
1978
-685
-1319
959
-2039
-1632
2356
-2591
253
1350
-2390
1320
628
-2871
1118
-1110
365
154
749
-2596
-1001
2053
-1224
1468
654
-415
149
-2120
928
-3099
2045
3
-81
1497
385
-410
878
566
-3121
3482
-2952
2000
-1236
2142
-868
1612
421
-834
2135
-2263
3070
-3534
2067
1190
-740
1383
1283
-1293
2159
-1568
300
-1259
-1254
2453
-1464
1552
667
1605
-1079
-228
-29
-2150
10
265
-425
1025
-925
79
568
-2109
3021
-3747
1182
781
-2832
961
-3859
1376
313
2356
-1800
639
-2447
168
-1129
-1303
1522
-2169
3338
-2836
1071
-1930
257
18
154
504
-1402
295
-455
892
-928
3018
-3089
3313
-795
-531
1468
-718
-1571
736
68
13
123
-106
1641
-202
1911
1353
-267
304
764
-445
2745
-1998
4152
-4070
1548
340
-1297
3190
-1877
3174
-2192
491
368
-757
-411
487
93
-1281
244
213
1613
-635
-340
1167
-4235
2402
-2590
-566
-1762
2370
1699
-392
1011
-1628
237
-2631
293
172
145
272
2654
-3272
2623
-2075
-861
-176
-3459
1576
2213
-938
5029
-2713
-141
758
-4128
1857
-1231
1309
2569
614
-807
2017
-4047
1498
-1168
-1284
3980
-1998
3304
2120
-3125
3061
-2088
-1161
2299
-2140
1504
-308
664
1814
-1662
1450
-1199
-56
86
-380
-159
2267
28
-173
815
-3470
4595
-4017
1837
-413
-2984
597
-1963
1855
-2222
2705
-1728
603
-2590
-1592
29
-2934
4911
-2682
934
379
-1979
1714
-2102
-734
-983
413
-193
2258
-1774
1363
-162
1532
-2318
1819
-3856
984
3416
-4388
6985
-4316
1447
1626
-3145
796
-555
-1605
3092
-2025
841
3422
-3505
2661
43
-4190
3363
-1520
1900
1589
133
-588
2899
-4327
3201
-645
-2417
5406
-3619
5233
-4199
2906
-1671
563
-122
2566
-1923
1369
319
-3087
1420
-1014
1019
-419
3192
-3121
3123
-3262
-108
1380
-2002
1266
-1085
-2981
2205
-1295
-1425
2763
-5159
4378
-1029
-1373
4501
-5440
3107
1049
-2106
3779
-1843
-806
658
-1491
-367
-1519
1072
49
697
1595
-142
473
-2262
342
-2394
-1670
750
-278
1119
2003
-2364
2441
-1616
-821
1561
-3424
3056
408
1419
433
1870
-1053
2640
-1681
-1936
2444
-4842
6870
-3112
1676
708
-1535
1913
-536
1039
-746
1877
-2615
1620
-1178
-420
447
-379
-537
1598
-837
-1151
616
-5926
2785
-640
-128
3304
-2837
743
1063
-3249
1528
-955
-1213
3455
-1235
283
1300
-3479
387
1206
-3292
3168
-1110
-974
2042
-1846
96
-525
-856
670
1792
-1442
1304
-699
-2198
2742
-3283
1453
-959
285
1833
894
-357
643
-236
-1852
2474
-3857
3241
-1211
563
1789
53
-530
12
662
-2446
1844
-1867
-19
-240
694
-429
-93
2715
-3769
3109
-1574
584
-1017
44
496
-723
782
-712
-158
-55
2874
-4019
322
403
-2320
3635
235
-1321
2644
-3074
3419
-929
-1264
1277
-1056
-84
2854
-742
-151
-146
-754
1850
-1266
3529
-586
917
-1419
260
-1150
1084
700
-1214
660
-196
967
-466
-214
-1287
-1514
-536
3808
-1803
3511
-1123
942
-438
-781
661
-930
854
-15
1287
771
-724
-150
282
-1286
634
838
-722
1709
-2042
1526
-1238
775
929
-1932
336
-2895
766
-2308
1737
-837
206
453
-455
476
-462
-3359
628
-2573
1631
1451
393
596
-801
155
-2171
2248
-3659
2360
-1849
1932
807
-1722
2996
-2592
1078
745
-389
-1102
2254
-1785
2114
948
-2772
4298
-3642
3140
-3219
122
-598
232
1076
-647
2580
-3042
4788
-2667
-536
1130
-3595
2768
-2205
1387
-106
784
-1120
-1010
1429
-4759
3760
-3386
3114
-1448
1117
-389
-294
1665
-2264
1640
-1025
1082
-383
-906
-1267
-611
-1350
3521
-3136
3274
-2456
-908
2777
-4019
3421
-2500
-707
3152
-2735
2360
-529
-1020
2902
-2636
3640
-1765
59
-327
-1167
792
471
1670
-541
-1530
1882
-3001
701
465
-1223
2585
-1692
2124
-1159
-991
3145
-3175
1769
431
-259
2610
-1133
775
-80
-1297
2052
953
-3798
4145
-3085
1670
1796
-1976
2206
-2017
668
-677
-352
-4
2393
-3295
2372
-2322
-709
735
-635
621
391
453
-1282
1225
-2095
1034
759
-246
668
-996
-381
377
-1330
310
-813
-335
749
-1359
619
-1629
2049
536
-102
669
-1542
2750
-3574
3478
-2866
790
984
736
-676
-1045
1357
-2972
3707
-4155
4753
-3248
2807
-214
-508
2067
-2558
2373
-3283
2883
-3789
4244
-4173
3524
-1150
-1558
4403
-4907
5690
-4456
2501
-1262
-1437
1574
633
-439
-213
2404
-5419
4945
-4820
2566
-490
-43
3400
-2961
2956
-2341
358
-2011
1327
-1047
1082
-219
-1174
3190
-4326
1824
426
-2365
-50
2168
-2906
2778
-297
-1310
1779
-1442
1828
-1840
-683
813
-797
1092
-946
1355
-2910
2942
-780
-56
198
-2609
2258
-472
1338
574
1793
-2041
3277
-3055
-1615
1894
-1551
2839
807
-1923
1462
-1239
888
-399
-3664
2546
-821
3368
-118
421
-1123
338
697
-716
-1665
2034
-2190
1576
804
-2599
3552
-4978
4128
-1667
-1459
2259
-1160
1275
-696
-1527
1775
-1944
-80
2119
-2735
1657
318
-2178
2886
-3515
845
71
1181
627
834
-657
-1576
2036
-4223
2219
-997
-210
1045
-2605
2941
-1233
1880
-2045
1866
-2343
300
-349
118
2787
-2589
6302
-5324
2201
-2185
-882
-1366
309
2909
-2128
6410
-6519
4390
-4372
-1535
3602
-5112
5723
-3451
3616
-2027
587
-459
918
-2103
375
409
-2468
4297
-3998
3458
-2409
1511
-313
-168
1077
-1359
1052
-1693
2220
-2660
1231
-1215
660
-313
277
-129
-1070
1359
-2972
3115
-3179
3362
-940
-130
1238
-949
811
-1821
1302
-1326
1347
1076
-530
1497
-1112
-554
1210
-2053
-764
3972
-4236
3804
-1067
-1417
3388
-4054
3229
-2754
1317
3498
-1276
1178
-1963
1031
-2068
2486
-389
-762
2589
-3124
2380
-1935
620
761
-2950
1967
-1161
1024
337
3165
-2630
1600
26
-1764
2586
-3108
2660
-3198
1886
88
276
176
53
-849
-58
-1759
920
-564
-908
1721
528
690
682
-1315
-1425
38
-2598
3610
-2561
2542
309
325
-658
1236
-1590
376
-1495
-200
869
-309
1454
-904
55
1559
-1099
-1078
335
-1038
293
1189
1012
-1528
2436
-1653
832
-437
413
846
928
-1708
2000
-1140
-3152
1995
1348
-4103
3655
-1574
-1645
4175
-6597
6060
-4201
58
5221
-5633
3614
528
-3993
3277
-2432
-657
1207
-1293
811
1033
-484
142
1750
-1910
404
-330
-1949
1066
992
-800
2441
452
-1582
1284
-2211
614
1612
-2493
2098
-1653
304
479
-371
-1356
1096
-2153
3943
-1644
-1375
1066
-1112
96
1693
-927
-1425
1992
-987
1536
-1253
-2712
2072
-2962
3041
-1586
-172
3337
-3957
5948
-5328
1632
-1616
-679
1060
-499
1908
583
-440
-128
-205
-258
109
-732
4023
-1461
734
875
-3060
2194
-1601
870
624
-2807
3834
-1411
-546
2151
-3198
1438
2096
-4008
6375
-5016
15
4268
-5114
4779
-1830
104
319
1027
-785
1121
-2375
1531
-631
-404
952
-938
-521
2266
-3194
-91
888
-330
758
-924
290
-1672
2182
-1881
2518
-3194
3824
-764
402
-1335
-2228
1363
-2069
2747
-2050
2800
-791
1232
-2125
920
-74
835
1271
-1084
2232
-3742
3217
-967
-1140
1904
-4180
2009
432
-778
2357
-1831
1652
-652
425
645
-1656
1745
-2411
2517
-809
1222
-1624
371
-2363
-446
510
-437
2078
-1378
635
61
-825
1112
-1106
693
1097
-1906
1074
-3154
1367
-1755
392
-15
424
198
1594
-1226
-666
-798
953
2
23
836
-3058
2878
-1890
257
-119
-2880
1395
-1042
1911
585
606
861
-1266
876
-1269
1911
-2325
1233
-654
1747
-790
13
766
-3484
5657
-6090
5354
-4026
794
3184
-5340
4187
-3918
1967
829
1033
-1056
2438
-2394
2553
-2232
-2458
3443
-4488
6589
-3350
4351
-1345
-1627
163
-1762
-903
504
2176
-2507
6443
-3811
2639
-2705
357
-19
-785
1306
-1195
3062
-2079
3890
-2386
264
1283
-2742
1872
-1737
211
367
-1182
74
1330
-3649
4452
-2988
2137
-1338
592
1662
-2647
3956
-4845
4167
-2442
2879
-1860
165
-1411
475
719
-3381
3609
-3619
3648
-2664
2044
-998
1767
44
680
-1529
-136
2607
-2942
3256
-1968
-697
506
-775
994
-1024
26
701
211
-1885
1053
427
-3127
4057
-2489
1617
1199
-1858
1888
-3690
2375
-466
-1866
1217
-1980
1351
-340
1241
125
-2520
4164
-3225
1177
228
-2515
2117
-1579
1841
-2143
3235
-4383
1748
-308
-4322
6068
-4647
3224
-107
-2119
4700
-2901
78
905
-2445
-854
2331
-2029
2030
-733
783
-393
-36
-1073
-770
448
-2533
6242
-5722
3491
1548
-5128
4520
-1860
-1708
2878
-1779
-137
2352
-3739
4290
-2213
142
2312
-2844
2340
-477
890
-865
740
1031
-2179
-522
912
-1077
1025
2023
-940
1002
-2999
2788
-2658
-1401
3882
-3276
4141
512
-1070
245
-2988
-148
-83
74
-1097
4135
-3321
2529
700
406
302
-2227
674
-2310
3882
-3484
3910
-2069
733
1112
-2044
2597
-3211
483
1058
-1259
743
1354
-2016
1302
755
-627
1058
-614
-620
134
-1731
2522
-1749
1602
-1093
1167
585
-1823
3935
-4464
1106
263
-1487
1539
238
1495
-1434
881
-234
-2403
2515
-2071
681
974
-2689
4069
-2486
-224
1682
-2301
2259
-771
22
421
-2250
625
1753
-3128
3281
-1157
-1639
1147
-882
-131
-154
1603
-1798
1452
-2923
3358
-121
-832
2130
-2383
-9
-35
-1054
-559
-91
-1160
3174
-1693
173
1747
-2555
30
1690
-3256
2435
-234
-1340
1994
-2479
1795
-399
246
1441
-984
-81
309
-1217
899
-1521
2266
-2368
2205
-921
122
1481
-3268
2703
-1625
-400
527
-481
-343
3053
-1148
-129
-670
-1123
1411
-764
662
512
294
-340
-452
1122
-2204
2881
-2730
1122
-187
-443
676
-1018
2180
-3358
4352
-3690
4841
-3119
959
2156
-3189
1244
-1339
1478
-2933
5293
-3961
2642
-1084
-1135
759
-3427
2414
-1292
536
686
870
1004
-2999
4576
-4406
1078
2227
-3617
3066
-1944
1931
-165
144
1328
-815
-3261
3375
-3991
1963
2658
-3289
4659
-3192
1661
-534
-1047
236
-796
905
-1498
2892
-1629
1671
-1176
-91
543
-2308
2827
-2657
1603
-953
592
-316
1171
-1906
2523
-2807
2203
-603
-348
1720
-2631
3250
-3534
3532
-1799
370
1926
-3415
1945
-745
74
571
-2778
2828
-1202
-695
2460
-1741
-1812
900
-487
-195
1746
-1417
1686
-374
-1251
930
213
-2794
2891
-2539
1871
583
-2174
3416
-4266
2014
867
-3676
4735
-2322
-101
2683
-5379
4116
-835
-2725
5124
-2334
1040
1307
-3635
3298
-3065
2046
-1378
-676
1175
71
1113
-942
1106
-2556
1216
-724
1174
-1269
1836
-1451
1588
-1354
-270
358
-2314
-139
-938
1525
819
-8
-982
2198
-3300
3126
-526
-2729
3344
-2086
2591
521
-2233
4978
-6870
3758
-304
-3472
2979
-1205
1480
-341
-1141
2875
-2527
-264
2936
-5289
3075
-1115
1975
1190
-830
1366
-2916
2264
-3847
1594
-1121
-529
3377
-2145
2570
-181
-811
-457
-173
-1406
2237
-1846
-537
2805
-1838
1412
1994
-3386
1187
-66
-2041
3149
-3690
2583
569
17
2223
-2113
481
-944
157
-1456
725
1076
-1386
22
658
-169
1093
-1353
883
623
-1829
2453
-1956
312
897
-2688
4089
-1995
-512
706
-308
-1518
1132
-779
-26
2084
-398
1949
-2427
1426
-1418
-1345
758
165
-1045
1161
1487
-1984
523
-524
1015
-2033
306
3010
-5740
4897
-1632
-2496
4578
-4321
4534
-2153
-86
668
-2186
434
525
-920
30
1472
-498
1591
-1988
1068
-2172
1210
-991
787
630
476
1379
-2506
1904
-1821
-433
363
823
-1268
217
737
-1513
1309
-48
283
1229
-1015
1509
-77
-2162
1552
-3215
1547
1268
-117
2064
-3583
1730
-1519
51
478
-744
1051
1415
-534
553
241
-2369
3959
-6312
5197
-2189
-1373
4601
-5619
3971
-2600
1570
-1601
2719
-3463
3711
-1548
26
2857
-5411
6114
-5542
4525
-2249
575
1989
-3765
968
-1050
584
1687
-501
885
1318
-2061
845
106
-1576
1262
1949
-2508
1454
-145
-2368
3326
-4063
1647
2525
-4128
5131
-3196
-1393
2398
-1748
1240
-752
843
1686
-930
-424
2172
-5293
2193
-96
-2546
2721
-2440
1984
-280
421
-284
300
-1689
2655
-1806
-909
1579
-1817
2689
-1287
887
188
-1592
-32
-1425
237
-264
216
-320
2092
-1173
1126
1293
-1561
2143
-4283
3077
-1832
-96
2705
-4475
4350
-1291
-1802
4211
-5294
4100
-5628
2637
1612
-1972
3961
-2583
777
-250
1439
-2546
252
-1641
4978
-4993
3544
-2405
-1172
2685
-3233
5909
-6848
5564
-3423
1309
312
-3167
3885
-2148
1752
-7
-195
-996
1706
-1504
1169
1591
-5034
6637
-5621
2032
1248
-4507
4780
-453
-1702
2640
-2379
-392
3900
-6318
8344
-7032
3640
-213
-967
3330
-5247
5579
-6187
4060
-326
-2964
2518
-1071
-1093
3439
-1521
-871
1979
-2334
1715
2403
-4614
6001
-3716
-298
2709
-6348
6350
-3242
-1116
3205
-2816
-1122
3619
-4459
4670
-2990
529
2452
-2506
3847
-2190
-392
-532
615
-384
916
-308
2647
-4938
3629
-510
-1678
2735
-4009
1816
1385
-1843
1912
-969
-1103
3297
-4605
2326
1539
-3843
4279
-1669
-1735
3360
-3798
3544
-1684
-623
2643
-3116
3202
-3617
834
-774
24
1712
-1145
2219
-1964
1476
-1837
-544
1356
-2069
2792
-2085
1502
-656
1226
-2052
458
871
-3817
3533
-1138
-211
869
360
-1392
3682
-4351
3096
-2881
-35
2284
-4436
4892
-3785
3247
-2091
217
122
-1883
2148
-1232
2064
-2327
3209
-2259
3981
-2804
581
1021
-3678
3650
-3364
2640
-1167
-1139
2038
-2287
104
1317
-991
285
454
341
465
-1839
2562
-2369
1134
1541
-2706
3024
-3278
2062
-250
-3742
3780
-1426
325
-112
1756
-3047
2557
-1948
1976
-588
-2341
4775
-3687
3634
-1797
-310
-222
-376
-462
156
-1002
1537
0
-62
2462
-3428
3570
-3655
781
2746
-4399
5001
-2975
1533
2412
-5296
3566
-1551
-2922
5126
-5132
3444
52
-1345
4194
-4298
3496
-353
-3026
2227
475
-3161
3766
-2292
1469
1186
-3632
4195
-3015
-1713
2385
-3373
2159
589
-19
1211
165
-973
2535
-4559
3223
-2030
-2284
5339
-4647
3463
-905
830
-1092
521
-2848
2497
-1588
579
2052
-3282
5465
-3535
859
736
-2994
2762
-1446
-1588
4631
-4579
1149
929
-2534
3578
-4225
1870
1060
-2012
1915
-54
-3437
3891
-4601
4992
-2304
602
1098
-3591
4853
-6358
5735
-5487
4782
-2997
1250
691
-456
250
-1169
2665
-5161
6285
-5810
5421
-3783
1657
-289
-1663
4471
-4927
5438
-4125
1434
-286
-483
545
389
-719
697
-835
-92
3462
-5725
5176
-3834
510
2121
-1371
1104
1638
-2903
2047
23
-3220
3929
-5141
4322
-2055
893
1556
-3100
2014
-721
-1867
2618
-2632
1690
1925
-4041
5316
-3930
2511
-440
-2453
2626
-630
-1041
941
-20
-2180
5179
-5774
6094
-4139
364
2901
-6990
5538
-2679
596
-463
3292
-2534
1365
202
-948
-1295
1214
-426
-788
1375
-251
-388
-629
566
212
142
-1566
1640
-2045
1942
-483
1186
-1473
617
1364
-256
-110
-1714
2378
-4263
3392
-526
-1789
2709
-720
-771
1168
-1156
-120
1762
-3326
4433
-2013
1331
672
-3281
3238
-4669
2821
-2399
1644
-510
978
39
-1238
603
-1334
1015
-1390
1627
-1090
3232
-2348
3240
-2116
-2474
1510
142
-1632
1646
-1167
842
152
823
721
-2420
3375
-4535
3568
-820
-1357
2814
-3812
2660
-405
-1317
2389
-3036
1235
-1159
-1582
3881
-2298
-191
2380
-950
14
2261
-2774
1262
-3539
2314
-1247
583
1402
-1579
2484
-3232
4061
-4107
2389
-1822
1498
626
-1800
4167
-4312
1578
142
-561
394
-548
850
-824
-589
1459
-1475
-627
1490
195
537
-21
-97
-464
563
-1968
1200
-295
-2946
4014
-2398
2621
-399
-1450
1463
-1443
-154
1051
-1739
2072
-1308
268
1621
-2644
2759
-1462
-720
1801
-1506
989
-886
-1082
3182
-4069
4295
-1630
-206
1701
-2243
-481
271
-926
2617
-1131
237
1756
-2531
1678
-665
-291
383
-622
881
-281
-58
1911
-3041
1057
1155
-3364
3401
-1726
-2242
4345
-5252
4762
-3116
318
2844
-3592
4254
-1900
-1371
3328
-3854
1254
57
-1354
3431
-1982
1932
-501
-1841
499
1158
-3395
2646
-3481
4669
292
-1855
5803
-6085
1513
436
-1986
-1489
2718
-2429
1930
1802
-1435
3292
-6395
4465
-3051
-115
2719
-1789
1284
-1067
1913
-2374
1930
-1930
-242
1552
-1586
2170
-1316
-1033
3235
-2510
1243
374
-2109
3818
-3442
885
1049
-3998
4331
-2371
335
1879
-2149
2402
-43
-1526
1241
-439
-3773
5592
-3738
1415
1583
-2515
3349
-3209
957
2037
-3806
2533
1147
-3508
4171
-2743
1223
1051
-2646
4108
-4267
2658
-2287
809
-721
-2672
5718
-4645
3269
1161
-3548
2989
-4160
2221
-557
-589
1531
-216
-59
892
-1183
1420
-2699
-693
2448
-3791
5146
-3190
2034
-494
-236
-186
-834
1270
-1022
1180
-1972
4252
-5191
4266
-2411
-949
3093
-5673
5912
-2200
-1156
3804
-5200
3051
-759
-10
1069
-3697
3157
254
-1450
2760
-54
-4102
4416
-3589
2282
-2562
918
1622
-1753
1239
-876
641
410
820
-1766
1888
-3874
4471
-1789
-2334
4259
-4720
6559
-5767
4823
-2935
-2856
4536
-5169
4598
-2148
-133
3525
-2485
-187
3323
-5492
3029
-1014
-2788
4563
-3549
2515
1824
-3670
2131
-114
-2506
2620
-386
-1888
2266
-905
726
257
-1402
1455
-608
-1524
1906
-516
-2074
3999
-3963
1863
1347
-2174
2375
-1555
540
840
-2536
2421
-963
-1850
3141
-3222
2841
-271
121
-960
276
825
-1972
1580
-2200
1035
426
799
312
-1182
1237
-867
-84
-155
318
-1131
864
944
-1830
2066
-69
720
-1090
572
-1412
340
-311
-509
1630
-1717
1653
717
-1341
915
-337
-2103
2231
-1636
383
2676
-3252
3489
-2531
375
1573
-2773
1028
-32
-1564
2992
-438
-728
1298
-1606
447
-61
-1539
532
2030
-3525
3066
-908
115
-325
1496
-1713
875
1189
-2216
2997
-3087
1236
303
-1094
-357
1825
-1849
2504
-3682
1229
163
-1970
4615
-4570
2544
-467
1140
-1738
578
-142
-2567
3820
-2046
1093
693
-101
-1805
2065
-2859
1541
-646
245
1939
-1626
3513
-4061
1636
-2035
1402
-51
-2257
2746
-1553
1946
-712
1242
-2539
1360
-1507
997
-384
-2208
5114
-4716
3986
-1035
-1508
1521
-2828
2099
-1070
-500
2016
-1078
1147
-209
-164
156
-2118
2958
-3285
35
3316
-3064
2920
-1290
857
-538
787
-1522
921
-1405
938
703
-1013
2320
-1509
608
-601
-86
-884
1030
-677
1986
-2802
2690
-1322
47
805
-1306
951
-803
1528
-1307
967
211
-1013
957
-797
695
1210
-1808
1606
-1431
1394
-1023
75
531
-2305
2641
-1100
-485
1816
-2034
1592
-2100
1370
-790
392
456
150
16
-941
1841
-2772
2921
-2783
1324
1049
-1971
1599
-666
-333
-460
295
546
-889
576
208
515
-897
1605
-1309
336
835
-2472
3141
-2284
976
-364
295
-211
1018
-1921
1690
-587
-771
2605
-2628
1884
-2190
680
849
-1104
1559
-1125
-937
983
-192
-697
295
247
-1650
3058
-1423
1452
-808
-63
-730
-886
1670
-1307
2088
-2665
2064
-746
794
-887
-332
-990
931
122
-1098
2198
-1682
713
-396
-433
-455
557
-357
893
-455
-772
2534
-1622
-399
690
-738
-273
1010
1280
-473
-1233
458
592
-1076
-176
1328
-2214
1007
2368
-2424
-274
1550
-1730
1598
-206
-1787
2052
-1066
975
429
-2556
1915
-781
-557
1844
-1416
-1006
2094
-1919
2569
-1721
332
839
-714
201
-263
1536
-3655
4139
-3320
1502
688
-1402
908
261
-1421
2182
-1724
-240
1813
-2461
815
-459
1236
677
-1485
1566
-802
-700
1426
-1773
1505
-1241
738
337
-633
779
-1319
106
-165
858
0
4
-778
1083
-956
353
844
-1280
1443
-832
109
1146
-515
-702
770
-933
463
660
-502
-215
846
-448
-767
1034
-929
540
310
-879
-478
3270
-3869
2513
-1190
-1844
4576
-3760
2986
-2014
-23
118
874
-2106
1866
-1019
-581
2347
-3191
2009
-734
-685
1240
-987
-168
1832
-1502
-327
2099
-2771
628
2139
-3310
1333
696
-542
393
940
-1975
1817
-900
-189
2454
-3363
3169
-368
-2034
2570
-2226
-837
1120
-197
913
-99
-275
-78
807
-2134
1464
-566
-1986
4111
-1795
-1287
4210
-3652
205
1921
-3659
3084
-1265
-147
1800
-1698
1122
128
-952
662
189
-2580
2759
-853
-1227
1972
-1039
-476
1686
-1507
617
572
-1070
109
538
330
-602
-3
-607
2128
-2002
352
1270
-1982
823
188
-1116
1271
306
-850
1130
-869
-566
2276
-2217
58
1361
-1586
1389
-76
-915
590
-405
896
480
-1800
1092
1074
-2461
2893
-1311
399
364
-1819
1851
-1732
2024
-3093
2003
-596
75
2049
-3867
3135
-1331
40
709
-1016
-37
1947
-1826
635
814
-2340
2887
-2248
2253
-1265
-638
1680
-864
428
-700
954
-2281
2386
-2112
781
771
-1227
1128
-977
81
1313
-506
-1336
2538
-3789
2728
-708
-1546
2926
-3079
2192
302
-1710
962
-178
-2027
2379
-918
-1937
3255
-2278
94
779
-1266
238
1440
-1562
279
848
-1001
2496
-3101
2141
-13
-2276
3243
-1859
-1355
3388
-3148
1092
1329
-1596
546
120
-198
-87
1252
-1261
1288
-1276
422
1189
-463
-585
654
-2112
2787
-940
-437
1734
-4082
4489
-1827
-417
795
-217
-416
736
-514
-1545
2627
-3827
3700
-2193
-1234
3508
-2542
1851
-1243
-1234
2098
-231
-475
1163
-1148
-522
2161
-1478
-1598
2313
-1121
379
1087
-2261
2432
-1552
219
2176
-4340
2929
169
-716
1338
-1170
338
-435
528
230
-29
-1490
1722
68
-1520
1564
-794
-145
84
322
-30
-295
1378
-1116
474
-334
-533
1237
-2070
3103
-1616
-211
2696
-3110
2178
-1023
-1168
1263
-943
2652
-1820
331
907
-1867
1512
-1200
217
-979
647
1432
-366
117
-768
9
20
223
155
-438
-178
1168
-861
-18
1044
-2142
1118
-53
-512
1523
-1056
1706
-1175
289
-433
-1937
1158
-305
9
726
-473
295
215
-528
-452
-1718
1133
9
468
936
-887
319
-345
131
-434
-757
75
-896
2870
-1257
77
1009
-2341
976
-60
-888
586
-11
42
2474
-2107
896
-494
-1589
2205
-1991
1878
-976
-659
2790
-3312
2413
-1198
-422
271
-156
1508
-1257
321
-5
-337
-565
1001
-1163
381
-380
1084
-294
560
104
-1240
106
5
1153
-499
335
460
-770
-803
1562
-2180
324
563
-1133
1566
23
-110
514
-1282
698
-433
-1210
2288
-1039
711
-591
281
-333
-229
-576
-360
858
-183
1039
359
-339
-121
596
-346
78
-229
-459
1046
1079
-2075
1700
-793
-677
828
-436
142
-1194
1774
98
-1309
1176
160
-919
577
24
-647
304
543
26
-604
-186
403
288
86
-207
-453
-284
873
1219
-1420
-329
1405
-1160
1585
-1416
-595
148
-1499
3461
-2838
1099
548
-1867
2450
-994
-1063
1141
156
-284
565
-1140
1321
-336
311
-749
-1154
-157
198
47
-41
163
-1512
1125
771
-1015
1055
-714
-191
1333
-679
-593
523
818
-1412
634
-145
-189
393
-149
299
-1183
1327
-884
1660
-1368
900
644
-1834
2334
-1640
-440
-245
-831
1332
296
-833
2037
-1574
-579
2347
-2378
608
-191
-261
669
787
-754
-53
-510
-417
2227
-3514
1833
-448
-449
2421
-1554
479
-298
-1122
2832
-1243
-1843
2420
-1787
1154
-88
113
-604
-1242
1244
909
-1990
902
526
-1053
2672
-2848
807
261
-1209
2513
-1612
-865
1303
-376
524
1483
-2674
1145
35
107
1170
-834
-336
130
1348
69
-446
-810
80
48
-378
615
-177
-800
1539
-104
172
-745
503
-1283
1768
-901
-355
2065
-2260
2350
-163
-1138
721
557
-949
591
-715
584
563
-1157
1976
-1376
-1365
1604
282
-1544
1159
-925
-416
1323
-1152
986
-536
-1537
1334
-24
-756
1444
-1835
-831
2464
-1394
1141
883
-1547
133
-279
171
869
-1671
338
459
-1129
1746
-1016
-363
280
-253
-1230
771
82
241
195
-555
172
-391
604
179
902
-1652
1645
-417
906
356
-1302
109
110
882
-29
573
-1373
2190
-2088
970
416
-3286
1941
-171
-211
1123
-600
-787
628
-1239
1225
-1079
-845
1314
-166
456
-537
981
-1296
-180
-240
178
3
-643
2185
-950
-638
1011
-40
-1140
1394
-1017
-90
362
-874
2059
-1714
-424
1042
-365
105
1682
-1688
-504
973
-1145
1687
-579
-492
264
-365
1127
189
-1765
801
-635
-371
1685
-2576
1619
176
-454
1026
-802
692
136
-461
533
34
-1189
1197
-414
803
-316
-877
1020
-196
-86
116
-32
-311
500
-170
96
-71
119
346
-600
474
-1104
-202
771
-841
140
596
-727
770
913
-1395
736
277
-333
123
120
161
-74
-469
955
-186
-222
-31
608
-194
88
-232
-1042
1538
-905
208
-188
762
23
-630
174
914
-1813
-264
1422
-1349
1302
-752
43
145
235
317
-1382
115
-96
152
-103
65
291
-861
183
830
-274
-420
-431
811
1003
-1742
1465
-319
-666
1398
-845
268
-234
311
376
-600
-125
682
-1481
168
1352
-1334
856
-193
278
-340
-695
415
-326
-323
616
-459
-768
453
557
-383
-454
582
-1049
545
913
-340
-164
-53
188
791
-492
111
482
-296
778
-754
93
1082
-770
-284
1171
-1367
208
190
-556
791
-1357
-56
456
-407
155
156
-812
497
-868
94
320
-72
1109
-825
1
212
824
9
-825
1527
-326
-548
1534
-990
15
52
-683
1354
-460
-370
953
-1438
355
1358
-1036
-238
-124
-69
216
117
236
-521
-644
5
1329
-1062
-189
682
-258
941
-545
-318
927
-809
-44
1600
-837
396
-144
-176
309
-688
-54
-1036
198
82
-141
12
-304
101
-514
-930
1201
386
207
-442
-52
811
-1274
903
159
-1103
22
905
-284
404
60
174
-603
-235
1316
-889
-101
317
116
-36
-831
332
-283
-881
871
-746
725
67
-281
599
-525
595
-662
-291
428
-142
317
776
-830
777
-156
-352
239
-399
539
213
176
-120
165
-310
156
-285
154
153
-620
110
250
347
-210
224
-619
-277
1039
-764
572
696
-1037
1119
106
-174
620
-678
401
-498
-196
642
-413
-596
577
-524
-261
753
-556
281
-10
297
426
118
-738
483
-73
-581
1283
-486
268
-267
-971
968
-120
-20
242
-518
349
588
-759
756
-460
90
182
-1191
675
-193
-107
-607
201
-129
-496
771
-663
-597
646
229
-19
274
-407
354
-239
-96
-87
-201
677
-904
-84
553
-474
357
-781
-207
-84
-76
683
-597
76
-96
-605
238
515
-387
134
-376
616
-61
-883
816
-389
726
256
131
137
-2
-3
-710
71
362
550
-269
-98
-413
151
-364
142
-61
-137
742
-546
683
392
-420
72
63
246
-64
-66
149
-476
-233
363
-97
105
-271
-436
-391
20
241
-104
360
141
-228
557
77
2
114
-336
492
664
566
446
-813
243
831
-62
248
151
218
55
197
-278
115
78
-127
366
-26
411
205
-576
-533
441
245
-440
292
110
300
-38
-685
454
-529
-51
589
-664
778
393
-583
461
-319
-75
97
-579
760
-145
-292
125
-28
335
-219
-288
-382
-224
52
-250
365
-34
-120
-92
-210
56
-198
63
-36
12
-262
-317
-188
-60
-435
496
96
-18
519
-357
274
-348
-442
775
173
-68
238
-599
567
142
-795
285
-667
-99
314
-101
280
69
-197
268
-24
-229
-167
-562
-243
339
-42
-136
263
64
-140
-453
-40
-244
-74
-46
182
306
-140
566
-142
-589
-255
-335
193
117
-210
-353
-85
198
-54
-190
87
-66
-204
-202
4
527
-162
165
-244
-208
88
-355
542
-108
-386
-281
-325
632
298
278
-187
-175
502
309
523
105
-449
-54
0
294
346
-380
187
34
-126
135
-343
9
-274
-80
580
554
358
-131
-413
-422
-31
131
210
-217
-73
-198
127
153
-228
173
-361
-53
257
52
318
-161
-220
114
-176
235
-19
-135
12
10
88
-181
66
79
215
-11
367
175
64
381
27
15
-282
-72
42
16
-34
-193
-149
3
389
-25
-418
-82
-97
33
215
83
107
-205
-30
247
47
-11
-113
-22
-53
254
110
10
325
-110
136
83
53
511
-148
-69
-178
-146
299
-10
139
-130
-379
-39
-126
177
-1
-190
-24
163
433
220
109
-304
-242
-102
90
325
156
120
-22
-255
-164
-27
69
-70
-287
-112
161
197
271
-122
-367
-308
-61
146
-46
47
-351
-327
29
-18
-190
-205
-207
-49
10
54
289
-281
-209
-243
-141
279
13
-11
-272
-98
34
251
-95
36
-223
-451
212
-47
190
-51
-314
-119
-81
195
202
-195
-267
-240
110
283
223
18
-370
16
-23
156
323
-194
69
-6
-48
340
166
32
4
-82
120
30
165
163
-163
26
-188
52
101
92
174
-213
-49
21
131
134
37
-191
-77
229
215
260
111
-76
47
102
61
223
-173
-126
160
-22
219
261
-95
-55
-114
-119
212
-41
177
71
-213
106
82
-33
26
-110
-188
52
-28
181
192
-56
183
150
-21
179
-15
-161
-37
-248
113
-4
-111
93
-143
10
-64
-139
-125
-141
-79
-12
15
103
129
74
-78
-160
-173
-194
-89
-148
-116
-157
-78
27
-38
17
-188
-190
85
130
172
191
-13
44
100
-113
10
-164
-140
86
-143
0
-28
-77
119
2
113
153
85
179
46
59
-75
-67
-57
-112
79
-176
30
91
-109
36
-132
-110
82
21
102
130
-143
68
-153
-143
49
-177
-47
-42
-93
-73
-76
-70
40
45
85
71
17
-106
11
-42
-107
32
-200
-51
-107
-217
-9
-15
15
196
47
107
202
-7
185
-36
1
95
105
63
101
48
-94
30
-18
18
-9
2
77
224
102
182
109
-71
95
-56
41
100
-84
-6
-93
-81
80
15
-44
-14
-54
-18
32
74
95
48
58
-42
22
-2
-14
-90
-101
-64
-74
-39
-43
-59
-110
-10
-15
61
114
61
73
62
2
-1
-100
-40
-52
-40
88
20
68
35
-98
-60
-110
-70
112
87
166
120
42
-21
-136
-123
-34
20
66
146
110
38
58
-31
-9
-9
-61
81
40
50
137
4
9
-125
-199
-85
-131
-15
93
39
62
75
-42
-52
-102
-80
-15
3
49
100
27
-37
-4
-102
-20
16
-79
61
7
20
87
-86
18
2
-46
24
-5
9
10
-100
-97
-1
-56
80
58
-8
69
-38
35
17
-17
47
30
95
117
17
9
3
-89
57
-52
0
0
-21
114
49
36
-11
-27
-65
-18
-43
-12
-20
-58
-31
-52
-17
3
28
51
19
-20
-78
-97
-50
-7
52
49
31
29
-41
-66
-91
-18
-64
6
98
34
103
0
-2
-12
-76
-13
54
-11
43
-17
-24
22
-130
42
69
-148
129
135
-45
51
-12
-72
-28
-35
-39
87
-117
89
51
-133
72
-109
-4
39
-62
72
53
-132
81
11
-109
40
-73
16
-35
49
71
-122
-10
-17
-25
28
19
35
29
20
5
-28
10
-57
-21
28
-39
33
-8
-23
-45
5
65
43
30
25
-12
-31
27
48
84
61
67
-23
-35
9
-75
-41
-81
-37
71
37
81
113
18
11
-38
-18
10
3
103
36
120
24
-29
-57
-161
-34
-53
54
109
75
60
47
0
45
11
-10
28
-32
-3
-10
-28
-14
-45
-22
-7
3
48
16
40
-17
41
11
21
64
-2
100
36
-8
3
-68
-80
-22
-34
57
72
44
69
-32
-62
-44
-40
-5
56
69
22
18
-16
-86
-25
-80
13
39
-17
114
-8
-6
-34
-94
-31
-30
-48
-1
-16
-10
17
-43
-15
-61
-28
-10
11
35
46
50
24
-6
-4
-22
-10
31
-5
35
-27
-34
-5
-15
16
36
2
39
-1
-29
-25
-98
-44
-31
16
56
48
-20
-55
-74
-87
-42
-17
48
44
80
56
7
-36
-38
-33
-50
18
-5
12
9
-26
-56
-64
-62
-17
6
-10
10
-9
-47
-35
-48
-23
-13
-29
-6
-17
-16
-7
2
-32
28
9
25
58
33
26
-31
-41
-26
-8
15
33
19
10
-4
-14
-3
-11
28
52
61
39
38
39
-5
-8
-29
-8
-11
41
48
63
15
-11
-24
-54
8
11
79
58
54
63
2
25
1
-16
5
-21
-2
16
12
12
19
-10
24
46
48
49
13
28
-16
-3
0
-5
30
27
68
10
-15
3
-49
13
-13
21
66
68
77
29
-6
-23
-5
-5
-11
-11
-7
3
-5
-33
-34
-46
-41
-12
-3
31
37
-22
-1
-26
-34
-13
-44
1
1
-3
-14
-28
-6
-25
-12
5
5
18
-1
1
-7
-44
-19
-39
-17
9
23
41
9
-18
-45
-22
-32
-2
22
39
47
26
-7
-32
-22
-40
-9
-19
-3
38
2
34
9
-5
1
-27
28
32
26
14
-29
-42
-41
-42
-28
3
9
-1
-27
-46
-60
-37
-39
-3
34
16
27
-7
-10
-31
-41
-29
-14
-2
15
16
9
-4
-20
-4
-2
45
62
68
57
9
-8
-15
-19
-4
21
6
12
12
-20
-13
-35
-14
-4
19
53
51
34
17
13
-17
-7
-12
-16
6
23
16
18
-11
2
3
5
31
31
55
33
5
-10
-9
-5
-9
-1
-19
-2
-21
-30
-9
-10
15
9
36
38
40
17
12
19
21
27
9
4
-5
3
-20
-16
-35
-26
-17
-14
27
28
42
20
-20
-44
-50
-52
-38
-14
-8
6
5
10
-20
-22
-23
-22
-6
13
33
29
23
5
-19
-44
-32
-29
-2
2
-11
-23
-38
-38
-29
-2
16
20
12
-10
-25
-31
-28
-23
-27
-15
-20
-4
-13
-25
-22
-33
-32
-42
-17
-12
0
0
-24
-10
-3
-1
4
-1
-9
11
2
13
4
-17
-14
-22
-9
-1
7
