SAMPLES:	10566
BITSPERSAMPLE:	16
CHANNELS:	1
SAMPLERATE:	16000
NORMALIZED:	FALSE
23
18
40
6
10
-15
11
-17
12
14
29
45
4
12
-52
-29
-66
-49
-44
-20
11
21
49
23
41
-23
-20
-57
-51
-33
-25
24
15
43
16
17
-13
-14
-27
-54
-26
-43
-18
22
2
43
28
19
30
-42
1
-32
-22
29
10
38
26
-2
16
-64
-39
-37
-90
-17
-91
6
-18
-26
31
-48
9
-33
-33
-17
-70
-18
-44
-48
13
-87
2
-70
-51
-14
-89
26
-80
5
23
-6
43
-20
6
-40
-46
-45
-38
-59
10
-43
-9
31
-41
47
-41
-11
-15
-44
-54
-5
-67
44
14
14
99
-41
73
-23
-59
17
-91
32
17
-43
109
-64
28
18
-62
58
-76
22
52
6
153
30
74
86
-44
62
-63
-14
-28
-36
14
24
11
32
13
-6
22
19
33
52
45
35
15
16
-21
-5
-37
-2
-36
-11
20
5
62
12
88
-5
51
-15
21
-33
-39
18
-77
70
-57
54
61
25
96
15
39
-62
-7
-34
-12
51
127
92
127
105
-10
93
-137
84
-115
-26
34
-47
113
0
65
-61
-10
-101
-79
-60
-65
21
33
92
33
92
34
70
-5
21
1
-7
0
-49
7
-54
21
-69
25
3
11
46
44
-10
10
17
-3
39
-103
92
-120
21
-18
-18
61
-69
93
-4
-15
37
2
-84
39
-62
3
19
41
89
4
105
-101
73
-162
-15
-19
-216
-26
-9
-56
75
47
-34
98
-100
102
8
-24
92
-18
100
58
117
110
-40
53
-66
-66
36
-101
42
-117
-2
-20
-82
35
-23
52
20
63
24
29
-8
0
29
-87
3
-61
4
-85
115
-73
47
-61
-93
95
-191
-66
63
-164
42
107
-111
136
-161
125
-115
1
28
-108
153
-152
116
4
3
42
-49
30
-87
-26
-41
83
-112
194
-19
5
32
-96
-15
-155
15
-91
85
-136
170
-118
31
142
-215
205
-62
79
34
-23
31
-15
30
-4
-82
-73
-22
-90
13
-45
70
33
-29
182
-137
103
-154
23
-4
-164
105
-166
81
-101
-77
68
-157
36
149
-243
47
-38
-238
138
-159
-60
130
-212
135
-32
-98
65
-141
-99
51
-182
-40
35
-266
142
-137
128
-146
12
88
-115
167
76
-26
234
90
-32
250
0
84
170
-65
127
5
-239
86
-165
-92
101
-40
34
235
-196
336
-79
-300
272
-406
159
51
61
351
-55
194
50
-273
55
-118
-88
116
-30
-108
184
-232
168
-237
-74
57
-315
186
-325
100
-38
-2
214
98
83
47
-79
-107
-81
-59
231
38
85
215
62
-64
51
-29
-53
56
56
-45
77
73
-24
61
97
224
54
157
9
27
63
116
64
-19
141
15
-63
89
74
-132
246
-99
-27
149
-80
6
-148
20
-145
-1
145
-131
296
-66
-61
-86
-192
127
-94
73
104
75
-124
80
-35
-261
29
-209
42
-40
-85
102
-187
2
178
-130
218
-8
-26
324
-411
208
-19
-312
410
-175
110
-127
184
258
-286
415
-102
-188
464
-295
130
-33
-305
312
-488
157
67
-303
358
-416
-309
180
-273
-147
295
15
-45
100
-84
-127
38
45
25
-185
117
-92
-174
225
-349
46
36
-112
41
16
16
-370
-18
-275
-231
9
123
-172
-4
218
-217
296
-136
-81
25
92
34
78
347
-200
379
0
81
-27
103
-7
-106
100
16
53
-180
177
-236
-81
78
-54
45
241
-42
415
-186
-236
-20
-553
283
-192
254
128
-27
128
-208
122
-422
115
-259
-35
340
-222
178
-99
92
-301
114
-330
163
-37
84
571
-379
403
-101
-69
-73
-12
136
217
151
174
142
-201
154
-214
-42
246
-17
225
11
-244
-39
-162
-13
83
164
136
-133
130
-55
-13
35
158
-136
-7
133
-203
318
-485
61
-255
-347
448
-11
134
33
-3
-317
80
-103
-207
177
-133
242
-319
-240
195
-319
261
-267
-265
93
-88
418
-456
436
-68
-356
494
-265
410
166
139
156
-160
-216
188
-190
42
244
-441
654
-359
284
584
-126
-1
196
-43
-263
292
-304
59
130
269
649
-48
125
-49
-382
-5
34
-47
-220
146
-485
8
215
-182
514
323
-105
270
-153
-176
299
-260
435
-114
-174
202
-646
294
-158
302
102
-236
368
-181
450
-484
156
-294
11
77
45
208
-412
161
-492
464
215
-38
300
-122
215
119
-38
103
-267
-146
302
167
-95
158
-312
12
-118
468
134
-348
53
127
-184
106
-88
-699
292
-61
256
-286
-88
-60
200
-37
338
-88
-357
406
-644
256
-32
-475
240
-170
177
177
-380
-62
-571
-55
379
380
46
233
-412
-153
423
-526
245
-614
159
193
-200
329
-563
-287
104
-12
240
341
254
198
-380
334
-320
-150
239
-316
170
-310
25
-483
-328
216
-235
-64
-15
72
363
152
127
-163
-124
196
-83
18
-12
38
220
-275
385
-128
-19
229
-342
-309
209
-273
287
-382
150
175
-646
656
-201
16
-21
-47
80
291
184
-118
139
-314
156
-290
88
-18
-318
1041
-94
69
-20
-149
62
-36
241
-284
-190
31
-132
4
308
-587
121
234
-502
629
-31
127
30
-106
160
-78
51
189
-402
382
-105
50
381
-119
613
-530
348
-481
-498
159
-787
810
-479
574
-209
136
138
-401
441
-596
137
662
-126
-81
425
-446
684
-225
-6
203
-366
445
-249
-188
656
-319
57
171
-898
307
33
-196
-3
12
54
665
-696
362
-503
-331
278
-301
674
-90
-37
211
102
-205
719
-1028
647
-722
404
201
-960
871
-918
296
-480
223
-176
54
109
-209
173
-185
78
-342
693
137
117
150
-924
720
-495
333
89
-475
778
-845
365
54
-351
407
-327
77
306
-411
219
207
-342
392
337
-464
219
-180
323
-64
-534
854
-607
-55
313
-4
-160
-22
285
-232
-121
-254
107
-224
958
146
-127
281
-426
-88
-348
656
-577
14
369
-423
-12
-311
-30
-90
-395
959
-54
-113
577
-734
514
-938
171
315
-390
133
-291
162
-294
56
-197
586
-295
-31
434
-705
437
205
51
-105
-133
181
-370
122
57
194
9
174
449
-384
312
-413
-20
-206
0
-102
524
699
-525
891
-860
370
-116
-45
-132
-38
301
263
895
-1027
532
-591
150
-15
-113
-135
148
-396
40
-128
-631
530
-649
711
-717
317
-330
-18
581
-867
477
-326
13
565
164
374
-366
-46
-331
-18
41
169
72
-4
158
-459
485
-591
361
-520
794
-636
107
358
-628
825
-1165
492
-531
56
-8
-201
250
-69
331
-99
252
-270
-32
325
-256
-55
77
114
110
-257
-33
-331
326
-832
230
-551
287
231
104
-214
124
521
-159
247
-681
792
-527
154
216
-433
386
88
332
434
-541
-102
-43
-735
620
-482
397
397
-117
390
-49
-466
-341
-462
-39
265
407
621
-72
-94
-175
-471
225
-622
-25
374
471
345
-77
463
-625
276
-487
-411
228
-11
477
11
491
-86
152
-392
-409
-150
4
-234
437
28
933
342
-337
243
-396
-144
96
-38
604
384
-366
446
-584
5
271
-326
-204
113
-220
759
-94
314
57
-411
-145
864
-682
-53
261
-1070
1536
-345
416
110
-612
103
144
-499
326
-275
-372
1204
-1021
600
-423
-206
367
-562
594
-649
-75
282
-210
-233
53
558
-205
-106
-466
-175
153
434
-314
126
28
-6
761
-1110
414
-559
-14
498
-429
203
-89
204
-393
582
-692
-11
-303
463
-7
-135
635
54
-252
-87
97
-663
170
175
72
41
-7
22
-414
254
-204
-2
16
-412
777
-877
696
-465
45
208
-1126
568
-475
93
-454
368
-116
582
509
-503
138
-769
273
-117
-38
131
433
-136
753
-984
-23
276
-699
560
-285
-211
623
-518
165
64
-414
589
-666
871
-172
452
-69
-448
597
-412
738
-477
146
186
-206
434
-52
-362
239
-199
390
-103
-352
950
-199
46
-190
-572
528
-230
381
230
-729
323
63
-301
840
-194
97
225
-585
158
62
-91
261
-553
-136
225
-243
-121
117
-134
124
292
-634
175
207
-421
496
-293
-259
691
-186
267
-82
-747
190
46
-30
54
39
295
8
-1
-519
-217
117
-11
484
-811
255
-49
-368
109
-545
-183
521
355
513
182
-516
110
-343
286
-55
63
487
32
-84
81
-410
-328
-119
367
-285
-3
641
-428
92
457
-773
32
-62
-260
389
-375
58
-13
415
465
336
-268
175
-540
118
-62
24
179
183
404
-361
493
-889
518
-249
95
351
2
655
8
-30
-65
10
-240
400
6
417
-194
-94
233
-279
3
140
67
92
542
-635
529
-885
327
-509
-82
152
37
369
-44
475
-411
166
-464
45
-145
-43
219
-133
72
18
397
-18
-324
181
-685
82
3
-263
665
42
-555
-93
-116
-226
221
-710
557
503
-164
807
-350
27
-78
-155
-18
-76
-100
437
318
-614
757
-1211
709
-700
433
289
-489
867
-544
427
-706
122
-549
147
-887
645
158
474
-98
-33
471
-780
509
-561
249
-338
57
-120
-506
77
-70
-230
-209
549
-579
225
173
-455
511
-944
-157
-164
-223
722
-374
105
149
-796
362
-202
91
498
-435
634
2
751
-342
-44
-670
466
317
-265
285
-730
801
-47
-514
607
-510
550
451
-671
857
-334
124
24
79
-42
-389
536
-324
-13
-80
-613
356
183
-295
439
-201
-333
637
-440
683
-743
-31
11
-331
155
-342
510
-13
366
-128
-437
423
-129
39
96
-623
266
-98
1195
-362
574
-437
-774
977
-1075
519
-161
637
47
54
176
313
-277
-479
600
-1293
1339
-205
-298
339
-1056
1086
-536
-131
-107
262
63
875
538
-320
447
-807
1143
-1113
-431
7
-503
328
7
663
-1063
851
-298
402
-163
-309
226
-108
309
-186
-269
-521
584
-717
649
-212
183
327
-197
190
-168
230
-593
493
-436
476
136
-577
-100
163
-17
-12
97
-128
568
-371
941
-506
169
727
-49
-66
-646
168
-673
954
-629
200
302
137
541
-86
-149
134
-171
-260
296
-535
990
-683
283
-753
-51
-52
-191
146
80
1050
-644
545
-553
249
67
-594
576
-1047
14
910
-852
41
-233
309
409
123
215
399
-373
-456
509
-824
978
-617
241
-150
228
-123
565
-275
-509
689
-1282
1102
-429
-132
16
-570
449
-70
436
339
-256
592
-777
322
-30
9
404
281
-382
53
-613
-386
267
-403
180
-96
-155
232
9
-163
338
-323
588
-1
99
-459
-297
111
-259
33
-216
79
51
-45
-209
406
-497
262
-39
-233
728
-758
879
-343
-423
526
-885
564
-520
189
335
39
908
-55
312
-136
-523
-146
-124
-1023
556
-448
500
410
89
192
-343
-29
206
-418
-274
188
179
289
-425
203
-782
582
-123
-338
656
-809
21
1068
-941
309
130
-749
608
-419
-537
914
-1157
750
5
-571
1218
-869
4
432
-735
553
-630
-3
-104
-50
383
-796
109
462
-85
97
135
-996
619
-649
142
66
-446
951
-244
35
183
-313
194
62
-516
275
77
-108
254
-215
183
134
96
-373
-165
441
-350
75
-243
-16
177
384
-415
616
-483
683
-216
-384
278
-835
-34
-109
136
-54
344
344
142
-158
258
258
-1054
164
-216
-248
376
385
116
-59
404
-196
-190
-1059
480
-306
311
481
-361
772
-677
533
149
-195
-43
-89
134
-128
-179
-24
15
-116
517
-153
239
-266
-179
209
-458
75
-403
463
27
94
-41
666
-571
432
561
-687
208
-114
334
-152
234
241
134
-414
525
95
-222
131
198
76
14
249
103
-107
-477
492
-96
-67
142
-423
678
99
-297
-169
-255
663
-416
-255
156
-83
436
264
-225
200
-90
259
-93
-419
140
-314
889
-139
137
-184
334
-176
56
-457
-220
-139
-79
71
-141
44
372
506
-681
451
-911
153
7
-181
436
118
193
315
-170
-472
-168
-240
606
110
-723
466
53
-601
293
-307
148
159
-42
614
-61
-83
-702
-768
205
498
96
396
295
427
27
-583
-262
-728
503
-230
37
183
-36
-48
-245
-135
-313
-254
55
791
-687
-308
5
141
359
-352
-91
-294
225
171
539
-260
-268
89
-606
-192
-440
365
412
-11
-262
319
-130
-46
162
-377
24
-244
824
232
15
168
-801
28
-339
-559
110
478
165
373
-170
575
99
-1009
219
-646
250
574
292
358
-219
-43
-293
-35
-496
543
440
68
165
36
-369
-38
194
214
539
-143
506
-460
434
-57
-58
-236
-1
297
-193
16
-926
-648
-249
176
423
-41
-902
66
294
478
35
-201
578
231
537
68
-394
-34
-555
59
-225
-255
220
275
70
-705
-22
404
520
5
352
-193
-168
210
88
305
56
285
-65
169
-53
-414
-180
-86
66
-197
-83
301
84
-302
-149
238
77
268
50
254
268
170
342
-694
-195
-59
-419
395
204
-220
395
383
610
-185
-262
417
-97
622
-90
-470
-80
-11
460
-266
-526
-240
471
401
-314
-160
-103
202
0
106
337
148
-270
-323
-282
436
906
-312
-3
-141
-214
554
-467
-435
-355
44
924
136
-521
-373
162
377
272
-16
-528
-494
113
456
205
-743
-818
-336
-345
394
344
-371
46
298
833
459
-157
-252
-363
578
326
-339
116
-82
239
164
-391
-393
-776
-441
26
247
543
310
-327
-361
-590
-172
-206
-121
432
118
-232
-9
562
160
-584
-500
-150
603
654
25
-51
-148
86
195
-226
-503
219
188
148
-158
-402
34
79
342
180
-48
-79
106
284
315
284
418
-94
-470
-622
-207
145
-277
21
315
307
-118
-46
-434
-416
-313
-204
-60
108
227
140
-148
-375
-232
-134
187
-389
79
372
437
554
-177
48
-6
-62
145
8
-174
-248
-60
133
-294
-311
-219
-280
41
110
-373
-508
8
61
-161
-399
-225
-625
-370
104
86
96
-251
130
-236
-105
291
-35
206
335
462
477
144
263
450
632
633
624
519
344
639
414
248
259
32
280
520
297
719
545
598
714
730
801
464
462
634
649
570
740
846
985
1035
678
292
110
153
419
244
373
431
210
188
-99
-391
-466
-861
-847
-701
-734
-741
-919
-1190
-1591
-1811
-1797
-2023
-2172
-1989
-1880
-1802
-1838
-2112
-2203
-2122
-2362
-1919
-1958
-2079
-1801
-1878
-1512
-1349
-1473
-1260
-1296
-1222
-987
-919
-723
-869
-663
-342
-351
-11
111
271
946
1194
1539
1274
764
1177
1200
1550
2012
2195
2886
3145
3247
3550
3087
3028
2965
3240
4023
4491
4485
4472
4201
3804
4117
4257
4889
5044
5297
6058
6690
7246
5135
218
-3846
-5453
-3391
-1487
-1343
-877
-1895
-3032
-4247
-6170
-7612
-9085
-8650
-5810
-2950
-223
751
-1184
-4089
-5951
-5288
-3376
-1667
159
1483
2183
2067
1256
-399
-2978
-4302
-4089
-2546
-735
-210
-698
-2533
-4444
-5077
-5444
-5264
-4511
-3922
-2613
-1637
-1668
-2134
-3503
-4213
-3778
-2619
-919
562
1689
2103
2002
1924
1915
1970
2279
3351
4700
5790
6082
5633
4695
3635
3491
3500
3738
4214
4500
4933
5029
4783
4322
3443
3460
3906
4629
5321
6182
6879
7379
6870
4502
420
-4550
-5749
-4444
-1710
-285
-432
-609
-2044
-3818
-5749
-7537
-7992
-6947
-3765
73
2328
2566
760
-2352
-3983
-3405
-1197
1290
2826
4336
5038
4796
3576
1147
-1519
-3219
-3307
-1749
-204
179
-1325
-4456
-7846
-9598
-10150
-9568
-7671
-6099
-3648
-2613
-2313
-2819
-4750
-5379
-4688
-2649
310
2672
3912
3440
1449
0
-560
-630
664
2601
4415
5650
5616
4491
2461
694
303
1083
2312
3575
4368
3987
3183
2396
1274
1874
2907
4658
6949
7421
8605
7975
6699
6251
6010
7882
8807
6857
420
-5539
-6693
-4664
-2248
-3287
-3586
-3515
-4197
-4605
-6320
-8479
-9669
-8950
-4822
354
3366
4037
1011
-2618
-2830
-739
2604
4329
4986
6187
7022
7319
5887
2736
-1418
-4383
-4796
-2834
-24
-196
-2592
-6644
-9252
-9856
-9584
-10512
-12337
-10743
-8006
-2549
25
-1421
-3401
-6110
-4625
-797
1772
4080
4639
4693
5183
4065
3071
771
-1806
-702
2299
5028
5655
3676
829
-1524
-1902
-644
-247
327
1137
2511
3613
3492
2982
1432
1642
3697
7298
10596
11946
11906
11100
10078
9939
10356
10253
8883
5940
766
-5469
-8441
-8581
-6348
-6520
-8336
-8173
-7988
-8534
-9912
-11917
-11478
-8847
-4209
1720
4541
4884
3715
1330
1193
3496
6548
8750
9136
9554
9500
8116
5196
1000
-3389
-6157
-6340
-5696
-5118
-6051
-8801
-11814
-14154
-14247
-12735
-10863
-9106
-6696
-3957
-2093
-418
-2325
-3268
-2592
-443
4330
5426
6120
5678
3238
2750
1503
494
675
983
2913
3719
2268
603
-2565
-4990
-4551
-2635
-337
424
709
552
343
1036
1373
2077
3354
6522
9983
12018
12255
11806
10384
10300
12313
12182
13125
12121
11605
10479
5855
1778
-6738
-14065
-16177
-13329
-7800
-7524
-9492
-10649
-12413
-13436
-13808
-12564
-8904
-5123
2126
8776
10737
10355
6226
3055
3095
6426
11878
13793
12670
9876
5978
2030
-2224
-6421
-9670
-11305
-11227
-9587
-9121
-10696
-13966
-17363
-17318
-14034
-8853
-4322
-1219
865
2101
3615
4337
4714
3043
1810
4193
6668
9105
7416
3363
479
-2359
-1828
-1144
-2006
-2343
-2640
-1877
-1320
-2917
-3979
-4952
-5048
-1993
1181
2969
2392
1371
1813
3607
5781
7739
8545
8979
10746
12344
12543
11697
10084
9762
10272
10905
10693
9194
7008
3670
1546
-1644
-4707
-11294
-15864
-14904
-10903
-7074
-8631
-10129
-10092
-10363
-9829
-7857
-4826
-1168
2125
6970
10497
10179
9268
6483
4732
5475
7629
10350
9230
6004
2530
-1090
-4729
-8344
-10838
-12352
-12961
-12827
-11356
-10304
-10569
-11878
-12492
-10298
-6358
-2070
1789
4108
5838
6322
7146
7311
3492
2141
2054
3635
6607
5177
3617
-210
-4573
-5127
-5847
-6737
-5894
-4839
-2713
-1710
-2138
-1913
-4257
-5123
-2718
582
3530
5537
6598
6160
6051
6725
6914
6598
7338
8562
10057
10373
9985
9110
7084
6671
6366
6188
5306
3766
4296
3660
2633
154
-2081
-6544
-13017
-14521
-12138
-6541
-5483
-6698
-5769
-5120
-5305
-5054
-4384
-2563
394
4271
9539
10928
9740
7422
3595
2093
3005
5777
6537
4188
1147
-1371
-3419
-6319
-8866
-10967
-11786
-11081
-8989
-6548
-6420
-7980
-9493
-8590
-5279
-1335
1973
3554
5016
5783
6709
6337
3117
835
-557
1365
3198
2952
1852
-1166
-4328
-5893
-6541
-6769
-6771
-6100
-4101
-3005
-2224
-1976
-2868
-3353
-2027
1274
3680
5338
6041
5570
5183
5119
5095
4845
4730
5490
6868
7054
7130
6225
4589
4601
4989
5708
5977
5001
5073
4458
3432
2573
565
249
-4825
-10981
-12252
-9840
-4303
-4279
-5776
-4609
-4423
-3944
-3244
-3067
-1642
-573
2663
7644
8561
8475
6250
2780
1563
2130
5075
5623
3006
1028
-285
-1482
-3297
-5977
-8043
-9491
-9658
-7417
-5393
-4478
-5361
-6768
-6311
-4469
-1201
1182
2538
3844
4899
5930
5960
4089
2002
294
-196
658
1267
1264
-455
-2916
-4856
-5624
-6227
-6489
-5651
-3912
-2251
-1474
-796
-941
-1427
-1530
-310
1666
3349
4437
4586
3883
3475
3276
2901
2316
2220
3151
4243
4758
4995
4618
3819
4342
3965
5421
4822
4178
4435
3378
4342
3540
2836
1451
-931
-6223
-8689
-8720
-5461
-2682
-4484
-3306
-3542
-3395
-3515
-3976
-2822
-1882
214
3903
6691
6823
6804
4876
3371
2630
3365
5375
4326
2993
1496
520
-904
-3390
-5220
-6744
-7782
-7883
-6633
-5203
-4440
-5179
-5300
-4395
-3008
-1103
363
1878
2913
3790
4831
4894
3789
1401
-1142
-1944
-1399
-161
459
-903
-2456
-3957
-4752
-4671
-4851
-4597
-3573
-2356
-1074
-320
-142
-571
-1594
-1415
49
1582
2433
2662
2918
3007
3214
3457
3603
3570
3607
4276
4901
6073
6193
6385
5247
4407
3944
3596
4263
2778
3112
1845
1347
-350
-4938
-7214
-8115
-6177
-4654
-4403
-3683
-2401
-3365
-3684
-3404
-3061
-1418
-1076
2380
4915
6120
7210
5932
4652
3110
2968
3543
3160
2073
1789
822
-415
-1708
-3727
-5049
-7377
-8302
-7424
-6157
-4858
-4690
-4321
-3888
-3574
-2748
-1502
-218
939
1858
3188
4225
4221
3410
1632
92
-405
-53
548
361
-456
-1441
-2585
-3512
-4002
-4316
-4513
-4346
-3479
-2319
-1393
-974
-1103
-1369
-1157
-398
681
1460
2440
3530
4093
4652
4734
4561
4085
3737
3746
4591
5362
6010
6173
5705
5392
4291
3495
2960
2895
2334
1798
1454
1057
-1287
-4981
-6775
-6760
-5234
-5097
-4783
-3567
-3134
-3077
-3199
-2905
-2387
-1892
-635
1689
3167
4779
5807
5313
4362
3131
3655
3631
2643
1994
1691
1393
267
-730
-1530
-2964
-5690
-7266
-7501
-6780
-6116
-5820
-4814
-4547
-3995
-3203
-2189
-1540
-1691
-946
394
1909
3232
3543
2570
687
-621
-282
327
377
34
-525
-1032
-1502
-1754
-1803
-2608
-3302
-3304
-2485
-1260
-575
-205
-460
-625
-363
414
1458
2151
2514
2550
2952
3818
4443
4728
4361
3891
3745
3850
4263
4805
4852
5204
5052
4885
5340
4764
4468
3878
2960
2931
1574
-530
-1775
-2926
-2490
-2833
-3667
-2760
-2546
-2715
-3341
-4221
-3814
-3928
-3619
-2420
-1776
-678
611
1487
1801
1043
773
1119
730
633
1108
1549
1621
1074
894
858
-328
-1912
-2965
-3148
-2997
-2746
-2088
-1804
-1830
-2194
-2118
-1913
-2147
-2117
-2008
-1929
-1263
-390
365
107
-1327
-1787
-1911
-1607
-1052
-983
-899
-1318
-1341
-420
-184
-757
-1358
-1505
-1082
-767
-295
22
-315
-557
-199
655
1151
1045
834
692
806
1403
1849
1774
1421
970
1175
1322
1519
1894
2067
2305
2194
2699
3141
3259
3407
3573
4013
4116
3908
3689
2635
1013
-114
-587
-247
-62
49
487
478
263
-118
-657
-1056
-1561
-2002
-2024
-1916
-1375
-634
-245
-57
-401
-882
-1207
-1510
-1538
-1467
-1164
-550
83
654
955
666
-153
-1052
-1384
-1274
-1116
-803
-366
1
105
193
469
367
-188
-980
-1578
-1801
-1831
-1831
-1902
-2148
-2587
-2728
-2356
-1799
-1380
-1588
-1850
-1609
-1071
-415
-178
-312
-591
-638
-407
-94
118
82
-241
-673
-591
-207
128
182
-89
-235
-280
-95
232
349
198
-106
-60
301
814
1174
1257
1244
1194
1585
2156
2583
2854
3054
2985
2938
3316
3920
4522
4442
3781
2828
1871
1336
1390
1467
1165
1041
1177
1456
1300
819
164
-771
-1487
-1783
-1649
-1392
-1032
-777
-626
-733
-790
-659
-940
-1203
-1318
-1077
-633
-271
145
503
341
-198
-782
-1309
-1522
-1564
-1296
-1105
-1072
-1005
-889
-684
-828
-1038
-1229
-1496
-1582
-1445
-1089
-899
-1139
-1425
-1420
-1563
-1486
-1139
-842
-586
-715
-476
25
129
12
-389
-959
-1289
-1333
-1071
-1013
-1295
-1369
-1384
-1134
-808
-596
-518
-719
-648
-270
53
185
60
-62
7
26
359
731
673
625
547
818
1360
1776
2203
2459
2720
2947
3259
3323
3276
3431
3542
3828
3916
3378
2483
1636
1499
1983
2040
2124
2259
2248
2315
2036
1674
1131
375
-85
-230
-88
224
280
-65
-691
-1335
-1602
-1846
-2172
-2301
-2155
-1679
-1233
-748
-423
-545
-1058
-1542
-1651
-1479
-1200
-953
-825
-896
-920
-902
-783
-740
-746
-702
-816
-925
-946
-885
-1059
-1555
-2040
-2292
-2249
-1923
-1533
-1335
-1564
-1907
-1884
-1646
-1360
-1217
-1269
-1196
-1140
-1050
-838
-960
-1238
-1642
-1800
-1482
-1154
-832
-660
-735
-726
-519
-237
62
-4
83
240
310
490
807
1091
911
656
659
775
956
1246
1590
1958
2219
2533
2963
3195
3373
3639
3943
4304
4106
3477
2900
2476
2473
2527
2306
2314
2284
2059
1921
1478
1061
473
-160
-411
-595
-566
-343
-412
-680
-934
-1050
-931
-1008
-1108
-989
-884
-614
-309
103
279
-147
-732
-1054
-1070
-1097
-1243
-1254
-1157
-1176
-1159
-1042
-771
-739
-974
-1080
-1226
-1274
-1339
-1545
-1809
-2193
-2627
-2728
-2374
-1925
-1566
-1717
-1974
-2069
-1868
-1455
-1276
-1311
-1446
-1358
-1098
-794
-654
-681
-869
-1006
-913
-562
-215
-153
-244
-347
-104
178
363
352
118
-39
-113
112
548
722
787
719
721
996
1373
1681
1774
1929
2237
2640
2989
3343
3565
3813
3991
4025
3900
3171
2452
1938
1876
2067
2118
2285
2446
2208
1773
1392
1029
750
178
-187
-308
-335
-46
-81
-263
-528
-747
-708
-686
-781
-762
-743
-558
-184
141
402
150
-386
-771
-903
-756
-694
-622
-684
-964
-1272
-1253
-972
-939
-1200
-1475
-1694
-1846
-1872
-2075
-2323
-2933
-3177
-2762
-2273
-1783
-1697
-1643
-1659
-1752
-1602
-1285
-1273
-1278
-1369
-1348
-1223
-1302
-1035
-1212
-1535
-1697
-1607
-1191
-876
-615
-488
-458
-317
-36
162
236
181
153
372
595
949
1046
1027
940
862
1062
1169
1511
1773
1995
2252
2518
2906
3402
3551
3757
3892
4051
4040
3133
2556
2289
2494
2749
2685
2856
2937
2603
2097
1624
1173
775
2
-331
-351
-238
80
-69
-265
-645
-861
-818
-913
-946
-870
-745
-459
-65
241
296
-224
-704
-1015
-1214
-1282
-1343
-1168
-1129
-1322
-1451
-1363
-1228
-1230
-1577
-1927
-2289
-2562
-2442
-2390
-2422
-3087
-3527
-3293
-2666
-1965
-1759
-1739
-1950
-2080
-1847
-1401
-1210
-1302
-1425
-1442
-1347
-1159
-787
-864
-1158
-1474
-1402
-916
-712
-603
-628
-646
-504
-104
212
272
-98
-351
-382
-275
186
525
890
865
797
1169
1623
2157
2621
2934
3246
3574
4169
4850
5105
5299
5284
5165
4530
3354
2809
2649
2845
2679
2503
2726
2677
2129
1337
618
82
-468
-1131
-1267
-1190
-801
-483
-505
-610
-828
-774
-701
-700
-580
-237
38
301
461
409
137
-553
-1009
-1309
-1408
-1429
-1411
-1237
-1404
-1674
-1784
-1584
-1377
-1433
-1704
-1947
-2303
-2483
-2286
-2231
-2418
-3259
-3387
-2806
-2004
-1152
-1081
-1243
-1598
-1711
-1413
-1061
-1087
-1181
-1344
-1383
-1231
-1002
-695
-1089
-1437
-1495
-1157
-563
-220
-39
-117
-148
103
526
722
759
482
462
581
1025
1722
2125
2275
1968
1958
2422
2955
3454
3908
4009
4289
4658
5155
5724
5819
5510
4808
3257
1893
1278
1412
1809
1441
1345
1513
1421
936
0
-758
-1413
-2265
-2525
-2200
-1678
-927
-760
-851
-1128
-1544
-1489
-1495
-1400
-974
-530
13
330
564
885
478
-481
-1283
-1673
-1451
-1238
-966
-590
-730
-1132
-1384
-1406
-1363
-1863
-2361
-2643
-2791
-2526
-2263
-2197
-2759
-3974
-4311
-3646
-2638
-1579
-1456
-1452
-1694
-1740
-916
-559
-502
-939
-1391
-1137
-794
-368
-206
-981
-1473
-1445
-1186
-367
57
417
190
-172
234
739
1269
1293
1049
1057
1140
1844
2749
3341
3551
3165
3131
3703
4268
4952
5279
5199
5594
5361
5853
6054
5724
4675
1314
-849
-1458
-415
752
389
7
-54
-891
-1731
-2281
-3131
-3512
-4819
-4420
-2891
-1321
390
169
-476
-1604
-1934
-1021
-52
548
1334
1682
1975
2517
2564
2761
1137
-574
-1485
-1764
-989
-691
-272
-544
-1750
-2675
-2889
-2881
-2893
-3366
-3709
-3517
-3666
-2821
-2628
-3125
-4058
-5288
-4238
-2900
-1266
-298
-410
-957
-1357
-1185
-272
136
-184
-272
-723
-117
-99
90
-401
-1768
-1994
-1766
-358
818
1293
1238
934
945
1807
2323
2705
2668
2646
3338
3832
5215
5784
6046
5549
5450
5775
6414
7026
7366
7460
6871
6664
5722
3959
-1089
-4784
-5759
-4423
-2369
-2799
-2340
-3157
-5014
-6904
-7361
-6567
-5730
-5133
-3351
-866
692
2576
2141
1280
45
213
2745
4241
5606
6189
5981
4798
3668
3049
2532
552
-1750
-2469
-2781
-2477
-3103
-3529
-5070
-7373
-8136
-7364
-5723
-5030
-4736
-4414
-4244
-3995
-3166
-2354
-2172
-2954
-2003
-50
1320
2559
2153
1106
-19
-877
259
1574
1726
1536
421
-369
-1009
-1256
-954
-1832
-2323
-2147
-1569
-405
292
544
784
589
1604
3316
4831
5947
6137
6414
6928
8128
9191
10012
9810
9664
9505
10349
9839
8887
7892
5944
1411
-6460
-10035
-9839
-6300
-5795
-7422
-7532
-8515
-10449
-11731
-10773
-9086
-7030
-5034
-619
2693
4430
5446
3971
2860
2315
5345
8946
10052
10076
9159
7188
4147
1863
781
-394
-3844
-5969
-5990
-5946
-6791
-8662
-9721
-11629
-12851
-11326
-7954
-5118
-4340
-3708
-2619
-2459
-2703
-848
972
1528
1681
2824
4686
4958
4157
2330
699
-612
-167
1572
1991
643
-1089
-2885
-4467
-4938
-4444
-3484
-3279
-2838
-1811
-744
324
1034
1398
1984
3011
5259
7484
8548
9146
9173
9824
10325
11322
11546
11937
11224
10137
9067
7281
6624
4450
-1872
-9789
-12861
-11282
-7090
-7090
-8255
-8630
-10818
-12152
-11983
-8978
-6176
-4756
-1723
2129
4755
6611
6996
5349
3865
4045
8165
11318
11227
10039
7326
4034
584
-395
-386
-2508
-6267
-8413
-8260
-8418
-9604
-10987
-11829
-13444
-12747
-9034
-4674
-2537
-3320
-2926
-2184
-407
2411
4849
5460
4335
4167
5294
6089
5255
3739
1490
-355
-949
361
1086
-560
-2949
-5096
-5658
-5239
-3930
-3069
-3361
-3821
-3288
-1343
502
1876
2470
2817
3923
6038
8607
10218
10532
10554
11039
12256
13043
13352
12542
11140
9649
8122
7409
5675
3994
-3152
-12193
-15525
-13773
-8538
-7816
-9900
-10234
-11400
-12885
-11691
-8805
-5577
-3881
-1460
4014
7068
9216
9078
6814
5456
5516
9838
13375
12550
9671
6216
2361
-689
-2093
-2557
-4923
-9829
-12119
-11613
-10742
-11747
-13661
-14128
-14699
-13263
-8100
-3246
-921
-1799
-2211
277
1590
4210
6814
6397
5493
4775
6193
7569
5472
2920
346
-1741
-1882
-1105
-250
-2330
-5512
-6441
-6618
-5479
-4190
-3663
-3460
-3714
-2040
754
2688
3647
3636
4660
6855
8723
11272
12102
11545
11727
12566
14289
14949
13786
12031
10303
7623
6822
5119
3575
-3263
-13929
-17707
-16165
-9850
-8135
-10683
-11517
-12404
-13450
-11971
-8465
-4941
-2483
-482
5216
8815
10564
10602
7500
5918
6468
11385
15585
14133
9953
5444
1141
-1812
-3001
-3221
-5044
-10755
-14294
-13902
-12577
-12529
-14670
-15406
-14905
-12667
-7452
-1947
75
-1470
-2334
-459
3406
6795
9455
8471
4796
3277
4069
6432
5802
2751
-383
-2924
-3382
-2452
-2043
-4263
-7491
-8977
-7947
-5543
-3157
-2837
-4045
-4214
-2714
887
4033
5500
5683
4738
6004
8453
11165
12903
12516
11608
12018
13297
14306
13861
11523
9031
6309
5264
3499
3855
-1050
-12408
-18955
-19401
-12164
-7386
-9599
-10991
-12198
-13504
-11999
-8211
-3391
-931
-306
4523
8435
10798
11761
9024
6653
5584
9278
14958
14745
10168
5152
363
-2893
-4330
-4243
-4554
-9708
-14811
-15211
-13160
-11700
-12983
-13792
-13440
-12012
-7546
-2029
1613
1251
-328
1321
4055
7105
8759
8048
4808
1566
2927
4765
4914
2459
-1104
-3582
-4823
-4597
-3089
-3678
-6406
-7560
-6849
-4310
-2785
-2088
-2425
-2718
-964
1792
4852
6293
6645
6617
7462
9193
11258
12763
13643
12593
14349
14308
12749
12895
8747
8784
6878
4592
4903
2716
-6784
-17523
-21532
-17049
-8144
-8216
-9227
-10470
-12386
-13063
-12247
-6102
-1920
200
3673
8191
10734
11180
9177
6577
5302
6627
13551
16069
12577
6995
1222
-2256
-4807
-4683
-4058
-6248
-11874
-15609
-14522
-13038
-13253
-13803
-13193
-11804
-8160
-3641
-461
274
-1701
-604
3536
6971
9884
10337
7591
3482
1721
3154
4308
3413
746
-1541
-3098
-4280
-4307
-4740
-6830
-8111
-7030
-4237
-1917
-1604
-1966
-2474
-1533
1174
4369
6748
6987
7507
7446
7939
9474
10839
11508
12424
13384
13771
13893
10667
9521
7460
6169
5499
4054
4276
-3198
-15534
-22235
-19789
-11083
-6221
-8991
-9440
-10574
-12990
-11758
-8571
-2851
47
1898
7554
10732
10707
9053
5835
3878
4804
9640
14947
13023
6645
1259
-2918
-4651
-5287
-4915
-5631
-10601
-14833
-14658
-13033
-12431
-13123
-12679
-10473
-7841
-3199
987
1852
-326
-1178
2819
5536
7462
8733
6833
3238
216
895
2948
2608
-386
-2296
-3366
-4441
-4334
-3742
-4651
-6284
-5370
-3384
-1417
-527
-415
-534
-314
1958
4803
6953
7745
8061
8599
9035
9728
11438
12336
13412
14770
13413
12593
10062
7519
7617
6669
5561
4881
1700
-8703
-18702
-21162
-15612
-7496
-7614
-9192
-9645
-11606
-12734
-11042
-6015
-1891
581
4930
10083
11162
9853
6852
4088
3612
6643
13022
14008
8657
2349
-2610
-4856
-5550
-4929
-4785
-8149
-13469
-14935
-13186
-12307
-12633
-12677
-10396
-7631
-3859
-427
1106
-213
-2388
903
5984
8796
9786
7917
4296
549
-223
1936
3504
2056
-1072
-2945
-4182
-5149
-5252
-5100
-5804
-5487
-3291
-1059
50
-308
-776
-480
1632
4617
7282
8374
8370
8179
7811
8670
10015
11122
12295
13831
14184
13083
10194
7967
6724
6636
6949
4436
3972
-543
-12109
-19417
-20479
-12760
-4856
-7201
-8893
-9327
-11054
-11056
-9441
-4254
391
1865
6874
10847
9836
8206
4998
3220
3797
6966
12258
11371
4434
-1338
-4908
-6129
-6016
-6144
-5971
-9283
-14353
-14669
-12517
-11042
-11122
-10861
-7729
-4593
-1500
1195
994
-779
-2093
2090
7421
8560
7931
4773
897
-1936
-1877
495
1823
52
-2008
-3147
-4425
-5086
-5396
-5087
-4812
-3175
-704
588
550
31
196
1082
3533
6152
8028
8469
8185
8337
7869
8984
10254
11436
12575
13475
13780
11616
9475
6866
6394
6314
5932
5410
3734
-4839
-17751
-20411
-16473
-6387
-3714
-7915
-7865
-9675
-10796
-9696
-5721
-1387
485
3063
9200
10814
7976
5916
2642
1834
4145
9263
12830
7189
-571
-4816
-6608
-6675
-6112
-5303
-6674
-11667
-14991
-12537
-10539
-10293
-10562
-8525
-4663
-2106
328
1411
-794
-3532
-497
5090
8391
7298
3920
572
-2823
-3134
-624
1480
-6
-2334
-3205
-4206
-5530
-5878
-4911
-4136
-2407
328
1891
1337
-119
-320
1074
4155
7036
8184
8475
8027
7606
7416
8489
9322
9859
11243
12753
13831
11842
8652
5383
5075
6711
6888
6363
4455
-5168
-17489
-21049
-16564
-5588
-2574
-6780
-7168
-8856
-9993
-8623
-5044
-547
741
3303
10200
11568
7648
4539
1417
1224
3755
8911
13030
7001
-2269
-6867
-7786
-6827
-6515
-6116
-6702
-11310
-14311
-11640
-9345
-8955
-9938
-8269
-3243
-179
2082
3289
485
-4015
-2822
3076
7384
7247
2978
-1171
-4020
-4831
-1499
1297
-353
-3202
-3739
-2698
-3085
-3933
-3366
-2987
-1933
864
3278
3264
1038
-305
967
3941
7272
9381
9065
8434
7851
8158
9044
9689
11149
11742
12252
12044
11358
9198
6340
5224
5518
6195
5959
2136
-10611
-20731
-20114
-11752
-2264
-4326
-6868
-6067
-9197
-10151
-6663
-236
2767
2540
6714
12239
10144
5325
2632
634
1678
4915
10462
11071
2092
-5967
-8882
-8818
-7333
-6253
-5334
-7518
-13013
-13782
-10184
-8314
-8284
-8300
-4720
-613
923
2977
2687
-2978
-5285
-227
5944
8810
5049
27
-4041
-7342
-5047
-585
625
-2003
-4332
-3232
-3206
-5118
-4514
-3576
-3491
-562
3345
4657
2704
-263
-141
2463
5682
8837
9962
9025
7671
6391
8001
9927
10167
11456
11219
11995
11883
8876
7141
5380
4804
7577
6958
5876
1905
-12767
-21543
-20520
-11365
-532
-2894
-6084
-5542
-9827
-10266
-6396
-1743
3027
2781
7122
13402
9392
4228
1013
-1409
1121
4917
10253
11042
778
-7105
-9013
-8889
-6691
-6541
-6137
-7035
-12406
-13282
-10063
-9245
-9198
-9028
-5209
-124
1270
2009
1531
-2809
-5450
-1489
4389
7380
4515
141
-2952
-5990
-5021
-1730
-263
-1862
-3897
-2722
-1870
-4561
-5439
-3720
-2425
-308
2717
4625
2869
4
334
3400
6257
8311
9815
9732
8822
8047
8855
9863
10658
10984
11609
12928
11269
9337
6821
4923
5139
5858
5747
5577
-1980
-15801
-22056
-19421
-8057
-1121
-4460
-5728
-6289
-9486
-8677
-4708
852
3200
3030
9807
13601
9056
4094
688
-465
1899
6448
12033
9635
-1369
-7578
-8835
-7815
-6472
-6176
-4994
-7559
-12259
-11292
-8652
-8705
-9586
-8561
-3369
1004
1948
2281
565
-4859
-5122
759
6115
7430
3228
-764
-3919
-5934
-3679
-121
-212
-2622
-3077
-1486
-2281
-5151
-4974
-3415
-2285
448
3693
4081
1270
-1232
541
3935
6507
8657
9323
8767
8259
8044
9509
10722
10801
11633
12414
13570
12222
9087
6042
4327
4891
6600
6549
4487
-7539
-21479
-23127
-15849
-3751
-2041
-6609
-6041
-7394
-10016
-7052
-2178
1073
1514
4352
13021
13494
6527
2065
-753
-900
3154
9311
13199
5562
-6080
-8973
-8229
-6825
-6292
-5969
-5824
-9809
-12615
-9775
-7755
-9378
-10464
-7422
-1690
1702
2209
2155
-1709
-6640
-3548
2749
6432
5074
953
-1527
-4420
-5422
-1908
405
-1457
-3378
-2328
-703
-3033
-5462
-4118
-2571
-1735
1279
3985
3005
169
-580
2547
5311
6666
8203
8934
9002
8948
9665
10856
10935
10826
12299
13877
13496
10839
7806
5895
4551
5937
6605
5259
-4302
-18868
-22966
-17775
-7505
-2260
-5767
-7255
-7493
-10103
-8066
-3457
-256
1231
3031
10373
14086
8546
3051
363
-1123
2052
7726
12318
9167
-2346
-8104
-7823
-6993
-6052
-6064
-5795
-7921
-11397
-10628
-8228
-9175
-10632
-8893
-3464
1200
2022
2025
36
-3051
-3537
186
4558
4270
2189
-109
-3089
-4636
-3513
-1023
-95
-2643
-3280
-1636
-2717
-4407
-4593
-2367
-526
-170
1250
2480
429
-998
992
3747
5759
6663
8108
8813
7740
7870
9172
10648
11788
11889
12592
12970
11465
9089
7053
5425
6404
7545
7271
5481
-6400
-20132
-23555
-17259
-4899
-1775
-6637
-6557
-7455
-10370
-8651
-4889
-315
598
2511
11881
14023
6801
1453
-1042
-601
2877
8092
13342
8324
-3516
-7641
-6711
-5610
-5821
-6409
-5208
-7525
-11338
-10082
-8398
-9847
-11215
-8755
-2746
1104
985
561
-1334
-5373
-4346
1535
5585
5173
1685
-570
-2648
-4621
-3045
88
33
-2161
-1936
-273
-1956
-5436
-5071
-2354
-749
730
2887
2964
513
-839
1452
4385
5644
7129
8563
9391
8728
8913
9717
10789
11377
12148
13714
14040
13062
10097
7898
5795
6226
6923
6777
2617
-10941
-21293
-20691
-12186
-3372
-4084
-7900
-6630
-8220
-9746
-6165
-2867
-399
42
4961
12953
11408
4644
1408
-220
45
4587
10161
12186
4142
-5195
-5674
-4901
-5396
-6057
-6042
-5885
-9020
-10560
-8278
-8461
-11389
-11462
-6549
-1129
883
606
56
-2619
-5562
-2198
3346
4933
2967
589
-197
-2322
-3881
-2450
-759
-2177
-3113
-1039
-124
-2473
-5145
-3674
-1721
-1035
698
2309
1281
-652
48
2736
4035
4170
6188
7804
7924
8399
9796
11008
11307
11496
12816
14044
13489
11302
8865
7624
6920
7062
6243
3306
-7354
-19640
-21361
-15300
-5992
-4177
-7744
-8001
-8147
-10208
-8181
-4165
-1426
137
3021
10610
11841
5359
1348
521
374
3256
7958
11206
7054
-2543
-5316
-4243
-5058
-6269
-6376
-5248
-7068
-9968
-9138
-8329
-10597
-11882
-8481
-2936
-136
-225
-6
-1365
-4912
-4111
1048
3875
3454
1709
753
-1055
-3776
-2761
-223
-422
-1870
-1186
-16
-1798
-4259
-3197
-1053
-1456
-798
1367
2032
611
-248
1630
3158
3751
5664
7874
8293
7900
8579
10408
11956
12097
12904
13588
12494
11878
10489
9631
8187
7773
8386
7176
-491
-14536
-20474
-17936
-9705
-4064
-6217
-7558
-7264
-9277
-9510
-6368
-3678
-997
1286
7996
12735
7829
2130
571
343
2376
7034
10406
9225
1347
-3450
-2376
-3640
-6207
-7336
-5801
-4866
-7245
-8461
-8620
-11077
-12615
-9838
-4535
-1493
-1827
-1974
-1094
-2278
-3578
-1516
706
1242
2075
2534
843
-2999
-4824
-2403
-379
-1004
-1315
-543
-1535
-3267
-2980
-912
-826
-2071
-457
2086
2275
1259
1095
1263
1604
3552
7018
8465
7654
7271
8917
11081
13014
13390
13171
12777
11608
11445
9543
8922
8796
8922
7784
2748
-9685
-19436
-19521
-13889
-5018
-5117
-6039
-5047
-7141
-9595
-9244
-6468
-2955
13
5556
12917
10098
3129
262
-104
1193
3844
7663
9533
4960
-786
-1296
-2367
-5839
-7839
-6144
-3161
-4129
-6789
-7862
-9928
-12107
-10909
-6594
-3029
-2702
-2727
-934
-939
-4306
-3993
-1234
544
2290
2556
1665
-1656
-4782
-3088
23
117
-1176
-1422
-1177
-2411
-2971
-1184
-1048
-2697
-1904
1418
2602
1049
170
509
916
2555
5623
7132
6599
6172
7479
9877
11270
12060
11804
11453
11679
12025
12275
10699
8282
7784
9098
7293
4039
-7696
-18146
-18322
-13470
-4375
-4151
-6843
-5948
-7292
-9510
-8008
-6363
-4238
-1611
3111
10861
9842
3533
800
-156
18
3274
7137
8907
5003
-711
-310
-1074
-4916
-6786
-5873
-3479
-4327
-6719
-7307
-8970
-11623
-10908
-6995
-4864
-4347
-3870
-2119
-1063
-4536
-4444
-2055
-915
1296
2156
2147
-702
-3719
-2866
-820
-787
-1223
-103
169
-1303
-2109
-959
-1539
-3203
-2198
1012
2390
1611
1662
1338
542
1397
4134
5831
6041
7415
9259
11000
11295
11154
11076
10925
11536
12797
12438
10768
9290
8496
9483
7019
795
-11005
-18038
-15703
-8950
-3914
-5968
-6708
-6592
-8180
-9633
-8165
-6089
-4985
-1873
5232
10529
6994
2054
166
-399
225
3977
8457
8493
4116
1181
1728
-904
-5148
-6006
-3825
-2599
-4360
-5530
-6246
-9035
-11290
-9845
-6398
-5063
-4766
-3258
-1555
-3108
-4919
-3756
-2483
-811
831
2561
2126
-1209
-2322
-1071
-504
-768
-185
935
438
-805
-586
-261
-2005
-2915
-1345
674
1294
1261
1511
789
430
1910
3896
4766
5215
7281
9650
10985
10927
10679
10501
10333
11307
12493
12243
10855
9307
9939
9821
6522
-1386
-12974
-16102
-13037
-6401
-3750
-6338
-6466
-7331
-9430
-10048
-8837
-7638
-5866
-1678
5926
8986
4742
787
-741
-1172
484
4855
8541
7707
3757
2899
2881
-1171
-4807
-5434
-3219
-2403
-3710
-4206
-5532
-8635
-10496
-8953
-6984
-6568
-5519
-3575
-1703
-2956
-5572
-5067
-4657
-2801
135
1722
1538
-764
-1296
-53
-64
-892
-324
418
925
1353
1615
1010
-1783
-3139
-1368
638
1070
1590
2010
1582
1282
1877
3381
3271
3676
6560
9365
10236
10235
9974
9259
9248
10435
12153
11478
10141
10082
11373
10561
7478
7
-11064
-14868
-11903
-4597
-2844
-6220
-6039
-6079
-8185
-10420
-10067
-8987
-8394
-4514
4253
8509
4042
-366
-1519
-1758
-1115
2734
7513
7654
4518
4811
5755
1386
-3512
-4763
-2529
-1662
-2706
-1914
-2413
-5757
-8550
-8195
-7131
-7864
-7855
-5456
-2746
-3141
-5372
-5542
-5307
-4497
-2555
-581
202
-1048
-579
1264
1431
64
-780
-91
630
1477
2370
2093
157
-1500
-759
170
-319
-336
848
1718
1841
2158
2605
1666
1139
3535
6174
7716
8342
8524
8747
8046
8468
9250
9088
8751
9106
10126
10734
10245
7987
1521
-7726
-11046
-7949
-3605
-3259
-4538
-3114
-2846
-5927
-8776
-9187
-10384
-10378
-5876
1952
5801
2766
328
-764
-2751
-2749
74
3709
4373
4292
6900
7994
4168
-692
-2857
-2904
-2808
-2366
-266
265
-1243
-2794
-3608
-4890
-7878
-9322
-8784
-7045
-5004
-3268
-2152
-3120
-4410
-4711
-4273
-4256
-3909
-1465
1433
3566
3568
2509
819
-946
-970
-24
1473
2280
2717
3084
2455
1315
114
-835
-977
120
1904
3273
3653
3426
3139
2750
2448
2595
3083
3889
5089
6664
7076
6369
5552
4782
4509
4956
6582
7992
7656
4946
462
-2790
-3380
-2111
-1382
-1601
-1180
-185
-799
-2770
-3673
-4474
-4992
-4697
-2626
-166
-378
-1263
-876
-832
-1477
-1730
-1489
-1724
-2746
-2385
-148
597
-209
-635
-370
-653
-1901
-2215
-1190
-440
-189
-11
-275
-1401
-2563
-3059
-3219
-3697
-3986
-3320
-2763
-2668
-2503
-2878
-3462
-3655
-2601
-1072
-709
-896
-1091
-1607
-2004
-1865
-1226
-1252
-2037
-1709
-669
-370
-696
-736
-503
-456
-163
1265
2426
2265
1656
1321
1562
1810
2106
2646
2612
2425
2594
2973
3357
3293
3664
4451
5369
6298
6987
7320
7433
7312
7161
6566
4532
3695
3883
4178
4234
2864
2079
1283
252
632
688
-232
-1158
-1664
-979
-279
-1186
-2079
-3316
-4153
-3632
-3610
-3672
-4635
-5631
-5484
-5180
-4315
-3775
-3797
-3421
-2821
-2276
-2385
-2901
-2836
-2660
-2479
-2057
-1761
-1983
-2645
-2961
-2395
-2146
-2556
-2654
-2283
-1480
-1211
-1171
-1067
-1649
-2016
-1881
-1330
-1140
-1974
-2348
-1846
-1285
-1022
-1006
-984
-706
-541
155
955
982
828
679
1264
1923
1911
1827
1682
2008
2567
2649
2616
2528
2689
3556
4554
5586
6254
6318
6832
7512
8330
8909
8323
6663
4194
2991
3550
4719
5036
3421
1877
720
42
459
327
-251
-1474
-2340
-1336
-683
-1654
-3209
-4482
-4629
-4418
-4623
-4474
-5163
-6157
-5719
-4639
-3356
-3018
-3190
-2605
-2428
-2318
-2150
-1885
-1263
-899
-407
-265
-655
-1368
-1915
-2107
-2142
-2021
-2064
-1836
-1479
-1236
-1339
-1885
-2269
-2489
-2276
-1899
-1669
-1716
-2164
-2208
-1835
-1544
-1668
-1910
-1587
-926
-434
10
185
-59
-4
668
1636
1925
1420
1337
1635
1878
2145
2234
2234
2161
2515
3589
4486
4724
5050
5748
6461
7059
7133
7464
7911
7660
7171
5487
3924
3735
4228
5280
4527
2587
1371
710
1064
1398
662
-506
-1882
-2327
-1533
-1530
-2579
-3790
-4718
-4278
-4001
-4334
-4889
-5908
-6044
-5224
-4189
-3573
-3691
-3863
-3769
-3371
-2995
-2409
-1829
-1476
-1049
-981
-1258
-1728
-2353
-2254
-1780
-1492
-1365
-1782
-1986
-1769
-1841
-1878
-2358
-2509
-2135
-1798
-1243
-1380
-2239
-2793
-2554
-1513
-816
-994
-1055
-985
-762
-159
111
72
-209
-37
1214
1959
1752
1201
673
1031
1666
2110
2554
2459
2586
3303
4276
5089
5158
5133
5467
6050
6360
6525
6997
7802
8357
8027
6219
3840
2644
2994
4601
5042
3830
2417
1083
876
954
126
-847
-1989
-2129
-1035
-647
-1451
-3097
-4699
-4568
-3999
-3941
-4199
-5251
-5805
-5443
-4673
-3890
-3908
-4232
-3932
-3255
-2657
-2219
-2201
-2214
-1951
-1576
-1250
-1383
-1984
-2417
-2487
-2093
-1827
-1921
-2102
-2120
-1936
-1877
-1940
-2143
-2356
-2279
-1878
-1486
-1529
-1876
-1937
-1616
-1281
-998
-844
-730
-747
-527
8
333
362
321
628
1101
1318
1427
1441
1368
1577
2047
2741
3209
3248
3580
3940
4212
4642
5085
5666
6088
6381
6725
6901
7118
7673
8097
7750
5831
3749
3175
3673
4689
4399
2969
1827
861
1024
1385
654
-444
-1797
-1939
-865
-766
-1765
-3195
-4350
-4154
-3983
-4194
-4491
-5516
-5964
-5416
-4588
-3797
-3937
-4032
-3352
-2890
-2705
-2765
-2934
-2691
-2169
-1522
-1135
-1576
-2444
-2775
-2595
-2226
-1973
-2029
-2115
-2099
-2122
-2118
-2383
-2666
-2548
-2147
-1602
-1499
-2093
-2448
-2351
-1791
-1123
-1002
-1065
-1242
-1176
-496
29
35
-162
-83
541
1172
1442
1600
1513
1318
1627
2274
2649
2561
2455
2979
3910
4647
5037
5120
5041
5284
5832
6391
6636
6577
6886
7348
7736
7162
4837
2763
2196
3347
4990
4726
3254
1642
476
705
958
292
-765
-2015
-1842
-862
-1094
-2182
-3894
-4924
-4401
-3973
-3927
-4474
-5566
-5871
-5345
-4403
-3688
-3842
-3948
-3354
-2725
-2708
-3011
-3044
-2542
-1832
-1502
-1509
-2013
-2717
-2612
-2111
-1715
-1905
-2544
-2628
-2248
-1903
-1750
-2001
-2115
-1970
-1674
-1158
-1294
-2055
-2511
-2169
-1155
-761
-1143
-1376
-1379
-1109
-687
-353
-101
-222
-10
1012
1656
1530
1091
909
1376
1960
2536
2877
2727
2655
3027
3679
4096
4159
4280
4540
5053
5518
5595
5609
5416
5674
6397
6902
7492
6704
4390
2708
2163
3200
4344
3667
2596
1231
125
461
620
270
-647
-2121
-1868
-968
-926
-1333
-2797
-3635
-3354
-3377
-3331
-3791
-4665
-4900
-4763
-4071
-3318
-3515
-3643
-3224
-2917
-2898
-3039
-2800
-2004
-1473
-1171
-967
-1477
-2075
-2099
-1781
-1751
-2453
-2930
-2612
-1806
-1271
-1452
-2141
-2943
-2911
-2174
-1535
-1430
-2186
-2625
-2178
-1517
-1092
-1383
-1711
-1414
-1059
-649
-335
-407
-361
23
967
1836
1800
1590
1664
2028
2493
2689
2860
2911
2895
3210
3496
3682
3877
4036
4422
4733
4865
5007
4910
5062
5450
5733
6371
6793
6786
5651
3250
1932
1903
2835
3801
3158
2126
846
-237
31
65
-445
-1232
-2002
-1350
-519
-872
-1877
-3473
-4105
-3545
-3202
-3034
-3773
-4929
-5240
-4943
-3968
-3360
-3557
-3367
-2850
-2420
-2394
-2598
-2331
-1834
-1303
-885
-824
-1398
-2007
-1855
-1538
-1750
-2331
-2668
-2285
-1763
-1542
-1602
-2241
-2728
-2404
-1558
-942
-1316
-2171
-2424
-2050
-1401
-862
-873
-988
-1077
-952
-390
-145
-172
9
552
1403
1834
1681
1626
1718
1842
2109
2290
2311
2245
2166
2463
2683
2549
2761
3292
3935
4292
4076
4039
4228
4400
4852
5245
5424
5642
5681
5851
5430
3430
1804
1452
2450
3819
3378
2303
1119
-185
-132
141
42
-481
-1703
-1691
-827
-930
-1728
-3099
-3891
-3549
-3447
-3323
-3420
-4137
-4473
-4396
-3840
-3165
-3160
-3054
-2528
-2264
-2313
-2496
-2365
-1914
-1581
-1354
-1335
-1799
-2287
-2201
-1840
-1896
-2468
-2854
-2606
-2089
-1869
-2002
-2271
-2495
-2247
-1517
-1016
-1171
-1816
-2069
-1446
-782
-547
-645
-814
-609
-293
98
421
310
313
755
1438
1906
1726
1509
1596
1874
2185
2228
2192
2193
2288
2539
2636
2537
2452
2610
3194
3718
3813
3573
3315
3638
4147
4372
4342
4040
4039
4452
4869
5085
4020
2222
1343
1497
2574
3009
2122
1130
58
-395
-57
-141
-501
-1343
-1933
-1323
-864
-1173
-1957
-2914
-3045
-2820
-2707
-2564
-3060
-3664
-3775
-3534
-3008
-2938
-3077
-2821
-2467
-2183
-2135
-2187
-1995
-1773
-1484
-1262
-1281
-1465
-1574
-1428
-1307
-1519
-1871
-1973
-1693
-1330
-1130
-1256
-1508
-1641
-1420
-927
-683
-805
-1044
-1029
-645
-294
-164
-290
-454
-413
-146
222
321
220
167
341
817
1223
1317
1184
1059
1142
1404
1623
1746
1811
1797
1832
1803
1709
1672
1698
2029
2510
2799
2875
2728
2743
3010
3308
3464
3455
3496
3780
4121
4296
3975
2793
1656
1311
1797
2551
2389
1636
854
221
163
208
25
-410
-991
-980
-542
-600
-1182
-2018
-2500
-2326
-2293
-2464
-2820
-3284
-3355
-3227
-3037
-2926
-3040
-2871
-2307
-1803
-1766
-2089
-2155
-1697
-1028
-693
-891
-1364
-1688
-1479
-1007
-931
-1401
-1866
-1836
-1264
-809
-959
-1460
-1944
-1845
-1092
-534
-576
-1137
-1582
-1327
-910
-749
-926
-1310
-1271
-907
-532
-363
-647
-860
-654
-211
173
119
-73
-11
335
754
828
603
397
477
857
1177
1223
1067
1005
1285
1754
2094
2200
2165
2209
2451
2671
2919
3068
3159
3371
3418
3456
3494
3552
3783
3450
2760
2142
1772
2342
2889
2850
2320
1175
631
852
1066
1132
402
-485
-584
-384
-56
-260
-1267
-1906
-2084
-1797
-1327
-1586
-2107
-2510
-2572
-2066
-1748
-1767
-1874
-1953
-1763
-1593
-1581
-1596
-1605
-1482
-1306
-1234
-1350
-1448
-1445
-1322
-1230
-1361
-1533
-1589
-1457
-1287
-1339
-1567
-1788
-1731
-1480
-1302
-1373
-1707
-1945
-1860
-1546
-1263
-1280
-1426
-1443
-1256
-946
-769
-797
-872
-833
-572
-248
-107
-123
-138
-26
229
427
554
646
720
892
1103
1343
1583
1748
1935
2107
2246
2377
2524
2745
2927
2998
3033
3158
3369
3541
3557
3483
3414
3494
3715
3877
3752
3162
2609
2463
2675
2939
2750
2207
1637
1215
1164
1157
858
369
-144
-341
-273
-382
-707
-1241
-1678
-1776
-1804
-1830
-1978
-2272
-2470
-2564
-2514
-2373
-2312
-2243
-2192
-2232
-2297
-2343
-2202
-2022
-1948
-1962
-2070
-2105
-2041
-1938
-1911
-2096
-2293
-2316
-2142
-1993
-2067
-2300
-2500
-2524
-2363
-2184
-2188
-2317
-2423
-2367
-2197
-2056
-1995
-1963
-1798
-1524
-1279
-1200
-1218
-1121
-874
-553
-311
-191
-94
83
361
632
760
793
906
1184
1552
1819
1883
1879
1962
2190
2476
2663
2705
2735
2885
3139
3348
3376
3299
3329
3537
3812
3947
3865
3733
3696
3828
3948
3846
3476
3041
2872
2927
3012
2825
2376
1985
1720
1652
1610
1324
928
537
371
412
290
-56
-496
-902
-1032
-1068
-1209
-1438
-1827
-2138
-2245
-2262
-2232
-2317
-2473
-2525
-2530
-2522
-2546
-2640
-2712
-2795
-2786
-2729
-2749
-2820
-2955
-2991
-2976
-2946
-2879
-2895
-2915
-2888
-2812
-2688
-2623
-2568
-2439
-2305
-2133
-2003
-1942
-1863
-1772
-1614
-1401
-1241
-1104
-986
-860
-643
-455
-321
-206
-101
82
268
435
599
709
841
1008
1186
1354
1450
1537
1668
1820
1995
2149
2266
2364
2448
2516
2613
2678
2763
2894
2978
3071
3118
3147
3202
3215
3248
3281
3283
3308
3326
3339
3308
3201
3084
2925
2774
2653
2526
2412
2249
2036
1834
1602
1379
1164
943
728
493
265
54
-202
-471
-732
-981
-1192
-1423
-1661
-1880
-2090
-2276
-2453
-2602
-2736
-2869
-2966
-3042
-3105
-3150
-3204
-3226
-3251
-3258
-3253
-3269
-3243
-3195
-3107
-3018
-2976
-2927
-2873
-2805
-2707
-2579
-2427
-2299
-2188
-2062
-1911
-1796
-1670
-1550
-1404
-1239
-1102
-953
-823
-671
-489
-316
-159
-36
75
210
348
497
635
724
789
883
1012
1147
1238
1294
1346
1414
1522
1631
1726
1796
1850
1944
2068
2201
2311
2358
2385
2430
2515
2616
2685
2727
2754
2771
2821
2902
2980
3004
2982
2955
2972
2982
2965
2930
2852
2770
2680
2584
2456
2264
2025
1797
1618
1470
1304
1071
808
553
305
104
-78
-305
-567
-817
-1041
-1235
-1452
-1697
-1914
-2126
-2295
-2438
-2585
-2726
-2876
-2979
-3025
-3071
-3106
-3137
-3188
-3201
-3181
-3137
-3091
-3070
-3023
-2974
-2913
-2824
-2738
-2634
-2526
-2440
-2346
-2239
-2113
-1983
-1856
-1739
-1639
-1545
-1419
-1267
-1127
-1019
-933
-833
-725
-596
-466
-372
-305
-227
-122
8
119
195
258
333
427
531
618
689
755
841
934
1042
1147
1226
1299
1369
1449
1540
1638
1739
1832
1923
2010
2083
2150
2200
2255
2334
2410
2475
2536
2581
2613
2619
2628
2647
2651
2650
2631
2599
2565
2513
2456
2368
2248
2126
2011
1907
1789
1616
1419
1218
1030
888
736
546
319
80
-114
-264
-406
-590
-810
-1014
-1186
-1333
-1485
-1654
-1835
-1984
-2104
-2213
-2337
-2461
-2540
-2607
-2654
-2693
-2704
-2702
-2698
-2691
-2698
-2691
-2654
-2585
-2490
-2401
-2347
-2300
-2236
-2130
-2022
-1915
-1825
-1741
-1640
-1509
-1364
-1233
-1121
-1013
-883
-741
-600
-475
-378
-300
-202
-81
41
137
222
326
443
557
647
714
777
847
922
995
1051
1108
1179
1265
1352
1405
1428
1455
1508
1594
1665
1707
1736
1761
1803
1848
1874
1883
1883
1907
1947
1990
2019
2006
1964
1951
1951
1947
1941
1899
1848
1808
1783
1765
1712
1611
1488
1393
1332
1271
1186
1056
902
758
628
516
403
261
115
-31
-164
-296
-450
-611
-762
-907
-1058
-1203
-1335
-1465
-1594
-1720
-1847
-1959
-2056
-2148
-2228
-2297
-2358
-2411
-2443
-2456
-2481
-2516
-2544
-2544
-2533
-2496
-2447
-2409
-2364
-2305
-2237
-2158
-2066
-1978
-1871
-1767
-1652
-1527
-1416
-1312
-1213
-1104
-975
-839
-715
-597
-489
-367
-248
-130
-2
108
208
319
433
530
628
733
837
929
1004
1088
1181
1269
1333
1384
1444
1503
1559
1620
1674
1722
1758
1789
1813
1832
1851
1857
1859
1867
1888
1899
1896
1877
1841
1820
1806
1793
1768
1724
1669
1615
1576
1533
1479
1414
1343
1278
1222
1166
1103
1015
916
836
755
671
579
473
380
284
171
63
-35
-137
-247
-362
-470
-570
-664
-758
-858
-947
-1030
-1117
-1198
-1271
-1341
-1409
-1474
-1543
-1600
-1656
-1703
-1733
-1761
-1777
-1790
-1811
-1824
-1818
-1806
-1793
-1789
-1774
-1739
-1702
-1660
-1612
-1559
-1516
-1476
-1419
-1361
-1308
-1239
-1171
-1095
-1009
-927
-851
-776
-694
-599
-506
-409
-319
-237
-152
-63
30
119
208
287
360
446
538
624
702
773
852
935
1004
1072
1145
1212
1270
1324
1370
1412
1458
1490
1525
1555
1579
1598
1614
1626
1634
1630
1619
1622
1616
1597
1576
1553
1527
1500
1475
1442
1402
1353
1303
1247
1182
1123
1079
1024
951
872
787
718
656
591
522
445
358
276
206
123
44
-40
-128
-205
-285
-360
-438
-525
-611
-676
-741
-817
-889
-960
-1024
-1085
-1135
-1186
-1239
-1296
-1345
-1378
-1409
-1437
-1453
-1489
-1527
-1541
-1545
-1543
-1543
-1547
-1540
-1524
-1509
-1480
-1444
-1417
-1384
-1346
-1306
-1268
-1225
-1181
-1128
-1062
-1003
-942
-878
-806
-735
-670
-604
-536
-448
-353
-263
-181
-114
-43
41
121
205
291
370
451
520
584
650
709
767
823
879
931
979
1039
1091
1134
1166
1202
1231
1261
1293
1313
1332
1343
1342
1338
1335
1337
1338
1337
1331
1312
1300
1289
1266
1246
1218
1173
1124
1084
1052
1018
968
915
847
778
722
656
594
533
465
391
309
232
156
79
10
-56
-121
-186
-254
-330
-404
-468
-526
-599
-669
-732
-798
-859
-918
-974
-1025
-1072
-1123
-1167
-1197
-1221
-1244
-1275
-1307
-1332
-1350
-1366
-1369
-1367
-1370
-1368
-1368
-1363
-1344
-1331
-1318
-1289
-1253
-1216
-1184
-1152
-1107
-1059
-1003
-951
-893
-830
-776
-724
-660
-584
-506
-438
-389
-335
-263
-177
-96
-22
50
119
188
265
334
391
462
539
614
687
754
817
876
930
980
1029
1071
1109
1152
1193
1224
1255
1284
1315
1340
1354
1365
1366
1369
1378
1379
1366
1353
1345
1331
1311
1280
1236
1193
1151
1111
1067
1014
951
899
856
801
740
672
604
539
466
404
331
242
162
89
19
-54
-135
-213
-283
-352
-417
-485
-555
-627
-690
-753
-816
-875
-924
-970
-1025
-1074
-1110
-1142
-1181
-1218
-1238
-1257
-1276
-1290
-1298
-1305
-1312
-1305
-1330
-1408
-1405
-1289
-1222
-1216
-1197
-1134
-1094
-1097
-1069
-1015
-968
-891
-805
-742
-686
-636
-589
-555
-515
-441
-356
-287
-218
-141
-64
9
72
131
186
245
301
338
394
477
554
614
663
711
761
798
828
861
901
937
973
1016
1043
1051
1054
1060
1063
1065
1069
1066
1065
1051
1043
1040
1031
1014
989
957
912
871
833
804
778
758
728
679
625
567
508
463
414
361
321
286
242
184
120
58
-4
-60
-104
-143
-194
-253
-296
-330
-379
-439
-488
-532
-569
-593
-620
-643
-669
-692
-718
-746
-775
-797
-808
-805
-799
-798
-798
-792
-782
-776
-772
-767
-757
-741
-721
-697
-668
-646
-634
-618
-590
-557
-522
-489
-457
-425
-388
-346
-305
-267
-223
-184
-153
-114
-76
-38
2
38
62
90
131
171
200
225
261
296
324
343
365
387
410
441
455
464
476
491
504
508
509
510
511
517
527
534
540
543
542
532
519
505
493
480
471
467
454
438
421
398
374
348
320
293
266
246
227
203
173
138
108
80
54
32
12
-14
-43
-65
-90
-125
-164
-193
-202
-205
-222
-242
-259
-280
-295
-306
-316
-334
-355
-363
-368
-372
-374
-379
-387
-393
-399
-400
-399
-396
-385
-381
-382
-383
-376
-360
-348
-332
-320
-315
-303
-276
-255
-239
-213
-198
-177
-158
-142
-122
-103
-83
-62
-38
-15
12
39
65
96
120
139
157
175
191
208
224
247
265
282
293
295
308
327
343
352
351
343
351
356
362
369
366
363
354
339
327
315
306
298
291
281
266
249
234
216
202
184
166
149
132
114
87
59
34
21
10
-4
-23
-51
-79
-98
-114
-134
-160
-186
-202
-219
-229
-235
-243
-251
-262
-273
-280
-285
-282
-287
-292
-283
-276
-280
-284
-285
-273
-265
-268
-264
-253
-242
-225
-210
-203
-197
-187
-176
-168
-152
-137
-126
-111
-103
-94
-85
-83
-75
-52
-26
-11
-5
4
24
44
62
75
78
83
95
116
133
136
144
155
163
170
180
187
187
191
198
199
200
197
193
193
194
197
192
181
173
173
169
162
152
139
132
121
108
96
87
85
83
72
61
55
48
40
35
29
14
-9
-24
-31
-26
-16
-14
-22
-30
-41
-51
-56
-57
-57
-58
-56
-58
-69
-79
-88
-97
-99
-95
-94
-99
-95
-94
-90
-89
-88
-85
-83
-83
-73
-61
-57
-55
-61
-65
-61
-51
-39
-33
-32
-27
-24
-22
-18
-14
-14
-12
-2
6
9
7
-2
-12
-13
-8
-12
-22
-29
-29
-23
-15
-13
-25
-39
-38
-32
-28
-29
-29
-26
-23
-28
-32
-37
-33
-30
-25
-18
-27
-34
-30
-18
-9
-6
0
5
8
6
8
6
6
11
14
16
19
29
31
26
25
34
38
39
38
42
47
54
57
48
40
37
42
47
52
54
52
53
59
62
63
56
45
41
45
47
43
42
40
36
32
27
18
12
13
21
16
11
12
9
1
-5
-7
-1
3
2
0
-6
-15
-25
-27
-20
-18
-21
-26
-26
-18
-13
-14
-22
-29
-32
-38
-40
-37
-31
-35
-41
-44
-39
-39
-43
-48
-47
-44
-42
-35
-34
-40
-39
-31
-29
-30
-28
-31
-38
-42
-42
-41
-34
-28
-22
-25
-33
-33
-32
-27
-17
-9
-4
-4
-7
0
0
0
0
-4
1
13
19
21
23
21
16
6
1
3
10
14
14
18
17
14
11
11
13
17
23
24
26
24
25
30
27
24
25
28
30
30
24
19
13
11
15
14
12
10
8
12
20
24
18
12
11
11
13
16
14
9
3
-1
-1
0
5
13
13
9
10
9
8
4
2
6
8
6
5
1
-2
-2
2
8
12
12
6
-1
-5
-6
-1
2
4
13
21
17
10
5
3
5
8
10
13
12
9
7
0
-9
-10
-10
-9
-4
6
5
-4
-9
-7
-3
1
3
1
-1
-3
-9
-13
-14
-20
-23
-15
-6
-4
-8
-16
-14
-7
-7
-6
-8
-7
-7
-10
-15
-18
-14
-10
-6
-3
-2
-10
-11
-3
-2
-5
-2
2
-6
-5
-2
0
7
16
22
20
15
10
6
9
15
20
23
25
23
24
23
20
21
24
29
29
31
33
24
15
7
4
7
8
9
9
6
4
10
16
15
13
15
13
10
5
0
-1
0
-4
-8
-13
-16
-14
-18
-16
-8
-5
-5
-4
-7
-8
-11
-12
-5
-5
-11
-17
-19
-14
-6
-4
-13
-17
-18
-19
-22
-21
-20
-19
-14
-15
-20
-19
-15
-8
-2
-3
-12
-19
-16
-9
-5
-8
-14
-15
-10
-6
-9
-16
-17
-13
-4
2
4
4
-4
-10
-7
-4
-2
-1
-2
-5
-7
-6
2
7
5
1
-3
0
5
1
-1
-3
-5
0
3
6
14
19
17
6
-1
-1
5
14
15
8
5
7
14
20
19
15
11
13
19
23
11
1
-2
-6
-7
-3
-4
1
1
5
8
7
-1
-8
-8
-8
-6
-5
-4
-6
-13
-21
-23
-17
-16
-16
-15
-19
-26
-22
-15
-10
-10
-15
-22
-20
-12
-7
-4
-8
-11
-11
-10
-6
-2
-3
-9
-12
-6
1
-1
-6
0
3
4
5
4
2
-3
-5
-4
-5
1
10
10
2
-7
-11
-7
-4
-2
3
1
0
7
8
8
10
8
6
8
7
8
11
12
9
7
5
6
15
