-4
-5
-9
-7
-6
-3
-1
1
-4
-10
-13
-14
-11
-8
-9
-12
-18
-20
-20
-19
-15
-13
-15
-16
-12
-11
-10
-10
-9
-4
-3
-7
-10
-14
-15
-14
-11
-7
-5
-5
-3
-3
-5
-6
-4
-4
-5
-8
-5
-5
-4
-2
0
-2
-9
-13
-11
-11
-10
-7
-6
-6
-9
-13
-14
-13
-14
-9
-3
-2
0
-2
-7
-9
-4
-2
-1
2
0
-2
-3
-3
-3
-5
-4
-3
-3
-2
-5
-8
-6
-7
-7
-4
-4
-7
-9
-9
-10
-11
-14
-15
-14
-13
-10
-17
-22
-22
-21
-14
-8
-7
-6
-6
-4
-6
-8
-10
-10
-10
-13
-11
-10
-11
-10
-7
-8
-9
-7
-6
-6
-6
0
0
-5
-8
-9
-8
-6
-5
0
5
5
4
6
6
7
9
11
14
12
13
15
13
15
16
16
16
18
21
21
24
22
19
15
12
9
8
7
7
12
13
14
9
5
-1
-6
-5
-3
-2
0
1
1
-5
-10
-13
-16
-15
-15
-15
-19
-21
-21
-17
-13
-10
-7
-6
-6
-7
-8
-8
-8
-5
-3
-2
-5
-3
-1
-1
-1
3
0
-3
-1
4
7
9
8
10
8
5
6
8
5
5
8
10
14
17
19
18
14
10
10
12
13
14
19
18
15
15
15
12
16
24
26
26
24
24
19
15
17
19
17
16
19
17
15
14
12
12
12
13
15
15
17
16
12
6
5
9
8
4
-1
-3
-1
2
4
3
-1
-3
-1
-1
-3
-6
-7
-2
-2
-4
-4
-7
-5
-1
0
0
-3
-2
-1
4
8
7
4
1
1
2
2
0
3
4
6
5
7
9
6
6
8
10
10
11
11
9
10
8
4
2
4
7
9
15
14
13
11
9
4
0
1
3
3
4
3
4
4
2
-1
-4
-7
-8
-8
-5
-2
1
-1
-8
-13
-18
-18
-20
-22
-24
-21
-18
-17
-15
-17
-17
-15
-13
-11
-9
-7
-5
-4
-2
-3
-4
-3
0
-3
1
1
0
5
6
8
9
8
11
12
12
9
4
4
5
8
10
12
8
5
8
12
14
14
14
12
9
12
17
15
15
16
17
18
18
18
19
17
20
20
16
12
11
11
8
6
4
3
-2
-4
-4
-7
-7
-6
-8
-9
-14
-14
-16
-15
-13
-17
-21
-25
-29
-34
-35
-35
-33
-34
-33
-31
-32
-32
-37
-39
-37
-41
-38
-39
-44
-46
-46
-48
-51
-54
-54
-53
-54
-58
-58
-55
-52
-51
-51
-50
-55
-58
-59
-57
-55
-52
-49
-52
-55
-54
-52
-49
-40
-37
-34
-32
-29
-27
-27
-23
-17
-11
-6
-2
-1
-1
5
13
19
23
28
32
39
42
43
45
43
45
49
54
60
67
71
75
78
78
83
87
95
99
106
110
112
115
122
124
122
123
125
131
134
139
138
135
134
130
125
119
109
100
94
86
78
66
52
36
19
6
-5
-20
-34
-53
-73
-90
-107
-129
-148
-165
-182
-196
-213
-229
-244
-262
-273
-283
-289
-296
-305
-309
-311
-311
-312
-316
-321
-320
-319
-312
-302
-292
-276
-262
-251
-238
-226
-212
-197
-179
-164
-150
-132
-113
-93
-72
-50
-29
-7
14
38
64
89
115
143
172
200
221
245
266
290
317
345
373
397
421
447
474
499
524
545
569
589
613
634
647
660
671
681
686
691
693
687
683
684
680
672
660
645
628
610
588
562
533
498
464
424
379
327
276
223
171
118
66
13
-39
-91
-146
-202
-262
-325
-380
-435
-487
-538
-590
-637
-680
-717
-753
-787
-818
-844
-866
-879
-887
-889
-887
-881
-871
-852
-830
-807
-773
-735
-699
-657
-613
-566
-519
-469
-415
-358
-309
-262
-212
-164
-114
-66
-17
26
64
106
145
178
203
233
257
277
294
307
319
324
326
328
323
314
309
311
311
311
313
309
306
304
308
311
311
311
316
319
320
326
339
354
366
382
404
422
441
468
498
526
557
587
612
633
652
673
694
717
741
761
775
786
796
800
807
806
803
798
783
765
740
712
677
635
588
532
472
410
340
267
194
124
50
-30
-114
-202
-293
-384
-467
-552
-634
-720
-801
-878
-950
-1016
-1076
-1132
-1182
-1224
-1256
-1278
-1293
-1300
-1300
-1288
-1269
-1244
-1210
-1171
-1127
-1078
-1022
-960
-893
-822
-751
-677
-600
-521
-439
-360
-280
-202
-129
-61
5
71
130
185
234
275
311
342
371
389
399
403
402
399
394
388
378
360
337
318
296
274
251
226
201
179
155
132
106
82
68
57
51
45
36
31
29
35
45
56
75
92
110
131
152
173
195
223
255
291
322
354
392
425
457
492
522
550
584
618
648
675
698
717
728
741
748
746
736
719
694
661
623
579
523
459
391
319
241
159
69
-21
-117
-222
-320
-417
-515
-615
-715
-810
-904
-994
-1080
-1159
-1237
-1304
-1360
-1409
-1443
-1463
-1464
-1452
-1434
-1406
-1373
-1333
-1283
-1226
-1159
-1089
-1015
-934
-851
-768
-684
-598
-512
-424
-336
-253
-173
-99
-24
50
114
170
217
256
288
317
340
359
369
374
381
385
386
387
386
380
368
359
354
352
351
350
345
338
332
329
331
333
338
342
347
353
370
380
392
412
428
434
444
450
459
461
467
473
474
479
478
484
492
497
496
504
516
524
539
551
556
559
562
574
584
596
603
607
617
625
635
644
648
639
622
599
565
527
477
418
355
287
216
136
49
-44
-143
-242
-335
-429
-530
-637
-740
-838
-936
-1028
-1116
-1200
-1276
-1340
-1396
-1435
-1460
-1469
-1460
-1438
-1403
-1361
-1304
-1230
-1156
-1074
-974
-875
-772
-668
-563
-454
-350
-245
-135
-29
73
169
255
334
400
467
522
567
606
632
649
649
644
636
629
623
617
606
592
577
563
554
544
534
526
515
505
503
504
508
510
520
532
542
558
576
587
602
619
631
640
645
643
632
613
592
570
545
516
488
461
425
392
363
337
308
273
244
211
180
155
135
120
106
100
95
98
108
115
131
152
174
198
224
250
269
286
299
307
312
309
289
259
216
166
107
42
-22
-95
-180
-271
-368
-471
-572
-673
-775
-875
-976
-1074
-1161
-1239
-1315
-1388
-1444
-1487
-1516
-1527
-1525
-1511
-1486
-1448
-1395
-1329
-1255
-1169
-1074
-972
-859
-744
-631
-515
-397
-278
-161
-44
68
169
259
346
427
497
558
609
653
690
721
741
749
754
752
751
747
743
730
715
700
682
667
653
640
629
617
603
587
576
571
563
557
558
558
556
552
543
531
517
500
479
455
428
401
363
315
269
220
176
126
79
35
-17
-67
-117
-164
-203
-237
-261
-285
-306
-322
-327
-326
-317
-298
-276
-251
-227
-195
-156
-120
-82
-39
5
42
79
116
146
172
191
205
208
195
163
116
60
-4
-73
-148
-234
-324
-421
-516
-615
-711
-799
-885
-972
-1058
-1134
-1205
-1264
-1312
-1357
-1392
-1413
-1419
-1407
-1382
-1341
-1286
-1223
-1144
-1050
-946
-833
-712
-590
-465
-339
-213
-95
17
129
238
339
434
520
598
677
746
808
865
908
942
970
989
993
990
981
963
939
913
874
834
801
768
749
731
710
683
651
621
595
569
543
513
485
460
429
395
364
336
310
277
243
215
184
147
105
55
10
-32
-73
-111
-152
-193
-231
-274
-310
-340
-364
-379
-390
-392
-392
-380
-370
-360
-344
-322
-289
-265
-233
-200
-178
-146
-113
-69
-26
15
56
89
122
147
170
188
197
197
188
173
145
98
45
-19
-77
-140
-208
-277
-354
-428
-505
-570
-628
-680
-731
-776
-819
-859
-888
-908
-913
-919
-915
-895
-871
-836
-806
-762
-708
-641
-558
-462
-356
-246
-133
-29
79
181
276
370
455
541
611
671
729
777
822
859
891
924
952
976
997
1010
1020
1017
1002
988
969
953
927
894
863
826
796
766
733
703
673
648
625
598
573
539
504
478
445
415
381
327
270
206
143
79
16
-45
-108
-172
-228
-286
-347
-408
-466
-511
-566
-618
-673
-725
-771
-822
-860
-886
-905
-912
-915
-898
-869
-830
-773
-709
-645
-581
-510
-437
-360
-289
-211
-134
-60
13
84
154
219
282
349
408
461
515
559
595
625
644
648
628
597
560
507
458
399
340
267
193
129
73
25
-23
-60
-101
-134
-158
-180
-198
-225
-251
-272
-292
-301
-305
-304
-290
-268
-224
-169
-112
-49
17
80
140
189
239
281
325
361
387
414
423
429
432
437
435
436
430
424
412
389
373
357
339
316
283
245
202
149
107
67
42
8
-31
-58
-95
-115
-127
-132
-130
-141
-152
-170
-191
-202
-208
-216
-231
-252
-277
-301
-318
-335
-351
-361
-384
-402
-430
-457
-484
-515
-542
-560
-571
-589
-602
-619
-636
-642
-655
-656
-652
-659
-650
-652
-636
-614
-584
-524
-470
-404
-331
-262
-188
-113
-39
36
84
137
175
217
270
300
334
367
415
468
532
588
633
664
668
654
631
607
567
512
445
370
307
259
217
191
184
176
171
156
147
137
126
105
71
32
-21
-64
-110
-147
-168
-175
-168
-147
-106
-59
5
76
137
198
243
268
276
267
249
229
200
157
121
81
67
74
76
77
86
87
86
91
88
72
41
-13
-80
-152
-224
-277
-324
-375
-410
-442
-456
-452
-431
-398
-387
-371
-375
-386
-394
-416
-428
-431
-444
-453
-461
-484
-497
-505
-501
-497
-500
-491
-483
-498
-495
-505
-502
-503
-509
-488
-490
-481
-476
-472
-449
-441
-410
-393
-382
-350
-324
-288
-254
-209
-144
-66
14
97
185
253
324
377
432
496
558
618
650
675
689
706
727
755
798
836
871
899
927
930
919
901
870
843
789
726
665
594
523
467
422
381
361
348
332
322
302
276
245
202
157
108
68
28
-7
-42
-75
-91
-83
-72
-22
34
87
139
168
195
196
189
168
141
105
75
42
-4
-49
-73
-91
-101
-97
-93
-64
-46
-42
-39
-71
-88
-127
-158
-212
-276
-324
-384
-413
-430
-423
-392
-370
-357
-312
-284
-245
-218
-176
-174
-170
-195
-206
-227
-265
-265
-303
-294
-337
-322
-327
-322
-304
-297
-288
-302
-305
-327
-322
-369
-349
-399
-418
-438
-447
-443
-442
-416
-394
-367
-336
-307
-252
-195
-158
-75
-12
45
107
164
229
303
364
445
508
582
645
704
767
809
865
909
934
974
1008
1035
1045
1059
1057
1044
1004
970
929
875
835
786
738
677
604
548
496
454
412
371
336
281
228
179
122
86
42
-4
-49
-114
-159
-200
-219
-233
-231
-220
-212
-195
-181
-180
-185
-189
-211
-230
-282
-336
-392
-444
-475
-511
-551
-580
-605
-601
-583
-560
-529
-510
-483
-481
-463
-478
-479
-494
-533
-540
-540
-542
-529
-520
-508
-468
-438
-358
-327
-239
-221
-197
-181
-209
-172
-209
-197
-267
-264
-310
-310
-330
-329
-318
-314
-289
-300
-245
-276
-232
-255
-251
-283
-288
-276
-287
-269
-271
-266
-244
-212
-146
-91
-14
65
131
202
280
350
396
436
467
530
556
610
628
651
661
668
709
738
777
804
823
845
861
874
878
849
828
777
722
632
550
458
384
320
249
173
97
52
5
3
-32
-38
-58
-79
-100
-128
-144
-206
-258
-310
-352
-410
-438
-460
-495
-506
-517
-488
-459
-424
-392
-349
-329
-323
-308
-339
-341
-388
-401
-433
-499
-539
-615
-637
-651
-626
-584
-569
-563
-562
-561
-556
-509
-450
-414
-416
-433
-440
-474
-496
-474
-381
-268
-154
-51
-17
13
18
65
115
183
236
241
220
171
133
163
138
120
87
45
14
-16
-53
-74
-119
-104
-75
-72
-95
-125
-185
-249
-238
-198
-147
-121
-59
-44
-4
58
98
154
214
240
327
427
532
617
687
755
772
833
874
911
909
895
912
909
921
922
918
884
845
825
807
767
704
602
493
376
280
189
53
-142
-370
-582
-747
-798
-798
-779
-772
-771
-805
-829
-772
-720
-701
-682
-679
-703
-658
-603
-549
-491
-431
-319
-210
-87
67
161
256
360
414
458
456
433
378
286
217
127
68
27
-38
-82
-105
-103
-70
-34
0
13
-28
0
-4
-5
-27
-59
-46
-50
-18
29
35
96
170
246
333
400
494
481
418
359
318
280
240
180
100
-48
-156
-164
-206
-180
-194
-226
-196
-208
-221
-180
-215
-182
-235
-239
-208
-258
-211
-203
-188
-132
-58
43
161
231
366
513
581
697
767
833
900
929
989
1007
1009
1038
1023
1056
1094
1090
1123
1126
1127
1113
1083
1009
851
621
413
102
-224
-466
-780
-1122
-1419
-1650
-1785
-1878
-1915
-1959
-1977
-1995
-1966
-1869
-1750
-1687
-1651
-1570
-1525
-1441
-1261
-1086
-888
-664
-417
-105
217
547
854
1126
1300
1469
1604
1687
1660
1570
1402
1180
998
820
638
455
256
129
21
-95
-93
-98
-63
-57
-50
-28
-121
-200
-249
-331
-332
-360
-364
-360
-355
-235
-85
53
184
314
444
537
565
628
608
509
391
226
90
-33
-128
-142
-211
-248
-272
-279
-175
-158
-108
-83
-103
-115
-149
-174
-144
-167
-131
-94
-79
40
76
164
254
336
518
683
810
922
973
1056
984
1006
1128
1183
1265
1346
1379
1464
1556
1636
1621
1593
1569
1209
900
414
-127
-505
-999
-1534
-2021
-2439
-2786
-3127
-3230
-3388
-3554
-3525
-3604
-3510
-3382
-3315
-3295
-3266
-3189
-3015
-2809
-2480
-2129
-1762
-1281
-792
-255
313
898
1422
1882
2289
2577
2668
2683
2554
2302
2033
1745
1340
959
615
236
40
-43
-74
-79
32
95
83
220
203
128
130
14
-48
-129
-221
-213
-189
-82
48
267
556
762
978
1150
1216
1279
1247
1209
1087
903
785
511
264
48
-152
-244
-345
-317
-197
-52
116
217
329
443
462
508
512
485
407
379
297
222
210
201
240
293
445
539
653
705
773
925
997
1062
1197
1189
1238
1319
1290
1441
1515
1564
1756
1690
1767
1405
871
301
-564
-902
-1394
-2051
-2591
-3191
-3568
-3772
-3837
-3633
-3796
-3751
-3768
-3815
-3479
-3486
-3502
-3434
-3468
-3299
-3042
-2723
-2289
-1898
-1257
-649
91
924
1581
2125
2510
2842
3121
3228
3142
2792
2361
1909
1423
966
607
282
-12
-135
-156
-34
169
437
540
536
547
545
387
293
134
-113
-286
-384
-338
-156
136
355
626
995
1273
1505
1670
1582
1514
1344
1170
1005
695
441
143
-125
-254
-279
-75
83
229
491
648
888
1058
1127
1237
1189
1190
1212
1110
1093
1024
900
806
693
775
829
870
961
812
792
746
670
816
792
700
838
876
1015
1190
1332
1569
1669
1897
2054
2131
2238
1583
757
-72
-1215
-1664
-2174
-2870
-3592
-4153
-4262
-4286
-3934
-3444
-3585
-3475
-3508
-3543
-3179
-3249
-3399
-3579
-3718
-3545
-3240
-2747
-2240
-1837
-1118
-382
519
1509
2227
2660
2809
2868
2923
2755
2479
1918
1211
623
61
-229
-356
-428
-441
-316
-173
150
511
813
1086
1150
1189
1058
872
684
420
92
-180
-484
-596
-425
-176
191
567
868
1172
1408
1584
1658
1491
1223
849
473
71
-255
-529
-684
-731
-538
-166
153
548
967
1312
1656
1923
2082
2141
2073
1875
1469
1212
901
645
528
362
209
159
235
326
465
621
595
572
531
474
599
526
581
553
515
698
824
1057
1445
1444
1682
1737
1681
1751
708
-109
-1270
-2492
-2796
-3329
-3940
-4442
-5017
-5073
-5013
-4505
-3949
-4018
-3718
-3854
-3742
-3415
-3542
-3525
-3493
-3470
-3127
-2707
-2029
-1366
-753
77
717
1507
2305
2906
3225
3210
3020
2659
2131
1577
918
234
-329
-806
-1043
-936
-781
-513
-61
308
711
1097
1355
1424
1215
1000
624
171
-25
-290
-449
-554
-618
-362
-11
432
896
1198
1482
1556
1559
1460
1235
965
653
415
197
47
53
78
135
292
613
939
1167
1483
1613
1774
1933
1964
2001
1862
1663
1391
1070
953
730
598
486
297
332
493
781
938
1052
1130
997
1086
1079
1047
1154
1147
1449
1669
1854
2141
2264
2522
2834
2653
2736
1816
74
-1183
-3148
-4098
-4605
-5362
-5871
-6435
-6421
-6015
-5444
-4269
-4089
-3959
-3867
-4227
-3771
-3833
-4056
-4284
-4534
-4103
-3353
-2463
-1284
-648
1
700
1363
2295
2772
2875
2450
1884
1500
1142
974
766
183
-173
-317
-379
20
195
267
367
319
666
946
1129
1360
1109
1222
1194
947
1039
773
460
298
-38
-80
-81
99
314
379
815
1104
1395
1713
1753
1705
1614
1408
1149
843
596
293
95
208
341
650
1070
1430
1750
2050
2227
2252
2256
2144
1770
1441
965
613
446
255
371
309
366
491
573
746
861
717
573
458
417
507
804
1126
1409
1860
2262
2686
3063
3389
3408
3106
2967
2424
1884
1259
-739
-2260
-3841
-5102
-5166
-5304
-5474
-5735
-5619
-5337
-5073
-3980
-3694
-4055
-3915
-4519
-4325
-4042
-4224
-3997
-3933
-3412
-2592
-1826
-808
-283
32
350
389
813
1130
1220
1037
706
830
791
819
916
659
620
441
334
372
323
198
187
111
201
618
888
1510
1763
1900
2261
1954
1748
1541
700
112
-623
-1048
-963
-807
-153
442
987
1602
2093
2428
2584
2321
1819
1256
766
334
169
153
352
840
1383
2161
2658
2912
3053
2853
2436
2191
1800
1306
998
702
666
708
1027
1296
1399
1589
1247
1044
836
366
344
-12
-323
-113
-38
726
1280
2065
2980
3446
4104
4157
3989
3555
2951
2285
1725
1023
503
-1016
-2763
-4007
-5520
-5605
-5321
-5598
-5841
-6065
-6030
-5762
-5264
-4392
-4859
-4952
-4896
-5141
-4275
-3977
-4113
-3781
-3616
-2881
-1958
-1228
-497
-677
-415
-398
-516
254
315
275
311
195
638
953
1200
1360
1021
847
534
270
403
307
91
182
471
880
1397
2144
2459
2363
2649
2261
1527
1230
490
-371
-895
-1228
-1279
-956
-272
261
908
1521
1762
1822
1811
1573
1205
929
688
533
678
1094
1524
2070
2597
2799
2928
2849
2454
2069
1456
830
377
193
418
745
1083
1498
1511
1595
1802
1392
1157
611
-58
-297
-630
-465
-242
117
932
1350
2335
3061
3620
4360
4315
4270
3851
3185
2733
2127
1556
1351
-47
-2049
-3427
-5311
-5817
-5743
-6017
-6324
-6681
-6246
-5788
-5183
-4107
-4375
-4661
-4791
-5307
-4594
-4038
-3958
-3770
-3593
-3024
-2331
-1535
-808
-930
-1044
-1168
-1335
-914
-551
-277
-271
-191
488
911
1422
1679
1263
980
577
17
25
100
35
315
787
1490
1922
2580
2635
2327
2362
1823
1274
830
42
-624
-980
-1229
-1132
-609
-79
186
821
1324
1620
1704
1763
1641
1501
1682
1670
1787
1917
2168
2434
2676
2941
2975
2911
2639
2252
1948
1481
1203
883
741
922
1035
1358
1781
1816
1922
1821
1545
1330
1008
832
420
69
129
-26
141
890
1200
1806
2499
3005
3439
3775
3944
3594
3140
2648
1777
1123
789
-1090
-3121
-4426
-6270
-6451
-5558
-5501
-5798
-5532
-5203
-4999
-4092
-3261
-4037
-4670
-5250
-5837
-5067
-4287
-3837
-3153
-2650
-2157
-1628
-1094
-747
-1405
-1953
-2395
-2776
-2151
-1378
-759
-367
93
915
1308
1559
1569
1113
604
51
-264
46
358
817
1527
2089
2705
3002
3071
2926
2246
1663
1209
513
315
48
-98
28
-85
213
619
599
882
1138
1206
1538
1453
1477
1675
1757
2114
2456
2465
2341
2241
2195
2198
2236
2580
2586
2357
2311
1999
1673
1383
1124
936
989
1174
1399
1925
2132
2199
2236
2192
2105
2017
1846
1394
1014
919
747
917
1331
1388
1607
2052
2434
2726
3150
3149
2765
2563
2590
1906
1543
128
-2897
-4700
-6300
-6856
-5889
-5258
-5379
-5342
-4851
-4687
-4269
-3467
-4283
-5313
-6090
-6815
-6183
-5312
-4603
-3798
-3331
-3022
-2500
-2142
-1999
-2464
-3179
-3526
-3485
-2634
-1519
-569
-45
448
977
1331
1537
1379
1072
480
-100
-117
294
888
1447
1846
1936
1995
2205
2180
2242
1852
1247
910
676
862
927
756
522
-51
-233
-42
90
296
497
687
881
1216
1486
1754
1811
1748
1816
1961
2170
2353
2467
2470
2395
2547
3053
3059
2888
2818
2295
1779
1503
1236
1123
1190
1341
1446
1924
2205
2208
2253
1947
1879
1544
1276
1273
707
775
927
756
933
1042
1309
1542
1854
2486
2489
2603
2613
2495
2449
1838
1331
-1251
-3692
-5239
-6995
-6214
-4936
-4807
-4347
-3797
-3696
-3594
-2826
-2921
-4505
-5401
-6542
-7076
-6015
-5391
-4942
-4086
-3675
-3278
-2677
-2455
-2769
-3511
-3993
-4055
-3313
-1923
-841
-195
126
487
720
689
735
453
-82
-483
-536
-35
739
1558
1695
2016
2030
1413
1352
1117
884
995
1315
1661
1777
1977
1705
1126
785
169
-96
-187
-311
246
718
868
1307
1577
1582
1644
1580
1553
1562
1560
1755
2092
2568
2948
3099
3279
3055
2619
2428
2059
1629
1412
1419
1486
1749
2228
2550
2698
2722
2587
2373
2241
1963
1901
1721
1594
1429
1285
1436
1303
1187
1261
905
959
1454
1854
2535
2987
3031
3166
2837
2272
1192
-1640
-4112
-6093
-7199
-6512
-5280
-4377
-3732
-3268
-3121
-3436
-2939
-3216
-4772
-5645
-6642
-6848
-5767
-5027
-4327
-3558
-3599
-3462
-3132
-2977
-3088
-3425
-3678
-3279
-2076
-739
273
746
753
446
181
-161
-293
-272
-372
-386
3
828
1707
2181
2211
1742
1003
348
240
560
1260
1919
2406
2815
2858
2761
2119
1264
361
-604
-748
-582
-159
751
1066
1322
1658
1526
1555
1395
1088
1145
1356
1706
2286
2866
3267
3290
3180
3179
2877
2446
2123
1899
1701
1850
2137
2418
2751
2979
2736
2511
2389
1861
1839
1996
2127
2337
2452
2244
2206
1806
1682
1516
779
915
1355
1335
2148
2853
2843
3164
3398
3109
2584
1791
-1021
-3698
-5378
-6883
-6554
-5000
-4564
-3902
-3159
-3645
-3952
-3437
-3608
-4556
-5032
-5762
-5981
-5325
-5088
-4893
-4254
-4386
-4423
-4138
-4044
-3894
-4010
-3845
-2983
-1865
-518
348
303
147
-47
-612
-972
-917
-855
-670
-599
-242
443
923
1288
1213
1110
736
165
292
494
826
1623
1909
2126
2526
2463
2153
1678
1201
582
407
620
695
1218
1651
1416
1343
1311
1068
1001
1117
1358
1821
2359
2826
3244
3516
3597
3476
3277
3126
2774
2538
2706
2659
2606
2653
2513
2436
2481
2416
2386
2204
1831
1795
1897
2074
2647
2685
2245
2045
1365
1157
1139
445
387
642
674
1251
2084
2090
1934
2155
1873
1591
1910
203
-2535
-4259
-6237
-6759
-5653
-5003
-4820
-4260
-4220
-4888
-4611
-3892
-4788
-5277
-5399
-5961
-5395
-4780
-4955
-4654
-4593
-5134
-4994
-4539
-4408
-4406
-4062
-3524
-2549
-1081
8
324
383
232
-115
-414
-345
-186
-212
-103
-264
-169
445
572
629
802
292
-73
-119
90
569
1039
1421
1600
1700
1804
1618
1441
1303
943
1053
1104
1067
1275
1340
1006
614
426
310
194
354
779
1288
1838
2372
2792
2814
2869
2855
3002
3362
3328
3265
3451
3429
3269
3076
2862
2440
2112
2252
2182
2362
2595
2459
2440
2536
2572
2656
2483
2231
1871
1745
1801
1471
1517
1651
1318
1576
2012
1860
1923
1752
1470
1280
1374
506
-1556
-2996
-4478
-5477
-4880
-4423
-4432
-4028
-4221
-4739
-4674
-4236
-4611
-5056
-5043
-5415
-5231
-4723
-4987
-4711
-4329
-4805
-4719
-4511
-4660
-4667
-4713
-4196
-3154
-2024
-804
-310
32
294
-118
-93
148
45
133
35
-377
-550
-539
-698
-547
69
370
475
750
743
728
828
904
1131
1395
1543
1604
1717
1789
1762
1692
1587
1511
1443
1283
1180
1056
1002
1087
936
842
975
1094
1260
1421
1731
2124
2498
3103
3859
4556
5030
5071
5018
4851
4213
3579
3193
2837
2909
3204
3517
3746
3835
3443
2878
2442
1876
1516
1529
1627
2039
2358
2584
2676
2247
2200
1926
1355
1470
1600
1277
1221
1001
950
99
-1426
-2836
-4371
-5034
-4962
-4981
-4614
-4131
-4065
-4366
-4641
-4541
-5059
-5455
-5420
-5311
-4821
-4552
-4679
-4503
-4295
-4263
-4093
-3930
-4013
-4388
-4730
-4377
-3651
-2898
-2129
-1668
-1159
-821
-650
-197
130
470
635
506
581
319
83
-275
-658
-599
-516
36
579
720
1047
937
605
895
890
931
1355
1481
1656
2089
2401
2568
2534
2368
2161
1874
1991
1891
1614
1523
1252
1103
1096
1122
1145
1104
1178
1570
2010
2876
3749
4289
4894
5009
4935
4931
4507
4202
3790
3527
3780
3862
4194
4387
4112
3581
2772
2057
1561
1259
1434
1555
1889
2438
2575
2612
2548
2245
2033
1923
1838
1525
1450
1102
-551
-1987
-3163
-4262
-4157
-3922
-4363
-4646
-5050
-5514
-5869
-5475
-4919
-5314
-5232
-4929
-5049
-4784
-4818
-5307
-5432
-5608
-5572
-5065
-4578
-4308
-4103
-3796
-3214
-2657
-2527
-2638
-2932
-3100
-2871
-2393
-1596
-1077
-707
-307
-449
-314
-218
-541
-539
-626
-411
140
497
715
713
709
441
109
88
-114
-13
420
665
1349
2016
2344
2629
2743
2719
2654
2600
2612
2560
2705
2791
2609
2395
2003
1547
1212
1009
883
920
1029
1507
2157
2948
3927
4571
4923
4867
4750
4581
4298
4389
4333
4275
4410
4335
4338
4154
3460
2710
2051
1656
1629
1772
2057
2314
2411
2226
2024
1704
1545
1369
1359
1495
1459
1126
-204
-1791
-2936
-3599
-3677
-3663
-3975
-4462
-5173
-6071
-6555
-6160
-5971
-5935
-5636
-5328
-4925
-4703
-4756
-4867
-5017
-5173
-5238
-4936
-4651
-4507
-4250
-3740
-2831
-2043
-1766
-1909
-2295
-2718
-2854
-2822
-2481
-1898
-1400
-1156
-973
-636
-536
-679
-605
-456
-107
577
913
1113
1331
1113
605
374
77
-502
-684
-647
-442
278
1014
1653
2317
2610
2688
2728
2726
2697
2695
2699
2757
2870
2813
2657
2403
2069
1696
1325
1085
1049
1243
1607
2162
2851
3494
3993
4361
4721
4885
4925
5177
5266
5269
5492
5250
4961
4691
3945
3514
3231
2954
2805
2738
2722
2572
2268
2175
1678
1548
1798
1792
2012
1893
1173
-263
-1526
-2591
-3011
-2507
-2202
-2409
-2662
-3358
-4534
-5376
-5911
-6391
-6721
-6650
-6321
-5672
-5015
-4924
-4869
-4700
-4900
-4836
-4782
-4834
-4588
-4501
-4179
-3358
-2650
-2283
-2302
-2394
-2465
-2481
-2440
-2503
-2332
-2379
-2326
-2069
-1701
-1263
-1139
-1101
-1022
-878
-454
128
807
1391
1610
1692
1488
1053
523
-68
-557
-726
-499
-1
801
1487
1922
2331
2560
2655
2645
2741
2832
2978
3198
3281
3365
3168
2803
2368
1788
1419
1268
1297
1554
2011
2560
2998
3266
3559
3985
4113
4315
4512
4751
5170
5282
5484
5544
5297
5016
4661
4338
4189
3967
3705
3423
3100
2679
2268
1878
1564
1495
1480
1345
1296
777
-389
-1575
-2593
-2725
-2361
-2128
-2011
-2117
-2655
-3547
-4262
-4675
-4974
-5253
-5483
-5478
-5369
-5517
-5619
-5673
-5540
-5367
-5190
-4910
-4804
-4614
-4447
-4047
-3252
-2724
-2520
-2523
-2652
-2727
-2691
-2655
-2616
-2398
-2205
-2121
-1775
-1564
-1622
-1693
-1903
-1853
-1518
-1102
-685
-279
261
779
1068
1294
1124
693
391
118
161
410
691
996
1135
1297
1534
1589
1677
1804
1977
2244
2603
3185
3490
3439
3306
3033
2789
2456
2129
1867
1592
1615
1681
1942
2454
2818
3068
3353
3506
3585
3732
3901
4186
4453
4707
4833
4624
4308
4068
3709
3537
3503
3418
3514
3419
3013
2477
1790
1150
694
403
201
38
-53
-250
-586
-1089
-1583
-1824
-1838
-1705
-1675
-1856
-2005
-2312
-2576
-2702
-2942
-3159
-3650
-4273
-4714
-4891
-4921
-4929
-4847
-4782
-4809
-4805
-4860
-4900
-4881
-4717
-4220
-3644
-3071
-2670
-2613
-2683
-2796
-2848
-2714
-2631
-2574
-2348
-2046
-1688
-1291
-1078
-1038
-1103
-1197
-1054
-745
-421
-134
88
175
68
-41
-133
-196
-268
-269
-164
111
423
593
714
682
625
657
752
872
1006
1322
1561
1639
1873
2020
2027
2013
1945
1952
1861
1696
1696
1687
1707
1880
2029
2387
2726
2983
3329
3408
3597
3846
3990
4210
4264
4133
3943
3641
3532
3559
3620
3675
3693
3799
3593
3238
2851
2375
1958
1477
1142
976
898
837
795
807
815
835
773
789
711
610
584
497
477
295
-15
-461
-1080
-1672
-2165
-2533
-2846
-3159
-3600
-4108
-4550
-4943
-5244
-5491
-5614
-5683
-5757
-5843
-5974
-5945
-5897
-5817
-5683
-5574
-5407
-5240
-4945
-4671
-4277
-3748
-3405
-2948
-2602
-2337
-2007
-1776
-1467
-1220
-968
-767
-672
-545
-400
-218
18
272
514
775
1055
1331
1460
1540
1641
1678
1720
1766
1817
1990
2167
2318
2491
2589
2667
2661
2629
2645
2644
2730
2863
2992
3163
3293
3338
3321
3223
3144
3129
3203
3448
3713
3922
4108
4203
4242
4176
4021
3834
3691
3515
3348
3315
3147
2940
2805
2550
2335
2067
1745
1426
1031
825
499
288
208
13
-15
-95
-128
-99
-131
32
194
264
270
90
-208
-627
-1119
-1521
-1836
-2234
-2634
-3050
-3507
-3951
-4416
-4783
-5080
-5327
-5487
-5574
-5590
-5622
-5671
-5691
-5731
-5718
-5611
-5519
-5345
-5117
-4876
-4524
-4109
-3715
-3412
-3090
-2793
-2442
-1947
-1522
-1100
-678
-482
-336
-175
-111
9
133
333
632
924
1261
1537
1745
1954
2048
2147
2250
2271
2295
2368
2492
2634
2751
2843
2908
2912
2889
2821
2783
2727
2715
2796
2799
2863
3004
2995
2913
2770
2575
2414
2340
2401
2537
2697
2813
2918
2969
2976
2957
2951
2998
2997
2975
2855
2698
2622
2483
2420
2378
2220
2051
1823
1633
1446
1285
1093
841
652
437
230
68
19
40
182
358
372
277
60
-280
-672
-1034
-1337
-1688
-2083
-2531
-3053
-3579
-4094
-4534
-4934
-5233
-5416
-5566
-5650
-5669
-5737
-5685
-5532
-5502
-5391
-5272
-5244
-5121
-4901
-4608
-4181
-3869
-3676
-3552
-3465
-3236
-3007
-2653
-2208
-1872
-1486
-1150
-790
-523
-383
-252
-193
-123
-27
128
317
526
739
1083
1431
1672
1841
1871
1964
2079
2178
2337
2420
2570
2711
2816
2994
3080
3157
3224
3230
3284
3317
3365
3458
3408
3263
3196
3054
2961
2897
2714
2705
2635
2577
2639
2613
2715
2807
2866
3044
3086
3087
3025
2856
2742
2610
2503
2464
2340
2244
2142
2026
1966
1784
1608
1445
1161
912
727
538
451
386
402
450
359
249
-24
-468
-815
-1155
-1426
-1613
-1979
-2374
-2848
-3347
-3774
-4275
-4662
-5109
-5522
-5726
-5907
-5966
-5991
-5986
-5897
-5827
-5639
-5415
-5253
-5071
-4878
-4667
-4434
-4190
-4038
-3903
-3811
-3775
-3526
-3283
-3108
-2783
-2512
-2178
-1755
-1346
-811
-477
-216
33
145
416
517
606
845
952
1249
1553
1860
2193
2294
2546
2668
2711
2889
2827
2869
2905
2926
3075
3056
3175
3291
3341
3430
3376
3351
3228
2998
2945
2765
2653
2706
2636
2691
2631
2489
2449
2365
2363
2401
2546
2692
2850
3055
3132
3254
3258
3201
3217
3073
2988
2944
2814
2836
2784
2657
2494
2203
1847
1494
1183
926
779
704
748
759
697
577
263
-74
-388
-778
-974
-1255
-1680
-2059
-2508
-2908
-3301
-3727
-4081
-4462
-4850
-5107
-5348
-5470
-5534
-5615
-5487
-5409
-5337
-5128
-5083
-4896
-4717
-4642
-4408
-4347
-4248
-4070
-3970
-3752
-3604
-3435
-3297
-3232
-3025
-2805
-2430
-1935
-1453
-988
-603
-235
89
335
497
641
781
895
1064
1297
1533
1767
2035
2298
2576
2748
2859
2976
2950
2969
2979
2971
3070
3039
3059
3125
3036
3008
2908
2769
2716
2634
2622
2645
2661
2713
2705
2713
2725
2657
2649
2575
2504
2581
2660
2786
2976
3112
3266
3413
3471
3548
3544
3469
3459
3374
3354
3358
3217
3097
2819
2485
2185
1740
1376
1044
711
540
341
110
-117
-478
-807
-1064
-1301
-1428
-1662
-1908
-2194
-2574
-2878
-3276
-3663
-4074
-4506
-4819
-5115
-5358
-5550
-5707
-5730
-5689
-5510
-5223
-5000
-4785
-4646
-4531
-4403
-4274
-4153
-4063
-3956
-3846
-3698
-3491
-3303
-3164
-3024
-2873
-2661
-2392
-2053
-1687
-1368
-995
-635
-362
-95
110
256
398
540
720
901
1094
1289
1463
1703
1973
2214
2440
2606
2704
2767
2810
2839
2883
2913
2920
2909
2899
2831
2700
2591
2527
2497
2523
2640
2750
2793
2866
2875
2886
2907
2822
2809
2744
2713
2754
2732
2758
2807
2869
2990
3061
3153
3231
3226
3272
3300
3276
3252
3154
2964
2702
2410
2123
1813
1480
1111
734
444
191
-56
-347
-707
-1071
-1395
-1640
-1813
-1947
-2153
-2380
-2658
-3017
-3312
-3663
-4001
-4308
-4657
-4912
-5166
-5382
-5533
-5654
-5698
-5655
-5532
-5320
-5090
-4880
-4665
-4489
-4262
-4015
-3857
-3716
-3603
-3493
-3317
-3148
-2948
-2722
-2571
-2379
-2167
-1948
-1700
-1492
-1213
-946
-748
-505
-316
-175
16
166
365
611
783
1048
1247
1428
1663
1781
1965
2131
2219
2429
2544
2644
2788
2767
2810
2797
2764
2815
2783
2836
2894
2958
3083
3103
3130
3163
3152
3169
3170
3161
3146
3143
3174
3171
3190
3157
3115
3062
2983
2963
2958
2983
3040
3082
3062
3005
2935
2834
2745
2623
2454
2258
1998
1715
1448
1144
887
684
476
267
-18
-311
-615
-946
-1190
-1406
-1543
-1771
-2011
-2252
-2601
-2848
-3089
-3309
-3487
-3741
-3976
-4230
-4514
-4705
-4903
-4987
-5028
-5068
-4973
-4956
-4881
-4756
-4660
-4442
-4282
-4081
-3871
-3733
-3486
-3264
-3061
-2834
-2733
-2538
-2327
-2148
-1904
-1727
-1497
-1280
-1072
-851
-675
-509
-386
-259
-110
160
401
680
1002
1257
1541
1749
1934
2104
2146
2206
2264
2292
2387
2361
2400
2401
2331
2377
2329
2360
2411
2434
2581
2670
2794
2948
2964
3047
3022
2995
2992
2912
2929
2895
2919
3019
3107
3230
3268
3255
3276
3222
3245
3296
3320
3391
3399
3379
3298
3175
3048
2927
2765
2577
2363
2082
1798
1493
1211
967
739
553
343
75
-201
-540
-830
-1081
-1347
-1568
-1878
-2166
-2449
-2768
-2998
-3266
-3482
-3665
-3917
-4071
-4273
-4475
-4593
-4758
-4762
-4761
-4777
-4665
-4680
-4644
-4589
-4550
-4369
-4249
-4052
-3830
-3672
-3411
-3221
-3017
-2775
-2604
-2372
-2159
-1969
-1783
-1612
-1450
-1311
-1124
-926
-783
-619
-478
-353
-169
27
316
597
842
1119
1324
1523
1693
1804
1957
1986
2000
2112
2114
2200
2205
2180
2275
2244
2336
2482
2561
2701
2755
2824
2904
2880
2925
2942
2862
2851
2782
2746
2813
2833
2905
2948
2963
3022
3047
3122
3191
3197
3240
3214
3136
3111
3000
2878
2803
2660
2562
2387
2178
1983
1726
1545
1362
1136
926
698
447
248
18
-200
-398
-697
-1017
-1333
-1616
-1874
-2108
-2327
-2540
-2786
-3042
-3285
-3514
-3741
-3919
-4121
-4327
-4470
-4664
-4718
-4789
-4793
-4735
-4731
-4690
-4669
-4621
-4495
-4378
-4210
-3982
-3818
-3566
-3355
-3151
-2877
-2671
-2422
-2174
-2001
-1790
-1641
-1455
-1238
-1084
-884
-692
-536
-343
-176
-51
127
259
455
659
844
1054
1218
1337
1472
1597
1727
1879
1940
2041
2070
2085
2148
2145
2224
2270
2328
2431
2490
2576
2645
2660
2698
2681
2688
2714
2695
2718
2699
2733
2760
2798
2896
2952
3039
3125
3168
3225
3224
3191
3112
3018
2905
2769
2666
2502
2398
2259
2135
2015
1879
1758
1643
1476
1323
1126
936
723
454
274
43
-164
-414
-681
-953
-1282
-1564
-1803
-2051
-2221
-2474
-2686
-2941
-3239
-3447
-3707
-3921
-4112
-4319
-4453
-4624
-4757
-4802
-4910
-4916
-4928
-4878
-4775
-4728
-4555
-4406
-4279
-4059
-3877
-3642
-3412
-3244
-2979
-2754
-2539
-2260
-2042
-1817
-1621
-1456
-1221
-1015
-792
-515
-286
-98
129
306
502
670
806
1025
1173
1345
1585
1775
2002
2177
2330
2500
2553
2629
2688
2729
2809
2851
2929
2989
2997
3047
3020
2973
2990
2950
2951
2926
2899
2933
2899
2928
2919
2911
2941
2908
2975
3007
3025
3070
3025
3011
3000
2903
2817
2655
2523
2396
2232
2124
1971
1844
1723
1594
1509
1414
1275
1150
996
876
747
599
416
224
34
-169
-290
-468
-650
-887
-1195
-1420
-1662
-1842
-2022
-2258
-2449
-2764
-3030
-3274
-3556
-3752
-4005
-4192
-4336
-4505
-4632
-4788
-4899
-4938
-4936
-4795
-4655
-4504
-4309
-4194
-3998
-3829
-3625
-3384
-3227
-2972
-2732
-2466
-2159
-1950
-1713
-1515
-1360
-1105
-914
-663
-403
-190
77
263
444
616
757
907
1063
1216
1439
1628
1827
1999
2111
2264
2374
2458
2561
2619
2649
2684
2703
2751
2757
2731
2712
2662
2616
2597
2536
2564
2521
2501
2529
2476
2521
2507
2533
2607
2618
2671
2721
2708
2739
2718
2705
2706
2647
2643
2576
2483
2410
2280
2198
2124
2023
1973
1863
1764
1670
1514
1404
1283
1159
1063
903
743
541
324
149
-43
-190
-346
-574
-820
-1104
-1399
-1648
-1900
-2090
-2329
-2607
-2882
-3197
-3452
-3719
-3989
-4211
-4464
-4660
-4813
-4947
-5008
-5080
-5080
-5023
-4960
-4830
-4708
-4632
-4494
-4350
-4143
-3873
-3622
-3327
-3101
-2890
-2666
-2439
-2122
-1859
-1611
-1349
-1154
-916
-672
-436
-136
82
309
526
681
881
1024
1183
1379
1542
1768
1976
2123
2274
2353
2433
2508
2563
2617
2630
2636
2651
2641
2593
2560
2496
2439
2378
2315
2328
2331
2327
2326
2311
2323
2323
2346
2371
2365
2388
2423
2460
2474
2446
2406
2368
2312
2273
2207
2113
1997
1871
1791
1726
1669
1594
1497
1386
1311
1236
1190
1106
1020
935
813
741
632
543
421
228
60
-117
-309
-459
-676
-896
-1152
-1435
-1656
-1888
-2149
-2409
-2709
-2999
-3292
-3551
-3765
-4002
-4190
-4339
-4453
-4562
-4669
-4786
-4819
-4861
-4837
-4734
-4638
-4497
-4379
-4229
-3999
-3783
-3545
-3281
-3068
-2804
-2566
-2306
-2018
-1770
-1490
-1219
-989
-716
-486
-238
30
253
513
713
896
1078
1236
1415
1579
1730
1901
2022
2146
2256
2304
2390
2407
2468
2522
2535
2596
2569
2552
2541
2501
2546
2528
2527
2550
2497
2503
2486
2505
2550
2533
2555
2559
2542
2552
2505
2508
2521
2490
2489
2437
2383
2290
2152
2063
1978
1893
1844
1729
1611
1510
1401
1325
1255
1170
1089
979
868
803
720
664
571
481
409
302
185
45
-130
-294
-466
-609
-750
-953
-1141
-1372
-1607
-1827
-2080
-2333
-2613
-2895
-3126
-3369
-3572
-3805
-4039
-4228
-4448
-4569
-4671
-4757
-4816
-4878
-4877
-4837
-4781
-4642
-4528
-4387
-4191
-4001
-3729
-3485
-3222
-2920
-2650
-2342
-1993
-1676
-1331
-1043
-754
-428
-148
170
458
715
976
1221
1469
1716
1896
2093
2250
2386
2546
2656
2784
2847
2908
2989
3051
3111
3133
3121
3113
3078
3049
3042
3002
2978
2938
2903
2882
2858
2862
2828
2773
2713
2666
2630
2611
2587
2545
2467
2382
2306
2259
2203
2134
2053
1934
1841
1708
1612
1517
1396
1290
1166
1053
959
847
761
663
558
489
385
329
225
120
15
-108
-187
-260
-335
-426
-560
-682
-783
-915
-1011
-1159
-1317
-1487
-1688
-1834
-1981
-2150
-2316
-2556
-2767
-2973
-3173
-3307
-3489
-3645
-3794
-3946
-4032
-4111
-4174
-4189
-4260
-4240
-4186
-4115
-3978
-3875
-3740
-3593
-3449
-3206
-2961
-2700
-2423
-2192
-1902
-1633
-1371
-1071
-817
-549
-263
11
328
586
833
1066
1273
1507
1741
1958
2132
2266
2401
2514
2615
2721
2785
2865
2888
2903
2928
2926
2912
2900
2884
2877
2860
2830
2817
2744
2700
2644
2585
2545
2475
2413
2336
2253
2190
2109
2014
1941
1834
1772
1698
1588
1511
1385
1287
1199
1091
1026
910
800
737
623
586
531
451
409
300
252
218
150
139
80
12
-20
-115
-144
-212
-304
-343
-452
-530
-610
-743
-838
-995
-1156
-1256
-1438
-1575
-1765
-1963
-2115
-2333
-2501
-2669
-2894
-3057
-3263
-3435
-3554
-3721
-3805
-3913
-4012
-4043
-4090
-4079
-4046
-4022
-3929
-3857
-3747
-3580
-3427
-3209
-2995
-2778
-2497
-2266
-1993
-1705
-1444
-1131
-855
-557
-238
9
288
550
800
1084
1302
1551
1769
1940
2120
2257
2386
2520
2604
2706
2769
2787
2816
2786
2778
2775
2752
2747
2711
2659
2635
2560
2519
2473
2419
2388
2306
2248
2190
2117
2057
1992
1915
1858
1762
1703
1627
1532
1489
1404
1336
1262
1156
1083
983
887
835
741
674
585
481
414
317
256
201
122
78
7
-49
-81
-141
-146
-187
-235
-270
-339
-373
-417
-470
-514
-590
-658
-721
-807
-882
-991
-1097
-1197
-1329
-1450
-1589
-1744
-1895
-2057
-2207
-2341
-2494
-2636
-2782
-2925
-3042
-3155
-3225
-3300
-3364
-3401
-3423
-3418
-3385
-3332
-3262
-3180
-3060
-2912
-2750
-2561
-2364
-2146
-1910
-1667
-1404
-1143
-872
-580
-301
-6
275
551
826
1063
1305
1523
1733
1945
2124
2296
2450
2572
2683
2765
2811
2857
2889
2905
2921
2905
2900
2867
2817
2791
2729
2676
2611
2530
2472
2386
2298
2227
2121
2047
1956
1851
1778
1676
1591
1496
1384
1307
1210
1125
1042
928
843
742
646
582
486
397
313
212
150
71
-1
-58
-142
-197
-256
-317
-361
-425
-473
-512
-561
-588
-627
-674
-709
-759
-783
-817
-861
-893
-958
-1009
-1068
-1124
-1161
-1208
-1268
-1347
-1434
-1522
-1588
-1661
-1736
-1815
-1906
-1974
-2051
-2116
-2169
-2240
-2293
-2341
-2371
-2382
-2388
-2381
-2361
-2340
-2290
-2224
-2156
-2061
-1963
-1844
-1701
-1556
-1389
-1224
-1049
-863
-666
-464
-255
-39
177
388
582
786
978
1167
1352
1527
1695
1843
1979
2107
2215
2307
2388
2464
2526
2579
2617
2647
2656
2650
2646
2618
2584
2547
2500
2443
2372
2297
2218
2140
2056
1966
1872
1773
1675
1578
1474
1360
1243
1128
1017
911
805
702
606
502
401
299
193
102
7
-77
-153
-236
-315
-391
-471
-549
-614
-687
-746
-808
-864
-915
-959
-999
-1039
-1077
-1120
-1157
-1195
-1235
-1263
-1289
-1308
-1328
-1361
-1384
-1403
-1422
-1439
-1461
-1480
-1493
-1509
-1524
-1538
-1552
-1563
-1567
-1574
-1589
-1606
-1630
-1643
-1647
-1643
-1623
-1599
-1581
-1554
-1528
-1494
-1445
-1396
-1340
-1279
-1207
-1113
-1030
-939
-847
-749
-638
-524
-399
-279
-161
-35
110
253
400
536
663
784
895
1018
1139
1252
1354
1452
1531
1607
1676
1735
1791
1826
1860
1893
1909
1918
1907
1899
1880
1857
1844
1815
1775
1728
1671
1613
1552
1485
1432
1366
1292
1221
1148
1085
1013
932
858
777
700
628
553
480
392
316
239
157
82
-3
-86
-170
-251
-328
-411
-486
-565
-644
-719
-783
-844
-904
-966
-1025
-1085
-1144
-1193
-1247
-1289
-1333
-1368
-1389
-1410
-1415
-1434
-1449
-1452
-1452
-1430
-1415
-1400
-1375
-1366
-1341
-1309
-1273
-1231
-1200
-1174
-1135
-1095
-1053
-1011
-973
-936
-906
-863
-816
-773
-723
-681
-640
-594
-552
-505
-456
-408
-358
-308
-253
-200
-156
-104
-55
10
88
165
240
306
373
437
502
585
668
748
827
900
976
1049
1119
1186
1247
1299
1361
1424
1484
1537
1571
1599
1621
1639
1654
1663
1672
1672
1668
1655
1633
1606
1564
1517
1463
1414
1363
1310
1242
1163
1070
977
897
810
729
635
534
432
325
223
119
13
-93
-188
-280
-369
-463
-555
-646
-734
-814
-887
-949
-1007
-1063
-1120
-1176
-1225
-1268
-1302
-1324
-1345
-1347
-1356
-1365
-1355
-1356
-1338
-1324
-1305
-1265
-1233
-1189
-1140
-1092
-1047
-1006
-963
-912
-866
-810
-749
-687
-625
-575
-521
-473
-425
-366
-305
-244
-188
-138
-87
-45
-10
27
60
93
130
161
203
238
267
299
317
345
374
402
434
462
489
513
543
573
600
625
658
691
729
763
797
834
869
904
935
964
993
1016
1043
1069
1096
1114
1123
1136
1144
1154
1162
1165
1160
1143
1125
1104
1083
1053
1019
982
933
877
819
758
694
624
548
471
397
316
238
151
58
-29
-117
-200
-282
-365
-446
-525
-603
-681
-760
-831
-892
-948
-993
-1042
-1086
-1129
-1170
-1197
-1231
-1253
-1266
-1270
-1256
-1243
-1230
-1208
-1191
-1164
-1140
-1115
-1069
-1023
-972
-915
-865
-814
-771
-724
-668
-618
-560
-497
-442
-385
-329
-272
-208
-157
-100
-48
-3
42
82
125
163
197
238
267
288
319
335
360
382
397
418
432
444
458
468
484
497
507
517
521
526
531
535
545
551
558
567
569
567
571
576
583
595
600
597
601
598
597
597
595
598
589
585
585
573
562
547
530
518
498
477
454
422
394
363
332
297
249
203
160
110
65
20
-26
-78
-137
-200
-261
-317
-370
-427
-485
-542
-598
-653
-707
-766
-818
-864
-906
-946
-990
-1024
-1055
-1082
-1096
-1109
-1114
-1113
-1113
-1106
-1101
-1087
-1064
-1039
-1007
-974
-937
-896
-852
-806
-759
-705
-652
-595
-529
-458
-385
-314
-236
-171
-109
-49
9
71
137
203
269
325
380
422
460
504
545
591
633
666
695
719
741
758
773
784
790
798
800
801
795
783
769
752
735
722
712
698
676
651
624
597
566
535
506
477
451
430
403
375
343
313
285
259
237
220
202
181
155
129
101
74
54
30
8
-13
-34
-56
-83
-106
-128
-149
-167
-190
-213
-232
-257
-284
-308
-334
-354
-374
-400
-421
-445
-466
-491
-517
-543
-567
-590
-605
-619
-627
-641
-658
-666
-674
-680
-681
-673
-665
-654
-649
-641
-634
-630
-614
-598
-578
-556
-533
-504
-477
-451
-416
-383
-345
-298
-250
-200
-154
-111
-72
-34
5
47
95
147
197
241
289
327
366
406
441
481
529
571
612
644
668
695
710
735
757
772
792
802
815
824
825
821
815
811
801
790
787
778
759
739
716
684
653
627
602
583
557
531
502
465
431
397
359
325
292
262
231
195
159
115
67
22
-15
-45
-72
-106
-140
-176
-211
-249
-286
-313
-341
-366
-391
-424
-457
-490
-520
-545
-565
-582
-604
-624
-644
-663
-680
-693
-703
-714
-724
-730
-730
-730
-730
-731
-731
-727
-722
-708
-686
-670
-659
-643
-624
-607
-593
-570
-541
-512
-477
-438
-405
-374
-343
-313
-282
-246
-208
-167
-123
-84
-45
-15
8
37
73
114
155
194
230
263
291
317
342
367
393
424
454
477
497
517
531
545
557
576
591
608
626
639
647
652
659
658
658
665
669
672
672
668
663
651
637
622
607
601
595
586
573
549
522
489
457
432
408
385
362
330
295
256
215
175
141
115
90
64
30
-9
-52
-98
-140
-172
-196
-224
-255
-282
-314
-346
-383
-417
-438
-457
-469
-480
-497
-516
-531
-550
-564
-576
-583
-589
-590
-587
-586
-584
-583
-583
-575
-571
-562
-549
-531
-515
-503
-492
-480
-466
-449
-425
-396
-364
-335
-309
-288
-271
-248
-221
-189
-151
-117
-87
-65
-45
-25
-6
18
50
92
132
159
180
193
204
216
232
255
276
293
312
328
330
329
322
320
325
327
339
346
348
346
336
322
306
296
291
292
294
292
281
264
242
220
203
196
195
199
202
190
169
143
118
97
88
88
87
88
83
67
45
17
-1
-14
-18
-16
-22
-29
-42
-62
-82
-105
-118
-126
-128
-130
-133
-138
-152
-171
-185
-198
-205
-211
-206
-200
-199
-206
-217
-228
-235
-237
-225
-209
-198
-187
-187
-190
-194
-199
-194
-176
-159
-138
-118
-106
-100
-102
-101
-96
-80
-55
-27
-5
11
17
15
16
19
31
52
79
99
113
116
115
113
111
124
139
161
180
185
188
184
171
166
163
171
188
203
216
214
205
191
177
170
171
181
194
203
197
187
165
142
123
110
112
110
110
106
90
71
49
29
15
4
1
3
-5
-18
-36
-57
-79
-96
-108
-106
-99
-100
-102
-117
-139
-156
-172
-177
-175
-171
-164
-161
-171
-183
-198
-208
-209
-197
-181
-168
-162
-158
-161
-168
-170
-172
-162
-146
-124
-105
-96
-98
-104
-107
-106
-91
-70
-43
-19
-7
-2
-7
-12
-13
2
26
49
71
83
84
80
73
73
84
99
126
151
165
170
164
157
153
155
170
192
216
231
236
234
226
211
207
217
227
241
248
245
233
214
202
193
192
197
202
206
204
190
171
150
129
120
111
110
109
100
85
60
31
7
-14
-25
-25
-26
-33
-49
-73
-101
-130
-144
-152
-153
-155
-158
-166
-186
-209
-231
-250
-257
-253
-246
-237
-234
-248
-267
-285
-300
-303
-290
-272
-258
-246
-247
-256
-270
-283
-277
-265
-239
-216
-207
-201
-202
-212
-215
-213
-204
-183
-161
-135
-120
-115
-109
-114
-110
-89
-69
-39
-4
20
35
38
36
41
49
74
107
131
152
165
169
169
170
175
189
210
230
245
256
259
257
254
255
256
271
290
299
305
302
292
279
268
269
270
276
287
287
280
264
244
230
222
223
227
226
221
208
190
168
146
130
119
112
107
98
82
56
28
-1
-22
-34
-39
-45
-51
-66
-92
-123
-153
-179
-191
-192
-195
-201
-216
-232
-252
-275
-294
-307
-305
-295
-285
-279
-286
-302
-319
-331
-337
-329
-314
-293
-274
-264
-264
-271
-277
-276
-261
-238
-216
-195
-179
-180
-180
-183
-180
-164
-141
-112
-90
-73
-62
-57
-56
-51
-34
-10
16
40
61
66
68
65
66
80
92
116
140
157
164
165
161
161
165
173
191
208
221
229
232
225
212
205
206
212
223
239
243
241
228
211
194
181
182
192
199
204
202
190
169
147
136
129
133
139
139
135
121
99
77
60
51
48
47
43
42
35
22
0
-22
-36
-41
-39
-32
-34
-41
-56
-78
-96
-105
-107
-102
-94
-92
-91
-105
-120
-132
-139
-133
-127
-118
-110
-109
-116
-119
-131
-134
-134
-130
-114
-102
-97
-96
-100
-110
-113
-112
-100
-84
-72
-62
-67
-73
-79
-80
-71
-58
-44
-27
-18
-21
-21
-23
-27
-24
-16
-3
7
13
19
21
12
3
-4
2
14
27
44
49
43
28
11
5
6
16
30
41
50
46
35
26
15
16
25
38
48
55
57
53
45
39
36
36
47
62
76
82
80
69
61
56
62
72
84
95
96
96
87
78
75
72
74
82
89
91
84
73
66
52
44
48
48
52
53
57
46
31
18
7
8
13
18
23
17
-2
-9
-17
-23
-23
-21
-13
-12
-15
-21
-23
-36
-40
-34
-31
-26
-26
-28
-32
-47
-61
-66
-67
-62
-56
-49
-42
-44
-47
-56
-64
-66
-64
-51
-40
-37
-34
-38
-50
-60
-63
-59
-48
-33
-18
-13
-11
-18
-28
-37
-29
-16
-4
9
14
18
9
1
-4
-6
1
12
26
35
31
21
15
10
8
16
20
24
26
25
22
7
-1
-5
-6
5
15
16
18
14
9
-3
-10
-11
-3
9
21
23
16
8
-4
-15
-17
-9
6
21
25
21
13
-3
-15
-22
-23
-14
-7
2
5
-4
-17
-31
-43
-42
-38
-30
-21
-18
-22
-36
-50
-59
-63
-57
-42
-34
-31
-36
-44
-48
-57
-58
-50
-44
-31
-24
-22
-23
-28
-33
-30
-24
-16
-7
2
6
7
6
3
-1
-1
