-10
22
-6
-43
-39
-18
-28
-25
-6
-60
-53
-42
-77
-49
-74
-73
-25
-72
-49
-28
-60
-45
-64
-82
-48
-19
-38
-27
-10
-46
-4
-16
-42
10
-59
-20
-54
-20
39
-97
25
-29
-73
46
-54
-13
-35
-71
-78
-72
-59
-114
-15
-101
-61
-66
-117
-40
-145
-27
-105
-82
17
-135
6
-42
-55
-65
-50
24
-89
44
-70
9
48
-33
49
-63
62
-21
-52
84
-32
27
30
-33
32
-33
67
-92
-2
22
-131
19
-136
-37
-24
-107
-28
-133
-99
-48
-137
-80
-123
-118
-99
-89
-96
-136
-65
-151
-109
-99
-104
-16
-144
-66
-77
-139
-33
-132
-98
-19
-128
-71
-36
-87
-28
-64
-72
-78
-79
-6
-132
-33
-63
-186
11
-119
-129
-14
-175
-107
-75
-184
-6
-216
-104
-173
-169
-2
-282
-10
-225
-91
-85
-203
49
-212
3
-151
-120
64
-225
58
-135
-80
51
-115
88
-15
44
-44
19
52
-59
143
-57
46
39
-71
127
-41
73
-62
122
13
-76
185
-200
106
-1
-115
92
-70
1
5
-43
-6
5
-17
20
-49
36
2
-77
65
-49
-32
37
-18
-22
118
-17
-25
89
13
0
118
-3
0
133
-14
69
78
44
56
37
65
-28
93
23
-22
99
-49
24
24
-36
5
10
-30
-29
-13
-1
-47
-24
-101
-30
26
-68
-8
-54
-10
-31
-44
20
-43
-30
87
-84
115
18
-21
180
-83
186
-42
137
92
15
200
-37
149
34
65
190
15
178
110
88
229
27
255
19
345
40
186
316
-68
443
26
300
242
133
507
-30
567
200
218
530
102
528
232
422
395
297
532
363
339
510
305
435
511
355
476
463
378
493
362
473
389
454
409
321
551
192
487
337
261
469
207
391
300
283
380
206
397
184
289
315
82
357
155
209
236
105
173
133
128
91
50
94
25
-45
40
-100
-105
-68
-213
-168
-232
-294
-288
-375
-399
-432
-450
-486
-526
-487
-580
-610
-597
-620
-608
-597
-719
-632
-668
-650
-612
-603
-626
-604
-486
-642
-367
-519
-384
-423
-187
-417
-147
-23
-343
83
-129
165
-32
164
418
-148
843
-36
436
798
-5
889
261
795
354
810
583
484
954
335
694
844
345
796
639
457
595
574
546
212
902
58
444
559
107
377
277
242
36
438
52
71
379
-66
72
198
3
-32
216
-28
-62
298
-177
78
255
-179
243
67
30
135
69
138
76
92
107
-49
107
61
-91
99
-77
-29
-30
-146
-136
-175
-272
-255
-329
-337
-459
-445
-510
-675
-467
-731
-666
-603
-818
-716
-781
-852
-826
-817
-873
-849
-884
-871
-800
-862
-819
-803
-803
-795
-685
-751
-669
-583
-675
-546
-591
-485
-499
-562
-354
-529
-391
-344
-369
-271
-309
-195
-323
-82
-170
-191
84
-257
-46
164
-236
165
126
-158
394
-109
118
255
104
124
342
65
270
265
70
483
-7
410
234
129
376
75
449
75
194
517
-303
576
-61
205
133
120
163
-54
75
201
-104
9
222
-231
311
-122
289
-232
394
-118
175
222
27
564
-113
560
199
345
309
458
256
478
420
486
530
367
779
330
518
575
255
573
464
291
462
339
245
180
129
75
-57
-107
2
-301
-172
-397
-483
-402
-697
-542
-739
-825
-780
-779
-868
-823
-912
-908
-864
-853
-882
-798
-821
-688
-766
-615
-558
-617
-512
-484
-403
-384
-136
-356
-175
-16
-159
32
62
66
345
-54
387
277
14
775
-259
781
258
262
668
-65
961
-204
745
300
251
553
120
471
250
283
200
574
-38
464
30
673
-114
320
518
-156
576
30
432
-1
487
31
314
348
182
89
563
54
-46
921
-400
626
196
-30
594
-122
639
-79
429
528
-309
879
62
128
667
-35
481
331
313
491
215
523
465
217
758
151
756
406
395
819
280
724
458
505
523
489
454
543
487
418
351
516
185
293
316
-4
231
28
-59
49
-217
-139
-257
-290
-283
-469
-320
-539
-462
-526
-460
-575
-457
-590
-552
-528
-542
-417
-660
-180
-660
-426
-335
-386
-397
-180
-71
-582
247
-244
-20
-147
251
-2
-355
908
-354
100
747
-185
-23
873
-120
31
1045
-469
636
268
29
500
-6
246
258
-5
359
49
8
502
-500
672
-259
135
110
4
-80
77
-129
70
-227
70
-64
-385
361
-565
260
-298
-123
-179
77
-795
736
-806
-93
564
-1151
701
-437
-73
-232
243
-416
47
148
-254
176
-243
331
-463
338
111
-303
415
220
-299
534
194
-394
924
-442
364
383
-111
403
65
342
-133
296
185
-34
200
239
-292
438
-179
-128
152
-311
36
-275
-253
-219
-296
-515
-139
-624
-346
-457
-603
-366
-661
-546
-499
-630
-613
-413
-790
-428
-561
-763
-383
-607
-501
-436
-602
-246
-483
-621
58
-583
-357
56
-511
-220
35
-220
-411
366
-389
-168
422
-381
55
320
-305
194
312
-557
793
-457
316
281
-505
944
-642
272
334
-633
614
-291
-331
796
-1152
755
-358
-604
751
-1137
520
-408
-613
573
-1067
-150
358
-1608
748
-972
-621
494
-1846
806
-890
-947
534
-1273
-330
114
-1157
43
-228
-803
-70
-156
-664
92
-263
-252
87
-261
27
159
-221
479
-62
90
702
-428
963
82
133
1036
-94
633
588
129
937
66
722
587
-66
1080
30
387
789
-119
528
498
-141
649
-7
66
420
-368
370
-33
-269
290
-286
-107
87
-362
20
-191
-149
-86
-241
-30
-121
-115
-171
54
-233
-8
-33
-44
6
-75
381
-558
550
68
-369
584
60
-194
278
508
-759
1034
-464
-4
722
-675
610
167
-258
379
145
-217
646
-525
653
96
-678
1391
-1155
608
583
-1119
1567
-1075
696
161
-324
871
-611
653
231
-460
817
-140
-139
723
-436
464
90
-173
416
-254
14
282
-301
180
80
-374
243
-70
-426
579
-697
253
42
-467
423
-196
-106
479
-445
375
329
-132
438
256
184
646
-14
701
604
157
998
329
747
809
534
722
990
418
1137
478
1011
869
404
1166
226
1002
530
470
839
366
489
546
213
447
187
78
369
-95
141
-12
-7
-97
-86
-161
-164
-122
-215
-242
-176
-146
-336
-46
-327
-100
-257
-208
-27
-300
79
-96
-251
272
-430
177
-57
26
-179
268
-188
-74
423
-657
631
-520
30
205
-236
-256
415
-659
241
-225
-238
154
-665
467
-549
-139
382
-733
393
-381
-61
50
-511
815
-987
598
-35
-217
170
18
28
-131
316
-417
694
-796
828
-488
-106
332
-764
460
-775
552
-1058
567
-623
-631
615
-1296
57
-460
-501
-442
-306
-701
54
-1095
182
-778
-440
-6
-875
196
-234
-655
510
-439
-290
732
-904
795
-84
-2
447
242
141
498
550
80
870
292
636
311
698
327
426
501
408
288
623
-18
375
451
-221
360
7
-79
16
-224
-71
-230
-380
-49
-649
-239
-368
-760
-269
-499
-576
-466
-508
-515
-452
-746
-318
-388
-890
8
-608
-657
-25
-606
-411
-228
-439
-271
-391
-517
112
-796
-148
130
-1175
567
-944
8
-488
-429
180
-1253
740
-1246
73
-506
-436
-261
-779
464
-1281
308
-228
-1052
420
-639
-459
142
-520
149
-573
110
41
-906
805
-368
-709
1049
-992
137
260
-570
698
-999
647
-152
-974
1107
-1266
280
90
-1038
882
-1210
125
39
-1447
786
-791
-815
620
-1130
43
-363
-519
219
-898
482
-495
-417
702
-1050
833
-378
113
522
-341
865
-109
550
429
441
679
481
705
683
667
599
857
691
585
942
760
358
1191
458
289
1412
-293
1142
315
201
956
-206
620
267
168
147
208
-42
221
-220
77
-2
-295
194
-387
269
-395
-7
72
-529
245
-116
-415
347
-299
-301
460
-476
10
464
-867
834
-468
-71
870
-1037
1025
-392
-110
616
-590
523
-172
-163
350
-353
188
-22
-229
202
-299
110
-246
237
-263
-299
424
-637
399
-302
-24
60
-117
-63
11
-3
-323
348
-461
581
-589
724
-391
-81
797
-1056
1076
-647
348
-48
52
38
192
-248
605
-415
168
816
-1331
1634
-912
344
408
-359
828
-423
436
428
-283
598
206
358
231
374
533
20
763
495
139
841
279
443
692
511
471
850
560
405
1139
283
526
1040
387
477
1078
138
893
465
524
731
285
801
407
266
933
-111
452
627
-154
776
-45
366
139
-95
421
-93
63
324
-223
148
-69
-109
263
-588
541
-203
-379
498
-520
-142
187
-257
-220
266
-469
85
-113
-395
463
-745
469
-157
-502
406
-451
-45
-34
329
-796
589
-154
-620
303
-194
-177
-189
491
-876
488
-477
-252
-40
-158
-59
-317
-8
-253
-200
-627
412
-986
246
-391
-433
-225
-503
-59
-872
215
-406
-654
209
-829
-229
-533
-257
-255
-529
-28
-438
-586
-177
-310
-727
405
-822
59
-294
-398
46
-531
186
-685
693
-1027
392
187
-1064
1093
-690
346
49
208
-207
161
240
-298
627
78
150
224
483
-355
577
337
-198
854
-149
450
128
395
-49
411
224
-18
497
-232
587
-285
521
2
-17
565
-338
189
96
-144
104
49
-50
-147
-28
10
-557
259
-166
-574
228
-413
-291
-373
-54
-413
-456
-165
-261
-778
-10
-267
-1030
478
-918
-528
174
-1210
383
-1028
-182
-156
-1238
888
-1667
370
-623
-570
-134
-628
-27
-853
61
-644
-481
-95
-475
-665
466
-1343
414
-696
-433
84
-1117
757
-1215
-22
-45
-949
212
-486
-518
292
-949
262
-776
56
-425
-558
340
-818
-60
-108
-588
135
-320
-375
281
-752
157
-274
-274
-119
49
-220
-113
224
-578
299
-266
-331
500
-364
38
478
-408
355
-291
358
81
-391
916
-574
345
163
-90
378
-48
296
423
-442
773
82
-165
954
-334
552
206
231
243
143
681
-125
280
826
-183
320
703
6
256
648
324
-26
815
170
-15
719
117
75
594
183
135
441
119
388
-21
509
101
41
443
-9
364
88
320
-37
119
238
-88
-42
569
-349
211
392
-581
629
-254
-169
487
-380
-50
571
-970
970
-712
-70
569
-969
804
-509
27
166
-720
461
-103
-795
1047
-974
66
49
-449
389
-775
563
-217
-969
1102
-850
-383
1201
-1312
637
-375
-147
281
-526
346
418
-1033
963
-401
-438
1105
-1194
987
-255
-271
599
-195
5
572
-255
81
476
-47
6
353
374
-361
710
262
-172
548
430
-498
1143
-533
587
474
2
689
66
458
-20
681
70
755
285
418
620
92
587
637
340
676
530
361
864
-197
1053
584
2
1536
-241
787
751
119
857
469
611
454
379
633
270
350
581
144
614
64
412
280
106
228
148
76
-7
374
-295
270
-52
-118
-75
-213
179
-205
-300
59
-451
-428
281
-736
13
-46
-945
206
-877
182
-553
-373
-33
-954
-87
-409
-549
23
-618
-614
47
-1312
341
-959
-247
-191
-764
-43
-845
301
-1253
109
-468
-704
-73
-331
-369
-141
-370
-553
-189
-629
549
-1156
693
-430
-652
640
-764
244
-288
151
-568
118
-277
-35
30
-269
420
-769
505
-449
-115
202
-421
157
161
-432
29
305
-788
611
-240
59
-43
256
-115
-342
734
-366
22
510
-72
23
381
-232
537
41
219
505
11
426
171
421
350
262
504
6
275
564
38
336
536
81
21
261
-2
-71
279
-105
-302
393
-514
-191
66
-769
-59
-721
-357
-303
-590
-365
-536
-718
-554
-591
-833
-88
-832
-549
-358
-890
-551
-342
-768
-188
-779
-594
-152
-1021
404
-1138
-5
-304
-988
372
-898
-67
-81
-823
277
-778
-438
309
-1538
653
-955
-211
139
-908
19
-687
-533
-288
-366
-346
-147
-663
-143
-792
-182
-392
-122
-502
-24
-617
-298
-97
-557
284
-263
-99
-51
-338
-78
385
-602
782
-307
-23
299
-482
656
-321
137
421
-175
549
368
-531
980
-112
38
1005
87
452
379
368
211
370
448
646
208
813
440
56
1069
445
256
1088
304
671
989
237
1077
406
818
437
234
1026
132
611
671
174
517
222
166
350
-48
20
71
-172
-10
-301
-180
-314
-475
-214
-637
-345
-524
-794
-330
-553
-563
-344
-463
-489
-379
-449
-265
-208
-127
-319
-88
99
-298
281
166
49
-3
362
205
240
528
440
132
353
426
287
683
292
152
367
19
121
544
110
379
79
235
-138
-231
638
-304
162
299
-695
461
-363
-34
499
-606
12
-29
-508
327
-280
76
156
-383
660
-644
559
324
-231
418
-85
102
691
479
229
515
218
61
393
917
551
847
672
182
500
735
734
884
874
563
747
661
673
1256
816
872
796
616
1099
756
1234
997
797
1042
726
1158
1164
906
841
619
306
836
724
729
833
225
87
-191
-238
19
156
-181
-388
-818
-1016
-1022
-937
-891
-993
-1040
-1482
-1364
-1415
-1411
-1037
-1296
-1196
-1236
-1302
-928
-905
-723
-629
-650
-380
-719
-231
-121
-106
391
217
283
410
342
396
782
599
797
763
666
586
611
624
445
629
369
403
238
264
308
47
187
123
-219
-64
-85
-495
-26
-133
-439
-209
-74
-566
-348
95
-672
-124
-86
-641
-233
29
-310
-5
37
-193
-148
-48
-83
2
288
-221
343
130
-269
336
-33
52
527
325
399
485
290
16
293
526
445
839
964
497
735
452
286
818
896
1033
1040
1035
624
679
795
798
1003
1141
747
470
179
-148
251
398
180
227
-370
-761
-1127
-1290
-886
-1071
-1142
-1601
-2157
-2207
-2422
-2348
-2124
-2390
-2433
-2587
-3005
-2693
-2568
-2462
-2316
-2516
-2347
-2266
-1971
-1751
-1365
-1279
-1222
-1001
-883
-402
-122
212
237
359
435
469
908
1079
1107
1174
1046
1118
1219
1345
1427
1092
1004
786
602
974
754
731
608
137
142
-65
136
232
-125
-6
-314
-427
-278
-198
-20
-196
-80
-426
-544
-137
-49
118
215
-58
-40
-245
104
480
255
597
158
65
165
176
490
459
547
354
-61
319
180
282
692
266
398
383
293
603
441
480
487
422
722
722
986
862
749
704
743
1068
1192
1417
1242
984
724
356
446
601
913
1059
503
209
-527
-873
-617
-720
-452
-579
-1185
-1878
-2407
-2482
-2460
-2072
-1970
-2345
-2545
-3230
-3498
-3226
-3060
-2697
-2378
-2531
-2469
-2448
-2470
-1946
-1727
-1356
-942
-932
-544
-250
-83
230
496
647
1045
1467
1788
1917
1983
1850
1819
2163
2264
2548
2665
2346
2248
1907
1720
1781
1881
1857
1762
1459
1149
985
709
779
722
633
575
373
252
72
86
110
42
231
138
109
145
91
125
165
394
362
398
869
740
799
914
413
649
880
1006
1415
1307
1000
884
760
1003
1321
1495
1413
1319
1054
806
953
1005
1249
1329
1253
1006
977
911
903
1085
987
987
993
873
587
344
220
102
351
556
219
53
-605
-1073
-1096
-1033
-726
-789
-1341
-1865
-2744
-2888
-2592
-2502
-2064
-2310
-2855
-3403
-3807
-3659
-3192
-2682
-2573
-2636
-2921
-3252
-3013
-2622
-2048
-1322
-1362
-1233
-1213
-1281
-693
-380
109
663
709
984
1171
1255
1588
1761
1845
2052
2213
2386
2472
2440
2214
1978
2044
2097
2362
2403
2088
1778
1368
1200
1284
1351
1328
1209
791
489
323
313
431
502
422
187
-14
-253
-173
82
244
199
104
-99
12
126
303
390
327
422
322
414
576
714
761
822
710
795
752
947
1064
1056
1239
1074
1104
1156
1022
1234
1164
1083
1257
1111
1180
1155
966
926
786
765
619
245
-4
-230
-185
80
-194
-523
-1006
-1725
-1775
-1803
-1670
-1606
-2117
-2798
-3511
-3861
-3738
-3365
-3002
-3163
-3787
-4382
-4917
-4819
-4073
-3554
-3337
-3560
-4035
-4206
-3979
-3338
-2637
-2052
-1943
-2063
-2053
-1905
-1411
-744
-255
222
290
325
525
731
1157
1432
1804
1919
2087
2100
2042
2016
1861
1891
2093
2312
2425
2268
1870
1638
1378
1417
1663
1696
1663
1223
831
526
460
781
901
978
690
322
69
100
236
568
641
455
375
69
259
408
505
619
437
439
398
607
790
722
892
849
774
967
928
1059
1131
1072
1121
962
1051
1187
1021
1262
1179
957
1261
1087
1168
1158
1004
1090
777
687
358
48
150
-36
238
161
-489
-954
-1613
-1759
-1391
-1345
-1394
-1836
-2924
-3695
-4080
-3716
-3104
-2913
-3087
-4067
-4946
-5274
-5159
-4139
-3427
-3344
-3747
-4545
-4821
-4510
-3722
-2721
-2144
-2095
-2236
-2545
-2184
-1597
-911
11
246
442
498
312
776
1150
1739
2332
2573
2669
2471
2415
2338
2448
2887
3052
3221
3084
2608
2300
2040
2227
2352
2455
2421
1946
1511
1288
1179
1310
1427
1407
1214
740
404
270
539
885
1053
915
519
255
123
342
823
1046
1045
855
552
484
657
939
1284
1503
1366
1223
952
1130
1508
1672
1991
1820
1601
1385
1417
1667
1844
1994
1957
1659
1671
1513
1374
1646
1595
1727
1627
1382
858
325
259
230
699
956
229
-399
-1180
-1748
-1328
-977
-726
-1053
-2169
-3320
-3852
-3576
-2925
-2328
-2540
-3498
-4527
-5155
-4913
-4009
-3282
-2997
-3476
-4306
-4574
-4489
-3672
-2679
-2165
-1941
-2192
-2420
-2401
-1837
-971
-277
275
320
273
348
501
1080
1709
2129
2397
2520
2388
2409
2479
2625
2932
3137
3136
2941
2673
2465
2385
2324
2428
2433
2249
2014
1606
1398
1290
1240
1325
1285
1138
869
558
376
502
681
650
706
503
166
206
320
544
812
848
707
497
568
387
704
1256
1235
1365
1107
861
883
1233
1818
1792
1619
1437
869
1089
1435
1404
1791
1588
1210
1095
1231
1345
1535
1501
1219
1125
1033
1045
866
594
325
74
232
334
-1
-312
-1007
-1406
-1259
-1223
-1074
-1415
-2323
-3224
-3634
-3509
-3167
-2901
-3254
-4088
-4843
-5337
-5217
-4563
-4028
-4006
-4511
-5155
-5424
-5147
-4343
-3459
-2975
-2960
-3363
-3528
-3096
-2443
-1391
-722
-643
-418
-503
-344
333
988
1674
2117
2128
2037
2113
2283
2709
2990
3167
3120
2877
2769
2587
2513
2631
2538
2370
2144
1827
1503
1210
1189
1096
1159
1040
612
324
94
-33
-1
166
238
123
-28
-336
-468
-180
41
305
527
435
234
-54
195
467
863
1198
689
462
225
165
727
1149
1470
1264
736
368
300
694
1004
1131
1006
560
260
263
602
874
992
808
492
465
477
754
856
646
228
-125
-189
38
303
305
-148
-783
-1256
-1393
-1030
-937
-1034
-1447
-2393
-2973
-3169
-3013
-2543
-2655
-3325
-4057
-4675
-4831
-4384
-3838
-3652
-3895
-4499
-4944
-4838
-4300
-3513
-3041
-2872
-2901
-3158
-2874
-2234
-1532
-745
-458
-553
-369
-67
526
1273
1685
1966
2062
2070
2282
2643
3005
3205
3175
3138
3048
3014
3069
2950
2887
2784
2582
2473
2208
1941
1715
1510
1388
1393
1184
1032
727
321
242
286
412
344
283
50
-168
-220
-152
126
239
210
213
123
157
366
679
839
796
683
477
691
909
1056
1250
1173
1078
972
878
1114
1224
1305
1241
968
909
871
942
1163
1129
1164
1038
861
1027
958
1065
1232
1027
930
603
323
358
204
704
795
207
-162
-734
-1004
-692
-610
-610
-954
-1821
-2540
-2898
-2649
-2307
-2329
-2734
-3386
-4108
-4204
-4013
-3595
-3222
-3465
-3823
-4108
-4006
-3640
-3141
-2743
-2613
-2416
-2360
-2195
-1594
-1176
-654
-219
-78
298
593
894
1478
1836
2125
2377
2471
2795
2998
3174
3210
3137
3191
3266
3321
3315
3240
2959
2744
2597
2489
2391
2187
1892
1604
1430
1345
1304
1231
944
685
572
391
447
591
504
383
131
-18
65
255
287
271
347
175
70
247
450
587
729
596
522
622
575
594
786
843
865
882
735
742
747
726
757
881
930
853
945
805
803
923
796
942
989
971
1063
1069
810
821
592
290
376
323
504
440
-55
-508
-884
-1031
-886
-863
-1006
-1588
-2445
-3094
-3269
-2942
-2653
-2730
-3281
-4089
-4646
-4725
-4217
-3529
-3293
-3463
-4033
-4444
-4238
-3706
-2853
-2239
-2020
-2027
-2352
-2230
-1610
-804
92
561
628
679
618
969
1702
2352
2953
2926
2620
2546
2513
2929
3372
3417
3343
2873
2432
2344
2383
2478
2497
2084
1649
1183
922
880
868
908
725
446
82
-234
-333
-192
-58
-21
-164
-371
-589
-585
-450
-224
-75
9
-27
-253
-314
-291
53
401
605
514
203
-101
-115
62
497
851
801
519
36
-275
-90
382
847
1006
527
15
-355
-70
448
1025
1103
691
270
-83
32
564
989
1084
982
318
-284
-468
-202
238
689
320
-450
-1176
-1728
-1674
-1299
-1113
-1362
-2103
-3158
-3753
-3870
-3420
-3141
-3172
-3736
-4515
-5010
-5046
-4569
-3987
-3617
-3766
-4059
-4268
-4117
-3561
-2860
-2267
-1798
-1725
-1747
-1528
-1036
-252
492
911
1168
1266
1438
1719
2076
2576
2938
3153
3137
3073
2980
2944
2968
3056
3112
3011
2660
2214
1839
1694
1667
1697
1607
1233
785
275
70
134
360
495
220
-189
-487
-545
-326
-136
-44
-60
-242
-334
-289
-116
215
238
220
242
170
447
515
562
616
594
654
689
816
792
675
597
458
581
955
914
800
601
394
487
790
970
940
796
604
447
664
898
822
831
756
555
757
797
629
432
-122
-271
-119
122
194
-393
-1034
-1600
-1927
-1645
-1392
-1362
-1824
-2910
-3649
-3936
-3610
-2921
-2807
-3135
-3910
-4671
-4766
-4318
-3402
-2740
-2716
-3087
-3650
-3614
-2944
-1982
-942
-438
-518
-772
-804
-294
731
1537
2018
2132
2053
2142
2307
2715
3245
3503
3554
3472
3301
3387
3299
3170
3154
3021
2923
2642
2382
2103
1753
1620
1452
1412
1313
977
668
314
248
316
412
519
332
93
-81
-168
46
292
475
474
252
136
173
308
544
695
779
794
727
688
784
889
978
946
919
1038
993
1060
994
998
1106
1117
1231
1169
1128
1072
952
1161
1298
1298
1313
1035
965
1089
1134
1305
1342
1272
1065
797
572
419
318
231
75
80
-190
-744
-1215
-1661
-1774
-1779
-1965
-2281
-2814
-3535
-3998
-4180
-3873
-3587
-3724
-4167
-4809
-5077
-4935
-4518
-3811
-3395
-3447
-3747
-3958
-3593
-2818
-1881
-1208
-882
-824
-855
-578
9
846
1573
1905
2102
2129
2242
2465
2735
3141
3408
3569
3486
3303
3149
2964
2846
2789
2765
2669
2344
1952
1541
1266
1161
1051
1002
793
448
106
-144
-153
-38
-34
-35
-104
-235
-330
-343
-179
19
260
269
166
112
9
130
373
723
966
938
736
507
438
553
856
1129
1179
1076
689
459
646
799
1198
1137
911
696
402
524
761
1030
1256
1000
743
397
274
657
795
1118
995
638
208
-235
-469
-439
-237
-91
-204
-773
-1516
-2097
-2375
-2229
-2011
-2099
-2468
-3432
-4269
-4686
-4636
-4051
-3779
-3936
-4546
-5291
-5621
-5476
-4760
-3969
-3609
-3621
-4037
-4204
-3899
-3200
-2190
-1438
-937
-890
-1023
-888
-415
411
1212
1699
1910
1918
1926
2130
2384
2744
3073
3210
3308
3244
2988
2762
2420
2323
2353
2402
2350
1987
1480
926
556
544
725
791
687
203
-283
-584
-589
-263
68
195
29
-288
-568
-578
-330
41
320
319
188
-6
-23
171
443
779
892
792
690
596
641
818
919
1143
1205
1146
991
853
803
913
1118
1304
1379
1244
981
792
812
1069
1347
1575
1397
1161
902
702
979
1089
1362
1270
728
-7
-530
-652
-230
209
-4
-591
-1583
-2443
-2603
-2301
-1882
-1724
-2574
-3721
-4692
-4894
-4294
-3699
-3388
-3907
-4765
-5427
-5553
-4778
-3790
-3107
-3070
-3555
-3854
-3648
-2827
-1783
-954
-433
-488
-650
-380
105
1127
1758
2096
2163
2039
2268
2471
2866
3148
3093
3060
3004
3093
3266
3112
2802
2326
2006
1895
2014
2102
1895
1467
804
301
236
352
612
611
342
-5
-331
-290
-8
436
686
560
268
107
141
561
933
1223
1308
1063
912
850
1140
1436
1703
1697
1690
1501
1369
1372
1366
1683
1707
1728
1473
1345
1146
1228
1269
1521
1583
1390
1356
1002
1271
1327
1572
1616
1551
1452
1457
1387
1563
1601
1514
1618
997
708
112
-73
27
274
247
-265
-1113
-1982
-2373
-2302
-1964
-1851
-2320
-3480
-4473
-4962
-4613
-3997
-3637
-3869
-4627
-5377
-5742
-5328
-4248
-3427
-3041
-3327
-3635
-3563
-3079
-2026
-1016
-252
-77
-174
-199
349
1113
2051
2446
2356
2328
2215
2641
3201
3408
3437
3053
2571
2576
2733
3187
3068
2441
1741
934
872
1169
1318
1506
896
38
-624
-973
-520
-74
220
74
-401
-757
-850
-547
2
337
519
322
183
196
311
689
939
1135
1202
1144
1109
1272
1475
1666
1812
1729
1671
1611
1470
1585
1387
1459
1352
1313
1427
1254
1372
1159
908
944
732
887
1044
899
1210
853
778
777
648
1030
966
1127
1165
917
779
352
-125
-620
-914
-634
-236
-273
-754
-1817
-2683
-3068
-3050
-2651
-2229
-2479
-3448
-4610
-5493
-5348
-4816
-4232
-3985
-4347
-4960
-5528
-5481
-4769
-3851
-3164
-3134
-3314
-3292
-2915
-2327
-1567
-703
-257
14
-63
70
772
1610
2048
2037
2344
2349
2017
2714
3179
2451
2575
2719
2007
1773
2133
2115
1992
1657
595
296
68
420
1
-114
1027
-575
-1537
-1550
-1322
-1054
-558
-584
-481
-474
-916
-1063
-734
260
-199
323
445
436
409
304
630
534
902
1166
1575
1615
1382
1369
1261
1344
1378
1532
1818
1759
1406
1160
1298
1202
1315
1088
1403
1506
999
945
934
784
885
998
1091
1213
930
1225
980
1077
1094
905
1139
1027
891
345
-178
-787
-1253
-829
-344
-492
-890
-1861
-2743
-3166
-3407
-3114
-2888
-2954
-3835
-4809
-5220
-5361
-4843
-4523
-4391
-4566
-4870
-4921
-4809
-4221
-3497
-3045
-2942
-2813
-2566
-1897
-1055
-310
144
457
641
774
1364
2044
2743
3108
3343
3212
3207
3384
3469
3694
3705
3547
3280
2987
2676
2530
2217
1981
1448
969
784
506
367
286
100
-259
-707
-1153
-1130
-998
-849
-626
-645
-607
-644
-735
-487
-244
83
252
321
426
545
722
720
775
779
1007
1356
1517
1619
1549
1497
1411
1315
1480
1531
1604
1434
1166
1171
1117
1237
1229
1058
931
765
732
862
859
906
735
554
328
266
691
916
1212
1232
1112
997
892
1067
1218
1348
1506
1197
942
680
386
201
-157
-65
-90
-163
-332
-898
-1376
-1671
-2104
-2458
-2608
-2741
-2899
-3310
-3567
-3663
-3694
-3530
-3578
-3517
-3351
-3379
-3281
-3037
-2541
-1997
-1538
-1258
-1111
-1000
-700
-185
425
1116
1632
1862
1964
2065
2408
2929
3224
3476
3563
3517
3595
3632
3569
3517
3287
3015
2552
2333
2235
1989
1786
1362
883
542
287
-7
-284
-347
-491
-751
-924
-1196
-1282
-1266
-1197
-1129
-924
-744
-840
-814
-786
-684
-637
-519
-218
-79
200
313
162
90
118
167
196
248
328
306
264
158
-45
9
-83
-143
-354
-539
-439
-488
-317
-430
-611
-747
-915
-947
-856
-708
-426
-398
-495
-534
-516
-263
-53
225
285
387
402
316
395
576
761
718
737
626
576
637
729
775
727
627
446
297
286
361
356
255
-41
-506
-748
-724
-671
-496
-435
-510
-637
-724
-751
-548
-452
-423
-522
-671
-614
-454
-253
115
418
150
-21
3
628
914
697
407
378
807
1188
931
601
365
494
619
381
245
-71
-267
-277
-335
-284
-413
-688
-1016
-1137
-988
-850
-753
-961
-1276
-1473
-1437
-1176
-943
-686
-628
-882
-952
-932
-810
-589
-555
-450
-416
-333
-423
-527
-370
-208
-184
-242
-313
-350
-262
-206
-186
-236
-322
-515
-727
-695
-501
-289
-276
-362
-635
-865
-917
-828
-722
-474
-358
-465
-700
-823
-643
-387
-149
-259
-355
-283
-96
-182
-84
-110
-179
-273
-463
-437
-196
8
-184
-372
-475
-553
-584
-403
-223
-177
-330
-446
-415
-205
-28
-37
-78
42
360
605
774
884
838
823
943
982
949
855
838
930
1163
1398
1354
1139
907
743
746
882
919
680
461
193
47
112
195
177
-22
-218
-374
-514
-527
-484
-400
-209
-123
-122
-173
-260
-285
-205
43
198
255
324
420
607
628
592
498
474
563
532
530
523
411
179
-102
-377
-576
-693
-618
-581
-703
-938
-1271
-1494
-1614
-1541
-1303
-1189
-1174
-1458
-1710
-1692
-1446
-1211
-1028
-791
-683
-606
-437
-277
-228
-65
59
215
320
389
379
569
915
952
667
553
409
339
406
338
339
429
554
505
240
28
-138
-155
0
-49
-77
-40
65
0
-12
92
153
185
298
432
576
886
1263
1483
1577
1655
1678
1868
2063
2194
2259
2352
2498
2483
2436
2471
2451
2566
2612
2449
2144
1680
1132
609
311
212
324
249
-12
-529
-1037
-1313
-1346
-1312
-1379
-1702
-2094
-2295
-2160
-1749
-1444
-1218
-1277
-1468
-1507
-1306
-799
-270
254
612
810
942
913
956
1154
1484
1817
2003
2055
1907
1641
1545
1517
1523
1426
1139
899
680
602
486
182
-179
-702
-1157
-1374
-1465
-1486
-1567
-1684
-1861
-2063
-2065
-1984
-1772
-1465
-1326
-1304
-1372
-1389
-1295
-1039
-677
-388
-115
127
198
264
325
355
304
262
339
347
386
382
381
446
401
193
-133
-327
-477
-504
-392
-235
-144
-230
-322
-320
-168
9
174
177
238
353
612
954
1208
1345
1406
1578
1756
2030
2228
2351
2424
2510
2540
2552
2504
2465
2473
2508
2596
2505
2352
2050
1753
1563
1370
1210
792
192
-582
-1329
-1618
-1703
-1580
-1577
-1922
-2428
-2951
-3172
-3144
-3072
-3064
-3433
-3827
-4035
-3933
-3283
-2550
-1925
-1730
-1832
-1912
-1898
-1519
-974
-368
208
456
508
372
439
751
1102
1450
1546
1498
1318
1166
1185
1287
1403
1323
937
496
93
-65
-18
-9
-113
-526
-1010
-1375
-1545
-1494
-1458
-1478
-1656
-1901
-2030
-1973
-1681
-1330
-1084
-1047
-1102
-1165
-1178
-1092
-956
-816
-616
-412
-253
-146
-89
-42
-24
64
77
-2
-126
-140
-23
112
233
212
74
-112
-255
-254
-84
145
294
319
395
540
761
979
1141
1208
1156
1207
1255
1390
1560
1685
1817
1872
1938
2023
2057
2157
2140
2081
2008
1822
1737
1609
1608
1520
1383
1257
1090
939
740
519
309
-115
-848
-1712
-2611
-2991
-3001
-2518
-2206
-2301
-2793
-3497
-3797
-3737
-3458
-3324
-3557
-4073
-4359
-4271
-3512
-2585
-1816
-1377
-1427
-1534
-1540
-1196
-564
122
745
1068
1203
1215
1261
1620
2080
2484
2697
2599
2329
1960
1858
2068
2363
2601
2458
2076
1555
1090
804
656
522
228
-248
-595
-809
-878
-844
-940
-1083
-1278
-1393
-1347
-1158
-887
-650
-647
-778
-946
-981
-812
-553
-248
-52
73
101
124
259
421
582
606
558
474
361
292
320
514
662
689
556
306
171
172
352
587
774
874
860
908
1024
1197
1396
1420
1406
1273
1257
1375
1495
1704
1735
1757
1754
1787
1904
2008
1985
1908
1645
1454
1255
1243
1377
1507
1625
1489
1299
994
711
508
325
104
-413
-1148
-1918
-2458
-2596
-2460
-2249
-2216
-2461
-2832
-3128
-3217
-3149
-3204
-3410
-3770
-3924
-3816
-3282
-2510
-1691
-1030
-734
-586
-594
-497
-240
161
723
1214
1561
1792
1991
2354
2719
3058
3217
3062
2789
2440
2267
2286
2464
2642
2554
2376
2070
1735
1410
1027
622
192
-272
-685
-1062
-1212
-1197
-1108
-989
-1066
-1214
-1404
-1431
-1202
-895
-617
-490
-527
-564
-603
-469
-246
-55
168
251
338
392
452
599
726
880
914
821
710
520
442
408
411
405
323
315
281
333
438
525
603
615
644
721
783
886
855
860
797
706
742
821
1045
1151
1285
1343
1392
1448
1398
1355
1309
1250
1161
1016
910
835
808
901
906
947
809
591
246
-229
-764
-1447
-2193
-2918
-3312
-3400
-3260
-3174
-3206
-3354
-3527
-3651
-3715
-3814
-3958
-4297
-4565
-4578
-4311
-3622
-2827
-1943
-1276
-828
-471
-304
-38
193
510
867
1126
1463
1763
2242
2770
3306
3774
3872
3643
3162
2720
2421
2277
2313
2361
2386
2292
2093
1908
1656
1346
869
288
-364
-1030
-1541
-1713
-1677
-1496
-1304
-1184
-1121
-1188
-1224
-1243
-1266
-1316
-1415
-1505
-1505
-1470
-1199
-920
-559
-291
-218
-189
-321
-385
-440
-409
-377
-500
-568
-592
-467
-247
-90
-38
-196
-449
-680
-796
-762
-678
-553
-372
-242
-126
44
177
320
379
340
288
169
145
166
267
501
673
945
1176
1336
1534
1529
1584
1375
1192
1005
814
896
890
1064
1167
1086
1019
787
756
601
300
-173
-1105
-1974
-2832
-3186
-3173
-2992
-2816
-2892
-2945
-2998
-3012
-2872
-3002
-3230
-3681
-4111
-4140
-3987
-3237
-2398
-1408
-568
-12
489
721
1005
1158
1342
1536
1654
1820
2037
2434
2981
3533
3968
4124
4014
3668
3260
2946
2674
2421
2112
1796
1493
1329
1282
1251
1175
864
464
-172
-781
-1279
-1715
-1915
-2208
-2252
-2188
-1975
-1620
-1353
-1012
-727
-619
-625
-807
-1028
-1194
-1319
-1103
-902
-566
-316
-180
65
207
457
565
530
383
49
-119
-201
-166
-37
-16
69
29
-1
8
-66
-158
-355
-570
-585
-560
-269
5
209
389
425
568
613
730
702
645
592
549
683
901
1272
1511
1689
1803
1814
1870
1832
1855
1830
1731
1616
1400
1291
1267
1273
1405
1346
1268
826
98
-692
-1628
-2095
-2512
-2614
-2737
-2891
-2692
-2544
-2139
-1817
-1733
-1797
-2248
-2569
-2802
-2882
-2538
-2165
-1448
-718
39
884
1517
2256
2710
3002
3095
2883
2705
2495
2513
2707
2999
3403
3661
3825
3816
3690
3578
3330
3008
2557
2020
1464
954
593
356
241
110
-30
-355
-643
-1017
-1370
-1683
-2049
-2272
-2490
-2496
-2356
-2067
-1629
-1241
-897
-660
-591
-510
-654
-729
-848
-952
-935
-949
-742
-555
-264
48
251
479
475
361
138
-172
-390
-707
-904
-1060
-1125
-1084
-994
-846
-700
-599
-513
-447
-432
-347
-340
-211
-143
25
193
293
474
563
726
808
882
964
1119
1276
1489
1601
1754
1864
1935
2056
2040
2102
1930
1839
1712
1614
1608
1531
1479
1344
1110
789
304
-289
-915
-1616
-2025
-2481
-2760
-2978
-3136
-2988
-2906
-2617
-2441
-2392
-2408
-2670
-2803
-2917
-2898
-2607
-2312
-1825
-1346
-763
-16
676
1420
1945
2274
2466
2355
2261
2063
1954
1969
1994
2199
2281
2426
2546
2653
2757
2693
2525
2242
1790
1276
726
238
-108
-467
-680
-961
-1159
-1332
-1466
-1557
-1665
-1824
-2025
-2146
-2237
-2162
-2009
-1823
-1636
-1479
-1294
-1155
-1135
-1055
-1065
-1045
-1089
-1165
-1119
-1128
-1034
-989
-864
-702
-616
-511
-524
-579
-671
-799
-881
-1051
-1247
-1429
-1578
-1553
-1530
-1430
-1249
-1122
-911
-695
-445
-150
-17
238
309
393
436
391
486
477
621
797
1057
1370
1639
1890
2148
2305
2499
2547
2547
2452
2219
2063
1856
1754
1668
1625
1624
1542
1384
1201
835
380
-234
-944
-1554
-2174
-2608
-2952
-3190
-3184
-3131
-2896
-2608
-2467
-2302
-2356
-2453
-2539
-2677
-2575
-2485
-2225
-1832
-1401
-718
-155
530
1172
1627
2034
2128
2233
2155
2037
1975
1808
1820
1776
1782
1910
1954
2129
2206
2229
2211
1958
1700
1208
681
167
-412
-815
-1197
-1477
-1643
-1774
-1730
-1709
-1631
-1478
-1451
-1339
-1329
-1284
-1231
-1255
-1215
-1230
-1222
-1191
-1174
-1051
-927
-769
-543
-462
-269
-193
-87
38
-34
-36
-228
-338
-447
-599
-570
-557
-468
-431
-413
-332
-285
-223
-190
-189
-90
-31
180
427
704
1056
1314
1702
1893
2075
2175
2155
2188
2091
2088
2117
2152
2288
2455
2678
2912
2985
3133
3112
3014
2875
2547
2356
2024
1744
1446
1137
979
720
534
346
-19
-393
-945
-1490
-1947
-2504
-2828
-3229
-3444
-3441
-3431
-3140
-2958
-2739
-2478
-2409
-2229
-2189
-2082
-1859
-1757
-1391
-1066
-587
7
464
1072
1467
1831
2144
2257
2418
2345
2279
2239
2162
2230
2191
2186
2163
2062
2052
1998
1932
1801
1551
1370
1076
735
421
57
-240
-576
-881
-1098
-1283
-1400
-1458
-1447
-1331
-1234
-1088
-899
-740
-626
-582
-553
-549
-604
-671
-734
-755
-687
-581
-399
-286
-178
-46
65
161
132
85
-48
-238
-408
-589
-635
-644
-630
-522
-435
-326
-212
-89
87
156
203
300
395
621
804
1064
1361
1614
1846
1984
2127
2148
2165
2123
2129
2090
2105
2156
2249
2397
2448
2542
2471
2413
2209
2011
1772
1490
1270
1036
803
550
326
128
26
-278
-489
-983
-1411
-1943
-2510
-2784
-3185
-3332
-3594
-3662
-3608
-3527
-3328
-3135
-2908
-2690
-2579
-2433
-2311
-2189
-1950
-1741
-1351
-1077
-738
-362
-55
407
736
1135
1439
1558
1683
1669
1697
1687
1635
1676
1595
1492
1386
1304
1286
1176
1043
874
669
467
170
-29
-279
-556
-782
-1064
-1257
-1465
-1614
-1629
-1642
-1576
-1478
-1383
-1154
-1047
-896
-739
-673
-569
-613
-611
-669
-766
-760
-742
-648
-593
-574
-508
-487
-427
-413
-426
-477
-617
-696
-809
-845
-883
-915
-877
-915
-897
-853
-782
-647
-584
-431
-209
11
291
529
828
1104
1307
1492
1591
1684
1705
1691
1725
1666
1679
1677
1730
1833
1819
1937
1989
2030
2041
1870
1780
1516
1261
1076
767
589
279
67
-44
-324
-467
-767
-1028
-1265
-1767
-2059
-2525
-2820
-3037
-3328
-3387
-3618
-3578
-3503
-3398
-3158
-3062
-2823
-2599
-2447
-2161
-1971
-1582
-1263
-1047
-652
-469
-100
173
468
845
1041
1329
1498
1668
1823
1874
1965
2012
1989
1958
1826
1708
1564
1416
1290
1118
1003
858
774
650
496
372
263
149
-13
-181
-325
-434
-589
-641
-698
-671
-634
-615
-524
-460
-374
-310
-239
-190
-197
-228
-244
-285
-325
-376
-413
-425
-436
-458
-490
-531
-592
-606
-646
-700
-752
-796
-776
-798
-810
-790
-774
-711
-676
-583
-413
-230
-19
222
504
766
1009
1272
1528
1734
1897
1975
2044
2030
2003
1983
1945
1971
1926
1958
1994
2022
2088
2095
2105
2034
1881
1753
1559
1323
1080
776
588
333
156
46
-98
-118
-276
-331
-435
-569
-668
-940
-1126
-1441
-1723
-1888
-2104
-2173
-2289
-2329
-2210
-2179
-1929
-1709
-1432
-1073
-929
-625
-480
-289
-76
49
296
366
510
654
775
978
1118
1346
1583
1755
1938
2004
2097
2103
2068
2060
1883
1744
1541
1407
1281
1121
1021
918
857
774
665
589
489
332
176
-41
-246
-452
-612
-730
-818
-864
-889
-866
-832
-777
-709
-616
-545
-518
-525
-547
-574
-612
-631
-694
-760
-842
-912
-903
-915
-890
-859
-824
-767
-747
-677
-616
-557
-492
-454
-419
-382
-320
-215
-97
44
190
348
554
719
908
1086
1262
1397
1454
1498
1474
1444
1396
1340
1292
1212
1131
1091
1046
1013
994
948
963
868
788
665
516
415
190
24
-189
-409
-588
-744
-841
-906
-944
-886
-840
-767
-683
-639
-536
-568
-628
-756
-890
-983
-1134
-1229
-1316
-1338
-1271
-1153
-945
-703
-483
-211
-28
169
327
405
503
482
478
426
371
394
403
505
627
770
957
1130
1319
1456
1508
1553
1517
1441
1299
1073
891
640
444
225
39
-98
-268
-344
-464
-525
-609
-734
-844
-1016
-1177
-1341
-1513
-1649
-1796
-1909
-1936
-1970
-1920
-1842
-1737
-1590
-1482
-1359
-1293
-1245
-1214
-1217
-1208
-1222
-1257
-1270
-1252
-1192
-1112
-999
-871
-751
-601
-481
-375
-289
-217
-152
-126
-128
-124
-112
-69
-32
19
133
213
323
410
500
628
727
830
909
950
953
916
859
792
692
582
458
324
217
135
93
86
87
89
68
26
-36
-108
-196
-319
-454
-597
-698
-783
-834
-796
-719
-571
-417
-258
-69
79
217
314
393
434
411
383
336
295
249
223
230
239
271
320
389
506
584
672
725
724
736
652
610
516
404
332
231
219
210
278
408
516
657
767
868
949
972
967
885
745
568
362
187
-11
-174
-315
-455
-542
-669
-736
-813
-914
-1009
-1172
-1304
-1435
-1573
-1640
-1741
-1789
-1813
-1837
-1776
-1737
-1625
-1520
-1412
-1276
-1158
-1020
-907
-795
-680
-581
-468
-384
-295
-191
-119
-33
25
119
185
225
283
312
371
419
453
485
491
485
484
478
478
481
506
534
563
582
632
718
777
835
841
864
834
754
684
567
460
337
232
161
98
71
71
88
140
178
245
280
281
265
234
228
178
172
170
190
249
327
499
691
891
1095
1298
1506
1697
1820
1955
2039
2086
2113
2078
2066
1982
1907
1827
1738
1662
1547
1425
1301
1185
1076
955
830
721
619
552
489
433
390
340
313
281
245
215
149
86
-1
-77
-154
-258
-331
-421
-474
-528
-581
-614
-656
-713
-795
-894
-996
-1101
-1224
-1353
-1486
-1622
-1729
-1819
-1866
-1892
-1899
-1853
-1786
-1696
-1587
-1463
-1329
-1190
-1065
-939
-831
-701
-585
-460
-331
-191
-23
139
306
425
537
647
742
822
867
866
831
772
712
654
576
489
388
303
224
138
72
9
-49
-104
-160
-221
-289
-348
-396
-431
-441
-439
-442
-430
-419
-403
-388
-369
-354
-364
-358
-384
-369
-348
-326
-274
-232
-151
-78
18
104
174
263
337
395
455
499
562
635
721
822
937
1060
1169
1294
1417
1536
1640
1701
1745
1744
1727
1709
1675
1660
1616
1591
1582
1593
1629
1651
1681
1683
1681
1653
1604
1531
1408
1258
1058
859
646
434
205
-34
-267
-489
-687
-866
-1011
-1157
-1278
-1397
-1501
-1598
-1697
-1800
-1915
-2018
-2123
-2234
-2337
-2418
-2491
-2524
-2540
-2528
-2492
-2432
-2339
-2235
-2104
-1975
-1845
-1719
-1596
-1473
-1351
-1221
-1072
-927
-772
-647
-519
-381
-279
-170
-83
6
64
98
109
104
92
73
40
0
-46
-105
-145
-211
-259
-308
-350
-391
-450
-478
-511
-529
-565
-607
-637
-663
-682
-690
-696
-701
-711
-696
-665
-632
-599
-575
-539
-510
-475
-456
-431
-413
-413
-397
-375
-323
-265
-203
-129
-61
30
138
245
355
453
551
655
736
829
891
963
1024
1085
1161
1217
1300
1352
1429
1495
1577
1659
1712
1796
1837
1870
1881
1875
1856
1815
1769
1718
1642
1574
1491
1428
1373
1286
1220
1118
1030
916
792
681
543
419
262
114
-11
-120
-199
-278
-342
-388
-431
-459
-501
-552
-596
-668
-737
-819
-887
-946
-1014
-1050
-1087
-1081
-1066
-1040
-1002
-957
-906
-859
-802
-751
-710
-688
-682
-672
-660
-648
-647
-644
-622
-610
-580
-549
-521
-490
-483
-472
-472
-475
-491
-545
-590
-641
-687
-726
-770
-790
-809
-809
-799
-772
-731
-689
-650
-636
-634
-624
-616
-623
-626
-631
-613
-589
-556
-515
-466
-408
-356
-308
-267
-230
-211
-173
-152
-116
-75
-35
35
102
209
314
434
553
660
788
895
1005
1105
1187
1262
1312
1357
1405
1445
1501
1562
1624
1701
1772
1872
1964
2053
2128
2171
2210
2212
2183
2129
2042
1944
1841
1718
1596
1460
1338
1229
1123
1046
957
888
818
729
663
590
521
440
333
250
162
97
41
0
-5
-2
22
60
102
162
214
261
308
341
377
392
401
398
386
392
394
407
433
453
471
490
500
494
473
432
383
309
214
109
-5
-100
-206
-280
-348
-411
-446
-485
-498
-524
-545
-573
-627
-682
-752
-822
-898
-995
-1086
-1162
-1228
-1282
-1342
-1387
-1423
-1457
-1488
-1519
-1562
-1624
-1705
-1792
-1881
-1972
-2057
-2133
-2183
-2225
-2235
-2217
-2164
-2075
-1979
-1873
-1762
-1641
-1511
-1389
-1269
-1150
-1036
-905
-766
-634
-484
-338
-183
-28
119
281
416
549
653
743
835
891
951
994
1030
1071
1096
1132
1182
1236
1302
1360
1431
1493
1542
1595
1609
1608
1566
1500
1414
1303
1197
1085
971
868
772
702
653
613
599
579
568
548
510
469
402
314
214
105
9
-81
-155
-199
-230
-240
-224
-180
-118
-48
17
83
153
221
288
341
395
442
474
507
531
546
555
567
563
554
543
536
533
519
503
481
453
415
361
294
212
105
1
-100
-196
-288
-386
-453
-511
-564
-606
-637
-656
-681
-713
-742
-788
-836
-892
-970
-1044
-1128
-1206
-1294
-1372
-1449
-1515
-1562
-1626
-1672
-1729
-1775
-1806
-1847
-1870
-1894
-1916
-1920
-1914
-1884
-1858
-1823
-1762
-1690
-1618
-1539
-1452
-1357
-1264
-1174
-1079
-995
-917
-839
-758
-670
-587
-497
-391
-282
-181
-84
19
127
206
278
342
389
429
453
474
473
471
466
472
476
466
470
484
491
491
474
471
472
464
462
456
450
443
434
438
444
438
445
458
469
483
496
521
553
587
643
688
746
803
865
942
997
1056
1101
1147
1179
1193
1214
1222
1227
1214
1217
1225
1217
1218
1217
1217
1215
1189
1156
1112
1058
991
919
838
751
664
596
536
476
433
404
386
379
373
372
366
331
296
245
196
148
105
61
4
-51
-103
-130
-159
-193
-231
-287
-338
-398
-447
-492
-562
-621
-679
-717
-746
-785
-798
-794
-784
-767
-751
-716
-684
-649
-601
-558
-505
-459
-402
-350
-303
-260
-214
-162
-120
-78
-46
-11
25
60
96
138
179
213
249
279
290
290
274
244
197
123
54
-21
-86
-160
-220
-269
-325
-348
-372
-383
-381
-399
-408
-423
-443
-463
-490
-518
-548
-584
-602
-606
-598
-573
-529
-465
-393
-317
-244
-157
-92
-33
23
62
108
152
200
252
305
363
435
518
609
702
780
851
916
974
1019
1033
1040
1032
1020
1014
1003
1007
1015
1026
1038
1053
1078
1097
1104
1109
1101
1080
1049
1017
984
950
909
882
860
837
815
792
765
729
682
618
540
453
354
254
157
58
-27
-90
-134
-175
-219
-242
-266
-292
-330
-380
-435
-508
-573
-628
-673
-697
-715
-702
-662
-611
-543
-475
-392
-331
-274
-223
-186
-159
-154
-156
-144
-133
-116
-96
-75
-44
-16
13
34
49
55
45
23
-19
-66
-116
-175
-231
-290
-343
-390
-423
-444
-466
-490
-519
-539
-563
-583
-608
-640
-676
-710
-746
-779
-806
-824
-834
-835
-828
-821
-806
-788
-769
-758
-746
-732
-727
-721
-718
-716
-708
-706
-692
-677
-655
-622
-593
-547
-510
-467
-431
-402
-358
-322
-294
-272
-255
-229
-212
-187
-158
-138
-108
-92
-65
-40
-27
-16
-13
0
6
5
8
-1
-6
-8
-19
-12
-9
0
8
17
21
26
37
36
30
17
3
-16
-22
-25
-27
-29
-40
-39
-28
-12
-6
-10
-2
3
12
18
23
22
29
44
71
103
131
159
191
230
263
302
336
363
383
409
423
443
470
493
522
540
567
588
609
624
623
619
606
578
546
510
466
409
347
281
215
150
79
11
-53
-109
-171
-224
-285
-343
-398
-453
-507
-558
-608
-652
-680
-716
-746
-771
-778
-774
-759
-739
-711
-672
-628
-587
-540
-496
-462
-418
-379
-341
-312
-283
-252
-218
-182
-146
-106
-51
-4
41
83
120
164
199
230
238
239
231
233
240
232
222
211
216
226
241
256
265
266
265
260
247
220
190
160
134
110
85
64
47
32
22
12
17
2
-15
-37
-64
-88
-124
-154
-180
-205
-222
-227
-225
-220
-207
-185
-163
-137
-103
-66
-37
-20
0
26
55
79
117
159
206
256
306
363
416
469
526
579
628
664
697
730
764
793
827
861
889
917
945
970
989
1000
1004
1000
982
952
923
894
854
809
762
719
678
638
607
570
531
490
454
417
366
307
246
193
140
90
51
9
-29
-54
-65
-68
-73
-72
-68
-60
-57
-54
-51
-60
-70
-86
-88
-96
-107
-114
-115
-106
-94
-76
-52
-34
-23
-8
4
21
26
27
25
7
-6
-9
-13
-17
-24
-27
-21
-16
-14
-14
-10
-10
-13
-23
-38
-58
-85
-103
-121
-147
-180
-207
-226
-242
-257
-260
-258
-262
-275
-286
-292
-308
-330
-347
-366
-385
-400
-405
-394
-381
-371
-361
-342
-312
-280
-246
-223
-206
-190
-171
-155
-145
-141
-128
-112
-99
-76
-50
-18
6
33
64
92
110
119
129
136
125
110
98
82
65
41
39
45
47
52
62
74
90
98
104
105
94
78
61
44
14
-14
-34
-50
-66
-71
-65
-56
-50
-40
-19
-4
2
-2
0
-6
-20
-34
-43
-47
-51
-47
-33
-17
-1
24
57
91
118
145
166
184
195
197
195
185
166
148
137
127
120
114
113
101
87
73
59
42
21
-3
-31
-70
-111
-150
-188
-231
-282
-323
-362
-397
-428
-450
-469
-499
-534
-568
-596
-630
-665
-701
-732
-762
-786
-799
-810
-824
-834
-822
-809
-796
-782
-761
-738
-714
-690
-672
-646
-623
-601
-568
-534
-502
-467
-423
-376
-329
-276
-221
-176
-141
-102
-56
-18
15
44
67
86
110
130
151
171
185
201
218
233
240
248
253
246
239
233
219
209
195
178
160
142
124
107
95
81
66
60
59
50
39
19
2
-11
-24
-30
-43
-54
-60
-63
-67
-73
-73
-64
-54
-42
-33
-18
0
14
28
50
73
91
107
129
161
195
226
261
294
326
358
389
419
441
462
484
502
521
535
540
553
565
571
577
583
581
577
571
564
551
536
526
505
474
440
402
370
334
295
254
209
168
126
82
39
-6
-54
-93
-133
-180
-221
-261
-298
-327
-352
-373
-385
-403
-415
-423
-425
-430
-436
-429
-420
-410
-398
-385
-370
-350
-328
-301
-274
-241
-209
-177
-147
-116
-81
-51
-23
-3
26
54
84
115
143
173
197
215
234
254
270
283
287
294
298
299
306
309
311
317
322
328
328
327
331
329
325
322
312
303
291
276
262
247
240
234
233
231
231
223
221
216
207
206
200
193
191
184
182
178
176
183
189
197
208
221
242
256
268
285
295
300
311
318
326
333
337
343
344
352
351
350
358
363
368
375
373
366
359
349
343
334
327
316
298
279
264
250
233
207
179
160
135
109
83
54
27
-1
-30
-57
-79
-103
-127
-154
-174
-188
-204
-215
-230
-242
-247
-256
-265
-273
-283
-286
-293
-297
-299
-299
-301
-301
-303
-303
-300
-299
-290
-287
-282
-271
-268
-264
-264
-260
-253
-253
-246
-243
-239
-238
-243
-246
-245
-250
-253
-252
-254
-255
-262
-262
-262
-266
-271
-273
-280
-281
-278
-277
-276
-277
-277
-276
-279
-275
-264
-253
-242
-242
-241
-235
-233
-232
-228
-222
-217
-218
-216
-205
-192
-179
-168
-153
-141
-125
-107
-88
-67
-53
-35
-19
-3
19
43
67
83
99
119
133
146
153
163
169
174
178
181
186
189
182
176
169
165
167
164
159
146
135
123
113
101
86
73
52
39
24
7
-10
-34
-46
-62
-80
-99
-125
-146
-159
-175
-190
-203
-217
-229
-240
-247
-251
-262
-265
-265
-265
-264
-267
-265
-265
-258
-250
-252
-250
-248
-240
-226
-213
-205
-201
-195
-182
-165
-149
-140
-137
-137
-134
-121
-116
-112
-117
-115
-112
-113
-107
-108
-111
-120
-129
-136
-139
-147
-158
-172
-185
-198
-213
-221
-229
-242
-255
-261
-275
-283
-289
-295
-297
-304
-305
-303
-301
-302
-305
-305
-299
-300
-293
-283
-277
-269
-257
-249
-237
-229
-215
-193
-178
-152
-130
-108
-89
-69
-49
-22
1
24
54
78
100
120
145
169
186
206
228
246
265
276
293
299
310
321
326
331
332
339
344
352
347
345
343
338
339
341
341
333
325
322
321
313
307
295
285
273
261
261
257
250
240
233
232
229
231
226
217
211
204
200
201
202
204
207
210
211
215
224
229
235
241
247
247
254
263
267
270
267
265
274
282
284
282
278
278
276
275
275
263
256
253
244
238
223
207
188
171
156
137
121
99
76
55
40
19
-3
-21
-40
-54
-72
-86
-100
-118
-129
-145
-161
-172
-182
-180
-180
-183
-183
-189
-194
-195
-193
-182
-174
-168
-160
-149
-138
-130
-121
-109
-95
-87
-73
-54
-37
-19
-5
7
23
40
59
80
87
98
106
113
129
135
143
148
149
152
155
163
165
164
166
167
165
167
162
155
150
142
136
126
122
123
123
116
112
104
95
87
73
73
71
63
60
49
45
41
40
43
46
56
66
67
75
79
79
87
93
97
103
112
119
127
135
151
163
175
183
189
199
212
216
222
231
225
223
226
233
236
229
223
220
213
206
190
177
170
151
134
115
99
79
55
33
12
-7
-24
-40
-69
-93
-119
-144
-164
-184
-199
-220
-237
-251
-265
-277
-290
-305
-311
-314
-322
-329
-336
-340
-338
-340
-340
-339
-338
-332
-326
-324
-315
-307
-295
-287
-285
-276
-261
-252
-243
-236
-228
-222
-218
-211
-199
-187
-175
-169
-164
-160
-158
-147
-144
-140
-136
-134
-131
-131
-124
-118
-117
-120
-123
-121
-119
-118
-119
-116
-114
-121
-125
-125
-118
-116
-115
-109
-102
-98
-94
-90
-81
-72
-65
-61
-55
-51
-42
-27
-19
-10
4
17
32
40
53
63
72
88
103
123
131
141
150
162
176
182
190
197
201
204
212
217
226
231
231
228
226
225
230
231
223
214
202
195
183
175
171
158
146
132
119
106
89
74
60
48
39
24
11
-1
-16
-29
-38
-48
-57
-61
-65
-69
-81
-82
-83
-90
-98
-100
-100
-97
-90
-85
-78
-76
-73
-66
-53
-41
-37
-38
-31
-23
-18
-12
-11
-9
-6
-3
0
3
0
-2
1
2
0
-2
-6
-15
-27
-35
-43
-50
-59
-65
-63
-72
-83
-88
-89
-96
-108
-119
-124
-134
-143
-151
-164
-166
-175
-178
-179
-185
-187
-186
-180
-179
-180
-182
-171
-165
-152
-140
-136
-126
-118
-102
-90
-83
-78
-59
-41
-21
-5
5
18
23
39
59
70
77
87
103
121
137
147
157
168
179
192
203
212
216
220
230
226
219
218
219
225
222
219
219
211
202
192
186
178
165
154
148
141
127
116
101
92
79
71
63
49
41
34
24
13
6
5
5
-7
-12
-13
-8
-11
-15
-14
-9
-9
-8
