-32
-28
-11
7
2
17
10
6
13
1
11
12
4
14
-1
-8
-14
-31
-29
-32
-34
-26
-28
-21
-17
-16
-4
-6
-1
8
15
31
35
46
51
50
51
44
42
38
33
31
22
16
5
-5
-7
-15
-13
-10
-7
-1
-3
0
3
5
17
26
37
57
64
68
67
57
51
38
37
30
29
23
12
8
-10
-16
-24
-33
-22
-22
-11
5
2
19
22
19
28
18
27
35
24
39
26
17
18
-8
-6
-17
-31
-22
-37
-36
-33
-48
-29
-35
-31
-11
-21
-2
2
1
17
2
11
17
7
23
16
15
22
5
6
-8
-19
-14
-23
-18
-16
-26
-21
-27
-27
-22
-31
-16
-10
-3
18
21
27
29
18
14
7
6
9
3
5
3
-8
-19
-31
-42
-51
-47
-41
-35
-22
-18
-17
-11
-18
-12
-11
-9
11
17
27
40
34
32
27
11
8
2
6
17
21
32
22
10
6
-16
-17
-13
-11
8
8
14
20
2
13
4
-3
21
21
32
54
54
61
61
49
49
34
30
39
34
47
39
29
37
14
12
15
4
18
14
20
32
26
27
37
29
28
38
46
39
31
42
22
12
21
18
18
9
11
-1
-5
-1
-17
-20
-15
-2
-2
14
32
16
7
5
-6
9
8
-2
0
1
5
-1
-2
-13
-44
-56
-52
-59
-26
-12
-15
-11
-34
-39
-78
-48
-11
-34
6
6
-26
-36
-39
-34
-40
-40
-16
-48
-58
-41
-74
-80
-54
-39
-47
-57
-58
-88
-83
-41
-15
7
-2
-27
-92
-103
-87
-79
-15
-11
-12
-22
-98
-108
-107
-130
-81
-68
-68
-52
-84
-88
-106
-111
-66
-34
-15
13
0
-18
-39
-52
-20
-21
-8
-23
-63
-59
-90
-91
-20
-39
-53
-13
-79
-73
-44
-39
-8
-17
23
8
-27
5
-12
-12
33
51
53
36
45
-1
-79
-23
-21
-6
72
37
14
-12
-52
-30
14
35
54
25
2
19
-9
15
37
46
39
34
24
27
35
10
51
26
-6
3
-1
-12
10
32
-12
-15
-7
59
38
8
61
21
8
48
113
54
17
114
-50
-64
60
6
15
65
68
-54
-39
8
-29
0
16
51
-3
0
53
43
43
36
42
28
15
72
50
-17
17
55
28
-33
12
-12
-93
-74
41
-4
-8
76
-19
-43
-35
54
10
40
137
28
-4
36
90
20
104
69
-65
56
-35
4
89
-10
12
-23
-100
-93
14
48
15
85
30
-5
-1
17
40
-32
136
87
13
126
76
46
-32
102
70
-69
204
80
-91
172
47
-58
148
78
-14
47
25
43
77
54
102
83
40
-27
41
-28
-23
157
-43
33
77
-104
-49
42
-40
82
123
-10
95
19
-6
6
147
105
59
158
103
60
56
114
29
66
93
21
33
82
-7
-102
0
-20
-92
53
-50
-119
72
-96
26
82
55
45
35
147
-124
105
69
-132
148
-34
-83
60
1
-53
-8
45
-113
-94
67
-46
-146
1
-39
-142
72
78
1
72
138
46
-166
163
39
-180
133
21
-82
-111
45
-79
-241
-23
-35
-193
-74
43
-232
-56
58
-88
-177
73
143
-292
-28
20
-166
-100
131
-19
-202
236
-105
-206
129
-29
-252
0
225
-295
15
164
-154
-4
36
-56
-94
138
-111
-89
70
-259
32
-114
-189
248
-209
-274
176
-173
-263
38
0
-147
58
44
-65
-27
21
9
-291
135
58
-257
309
153
-264
159
89
-289
131
-53
-138
83
-36
-157
88
34
-150
189
-143
19
184
-190
53
277
-115
-105
385
-252
-49
475
-441
235
194
-305
228
2
-179
42
208
-342
159
225
-396
358
-120
-317
263
-10
-446
236
260
-546
271
-72
-320
286
-53
-197
72
70
-258
79
73
-125
127
-56
-84
21
-29
-142
78
-41
-98
-5
-27
-21
-20
43
-135
-7
10
-233
56
104
-284
157
26
-166
92
0
-171
-3
145
-175
38
-94
-71
-49
-227
203
-18
-161
123
-3
-417
93
119
-460
545
-8
-245
213
-227
61
-163
-128
98
-9
-148
26
-107
-166
137
-319
-31
176
-225
-89
88
-103
-159
325
-284
-103
489
-390
-61
453
-327
-265
708
-549
-129
702
-849
315
411
-775
542
391
-755
788
362
-802
883
328
-716
866
124
-458
737
55
-293
661
-96
-99
498
-288
278
333
-248
242
331
-364
86
440
-154
200
310
-382
183
429
-431
340
235
-330
249
-54
-175
189
-36
-171
149
66
-282
260
15
-291
438
-353
-151
638
-421
59
463
-395
196
176
-183
195
73
-110
15
446
-229
173
575
-624
448
284
-563
595
426
-498
497
589
-740
529
745
-878
540
775
-894
683
481
-729
665
26
-313
693
-290
-51
902
-700
-88
923
-945
436
907
-1011
499
459
-618
317
124
-204
355
142
-248
395
107
-391
387
-189
-269
279
-233
10
-107
9
-203
-304
218
-394
9
-294
-365
252
-459
-179
319
-398
-292
335
-363
-231
336
76
-699
349
262
-829
666
-48
-729
504
-190
-522
437
-199
-189
114
-448
41
203
-354
-174
541
-580
-157
596
-708
306
98
-233
59
-49
137
-58
-201
94
171
-596
110
287
-636
275
388
-627
58
383
-659
-83
252
-282
-11
215
86
-328
421
-76
-563
641
-272
-204
409
-381
-17
341
-328
-401
444
-305
-479
272
-30
-309
178
-42
-363
282
153
-275
203
415
-466
113
257
-351
220
130
-500
453
183
-774
587
-250
-132
173
-408
145
68
-169
33
-33
-83
440
-561
-113
318
-193
-84
285
-24
11
326
-126
-146
-14
474
-500
104
641
-469
275
356
-85
-83
388
-277
-83
288
-385
378
-451
-139
620
-950
-108
592
-972
224
343
-624
371
250
-622
38
463
-479
258
152
-114
327
-272
-266
439
-443
-25
368
-1025
513
87
-1194
706
80
-1238
925
-26
-1197
1286
-262
-679
1015
-188
-453
384
390
-755
77
838
-1026
109
544
-828
9
60
-262
-328
-141
196
-620
-238
602
-506
-268
571
-310
-123
350
-299
185
248
-186
325
-198
-19
325
-416
-109
384
-331
-31
710
-351
-199
540
-297
-335
669
-340
38
743
-313
148
38
162
-84
-61
516
-302
550
75
-249
376
-338
326
-210
-14
616
-395
456
186
-364
493
-244
-111
143
-52
76
242
-227
-70
327
-622
-33
291
-460
291
149
-34
187
8
289
-251
518
175
11
412
-161
521
-297
-275
780
-457
-389
850
-640
-327
545
-666
-373
537
-268
-692
884
-516
-169
812
-474
411
351
213
19
646
121
-124
1012
-385
-15
523
-398
-183
131
-134
-164
-113
99
-181
-212
152
27
-312
40
315
-536
67
709
-363
-119
780
-482
-309
681
-599
-124
771
-687
-28
325
-653
150
175
-268
171
-19
-180
96
27
-234
425
54
-568
994
-493
-936
1778
-967
-524
2117
-1393
-361
1732
-1414
-174
1377
-1166
211
1074
-1075
263
966
-1304
645
885
-1528
1305
78
-1154
1344
-706
-590
888
-492
-397
881
-491
-71
453
-435
86
192
-87
-28
132
-75
150
-66
-281
421
-305
-184
348
-525
288
-131
-165
356
-604
348
-182
-529
660
-133
-293
431
-13
-104
-53
184
222
-720
548
-46
-803
880
-539
-284
128
-331
-145
-444
534
-270
-247
365
-240
-1
297
-145
145
47
-117
270
-120
-124
314
-587
11
525
-788
456
23
-589
78
33
-195
-318
453
-204
-358
245
109
-417
111
705
-958
312
594
-984
468
392
-687
623
-51
-448
354
-90
-580
590
-173
-365
1143
-832
-70
529
-797
390
-252
46
-163
-9
48
-422
599
-887
760
-383
-598
1051
-780
70
616
-342
-49
492
-211
-430
596
39
-742
885
-272
-568
1089
-865
-1
525
-768
189
287
-486
174
338
-261
255
268
-310
307
436
-306
485
-14
59
-123
215
238
-351
574
-24
-200
209
33
-257
277
201
-202
204
65
204
-530
272
150
-554
614
42
-413
587
-209
-399
524
-590
175
-279
-184
532
-767
385
422
-503
243
288
-446
-6
720
-612
-4
731
-639
-128
305
-26
-350
281
575
-1155
635
546
-1486
1028
-145
-1010
1046
-686
-279
787
-708
383
158
-451
661
-250
-137
240
-156
-102
-330
539
-732
321
449
-928
799
-189
-461
641
-386
-174
400
-288
183
-37
-22
-33
-134
87
-114
136
99
-141
267
-280
-268
741
-665
-50
517
-748
295
569
-346
79
883
-704
350
595
-768
532
-17
-311
192
-78
-397
335
-292
-582
502
-542
284
102
-453
305
-153
-94
23
186
24
-38
217
120
147
319
-131
349
-60
214
96
-130
284
-549
-209
-48
-525
-21
156
-596
97
-38
-379
228
-138
-344
184
-401
-104
205
-124
-127
625
-629
113
860
-950
551
195
-482
157
-192
-5
-442
256
-188
-622
598
-448
216
-8
-279
768
-740
618
17
-471
709
-600
489
-291
-192
705
-950
320
240
-768
594
-21
-155
-28
60
66
-275
558
-520
626
718
-738
1193
-449
8
587
-316
342
-136
605
-689
357
-7
-586
632
-620
694
-180
-191
657
-780
623
-38
-257
458
2
-280
271
189
-455
655
-151
359
95
-128
452
-592
387
-16
-44
-92
242
-172
-454
629
-586
581
-55
101
167
-126
121
-101
319
-404
851
-588
-33
658
-791
223
-66
94
-133
355
-273
40
156
-391
383
-452
218
281
-322
411
253
-416
845
-422
136
424
-843
847
-300
-633
735
-779
-306
695
-741
2
537
-577
129
189
-248
-162
146
-288
-457
497
-956
222
289
-984
945
-653
13
355
-465
277
-518
399
-516
-229
316
-563
-113
147
-184
-282
519
-608
157
338
-550
283
-93
-113
130
287
-452
370
-218
-459
260
-9
220
-286
770
-586
-309
709
-947
639
-16
-245
631
-404
483
84
-223
568
-29
-421
696
107
-425
459
-18
-589
533
401
-898
1086
207
-742
1094
-490
-247
333
-367
644
-682
492
232
-550
845
-24
-252
437
570
-719
897
-531
-121
474
-621
375
-247
145
-597
732
-225
-410
1287
-744
-36
622
-205
-366
629
206
-549
537
243
-885
582
167
-580
647
-101
99
0
53
78
-428
366
-218
215
648
-637
689
-95
-809
1282
-831
27
697
-663
147
-430
346
-960
228
578
-1538
1104
-117
-542
759
-421
43
75
94
-305
283
-151
119
138
-779
963
-684
10
668
-916
478
-210
-7
-444
-172
-141
-397
68
-162
-294
-100
184
-609
601
-673
22
421
-786
32
117
-506
-121
764
-1680
517
-110
-729
614
-704
673
-1090
845
-644
-646
1129
-1361
911
48
-445
222
-130
-89
-367
453
-590
-18
503
-643
3
-278
36
-508
-115
423
-901
355
322
-502
-82
607
-729
-409
428
-366
-163
115
374
-827
865
10
-826
890
-590
317
-294
-408
956
-729
-11
371
-420
141
64
232
105
-124
667
-540
-62
694
-305
70
-87
669
-681
-33
743
-854
276
289
-117
28
287
43
-36
452
111
-417
484
506
-853
1119
144
-299
971
-229
49
-127
877
-239
-337
1114
-706
-318
750
-654
182
398
-420
153
45
-98
402
-59
-267
775
-558
81
568
-546
1019
-259
73
611
-451
518
-133
329
-232
270
-85
-670
828
-529
-562
890
-346
-194
1029
-562
264
387
-426
484
-294
295
448
-977
920
-310
-1293
1521
-764
-497
1318
-990
298
389
-137
-501
642
-167
-538
1428
-1505
802
874
-1481
1147
-34
-1002
1199
-499
-744
1291
-863
280
53
-609
697
-798
-110
635
-437
-98
442
-521
-41
197
-194
-234
-58
447
-680
443
648
-706
249
73
-472
63
183
-299
-7
806
-984
78
473
-1092
786
-102
-505
964
-230
-471
1152
-1172
99
967
-1713
1270
268
-1393
1466
-45
-1046
961
-42
-640
960
-93
-499
1071
-617
135
250
-780
1345
-909
252
900
-1290
1174
-421
375
180
-650
1739
-1805
543
937
-1794
1310
-188
-624
483
538
-200
-537
1201
-702
-322
899
-1260
1087
288
-1116
1519
-719
-48
965
-932
305
320
-336
96
-432
1188
-843
-856
2098
-2142
550
1120
-1571
1076
-67
-111
-199
519
-163
-657
860
-599
-159
751
-827
607
253
-1035
980
-141
-128
539
-397
-11
575
-1029
252
497
-1021
650
-96
-460
163
207
-581
-68
243
-811
400
-380
-99
-64
-689
411
-715
-34
31
-547
81
-455
416
-743
-108
514
-1615
846
-394
-799
1054
-543
-196
42
108
-757
289
-67
-887
728
-640
-350
269
-607
11
-507
287
-464
25
812
-1444
780
-98
-1288
1412
-948
-296
770
-823
463
-10
-42
191
-25
194
-559
454
36
-111
480
-740
314
197
-769
629
-96
-110
371
-472
384
92
-112
114
-360
95
-366
140
-36
-247
619
-662
120
397
-501
461
-195
65
-10
-331
743
-621
60
177
-599
369
13
398
-58
210
283
-891
449
-175
-208
355
-551
313
-375
120
208
-801
666
-587
-68
759
-849
1101
-293
-399
492
-818
724
-99
-137
402
-479
311
-84
545
-272
-184
636
-1018
255
558
-533
663
190
-289
641
-283
491
30
-17
247
87
684
-913
1434
28
-1530
1414
-412
-407
1510
-658
-60
674
-330
87
256
239
124
409
-301
-125
887
53
-83
574
-406
336
385
132
327
-256
121
-552
-562
141
-171
-248
49
-390
-80
-138
-479
613
-48
1
394
240
747
550
753
188
329
756
80
255
197
-322
-263
-471
14
-380
-413
124
-1440
-310
-143
-794
571
15
362
-31
-37
503
-127
1020
108
444
444
-260
1037
187
252
483
-192
25
529
-130
-12
-154
-235
207
-660
497
-431
131
530
-913
613
126
214
514
-56
-259
58
459
99
230
356
-200
48
429
-41
382
596
22
375
38
-302
906
-168
-370
465
-449
-246
614
-135
-199
280
-538
77
-48
20
-110
-311
234
-217
165
61
612
147
-289
327
147
-287
386
60
-618
465
-539
-431
385
-563
-303
151
-395
-10
312
-451
126
237
-265
-313
406
-249
-402
763
-763
-41
477
-892
96
451
-647
4
857
-573
323
287
-751
453
-14
-125
303
134
-79
284
90
-686
96
-307
-653
543
-213
-544
144
-661
-256
-335
-719
451
-369
-200
535
-539
-146
294
-232
-272
-283
-153
-46
-363
-121
-183
-436
-371
-178
-565
-792
-134
-639
-706
3
-390
-525
-332
-137
-219
-751
284
-55
-611
-33
-212
-392
-435
-256
-823
-84
127
-626
-288
-223
-153
-262
-369
606
193
-304
590
-271
-417
531
-55
-259
383
-48
-190
31
57
240
-342
-31
-2
-413
-12
222
-334
-269
559
-167
0
632
-66
27
441
-7
453
388
-94
632
-106
-31
464
-56
272
323
-260
-60
376
108
-23
257
201
-477
317
266
-302
678
-219
-455
774
-45
-337
654
102
-162
433
-315
-222
725
-242
-128
434
-301
398
441
-382
429
281
-660
399
280
-121
393
-177
-297
3
-137
-501
2
70
-477
48
-82
-361
395
13
-254
119
-30
-425
87
381
-422
96
-14
82
638
51
-116
112
-34
-98
118
26
269
-197
-143
183
-150
-119
-45
-270
-221
-155
-131
67
300
304
-630
-191
264
-158
148
193
45
150
283
451
415
253
165
-110
60
283
461
607
12
250
158
-370
494
280
-153
237
13
-35
285
171
-130
-149
136
-60
80
471
429
297
279
264
276
184
213
268
-107
49
232
195
148
121
-177
-311
180
383
-35
-93
61
-289
-219
-18
-97
-223
-271
-412
-343
-255
-29
-88
-406
-373
-275
-334
61
207
-342
-202
-149
-333
38
58
-254
29
10
-233
107
83
-74
-246
-469
-362
-193
-5
20
-105
-416
-258
-208
-424
-60
5
-213
147
464
368
290
412
460
147
738
688
572
1145
774
764
1079
1042
1121
1050
895
797
770
1057
1101
1264
1122
693
686
555
503
662
575
482
211
118
314
77
277
431
-79
-105
174
2
25
338
-40
-358
-81
-363
-456
-200
-279
-523
-828
-764
-892
-879
-669
-1037
-1002
-977
-1187
-873
-1213
-1157
-983
-1414
-1110
-943
-1069
-755
-737
-865
-753
-789
-808
-810
-624
-744
-852
-418
-752
-900
-498
-1002
-873
-600
-1107
-797
-623
-827
-685
-616
-570
-435
-140
-281
-280
89
-250
152
628
536
1084
1126
790
977
1031
1047
1406
1555
1635
1932
1755
1703
1969
1459
1932
2352
1529
2537
2630
1834
3012
2777
2154
3767
2960
1155
1192
-744
-1920
-285
-449
-1283
-686
-2644
-4914
-4819
-5685
-5544
-3868
-3762
-3625
-2423
-1973
-821
445
146
486
808
1070
2668
4004
4340
4708
3877
2432
2097
1579
1139
1016
-108
-1311
-1749
-2691
-3215
-3463
-4947
-5877
-6185
-6685
-6171
-4871
-4496
-4217
-3499
-3607
-3200
-1879
-1110
-35
1118
1662
2439
3032
3264
3714
3669
3482
4030
3902
3885
4025
3120
2313
1582
583
-114
-303
-704
-1124
-1209
-1393
-1834
-1162
-854
-1119
-233
334
425
1730
3080
3175
4449
5528
5092
6137
6855
6303
6871
5680
3145
2258
1129
839
2118
1188
-826
-2027
-5335
-7906
-7182
-7130
-6209
-4009
-4840
-5285
-3840
-3433
-1830
-532
-651
338
1526
2801
5093
6148
5931
5642
3964
2540
3140
3648
3821
3584
1889
224
-973
-2666
-4023
-5357
-6794
-7087
-7305
-7560
-7256
-7629
-8743
-9206
-8746
-7357
-5038
-2966
-1633
-948
-316
975
2203
3487
4934
5467
5647
6196
6315
6322
6069
4883
3353
1989
1134
968
651
-205
-1088
-2384
-3442
-3517
-3649
-3379
-2681
-2579
-2394
-1480
-395
551
2139
2887
3253
4475
5351
6362
7995
8721
8905
9158
8852
8607
6625
3896
2661
1177
1133
2987
1563
-976
-2170
-7013
-10600
-9274
-9007
-7089
-3800
-5127
-6171
-5112
-4881
-3014
-1328
-919
948
2456
3921
6603
7391
6937
6513
3967
2324
3784
4775
5426
5150
2085
-538
-2593
-4744
-5296
-5602
-6752
-7690
-8250
-9122
-8983
-8112
-8947
-9911
-9452
-8575
-6665
-3292
-389
464
583
977
594
1444
4184
5873
6743
7222
6680
5565
4718
4271
2933
1464
1022
343
-298
-488
-1283
-2810
-4316
-5111
-5236
-4445
-3062
-2191
-1892
-1492
-943
198
1561
2975
4330
5100
5716
7123
8315
8745
10015
9724
8861
8865
5806
3218
3047
1589
2386
3632
611
-1528
-3983
-9117
-10237
-8878
-8077
-4910
-3609
-5811
-6032
-5653
-5072
-2351
-1227
-110
2352
3148
4571
6377
5984
5894
5124
2908
3102
4446
4941
4795
2756
45
-1929
-3944
-4781
-5110
-6144
-5995
-6932
-8599
-7948
-7816
-8383
-8032
-8141
-8085
-5996
-3504
-1861
-701
96
330
-34
1043
2907
4013
5701
6840
5758
5155
5085
4102
3377
3027
2631
2016
1466
918
-303
-1557
-2099
-2955
-3459
-2889
-2095
-1721
-1284
-587
-482
265
1442
2304
3431
4476
5404
6192
6869
7481
8071
8367
8142
7519
4804
2372
2569
2172
3218
4126
849
-2156
-5260
-9254
-8896
-6306
-4171
-1626
-2591
-5428
-5943
-5495
-3661
-649
675
1515
2822
2565
3171
4439
4213
4167
3161
1635
2674
3721
3642
3264
693
-2002
-3223
-4459
-5067
-4291
-4372
-5419
-6218
-7731
-8460
-8037
-7744
-7109
-6598
-5495
-3930
-3629
-2897
-1631
-1782
-609
1119
1260
2689
4199
4123
4226
4398
4210
4066
3805
3384
2555
1692
1427
559
-569
-683
-1113
-1944
-2079
-2188
-2332
-1867
-1667
-1630
-1016
-22
1488
2387
2983
3615
3782
4412
5573
6755
7629
8577
8429
7326
5385
2977
2192
2406
3339
4603
3083
-109
-2474
-6771
-8776
-6491
-4681
-1743
148
-2451
-4876
-5472
-5293
-2741
9
1875
3880
3878
3124
3221
2499
2778
3668
2705
2838
4068
4020
3709
2153
-669
-2495
-3732
-4281
-3568
-2942
-3028
-4260
-6332
-8668
-9754
-8641
-7121
-5432
-3744
-3706
-4781
-5086
-4850
-4039
-1717
952
1934
2261
2677
1999
1624
2605
3561
4113
4707
4526
2869
1585
950
-82
-589
-281
-276
-685
-1023
-1655
-2718
-3224
-2878
-2693
-1895
-315
677
1259
1512
1134
1144
1942
3348
5038
6403
6581
6539
5873
5366
5828
4187
2825
2424
1552
2355
3648
1942
-80
-2065
-6417
-7701
-5856
-3843
-338
1061
-1801
-4584
-6354
-6077
-2841
-95
2691
4289
2736
1229
162
-615
1223
3333
3537
3813
3489
2181
1144
-184
-1049
-1219
-1850
-2071
-2280
-3149
-3114
-3829
-5778
-6410
-6613
-6281
-4789
-3573
-3098
-3183
-3780
-4446
-4084
-2624
-318
1673
1932
1538
648
-269
634
2303
3625
4760
4374
2732
1140
387
804
1559
2078
2082
1068
-247
-873
-1250
-1196
-708
-427
-534
-374
-114
211
679
831
1066
1231
1874
2778
3847
4148
4104
4061
3755
4088
4928
5801
4650
3244
2000
678
1222
2970
2869
1410
620
-3009
-5322
-4038
-2843
-428
1457
60
-2751
-4554
-4775
-2822
-703
1522
2633
985
-382
-1252
-1818
-405
1874
2042
1590
1270
92
-404
-550
-666
-870
-1354
-1472
-1842
-2422
-2014
-2144
-3108
-3313
-3497
-3381
-2639
-2272
-2158
-2221
-2670
-2498
-2026
-1346
94
479
-149
-631
-988
-453
1086
2387
2782
2432
1372
382
-61
485
1784
2630
2503
1380
119
-834
-796
-318
17
511
455
136
-387
-717
-382
12
454
856
1002
1159
1449
1741
2002
2257
2614
2884
3099
3153
3214
3184
3062
2837
2009
1733
1802
1978
2429
2280
1152
421
-654
-1716
-1198
-836
62
660
-27
-1130
-2345
-2958
-2576
-1804
-1012
111
8
-1117
-1987
-3009
-3116
-1717
-557
-4
246
-749
-2171
-3076
-3063
-1924
-601
436
391
-551
-1469
-2243
-2355
-1720
-686
220
398
-222
-1091
-1697
-1758
-1425
-930
-335
-26
-98
-474
-1031
-1344
-1168
-711
-381
-152
144
292
77
-204
-440
-443
105
633
912
1138
1095
572
245
486
1057
1600
2243
2046
1067
503
-118
-86
802
1474
1639
1252
351
-359
-658
-148
834
1310
1462
1163
497
237
619
1396
2225
2600
2498
2094
1628
1660
1924
2239
2623
2443
2027
1512
1055
476
176
135
-285
-563
-904
-1189
-1361
-1472
-2072
-2432
-2510
-2874
-2609
-2278
-2083
-1974
-2117
-2609
-2709
-2140
-1392
-452
-47
-110
-518
-1175
-1365
-941
-213
663
1044
457
-344
-1286
-1771
-1439
-692
108
231
-392
-1510
-2468
-2629
-1900
-793
187
405
-335
-1288
-1933
-1807
-758
601
1364
1317
679
-309
-734
-455
402
1387
1835
1752
1065
200
-273
-234
269
924
1261
1023
446
-184
-675
-665
-353
193
529
452
394
224
40
79
313
639
1131
1490
1725
1642
1431
1413
1334
1672
2163
2404
2406
2050
1543
1142
1017
1133
1243
1081
815
348
-225
-525
-731
-853
-861
-1030
-1254
-1401
-1420
-1291
-1183
-1088
-1038
-1057
-957
-787
-517
-82
179
355
436
438
599
698
780
898
841
739
688
589
580
457
184
-133
-362
-409
-364
-316
-504
-772
-1075
-1284
-1346
-1286
-1060
-792
-642
-641
-707
-718
-499
-276
80
389
609
840
739
647
586
478
628
779
723
608
339
17
-210
-375
-302
-149
-96
-135
-418
-672
-749
-707
-476
-281
-83
73
96
168
199
293
520
693
805
939
1052
1139
1089
868
665
558
584
685
650
485
167
-280
-616
-768
-724
-596
-531
-692
-942
-1130
-1215
-1093
-921
-663
-468
-357
-254
-229
-65
214
490
694
810
811
798
777
801
863
849
779
621
417
245
169
35
-171
-366
-561
-613
-617
-667
-724
-791
-823
-822
-779
-589
-360
-149
-8
41
151
239
403
623
783
951
1021
984
909
783
713
695
637
552
373
187
41
-66
-151
-274
-360
-484
-605
-605
-603
-535
-483
-460
-425
-400
-254
-126
-20
122
233
340
443
519
600
650
728
731
691
651
538
473
351
207
91
-39
-112
-189
-312
-406
-540
-679
-712
-736
-649
-528
-479
-412
-431
-392
-279
-137
53
209
313
308
206
88
6
-9
39
70
21
-87
-256
-474
-672
-811
-889
-899
-942
-993
-1006
-1090
-1144
-1115
-1066
-939
-815
-682
-513
-440
-321
-216
-167
-4
116
225
361
383
404
362
278
303
222
212
228
79
3
-168
-351
-398
-499
-512
-514
-564
-535
-524
-485
-411
-367
-262
-176
-71
132
235
382
439
467
530
537
624
722
780
822
774
652
554
444
382
381
401
382
300
204
80
41
16
12
79
69
65
102
158
281
344
371
413
414
532
635
655
655
521
435
306
170
196
173
191
168
-32
-160
-342
-497
-523
-595
-560
-556
-618
-609
-695
-782
-755
-731
-637
-489
-457
-378
-332
-344
-299
-284
-206
-117
-78
-48
-61
-119
-144
-155
-178
-154
-141
-188
-264
-379
-446
-427
-374
-298
-294
-331
-358
-370
-313
-192
-87
-11
45
75
115
153
215
292
341
387
395
386
390
378
357
358
345
317
278
250
250
218
245
279
283
334
388
434
484
473
516
567
610
753
851
915
938
917
934
930
928
942
904
873
825
699
622
536
452
404
326
306
239
125
61
-74
-163
-208
-246
-196
-173
-188
-198
-254
-280
-288
-266
-181
-149
-96
-72
-105
-142
-202
-233
-235
-225
-194
-191
-224
-265
-367
-458
-492
-514
-501
-469
-465
-475
-539
-592
-588
-575
-526
-501
-468
-417
-404
-366
-311
-264
-238
-218
-198
-186
-180
-141
-136
-153
-144
-189
-243
-292
-290
-255
-244
-193
-180
-218
-207
-223
-181
-72
6
175
234
263
335
330
430
530
571
657
700
772
820
757
734
676
642
645
626
634
526
411
330
209
180
137
88
83
42
51
15
-28
-7
-42
5
54
52
119
123
174
223
191
256
266
253
289
261
269
267
211
198
171
144
149
114
52
-24
-72
-121
-149
-152
-153
-145
-192
-216
-233
-276
-259
-241
-217
-153
-167
-159
-180
-224
-182
-208
-176
-143
-200
-174
-222
-280
-293
-386
-376
-372
-399
-352
-390
-407
-409
-452
-404
-399
-332
-267
-281
-181
-171
-122
-37
-20
73
119
168
261
223
239
249
183
222
152
100
64
-28
-10
-98
-157
-192
-310
-326
-379
-393
-346
-357
-307
-319
-340
-296
-322
-239
-180
-155
-35
-35
34
100
104
199
166
170
215
171
243
242
215
241
144
131
98
37
71
-2
-20
-24
-112
-130
-188
-234
-200
-221
-170
-140
-192
-176
-216
-247
-189
-180
-128
-72
-82
-60
-64
-60
-16
-13
9
47
23
12
-24
-78
-67
-67
-69
-55
-71
-57
-46
-64
-57
-41
-21
5
24
47
56
66
84
92
130
166
179
170
170
149
147
151
118
139
126
88
91
49
30
30
0
35
11
-20
-10
-61
-48
-34
-23
15
-20
-9
21
-2
63
82
109
187
172
208
204
175
221
200
225
255
222
259
215
178
181
119
140
144
115
141
105
67
48
0
11
3
-19
1
-23
-37
-59
-92
-102
-140
-141
-108
-105
-105
-123
-168
-188
-180
-182
-174
-150
-157
-171
-169
-156
-125
-114
-95
-70
-65
-38
-17
5
35
33
35
49
78
148
156
138
146
106
103
107
100
124
112
90
66
4
-22
-30
-29
-36
-87
-133
-174
-192
-173
-173
-178
-169
-163
-149
-126
-88
-62
-28
2
14
30
40
82
93
124
171
162
185
158
164
187
171
196
162
124
116
85
103
80
70
61
-3
10
10
-2
35
2
14
13
-6
52
43
72
106
84
106
87
78
114
106
159
163
159
174
137
176
180
189
239
221
248
244
216
240
204
218
256
243
295
289
251
249
179
184
200
192
217
170
142
107
57
56
21
3
-17
-82
-109
-151
-167
-184
-227
-232
-265
-275
-278
-296
-301
-326
-332
-323
-331
-302
-289
-293
-280
-297
-269
-271
-261
-214
-243
-229
-233
-264
-225
-249
-234
-206
-231
-189
-208
-225
-218
-251
-221
-224
-217
-210
-233
-197
-204
-178
-144
-160
-119
-111
-94
-67
-88
-61
-74
-59
-4
-25
25
17
-11
19
-9
36
54
59
104
69
88
87
78
134
121
158
199
189
222
209
218
248
244
275
268
265
263
229
229
208
208
205
172
166
119
79
45
1
-4
-28
-27
-39
-77
-83
-108
-99
-76
-55
-18
-24
-13
-8
-1
38
56
94
119
127
149
131
127
135
123
126
114
103
94
58
63
25
-14
-9
-43
-43
-77
-126
-130
-173
-155
-137
-165
-146
-172
-176
-171
-189
-140
-137
-119
-84
-130
-110
-130
-162
-137
-154
-105
-101
-118
-112
-164
-173
-162
-165
-108
-105
-110
-72
-103
-70
-40
-19
30
53
83
101
124
145
173
207
236
262
286
289
284
278
267
262
252
237
211
174
145
98
46
44
17
-2
1
-38
-62
-80
-99
-92
-94
-72
-52
-48
4
2
8
64
51
94
119
122
166
137
153
152
104
136
99
72
77
11
1
-40
-108
-122
-188
-197
-194
-237
-244
-291
-322
-324
-345
-324
-300
-296
-291
-299
-305
-277
-266
-240
-206
-207
-184
-181
-161
-136
-147
-116
-119
-115
-99
-97
-94
-95
-83
-90
-70
-55
-54
-26
-8
20
41
46
64
77
110
151
167
184
190
194
202
201
199
208
190
186
179
143
134
90
68
57
34
40
18
-2
-20
-63
-59
-65
-51
-28
-27
9
19
28
54
65
94
135
165
197
202
219
216
206
222
213
206
199
179
159
140
112
80
51
31
12
7
-3
-22
-20
-60
-64
-68
-67
-52
-49
-31
-24
-34
-29
-19
-38
-3
5
6
22
-13
3
-15
-44
-13
-52
-40
-19
-69
-55
-87
-107
-86
-120
-72
-57
-71
-1
-27
5
33
4
93
73
116
173
152
183
173
166
177
188
181
189
159
146
133
71
80
27
3
6
-17
-26
-54
-66
-99
-93
-112
-94
-90
-85
-33
-34
32
54
60
105
119
157
210
199
234
235
210
248
213
240
241
212
242
197
161
154
80
111
74
60
94
-2
15
-21
-91
-55
-108
-93
-65
-120
-53
-115
-112
-82
-156
-72
-81
-92
-18
-109
-86
-88
-139
-73
-133
-90
-115
-169
-122
-175
-167
-117
-181
-95
-105
-121
-41
-109
-18
2
-22
14
-59
-49
-36
-16
159
162
277
312
244
287
244
260
302
243
245
133
85
51
-100
37
-142
-101
-144
-265
-164
-326
-293
-380
-397
-319
-247
-182
6
38
60
96
-52
50
-52
44
136
197
350
400
474
436
413
305
207
74
65
-5
-3
31
34
91
57
136
42
63
-65
-152
-274
-393
-535
-634
-559
-709
-467
-548
-372
-229
-300
-25
-138
-59
-123
-184
-46
0
111
324
129
267
23
-307
-109
-381
-113
-161
-67
76
-82
95
-97
-179
-47
-219
-235
-164
-201
-42
-152
32
72
113
79
37
114
-188
-104
0
-456
-270
-5
-702
-176
18
-471
-68
42
-290
-285
79
-313
-354
348
-416
130
97
-303
549
-518
444
-133
25
218
-373
841
-568
563
362
-527
808
29
-286
454
260
-349
298
22
-262
366
-154
-115
-151
-18
-284
-239
-118
-445
14
-331
-8
7
-24
171
10
-86
508
49
61
940
-261
532
231
-287
148
-43
381
-315
621
-51
-369
-144
-379
-318
164
480
111
434
73
386
-752
857
42
-374
1362
-792
508
12
144
-105
426
141
-556
754
-415
271
-183
1095
-401
428
187
-760
639
-677
134
-808
839
20
-728
561
-143
-250
-101
-103
-246
1021
-503
-116
238
-129
479
-151
734
86
375
-68
-494
1050
-347
209
314
-485
195
-153
-142
-31
22
38
-333
100
119
-226
-79
249
-161
-279
165
-233
-68
418
-427
-283
169
-111
-33
-668
1241
-312
-513
1269
-1313
540
121
-80
251
386
662
-1109
638
166
-857
894
86
-335
299
21
-142
-196
488
222
-76
-82
449
-650
328
769
-731
471
20
266
22
163
826
-664
533
518
-1040
982
732
-790
853
151
-281
145
582
-267
174
878
-1168
800
-183
148
645
-249
270
-99
682
-1149
953
126
-241
896
-327
544
-88
663
-400
-40
206
4
-351
208
910
-946
497
-283
-363
186
-841
825
-1068
447
-480
-88
-36
-579
605
-1429
361
-303
485
-1078
383
-97
-1103
848
-1008
1192
-1207
869
-249
-1225
855
-372
168
-944
1279
-833
-47
1480
-1054
443
496
-814
-370
632
-686
737
-409
-370
1333
-1227
307
894
-1449
233
258
-1109
1134
-25
-38
-267
91
-812
350
157
-929
1340
-784
-414
471
-92
-1208
1457
-341
-1331
2025
-1317
-40
237
214
-368
141
141
-1195
1601
-898
-101
527
-208
-747
764
-1042
-346
1959
-2287
1060
-33
-896
248
-301
93
-901
943
-1270
388
73
-708
693
-1706
1342
-1456
-572
1430
-1609
908
-808
842
-1564
667
4
-1240
1606
-745
450
-1127
1677
-1926
1134
165
-38
1136
-1524
1665
-1580
1702
-545
238
409
-913
1306
-1881
1266
-444
657
-182
-723
1304
-1159
447
455
-272
440
-90
315
-550
1188
-646
866
-181
-512
874
-1389
932
-540
876
-1441
1170
20
-1523
1838
-2074
1265
-919
830
-338
62
1764
-1720
998
-595
256
-324
588
-240
540
319
-1096
1245
-1153
201
-309
-275
-205
378
1806
-2830
3034
-1031
-1660
1857
-2511
1525
-1260
1027
-957
112
900
-1548
626
-1602
1455
-1109
176
1492
-1070
417
641
-943
-358
1633
-749
-22
1401
-1306
1499
-629
153
908
-1412
1577
-1132
1085
-561
1071
-744
-495
2074
-2823
2271
-640
-43
207
729
-910
176
1157
-2529
2828
-2517
1742
-1471
842
466
-1437
1772
-2678
2817
-2485
803
180
-393
748
-1029
1480
-2234
1340
-667
-970
589
490
-832
-448
1240
-2385
1108
-739
-683
833
-348
598
-1617
770
-770
-1348
1415
-1509
1130
236
-1492
1288
-1359
-34
-483
-230
-337
424
279
-2534
2524
-1179
-575
1391
-1465
-38
967
-447
-1419
3093
-2382
1037
714
-1856
2154
-1650
604
-571
923
-566
603
738
-1256
3041
-1688
994
916
73
426
-125
2056
-1404
2478
-20
-849
987
-593
848
-982
2006
-512
-670
1486
-555
255
973
-48
-326
1204
-679
417
1484
-930
1543
400
-1169
2052
249
-435
1736
168
-993
793
1219
-2341
2194
132
-1267
1474
-1159
852
-1376
780
-479
234
186
-506
795
-964
586
-139
-824
1035
-384
-986
984
-1197
-89
1251
-2581
1566
-162
-2440
2784
-2470
-161
1312
-2132
51
397
-743
-1131
2577
-2516
-904
2559
-3350
294
1969
-2694
884
582
-2802
1904
-618
-285
371
-194
-761
307
541
-1821
2740
-749
-1637
2244
-1724
67
477
-445
-190
361
433
-1587
1202
194
-869
1254
-1612
1928
-342
-870
2041
-1493
1371
10
156
-527
586
1798
-2766
2531
-482
-1294
1015
-25
-249
-43
1802
-2720
2227
-1044
-122
156
-748
1495
-2306
2452
-1360
448
995
-314
-554
334
1398
-2711
3578
-1188
19
1106
-180
-307
-495
2243
-2359
2042
-946
763
-837
-14
120
-1888
2032
-2097
537
-485
-445
-23
-1034
388
-1161
305
-210
-1049
674
333
-1179
1327
-931
-208
289
-852
1227
-1262
2144
-1451
254
486
-1961
1610
-895
-206
-37
21
-903
-684
823
-841
-188
1355
-991
-1442
1079
-1056
-907
1739
-491
-249
1161
-1566
-426
1229
-1931
938
1395
-2646
2455
565
-2724
2439
21
-1031
403
168
-550
-512
1218
-368
-369
1000
-348
-807
168
241
240
-319
725
869
-1149
1638
-90
-191
856
535
-485
-136
1168
-707
854
646
249
-947
2102
-1263
-369
1220
-1272
472
-69
503
-652
809
-489
-238
-229
65
-592
-121
1081
-2019
2037
-1808
368
1507
-2026
954
-690
773
-857
1389
-104
-588
1808
-1626
902
291
-333
-151
679
-1923
1468
-815
-1536
2343
-2061
-157
42
-1583
-681
205
7
-1778
1440
-131
-2816
1989
-1390
-335
98
-209
-10
-1281
1822
-3007
2672
-360
-1793
3282
-3662
2137
16
-1426
1886
-270
793
-1379
2122
-1716
772
1311
-2405
1945
-22
-1261
265
2132
-3472
3818
-654
-2530
4601
-3174
1406
194
234
-224
641
985
-2320
3607
-1767
-436
1431
-1399
646
490
-780
1048
-181
396
-366
654
770
-1295
3080
-2232
1677
1092
-485
1400
-315
2130
-1759
1591
221
-970
426
1570
-1694
633
1555
-1311
518
-223
271
-1421
1792
-1331
-1262
2846
-1828
791
-302
500
-1070
59
1097
-2980
3410
-675
-1320
2337
-1372
-548
2240
-1286
-547
3471
-2458
652
1164
-473
-478
1344
-320
-2052
3544
-3155
888
1153
-3232
2619
-1929
-1391
1938
-1339
-1700
1854
-998
-2056
2483
-1216
-1409
1735
-366
-1660
1628
-417
-140
635
-28
125
282
-273
745
-515
-273
1606
-1315
665
246
-887
96
412
-1054
-445
1131
-2349
1039
-321
-1261
673
-1072
17
70
-244
-304
336
-157
180
-11
537
135
197
401
-768
558
-125
481
-853
266
708
-2302
1287
-398
-1732
1940
-1063
-1160
1564
-1475
-351
897
-340
368
1105
-1108
326
866
-1125
1241
635
-529
776
1526
-2356
1167
212
-889
864
-1002
204
-748
-256
19
-1021
-533
1026
-2188
1133
-844
-504
1461
-1651
912
-473
360
440
465
374
-690
1259
-782
402
296
521
367
-181
680
-1769
1214
-508
-860
1094
-697
94
-97
-738
-50
741
-2170
1508
311
-1985
2797
-1584
-138
1645
-841
-65
705
-192
325
656
-298
426
877
-502
147
1785
-1211
880
1441
-1621
760
1545
-2275
1837
1201
-2150
2589
-1636
271
734
-727
715
-76
524
19
114
-108
597
-1488
1224
-438
-1034
2506
-2991
2225
-1092
-852
357
-783
634
-1256
2393
-3380
2673
-1622
-1237
1398
-1576
1340
-1678
2095
-2744
1151
-589
-1758
1764
-1497
213
-346
-145
-1753
1913
-1896
253
745
-2559
1619
-1223
246
-175
-98
345
-1608
1247
-1453
-602
452
-1048
-669
-280
-231
-791
-315
-512
-586
-821
23
-820
1
-495
252
-348
-125
488
15
249
-696
1779
-1399
666
781
-1257
2053
-1606
1972
-751
30
1288
-1433
241
1450
-518
-1401
3371
-2460
-80
1597
-1670
659
1044
-680
-1297
2213
-747
-625
1689
-612
332
1092
-736
813
1057
-925
1569
-274
-35
1966
-499
798
460
330
-1
267
778
51
564
-145
1494
-954
584
705
-1462
2247
-1545
1402
-920
561
664
-1371
1306
-2033
2195
-1844
589
538
-1996
1970
-365
-1143
861
912
-1819
2124
-1113
85
1225
-491
179
-372
1308
-1520
1413
-884
-44
511
-1228
38
-37
-122
-353
719
-928
196
397
-1110
707
-174
581
135
388
812
-1156
1923
-1603
1078
-128
-858
1895
-2519
2246
-1925
91
758
-2527
1249
-678
-492
-406
607
-1546
924
164
-1460
1318
105
19
-236
1232
-753
364
1356
-962
1036
1269
-1623
1410
-350
-79
392
-400
663
-1356
1947
-1849
293
1054
-1904
929
-707
-373
436
261
-1233
1029
-527
-166
1095
-1072
818
-270
43
178
937
-979
1478
487
-2103
2205
-792
-1422
2487
-945
-710
1406
-242
-1858
2284
-704
-1113
2073
-1088
253
835
-335
-542
1232
-1262
118
1077
-1818
1409
-279
-1581
1384
-666
-1599
1704
-673
-465
427
313
-1164
1341
-382
-1420
2527
-1852
1109
257
-457
396
783
-231
-1140
1820
-821
-408
748
-630
-907
1240
-1602
196
217
-362
321
-753
43
-423
92
-454
1431
-837
793
595
-1363
1435
121
-424
1097
73
-1025
2097
-1807
924
139
-531
-204
-765
1451
-3015
2652
-1375
-1717
2212
-2040
-205
1392
-473
-748
2047
-1394
-115
1021
-146
-684
1308
538
-1576
2599
-1357
-513
1295
-901
-178
305
105
-859
886
-1149
-32
364
-1091
677
-595
-642
710
-323
-1031
1711
-1810
-264
1356
-1878
-45
1395
-1607
-240
1434
-2313
605
730
-934
-216
909
-533
-817
1097
-1108
-317
608
48
-1383
1846
-1420
-1000
1790
-3119
1416
-1050
-239
-555
80
-182
-2078
1862
-1839
410
-243
516
-634
312
1160
-2532
2910
-1459
200
1256
-854
1241
31
253
-1012
1640
-1177
470
69
242
-874
357
380
-2832
3027
-2817
636
495
-1275
848
-142
-490
-1033
2070
-2156
1750
376
-498
700
757
-97
-79
2505
-1299
311
1673
-1004
-63
2269
-1761
1162
252
-1145
380
-33
-40
-840
1303
-1329
643
92
-95
-743
513
329
-1555
2257
-1160
952
761
-647
1014
-904
1417
-257
403
1497
-313
647
663
-163
413
936
114
1324
-511
1429
-499
-468
1889
-1767
1081
782
-670
-41
584
-804
33
774
-609
246
178
516
-997
959
-734
-15
1334
-1620
1766
-12
-835
1600
-941
-189
786
-335
-617
371
27
-1143
1113
-822
-349
720
-1071
-575
-23
-443
-1131
482
-328
-1688
1608
-1441
-333
1179
-1663
895
-803
773
-519
-657
1711
-2223
925
392
-1709
1684
-895
-69
-409
-405
20
-815
768
-1154
-54
-328
-864
248
-184
-466
-304
605
-903
700
253
-848
1183
-908
-723
1182
-702
426
-153
244
464
-2023
2980
-2072
594
1575
-2158
1041
-799
846
-662
328
1074
-1274
1115
363
-517
452
845
-932
115
425
-1302
1206
-619
129
-176
182
56
-755
1953
-1404
1306
355
-458
646
726
-54
-34
2485
-1879
1980
-17
38
769
85
1210
-1317
1907
-662
-877
1343
-205
-765
1665
-757
-8
932
-860
992
-90
559
4
647
-101
140
274
-687
914
42
-380
891
800
-1381
1502
-856
-407
379
-1490
1177
-1395
750
134
-810
310
-277
-108
-1190
1410
-825
-637
917
-1649
761
-188
-113
-200
76
-204
-831
1224
-1258
354
545
-1551
271
145
-1744
650
-294
-1602
262
-646
-837
-412
370
-1721
327
-92
-1212
-187
528
-1431
-602
1879
-2440
1462
-544
-163
-142
143
563
-2045
1694
-685
-847
492
60
-1038
998
-806
-580
915
-685
391
13
-31
-420
428
-779
311
312
-793
588
95
-793
348
417
-1237
615
610
-1459
1164
715
-1738
1539
251
-740
976
1096
-798
1189
629
-1116
1017
-8
-713
927
166
-836
1999
-843
-292
1875
-1686
345
1688
-1405
919
1200
-879
792
662
-440
-34
1655
-566
66
2412
-1666
1185
1268
-2110
2108
-635
-1269
2053
-1235
-592
1274
-1130
-283
1600
-1424
359
1176
-706
-40
772
-722
-72
1374
-791
593
1240
-1217
578
1110
-2043
1592
-217
-701
1195
-1242
879
-1011
1265
-761
-646
1283
-1767
577
-659
-134
-214
-727
216
-696
-356
20
53
-816
599
-636
-621
658
-597
-697
534
-41
-645
-87
56
-503
-275
1145
-1955
1329
268
-1648
1466
-1323
59
-190
-490
-247
-350
742
-1179
401
-42
1
-244
258
-221
-260
-308
-315
346
-1292
1225
-575
-882
1298
-337
-1238
1623
-469
-1119
1428
-690
118
-22
1204
-1917
797
1163
-1805
1693
-4
-475
56
796
-1246
663
645
-794
867
-143
-110
282
772
-506
1075
-151
-84
1011
-409
503
-39
841
-471
562
-294
657
-265
-239
1744
-2372
2118
-668
-448
948
-625
523
-734
1016
-710
-54
640
-141
-177
529
136
-553
1044
-447
277
-12
37
543
-618
1327
-393
-246
1050
-1050
219
502
-520
336
-498
307
-504
-149
169
-128
-766
381
-186
-1604
1665
-1001
-761
980
-869
-302
292
-178
-686
816
-510
-162
621
125
-446
136
351
-1499
1617
-867
-783
1669
-1263
-317
633
-537
-678
795
-698
-385
735
-7
-1310
917
-236
-1569
1739
-1426
509
654
-701
589
-569
152
-206
160
-507
417
493
-1224
1632
-976
-306
1466
-1641
1075
-221
122
-121
222
5
-514
416
-256
-212
-57
714
-1037
755
-56
-151
358
-258
484
-266
469
-534
561
-156
-82
1031
-1116
847
591
-1080
912
575
-616
260
349
-181
-118
1524
-1096
585
1212
-1468
1100
-150
474
47
357
-52
-563
1197
-1364
978
80
-351
86
178
497
-978
1805
-1028
-141
1386
-808
111
758
323
-791
1136
-446
-99
760
24
-566
155
374
-1094
559
-329
-608
5
-4
-1252
511
-13
-840
680
-566
27
-402
462
-510
-94
1144
-1020
217
472
-410
-824
1361
-1457
-175
1426
-2113
1173
-895
207
-334
-639
1031
-1714
1231
-388
-1145
1392
-1315
631
-416
-254
769
-1111
1090
-1169
499
511
-978
623
-146
53
98
-255
198
-267
605
-208
-415
996
-805
394
-216
-158
106
183
65
-683
797
-515
-448
645
-371
-84
890
-1034
606
-459
82
426
-901
1069
-401
42
-180
587
-380
434
774
-809
800
405
-532
867
200
-110
1205
-343
18
1014
-361
-182
1000
-645
350
433
-288
68
4
250
-440
-140
612
-313
-4
473
-487
417
-67
335
98
-421
1590
-1178
414
959
-1328
1409
-399
-147
498
32
-198
-181
648
-1233
867
-123
-1025
653
-350
-671
29
405
-1223
326
61
-1000
141
12
-640
-38
122
-658
-69
-33
-131
-398
98
-290
142
-304
-222
427
-923
546
-523
-332
425
-769
545
-555
-277
614
-712
-54
304
-312
-174
327
-219
-848
492
117
-1326
870
-82
-952
789
-700
-266
111
309
-579
-110
634
-851
248
12
-48
225
-141
401
-593
739
-17
-576
719
-289
232
-291
478
-706
378
130
-713
746
-301
82
48
242
-505
420
95
-51
111
599
-241
96
815
-886
974
-90
200
650
-172
614
267
-358
673
188
-88
640
148
-144
-39
788
-837
605
666
-999
778
-19
-300
341
-48
79
-186
193
155
-526
564
8
-14
57
100
57
-193
664
-360
136
602
-171
48
56
136
-333
390
37
-213
-4
208
-423
-269
550
-712
239
-9
-716
-33
395
-455
-284
385
-917
429
120
-938
780
56
-906
699
-586
277
121
-30
-317
-659
1252
-1683
1012
-191
-522
278
-1149
1103
-1752
1292
-300
-1282
1253
-899
135
-255
419
-461
-618
855
-1075
205
819
-1162
550
-13
-683
633
0
34
112
-218
-102
218
-66
132
-76
-42
191
-783
575
139
-185
540
-604
488
-482
619
-80
-674
1571
-1318
367
272
-274
420
-420
812
-734
670
243
-653
738
173
7
391
121
-43
694
-139
93
787
1
-49
594
-128
-168
867
143
-867
1202
-133
-1001
1306
-421
-376
735
-208
-373
500
559
-890
622
347
-655
918
-174
-123
284
246
-453
60
475
-508
89
220
-562
-33
1210
-1384
598
559
-1119
570
389
-532
-122
1208
-1676
534
558
-817
381
-301
232
-997
825
-563
-291
604
-532
-483
-70
182
-653
505
-400
247
-589
-242
741
-1257
1044
-208
-1050
1094
-794
-48
-223
447
-234
-670
723
-860
21
494
-841
57
626
-1335
526
-310
-197
109
-399
215
-728
1023
-1230
213
803
-776
78
648
-782
759
171
-395
924
-1013
1740
-1683
736
874
-1770
1637
-1180
584
-248
-462
847
-1314
507
280
-1110
850
-150
-789
444
-132
-196
-20
709
-398
-17
660
-473
431
496
-102
294
-93
536
-536
346
641
-771
618
-147
-513
23
233
-144
-216
619
-681
246
-21
-272
418
-6
418
-493
571
-385
165
634
-583
413
185
157
-709
1033
-350
-549
1240
-946
100
-178
835
-857
-225
1453
-1867
972
181
-774
385
-122
158
-714
164
450
-747
-63
696
-1083
13
533
-770
-18
128
33
-1014
342
384
-1309
876
52
-1000
515
-320
-107
-301
460
-167
-852
1069
-940
-23
625
-755
687
-752
283
-234
-312
726
-794
647
-428
-112
-122
-160
366
-780
820
-310
-702
1161
-815
4
857
-847
362
85
178
2
-182
940
-784
159
677
-652
405
53
-63
-378
146
344
-771
297
396
-910
252
659
-961
678
283
-256
-87
280
552
-840
1380
-406
-98
812
-247
363
-278
995
-219
-117
1035
-548
243
570
-416
622
-49
410
-123
-377
1295
-1169
730
645
-553
696
-220
472
-485
1043
-95
-206
749
-262
259
-223
938
-261
134
373
-534
528
-290
234
-272
141
7
-378
571
-606
677
-271
-585
902
-842
555
-241
340
-449
-320
652
-1435
1172
-701
-221
21
-1028
162
-741
-269
-51
-449
-761
507
-1276
-39
469
-1438
1101
-668
-447
1017
-849
387
647
-979
675
333
-673
1024
-272
-279
861
-894
657
-248
-41
287
-692
457
-902
756
-196
-350
586
-595
-208
440
-602
175
81
43
-58
-425
940
-868
818
215
-340
543
-291
231
178
-96
268
247
-590
212
177
-789
368
147
-890
386
-265
-213
-354
591
-411
-269
954
-1331
961
362
-765
1118
0
-251
1192
-345
354
1080
-710
860
84
96
530
55
397
-496
598
-141
-261
737
-437
197
53
-461
963
-844
398
933
-1198
788
386
-280
438
404
219
-158
348
653
-662
679
554
-679
604
160
109
-286
532
-432
-178
579
-1263
660
-419
-687
378
-593
-483
323
-492
-809
457
-704
-620
343
-794
-450
227
-708
-395
-66
-280
-830
-102
-212
-571
-163
-38
-854
-187
168
-1172
429
-343
-202
-111
-201
20
-554
936
-675
-5
491
-795
272
24
-180
-261
321
-550
-158
394
-672
117
-352
-524
-354
-299
-177
-333
54
-564
-149
-228
-422
691
-598
-96
397
-419
236
508
-208
125
775
-309
82
751
30
-116
964
-498
-78
1060
-569
292
453
-148
-209
573
-212
126
619
-585
858
-164
187
692
-414
645
254
123
340
280
452
-79
575
279
-128
988
-335
-6
747
-109
230
572
-10
96
113
372
-10
495
978
-489
327
710
-252
292
899
37
82
758
-528
331
492
-461
271
279
-435
19
775
-1211
711
243
-1181
822
75
-568
175
438
-828
626
634
-756
415
394
-759
228
566
-781
338
226
-886
-565
634
-867
-271
232
-1110
-64
-696
-452
-310
-104
-483
-319
-284
-762
99
-221
-478
199
106
-913
593
-509
-170
371
-416
284
-412
467
-743
-99
533
-814
436
80
-1172
123
-27
-1410
528
70
-1461
352
-359
-1092
532
149
-700
91
185
-778
651
649
-435
673
480
-178
830
176
460
652
-332
355
115
588
-24
221
-7
-343
515
-279
70
246
-138
-120
250
284
464
214
220
-202
43
464
1
922
193
-340
662
-149
-195
1136
-100
-239
784
-320
156
980
99
230
579
-34
-45
925
-62
539
393
-140
372
72
632
-171
514
-252
-172
217
-297
459
-277
505
-306
-404
610
-253
160
63
-232
-203
85
-153
242
288
62
-35
-359
88
139
-129
-69
624
-607
-63
425
-559
251
344
-764
-378
197
-799
-186
20
-1055
-108
-679
-704
-62
-956
150
-753
-658
11
-740
212
-439
43
57
-463
319
-146
-334
299
-213
-226
118
49
-284
37
-156
-409
185
-795
-14
-610
-188
-3
-789
176
-712
-59
-423
-572
-10
-471
-2
-410
-82
166
-354
261
-264
-185
608
108
-50
528
191
-173
386
95
145
252
377
-243
18
367
-417
462
-59
-129
299
-476
209
-10
-120
252
109
-68
45
311
-250
302
144
-16
473
74
87
-127
321
220
-141
715
213
111
618
-176
49
784
152
350
648
469
83
541
154
219
1065
-351
387
502
-708
427
-91
-72
581
-376
155
-37
102
143
-241
309
278
-102
90
297
-130
253
163
-219
265
29
22
-217
72
145
-509
647
8
-395
377
-215
348
184
-179
463
-61
-261
307
-304
173
346
-779
29
-478
-328
-31
-623
146
-773
-393
-326
-452
107
-510
-194
-291
-664
-29
94
-230
408
-256
114
-41
-154
563
-444
389
-97
-315
50
73
37
-611
254
-921
-433
268
-1019
171
-468
-632
-198
-599
65
-139
-204
-320
-39
-402
-204
648
-411
-76
649
-717
133
849
-709
608
369
-582
281
104
79
403
215
-196
536
-409
-102
167
-506
496
-413
4
-188
-294
-134
-352
-222
-520
122
-245
-35
6
71
152
304
233
-141
669
608
-29
1072
273
537
916
-479
1230
-150
304
1058
-668
1011
198
-511
917
-119
75
534
-45
230
120
244
70
259
359
-80
196
151
-325
322
-46
-150
616
-276
96
214
-166
-83
74
180
94
547
47
191
466
-6
241
338
286
-125
442
-341
-4
324
-327
82
-228
-206
-684
-68
-319
-295
98
-546
-260
-255
-274
-704
277
-729
-546
548
-1167
-41
173
-931
148
-83
-566
79
-137
-336
-268
331
-416
-119
338
-614
-6
173
-448
322
-163
-600
-48
-865
23
-177
166
342
-547
151
-348
-235
281
-190
-61
120
-582
-78
76
-268
114
-353
-365
-220
-336
-108
109
2
90
227
472
71
588
701
134
912
119
323
533
50
36
218
25
-145
-210
-554
-139
-470
-182
-215
-212
-238
-206
104
278
554
380
689
184
451
654
235
1219
320
378
614
275
364
17
638
-326
285
92
-407
530
128
-217
402
-16
-178
718
-523
-162
415
-407
163
265
-201
-141
-50
-621
-79
-153
-74
11
-126
166
-116
79
-124
375
-292
-84
456
-250
626
348
-163
263
-86
-255
267
-34
-368
48
-550
-291
-151
-400
157
-440
-427
-559
-497
-304
-113
-83
-473
306
-603
-124
334
-26
299
-30
-100
-383
161
-173
44
311
68
-487
-220
-141
-380
303
-538
-294
-406
-278
-85
-370
170
-4
-154
-251
-210
-200
93
-52
-549
-198
-172
-523
103
-208
-379
343
-277
-360
132
-230
-489
55
7
-109
747
355
-203
202
-48
-509
301
-159
-365
562
-476
-139
439
-68
269
-8
-310
-7
365
189
137
458
-261
277
-106
-141
699
-319
55
7
-468
200
-247
-78
-14
-64
94
-50
810
361
391
597
-135
792
566
372
707
525
597
170
524
238
-26
395
-449
-283
211
-108
-157
384
214
-590
511
-132
-647
954
-490
272
920
-552
805
182
-107
697
19
303
612
194
-221
-22
402
-323
293
177
-357
682
10
-13
213
-327
-90
-313
-304
312
98
411
-128
-322
-305
-461
-90
-124
22
-544
42
-391
21
511
-106
580
33
-52
-277
120
146
6
337
-427
-62
43
-466
-442
-42
-183
-469
22
-497
-278
53
-546
-311
-79
154
-260
121
-341
-455
462
-684
109
171
-601
347
-350
-482
258
-491
-384
-82
-638
-74
11
-524
54
-22
-564
206
-33
-69
331
-140
-480
-183
31
-340
436
185
-601
319
-638
-667
683
-512
350
301
-639
171
-303
-256
376
18
164
-59
-521
-208
-201
123
103
114
331
-9
153
64
102
703
282
419
462
23
606
204
148
712
110
454
199
-249
271
-20
-120
-163
378
-277
-128
416
-674
622
355
-357
703
149
83
641
157
454
724
423
204
544
449
-180
644
-17
-290
582
-446
30
513
-587
107
-174
-425
-91
-371
-138
-335
36
-347
-56
402
-111
413
-132
-158
370
-25
386
533
4
374
207
77
261
10
126
-187
-175
-385
-517
-106
-501
-301
-515
-356
17
-473
-96
-108
-359
-154
-129
-233
316
17
-42
-48
-76
-12
-287
21
-447
-109
-260
-476
58
-265
-245
-30
-250
-157
152
-248
333
45
-92
234
-337
260
261
-48
185
10
-330
-187
-400
-413
-274
-446
-358
-641
-343
-374
-328
296
-216
-17
124
-370
230
195
-39
826
146
81
574
-272
250
390
-83
96
33
-265
-169
-36
-162
52
22
-14
-118
19
-105
-63
152
54
17
240
55
95
320
-53
425
115
202
309
-75
371
208
296
592
45
429
327
-33
393
-64
181
268
-71
381
21
123
360
-65
146
275
6
165
57
-132
50
-192
37
-39
-198
77
-93
-139
166
157
-56
427
-26
177
457
83
474
70
202
34
-59
150
-193
137
-24
-176
241
66
-129
204
-117
-266
223
-277
-178
250
-77
73
268
-77
50
306
-94
65
175
-157
-193
-128
-685
-356
-23
-583
-152
-262
-675
-444
-324
-380
-8
275
-188
122
221
-174
451
305
50
284
-201
-162
-15
-156
-141
-169
-159
-274
-319
-350
-390
-402
-346
-478
-292
-7
-206
-16
-49
-10
89
88
313
67
165
267
-222
130
266
-349
178
-160
-413
18
-377
-98
22
-104
16
-117
55
104
47
243
18
194
173
-124
274
-99
-146
11
-309
-67
-39
-151
132
205
-56
117
-33
199
203
187
184
4
442
-9
255
342
-71
470
-6
-114
351
12
67
246
-133
-81
78
-92
-66
-27
-45
-41
-66
-171
-252
-205
-276
-203
-49
-107
94
45
-88
-107
-34
0
93
-2
22
81
-42
217
221
173
220
90
-189
-85
-175
-416
70
-337
-388
8
-459
-8
40
-281
76
-91
93
88
207
308
104
265
68
158
183
79
-96
-43
-360
-447
-199
-451
-140
-235
-252
-89
-236
40
17
112
272
96
331
264
296
521
174
360
238
61
287
44
72
-20
-246
-170
-309
-240
-113
-283
-242
-315
-363
-205
-80
-11
-53
84
62
107
203
284
382
218
273
159
177
243
193
97
122
139
-39
290
-39
129
83
-178
129
-31
104
24
-108
-135
-196
-273
77
-98
140
256
-159
412
34
184
308
6
426
162
243
337
174
179
92
103
66
152
140
-16
57
78
20
87
92
-12
19
47
-197
-30
-63
-235
-59
-179
-131
38
-52
-30
-122
-119
-130
-199
-12
-266
-157
-132
-332
1
-14
41
191
-27
-45
31
37
148
138
293
29
24
208
-98
185
83
-113
-29
-109
-167
-102
-105
-138
-149
-205
-178
-223
-53
-225
-266
-149
-196
-20
-78
30
-142
-41
-67
39
249
-55
292
-58
-27
244
-3
281
259
79
75
46
119
193
-91
-70
-207
-162
-90
-316
-106
-396
-498
-546
-581
-131
-66
-76
15
-27
-42
89
191
250
389
295
165
320
151
278
362
104
345
171
27
296
82
130
173
-210
-159
-238
-405
-171
-378
-314
-294
-508
-252
-311
-86
93
77
193
142
159
128
273
204
157
268
40
163
145
3
141
-15
81
198
128
213
92
120
40
-103
156
-49
84
147
-83
105
-88
-27
-11
-115
15
21
-91
80
-47
-144
-45
-326
-260
-243
-368
-242
-222
-185
-84
-101
-92
-56
-12
-85
50
78
66
166
45
4
28
-26
-95
16
-40
-98
-2
-138
-31
-3
-188
-144
-300
-348
-258
-287
-127
-132
-276
-277
-317
-191
-82
32
204
153
150
87
89
154
169
194
115
155
101
38
51
42
-90
-134
-33
-103
37
80
98
197
160
137
111
99
32
30
-75
-68
-15
-24
23
60
-90
-83
-45
-232
26
-38
50
118
-26
50
1
116
54
153
89
95
160
101
235
272
345
314
299
204
205
166
124
116
62
20
-72
-46
-183
-96
-150
-211
-53
-129
-50
-53
-24
63
29
185
215
251
291
200
174
216
184
176
253
177
134
128
29
48
90
-7
26
-6
-10
-51
-109
-143
-141
-98
-190
-23
-18
37
51
-20
9
-31
42
-15
3
20
-92
-155
-108
-199
-120
-135
-237
-168
-249
-113
-74
3
90
62
115
42
43
103
68
103
43
-24
-44
-52
-87
-115
-176
-207
-179
-242
-201
-130
-138
-193
-196
-214
-132
-37
2
56
145
94
64
97
82
130
97
107
60
87
62
13
31
-31
-46
-84
-163
-109
-117
-134
-28
-56
-30
-34
-55
6
24
17
36
41
35
12
11
40
25
19
32
-17
54
-36
-90
-37
-64
65
24
91
142
183
168
142
196
147
165
140
116
142
83
41
-51
-57
-68
-142
-85
-93
-114
-97
-86
-86
-42
-85
-71
-21
-25
74
123
113
149
132
118
176
208
223
231
215
167
126
111
100
14
20
-58
-86
-64
-125
-65
-119
-115
-173
-249
-147
-189
-104
-48
-81
50
-11
-8
12
24
99
10
35
-9
-9
16
-49
-36
-84
-114
-102
-109
-64
-45
-39
-41
-47
-22
-37
-33
-46
-79
-61
-115
-137
-112
-129
-151
-191
-133
-217
-220
-184
-267
-193
-224
-226
-221
-223
-131
-122
-79
-8
22
64
53
103
122
151
207
197
238
224
229
199
160
166
79
56
56
-4
-20
-67
-109
-121
-204
-141
-216
-192
-144
-204
-44
-119
-9
8
-19
92
26
121
104
165
188
169
233
183
198
155
160
157
123
136
78
112
109
70
107
52
66
-2
-9
21
-58
2
-83
-87
-41
-95
4
-64
-10
-17
-97
35
4
83
176
119
235
175
236
258
167
293
154
260
186
146
241
77
190
35
29
75
-89
-31
-131
-82
-47
-177
-22
-155
-105
-74
-159
-17
-137
-58
-70
-110
-14
-84
29
-22
-42
15
-97
-24
-61
-112
-49
-81
-74
-44
-31
-12
-10
-62
-8
-34
-77
-29
-99
-30
-83
-103
-80
-161
-101
-135
-186
-149
-177
-187
-162
-160
-107
-126
-118
-67
-114
-35
-58
-37
50
14
96
50
62
94
24
68
21
53
51
10
43
-23
-27
-19
-26
21
13
-5
-7
-48
-37
-58
-28
-20
13
3
27
63
30
86
59
101
71
82
92
66
108
80
96
59
28
22
5
4
34
20
-23
25
-28
17
-2
6
35
-10
92
15
99
111
59
169
55
121
100
76
170
65
163
110
104
158
93
148
99
129
122
67
103
54
81
59
65
80
34
49
35
45
37
45
28
27
12
15
2
-21
10
-48
-19
-53
-58
-26
-66
-28
-48
-58
-59
-45
-57
-72
-43
-62
-65
-77
-62
-77
-75
-27
-65
-71
-39
-98
-55
-69
-68
-16
-129
-46
-113
-118
-58
-147
-77
-151
-137
-131
-176
-111
-111
-99
-52
-79
-26
-26
-49
-6
-86
12
-46
-19
38
-50
62
-29
34
12
-44
38
-61
-13
-62
-50
-37
-64
-13
-39
-27
-52
-10
-63
-15
-5
-39
35
-82
30
-48
-5
77
-73
131
-22
69
94
-31
147
-4
71
61
13
70
-11
-4
-37
-82
-33
-93
-58
-10
-91
10
-45
-24
41
-26
71
8
62
91
20
142
49
118
101
23
129
13
97
50
5
101
-12
55
19
19
90
16
82
57
46
84
63
103
65
77
84
79
103
106
103
77
95
28
57
25
12
1
-20
0
-94
-35
-104
-85
-100
-102
-65
-107
-14
-98
-3
-7
-14
33
-22
78
-10
79
63
16
77
-48
29
-29
-43
-11
-118
-57
-167
-160
-175
-214
-142
-237
-126
-184
-157
-118
-150
-61
-102
-27
-41
-15
26
-4
69
46
86
77
61
72
29
66
46
75
25
8
23
-68
1
-63
-83
-40
-135
-33
-93
-52
11
-58
30
-21
1
53
12
100
115
95
177
100
183
180
109
222
94
177
156
79
151
53
80
15
-29
32
-71
-24
-9
-69
12
-45
-26
4
-26
34
-4
12
23
7
31
43
48
76
80
67
125
52
100
96
78
131
71
139
77
102
131
82
157
107
117
125
106
121
94
113
91
62
69
50
65
48
23
24
-2
-11
-18
-30
-51
-64
-109
-107
-105
-109
-90
-108
-80
-71
-85
-45
-23
-5
33
31
39
58
43
88
61
60
48
-39
-29
-60
-70
-72
-120
-147
-173
-230
-228
-255
-280
-239
-274
-235
-223
-223
-144
-180
-108
-100
-100
-19
-46
12
0
19
13
11
20
17
0
-16
18
-26
0
-58
-43
-73
-104
-67
-156
-87
-142
-138
-109
-124
-62
-77
-39
-31
-3
16
34
59
61
101
80
99
98
106
86
56
74
12
24
-7
-20
-5
-45
-9
-44
-25
-11
-14
13
9
42
25
47
57
42
70
47
65
37
49
60
-13
52
-7
-7
30
-14
37
29
56
52
59
91
76
95
78
84
95
91
91
115
99
92
103
34
62
47
37
60
32
54
36
30
37
15
7
14
-17
-15
-42
-35
-43
-49
-35
-61
-48
-49
-25
-18
33
47
51
97
64
104
63
67
61
32
39
-13
-5
-44
-49
-80
-86
-112
-133
-119
-152
-126
-138
-108
-102
-85
-64
-46
-16
-47
-18
-41
-10
-23
-46
-18
-37
-14
-32
-21
-5
0
-6
-34
-8
-18
-27
-7
-18
-31
-36
-63
-85
-103
-116
-109
-120
-107
-93
-82
-60
-56
-25
-22
9
63
63
106
130
130
144
148
142
126
127
79
66
59
7
16
-5
-12
-10
-21
-7
-19
10
-1
-9
37
25
42
57
54
60
48
55
51
32
46
6
4
41
10
45
71
56
103
93
131
134
143
169
131
162
131
133
143
88
84
62
32
12
4
-19
-20
-40
-47
-42
-51
-16
-33
-26
-15
-21
-7
-27
-14
-10
-34
-16
-11
-30
-7
1
10
34
36
73
75
106
131
129
142
141
108
89
77
37
17
-46
-58
-98
-137
-116
-166
-153
-172
-186
-161
-152
-120
-90
-74
-68
-38
-47
-19
-16
-31
-19
-71
-32
-63
-60
-33
-60
-23
-34
6
39
32
58
48
53
73
66
77
45
4
-3
-57
-83
-108
-161
-191
-216
-210
-214
-193
-146
-129
-100
-49
-34
18
33
40
76
50
91
84
45
54
-4
-15
-40
-62
-67
-95
-88
-73
-65
-32
-9
-6
60
47
69
98
74
81
40
38
6
-32
-28
-96
-110
-128
-150
-123
-118
-112
-72
-43
1
68
84
147
174
167
184
178
183
147
140
105
53
58
9
-29
-48
-77
-83
-71
-53
-34
3
37
58
77
94
111
101
75
74
35
11
17
-21
-47
-61
-81
-100
-96
-93
-94
-73
-52
-32
16
46
55
91
104
108
102
86
69
34
32
-1
-26
-26
-59
-63
-91
-101
-97
-109
-99
-105
-91
-63
-56
-37
-24
-38
-15
-17
-41
-23
-45
-40
-45
-34
-8
-8
27
20
33
41
19
35
27
18
38
17
4
14
-17
-13
-22
-39
-40
-66
-44
-75
-54
-16
-20
31
41
55
75
73
74
73
65
52
25
29
21
-7
12
-25
-39
-49
-72
-39
-63
-46
-26
-15
25
17
50
60
57
88
69
65
71
31
23
31
13
17
-1
13
18
-10
11
3
7
17
20
30
44
60
62
63
75
75
33
32
20
1
7
-5
6
11
19
26
42
62
67
68
56
57
44
45
43
33
19
0
-5
-23
-21
-43
-48
-44
-48
-26
-18
12
29
32
50
53
53
51
36
28
23
1
-7
-34
-49
-55
-83
-77
-84
-74
-63
-63
-30
-33
-37
-14
-11
3
9
11
32
8
-3
-5
-40
-32
-63
-82
-77
-100
-77
-83
-65
-35
-42
-11
11
4
24
15
9
27
10
10
-9
-19
-2
-30
-28
-36
-49
-28
-44
-21
-4
-5
24
23
43
71
69
77
73
65
62
34
22
13
-8
-10
-37
-44
-40
-54
-49
-63
-49
-36
-43
-18
-4
0
19
24
23
32
33
14
0
-1
-2
-19
-17
-6
-20
1
11
11
28
37
47
46
51
64
58
63
64
44
39
24
13
8
-9
-14
-25
-30
-21
-21
-17
-2
12
23
20
24
27
27
36
30
21
19
18
15
4
8
-4
-23
-20
-18
-16
-8
-1
11
18
32
43
38
48
45
25
22
10
-3
-25
-46
-50
-66
-65
-67
-71
-65
-69
-70
-67
-72
-67
-62
-54
-34
-21
-13
-5
-5
-6
-8
-23
-35
-42
-45
-42
-40
-35
-36
-32
-21
-17
-21
-9
-3
-8
-1
5
8
13
11
13
0
3
8
-10
-16
-22
-24
-22
-19
-10
-10
3
14
18
30
34
36
34
33
43
43
48
51
43
40
30
27
22
15
23
17
14
15
5
16
17
12
12
8
17
23
23
22
8
13
17
17
27
17
20
18
19
30
28
33
32
33
36
35
43
46
34
30
24
24
24
13
15
15
13
11
5
2
4
4
-2
-8
-3
-3
-9
-20
-15
-7
-11
-9
-11
-17
-13
-11
-11
-4
-1
2
2
5
15
12
13
13
5
3
7
1
-6
-10
-13
-18
-30
-26
-24
-28
-29
-35
-33
-30
-30
-33
-35
-32
-33
-24
-23
-25
-22
-27
-21
-26
-21
-14
-25
-23
-24
-21
-13
-11
-3
-3
-12
-3
-7
-6
4
-3
3
3
1
9
3
11
13
-4
1
-7
-3
6
-5
4
-4
-3
8
-6
3
9
2
6
-4
-5
4
2
16
10
8
22
14
18
19
12
25
21
24
26
11
22
13
7
16
5
10
12
10
16
7
8
12
5
10
7
6
13
11
12
12
12
9
7
13
8
8
5
4
8
1
7
7
0
7
4
7
6
5
11
4
11
9
0
5
-1
-6
-8
-16
-12
-11
-15
-17
-27
-23
-23
-23
-15
-19
-20
-22
-17
-8
-10
-6
-5
-12
-7
-9
-8
-8
-11
-11
-18
-19
-17
-19
-18
-23
-23
-20
-24
-27
-31
-24
-17
-20
-12
-16
-26
-23
-21
-15
-15
-19
-18
-28
-23
-19
-22
-16
-14
-10
-9
-11
-5
1
5
10
13
15
20
17
14
15
12
14
13
7
-3
-4
1
0
0
-3
-4
-8
-4
-2
-3
-5
-1
-1
3
6
8
14
