-30
-58
-46
-61
-35
0
-36
-27
-58
-60
-75
-75
-61
-71
-59
-74
-70
-102
-85
-89
-90
-73
-89
-93
-134
-105
-95
-74
-62
-81
-79
-88
-57
-60
-96
-113
-134
-136
-118
-97
-99
-117
-98
-124
-123
-124
-146
-146
-180
-175
-154
-164
-185
-191
-195
-194
-200
-220
-222
-189
-207
-173
-160
-162
-129
-166
-157
-183
-178
-196
-209
-202
-247
-218
-195
-178
-184
-190
-210
-192
-191
-201
-192
-227
-225
-257
-248
-229
-230
-225
-251
-244
-243
-239
-243
-230
-212
-209
-212
-208
-186
-151
-136
-160
-174
-174
-163
-145
-109
-115
-89
-69
-64
-40
-70
-97
-101
-111
-106
-94
-79
-38
-33
-34
-16
-21
-31
-32
-29
-3
0
10
29
12
29
21
-13
-1
18
32
30
25
33
-11
23
29
-2
12
7
-33
-39
-50
-95
-87
-126
-97
-136
-151
-130
-183
-144
-155
-206
-238
-256
-272
-273
-260
-244
-278
-268
-258
-303
-286
-289
-288
-291
-279
-245
-236
-261
-239
-231
-260
-203
-212
-210
-157
-167
-171
-137
-111
-91
-113
-89
-89
-95
-32
-13
10
0
86
113
146
231
242
217
291
324
290
396
373
385
399
465
500
495
602
628
579
674
677
635
728
688
734
706
739
748
684
733
680
675
687
680
742
734
723
712
639
650
647
579
620
559
517
524
439
447
423
438
384
354
320
206
172
135
46
-25
-73
-203
-264
-361
-404
-533
-555
-566
-696
-688
-778
-845
-947
-951
-940
-963
-946
-972
-1064
-1046
-1026
-1031
-973
-909
-809
-787
-695
-654
-641
-564
-458
-414
-304
-239
-141
-150
-124
157
-64
287
262
322
456
433
538
503
625
530
779
496
992
531
1003
909
663
1295
634
1194
814
996
889
969
880
949
968
852
1135
791
1217
736
1132
982
914
1096
798
971
795
888
737
928
633
760
719
582
900
558
748
602
652
651
499
545
403
395
325
364
125
247
94
32
103
-92
-27
-261
-270
-367
-426
-529
-640
-742
-834
-857
-966
-933
-1106
-1103
-1227
-1304
-1269
-1384
-1314
-1322
-1326
-1310
-1341
-1351
-1315
-1265
-1213
-1114
-1048
-927
-871
-809
-669
-651
-487
-392
-260
-123
-13
126
143
235
324
415
420
518
532
568
591
677
649
637
752
563
609
539
569
552
494
513
350
332
309
208
186
130
63
50
-169
-9
-248
-297
-138
-426
-212
-483
-399
-523
-611
-475
-679
-548
-546
-606
-731
-445
-833
-488
-600
-704
-351
-802
-327
-633
-316
-301
-367
-67
-222
-91
16
50
-26
299
128
473
403
480
747
488
993
801
998
1042
1003
1150
1021
1204
1094
1180
1139
1128
1034
1021
967
781
817
608
562
348
329
129
39
-62
-353
-342
-702
-669
-936
-1081
-1118
-1325
-1298
-1390
-1445
-1559
-1596
-1698
-1706
-1851
-1771
-1772
-1814
-1673
-1787
-1550
-1578
-1504
-1409
-1400
-1199
-1146
-1015
-852
-796
-666
-557
-457
-328
-294
-142
-138
-140
22
145
71
189
219
282
324
324
455
257
514
296
288
534
158
630
237
499
458
268
521
143
405
112
297
124
262
17
329
47
134
244
-20
305
-79
279
-33
244
85
243
121
231
254
279
363
297
371
342
556
372
626
442
742
552
642
849
643
915
784
797
957
858
888
992
907
1038
935
930
986
770
925
743
590
604
421
429
317
125
108
-117
-162
-320
-553
-589
-742
-907
-945
-1078
-1132
-1266
-1380
-1365
-1527
-1398
-1564
-1588
-1626
-1638
-1532
-1539
-1479
-1439
-1345
-1230
-1238
-1106
-877
-831
-595
-500
-281
-65
59
244
347
463
564
689
764
848
975
1008
1051
1276
1066
1298
1287
1138
1302
1105
1224
1043
1088
1018
907
935
844
739
677
586
435
547
99
384
53
47
26
-226
28
-173
-3
-291
41
-397
97
-268
-43
41
-280
225
-227
246
-49
232
170
360
185
633
311
628
675
412
1177
388
1125
782
875
1072
870
1182
1116
1129
1321
1263
1197
1542
1224
1519
1373
1276
1426
1185
1367
1181
1183
1225
1033
1032
841
764
648
347
269
134
-94
-146
-346
-607
-692
-980
-998
-1254
-1282
-1504
-1628
-1680
-1929
-1852
-2096
-2078
-2234
-2276
-2268
-2257
-2224
-2193
-2156
-2138
-1921
-1851
-1573
-1566
-1280
-1087
-1030
-751
-669
-471
-319
-251
-90
243
106
504
562
498
961
553
1115
908
867
1242
832
1220
987
1089
1134
977
1006
1152
782
1169
915
705
1223
252
1154
263
706
598
174
710
143
576
106
476
77
398
34
391
233
110
325
16
199
-60
305
-139
163
38
81
129
124
242
-100
358
-29
105
466
-9
382
242
277
228
325
373
326
487
511
476
617
558
342
585
345
418
382
381
352
198
258
8
165
-145
-208
-250
-545
-545
-691
-827
-907
-1009
-1342
-1384
-1487
-1648
-1644
-1750
-1864
-1949
-1918
-2065
-2131
-2077
-2150
-2080
-2156
-2044
-2021
-1941
-1824
-1812
-1580
-1566
-1333
-1228
-983
-822
-622
-603
-388
-343
-172
90
-69
456
187
621
503
624
965
629
949
910
932
993
1048
983
1097
937
1036
760
872
975
706
949
759
808
526
804
354
459
492
155
324
52
215
65
-48
102
-175
-200
7
-368
-75
-155
-258
-102
-326
-48
-250
-240
29
-414
-74
-120
-297
100
-115
-206
160
-202
112
162
-17
342
-56
435
179
275
620
334
743
563
651
869
731
891
804
664
895
612
972
743
754
965
472
768
603
488
605
238
118
20
-114
-115
-257
-362
-635
-659
-967
-1149
-1069
-1314
-1272
-1409
-1529
-1613
-1636
-1743
-1691
-1800
-1796
-1776
-1710
-1635
-1523
-1343
-1408
-1113
-1115
-1048
-877
-838
-483
-532
-304
-100
-60
141
184
531
482
658
809
730
929
1067
961
968
1058
1068
1137
980
1377
1158
1069
1224
967
1160
1049
1143
1066
1068
1162
746
1101
750
902
799
681
845
421
943
444
666
761
394
706
737
545
699
585
540
671
377
863
200
628
589
232
647
115
794
186
349
514
12
566
155
482
285
524
356
342
351
359
333
290
499
206
789
236
740
385
510
445
335
533
153
542
198
451
165
232
32
-22
8
-341
-122
-525
-558
-699
-853
-810
-849
-1072
-1210
-1354
-1485
-1388
-1553
-1430
-1549
-1604
-1694
-1637
-1493
-1448
-1188
-1338
-1168
-1086
-1148
-880
-844
-715
-609
-485
-226
-226
-56
152
188
264
360
514
616
622
927
640
1019
1012
652
1433
627
1169
1020
778
1160
778
1193
732
1169
856
806
1113
854
754
927
776
604
943
558
756
496
609
667
276
648
278
277
241
294
3
277
225
-129
421
-135
134
-225
-231
-233
-311
-186
-464
-250
-470
-402
-566
-551
-425
-402
-739
-301
-531
-610
-209
-620
-289
-439
-226
-326
-312
-158
-349
-42
-203
-94
-108
-35
-55
19
116
-25
187
6
35
15
-10
153
39
65
155
43
12
-30
-172
-196
-382
-356
-468
-604
-322
-674
-552
-637
-830
-709
-947
-740
-920
-870
-938
-987
-1001
-883
-979
-934
-834
-1024
-682
-862
-641
-614
-708
-571
-694
-644
-524
-571
-526
-125
-712
35
-508
-99
12
-441
435
-534
277
116
-159
147
183
-150
167
103
0
338
152
551
-278
761
-181
115
600
-266
686
-93
367
66
456
175
328
249
185
132
342
122
117
583
-258
542
-7
252
48
53
366
-150
382
32
140
167
-48
107
-248
77
-135
-28
-173
-23
-213
-469
-79
-553
-271
-315
-464
-387
-501
-446
-618
-460
-450
-612
-434
-516
-595
-219
-437
-269
-123
-537
-115
-303
-134
-109
-208
81
-233
126
7
71
223
145
124
290
219
113
401
80
204
89
143
91
197
217
104
191
25
100
-2
276
-59
170
149
86
209
-88
410
33
195
307
172
133
539
166
367
503
128
538
79
737
228
266
675
204
592
284
476
448
83
406
186
48
582
-119
392
247
-30
491
-273
355
142
-66
119
169
63
-40
392
-69
73
291
-32
111
227
30
331
190
130
130
174
346
-311
716
-230
172
236
215
175
-99
543
-304
420
49
86
23
151
43
26
-157
105
-217
-227
74
-190
190
-484
485
-522
241
17
-337
326
-369
333
-470
376
-235
116
-60
18
101
54
233
155
367
-89
694
-125
692
160
604
549
279
1054
-34
904
496
623
705
693
705
647
853
538
963
465
810
463
614
475
568
678
332
793
26
535
103
270
190
193
289
11
300
4
203
-59
74
-200
148
-209
-66
331
-127
-131
133
-197
-200
65
-120
28
71
18
-161
121
157
-254
148
119
-543
534
-642
183
7
-465
276
-791
223
-539
-184
105
-556
7
-215
-281
-214
-27
-523
206
-549
256
-642
201
16
-944
1117
-1220
694
-494
-7
12
-428
153
-727
47
-737
42
-808
30
-815
-260
-802
-695
-422
-1197
-161
-1375
-478
-1208
-754
-1075
-733
-870
-1204
-633
-1221
-638
-1014
-541
-920
-536
-658
-766
-57
-834
80
-594
1
73
-338
590
-34
207
324
435
410
359
651
541
370
1137
524
680
1126
215
1080
345
758
883
499
927
573
613
760
443
523
644
144
668
324
401
472
191
190
206
62
256
1
125
-70
205
-262
39
-73
-644
204
-949
-12
-832
-211
-500
-671
-363
-778
-835
-660
-760
-1262
-200
-1674
5
-1698
-183
-1216
-1359
61
-2147
303
-1554
-454
-799
-945
-564
-1087
-278
-909
-360
-587
-114
-911
292
-785
-249
236
-951
757
-835
1004
-816
558
-274
-246
397
-614
519
-827
800
-1133
1011
-905
296
-148
-691
283
-980
438
-1030
551
-984
15
-483
-303
-733
-109
-513
-691
355
-926
669
-982
485
-676
-265
439
-622
525
-284
169
107
-185
711
123
-70
1038
-444
791
395
294
797
205
1004
-240
960
715
229
1106
421
638
903
394
807
897
387
832
634
795
684
778
688
948
583
588
861
337
933
388
614
357
758
207
491
403
395
200
205
441
-6
538
-221
368
-336
125
-10
-349
303
-481
-51
-418
-228
11
-640
107
-404
-110
-903
83
-77
-1336
637
-542
-828
187
-189
-812
368
-408
347
-1090
875
-355
-782
1424
-1216
967
-569
593
-159
-91
1288
-829
837
359
-396
672
616
-238
224
541
281
-485
1097
41
-1030
1668
-1200
124
476
-369
275
-1034
883
-1015
381
32
-1045
614
-1233
219
250
-937
647
-230
-822
968
-818
799
-618
321
735
-1075
1617
-152
379
438
638
360
734
558
946
352
519
1137
-178
1492
644
598
876
554
713
874
577
816
765
693
754
534
1096
303
807
1063
-182
1279
370
175
1317
-49
800
292
445
447
315
676
-51
143
247
-204
266
241
-350
333
-417
229
-194
-179
-272
-480
-271
-515
-89
-380
-370
-254
-606
-531
-309
-540
-364
-474
-542
-552
-224
-133
-309
-389
-393
-395
-113
-157
-222
-237
161
-383
-197
635
-637
89
7
-339
-244
-70
82
-573
170
-374
-804
467
-976
135
642
-945
-50
-766
-280
-199
-269
106
-840
-450
-101
-812
-143
-46
-1193
-323
-418
-395
-345
-498
-222
-831
-117
-296
-225
-398
-325
-223
-764
175
-258
-350
-315
313
-830
46
674
-1131
349
232
-139
38
501
2
-41
168
590
152
-111
506
83
220
289
894
-483
808
151
178
988
86
785
51
709
125
168
977
98
-32
1066
-65
459
639
-63
48
144
615
-527
755
49
-482
426
-372
-72
-159
-367
-354
-217
-635
-161
-380
-666
-273
-829
-822
-793
-401
-1010
-518
-434
-1511
-721
-855
-765
-779
-182
-868
-871
-447
-467
-567
-708
-288
-1061
-561
-464
-290
-393
-423
-490
-264
-405
-506
117
-988
134
-445
-463
33
-586
-107
-496
-507
-443
-111
-580
-514
-284
-1073
-891
116
-725
-395
-336
-829
-314
-484
43
-229
-395
-562
-244
-134
-204
333
-78
-513
248
-322
-474
887
-75
145
316
192
-24
554
891
-349
558
854
132
129
836
94
80
1604
408
579
1380
1
571
1058
214
913
1375
395
878
1192
635
779
1466
836
1238
1251
1108
1209
835
1674
1051
1052
910
753
630
563
838
747
736
624
460
-389
-209
-329
-100
-279
-159
-477
-1490
-679
-1311
-1179
-424
-1281
-1437
-1212
-1763
-1064
-791
-1298
-938
-1620
-1012
-594
-646
-46
-302
-560
-462
-281
-200
582
564
386
286
256
281
351
908
500
786
743
262
681
686
611
642
541
10
180
373
260
209
109
-267
-98
406
-570
454
-140
-844
-413
-337
-566
-202
978
-777
-240
290
-770
-212
589
79
32
450
304
-282
4
1193
104
371
609
100
79
846
829
13
725
34
253
1028
1015
825
861
-160
495
816
832
1439
719
791
376
985
1634
1400
1443
1379
993
999
1748
1589
1853
1761
1464
1663
1725
1782
1289
1213
613
782
1142
691
1239
628
-260
-82
-766
-782
-447
-783
-750
-1543
-2035
-2308
-2477
-2131
-2113
-2221
-2643
-2860
-2852
-2878
-2269
-2058
-2438
-1949
-2290
-1865
-1439
-1020
-814
-1046
-558
-839
-320
87
630
931
713
930
701
751
1429
1451
1588
1414
1060
1283
1029
1401
1525
1001
706
204
409
314
686
674
-114
-190
-521
-197
-310
-343
-62
-1073
-721
-571
-892
152
-632
-825
-708
-1067
-327
-16
-94
-167
-207
-949
-437
85
-194
316
270
-228
-393
15
168
313
482
233
-2
264
392
595
755
790
656
303
798
672
1087
1172
806
1555
973
1152
1639
1185
1595
1811
1400
1703
1768
1913
1983
1980
1417
718
719
-8
831
1217
755
557
-641
-1544
-1916
-1507
-1126
-1378
-1658
-2921
-3891
-3866
-3887
-3443
-3403
-3745
-4336
-4968
-4652
-4568
-4146
-3891
-3949
-3901
-3857
-3239
-3065
-2716
-2008
-2086
-1662
-933
-641
-51
-7
267
333
696
1552
2008
2385
2274
2012
1949
1828
2392
2760
2807
2886
2440
1901
1663
1549
1233
1512
1349
1211
1350
869
449
142
-165
-329
-82
232
73
85
-203
-834
-742
-532
-187
222
226
317
-322
-430
-32
-67
569
700
692
497
431
611
517
929
869
963
1025
892
1117
1025
1047
1092
859
1135
1194
1196
1339
1044
1199
917
1182
1521
1250
1584
1313
1293
1354
1256
1446
1258
1203
848
200
232
128
313
716
239
-353
-1151
-1837
-1792
-1491
-1275
-1639
-2372
-3493
-4475
-4539
-3991
-3366
-3125
-3599
-4628
-5341
-5195
-4501
-3847
-3297
-3449
-3871
-3935
-3717
-3078
-2360
-2067
-1611
-1255
-842
-392
-203
-52
25
724
1427
2071
2702
2359
2127
1886
1941
2728
3243
3663
3378
2692
2213
1881
2092
2586
2890
2951
2396
1840
1425
1166
1347
1422
1551
1379
1102
983
719
478
462
440
573
1129
1231
1078
966
525
299
795
1197
1599
1827
1473
863
589
776
1056
1777
2131
1948
1714
1442
1223
1535
2001
2355
2608
2255
1821
1491
1770
1997
2175
2194
2017
1707
1690
1824
1661
1979
1889
1387
1193
494
-382
-232
-223
263
602
-382
-1692
-2999
-3374
-2790
-1763
-1559
-2417
-3775
-5441
-5895
-4972
-4010
-3186
-3499
-5023
-5967
-6232
-5395
-4233
-3399
-3298
-3855
-4174
-4276
-3732
-2603
-1854
-1207
-874
-1030
-867
-943
-560
-119
624
1558
1886
2042
1794
1203
1169
1538
2269
3174
3326
2956
2015
1403
1401
1877
2586
2738
2486
1849
1235
992
1101
1399
1687
1631
1454
1077
808
775
729
972
1223
1361
1238
1060
587
544
889
1195
1503
1576
1277
1133
1127
1065
1477
1549
1639
1967
1587
1683
1775
1612
1970
2135
2008
2098
2295
2185
2396
2365
2243
2236
2204
2208
2416
2133
2050
1974
1669
2070
1891
1677
1030
-259
-857
-701
-134
603
327
-1687
-3328
-4346
-4130
-2571
-1660
-2421
-4112
-6398
-7668
-6759
-5299
-3774
-4032
-5590
-7305
-8046
-7226
-5492
-4205
-3911
-4502
-5437
-5657
-5165
-3998
-2823
-2156
-1920
-1772
-1763
-1456
-1076
-989
-493
348
1068
1778
1817
1029
494
300
988
2324
3309
3261
2166
744
0
506
1753
2750
2729
1826
594
-141
217
866
1686
1926
1353
677
99
253
606
1098
1421
1129
952
592
423
697
1016
1360
1604
1561
1399
1347
1245
1228
1604
1855
1968
2129
1923
1709
1677
1818
1986
2495
2603
2601
2450
2130
2331
2518
3007
3087
2917
2476
2264
2075
2305
2454
2548
2609
2359
1934
1101
403
-630
-216
91
614
732
-853
-2635
-4093
-4172
-3041
-1891
-1485
-3108
-5343
-7081
-7587
-5816
-4452
-3436
-4443
-6403
-7583
-7978
-6344
-4648
-3696
-3762
-4909
-5658
-5743
-4927
-3305
-2435
-1837
-1889
-2172
-2120
-1957
-1350
-718
28
771
1055
1108
879
365
305
721
1679
2661
2882
2410
1086
310
445
1166
2453
2808
2212
1163
173
170
947
1858
2371
1852
991
375
345
963
1559
1971
1823
1388
1022
648
891
1268
1656
1929
1821
1474
1141
1180
1366
1748
2172
2242
2216
2071
1843
2035
2305
2634
3029
3015
2867
2861
2800
3181
3486
3675
3944
3727
3522
3550
3422
3682
4091
3637
3421
3227
3035
3179
2994
2352
742
17
23
485
1614
858
-1185
-3100
-4403
-3624
-2037
-963
-1673
-4143
-6466
-7873
-6707
-4538
-2950
-3036
-5406
-7508
-8156
-6936
-4571
-2868
-2740
-3975
-5179
-5665
-4918
-2865
-1444
-888
-1099
-1964
-2107
-1593
-638
175
671
841
695
764
652
792
955
876
1241
1620
1763
1907
1394
677
448
413
1076
1634
1651
1441
572
139
154
577
1341
1673
1473
898
390
424
977
1653
2140
1904
1460
1066
1062
1636
2102
2463
2168
1566
1324
1370
2015
2516
2657
2340
1743
1746
1876
2260
2829
2722
2611
2283
1997
2373
2460
3101
3309
2968
3342
2786
2656
3066
3120
3687
3872
3575
2726
2436
2149
2484
3305
2945
2283
552
-820
-690
99
1174
1094
-1222
-3228
-4459
-4196
-2620
-1741
-2255
-4362
-6377
-7794
-7082
-5268
-4010
-3960
-5629
-7238
-7749
-6948
-5133
-3963
-3845
-4263
-5152
-5105
-4461
-3373
-2223
-1778
-1650
-1471
-1322
-953
-418
-247
205
873
1121
1212
1222
764
683
944
1175
1610
1643
1336
932
429
271
424
608
704
694
341
49
-244
-520
-350
-193
262
317
55
-311
-387
-104
407
1045
1029
972
645
571
982
1490
1955
1894
1614
1341
1430
1760
2215
2510
2386
2154
2023
1918
2176
2571
2712
2681
2375
2212
2083
2368
2738
2973
2953
2685
2328
2129
2344
2695
2953
2976
2514
1927
1616
1505
2175
2257
2397
1752
745
-136
-1250
-980
-867
-163
-49
-1416
-2957
-4310
-4502
-3703
-2647
-2336
-3564
-5325
-6978
-7605
-6136
-4564
-3638
-4118
-6228
-7498
-7793
-6562
-4513
-3482
-3245
-4146
-5213
-5503
-4814
-3091
-1702
-789
-849
-1539
-1885
-1834
-954
86
1075
1767
1312
823
473
130
932
1519
1871
1936
1553
1081
615
510
586
902
1126
1141
920
249
-203
-567
-685
105
565
842
627
-351
-931
-765
74
1251
1752
1444
681
-52
74
860
1862
2598
2474
1772
1135
1111
1797
2753
3450
3353
2861
2191
2076
2337
2902
3761
3749
3505
2988
2436
2607
3000
3555
3710
3573
3068
2677
2502
2520
2900
3105
2758
2537
1940
1629
1835
1723
1908
1482
1115
24
-1057
-1198
-1137
-477
-204
-1434
-2879
-3965
-4258
-3448
-2554
-2392
-3437
-4927
-6444
-6764
-5665
-4261
-3585
-4312
-5910
-6939
-6831
-5411
-3879
-3175
-3247
-4255
-4832
-4824
-3854
-2240
-1237
-863
-1128
-1592
-1525
-965
-69
735
1232
1507
1223
1129
1080
1259
1671
1943
2237
2064
1986
1964
1522
1696
1790
1738
1961
1610
1475
1155
1036
989
920
1155
1174
1219
996
678
530
661
1064
1486
1495
1337
1071
971
1218
1711
2041
2081
1919
1625
1574
1848
2377
2675
2630
2434
1956
1987
2494
2824
3251
3246
3022
2515
2444
2574
2873
3418
3498
3296
3026
2650
2530
2675
2772
3111
2982
2745
2327
2005
1700
1814
1995
1968
1897
1299
460
-896
-1218
-1101
-429
231
-460
-2004
-3562
-4424
-4135
-2905
-2209
-2455
-4084
-5926
-7148
-6764
-5297
-3905
-3625
-4917
-6349
-7331
-6864
-5347
-3906
-3123
-3462
-4419
-5067
-4916
-3631
-2176
-1173
-850
-1191
-1479
-1447
-965
-165
658
1355
1651
1494
1056
697
872
1287
2173
2634
2462
2118
1325
1084
1363
1749
2029
1884
1431
1106
1021
1017
1118
1123
962
1017
1041
981
986
829
776
869
1160
1279
1323
1219
987
949
1316
1634
1801
1856
1621
1516
1558
1702
1793
1927
1948
2024
1975
1872
1714
1863
2078
2482
2612
2432
2243
1930
2111
2221
2579
2643
2332
1984
1705
1534
1705
1962
2077
2089
1662
1332
785
980
1229
1470
1544
686
-793
-1808
-1905
-1522
-432
-652
-1935
-3499
-4775
-4926
-4009
-3096
-3129
-4118
-5866
-7262
-7178
-6360
-5127
-4490
-5496
-6480
-7540
-7489
-6488
-5338
-4370
-4379
-4713
-5215
-5235
-4364
-3223
-2195
-1569
-1469
-1424
-1329
-779
-391
77
706
941
1486
1684
1657
1619
1386
1549
1880
2413
2883
2750
2199
1504
1090
1231
1860
2280
2176
1732
895
516
541
735
1255
1215
942
635
362
542
814
1033
1120
1146
1175
1077
1207
1249
1235
1401
1383
1509
1611
1677
1654
1606
1532
1622
1761
2020
2190
2229
2134
1935
1780
1820
2091
2287
2592
2105
2058
1621
1690
1853
1864
2153
1699
1690
1458
1294
1514
1506
1477
1634
1345
1360
917
960
808
711
783
-472
-1093
-1670
-1491
-679
-595
-1389
-2784
-4070
-4561
-4136
-3240
-2981
-3582
-4827
-6485
-6889
-6488
-5258
-4344
-4508
-5409
-6589
-6877
-6359
-5299
-4054
-3478
-3512
-3814
-4330
-3825
-2840
-1655
-569
-151
-166
-222
82
571
1297
1918
2302
2614
2834
2801
2943
2873
2874
3017
3100
3383
3588
3436
3114
2472
1869
1619
1562
1997
2326
2235
1729
915
62
-160
182
703
1135
1026
453
-54
-106
146
737
1118
1273
1284
1250
1400
1611
1651
1745
1707
1810
2169
2323
2583
2422
2248
2134
2253
2623
2976
3173
2956
2731
2343
2156
2260
2556
2834
2836
2508
1888
1477
1446
1589
1904
2111
1960
1833
1372
1119
1170
1063
1369
1419
1437
1563
1228
1023
282
-941
-1518
-1849
-1086
-216
-293
-1178
-2967
-4407
-5108
-4560
-3481
-2922
-3264
-4672
-6430
-7401
-7359
-6375
-5149
-4843
-5261
-6296
-6793
-6650
-5890
-4795
-4044
-3498
-3461
-3497
-3154
-2413
-1442
-427
251
719
1074
1562
2056
2613
3083
3347
3811
4222
4576
4710
4456
4144
3860
3796
4011
4295
4381
3998
3156
2160
1491
1216
1420
1698
1591
1096
298
-568
-919
-980
-795
-491
-485
-578
-735
-736
-599
-370
-189
-43
278
658
991
1368
1454
1270
1202
1106
1527
2060
2478
2597
2248
2013
1800
2053
2418
2803
2835
2429
1952
1536
1342
1636
1697
1746
1559
913
848
456
817
914
957
886
543
632
525
740
790
643
591
517
361
852
722
858
160
-1145
-1846
-2627
-1745
-1069
-718
-1255
-2871
-4135
-5024
-5046
-4446
-4234
-4354
-5345
-6668
-7385
-7711
-6980
-6535
-6265
-6435
-6856
-6755
-6428
-5771
-5008
-4508
-3977
-3660
-3402
-2701
-1865
-517
487
1158
1473
1591
2081
2802
3614
4432
4890
5169
5078
4900
4707
4603
4882
4821
4713
4204
3687
3482
3151
2705
2065
1192
662
221
6
-64
-363
-693
-1390
-2039
-2504
-2496
-2044
-1656
-1321
-1383
-1461
-1272
-1103
-689
-362
-127
362
697
1125
1501
1587
1635
1557
1579
1773
1929
2126
2217
2238
2114
1895
1836
1724
1647
1442
1193
1204
1166
970
712
365
197
56
-13
-128
-284
-257
-248
-69
-98
-261
-289
-366
-125
-13
47
104
-11
36
91
100
37
-321
-536
-816
-1107
-1404
-1815
-1731
-1739
-1854
-2421
-3252
-3874
-4265
-4276
-4260
-4402
-4798
-5376
-5791
-5861
-5758
-5345
-5031
-4781
-4672
-4729
-4461
-3978
-3334
-2505
-1811
-1197
-647
-266
183
803
1581
2433
3154
3541
3707
3949
4322
4821
5264
5347
5320
5283
5255
5369
5339
5245
4996
4490
4041
3511
3060
2679
2331
1903
1468
1063
674
431
107
-257
-517
-843
-1053
-1110
-1107
-979
-1123
-1253
-1267
-1230
-1019
-884
-552
-302
-287
-207
-190
-37
159
260
443
533
521
407
428
454
377
462
477
435
335
89
-2
36
-6
-267
-596
-746
-835
-763
-651
-736
-916
-1183
-1351
-1189
-1015
-858
-822
-940
-948
-895
-701
-388
-270
-430
-591
-592
-294
-76
63
-36
-262
-160
-113
183
390
369
273
90
133
203
232
298
224
166
-50
-275
-301
-249
122
380
432
344
94
-7
211
505
767
913
829
735
784
1005
1366
1654
1656
1602
1515
1685
1959
2186
2371
2348
2331
2157
2047
2015
1977
2014
1953
1844
1646
1409
1167
829
645
510
394
396
338
150
-155
-577
-877
-915
-782
-618
-577
-734
-853
-928
-809
-561
-538
-499
-588
-672
-524
-316
-79
-60
-280
-327
-271
-23
100
-81
-173
-103
64
268
200
-136
-460
-502
-401
-376
-262
-351
-549
-659
-778
-904
-940
-1146
-1339
-1240
-1045
-910
-1175
-1336
-1479
-1444
-1192
-1330
-1346
-1279
-1246
-1117
-1067
-1144
-1273
-1335
-1234
-1092
-923
-882
-800
-585
-499
-422
-503
-552
-548
-373
-81
190
384
469
495
597
747
947
1305
1541
1777
1915
1974
1935
1845
1697
1569
1578
1642
1684
1778
1834
1815
1669
1346
865
543
451
438
502
383
210
50
40
48
-56
-319
-632
-731
-500
-116
57
-102
-409
-565
-382
96
530
657
557
289
187
387
655
931
925
817
767
739
846
829
674
458
239
72
-170
-519
-888
-1227
-1366
-1439
-1593
-1955
-2421
-2783
-2919
-2732
-2551
-2580
-2713
-2903
-3019
-2957
-2878
-2740
-2563
-2334
-2054
-1781
-1613
-1663
-1599
-1331
-894
-477
-388
-424
-448
-353
-97
-7
-39
-185
-303
-309
-355
-328
-314
-338
-346
-372
-446
-463
-442
-375
-272
-275
-390
-558
-612
-424
-140
225
447
552
709
944
1330
1701
2021
2155
2207
2391
2635
2947
3183
3236
3288
3374
3480
3482
3378
3174
3033
2804
2499
2004
1295
651
169
20
-23
-178
-748
-1500
-2170
-2493
-2527
-2574
-2898
-3337
-3669
-3674
-3318
-2981
-2765
-2748
-2727
-2507
-2053
-1519
-1012
-648
-399
-92
272
693
1209
1599
2050
2451
2781
2969
2954
2876
2795
2711
2692
2510
2156
1736
1232
987
736
418
-101
-837
-1333
-1696
-1858
-2001
-2408
-2846
-3281
-3525
-3559
-3529
-3481
-3473
-3412
-3216
-2870
-2511
-2176
-1902
-1701
-1314
-978
-602
-205
41
327
436
585
723
795
989
1047
1006
950
917
943
953
855
639
392
257
189
215
273
274
220
273
371
482
606
644
712
858
1080
1406
1599
1799
2018
2250
2650
2945
3221
3492
3661
3863
4002
4039
4164
4115
4207
4201
4196
4089
3816
3520
3154
2873
2421
1870
1045
161
-546
-913
-1087
-1290
-1670
-2181
-2557
-2705
-2786
-2939
-3393
-3930
-4326
-4500
-4286
-3929
-3516
-3049
-2675
-2299
-1886
-1516
-992
-579
-219
32
223
501
854
1333
1861
2293
2476
2526
2402
2332
2292
2202
2002
1683
1313
971
799
676
525
219
-230
-820
-1505
-2039
-2491
-2718
-2908
-3096
-3247
-3369
-3263
-3033
-2729
-2484
-2373
-2302
-2189
-1963
-1641
-1259
-956
-663
-382
-33
416
841
1224
1456
1578
1635
1636
1548
1524
1448
1513
1563
1605
1579
1406
1227
1027
924
873
800
720
701
692
838
972
1182
1283
1337
1329
1295
1320
1367
1499
1672
1959
2203
2533
2771
3004
3193
3223
3195
3091
2948
2848
2703
2553
2525
2432
2420
2328
2201
1969
1532
998
148
-842
-1860
-2614
-3083
-3246
-3475
-3683
-3919
-4095
-4079
-4194
-4358
-4783
-5390
-5787
-5968
-5816
-5323
-4813
-4064
-3361
-2743
-2071
-1614
-1062
-659
-421
-127
-120
78
256
565
1106
1639
2193
2698
2929
3036
2874
2452
1993
1302
873
566
472
405
261
55
-133
-356
-632
-885
-1353
-1725
-2219
-2617
-2718
-2822
-2605
-2370
-2052
-1606
-1328
-928
-709
-632
-555
-636
-609
-437
-249
180
475
847
1184
1393
1668
1666
1582
1355
1041
792
566
424
309
241
281
298
405
447
395
225
22
-63
-96
52
172
282
384
472
640
838
1064
1287
1409
1611
1688
1740
1832
1856
2067
2260
2587
2802
2892
2878
2708
2519
2315
2021
1761
1453
1201
1126
963
920
492
-104
-923
-1757
-2258
-2664
-2945
-3415
-3904
-4359
-4462
-4409
-4141
-4097
-4221
-4493
-4850
-4935
-5054
-4908
-4766
-4430
-4028
-3540
-2824
-2049
-1224
-509
-22
200
228
201
196
316
575
958
1365
1828
2222
2497
2753
2847
2785
2561
2126
1651
1047
558
189
-66
-138
-115
-85
13
10
-99
-298
-692
-959
-1239
-1305
-1247
-1213
-1099
-940
-639
-126
343
783
1053
1064
1072
902
904
926
945
1076
1196
1448
1738
1967
1997
1889
1698
1571
1534
1449
1365
1080
844
643
518
671
853
1083
1276
1285
1335
1260
1180
1176
1043
1113
1081
1064
1170
1128
1352
1465
1670
1894
1938
2131
2101
2153
2141
2009
1946
1709
1535
1415
1285
1309
1174
1018
869
607
518
194
-205
-915
-1795
-2413
-2878
-2985
-3186
-3411
-3700
-3836
-3743
-3613
-3468
-3540
-3780
-4063
-4310
-4445
-4371
-4248
-3912
-3560
-3106
-2473
-1845
-1058
-422
110
527
687
894
861
869
1027
1196
1656
2078
2538
2933
3246
3532
3598
3509
3272
2857
2474
2056
1680
1389
1108
998
893
918
991
905
855
548
358
125
-69
-138
-304
-318
-313
-240
-12
270
550
842
819
856
667
598
654
634
746
669
661
663
700
844
921
1051
1115
1059
1013
741
534
301
127
129
57
138
163
172
354
388
630
731
759
757
472
428
210
214
233
209
407
461
747
938
1052
1232
1249
1313
1359
1153
1090
755
572
461
281
365
257
331
328
271
128
-338
-968
-1694
-2144
-2478
-2593
-2845
-3278
-3618
-3931
-3839
-3616
-3380
-3207
-3399
-3662
-3961
-4298
-4275
-4212
-3964
-3555
-3262
-2655
-2116
-1455
-719
-227
375
704
954
1049
943
953
1064
1343
1739
2096
2407
2746
3013
3275
3390
3361
3195
2845
2477
2060
1611
1175
788
502
344
370
328
357
190
83
-16
-257
-332
-595
-730
-831
-956
-968
-1004
-908
-716
-588
-329
-165
-37
178
172
211
167
104
210
221
279
327
233
334
421
545
760
685
636
456
188
94
-150
-220
-252
-351
-264
-335
-232
-140
-104
14
-69
-105
-214
-400
-476
-661
-742
-777
-784
-555
-347
-28
241
397
534
434
429
303
200
140
-20
-102
-280
-335
-344
-344
-361
-523
-917
-1270
-1643
-1944
-2223
-2641
-3001
-3360
-3432
-3332
-3184
-3055
-3051
-3166
-3237
-3337
-3300
-3150
-3038
-2806
-2765
-2468
-2068
-1466
-686
-42
528
889
1096
1314
1460
1684
1953
2125
2321
2394
2458
2624
2790
3054
3232
3262
3180
2909
2704
2436
2166
1911
1551
1326
994
730
505
233
107
-74
-196
-266
-389
-406
-459
-443
-356
-280
-177
-201
-214
-262
-258
-266
-202
-157
-69
18
105
248
350
520
582
570
505
348
309
198
106
2
-123
-144
-168
-122
-54
-42
-44
-117
-233
-302
-425
-466
-499
-495
-471
-434
-350
-259
-203
-125
-110
-67
19
26
187
231
409
579
673
860
923
1013
1068
1008
1107
1102
1089
1129
936
952
825
752
676
386
129
-294
-582
-874
-1185
-1479
-1822
-2014
-2118
-2086
-2011
-1968
-1913
-1938
-2011
-1967
-2060
-1935
-1885
-1755
-1505
-1369
-927
-598
-113
422
783
1220
1470
1623
1787
1789
1930
2037
2119
2291
2307
2423
2545
2671
2804
2811
2747
2594
2429
2205
2040
1777
1580
1339
1061
888
631
461
305
167
92
-31
-116
-122
-133
-31
48
73
148
117
162
180
162
185
115
131
174
230
368
421
481
558
565
600
551
439
292
91
-102
-193
-312
-376
-489
-613
-644
-702
-662
-699
-747
-871
-982
-1060
-1056
-1044
-1008
-980
-910
-785
-623
-469
-386
-295
-261
-116
4
163
288
424
583
748
912
1072
1194
1269
1329
1350
1372
1350
1281
1199
1129
1078
1040
920
721
447
65
-277
-586
-899
-1152
-1482
-1739
-1928
-2040
-2040
-1997
-1973
-1944
-1983
-2018
-1973
-1964
-1739
-1606
-1380
-1183
-1002
-650
-311
113
433
697
926
1106
1229
1387
1444
1547
1603
1701
1753
1803
1811
1807
1829
1800
1796
1682
1568
1387
1206
986
751
449
147
-176
-422
-651
-856
-1024
-1196
-1257
-1348
-1308
-1287
-1175
-1041
-932
-837
-791
-771
-776
-793
-828
-796
-767
-685
-594
-489
-380
-245
-163
-58
-88
-147
-283
-465
-583
-754
-898
-1050
-1221
-1301
-1403
-1425
-1450
-1473
-1442
-1512
-1530
-1646
-1633
-1620
-1543
-1382
-1284
-1078
-949
-739
-530
-293
-72
127
245
425
550
767
974
1167
1402
1542
1762
1889
2030
2151
2162
2171
2126
2047
1958
1793
1648
1423
1224
1044
755
481
77
-344
-676
-1087
-1311
-1706
-2001
-2255
-2466
-2507
-2522
-2494
-2431
-2406
-2331
-2243
-2151
-1907
-1771
-1515
-1318
-1132
-837
-602
-248
49
331
660
840
1096
1248
1396
1574
1637
1729
1700
1693
1654
1618
1629
1534
1475
1299
1168
1036
816
687
407
178
-119
-427
-713
-988
-1205
-1352
-1464
-1536
-1548
-1548
-1424
-1257
-1072
-829
-701
-576
-488
-440
-327
-315
-239
-247
-208
-161
-91
-13
107
155
237
211
182
113
-4
-102
-321
-450
-696
-856
-1066
-1256
-1316
-1413
-1384
-1402
-1422
-1354
-1341
-1203
-1105
-983
-793
-652
-425
-212
-10
277
460
722
940
1130
1417
1608
1894
2125
2313
2559
2684
2882
2982
3057
3119
3098
3100
3028
2899
2734
2513
2297
2067
1828
1603
1361
1097
854
485
144
-258
-638
-910
-1246
-1489
-1806
-2024
-2163
-2240
-2187
-2094
-1971
-1798
-1680
-1493
-1341
-1176
-988
-842
-640
-519
-333
-181
32
253
495
759
963
1178
1327
1499
1625
1735
1770
1752
1670
1549
1426
1303
1149
994
773
588
379
191
35
-148
-281
-451
-584
-716
-861
-953
-1049
-1080
-1044
-1011
-880
-796
-648
-489
-340
-105
50
223
339
383
449
466
472
483
493
474
497
441
410
342
235
181
26
-93
-279
-479
-658
-866
-1006
-1127
-1195
-1244
-1255
-1232
-1175
-1113
-1033
-911
-795
-599
-462
-248
-71
131
399
639
933
1186
1399
1602
1765
1921
2087
2200
2339
2430
2536
2589
2656
2644
2667
2591
2518
2363
2156
1961
1665
1428
1131
879
651
422
253
79
-68
-195
-337
-488
-679
-916
-1157
-1352
-1552
-1676
-1812
-1892
-1941
-1928
-1858
-1741
-1592
-1414
-1208
-1042
-864
-759
-669
-565
-496
-393
-317
-242
-155
-68
69
219
365
549
651
742
794
802
828
737
652
465
273
102
-71
-217
-355
-473
-555
-610
-638
-654
-667
-702
-691
-747
-732
-757
-801
-798
-847
-781
-758
-670
-571
-474
-377
-281
-190
-82
-5
37
48
-14
-51
-142
-222
-335
-493
-626
-788
-918
-1023
-1168
-1242
-1351
-1381
-1396
-1395
-1384
-1407
-1426
-1433
-1423
-1343
-1285
-1177
-1078
-942
-742
-553
-269
-17
282
567
787
1025
1184
1363
1501
1577
1662
1643
1681
1663
1703
1739
1755
1771
1747
1709
1675
1573
1459
1330
1115
941
656
401
155
-131
-270
-502
-628
-740
-881
-843
-887
-848
-813
-844
-783
-852
-884
-928
-1063
-1075
-1218
-1259
-1301
-1345
-1257
-1217
-1065
-915
-803
-617
-534
-433
-349
-338
-277
-317
-296
-319
-347
-333
-351
-289
-219
-130
-19
58
127
184
195
210
199
144
102
23
-48
-115
-198
-184
-198
-131
-63
-19
54
81
105
138
89
90
-3
-77
-132
-248
-283
-374
-363
-351
-304
-249
-226
-199
-214
-231
-315
-414
-551
-694
-831
-982
-1065
-1144
-1146
-1122
-1087
-1020
-953
-857
-757
-666
-565
-507
-454
-384
-335
-242
-151
-49
53
172
306
467
628
791
952
1093
1242
1353
1474
1532
1590
1602
1586
1542
1450
1366
1250
1174
1075
991
895
815
739
662
598
492
383
255
131
5
-152
-294
-394
-479
-476
-502
-473
-427
-352
-210
-60
99
225
322
442
556
641
699
720
719
725
733
738
752
719
712
681
676
679
678
700
686
639
558
463
387
291
216
149
59
-30
-90
-97
-87
-18
-5
62
117
161
250
285
337
356
382
419
437
436
454
452
479
473
450
446
387
355
279
186
97
-38
-158
-287
-414
-507
-624
-667
-738
-772
-780
-801
-768
-742
-705
-699
-701
-697
-693
-642
-590
-529
-500
-457
-381
-294
-137
-14
115
211
273
355
394
474
511
507
509
476
492
513
554
607
621
659
672
663
672
637
590
516
433
323
233
132
69
-9
-121
-151
-224
-205
-203
-200
-185
-166
-146
-92
-88
-61
-77
-102
-84
-104
-70
-87
-62
-46
28
112
226
350
468
617
737
888
999
1099
1194
1231
1270
1278
1262
1274
1226
1191
1133
1059
1023
939
871
789
677
558
467
369
311
208
112
18
-39
-31
-57
-59
-87
-108
-103
-87
-78
-85
-106
-130
-169
-220
-263
-347
-417
-492
-545
-604
-660
-720
-782
-819
-890
-947
-1044
-1110
-1199
-1280
-1342
-1438
-1505
-1572
-1592
-1600
-1594
-1553
-1513
-1428
-1349
-1247
-1156
-1052
-928
-813
-677
-574
-453
-363
-269
-157
-95
-5
34
70
113
141
193
204
237
258
232
224
186
156
136
87
22
-76
-158
-227
-271
-305
-327
-362
-388
-392
-421
-425
-466
-511
-560
-617
-652
-725
-770
-802
-819
-783
-768
-711
-669
-603
-524
-486
-395
-368
-315
-284
-248
-192
-157
-89
-31
43
141
220
309
421
518
649
714
787
821
843
891
892
932
916
931
941
954
987
997
1013
1030
1041
1044
1039
986
951
882
851
789
717
645
573
525
452
384
302
233
160
98
29
-42
-142
-216
-291
-364
-458
-582
-701
-814
-893
-989
-1107
-1226
-1352
-1442
-1504
-1563
-1592
-1651
-1675
-1718
-1736
-1721
-1708
-1655
-1616
-1562
-1487
-1409
-1303
-1175
-1025
-867
-732
-597
-467
-306
-173
-38
49
132
216
294
377
408
440
443
472
490
509
514
499
486
464
434
396
346
281
218
135
45
-73
-191
-302
-400
-479
-548
-586
-628
-634
-626
-594
-571
-531
-480
-438
-381
-352
-312
-261
-177
-96
-33
39
121
232
371
510
627
707
789
868
945
1011
1045
1069
1068
1095
1108
1140
1174
1203
1227
1273
1321
1353
1368
1366
1358
1334
1317
1288
1271
1243
1219
1202
1201
1240
1295
1345
1391
1399
1421
1434
1433
1417
1351
1281
1186
1062
957
796
662
517
361
254
90
-1
-137
-250
-349
-461
-524
-623
-685
-760
-822
-854
-891
-909
-903
-917
-925
-943
-947
-932
-898
-839
-795
-769
-750
-728
-683
-639
-567
-525
-483
-434
-380
-297
-219
-150
-91
-14
65
136
197
247
270
283
255
248
222
189
149
71
7
-65
-120
-169
-227
-268
-326
-376
-409
-436
-470
-501
-538
-564
-572
-582
-592
-601
-615
-595
-565
-513
-465
-420
-355
-290
-201
-127
-41
46
122
210
300
389
483
570
687
794
905
991
1082
1162
1237
1279
1291
1285
1246
1206
1127
1058
966
870
815
779
771
776
767
790
803
838
894
910
925
900
887
878
851
816
772
721
706
677
668
641
605
553
510
479
436
381
316
251
182
127
63
39
-31
-50
-113
-165
-204
-272
-325
-427
-504
-594
-677
-741
-811
-857
-904
-921
-930
-908
-880
-834
-788
-729
-676
-615
-560
-520
-484
-488
-472
-473
-477
-506
-547
-573
-617
-658
-699
-748
-761
-795
-815
-843
-892
-909
-934
-936
-956
-984
-1015
-1041
-1058
-1035
-1027
-1002
-994
-976
-934
-919
-873
-867
-849
-845
-844
-842
-859
-858
-850
-820
-778
-730
-664
-595
-508
-432
-345
-263
-188
-137
-83
-36
-3
9
15
30
42
47
48
58
66
84
113
134
140
170
204
245
277
298
345
384
458
521
569
624
660
708
757
793
829
834
824
820
801
817
789
774
751
728
717
679
652
604
570
515
473
419
374
331
297
253
173
119
68
59
15
-38
-120
-171
-201
-211
-202
-229
-246
-258
-242
-186
-148
-84
-48
1
52
96
149
156
154
144
134
106
65
14
-10
-58
-100
-157
-201
-222
-259
-298
-352
-407
-459
-507
-536
-571
-610
-668
-727
-768
-802
-839
-886
-922
-935
-911
-906
-917
-926
-912
-859
-813
-777
-756
-716
-655
-586
-510
-461
-417
-384
-345
-301
-272
-277
-305
-339
-361
-372
-393
-425
-489
-526
-561
-571
-567
-566
-556
-542
-507
-467
-409
-346
-265
-202
-131
-66
18
119
217
311
384
475
568
662
746
801
854
885
944
990
1053
1096
1120
1163
1198
1258
1299
1316
1323
1307
1301
1275
1230
1188
1118
1052
992
934
898
855
819
780
738
727
708
716
717
701
658
617
575
568
574
571
554
513
510
516
564
591
600
617
623
657
669
676
654
615
592
569
574
537
501
455
428
432
445
459
448
427
379
353
316
273
213
134
58
-21
-84
-132
-172
-195
-226
-248
-256
-249
-228
-215
-219
-216
-234
-226
-242
-244
-272
-301
-313
-353
-351
-404
-426
-497
-541
-599
-669
-711
-796
-846
-905
-939
-967
-1007
-1003
-1002
-977
-968
-970
-954
-943
-905
-879
-836
-805
-769
-726
-661
-586
-520
-453
-397
-315
-241
-157
-85
-14
68
117
175
232
271
323
361
406
428
445
474
487
492
474
443
421
407
405
377
341
314
288
315
325
355
362
382
408
452
529
577
623
636
666
696
718
745
726
716
688
680
660
645
628
593
578
566
591
607
640
658
663
681
695
703
702
678
628
562
499
444
390
327
265
204
176
162
164
156
134
92
50
23
1
-34
-92
-165
-240
-285
-306
-309
-307
-293
-294
-268
-249
-228
-234
-267
-325
-390
-469
-535
-616
-701
-775
-848
-863
-897
-888
-898
-906
-901
-911
-908
-954
-985
-1061
-1129
-1189
-1237
-1284
-1340
-1360
-1377
-1346
-1303
-1252
-1201
-1152
-1106
-1066
-1017
-967
-935
-909
-899
-872
-838
-789
-729
-689
-631
-586
-517
-464
-404
-363
-334
-302
-289
-282
-276
-284
-285
-307
-304
-291
-278
-246
-244
-208
-195
-155
-142
-109
-100
-85
-62
-49
-35
-57
-53
-61
-49
-28
-7
15
35
77
144
225
304
379
427
502
561
643
711
765
806
817
863
886
936
930
934
904
900
899
894
878
840
804
747
717
691
660
615
565
501
461
432
407
369
321
262
214
189
167
150
116
91
72
61
76
75
87
80
80
103
123
144
134
102
78
55
38
23
-13
-36
-99
-140
-175
-210
-233
-290
-347
-411
-455
-494
-540
-585
-645
-686
-705
-712
-698
-705
-703
-710
-696
-658
-615
-577
-564
-558
-539
-514
-469
-452
-441
-421
-414
-381
-351
-304
-261
-218
-183
-127
-93
-50
-28
-5
19
18
27
13
5
-12
-35
-44
-53
-70
-74
-90
-84
-84
-75
-65
-65
-58
-65
-63
-45
-33
-8
-7
-3
9
28
84
109
154
171
215
263
309
352
381
414
443
473
504
524
528
532
539
571
596
631
638
656
663
685
708
731
744
739
737
722
730
715
715
705
689
694
692
711
720
731
752
755
777
787
796
795
788
772
745
729
714
702
668
644
616
604
588
554
514
469
419
373
331
293
235
166
116
66
28
-11
-40
-61
-89
-105
-127
-132
-151
-179
-200
-223
-228
-257
-279
-295
-303
-307
-307
-290
-281
-266
-258
-252
-222
-186
-152
-141
-126
-123
-113
-83
-70
-52
-67
-60
-67
-58
-43
-58
-52
-90
-74
-72
-66
-66
-96
-100
-121
-121
-138
-159
-186
-235
-277
-296
-317
-327
-353
-371
-394
-402
-405
-401
-387
-393
-404
-429
-417
-418
-411
-411
-411
-397
-387
-353
-324
-298
-280
-277
-247
-212
-191
-181
-201
-187
-196
-182
-169
-158
-136
-136
-91
-76
-33
-8
19
54
62
99
111
146
153
164
181
192
226
236
251
263
278
298
306
326
327
319
312
307
319
309
310
283
269
260
245
240
206
191
157
141
135
113
107
94
93
81
66
54
30
12
-6
2
-19
-16
-40
-52
-29
-34
-13
-20
0
26
29
57
63
61
70
55
69
53
35
27
1
5
-19
-33
-50
-55
-55
-75
-68
-84
-89
-112
-129
-153
-191
-225
-283
-318
-353
-388
-432
-475
-494
-516
-528
-541
-557
-559
-570
-560
-573
-589
-610
-639
-649
-683
-690
-715
-735
-734
-738
-714
-700
-676
-660
-634
-597
-577
-553
-528
-514
-502
-502
-497
-474
-456
-432
-411
-383
-352
-309
-280
-229
-203
-161
-131
-104
-78
-76
-65
-73
-65
-59
-58
-57
-56
-57
-49
-39
-10
-6
3
-3
0
1
-8
-13
-30
-34
-46
-62
-75
-87
-86
-86
-81
-72
-62
-48
-32
-10
4
18
34
52
67
77
86
104
118
151
169
211
235
268
307
354
411
443
478
498
540
571
606
616
616
620
628
645
644
640
632
633
647
656
650
644
622
591
570
544
515
476
432
392
355
325
282
241
194
164
130
94
62
30
0
-35
-60
-88
-107
-137
-173
-208
-240
-256
-264
-270
-274
-292
-314
-325
-321
-308
-295
-292
-289
-278
-265
-236
-231
-223
-219
-214
-192
-172
-143
-134
-115
-96
-74
-40
-15
18
38
58
74
94
118
144
152
155
153
151
153
162
174
177
175
173
175
177
191
187
180
160
147
138
122
110
83
67
50
36
18
7
-6
-15
-25
-27
-30
-44
-44
-47
-47
-41
-51
-49
-45
-34
-27
-16
9
28
75
114
157
192
224
265
299
340
368
395
426
451
474
500
520
544
553
583
604
625
638
645
650
654
650
635
624
606
588
560
531
498
475
460
445
419
402
379
361
342
331
311
275
244
211
183
158
130
100
75
57
42
21
8
-5
-7
-10
-9
-21
-33
-46
-54
-67
-81
-92
-115
-121
-129
-134
-138
-139
-139
-136
-130
-130
-126
-122
-121
-117
-119
-118
-125
-136
-135
-134
-133
-137
-138
-137
-126
-123
-121
-118
-113
-105
-100
-100
-108
-124
-135
-146
-144
-148
-160
-171
-192
-204
-218
-223
-222
-235
-245
-268
-284
-299
-315
-325
-343
-358
-380
-385
-398
-404
-412
-424
-426
-427
-419
-414
-413
-416
-409
-397
-375
-359
-339
-328
-310
-289
-267
-240
-220
-195
-175
-154
-131
-109
-81
-60
-39
-26
-16
-8
1
23
34
49
48
47
50
61
76
84
77
77
82
96
103
100
101
93
100
93
95
87
83
75
76
83
83
86
71
68
60
60
54
40
30
27
16
9
-11
-15
-24
-25
-30
-42
-39
-46
-35
-34
-27
-25
-31
-31
-31
-26
-15
-11
-5
4
12
28
35
45
56
70
83
94
106
114
119
117
132
127
131
121
105
92
67
60
43
41
25
2
-23
-41
-58
-76
-94
-119
-148
-176
-203
-224
-261
-287
-320
-354
-378
-406
-418
-448
-460
-477
-486
-487
-495
-495
-503
-511
-512
-509
-498
-486
-485
-485
-479
-468
-456
-438
-422
-405
-393
-373
-340
-320
-292
-276
-257
-237
-219
-199
-190
-172
-163
-143
-120
-92
-78
-64
-45
-32
-11
0
10
23
30
41
46
45
60
66
73
79
77
85
85
88
94
97
107
110
113
120
127
137
140
142
150
145
154
157
157
168
169
176
181
186
196
206
222
234
245
260
279
299
316
326
331
346
357
373
389
401
411
420
432
446
460
465
470
466
473
472
471
459
446
432
426
413
404
387
368
355
323
313
281
266
236
202
174
139
116
93
67
38
9
-18
-39
-50
-75
-87
-118
-137
-154
-168
-155
-174
-177
-186
-192
-184
-185
-174
-178
-177
-176
-174
-164
-162
-151
-147
-133
-123
-120
-103
-105
-90
-92
-85
-72
-80
-63
-73
-72
-75
-79
-65
-69
-62
-68
-74
-68
-76
-67
-80
-87
-101
-106
-95
-106
-99
-118
-124
-129
-129
-116
-128
-119
-128
-130
-117
-127
-113
-121
-106
-107
-103
-87
-84
-60
-64
-40
-37
-22
0
3
33
38
60
72
71
97
93
114
125
138
151
154
173
170
191
195
213
219
225
237
234
244
238
244
241
239
250
252
254
256
247
245
240
245
239
219
209
188
175
157
148
132
112
106
88
82
68
51
36
15
16
1
-2
-15
-24
-37
-61
-65
-83
-80
-87
-94
-105
-110
-108
-114
-107
-112
-117
-120
-128
-114
-112
-110
-110
-118
-103
-108
-102
-103
-106
-97
-105
-88
-83
-77
-78
-84
-80
-84
-75
-83
-75
-88
-85
-90
-96
-82
-93
-85
-92
-87
-85
-81
-86
-99
-98
-100
-91
-96
-92
-98
-110
-121
-129
-126
-133
-136
-146
-142
-145
-143
-143
-148
-147
-151
-145
-149
-139
-139
-138
-131
-133
-128
-130
-119
-113
-106
-96
-91
-74
-71
-56
-50
-43
-28
-23
-13
-2
6
18
22
35
47
57
70
71
84
89
86
92
85
94
94
95
103
96
93
89
85
83
81
76
72
59
62
56
53
43
29
19
4
7
-7
-2
-9
-12
-16
-28
-21
-35
-35
-48
-52
-51
-56
-53
-59
-58
-62
-58
-63
-71
-68
-78
-76
-80
-72
-66
-66
-49
-54
-47
-50
-51
-45
-46
-35
-29
-24
-21
-17
-10
-4
0
-3
6
7
19
21
25
33
27
36
36
44
43
42
36
29
26
23
25
25
27
22
14
16
8
7
-2
-4
-10
-14
-13
-27
-24
-39
-43
-54
-61
-60
-66
-60
-69
-68
-76
-77
-73
-70
-65
-67
-71
-70
-67
-58
-46
