SAMPLES:	9019
BITSPERSAMPLE:	16
CHANNELS:	1
SAMPLERATE:	16000
NORMALIZED:	FALSE
-33
-23
-28
-33
16
-11
49
58
83
11
-4
19
-53
28
57
55
-29
20
-16
71
98
48
149
41
-43
102
-87
9
26
-36
105
-22
13
13
1
30
40
13
17
-30
-19
61
81
43
95
-14
-25
-16
42
97
24
77
-65
-73
-24
1
83
37
29
33
-73
18
12
49
43
-46
-38
-144
-151
-11
-40
-15
71
-73
6
-40
35
72
19
22
-49
-115
-60
-22
82
-7
-82
49
-98
78
114
26
17
-79
-55
30
-70
24
-41
-152
-43
-55
18
28
-2
-1
-104
-120
-31
-28
-24
-110
17
-78
-43
15
-70
24
-63
17
43
-32
100
70
0
102
55
-10
18
141
64
25
60
22
71
-35
67
17
-51
-37
13
18
-1
10
10
-33
-19
-37
40
42
37
9
-92
-67
-123
-43
64
35
-89
-133
-146
-12
-35
-32
100
-57
-57
-12
-33
-26
-10
7
-83
-129
-70
-32
-8
-93
-29
-81
-116
75
-35
39
1
-89
-39
-44
10
46
100
4
45
-38
-78
199
3
65
35
-105
67
-170
54
-32
-73
68
-58
69
-30
32
85
25
19
-49
39
-82
-52
-90
-119
-59
-192
-52
-124
6
-27
-35
207
-129
106
-123
-108
13
-130
142
-107
-58
-6
-99
-42
-40
57
18
-107
38
-147
30
-138
-4
9
-73
-39
21
25
25
61
-67
-66
-17
56
43
27
192
26
105
74
-8
186
23
86
176
-61
93
14
-54
76
-78
85
72
106
183
82
-27
52
-122
-40
-152
38
-37
-25
79
-180
45
-26
-11
168
-25
-18
2
-142
58
-81
-159
125
12
11
210
-43
113
71
-46
163
-112
83
-34
-109
-30
-45
-33
-39
110
4
135
48
45
152
-43
-93
-37
-191
-31
-140
165
101
112
134
156
101
-29
149
63
48
12
25
-145
-114
-149
-21
68
53
269
171
7
46
-157
-78
9
-89
-70
-50
-98
-108
-65
0
136
-9
86
224
-208
76
-66
-200
-74
-155
109
152
149
220
92
108
42
76
107
174
25
-94
61
-65
-105
-36
29
47
47
107
109
102
3
77
22
-139
-101
-129
-67
-82
15
-45
1
-70
-129
-11
-33
111
191
30
-46
-194
-24
-131
41
48
83
17
-66
91
47
20
204
-23
110
-163
-113
88
-120
126
68
126
132
138
208
199
59
150
-31
116
-84
45
123
94
161
42
86
190
112
143
133
-107
210
-118
-100
-56
-79
-47
70
12
103
13
-166
-127
-153
-242
65
-30
74
16
-303
-60
-267
-54
32
-124
108
-147
-155
-261
-238
12
19
40
37
-52
31
-124
-17
-140
-218
-157
-56
136
36
90
37
49
-241
-117
-129
50
165
38
-3
9
-192
83
12
-36
82
-77
148
81
-22
-10
-16
46
-9
47
111
122
186
-131
-177
-166
-153
110
-12
125
-103
52
14
-15
-40
-232
-104
-55
-222
58
-163
6
-5
-13
-3
-23
47
-6
51
-183
-29
28
-5
93
-62
17
149
127
227
5
34
-160
9
-95
-160
20
-51
-16
-39
130
68
-20
94
21
-175
-136
6
77
-183
-85
-241
-59
-79
48
104
-51
152
-174
31
-69
-121
78
2
-87
-240
-329
-16
114
205
107
261
60
-59
172
-153
52
-168
-130
-25
-25
19
-33
-48
-108
-128
3
-68
153
-44
-21
92
-135
163
-131
-169
-64
-95
36
73
30
19
-56
-50
-108
-27
-18
60
127
215
178
116
-6
-52
-99
-53
183
-50
-36
-135
-172
36
-91
78
210
54
236
25
80
-84
-26
110
-54
59
-64
26
-66
22
18
-61
-82
-139
-78
15
-50
24
-186
-104
-121
-176
180
-85
17
-280
-144
-100
-136
116
114
-145
-109
-134
-1
214
131
333
-7
67
120
219
-88
145
-254
-160
-90
75
372
82
88
41
-87
6
119
-15
155
-142
-217
-152
91
139
335
-34
43
-224
-259
46
48
508
12
282
-35
-244
-43
-3
393
200
149
332
-285
28
-97
327
538
166
401
-187
15
-158
4
127
194
103
79
192
-68
108
132
-15
132
-131
73
276
-296
134
-177
77
-120
-5
159
79
278
81
99
253
-97
-16
184
49
58
-125
127
224
117
-88
161
-335
-275
-158
-64
264
256
404
-64
-136
-367
-356
187
221
182
151
-68
-218
-356
-243
54
213
259
126
4
-285
-78
-68
237
316
91
206
-59
-331
41
46
61
28
-254
-115
-299
-49
96
-215
1
-57
-56
-121
-212
-129
128
178
325
369
24
-210
-338
-539
-227
17
210
152
-58
-103
-134
13
-138
343
95
46
257
175
-165
-124
-219
-284
-328
-199
33
-77
-261
136
-42
-12
222
-252
43
-593
23
25
-134
100
-425
-27
-14
226
377
235
157
-186
-177
81
-127
363
266
486
25
176
343
62
107
-186
-57
-233
40
267
476
249
274
-88
34
34
101
170
43
35
-359
-438
-336
-257
-19
127
183
-16
-463
-18
-504
-126
-52
65
64
-318
175
-397
-296
-272
-61
144
-365
263
181
-140
429
-53
151
-344
-467
10
-138
260
146
108
27
46
17
110
140
106
-60
-246
63
-116
90
167
95
236
-241
74
-294
-594
-67
-453
410
-17
68
30
-346
-12
-336
-69
20
1
147
-300
-42
-73
90
195
-60
55
-379
-364
-388
-225
-106
61
83
44
9
154
268
257
2
-212
-515
-384
-343
75
335
54
-35
-260
-224
-279
194
140
1
-64
-107
-44
21
65
248
30
34
-90
-107
156
48
231
-227
-128
-223
-121
159
-108
107
56
-199
235
-265
101
181
252
530
-76
223
-52
-264
0
-312
-16
153
196
265
-101
18
-16
319
561
565
263
132
11
-261
-272
75
-66
-6
-85
-262
-126
-10
-31
-100
44
12
-249
44
218
-20
103
90
77
-25
-38
101
119
312
401
298
111
-142
-170
-68
124
450
457
581
384
87
-54
-105
-112
24
-40
-123
-218
-266
-105
96
-3
268
-139
-267
-161
-461
-153
-271
-16
-175
-278
36
-105
106
266
264
183
107
371
33
67
-166
-126
-25
-21
466
301
399
170
-138
70
-132
150
-27
-405
-271
-638
-458
-223
-64
18
-11
191
331
225
108
100
-284
-177
114
130
251
170
288
218
194
379
187
200
-31
-25
15
-74
258
221
136
-8
70
-51
72
135
13
11
-323
-348
-292
-344
-87
-200
-107
-138
-168
82
-77
-13
-76
17
43
138
136
185
121
113
206
-21
138
43
-86
33
-129
89
-13
159
360
-12
161
-87
-75
-199
-331
-111
-402
-363
-217
-92
34
73
153
44
66
-80
174
120
37
165
4
214
11
83
96
101
332
319
584
516
470
407
15
70
-185
-89
-131
-106
47
-114
115
-197
-124
-242
-306
-105
-232
123
233
216
354
217
353
215
316
320
279
135
-70
117
8
186
120
163
168
35
132
-62
-73
-187
-514
-596
-933
-874
-725
-524
-336
-414
-307
-437
-300
-365
-243
-240
-305
-119
-238
31
92
254
344
181
418
149
130
226
-30
127
-107
188
156
145
295
108
270
132
177
-50
-126
-160
-377
-291
-377
-354
-394
-363
-123
-243
77
132
258
441
268
459
191
170
177
31
202
142
153
253
168
239
127
108
-2
-78
-28
36
183
69
267
121
-34
23
-323
-154
-407
-409
-361
-410
-260
-382
-290
-104
-78
-3
17
197
58
192
260
153
134
50
167
27
140
48
26
63
6
44
-30
10
-6
-94
-19
-173
-217
-373
-405
-481
-563
-333
-292
-209
-313
-276
-258
-200
-44
12
268
289
305
331
372
633
693
716
779
597
544
453
406
367
329
246
101
117
58
175
192
166
71
32
-161
-173
-270
-404
-409
-654
-577
-676
-608
-424
-391
-275
-147
-288
-45
-174
-17
-149
-240
-256
-479
-460
-618
-617
-819
-758
-869
-954
-962
-1012
-1151
-1008
-1191
-989
-1239
-1195
-1326
-1538
-1439
-1611
-1501
-1628
-1518
-1567
-1553
-1380
-1286
-1092
-879
-796
-471
-417
-31
26
249
398
514
680
776
1095
1140
1522
1555
1752
2011
2013
2302
2446
2584
2790
2732
2886
2839
2850
3042
3068
3287
3368
3422
3499
3467
3660
3535
3697
3513
3423
3507
3326
3467
3310
3141
3178
2599
2682
2182
1841
1307
428
-66
-1224
-1806
-3043
-3821
-4647
-5515
-5760
-6288
-6269
-6138
-6290
-5897
-5913
-5649
-5415
-5399
-5377
-5506
-5615
-5622
-5513
-5552
-5269
-5184
-4847
-4449
-4120
-3399
-2780
-2028
-1223
-501
204
839
1217
1426
1428
1284
1180
912
637
524
182
163
82
196
548
802
1264
1584
2076
2554
2977
3340
3645
3912
3985
4098
4055
4061
4086
4255
4482
4735
5085
5552
5880
6304
6582
6861
7049
7074
7335
6969
7256
6900
6733
6639
6375
6279
5870
5521
4722
3238
2235
631
-556
-1909
-4053
-5297
-7520
-8279
-9252
-9985
-9745
-9967
-9687
-8926
-8247
-6989
-6143
-5420
-5123
-5158
-4702
-4627
-4115
-4546
-4273
-4591
-4290
-3522
-3160
-1923
-1077
-189
1000
1788
2747
3234
2934
2841
1557
810
-500
-1853
-3146
-4554
-5361
-5988
-5870
-5600
-4883
-4024
-3029
-1797
-566
335
1280
1422
1785
1650
1633
1600
1189
1264
919
1160
1522
2148
2939
3653
4466
5141
5716
6371
6697
6916
6784
6552
6112
5808
5390
4894
4719
4104
4474
3958
4562
4691
4842
5632
5403
6132
6076
6184
6337
5651
5773
5272
5086
4918
4183
4009
2076
1550
36
-891
-1446
-3512
-4707
-6741
-8101
-8786
-9874
-10167
-10616
-11183
-11022
-10766
-9953
-9396
-8354
-8445
-8062
-7534
-6950
-5720
-5756
-5357
-5278
-5100
-3902
-3040
-2017
-656
146
1495
2891
4293
5673
6468
6605
6550
5880
5074
4396
2307
887
-1350
-3028
-4182
-5397
-5573
-6151
-5728
-5008
-4136
-2514
-1533
-242
383
984
1580
1265
1458
666
181
-543
-857
-620
-708
186
837
1918
3075
4156
5332
5858
6433
6563
6494
6130
5354
4642
3452
2842
2064
1451
1147
570
736
838
1464
1962
2838
3511
4075
4861
5278
5874
6019
6068
6161
6088
6271
6153
6008
5005
3707
2954
1339
946
-752
-2646
-4089
-6078
-6666
-7316
-8093
-7825
-8586
-8536
-8258
-7957
-7226
-6829
-6647
-6882
-6629
-6438
-5697
-5278
-5579
-5152
-4984
-3946
-2410
-1687
-75
768
1862
3490
4598
5748
6154
5923
5287
4457
3314
2446
907
-1178
-2770
-4612
-5611
-6028
-6595
-6473
-6536
-5932
-4806
-3840
-2604
-1917
-1294
-1055
-696
-679
-945
-1139
-1808
-1950
-2026
-1587
-815
-369
660
1533
2649
4030
4993
5900
6234
6466
6685
6633
6267
5681
4789
4033
3492
2857
2596
2256
1994
2180
2483
2917
3692
4068
4711
5203
5708
6255
6583
6727
6605
7191
7201
7783
7836
7174
6072
4552
3570
2268
1441
-720
-2876
-4871
-6907
-7071
-8102
-8608
-8492
-9834
-8914
-8697
-7667
-6722
-6878
-6753
-7474
-7347
-6798
-6399
-6394
-6841
-6679
-6370
-4817
-3250
-2265
-285
410
2291
4067
5458
6724
6696
6473
5531
4781
3520
2606
375
-1724
-3396
-5438
-5877
-6584
-7156
-6890
-6995
-5695
-4476
-3199
-1916
-1449
-693
-458
1
-294
-330
-917
-1653
-1561
-1853
-1111
-478
284
1737
2873
4614
6096
7073
8157
8477
8874
8951
8458
7726
6644
5333
4686
3729
3235
2586
2170
2037
2146
3021
2924
4441
4008
4930
5239
5199
6472
5486
5988
5769
5318
6311
5274
5848
3599
2486
1864
-652
148
-2884
-3968
-5881
-8121
-7629
-9399
-8918
-9092
-10335
-9398
-9867
-8317
-8280
-7720
-7680
-8847
-7552
-7888
-6466
-6376
-6716
-5623
-5970
-3662
-2408
-1176
1018
1504
3554
5087
6780
8207
7996
8503
6975
6381
5564
3794
2629
-503
-1831
-3716
-5119
-4795
-6187
-5925
-5639
-5291
-3582
-3047
-1525
-1156
-878
-228
-388
-224
-758
-952
-1808
-2041
-1583
-1360
-287
538
1736
3291
4346
6263
7009
7749
8376
8010
8366
7589
6879
5886
4474
3666
2473
1779
1254
550
444
602
835
1596
2171
2648
3062
3243
3809
3760
3881
4034
3488
4450
3940
5046
4603
2678
3147
506
811
-230
-2330
-3081
-6072
-6288
-7464
-7940
-7403
-8246
-7777
-8559
-7235
-6864
-6449
-5326
-6802
-6240
-6424
-6049
-4826
-5920
-5294
-5603
-5240
-3274
-2716
-581
472
1994
3436
5112
7157
7713
8546
7749
7087
6146
5132
3692
1694
-648
-2528
-3915
-5079
-5264
-5988
-5961
-5614
-5061
-3548
-2481
-1499
-637
-521
-157
-134
-313
-888
-1687
-2277
-2629
-2511
-2121
-1306
-632
549
2120
3317
4772
5930
6476
7066
7073
7141
6702
5615
4633
3340
2362
1578
690
42
-423
-743
-502
208
778
1521
2102
2320
2891
3175
3850
3676
3977
4225
4430
5066
5319
5614
3536
3617
1932
1197
897
-1846
-2284
-5278
-5638
-5869
-7033
-5466
-6402
-6219
-6150
-5825
-4588
-4841
-3672
-4890
-5356
-5022
-5025
-3905
-4692
-4557
-4564
-4751
-2446
-2058
-231
1093
1591
3598
4422
6781
7310
7808
7621
6040
5795
4343
3546
1777
-816
-2349
-4726
-5400
-6023
-7134
-6946
-7452
-6746
-5645
-4762
-3342
-2943
-2253
-1851
-1539
-1380
-1403
-1968
-2685
-2823
-2948
-2362
-1543
-969
36
1020
2290
3936
4958
6119
6741
7162
7691
7693
7175
6648
5529
4626
3778
2788
2177
1140
951
333
902
1055
1494
2586
1995
3836
3731
4336
5647
4784
6266
6039
6475
7593
6293
5773
4143
2799
1954
565
-598
-3049
-4520
-5608
-6340
-5706
-5977
-5371
-5502
-5998
-4468
-4947
-3994
-4124
-5413
-6003
-7023
-6538
-6569
-6763
-6740
-6966
-5900
-4679
-2716
-962
347
2106
2989
4751
6213
6798
7484
6571
5741
4569
3727
2938
1184
-315
-2582
-3998
-5009
-5444
-5634
-6297
-6177
-6224
-5685
-4464
-3875
-3203
-3101
-2981
-2948
-2781
-2552
-2662
-3094
-3264
-3134
-2611
-1708
-487
545
1446
2852
3939
5334
6314
6949
7221
7428
7596
7241
6900
6311
5508
4977
4190
3908
3080
2620
2387
1627
2001
2098
2330
2993
2895
3807
4121
4743
6031
5477
6984
7196
7487
8675
7629
6976
5224
3836
2890
1034
-388
-2855
-4809
-6469
-6922
-7047
-7324
-6779
-7219
-7511
-6502
-6125
-5513
-5501
-6383
-7283
-8132
-7764
-7455
-7928
-7954
-8064
-7603
-6195
-4190
-2675
-834
916
2203
4099
5986
7156
7769
7336
6464
5312
4191
3534
1526
-215
-2315
-3736
-5064
-5302
-5522
-6256
-5860
-5815
-5068
-4082
-3152
-2178
-2057
-1629
-1399
-1322
-1113
-1127
-1335
-1828
-1369
-1029
-286
830
1592
2613
3600
4680
5924
6510
7187
7357
7154
7262
6708
6320
5286
4437
3414
2431
2200
1365
1135
690
454
587
611
1309
1354
1946
2181
2822
3616
3761
5133
4960
6238
7047
7377
8402
7035
5977
4665
2880
2057
160
-1765
-4217
-6203
-7131
-7913
-7687
-8018
-7920
-8122
-8175
-6757
-6528
-6002
-5948
-7420
-7597
-8005
-7269
-7119
-7483
-7315
-7306
-6161
-4504
-2482
-846
963
2754
4266
6229
7858
8580
8992
8290
7363
6263
5134
3454
1451
-826
-3007
-4166
-5695
-5876
-6682
-6976
-6393
-6159
-5026
-3995
-3386
-2655
-2497
-2455
-2247
-2378
-2549
-2729
-3123
-2976
-2325
-1671
-629
223
955
2201
3253
4375
5655
6034
6587
6595
6255
6024
5418
4610
3811
2772
1758
1410
680
681
422
473
789
951
1822
1821
2756
2699
3550
4294
4407
5957
5588
6926
7935
8105
9757
8842
8317
6830
5361
4517
2558
1447
-1365
-3503
-5373
-6477
-6919
-7675
-7765
-7936
-8553
-7291
-6755
-6054
-5428
-6044
-6452
-7197
-6787
-6502
-6792
-6820
-7174
-6641
-5555
-3585
-1873
-435
1522
2793
4602
6655
7831
8629
8595
7817
6994
5654
4438
2480
-126
-2402
-4681
-6366
-7399
-8037
-8637
-8649
-8149
-7398
-6337
-5118
-4135
-3437
-2800
-2604
-2141
-2214
-2070
-2288
-2721
-2379
-1972
-1389
-432
320
1346
2409
3807
5040
6073
6786
7193
7151
6790
6557
5763
4727
4024
2762
1978
1465
1071
957
776
885
1220
1405
2147
2928
3076
4256
4340
5574
5992
7031
7903
8196
9676
9732
10654
10683
8731
8235
6001
4685
3693
826
-617
-3823
-5513
-6627
-8026
-8017
-8570
-8754
-9093
-8619
-7528
-7492
-6464
-7431
-8180
-8460
-8815
-7943
-8673
-8539
-8432
-8226
-6495
-4732
-2885
-768
907
2637
4355
6342
7914
8465
8850
7605
6872
5438
4026
2254
-581
-2517
-4922
-6476
-7091
-7997
-7983
-7950
-7583
-6300
-5504
-3897
-2830
-2076
-1321
-979
-532
-252
-225
-343
-588
-488
-214
431
1050
1831
2987
3807
5410
6461
7386
8117
7897
8011
7290
6724
5822
4542
3400
1955
1095
330
-38
-341
-508
-532
-295
251
735
2023
1943
3332
3813
4511
6289
5758
8108
7494
8948
9740
9337
10427
7737
7548
5824
3794
3733
450
-868
-3787
-5503
-6274
-7693
-7327
-8284
-8427
-8764
-8402
-7441
-7510
-6924
-7634
-8966
-8635
-9067
-8213
-8253
-8599
-8052
-7866
-5853
-4014
-2253
-97
1342
3204
5033
7148
8653
9242
9354
8282
7223
6135
4431
2791
-131
-2323
-4472
-6135
-6749
-7596
-8007
-7939
-7897
-6765
-5814
-4506
-3253
-2626
-1929
-1408
-833
-598
-456
-648
-974
-954
-853
-215
457
976
2204
2882
4226
5365
6217
6917
7056
7062
6791
6202
5440
4301
3127
1694
687
-47
-836
-998
-1650
-1309
-1186
-423
571
1410
2323
2876
4274
5096
5998
7418
7438
8632
9230
9652
10659
9814
9088
7451
5980
4613
3515
1500
-707
-2673
-4999
-5772
-6794
-7409
-7713
-8640
-8900
-8938
-8440
-8019
-8126
-8638
-9549
-9725
-9567
-8661
-8524
-8495
-7935
-7234
-5499
-3307
-1425
552
2282
3877
6019
7783
9416
9935
9938
9118
8298
7213
5731
4064
883
-1016
-3368
-5296
-5740
-7646
-7992
-8802
-8834
-7809
-7655
-6029
-5353
-4664
-3684
-3046
-2128
-2027
-1419
-1752
-1797
-1500
-1106
-560
-242
521
1399
2247
3605
4744
5263
6129
6370
6747
6771
6280
5726
4428
3378
2120
1021
235
-945
-1398
-2081
-2124
-1428
-1469
436
97
1655
2773
3349
5870
5823
8045
8066
9047
10534
10402
11664
11233
10250
8839
7245
6543
4536
3434
1051
-1460
-3168
-4843
-5458
-6419
-7460
-7517
-9009
-8794
-8332
-8757
-8349
-9620
-10128
-11194
-10890
-10394
-10360
-9883
-9792
-8557
-7121
-4756
-2548
-767
1305
3219
4871
7213
8655
9432
9646
8939
8313
7198
6228
4191
2013
-436
-2666
-4279
-5503
-6720
-7438
-8305
-8082
-7858
-7297
-5911
-5450
-4377
-3595
-2909
-2041
-1537
-1045
-1196
-1197
-933
-681
-217
393
1079
1743
2752
3940
4870
5862
6648
7021
7194
7010
6768
5862
5045
3861
2479
1246
112
-884
-1793
-2253
-2769
-2256
-2315
-1129
-308
357
2219
2625
4474
5767
6638
8360
8698
9978
10858
11150
12284
11667
11014
9477
7961
6753
4691
3732
480
-1635
-3371
-5804
-5725
-7749
-7982
-8735
-10164
-9492
-10110
-9627
-9861
-10516
-11337
-11972
-11492
-11177
-10427
-10067
-9769
-8166
-6503
-3949
-1374
570
3228
4747
6946
8954
10237
11239
11071
10461
9286
8374
6878
4879
2635
-156
-2257
-3876
-5438
-6317
-7556
-8033
-8018
-7941
-6703
-5937
-5050
-4149
-3664
-3018
-2306
-1845
-1608
-1792
-1659
-1499
-1012
-210
334
991
1661
2956
3846
5034
6029
6479
6706
6643
6467
5868
5025
4006
2459
1071
-148
-979
-2041
-2448
-2922
-3283
-2528
-2533
-1155
-514
288
1952
2420
4392
5687
6687
8371
8934
10138
11270
12005
12636
12980
12026
10957
9509
8194
6410
4713
1954
-693
-3090
-5274
-6416
-7889
-9039
-9537
-10935
-11046
-10823
-11063
-11041
-11444
-12212
-12676
-12281
-11537
-10683
-10162
-9297
-7933
-6012
-3669
-721
1208
3600
5644
7399
9617
11071
11936
12143
11449
10437
9324
7929
5656
3470
553
-1725
-3702
-5282
-6591
-7835
-8590
-8858
-8601
-8006
-6971
-6066
-5548
-4481
-3921
-3321
-2496
-2511
-2444
-2565
-2185
-1775
-1109
-490
366
1170
2285
3787
4795
5790
6482
6616
6479
6341
5668
4901
3679
2150
870
-577
-1466
-2448
-2962
-3436
-3349
-2992
-2305
-1518
-426
813
1864
3192
4511
5612
7031
8186
9287
10380
11384
12619
12605
13431
12539
11080
10193
8088
6838
4591
1925
-282
-3576
-5183
-6984
-8373
-9362
-10154
-11046
-11862
-11117
-11343
-11225
-11001
-11948
-12035
-11847
-11022
-10056
-9595
-8468
-7286
-5601
-2928
-465
1905
4176
6291
8041
9987
11787
12356
12749
11949
10813
9619
8024
5779
3090
266
-2501
-4452
-6130
-7952
-8742
-9954
-10195
-9643
-9549
-7890
-7241
-6498
-5164
-4780
-3854
-2814
-2776
-2642
-2607
-2353
-1680
-928
-171
778
1559
2743
4367
5120
6276
6918
6791
6662
6311
5440
4721
3351
1878
613
-933
-1658
-2409
-3281
-3190
-3449
-3073
-2201
-1821
-83
75
2307
3006
4406
6474
7167
9350
10084
11307
12886
13289
14610
14897
14260
13357
11289
10066
7328
5660
2764
-840
-3211
-6321
-8046
-9113
-10992
-10854
-12555
-12744
-12468
-12633
-11748
-11952
-11919
-12599
-12232
-11459
-10669
-9324
-8762
-7405
-5420
-3413
-196
2009
4456
6875
8320
10786
12113
13241
13531
12645
11463
9763
8160
6133
3564
617
-2335
-4695
-6333
-8046
-8930
-10444
-10720
-10718
-10368
-8976
-8330
-7163
-6522
-5952
-4755
-3984
-3064
-2869
-2646
-2224
-1525
-105
793
1880
2537
3469
4650
5627
6684
7074
7017
6623
6071
5487
4651
3463
2290
649
-458
-1513
-2034
-2563
-3118
-3097
-3129
-2330
-1716
-531
311
1555
2731
4147
5849
7482
8868
10797
11529
13105
14761
14935
16348
15914
14999
13277
10909
9205
6284
3927
616
-2748
-5595
-8294
-9427
-11186
-11948
-12105
-13547
-13202
-12978
-12534
-12021
-11945
-12223
-12697
-12332
-11124
-10344
-9262
-8217
-6745
-4733
-2059
1173
3320
6364
8166
9880
11824
13134
13752
13417
12156
10502
8489
6592
4324
1377
-1960
-4371
-6805
-8483
-9206
-10387
-10793
-10854
-10441
-9359
-8208
-6984
-6002
-5635
-4947
-3888
-3195
-2476
-1941
-1844
-1296
-437
750
1861
2869
3827
4800
5924
6937
7826
7943
7715
7086
6134
5273
4087
2619
1173
-487
-1691
-2474
-3065
-3121
-3395
-2887
-2853
-1883
-1190
194
1291
2576
4081
5497
6960
8816
10071
11139
12907
12982
14712
14830
15150
15512
13201
11453
9385
6089
4448
859
-2235
-5638
-8372
-10412
-11893
-12306
-13114
-13029
-13868
-13907
-12982
-12975
-12187
-11898
-12944
-12269
-11977
-10355
-9010
-8043
-6527
-4886
-2335
431
3661
6329
8674
10576
11822
13359
14448
14133
13473
11152
8947
6863
4503
2426
-576
-2984
-5849
-7152
-8673
-9558
-9541
-10824
-10143
-10212
-9523
-7725
-7661
-6313
-5970
-5890
-4118
-3700
-2577
-1852
-1113
-285
883
2326
3566
4820
5354
6288
6641
6630
7428
6893
6032
5599
4160
3427
2199
936
-134
-1581
-2533
-3121
-3815
-3537
-3594
-3305
-2623
-2427
-610
-486
1497
2440
3500
5922
6670
9111
10398
11716
13352
13574
14967
15094
14965
15040
13200
10891
8114
5760
2944
395
-2861
-5763
-8534
-10790
-11789
-12716
-13283
-13030
-13557
-13827
-13008
-12708
-12181
-11883
-12206
-12348
-11811
-10454
-8628
-7266
-5434
-3350
-927
2038
5164
7666
9909
11465
12140
12919
13536
13106
11844
10021
7425
5091
2939
943
-1343
-3948
-5853
-7629
-8951
-8918
-9602
-9648
-9925
-10092
-9459
-8802
-7453
-6840
-6165
-5581
-4674
-3339
-2121
-695
40
728
1807
2624
4055
5384
6065
6466
6549
6595
6699
6519
5730
4628
3267
2077
988
42
-860
-1710
-2835
-3433
-3565
-3629
-2902
-2760
-2055
-1530
-525
603
2227
3270
4627
6185
7089
9250
10093
11875
12697
12863
14620
13780
14877
14692
12757
11625
7331
6152
2922
183
-1905
-6181
-8149
-10712
-11948
-12148
-13001
-12091
-13210
-13279
-12589
-12282
-10886
-11005
-10600
-11148
-10850
-8879
-7829
-5520
-4312
-2757
-54
1959
5514
7737
9904
11459
11487
12266
12269
12031
10976
8579
6367
3478
1735
77
-2164
-4011
-6287
-7996
-8817
-9455
-9254
-9602
-9628
-9502
-9537
-8041
-7223
-6085
-5430
-5229
-4159
-3456
-1707
-406
320
1355
2037
3351
4374
5758
6464
6487
6604
6025
5925
5687
4950
4190
2446
1410
332
-581
-991
-1838
-2621
-3110
-3333
-2937
-2592
-2023
-1365
-857
330
1202
2720
3913
4880
6190
7070
8386
9982
10985
12540
12438
13491
13744
13934
14169
12947
11118
7865
5764
2913
455
-2029
-5503
-7919
-10622
-11759
-11970
-12461
-11586
-11946
-12339
-11847
-10975
-10053
-9578
-9415
-10151
-10040
-8845
-7190
-5204
-3625
-1905
239
2327
5435
7903
9864
11319
11289
11061
11127
10803
9712
8077
5317
2825
858
-560
-2055
-3807
-5577
-7312
-8316
-8758
-8902
-8618
-9159
-9059
-9247
-8906
-7261
-6425
-5341
-4845
-4343
-3120
-1558
189
1216
2230
2802
3627
4627
5561
6559
6457
6306
5644
4970
4846
4334
3521
2356
910
45
-824
-1059
-1469
-2169
-2782
-3204
-2989
-2732
-1973
-1269
-1045
109
770
2117
3526
4422
6182
6475
8230
9037
10663
11842
12221
13272
13151
13484
14082
12611
12491
9093
6011
4434
232
-682
-4454
-7020
-9240
-11858
-12101
-12845
-12298
-11882
-12146
-11722
-12144
-10344
-10377
-9588
-9192
-10305
-9098
-8344
-6092
-4011
-2441
-112
1747
3999
6619
8468
10393
10872
10710
9943
9195
8719
7084
5562
3004
600
-951
-2274
-3453
-4437
-6275
-7138
-8361
-8964
-8783
-9246
-8919
-9380
-9302
-8713
-7587
-6095
-4994
-4001
-3012
-1953
-62
1120
2750
3253
3781
4369
4806
5932
6018
6130
5600
4652
4319
3651
3316
2679
1461
513
-762
-1283
-1607
-1864
-2278
-2966
-2980
-3133
-2073
-1467
-533
257
884
2108
2969
4695
4845
7198
7174
8311
10182
9793
12575
12193
12938
13965
12589
14090
11774
11329
7829
5056
3124
-1375
-1686
-6410
-8113
-9751
-12437
-11661
-12708
-12060
-10901
-11461
-10433
-10664
-9598
-9436
-8715
-8748
-9348
-8097
-7709
-5188
-3145
-1680
1300
2937
5321
7536
8757
10123
10230
9529
8309
7091
5641
4294
2732
431
-1087
-2647
-3446
-4010
-4754
-5632
-6470
-7493
-7894
-8067
-8433
-8151
-8632
-8734
-8268
-7536
-5925
-4575
-3100
-1786
-440
1316
2847
4524
5111
5564
5453
5085
5477
5120
4870
4157
3159
2552
1897
1769
1324
1014
399
-409
-714
-1269
-1076
-1281
-1722
-2006
-2315
-1866
-1139
-205
587
1460
2393
3352
4695
5825
6882
8227
8349
9392
9997
10593
11727
11492
12184
11528
11668
10654
9706
7838
4216
2634
-1434
-3180
-5426
-8254
-9057
-11385
-11813
-11939
-11648
-10386
-10030
-9385
-9662
-8664
-8512
-7986
-7147
-7680
-6980
-6481
-5013
-2710
-945
1401
3385
4849
6483
7606
8668
8870
8555
7065
5773
4527
3051
2400
900
-354
-1610
-2654
-3124
-3481
-3789
-4467
-5119
-6113
-6618
-6657
-7074
-6534
-6956
-6778
-6249
-5560
-3705
-2437
-653
397
1695
2918
4005
4995
5087
5105
4293
3634
3052
2469
2185
1462
941
276
-109
89
36
165
-277
-950
-1299
-1650
-1725
-1775
-1916
-2075
-1865
-1371
-419
845
1959
3034
3959
4674
5644
6605
7229
7888
7895
8296
8669
9176
10010
9885
10348
10063
9972
10040
8236
7908
4145
1936
-682
-4019
-4629
-8015
-8654
-10353
-11535
-10768
-10773
-9183
-8339
-7546
-7314
-7232
-6219
-6620
-5359
-5814
-5760
-5211
-4877
-2750
-1190
661
2612
3667
4832
5697
6429
6869
6664
5647
4081
2971
1526
739
-60
-1155
-1835
-2675
-2950
-3041
-2992
-3253
-3489
-4343
-5081
-5434
-5965
-5774
-5867
-5777
-5135
-4433
-2891
-1520
274
1498
2588
3597
3805
4547
4138
3732
2833
1681
934
235
-59
-301
-565
-816
-852
-715
-668
-494
-701
-1274
-1663
-2200
-2229
-2131
-1936
-1516
-1065
-425
679
1800
2923
3979
4581
5255
5259
5961
5862
6083
6417
6142
6904
6953
7688
8442
8526
9105
9062
8985
8701
7538
6432
3895
969
-1111
-3952
-5228
-6815
-8336
-8459
-8959
-8553
-7515
-6665
-5284
-4409
-4496
-4545
-4445
-4787
-4730
-4672
-5279
-4657
-4388
-2983
-1160
125
1710
2895
3545
4198
4250
4288
4032
3099
1767
623
-188
-1007
-1220
-1604
-1876
-1930
-2318
-2118
-2124
-2348
-2627
-3403
-4159
-5007
-5123
-5230
-4804
-4158
-3762
-2218
-1460
319
1609
2308
3277
3138
3077
2723
2031
1355
353
-440
-1104
-1369
-1538
-1288
-1158
-1244
-1076
-1230
-1242
-1423
-1737
-2164
-2615
-2905
-2731
-2347
-1650
-754
223
1397
2485
3503
4380
4965
5209
5133
5103
4705
4847
4970
4712
5635
5507
6555
6971
7515
8480
8016
8474
7796
7370
6953
5293
4131
2653
-601
-1291
-3784
-4450
-4795
-6098
-6084
-6040
-6142
-5492
-4544
-4393
-3439
-3588
-4533
-4088
-5014
-5271
-4607
-5521
-4632
-4500
-3407
-1734
-353
1023
1856
2697
2516
2748
2471
1920
1646
22
-763
-1254
-1917
-1490
-1379
-1076
-980
-968
-1087
-1071
-1123
-1799
-2052
-2966
-3500
-3452
-3530
-2468
-1742
-996
44
554
1677
1965
2522
2304
1752
1253
63
-232
-903
-1181
-1282
-1583
-1395
-1413
-1171
-1166
-1132
-1522
-2047
-2344
-3022
-3092
-3199
-3070
-2433
-1912
-862
198
1281
2439
3186
3814
4064
4228
4092
3723
3780
3212
3246
3332
3513
4077
4446
5047
5624
5882
6347
6320
6202
6457
5579
5626
5510
4768
5660
4299
4336
3829
1471
1976
-176
-532
-1601
-3284
-3899
-4897
-4976
-5317
-4658
-4604
-4390
-3939
-4761
-3877
-4323
-4665
-4072
-5194
-4625
-4758
-4166
-3169
-2477
-1352
-927
105
221
662
1243
987
1413
570
382
203
-211
186
4
322
26
-44
-250
-400
-86
-541
-415
-900
-1220
-1057
-1300
-599
-379
-127
418
100
574
497
539
383
-248
-883
-1759
-2142
-2798
-2939
-3301
-3629
-3479
-3876
-3317
-3036
-2688
-2169
-2376
-1998
-1832
-1424
-942
-586
21
308
941
1365
1984
2541
2753
2999
2875
2907
2966
2910
2880
2615
2485
2400
2722
3133
3576
4324
4387
5192
4775
5608
5844
5801
6768
5664
6350
6163
6094
7346
6818
7795
7055
6665
5793
3304
3099
-81
-585
-3043
-5282
-5463
-7533
-6829
-6997
-6755
-5879
-6051
-5583
-6124
-5740
-6376
-6860
-6718
-8106
-6997
-7273
-5939
-4147
-3246
-809
113
1560
2368
2791
3408
3031
3088
1939
1584
1027
354
872
559
1199
1283
1196
1391
1153
1173
631
223
-756
-1576
-2133
-2990
-2681
-3162
-3161
-2976
-3684
-2993
-3247
-3059
-2840
-3229
-3062
-3229
-2934
-2603
-2133
-1736
-1231
-747
-559
83
223
458
664
327
523
341
451
553
478
881
1085
1456
1759
1945
2214
2247
2284
2101
1865
1526
1084
861
503
822
1239
1756
2812
3439
4554
5692
6281
7345
7689
7936
8077
7927
7722
7567
7607
7148
7630
7194
6459
6251
3648
2411
695
-1802
-2656
-5245
-6858
-7918
-9228
-9332
-9210
-8735
-8394
-7671
-8002
-7664
-6969
-7311
-6299
-6294
-6038
-4657
-4064
-2268
-912
528
2014
3049
3931
4258
4632
4371
4173
3779
2986
2953
2344
1853
1883
1183
1165
808
24
-411
-1439
-2289
-3138
-3951
-4797
-5267
-5628
-5688
-5016
-4571
-3788
-2864
-2727
-2118
-1647
-1799
-1284
-1649
-1810
-1687
-1885
-1494
-905
-523
235
806
1111
1613
1882
1571
1392
791
-43
-310
-1144
-1404
-1647
-1846
-1481
-1167
-522
90
581
999
1142
1416
1456
1488
1614
1290
1592
1889
2725
3715
4810
5879
6692
7641
8114
8644
9209
8740
8618
7992
6836
7285
5951
6705
6014
5711
5006
3719
2574
106
-758
-3453
-4625
-6414
-8573
-8619
-9665
-9272
-8346
-7991
-6275
-5836
-4860
-4432
-3617
-3275
-3226
-2500
-2866
-1690
-974
-78
1729
2260
3709
4523
4883
5551
5056
4933
3811
2792
1458
343
-204
-1524
-1667
-2535
-2931
-3060
-3773
-3793
-4229
-4627
-4721
-5030
-4967
-5096
-4730
-4488
-3738
-2887
-2359
-1350
-1183
-836
-665
-641
-379
-241
-256
-126
-6
277
707
1181
1274
1463
1254
798
493
-425
-942
-1811
-2513
-2829
-3003
-2638
-2055
-1233
-399
563
1454
2200
2953
3252
3445
3350
3145
3068
3066
3091
3452
3738
4376
5198
6026
6899
7418
7840
7315
7430
6422
6209
5551
4153
4526
2703
3324
3196
2999
4324
2909
2818
1536
-754
-1087
-3237
-3635
-5025
-6315
-6687
-7023
-5773
-5279
-3301
-2720
-2059
-1451
-1981
-929
-1236
-1554
-1351
-2504
-1735
-1612
-536
864
1344
2263
2041
2308
1962
1277
851
-741
-1688
-3119
-4055
-3827
-4271
-3527
-3378
-3044
-2479
-2450
-1925
-2075
-2146
-2516
-2857
-2806
-3027
-2580
-2208
-1780
-659
-448
761
1129
1232
1448
586
444
-527
-986
-1481
-2177
-2096
-2587
-2169
-2045
-1862
-1203
-1495
-1260
-1483
-1799
-1581
-1856
-1570
-1403
-1040
-329
436
1598
2488
3411
3967
4333
4614
4525
4648
4321
3986
3723
3178
3205
3347
3526
3895
4068
4079
4199
4019
3778
3753
3120
2771
2711
1858
2535
2260
2960
3907
4090
5395
4652
4819
3633
1783
1326
-801
-1032
-2185
-3460
-3016
-3859
-2781
-2020
-1136
-298
-420
-706
-1622
-1862
-2853
-3571
-3711
-5054
-4505
-4518
-3645
-1761
-1480
-189
-199
-355
-200
-952
-965
-1874
-2486
-3240
-3616
-3050
-2969
-1896
-1482
-1307
-795
-1394
-1043
-1466
-1879
-2060
-2768
-2518
-2745
-2069
-1587
-1021
-329
-482
1
-481
-939
-1489
-2833
-3493
-4487
-4767
-4520
-4204
-3125
-2383
-1194
-377
352
1080
906
883
217
-345
-590
-735
-376
103
839
1631
2638
3741
4461
5021
4769
4209
3544
2430
1856
1141
508
200
-306
-32
402
1033
1868
2167
2593
2538
2699
2822
2839
3036
2947
3326
3963
4768
5883
7132
7749
9025
8999
8920
8490
6032
4823
2854
1060
502
-1225
-1924
-2497
-3467
-3090
-2818
-2548
-2579
-3425
-4677
-5666
-6331
-7033
-6748
-6818
-6726
-5784
-5134
-3296
-1746
-675
255
144
-65
-368
-611
-744
-1019
-1272
-1381
-901
-295
438
1406
1473
1346
784
-200
-682
-1754
-2651
-3423
-4281
-4405
-4215
-3603
-2777
-2271
-2005
-1951
-2065
-2393
-2748
-3386
-3925
-4223
-4204
-3382
-2598
-1257
-136
825
1857
2214
2512
2325
1741
1173
406
21
57
274
940
1532
2193
2670
2917
3027
2685
2126
1143
110
-870
-1665
-1788
-1795
-1260
-734
-255
475
1082
1785
2275
2732
2863
2876
3177
3198
4432
5104
6207
7625
8180
9759
10052
10907
11016
10757
10374
8737
7671
5276
2887
1403
-991
-1497
-2613
-3908
-4127
-5370
-5661
-5497
-5733
-5762
-6109
-7095
-7582
-7612
-7617
-6921
-5991
-5719
-4426
-3593
-2254
-393
454
1482
1664
1462
1659
1735
2029
2265
2212
2056
1935
1883
1663
1662
901
-216
-1337
-2969
-3749
-4605
-5147
-5136
-5282
-4989
-4309
-3684
-2623
-1997
-1708
-1755
-2069
-2412
-2789
-2946
-3295
-3103
-2770
-1947
-694
594
1667
2499
2933
2930
2867
2168
1437
487
-525
-1051
-1272
-1213
-732
-311
-28
362
439
429
306
-233
-900
-1494
-2108
-2071
-1679
-1143
-212
569
1308
2158
2781
3424
4040
4459
4799
5199
5549
6177
6875
7747
8324
9041
9326
9369
9601
8936
8740
8001
7165
6454
5050
3933
2163
413
-878
-2546
-3204
-4366
-5531
-6153
-7220
-7306
-7022
-7065
-6552
-6526
-6653
-6060
-5590
-4812
-3700
-3140
-2487
-1646
-974
306
1393
2158
2532
2364
2115
1941
1895
1779
1532
1043
448
-15
-470
-761
-1090
-1760
-2502
-3360
-4073
-4521
-4819
-4936
-4919
-4774
-4505
-3715
-3032
-2058
-1461
-1299
-1093
-1213
-1285
-1171
-1230
-1291
-1064
-926
-378
262
711
1115
1210
886
689
31
-690
-1340
-2209
-2542
-2697
-2497
-1954
-1425
-829
-399
-261
-115
-208
-356
-504
-729
-747
-551
-79
771
1748
2816
3672
4419
4864
5103
5317
5167
5259
5166
5099
5263
5490
5791
6427
6628
6812
7025
6559
6569
6139
5677
5501
4765
4469
3819
2991
2264
644
-338
-1714
-2930
-3440
-4831
-5218
-5584
-6000
-5040
-4837
-4286
-3610
-3739
-3270
-2969
-2934
-2618
-2569
-2772
-2414
-2109
-1420
-255
341
892
1028
656
491
130
-274
-702
-1303
-1809
-2242
-2315
-2392
-2356
-2324
-2647
-2766
-3038
-3284
-3165
-3350
-3279
-3233
-3157
-2666
-2287
-1584
-1177
-883
-785
-1009
-1173
-1429
-1718
-1891
-1996
-1983
-1566
-1164
-668
-297
-218
-185
-220
-477
-698
-1070
-1588
-1702
-1880
-1619
-1013
-466
351
892
1287
1695
1828
1998
2051
1989
2051
2192
2506
2916
3412
3736
3952
3958
3801
3534
3280
3105
2943
3014
3130
3352
3779
4162
4468
4817
4907
4797
4863
4381
4320
4289
3931
4282
4125
4059
4114
3398
2656
1716
361
-602
-1524
-2537
-3083
-3487
-3688
-3244
-2919
-2654
-2317
-2560
-2771
-2905
-3329
-3483
-3676
-4021
-3879
-3698
-3174
-2286
-1555
-890
-492
-477
-609
-758
-1116
-1343
-1553
-1805
-1671
-1500
-1229
-787
-685
-679
-921
-1359
-1803
-2199
-2553
-2873
-2955
-3096
-3006
-2697
-2473
-2118
-1889
-2033
-2093
-2381
-2678
-2710
-2842
-2835
-2572
-2305
-1817
-1085
-549
33
449
508
611
569
421
497
498
663
1064
1503
2077
2641
2977
3183
3148
2908
2676
2371
2165
2068
1996
2099
2263
2362
2564
2498
2278
2029
1584
1374
1282
1243
1420
1719
1991
2570
3121
3482
4026
4083
4092
4209
4044
4184
4473
4424
4796
4995
5095
5424
5400
4888
4172
2946
1385
419
-802
-1707
-2050
-2652
-2673
-2208
-2311
-1927
-2007
-2917
-3297
-4264
-5087
-5153
-5599
-5526
-4936
-4681
-3630
-2506
-1769
-734
-491
-624
-764
-1401
-1811
-2081
-2419
-2368
-2175
-1846
-1222
-635
-250
23
-205
-688
-1316
-2151
-2795
-3317
-3679
-3730
-3627
-3415
-2966
-2699
-2459
-2412
-2572
-2662
-2783
-2755
-2537
-2278
-1700
-1043
-307
635
1227
1838
2127
2128
2203
2013
1855
1841
1693
1848
2055
2243
2681
2814
2933
2863
2589
2327
1918
1535
1159
818
628
609
681
847
942
855
737
444
207
161
83
319
616
1011
1663
2228
2878
3391
3627
3826
3788
3783
3790
3696
3832
3752
3873
4086
4106
4487
4435
4329
4063
3353
2750
1848
889
-91
-1010
-1700
-2195
-2420
-2438
-2373
-2129
-2119
-2148
-2292
-2752
-3033
-3381
-3650
-3650
-3579
-3440
-2982
-2729
-2356
-1977
-1898
-1772
-1917
-2226
-2441
-2735
-2929
-2964
-3042
-2962
-2884
-2735
-2595
-2466
-2412
-2545
-2684
-2963
-3180
-3214
-3186
-3003
-2616
-2292
-1778
-1259
-976
-542
-420
-425
-239
-388
-220
92
293
937
1347
1666
2165
2214
2408
2478
2184
2093
1723
1384
1219
961
844
754
504
399
203
84
51
-37
26
-55
-8
41
194
422
567
722
816
807
810
897
994
1127
1250
1528
1852
2268
2662
3088
3415
3508
3547
3496
3366
3178
2999
2856
2767
2728
2735
2774
2759
2618
2530
2335
2109
1864
1572
1275
1009
780
612
498
331
234
127
-107
-287
-576
-842
-1073
-1285
-1396
-1402
-1397
-1388
-1291
-1426
-1505
-1776
-2170
-2537
-3081
-3607
-3991
-4369
-4516
-4489
-4510
-4306
-4216
-4082
-3935
-3923
-3903
-3906
-3910
-3836
-3603
-3325
-2941
-2493
-2051
-1504
-1010
-602
-248
-49
67
122
131
102
142
277
466
840
1176
1459
1767
1819
1798
1709
1418
1123
851
508
394
321
251
423
417
410
385
195
134
38
-53
66
189
444
802
1100
1523
1763
1966
2121
2151
2198
2090
1941
1814
1719
1713
1836
2021
2327
2534
2751
2818
2806
2730
2483
2297
2031
1777
1647
1603
1691
1869
1924
2095
2158
2131
2017
1783
1502
1142
846
677
542
482
493
572
632
638
711
721
589
387
51
-315
-689
-1098
-1360
-1693
-1971
-2203
-2404
-2519
-2713
-2925
-3159
-3441
-3707
-3835
-4022
-4060
-4070
-3996
-3753
-3605
-3415
-3294
-3198
-3083
-2963
-2793
-2589
-2402
-2120
-1856
-1519
-1230
-967
-681
-524
-373
-263
-196
-76
-18
0
80
79
250
398
571
786
912
1071
1160
1220
1320
1331
1319
1330
1286
1332
1348
1427
1547
1562
1608
1618
1666
1742
1705
1789
1789
1792
1747
1673
1629
1449
1317
1219
1145
1100
1115
1208
1331
1306
1366
1366
1485
1503
1511
1538
1427
1447
1430
1517
1627
1721
1814
1835
1796
1779
1810
1741
1587
1378
1146
1068
940
878
851
730
675
449
189
23
-239
-430
-722
-991
-1106
-1284
-1296
-1323
-1358
-1391
-1441
-1528
-1748
-2062
-2336
-2588
-2746
-2914
-2918
-2769
-2680
-2525
-2582
-2524
-2462
-2386
-2258
-2329
-2364
-2404
-2424
-2328
-2370
-2299
-2214
-2124
-1953
-1934
-1824
-1842
-1872
-1805
-1764
-1630
-1493
-1296
-1013
-759
-434
-108
194
498
697
851
920
990
1124
1296
1524
1651
1750
1783
1767
1712
1601
1548
1456
1424
1339
1214
1128
1055
1102
1144
1088
1025
871
766
693
597
617
594
646
776
911
1261
1452
1638
1733
1730
1924
1862
1842
1689
1530
1507
1439
1490
1602
1779
2000
1989
1909
1629
1344
1020
515
150
-248
-339
-383
-390
-352
-382
-320
-282
-254
-235
-391
-543
-797
-910
-868
-850
-800
-834
-782
-689
-681
-726
-828
-996
-1156
-1460
-1752
-1942
-1930
-1792
-1689
-1662
-1737
-1649
-1652
-1713
-1880
-2211
-2387
-2581
-2662
-2697
-2742
-2649
-2425
-2097
-1862
-1728
-1567
-1391
-1259
-1214
-1065
-814
-504
-151
245
653
983
1295
1570
1776
1780
1683
1508
1281
1098
981
1009
1053
1025
996
963
963
967
898
759
487
200
30
-59
-131
-211
-232
-171
-14
232
522
709
798
852
890
944
1058
1246
1383
1495
1512
1566
1540
1540
1519
1551
1576
1446
1294
1063
901
746
587
384
123
-90
-160
-231
-397
-506
-479
-371
-250
-187
-52
48
166
279
401
400
343
254
172
157
73
147
256
358
323
233
227
145
-2
-205
-496
-762
-1056
-1232
-1398
-1565
-1587
-1603
-1654
-1667
-1640
-1608
-1714
-1930
-2119
-2226
-2246
-2081
-1848
-1571
-1309
-1045
-847
-591
-348
-131
76
134
216
289
353
401
459
548
659
765
905
979
988
930
851
694
463
315
265
238
199
138
120
117
201
336
359
259
231
334
428
509
653
812
896
934
1128
1423
1585
1699
1784
1830
1766
1593
1479
1398
1202
1028
1000
958
792
598
444
297
120
45
84
46
-87
-139
-221
-277
-328
-214
-53
29
133
223
343
288
372
576
753
810
715
710
713
650
615
511
447
381
311
154
-162
-416
-681
-960
-1249
-1507
-1639
-1730
-1813
-1855
-1952
-1982
-1912
-1741
-1675
-1827
-1931
-1931
-1835
-1758
-1577
-1212
-904
-663
-484
-430
-333
-229
-106
-135
-318
-390
-402
-486
-582
-546
-297
-63
104
180
158
143
40
-75
-230
-409
-486
-467
-454
-411
-293
-80
216
417
542
681
925
1082
1099
1072
1080
1136
1174
1271
1413
1559
1620
1701
1755
1678
1601
1509
1405
1203
952
887
861
743
638
441
378
284
241
324
299
278
192
135
123
26
91
203
399
426
469
537
505
491
466
558
556
570
614
706
660
541
375
300
198
78
-168
-382
-558
-796
-1071
-1379
-1601
-1770
-1882
-1941
-1944
-1915
-1926
-1936
-1856
-1868
-1931
-1938
-1763
-1522
-1298
-1149
-978
-917
-775
-567
-411
-311
-127
14
-72
-190
-217
-135
-174
-296
-402
-460
-499
-455
-366
-374
-508
-571
-556
-473
-424
-312
-68
67
93
127
181
232
86
161
315
571
954
1246
1452
1373
1177
1081
1044
1159
1297
1318
1164
815
554
304
194
234
397
493
380
275
95
-57
-215
-197
-238
-361
-289
-47
131
209
311
446
456
379
468
564
675
884
893
773
692
759
941
1066
1101
976
981
842
696
428
341
317
256
173
-1
-257
-406
-428
-552
-753
-896
-784
-739
-783
-987
-1226
-1333
-1312
-1329
-1298
-1189
-1008
-824
-628
-455
-447
-529
-600
-685
-808
-773
-566
-344
-397
-449
-357
-218
-214
-250
-288
-396
-596
-687
-602
-596
-748
-814
-744
-720
-713
-552
-255
-21
86
231
446
579
710
830
947
969
1067
1176
1071
962
991
1090
1104
1046
1127
1124
867
628
483
257
39
-77
-139
-280
-451
-443
-340
-359
-373
-202
-103
-60
-90
15
37
-59
75
331
484
503
862
1301
1481
1366
1314
1325
1248
1143
1185
1211
1088
1027
1008
1002
852
745
667
424
125
-24
-56
-87
-326
-590
-697
-684
-556
-413
-353
-323
-254
-246
-327
-559
-807
-878
-883
-858
-845
-778
-591
-560
-627
-720
-689
-728
-807
-892
-1062
-1209
-1213
-1045
-1053
-1150
-1130
-843
-621
-592
-623
-688
-807
-939
-913
-881
-725
-528
-290
-46
207
428
713
972
1042
1022
1097
1363
1482
1442
1443
1434
1351
1368
1490
1513
1424
1349
1325
1216
1013
836
667
446
182
26
3
3
-38
-70
-144
-274
-397
-422
-408
-441
-438
-342
-254
-285
-264
-198
-158
-29
233
505
623
653
697
603
456
376
268
272
345
396
403
311
292
227
126
21
-21
-1
37
42
-18
-49
-122
-106
-154
-183
-123
-29
-3
4
12
-76
-119
-182
-188
-180
-172
-191
-221
-364
-527
-699
-901
-1058
-1220
-1279
-1310
-1350
-1337
-1299
-1393
-1556
-1635
-1653
-1708
-1763
-1552
-1284
-1184
-1097
-965
-820
-741
-529
-169
21
1
56
185
202
225
417
703
894
954
1017
1080
1072
992
939
926
915
887
836
783
715
667
636
611
503
386
321
243
232
182
167
161
134
119
125
107
69
125
225
281
235
274
291
245
199
234
355
381
370
375
342
323
330
324
262
139
91
96
103
125
116
120
132
120
124
103
107
129
202
258
252
184
185
290
349
368
399
460
453
361
268
238
178
132
123
58
-103
-233
-354
-575
-811
-989
-1139
-1326
-1423
-1474
-1573
-1666
-1662
-1610
-1667
-1704
-1644
-1583
-1600
-1574
-1430
-1314
-1222
-1074
-907
-754
-610
-393
-212
-146
-88
-31
4
13
-21
2
146
328
469
476
443
454
482
434
353
355
356
300
150
67
121
209
341
472
573
631
629
583
537
410
310
328
442
523
554
578
706
903
942
865
766
767
731
540
378
358
345
277
226
242
297
357
405
434
386
332
275
261
256
302
374
413
513
610
594
488
488
541
581
556
587
660
680
582
481
465
425
382
330
268
153
87
-3
-181
-409
-582
-679
-748
-802
-885
-977
-1070
-1183
-1318
-1393
-1438
-1430
-1363
-1313
-1294
-1288
-1222
-1138
-1109
-1047
-901
-757
-666
-546
-423
-322
-291
-228
-125
-51
-16
67
183
201
172
140
155
99
104
137
149
145
126
156
138
76
73
106
89
72
110
172
230
273
302
317
364
433
510
576
585
536
478
515
500
501
591
722
772
725
707
687
648
577
541
509
461
444
468
495
511
558
587
574
547
562
510
445
431
425
424
417
469
511
525
564
598
604
553
423
299
218
152
74
22
18
0
-48
-92
-108
-160
-225
-274
-330
-406
-522
-608
-684
-750
-792
-771
-707
-689
-717
-721
-731
-791
-835
-841
-841
-815
-749
-687
-679
-681
-640
-608
-592
-552
-498
-478
-482
-479
-478
-476
-430
-352
-249
-159
-128
-167
-191
-202
-217
-224
-195
-98
-13
58
98
158
196
199
216
172
105
76
77
92
160
225
276
299
338
389
406
382
362
361
323
296
333
393
432
516
626
689
629
563
564
566
515
516
624
719
749
708
702
725
691
634
622
609
572
515
457
410
370
352
359
384
337
229
102
-9
-104
-189
-227
-248
-283
-309
-322
-327
-345
-344
-352
-369
-371
-357
-349
-367
-376
-371
-414
-490
-509
-485
-450
-424
-360
-292
-279
-304
-380
-475
-582
-685
-752
-776
-800
-823
-832
-819
-761
-677
-610
-566
-518
-539
-618
-705
-729
-666
-586
-471
-307
-138
-32
-15
-50
-86
-102
-113
-97
-17
78
158
260
354
399
351
262
179
32
-106
-144
-107
-68
-45
31
116
149
162
185
138
39
6
23
33
83
277
527
675
738
835
906
858
775
742
711
647
670
760
848
891
941
1000
979
900
808
715
603
480
386
302
236
232
251
221
170
141
108
40
-84
-186
-244
-269
-276
-263
-202
-118
-78
-43
22
34
-4
-50
-85
-147
-282
-400
-424
-399
-375
-326
-291
-300
-340
-425
-564
-695
-785
-838
-879
-905
-880
-852
-818
-758
-716
-729
-769
-785
-797
-854
-884
-840
-738
-627
-487
-302
-161
-110
-94
-60
-85
-122
-152
-128
-74
-41
17
119
214
225
203
192
169
108
82
97
97
88
143
264
333
347
396
453
444
383
382
446
464
499
606
700
703
691
722
712
630
582
591
581
532
531
566
562
540
521
474
377
288
207
110
63
96
127
123
140
196
225
171
138
126
89
33
49
104
156
222
299
381
396
365
307
241
187
136
54
-19
-18
5
-21
-60
-66
-91
-195
-334
-417
-483
-573
-641
-654
-626
-621
-631
-607
-552
-520
-562
-641
-658
-617
-623
-659
-610
-493
-417
-411
-378
-284
-225
-276
-318
-285
-258
-271
-263
-205
-160
-177
-204
-198
-190
-185
-188
-207
-181
-73
1
-8
28
161
239
199
192
293
354
303
303
417
515
548
572
652
724
708
660
643
640
615
557
522
545
559
534
479
446
398
313
228
150
105
63
23
-17
-8
63
114
103
105
170
173
88
40
85
113
78
71
153
228
242
258
305
321
264
205
158
92
-3
-78
-139
-195
-224
-228
-256
-323
-353
-365
-431
-537
-582
-564
-566
-595
-606
-580
-570
-548
-503
-447
-405
-341
-279
-291
-318
-276
-204
-199
-205
-127
-28
-38
-89
-59
-23
-93
-192
-201
-142
-161
-225
-213
-133
-114
-161
-182
-156
-137
-166
-162
-121
-67
3
79
125
192
284
342
319
304
377
446
431
399
493
574
525
454
486
548
479
358
349
374
311
208
176
193
160
98
51
18
-12
-47
-99
-156
-181
-126
-82
-86
-70
14
85
39
-23
17
83
71
58
86
138
135
139
173
165
127
93
97
61
-25
-73
-68
-93
-168
-196
-196
-234
-285
-315
-339
-373
-381
-346
-318
-340
-347
-299
-258
-254
-268
-227
-183
-174
-152
-112
-81
-37
16
16
6
-32
-27
-47
-90
-81
-46
-36
-79
-84
-88
-108
-170
-207
-195
-213
-246
-234
-214
-217
-213
-176
-140
-131
-91
-35
-22
-45
-15
47
62
70
132
214
226
203
230
264
235
164
159
195
191
158
145
167
153
114
90
89
68
41
22
-1
-6
7
29
27
24
43
80
81
80
98
122
119
101
125
170
184
173
202
252
265
253
260
280
268
239
196
169
151
113
69
31
21
12
-5
-39
-55
-55
-61
-98
-135
-139
-142
-153
-168
-147
-114
-115
-112
-93
-86
-83
-77
-87
-98
-108
-95
-83
-98
-95
-75
-63
-72
-66
-38
-48
-77
-83
-57
-70
-121
-125
-71
-66
-92
-83
-59
-53
-75
-80
-74
-67
-68
-52
-35
-16
10
30
52
72
83
84
67
40
28
9
-23
-45
-36
-23
-19
-22
-5
16
22
33
35
30
13
-4
7
21
25
45
76
109
123
140
144
139
137
137
132
123
145
189
197
175
178
190
192
169
143
132
125
106
77
63
66
74
70
71
83
71
46
35
20
3
-21
-22
-3
-9
-21
-20
3
10
-7
-14
1
18
7
-16
-17
-15
-20
-45
-67
-68
-74
-99
-125
-118
-90
-73
-82
-92
-84
-69
-71
-94
-98
-87
-83
-95
-103
-92
-70
-53
-41
-15
4
22
28
30
32
27
26
20
11
4
2
9
13
12
12
12
2
-18
-39
-64
-76
-75
-83
-90
-86
-64
-41
-44
-50
-40
-34
-53
-74
-75
-56
-30
-2
16
28
41
65
66
43
53
75
58
22
22
54
65
48
55
82
90
80
72
65
43
14
-1
-3
-3
9
23
35
41
52
63
57
43
27
18
7
-10
-17
-18
-3
16
42
57
52
53
56
43
-3
-49
-63
-66
-77
-103
-95
-63
-46
-63
-67
-45
-38
-64
-104
-109
-99
-109
-130
-132
-98
-66
-60
-56
-37
-15
-9
-33
-44
-33
-35
-54
-61
-37
-32
-37
-23
7
18
6
4
9
-6
-33
-38
-35
-30
-30
-35
-36
-26
1
5
-16
-28
-14
-22
-63
-85
-62
-30
-16
-4
30
57
50
26
22
24
14
2
0
12
28
47
61
76
84
77
61
44
28
9
-2
-4
-4
-3
6
30
38
34
29
20
12
1
-17
-31
-27
-22
-20
-17
0
13
10
-5
-13
-14
-24
-32
-24
-13
-18
-19
-18
-12
-7
-2
4
3
-10
-14
0
-3
-23
-42
-38
-23
-21
-33
-33
-16
-13
-23
-23
-6
1
-16
-22
-16
-14
-27
-27
-15
-5
-1
4
4
-8
-11
-8
-9
-13
-11
6
12
3
9
20
18
18
20
28
25
19
31
39
19
1
6
18
7
-15
-8
13
15
9
22
44
57
42
34
46
45
33
14
15
23
30
36
40
54
61
59
50
43
45
40
30
24
26
36
35
32
32
34
36
37
39
48
54
45
35
37
42
39
31
33
36
28
18
21
31
30
20
19
40
54
51
45
46
40
12
-6
1
2
-9
-16
-12
-3
-8
-10
-1
-5
-11
-10
-14
-24
-36
-36
-30
-25
-26
-14
-10
-14
-16
-20
-24
-43
-55
-48
-36
-35
-41
-32
-17
-22
-35
-27
-9
-10
-15
-14
-24
-47
-64
-49
-33
-36
-37
-21
-10
-24
-36
-33
-22
-19
-19
-8
-5
-7
0
21
34
37
38
41
46
38
36
40
41
37
41
49
50
52
65
77
76
72
78
78
56
37
31
21
7
1
0
10
15
16
26
35
35
26
23
17
10
4
5
16
15
7
12
17
5
-8
