SAMPLES:	10812
BITSPERSAMPLE:	16
CHANNELS:	1
SAMPLERATE:	16000
NORMALIZED:	FALSE
1
4
12
14
5
2
-1
-6
-7
-9
-2
6
-2
-3
-3
-3
2
3
1
-1
0
5
3
1
12
16
12
5
-7
-8
-9
-7
1
-1
-3
2
-2
-7
-8
-16
-9
5
6
7
-1
-3
3
5
6
10
11
14
6
-3
1
6
18
23
15
20
26
31
33
19
11
17
13
8
9
4
11
17
11
11
11
18
16
4
-3
-1
6
6
-3
-11
-4
0
4
8
0
-5
-9
-9
-2
0
-3
-2
-7
-7
-4
-14
-9
-3
-4
-8
-10
-10
-7
-1
-4
-4
-2
-2
-14
-28
-24
-19
-23
-27
-39
-39
-32
-30
-28
-28
-31
-34
-36
-45
-41
-32
-30
-32
-40
-42
-38
-32
-25
-26
-31
-28
-31
-30
-33
-46
-49
-45
-35
-24
-23
-23
-23
-20
-16
-13
-10
-11
-19
-22
-23
-23
-19
-12
-14
-23
-25
-34
-33
-14
-9
-2
3
-2
-2
-4
0
7
0
-3
-3
-11
-3
6
7
11
4
4
5
-6
-7
-11
-8
-2
-8
-7
-8
-6
1
-5
-6
-3
-11
-6
-6
-9
0
-1
5
9
2
4
3
11
17
19
27
26
23
17
8
1
5
7
9
4
-1
3
-1
7
15
9
7
-7
-6
-9
-15
3
3
3
8
2
10
5
-7
-4
-16
-16
-7
-12
-3
-6
-10
-7
-15
-10
-17
-20
-13
-19
-13
-13
-10
-6
-21
-22
-23
-20
-7
-7
-5
-15
-26
-19
-23
-12
-6
-18
-12
-18
-23
-20
-23
-11
-4
-10
-16
-22
-25
-19
-19
-10
-5
-7
-3
-7
-4
-2
-11
-10
-14
-3
11
18
22
10
6
4
1
2
-4
-6
-4
2
-1
-2
-3
-7
3
-3
-2
5
3
11
4
-6
0
2
16
30
14
7
3
-5
11
13
16
26
17
22
16
12
23
18
21
16
7
13
15
17
13
11
12
8
11
6
5
4
-1
3
-1
6
9
13
19
12
14
10
13
16
5
10
11
14
16
8
8
6
7
9
7
14
21
19
16
12
14
25
35
41
27
9
1
-5
7
12
15
18
9
4
2
-3
10
13
20
26
20
26
13
8
16
9
23
21
11
14
3
6
7
-2
6
6
4
11
8
24
29
22
31
14
22
31
14
20
8
-3
-8
-17
-4
1
0
2
-1
5
7
1
3
3
-3
3
5
3
4
-15
-14
-6
-6
10
0
-8
-2
-4
11
17
21
32
28
26
22
10
10
21
17
13
13
9
17
7
4
3
-5
9
12
8
13
20
21
24
26
21
15
5
11
13
12
2
-14
-15
-17
-8
-9
-10
-5
-18
-15
-18
-9
-2
-3
8
-1
4
-9
-22
-15
-18
0
0
-8
-9
-8
-9
-12
-11
-17
-4
-7
-8
-2
-9
-3
-14
-4
-6
-12
2
-16
-14
-16
-32
-13
-16
-14
6
-18
-1
0
-17
15
-7
10
22
2
31
2
7
12
-11
15
-8
2
7
-13
8
-20
-12
5
-1
19
10
5
11
-11
-13
-14
-20
18
15
15
19
-18
2
-14
-23
1
-26
3
7
-5
26
-3
3
14
-9
20
3
-4
17
-19
7
-4
-20
9
-31
-8
-11
-19
19
-19
16
9
-6
33
-3
28
17
-8
11
-31
-9
-5
-19
-1
-29
-28
-20
-25
-10
-14
-14
2
-8
-14
-9
-27
-3
9
7
30
-1
-3
-6
-24
0
-18
-17
-11
-27
-2
-7
1
17
10
24
17
21
23
18
16
6
7
-12
-3
-11
-10
-3
-29
-3
-20
2
16
-6
40
4
30
32
-8
31
-22
7
12
-15
30
-27
-16
-18
-47
2
-18
-3
22
-7
13
-3
-24
10
-16
13
19
-19
18
-36
-12
-7
-47
16
-44
-17
-10
-42
18
-40
-7
-13
-32
15
-29
3
-9
-29
-12
-46
-26
-32
-30
-25
-29
-23
-32
-17
-37
-31
-31
-32
1
-15
-4
-16
-23
7
-8
12
1
-3
6
-21
-10
-25
-27
-19
-29
-11
-21
-20
-16
-26
-4
-3
-3
-2
-8
-9
-14
-3
-1
6
1
-21
-15
-19
-9
5
-7
2
11
11
22
23
13
26
11
9
21
3
32
16
10
20
-5
26
8
1
23
11
45
52
30
36
16
22
40
21
37
28
-2
19
-2
2
12
-15
16
2
10
12
-16
12
3
33
37
22
37
2
17
-3
-17
1
-31
-2
-12
-24
-4
-40
-9
-3
-13
17
-3
1
13
-12
8
-5
-36
-10
-36
-27
-8
-52
-14
-40
-61
-26
-81
-25
-7
-22
32
-36
-8
7
-14
65
10
18
24
-41
21
-14
3
36
-22
38
-4
-14
20
-36
19
12
7
53
5
25
37
8
37
7
2
18
-6
23
2
1
12
-14
28
1
5
16
-24
20
-13
-16
6
-33
8
-7
-13
3
-10
11
0
-19
-23
-14
-2
6
3
-15
-12
-14
1
17
31
25
7
9
-15
8
6
-10
25
-13
3
14
-18
34
8
18
43
0
40
18
0
24
-11
21
16
7
42
4
22
13
-4
26
5
25
17
8
44
44
63
52
30
37
33
37
50
40
47
37
11
26
-1
24
47
24
63
16
22
36
10
81
50
57
60
0
42
1
11
39
-11
34
4
-19
20
-19
23
34
-11
34
-14
-18
25
-38
5
-15
-55
-8
-54
-19
-2
-44
-13
-49
-46
-23
-53
-29
-40
-62
-22
-46
-42
-26
-67
-21
-33
-35
0
-51
-15
-25
-51
-6
-31
-11
-5
-43
-26
-43
-36
-1
-4
17
15
-9
10
-2
3
16
-11
11
7
-1
9
-6
32
38
42
66
46
57
42
29
49
35
48
47
43
64
56
64
65
52
66
44
41
46
20
42
13
9
27
-18
12
16
34
87
42
67
47
-9
23
-13
39
74
13
40
-11
-4
36
2
66
43
27
45
-3
44
33
10
24
-4
17
5
-11
-3
-6
25
31
13
33
12
5
-7
-44
-18
-49
-50
-36
-68
-28
-60
-56
-35
-86
-62
-103
-108
-74
-105
-73
-91
-108
-93
-117
-79
-67
-68
-28
-81
-95
-81
-132
-67
-66
-78
-35
-127
-94
-89
-113
-15
-66
-25
-12
-74
-7
-48
-18
-9
-61
-10
-52
-51
-32
-77
-27
-12
-7
46
22
43
58
28
53
20
7
23
7
33
25
8
23
12
11
19
8
4
21
21
46
49
46
54
39
66
44
52
81
51
74
19
-7
13
-7
30
15
-6
-4
-27
2
21
48
65
22
10
-10
-16
15
0
6
-5
-28
-1
-22
-2
13
-9
16
-24
-16
-22
-50
-4
-42
-36
-44
-84
-55
-71
-63
-57
-83
-64
-75
-75
-66
-102
-102
-97
-103
-93
-102
-101
-109
-121
-89
-90
-43
-31
-52
-35
-110
-81
-48
-75
-74
-162
-144
-134
-220
-94
-73
-80
-57
-129
-45
-49
-20
26
-15
2
-38
-29
10
9
25
42
108
184
190
149
201
213
161
156
79
15
41
-5
16
104
30
43
61
36
123
100
41
-118
-98
-68
-113
-24
-31
-6
-14
24
116
133
123
-45
-140
-105
-155
-197
-243
-279
-285
-225
-89
34
101
84
-22
-107
-131
-73
-100
-115
-108
-164
-248
-308
-183
-140
-143
-132
-142
-137
-44
-90
-207
-124
-181
-198
-195
-210
-148
-62
-85
-145
39
53
23
68
6
54
-4
-13
61
67
154
173
113
172
285
228
166
202
194
88
210
227
181
269
162
180
161
152
210
240
391
422
287
264
264
272
393
350
398
455
344
412
457
410
632
517
420
483
331
410
399
471
603
650
677
619
639
617
475
533
532
475
490
359
315
241
97
78
44
-7
73
39
81
186
110
198
150
-62
-83
-99
-168
-224
-297
-312
-357
-404
-325
-424
-386
-404
-597
-546
-747
-848
-739
-914
-722
-765
-696
-532
-742
-592
-605
-560
-500
-509
-496
-491
-564
-592
-599
-579
-342
-399
-335
-231
-214
-108
-10
92
229
249
226
173
66
218
353
489
597
660
772
838
972
1177
1300
1527
1395
1309
1370
1296
1433
1353
1343
1297
1306
1450
1563
1728
1833
1940
1975
2128
2088
2161
2183
1976
1872
1688
1554
1427
1343
1180
1099
1029
862
673
543
406
223
7
-246
-457
-641
-859
-1052
-1346
-1680
-1821
-2064
-2295
-2485
-2655
-2874
-3050
-3232
-3393
-3428
-3564
-3657
-3697
-3671
-3495
-3422
-3315
-3187
-3186
-3064
-2949
-2801
-2605
-2437
-2255
-2021
-1794
-1616
-1473
-1306
-1057
-858
-670
-299
31
269
656
864
1100
1390
1654
1796
1916
2112
2091
2250
2403
2515
2582
2676
2734
2846
3063
3025
3151
3263
3388
3417
3395
3419
3396
3489
3501
3678
3678
3590
3495
3380
3347
3270
3118
3034
2988
2736
2512
2307
2148
2012
1821
1575
1204
907
592
154
-183
-748
-1160
-1426
-1903
-2249
-2723
-3185
-3409
-3792
-4187
-4341
-4617
-4758
-4839
-5064
-5113
-5138
-5118
-5110
-5006
-4822
-4722
-4455
-4243
-4125
-3941
-3718
-3473
-3162
-2845
-2600
-2345
-2064
-1690
-1482
-1239
-946
-783
-480
-366
-273
-25
8
176
311
307
487
499
541
659
661
715
859
969
1046
1157
1270
1391
1477
1687
1810
1981
2088
2086
2271
2288
2342
2420
2462
2752
2908
3056
3162
3307
3454
3538
3657
3633
3702
3701
3708
3750
3718
3660
3473
3424
3198
3028
2947
2779
2893
2614
2404
2226
1820
1662
1366
905
663
240
-205
-566
-1068
-1409
-1992
-2321
-2709
-3300
-3489
-3858
-4220
-4340
-4742
-5008
-5174
-5427
-5443
-5588
-5647
-5520
-5570
-5458
-5297
-5197
-4817
-4582
-4300
-4020
-3783
-3306
-2961
-2635
-2229
-1883
-1419
-995
-652
-293
-39
196
468
560
737
917
994
1203
1265
1272
1311
1279
1295
1269
1105
1087
981
871
874
774
737
730
742
828
842
858
926
864
991
1051
1038
1110
1035
1080
1210
1345
1575
1779
2067
2275
2467
2713
2753
2956
3124
3271
3424
3445
3496
3557
3594
3560
3493
3327
3358
3239
3238
3219
3001
3006
2783
2664
2597
2400
2182
1860
1484
951
607
257
-79
-306
-727
-1160
-1547
-1944
-2359
-2552
-2809
-3148
-3315
-3677
-4043
-4130
-4371
-4484
-4501
-4681
-4708
-4636
-4520
-4345
-4068
-3834
-3649
-3511
-3397
-3110
-2782
-2487
-2156
-1835
-1541
-1227
-930
-751
-527
-445
-483
-307
-217
-164
76
164
190
343
330
258
261
218
292
274
140
103
-60
-105
-171
-266
-234
-209
-51
-7
169
476
574
734
860
993
1201
1346
1533
1810
2067
2371
2697
2976
3213
3424
3600
3710
3862
3935
4086
4179
4254
4364
4382
4510
4501
4552
4612
4604
4620
4484
4229
3988
3750
3427
3279
2922
2574
2120
1553
1092
748
413
-15
-338
-893
-1422
-1904
-2433
-2781
-2965
-3216
-3605
-4047
-4539
-4873
-5029
-5277
-5405
-5497
-5675
-5755
-5647
-5522
-5118
-4660
-4445
-4143
-3842
-3527
-3098
-2625
-2242
-1798
-1441
-1248
-1030
-787
-505
-276
-100
80
290
581
712
814
835
776
961
923
822
828
685
653
548
365
325
201
38
-149
-347
-413
-439
-414
-273
-223
-118
-164
-231
-59
105
409
703
957
1370
1791
2049
2329
2595
2784
2985
3103
3183
3292
3342
3556
3707
3893
4103
4148
4183
4199
4244
4260
4275
4265
4231
4172
4035
3683
3323
3025
2813
2463
1974
1368
804
397
77
-224
-556
-1018
-1587
-2198
-2847
-3203
-3456
-3642
-3819
-4169
-4589
-4957
-5264
-5322
-5274
-5348
-5461
-5541
-5573
-5402
-5105
-4818
-4498
-4100
-3743
-3414
-2905
-2323
-1806
-1357
-898
-500
-220
-77
162
442
614
802
977
1183
1471
1760
1894
1923
1933
1837
1670
1518
1296
1029
834
603
267
100
-81
-307
-425
-597
-655
-660
-654
-616
-536
-435
-497
-529
-502
-315
38
270
527
684
884
1264
1528
1756
1968
2137
2273
2304
2365
2435
2589
2892
3089
3304
3490
3515
3629
3806
3989
4154
4138
4033
3829
3604
3353
3053
2836
2478
1962
1367
760
366
245
112
-91
-410
-893
-1527
-1995
-2368
-2541
-2644
-3071
-3551
-4118
-4633
-4920
-5031
-5201
-5362
-5384
-5593
-5688
-5525
-5376
-5004
-4716
-4549
-4390
-4116
-3647
-3122
-2520
-2051
-1576
-1077
-680
-342
-44
69
209
310
405
749
930
1103
1280
1153
1050
947
783
728
801
677
435
383
96
-17
-53
-323
-409
-464
-612
-705
-708
-779
-731
-677
-837
-881
-817
-843
-667
-501
-387
41
332
616
1112
1459
1837
2143
2261
2519
2792
3009
3233
3505
3712
4037
4485
4613
4834
5062
5090
5314
5456
5284
5269
5050
4700
4648
4377
4163
4150
3856
3320
3067
2631
2366
2484
2094
1559
1002
142
-632
-990
-1411
-1922
-2313
-3148
-4071
-4585
-5169
-5377
-5434
-5818
-6080
-6226
-6390
-6162
-5738
-5499
-5161
-4877
-4792
-4477
-4019
-3727
-3246
-2836
-2696
-2443
-2184
-2003
-1692
-1564
-1444
-1092
-795
-400
91
422
652
747
686
711
763
763
746
605
326
147
-84
-329
-517
-729
-951
-1237
-1418
-1487
-1413
-1343
-1420
-1379
-1387
-1288
-1134
-1022
-655
-381
-64
328
726
1130
1502
1770
1991
2223
2515
2836
3103
3482
3706
4016
4349
4568
4780
4860
4893
4944
5037
5207
5305
5425
5612
5667
5834
5906
5862
5785
5703
5387
4986
4458
3745
3364
2895
2497
2035
1222
418
-387
-1226
-1819
-2242
-2632
-2974
-3316
-4037
-4686
-5099
-5516
-5537
-5649
-5997
-6145
-6269
-6314
-5964
-5783
-5726
-5561
-5564
-5520
-5188
-4911
-4474
-3877
-3438
-2929
-2384
-1933
-1475
-1016
-628
-259
146
387
541
823
819
791
739
537
622
610
546
558
489
458
288
29
-136
-276
-467
-699
-815
-846
-811
-755
-758
-636
-578
-635
-707
-715
-564
-200
62
331
629
919
1370
1751
2225
2725
3008
3101
3221
3302
3601
3934
4124
4380
4547
4621
4753
5019
5284
5690
5937
6006
6026
5925
5661
5406
5145
4774
4556
4096
3524
3092
2614
2230
2059
1618
1045
556
-260
-1200
-1855
-2333
-2641
-2822
-3368
-4112
-4705
-5296
-5826
-5966
-6347
-6756
-7118
-7575
-7673
-7354
-7073
-6728
-6372
-6131
-5743
-5304
-4855
-4266
-3597
-3181
-2728
-2340
-1903
-1445
-1107
-841
-461
43
338
645
915
1092
1372
1339
1229
1390
1367
1500
1589
1413
1277
1066
850
699
662
620
513
307
-30
-222
-263
-336
-319
-344
-392
-419
-496
-469
-249
-17
214
561
830
1074
1452
1682
2031
2349
2425
2636
2800
3070
3494
3851
4095
4403
4448
4554
4684
4624
4589
4599
4641
4581
4849
4867
4965
5080
4835
4658
4462
3750
3025
2538
1926
1838
1652
995
456
-16
-948
-1490
-1985
-2583
-2699
-3042
-4036
-4856
-5356
-5974
-5926
-6059
-6695
-6722
-7000
-7375
-6936
-6636
-6352
-6001
-6022
-6005
-5362
-4847
-4271
-3404
-2863
-2426
-1969
-1836
-1718
-924
-770
-559
-71
-143
364
1012
930
1135
1224
789
1064
1142
880
1173
1241
879
877
737
525
593
205
-210
-267
-590
-868
-760
-929
-929
-756
-969
-901
-577
-579
-264
142
248
704
1111
1267
1754
2269
2687
3300
3618
3669
3870
3977
3950
4322
4531
4670
5016
5098
5305
5714
5835
6036
6316
6195
6261
6277
6152
6087
5988
5673
5282
4610
3534
2898
2477
2358
2198
1734
990
277
-742
-1676
-1775
-2272
-2636
-2999
-4213
-5300
-5871
-6388
-6444
-6565
-7269
-7757
-8015
-8250
-7869
-7335
-7220
-7023
-6810
-6729
-6062
-5473
-5163
-4293
-3764
-3476
-2955
-2555
-2235
-1779
-1599
-1396
-968
-599
-394
121
793
1034
1268
1044
740
1030
1158
1266
1579
1335
1094
879
411
356
358
24
-243
-628
-1055
-1060
-1122
-1188
-1096
-1080
-1001
-838
-575
-339
48
453
658
1189
1466
1589
1955
2133
2460
2794
2730
2765
3064
3318
3836
4312
4575
4791
4977
5042
5232
5483
5483
5699
5971
6025
6241
6458
6384
6402
6059
5371
4691
3531
2634
2348
2006
2083
1844
603
250
225
-692
-1078
-1751
-2790
-3388
-4336
-5313
-5612
-6259
-7112
-6908
-7174
-7816
-7910
-8041
-7843
-7299
-7184
-6827
-6124
-6236
-6119
-5450
-5140
-4389
-3383
-2866
-2188
-1627
-1603
-1150
-613
-422
183
742
910
1354
1899
2184
2392
2329
2235
2413
2418
2159
1989
1973
1914
1716
1462
1184
940
650
268
-129
-665
-998
-858
-920
-1105
-1002
-994
-1083
-1118
-1093
-914
-809
-617
-208
96
554
1055
1495
1961
2178
2406
2554
2603
2828
3055
3358
3827
4253
4460
4607
4680
5032
5345
5567
5838
5717
5752
6318
6563
6395
6316
5755
5687
4888
3982
3480
1671
652
1643
2477
774
-174
-383
-1958
-3553
-3561
-1963
-2913
-4959
-5274
-5720
-6373
-7254
-7540
-6701
-6634
-7832
-8680
-7623
-6412
-6549
-6332
-5973
-6559
-6228
-5550
-5022
-3412
-2143
-1869
-1685
-1743
-1883
-1651
-780
193
179
216
753
1132
973
1283
2236
2072
1513
1444
1164
1029
1133
833
770
616
416
560
48
-634
-778
-1105
-1581
-1691
-1686
-1446
-1133
-991
-732
-543
-500
-258
-3
135
366
886
1268
1604
2184
2504
2826
3280
3497
3615
3655
3787
4505
5126
5123
5371
5684
5733
6210
6303
6368
7075
7273
7399
7435
6813
6644
6456
5360
4916
3712
2159
1672
1077
1502
1990
966
464
-131
-1733
-2001
-2414
-3281
-3505
-3871
-5264
-6295
-6384
-7120
-7026
-7070
-7518
-6731
-7258
-7979
-7287
-7421
-6860
-5778
-5759
-5207
-4615
-4404
-3628
-2692
-1985
-1456
-773
-1013
-1519
-1280
-1098
-674
-272
-667
-660
71
154
481
551
-47
-13
-527
-965
-408
-98
89
189
87
68
-85
-325
-527
-658
-824
-1058
-791
-398
-206
241
363
312
692
502
443
679
827
1386
1782
2424
3484
4324
4997
5378
5614
5593
4948
4593
4699
5336
5994
6471
7113
7682
7753
7749
7757
7422
7476
7550
7127
6576
5689
5101
4775
3689
2887
224
-2955
-4204
-4652
-3208
-2524
-2979
-3943
-5164
-4916
-4891
-4405
-3772
-4381
-4434
-5626
-5425
-3162
-3051
-2858
-2689
-3027
-2146
-1666
-2020
-2165
-2719
-3401
-3279
-2400
-1642
-1250
-1508
-1970
-1242
-624
-1160
-1471
-2332
-2989
-2627
-2261
-1391
-915
-1275
-2045
-2462
-2519
-2623
-3293
-4298
-4618
-5063
-5086
-4357
-3562
-2759
-2778
-2234
-1267
-1293
-1037
-1174
-1165
-540
-391
362
1044
1190
1560
1505
1432
1342
1042
1297
1436
2120
3310
3932
4908
5054
5159
5536
4873
4684
4204
3853
3791
3949
4396
4336
4830
4849
5066
4495
3911
5444
6103
8164
9895
9416
9866
8456
7319
5474
2367
520
-4464
-8164
-9022
-7621
-4500
-4188
-3821
-5338
-6896
-5227
-4256
-2681
-2606
-3238
-2510
-3165
-1969
244
-180
-1329
-2411
-2918
-2131
-2264
-3418
-3935
-5000
-5909
-4729
-3144
-2542
-1997
-1957
-1207
435
867
1196
1289
343
75
218
1068
1997
1010
-733
-2507
-2748
-3163
-4830
-5632
-6301
-5977
-5218
-4436
-3260
-3233
-1861
-643
-630
249
-218
-305
-932
-1756
-170
38
-368
117
12
-206
-264
160
628
119
333
1838
3245
4154
4847
5616
5706
5351
4976
4710
4308
3893
4044
4598
4554
4100
4484
4415
3712
4719
5499
5298
6226
7680
10424
11915
11543
10008
5815
3579
2522
2594
366
-7466
-11360
-12636
-9231
-3839
-2422
-1952
-7441
-9148
-5656
-3491
1056
946
-1182
-1242
-2606
-808
2581
714
-3327
-5613
-7103
-6273
-3912
-3941
-5527
-6978
-8705
-7592
-4386
-3578
-2768
-1429
-341
2082
3320
4047
4452
3162
2094
1469
1190
18
-2441
-4358
-4757
-4344
-4453
-5280
-6930
-6829
-4902
-3953
-3055
-1581
-309
946
1714
2436
2786
1276
-22
-375
-533
276
1144
1132
368
-683
-409
522
31
-218
877
2043
4007
6077
7433
8081
7375
6229
6367
6596
5920
5538
4039
4057
4566
4925
4994
3058
3544
2547
5329
7858
6551
10397
10327
11912
11954
7609
6187
677
1358
1339
-7604
-10955
-13720
-12899
-6199
-2681
-2303
-4865
-7215
-5163
-1988
1622
3142
1696
-272
-2385
-1031
1885
2268
-2037
-6425
-7712
-8777
-6702
-4241
-6221
-7357
-8812
-9028
-5234
-3186
-1179
706
2126
3887
4321
5812
6089
4026
2186
268
-892
-1533
-3869
-5948
-6095
-5379
-5631
-6609
-7643
-7732
-5883
-3519
-1618
-574
458
1798
2927
4064
4285
3120
1055
-493
-529
-180
335
420
-210
-949
-947
110
1027
1061
952
1685
3448
5307
6930
7999
7929
6917
7011
7177
6687
6404
4698
3554
2835
3386
3499
2501
3159
1468
3121
5372
5392
9830
9236
10023
11228
7339
6662
2982
1030
2415
-4930
-11616
-13350
-14871
-9850
-3465
-1998
-3854
-7900
-6066
-2098
26
3321
3020
-51
-2228
-1574
-541
923
-1229
-7127
-8760
-9548
-9399
-6269
-6651
-8811
-8983
-8666
-6525
-3521
-1450
287
1982
4020
5059
5774
6824
5700
3195
1194
-346
-1446
-4076
-7414
-8297
-7933
-7051
-5505
-5718
-6062
-4968
-2677
-261
614
2883
4579
4381
4916
5259
4636
1766
-780
-1545
-2349
-1978
-880
-194
-965
-1246
-125
607
882
1244
2114
3676
5344
7697
9265
8789
8447
7974
6836
5999
4915
3644
3742
3186
3737
4063
3684
2456
2004
3766
4233
6313
8813
11118
13508
12821
11609
6971
3267
1586
416
-1470
-10478
-14117
-15717
-13410
-5498
-2197
-857
-6213
-7810
-1855
-406
3243
5418
1059
-2762
-2610
-2320
-1032
-686
-6117
-10357
-10886
-11266
-9749
-6918
-8940
-10248
-8690
-8084
-4171
-696
457
2103
4194
5519
6084
7190
5776
3286
1163
-1805
-3100
-4950
-7325
-7274
-7046
-6927
-6427
-6219
-6281
-4253
-821
1661
2657
2639
3610
4388
4396
4796
3648
672
-2275
-3446
-4060
-4444
-3322
-2442
-2199
-2023
-1219
895
1504
1485
2604
3447
4912
6251
7263
8272
7911
7147
6245
4364
3062
2086
2074
2608
2953
3310
2929
1532
1886
3557
4756
6938
8356
10292
12453
12622
11025
7564
5038
3238
3181
-294
-11454
-16980
-18809
-14351
-5375
-1967
-1159
-6541
-8598
-1684
916
3617
6376
1724
-3050
-1385
-405
-334
440
-5646
-10400
-9332
-10004
-8985
-6534
-9906
-11348
-8532
-7450
-3425
577
547
2338
5141
5437
6670
7839
5814
4573
2489
-594
-1273
-4469
-8156
-7604
-7054
-5244
-4707
-7329
-7394
-5936
-1799
2827
3690
3847
3449
4410
5937
5786
5644
2780
-1246
-3210
-3640
-2889
-3219
-3645
-3348
-3318
-1901
445
1742
1932
1989
3244
5070
6803
7773
8191
8563
7966
7374
6391
4288
2283
2185
1601
2070
4246
2393
2106
2593
1516
5308
6159
7535
9754
9506
14481
14247
13158
11438
5418
2124
99
-1256
-10719
-16989
-16508
-15618
-6909
-1750
-2363
-5941
-8218
-1894
1461
4229
7183
4106
-34
-783
-890
-968
-1174
-6114
-10461
-10322
-9873
-9116
-6672
-8909
-10693
-8169
-7513
-4018
-144
323
2613
4950
5575
6778
7341
5689
3701
875
-2094
-2450
-4127
-7361
-8394
-7512
-5767
-5448
-6474
-9001
-8601
-3612
1083
5492
6039
4722
5376
4141
5230
5182
1664
-1190
-5235
-6507
-5577
-4009
-2836
-3551
-3830
-3475
-1204
1737
2803
3689
4156
5662
7695
8404
9382
8725
7459
6248
3757
2375
2188
1770
1597
2921
3256
3533
2895
2808
5487
5462
8143
10131
10343
12777
13875
15085
13053
10343
7341
2940
2489
-285
-10231
-17230
-17468
-14643
-6753
232
-691
-4763
-6861
-2429
1755
4486
7457
4969
90
-1635
-677
-896
-1113
-5943
-10852
-9861
-9628
-8552
-6135
-7775
-10050
-9242
-7498
-3971
-352
318
1891
4986
6364
6892
6628
4868
3228
363
-2811
-3318
-4814
-6911
-7338
-6861
-4773
-3786
-4793
-6974
-7613
-3142
1755
3746
5002
5718
4594
3098
4075
3766
294
-2640
-4774
-5836
-5697
-4329
-2791
-4023
-4991
-3267
-1040
929
2625
3142
3201
3928
6112
8144
7209
6378
6151
5067
3954
2996
2479
1591
1123
1918
2622
1620
2135
3542
2847
5000
8494
10927
11181
10632
13538
13443
12567
12250
8187
2899
-68
651
-7818
-16279
-15298
-15424
-9148
-2188
-1382
-3591
-8087
-4781
1281
3297
6033
5960
1435
-895
122
-1122
-1788
-4841
-10965
-10831
-9493
-9588
-6326
-7675
-11662
-10114
-8365
-5855
-2012
-886
403
3494
5602
6051
6538
5032
2584
18
-3686
-4081
-5089
-8500
-9017
-8261
-6275
-4014
-4115
-5515
-5894
-2323
2169
4455
6052
6453
5094
4124
4593
3363
-145
-3082
-4887
-5007
-3797
-2376
-944
-1170
-2320
-1414
563
2460
3822
4065
4459
5926
7732
9434
9131
7154
5601
4529
3373
3149
4251
3458
2269
2076
2250
2090
2844
3912
4397
5893
8695
11360
12316
11863
13102
11202
7729
7195
4128
1896
-6089
-14592
-15088
-13866
-7985
-2848
-3019
-5497
-8768
-4481
-14
754
3420
3234
45
-498
2259
1046
-658
-3912
-9171
-9236
-8144
-8457
-6810
-8050
-11033
-9818
-8531
-6724
-3843
-3335
-1683
1830
3476
3701
4200
4136
3006
763
-1866
-2801
-3423
-5708
-6478
-5491
-5408
-5315
-6626
-8054
-6115
-3089
-397
996
1897
3078
3611
3461
3352
3286
1826
247
-547
-1090
-1538
-1124
-1062
-2623
-3207
-1819
-312
823
2250
3211
4640
6169
5965
7087
7531
7154
7485
6203
4795
4931
5502
4921
4866
4157
3129
2437
198
1868
3642
3966
7679
10465
11279
11925
13372
11197
7366
4983
4300
3638
-4004
-10711
-12877
-14359
-8587
-4323
-3765
-5829
-9599
-5794
-381
383
2470
2881
-1661
-1350
1988
1250
937
-2713
-8928
-8459
-6824
-6385
-4414
-7060
-11810
-11498
-10023
-6670
-2066
-2076
-1238
1967
2301
2196
2903
2716
2744
1568
-426
31
-1001
-4126
-6289
-6923
-6101
-5464
-6624
-7579
-5558
-2798
-545
2472
3185
3670
4195
3214
3792
4372
2964
1110
618
567
366
458
-1070
-2739
-2784
-2303
-1051
72
949
2583
4482
6013
7202
7836
7397
7002
7000
6353
5549
4733
3593
3773
4256
2606
2067
1514
1782
4597
4717
4840
6289
6367
9407
12100
11960
9921
5445
3086
4362
1697
-6374
-10999
-14539
-11821
-4846
-3335
-2761
-6514
-9847
-4016
-1019
818
4851
1613
-2938
-263
500
-190
149
-4898
-7008
-5493
-5327
-3063
-2902
-8655
-12304
-11350
-8639
-4291
-2142
-2333
354
2625
2481
3205
2751
1689
1812
418
538
2547
-107
-3695
-4341
-4544
-4422
-5916
-8776
-8930
-6918
-2964
1698
2708
1690
1617
2800
4263
5442
4737
3724
2477
1927
3346
3203
2014
-109
-2616
-2594
-508
1565
1523
84
-77
1584
4133
6467
8045
7702
7217
7775
7194
6967
5701
4179
3162
1827
2845
2299
2031
2099
1617
3492
3824
5482
7787
7540
9294
8766
5879
5134
3987
4835
1360
-9158
-12582
-12750
-10911
-3977
-2558
-4262
-7686
-9246
-4288
-1057
-152
1565
341
-3124
834
2910
161
-1312
-6034
-7362
-4374
-3909
-2975
-2975
-8577
-11633
-9355
-7329
-4279
-3197
-4030
-1120
1532
1450
1908
2389
1577
1944
2233
2411
2876
-473
-5056
-5920
-4542
-3862
-5090
-8429
-8865
-5877
-4525
-1366
1944
666
-131
2038
4473
5394
4679
3830
3574
2889
3064
5116
2993
-1512
-2543
-1698
-566
895
1589
395
278
2492
4847
6554
7740
8544
8897
9363
9440
8885
6758
4071
3582
3411
3220
3640
3139
1828
2978
3195
4206
6456
4801
6456
8513
9259
7965
3901
2619
3129
1789
-5264
-10239
-12009
-11268
-5689
-4863
-4086
-6351
-10019
-5894
-3305
-1260
1905
761
-3520
-1753
622
-1030
-1803
-5528
-6566
-4284
-4160
-3671
-3335
-7749
-11267
-9187
-6800
-3876
-3184
-4637
-1712
1220
883
895
979
545
1103
1419
2775
4881
1907
-3096
-5017
-4698
-5077
-7810
-9968
-9529
-6968
-3764
-683
960
-1061
-1970
568
1713
4500
6812
5108
4859
4833
2803
1345
-837
-3639
-3703
-2391
158
2286
956
-231
-79
564
2242
4836
6570
7724
9514
10471
10989
8196
5124
4854
3369
4142
5345
3655
3105
2118
2334
3098
2808
4642
4779
5363
8595
11833
11116
6346
2628
634
1951
-2262
-8643
-9108
-9756
-6655
-3375
-2457
-4333
-10475
-9066
-5868
-3341
1834
2496
-2012
-3843
-1938
-2908
-2326
-3229
-4068
-2674
-3308
-3141
-1995
-5182
-10083
-9915
-7522
-4242
-2683
-3801
-1336
1522
571
-1442
-1684
68
1391
1758
3366
5763
3906
-1783
-4969
-4497
-2852
-3718
-6512
-6952
-5146
-4025
-2650
-493
-885
-2251
-1669
627
3080
3876
4050
3977
2506
1418
1819
1470
-484
-1072
-421
89
584
493
-499
-1264
-166
2139
4329
5268
5794
6981
7646
8160
7651
5876
4598
3583
4330
4459
3995
3955
1706
306
1802
5005
6147
5164
6438
7732
8770
10896
8977
4609
1679
2011
5464
-942
-9911
-10268
-11881
-7802
-1390
-1555
-3501
-9728
-10429
-5233
-2006
1787
2731
-2678
-5228
-1095
-987
-933
-1729
-3300
-3228
-4757
-4126
-3032
-5390
-8986
-9161
-6006
-3937
-3810
-3878
-1678
621
100
-2027
-1306
1453
1554
2020
3026
3634
358
-6185
-7299
-4079
-2072
-3400
-5716
-5700
-5666
-5015
-2326
-724
-431
-1074
-361
2246
3250
2419
1746
1923
1825
2107
2806
2120
500
354
1159
1678
1399
1063
1060
1535
3394
5673
6152
6002
6981
7594
8263
8764
7784
6465
5910
6257
5302
3740
3485
2104
1375
2492
4963
5990
6702
6983
6027
7014
7563
6139
4584
2762
4865
4948
-3219
-8912
-10653
-9135
-4108
-2224
-2528
-5976
-11049
-8286
-5185
-1983
2911
960
-3958
-3183
-1049
-1069
-363
-843
-459
-2159
-4922
-3566
-2853
-5290
-7470
-7274
-5376
-4194
-4967
-3655
-439
-11
-2244
-3609
-1214
1923
1323
-256
178
-260
-3467
-6629
-4986
-2089
-2674
-4443
-5551
-5880
-6246
-5338
-2890
-1948
-1001
554
1432
1370
961
1020
1445
3146
3408
2929
2798
1242
540
684
1285
2088
1986
1941
2752
2935
3805
5894
6956
7542
8282
9167
9204
7778
7312
7342
7954
7110
4425
3802
3355
3565
2879
3096
3766
5847
7582
7435
6606
3247
2687
3181
3417
8654
3023
-7017
-9226
-9667
-5340
-2304
-1528
-3954
-10825
-12752
-7638
-5303
-1186
1857
-1864
-4485
-4074
-3603
-1441
-4
1342
1520
-2648
-5204
-3039
-2321
-3246
-3773
-4851
-4855
-4621
-3808
-1295
-677
-2768
-4545
-3463
66
1753
827
85
-571
-2898
-4711
-3800
-1598
-1505
-3103
-3660
-4835
-5775
-6308
-5476
-1664
-384
-1491
-1759
-1433
-1099
-346
2443
5736
5570
3198
2799
2838
2278
2764
2301
1604
1855
2999
3346
2831
2980
3709
3777
4683
7303
8416
9077
8748
7100
6208
6294
7194
7250
6279
6487
4200
2071
2313
4026
4209
4391
5032
3192
2098
1518
1455
2969
3043
-2944
-8452
-9478
-6474
-2512
-1685
-3873
-8446
-14183
-12232
-7418
-3022
1971
-134
-6231
-8728
-6509
-4048
-1596
174
1872
286
-4264
-4102
-1676
-1589
-3010
-3954
-2593
-1574
-2948
-3525
-2096
-2691
-4601
-4775
-1209
2427
1299
-1863
-2580
-857
-2644
-4090
-1475
554
326
-2681
-4360
-5815
-8781
-6497
-2005
-372
-836
-2630
-3924
-3779
-2099
288
3042
4444
4444
3681
3667
4625
4715
4622
5028
4868
4188
4167
3539
2721
2312
2988
4399
5265
5752
7077
7784
6603
6456
6401
7239
7908
7677
7473
6099
5558
4653
4307
5406
5211
5492
3968
2022
1505
189
322
2907
1537
-6202
-9967
-9356
-5616
-1563
-2325
-4132
-9546
-14311
-10760
-6462
-2563
1118
-2503
-8210
-8236
-6322
-3819
-1267
224
1450
-1862
-5269
-3289
-1117
-1294
-1799
-1702
-724
-862
-2332
-2136
-1845
-3613
-4686
-3389
-115
1632
326
-1583
-2374
-2261
-3391
-2770
125
881
-657
-3028
-3330
-4063
-7254
-5671
-2141
-2061
-3237
-3067
-2560
-3617
-3140
-206
1893
2457
3458
3807
2918
2997
5115
6803
6247
5606
5938
5513
4893
4610
4056
3969
4686
5974
6769
7181
6484
5428
4505
5942
8313
8271
8175
6698
5841
5673
6265
7565
5612
5153
5686
4118
2938
1031
171
-177
1258
-756
-6963
-8756
-7904
-4899
-4440
-4883
-6477
-11083
-12145
-8559
-4568
-674
-856
-6042
-9588
-8745
-5709
-2134
11
1333
-386
-4815
-5138
-1418
220
-1222
-1919
-1082
162
-325
-1210
-437
-1227
-3371
-2523
195
1852
741
-1600
-1787
-452
-379
-1270
-1133
-158
-45
-1398
-2356
-2358
-4018
-6204
-4458
-2118
-3346
-4830
-3990
-3520
-4464
-2664
819
1898
1339
2260
3301
2252
2951
5801
6240
4893
5243
6396
6267
5566
5753
5545
5079
5866
6138
6144
6661
6907
6446
5689
6377
6509
6752
7517
6958
7111
5371
4233
6037
5844
7152
7108
4935
4170
768
19
858
952
1474
-4418
-9566
-9798
-7585
-4459
-4619
-6205
-9393
-13499
-12665
-8307
-3668
-757
-3389
-8420
-9858
-8257
-5014
-1224
487
303
-2991
-5802
-3386
-312
-294
-1177
-1109
-159
-269
-1127
-228
474
-1445
-2892
-1505
1113
1398
-107
-615
-330
-204
-708
-1537
-512
615
59
-306
-1086
-3278
-4970
-5019
-2514
-1312
-2897
-3069
-3711
-5572
-4779
-1090
1247
2013
1682
1163
1462
2099
4268
5694
5042
5287
5952
6239
6438
5503
4783
5062
6341
7993
7957
7449
6911
5512
5174
5944
6706
7805
6165
4889
5403
4905
5500
6712
7702
7416
6037
4869
3945
2861
2383
2910
2100
1636
711
-7418
-10656
-8630
-5682
-3690
-4973
-6536
-11055
-14762
-12673
-7044
-2990
-2396
-6379
-10321
-9511
-7479
-4831
-1695
-454
-1040
-4681
-5853
-2509
-399
-1083
-1800
-1432
-473
-1070
-1623
490
374
-2051
-2663
-1242
1066
1169
-396
-405
23
-1004
-2202
-2149
-30
629
-607
-676
-1712
-4012
-5842
-5139
-2490
-2099
-2156
-2043
-4547
-6017
-5125
-2596
461
1522
758
-550
-1063
655
3285
4326
4473
4815
4746
4719
4999
4981
5245
6243
6643
7084
8004
8055
7538
6641
6229
6059
6842
6349
5395
5077
4197
4983
4816
5107
7161
7841
6522
5453
3599
4003
3281
3005
3261
3009
1456
-5479
-10143
-8947
-5532
-2696
-4063
-7180
-10398
-14965
-11810
-6970
-2204
-968
-6638
-11026
-10149
-7179
-4417
-2157
-1332
-1482
-5028
-6322
-2047
455
-748
-2568
-1909
-344
-591
-1282
-393
833
-1433
-2842
-883
1573
2000
719
610
1277
-90
-3048
-3723
-1092
1074
757
-218
-2857
-5797
-6559
-4512
-212
235
-2234
-3854
-6511
-6602
-3219
197
2144
1172
-1065
-2394
-2004
759
3624
3870
3462
3597
4121
4890
5268
5937
6044
5742
5930
7154
8114
8780
8168
6491
6827
7480
7840
6781
5718
5590
4349
4534
5846
7043
7679
7275
6288
4646
4530
4883
5942
5507
4294
-999
-7557
-7196
-4745
-1819
-1259
-5562
-9830
-14961
-14406
-8315
-3645
-821
-5063
-11630
-12951
-8738
-4989
-1649
-1376
-2470
-4866
-7759
-4292
420
878
-1279
-2930
-2011
-685
-1047
-913
378
-759
-2467
-1733
680
1924
579
-492
-138
-170
-2645
-2527
-214
661
756
-1420
-3594
-5273
-6770
-3881
-853
32
-1166
-5707
-6958
-5086
-2980
414
1703
35
-1788
-2723
-723
2285
3231
3437
2431
1308
2704
4863
5700
6068
5986
6454
6871
7222
8023
8752
9245
9265
9260
8501
7917
7493
7911
7646
7789
6778
3910
4240
5443
6321
6509
6034
4528
2643
2705
4500
5837
3259
-3426
-5866
-5137
-1405
27
-3774
-6693
-11438
-13844
-10717
-6448
-2738
-4479
-11846
-13821
-10293
-7413
-4759
-3953
-3426
-3962
-7084
-5442
-840
114
-1298
-1481
-156
1222
-86
-1235
-209
-415
-1867
-1392
767
1079
-562
-1515
12
769
-1868
-2709
-1124
578
1029
-408
-1532
-3496
-5776
-4984
-2368
273
-1049
-5157
-6504
-5709
-3880
-1171
799
-66
-1698
-2631
-1501
1620
3622
3969
2760
1233
1959
3745
4493
5317
5595
5035
5440
6841
8302
9242
9295
8912
9063
9094
8935
9025
8795
8284
8176
7316
6598
6309
6305
5592
5119
4024
3841
3008
2711
3874
4142
2211
-3564
-6200
-3695
-338
1250
-1654
-6566
-9937
-12640
-9800
-5858
-2320
-4237
-11691
-15123
-11836
-8015
-5958
-4184
-4659
-5579
-8151
-7040
-1275
160
-2080
-2906
-937
1678
1826
706
1232
645
-1540
-833
1804
2966
1124
-1078
-340
1160
81
-1763
-1206
184
-296
-672
-513
-1853
-4503
-5534
-3161
77
-252
-3059
-5730
-7283
-6069
-2501
31
286
-1235
-3330
-3421
-696
2004
3353
2952
1054
522
1294
2972
4991
4925
4127
4340
5042
6285
7414
8351
8972
8763
8911
8784
7908
8320
8229
8062
7776
6575
6497
4839
5812
6521
4840
4538
2209
1448
2171
2077
4057
1229
-4543
-5619
-5434
-1667
1003
-2436
-6706
-9700
-12025
-8677
-5357
-2954
-3848
-11039
-14128
-11473
-8567
-6235
-5184
-6107
-6344
-7683
-7095
-2184
-881
-2139
-2373
-1732
502
1081
521
1595
1261
-119
527
1787
2917
1944
174
728
1556
1087
222
-287
116
-249
-318
344
-515
-2766
-4608
-3960
-2074
-1684
-2500
-3726
-4892
-5185
-3716
-1736
-560
-800
-1887
-2062
-956
623
1737
1756
1065
1050
1714
2439
3510
3773
3412
4061
5362
6599
7083
7267
7694
8242
8710
9332
9188
7816
7600
7370
7529
7898
6403
5982
5432
5392
6570
5706
4871
3054
1585
2745
4086
4466
-140
-5507
-7071
-4309
-240
-48
-2929
-7158
-12542
-12658
-7917
-3828
-1287
-5925
-12756
-13553
-11232
-8069
-5133
-4459
-5401
-8006
-9679
-6324
-1870
-1873
-3070
-2835
-1671
-576
-495
288
1882
818
-462
658
2624
2875
1613
1013
1906
2555
1800
750
820
972
-155
75
572
-958
-2755
-4069
-3759
-1872
-2212
-2327
-2123
-3773
-4491
-3620
-2585
-576
184
-990
-785
-733
-227
899
1023
1786
2294
1784
1784
2721
3343
3962
4957
5923
6641
6715
7196
7618
8418
9314
9005
9145
8092
7290
7648
7636
8186
7478
5849
5763
5879
6399
6792
4737
3155
2352
2228
3829
4545
1327
-4264
-7616
-5636
-1693
350
-2022
-5684
-11194
-13709
-10372
-5618
-906
-3441
-10526
-13791
-12526
-9641
-5772
-3936
-4009
-6928
-10729
-8731
-3661
-1708
-2323
-3155
-2956
-2392
-2155
-785
1284
690
-1317
-1497
850
2898
2745
2053
1623
1445
831
694
1878
2765
1552
-275
-1222
-1750
-2071
-2079
-1878
-1879
-3256
-3923
-3505
-3470
-3246
-2143
-1873
-1927
-1489
-1250
-894
-194
411
438
479
1050
1944
1978
1766
2282
2819
3247
4370
5306
5807
6521
6893
7202
7761
8362
8853
8519
8014
8029
7306
6976
7285
6569
6287
6166
6294
6619
5944
5337
4190
3248
3312
3365
3533
3778
1249
-4144
-5586
-4404
-2083
-209
-2593
-5115
-9192
-11467
-8934
-5013
-1933
-2998
-8376
-11503
-10622
-9114
-6062
-3642
-3725
-5881
-8495
-7863
-3775
-2160
-2485
-2380
-2418
-2132
-1802
-840
735
680
-764
-671
1213
2896
3129
2457
2001
1496
952
1310
2361
2787
1052
-1016
-1557
-1682
-1651
-1882
-2504
-2612
-3378
-3827
-2889
-2289
-2357
-2439
-2445
-2057
-1463
-815
-501
-497
-686
-1016
-758
700
1471
1320
1257
1173
1651
2103
2969
4778
5850
5634
5792
6199
6756
7885
8286
7740
7535
6517
5791
6433
6295
5992
5798
5056
5360
5085
4593
4798
3920
3282
2886
2934
3285
3525
1627
-2092
-4258
-4253
-2928
-1473
-1560
-3061
-5858
-8721
-9123
-7266
-3734
-2062
-3988
-6787
-8262
-8953
-8155
-5947
-3468
-2575
-4273
-6197
-5875
-4902
-4473
-3251
-1801
-995
-1097
-1742
-1428
-580
-1112
-1035
357
1823
2815
2637
1695
1266
465
-5
1064
1889
1643
590
-1049
-2224
-2681
-2790
-2233
-1737
-1988
-2555
-2858
-2779
-2652
-2207
-1546
-1390
-1140
-778
-1002
-833
-495
-728
-148
348
597
1344
1083
709
1237
1596
2920
4531
4740
4962
4950
4692
5395
6397
7156
7348
6600
5575
4933
4670
4831
5199
5106
4507
4141
4205
4199
4409
4403
3761
3481
3236
3026
3463
3653
3598
2071
-677
-1943
-2327
-1473
176
112
-818
-2664
-4717
-5117
-4420
-2600
-1179
-1854
-3458
-4841
-5617
-5406
-4839
-4562
-4654
-5267
-5749
-5493
-4994
-4351
-4191
-4592
-4566
-4258
-3445
-2290
-1925
-2028
-2068
-2065
-1357
-435
-79
144
-231
-683
-475
-155
496
541
-364
-1170
-1317
-891
-436
-227
-390
-1066
-1783
-2083
-1445
-413
-251
-687
-1262
-1706
-1656
-1432
-1393
-1256
-1401
-1894
-1798
-1484
-1141
-848
-974
-731
-311
104
858
1572
2075
2415
2572
2844
3202
3346
3472
3628
3655
3535
3320
3461
4055
4363
4520
4731
4532
4658
4987
5327
6253
6678
6578
6562
6265
6130
6334
6142
5917
5145
3844
3204
3040
3431
3699
3213
2438
1328
-28
-726
-833
-761
-887
-1805
-3313
-4736
-5741
-6110
-5959
-6197
-6973
-7893
-8636
-8822
-8402
-7613
-6905
-6756
-7074
-7310
-6848
-6007
-5091
-4508
-4157
-3644
-3179
-2722
-2263
-1785
-1423
-1017
-618
-55
290
452
837
1050
1351
1794
2046
2153
1942
1472
1301
1467
1866
2100
1910
1466
845
205
-301
-344
-143
-225
-577
-1321
-1993
-1999
-1901
-1542
-1122
-1025
-985
-1186
-1170
-497
306
1084
1482
1452
1517
1488
1633
2098
2507
2801
2894
2798
3029
3476
4099
4574
4920
5288
5604
6051
6262
6446
6520
6316
6147
6128
6149
6352
6018
4767
3698
2866
2838
3478
3627
3103
2163
531
-927
-1187
-1038
-605
-836
-2307
-4020
-5254
-5814
-5837
-5736
-6100
-6910
-7747
-8404
-8268
-7590
-7220
-7035
-6888
-6869
-6544
-5972
-5569
-5095
-4772
-4469
-3789
-3036
-2637
-2383
-2130
-1821
-1233
-597
-99
424
812
830
1136
1706
2197
2614
2622
2396
2504
2709
2773
2815
2636
2315
2249
1962
1735
1682
1302
743
171
-53
7
68
-12
-381
-724
-919
-969
-464
-60
2
-70
-287
-195
198
488
735
902
785
917
1254
1611
2080
2156
2300
2791
3079
3624
4187
4552
4844
4986
5367
5900
6371
6276
5824
5572
5497
5786
6230
5654
4647
3504
2488
2759
3302
3235
2708
1306
-593
-1494
-1575
-1127
-729
-1698
-3584
-5066
-5948
-6026
-5587
-5658
-6428
-7430
-8299
-8314
-7366
-6769
-6666
-6750
-6906
-6710
-5986
-5442
-4965
-4694
-4743
-4374
-3602
-2767
-2229
-1852
-1689
-1398
-950
-471
202
1029
1466
1746
2031
2093
2371
2586
2600
2827
2843
2447
2301
1980
1726
1720
1328
819
363
-186
-373
-274
-383
-618
-1134
-1604
-1626
-1340
-1047
-976
-1054
-1391
-1646
-1293
-721
40
595
485
506
601
873
1626
2218
2739
3274
3394
3593
3932
4360
4869
5281
5619
6000
6157
6370
6740
6775
7020
7087
6822
6816
6815
6558
6700
6003
4895
4360
3766
3724
3752
3058
2159
1175
-395
-1372
-1554
-1657
-1902
-2859
-4464
-5593
-6268
-6730
-6735
-6857
-7326
-8110
-8688
-8862
-8368
-7882
-7757
-7717
-7650
-7554
-7003
-6280
-5777
-5258
-4856
-4278
-3508
-2805
-2283
-1613
-1266
-886
-321
297
1052
1637
1792
1988
2134
2111
2316
2523
2706
2803
2505
1982
1616
1305
1161
1089
855
351
-271
-905
-1215
-1135
-1121
-1298
-1653
-2112
-2310
-2192
-1994
-1738
-1570
-1590
-1605
-1340
-785
-90
395
634
835
1079
1375
1762
2254
2725
3084
3237
3423
3713
4026
4420
4780
5240
5732
5883
6068
6415
6651
6942
7028
6965
6944
6696
6302
6053
5800
5261
4616
3924
3341
2978
2537
1707
923
174
-711
-1240
-1679
-2197
-2581
-3333
-4318
-4938
-5603
-6073
-6421
-7027
-7484
-7866
-8216
-8284
-8235
-8125
-8032
-7907
-7632
-7260
-6623
-5942
-5369
-4733
-4186
-3546
-2636
-2022
-1382
-880
-662
-232
266
857
1505
1822
1854
1918
1865
1951
2226
2416
2458
2158
1646
1345
1291
1298
1204
949
420
-293
-849
-1013
-958
-1006
-1369
-1872
-2242
-2399
-2306
-1974
-1624
-1548
-1655
-1714
-1409
-770
-167
215
420
477
601
1005
1535
1953
2205
2262
2484
2916
3288
3773
4182
4443
4709
4926
5246
5659
6035
6368
6605
6771
6736
6559
6461
6345
6265
6265
6037
5662
4974
4020
3471
3318
3316
3178
2621
1694
781
-95
-703
-931
-1253
-1797
-2756
-3917
-4836
-5462
-5984
-6358
-6677
-7075
-7501
-7822
-7865
-7659
-7417
-7208
-6915
-6531
-6131
-5650
-5110
-4637
-4146
-3668
-3072
-2330
-1729
-1393
-1112
-928
-525
6
561
1167
1507
1420
1295
1303
1444
1734
1777
1679
1399
936
560
260
30
-255
-724
-1174
-1530
-1729
-1856
-2072
-2322
-2603
-2790
-2673
-2392
-2081
-1980
-2139
-2202
-2057
-1580
-881
-342
-56
33
95
479
1036
1615
2155
2458
2732
3016
3383
3869
4273
4482
4691
4952
5255
5494
5523
5480
5432
5499
5658
5887
6070
5929
5665
5378
5245
5329
5364
5293
5088
4663
4068
3583
3200
2932
2737
2367
1826
1249
535
-252
-796
-1239
-1604
-1963
-2613
-3346
-3956
-4526
-4957
-5238
-5498
-5700
-5941
-6178
-6269
-6219
-6204
-6195
-6078
-5880
-5590
-5145
-4795
-4494
-4265
-4185
-3794
-3226
-2590
-1993
-1680
-1571
-1447
-1335
-972
-357
133
325
163
-106
-277
-314
-124
86
45
-196
-610
-918
-967
-926
-895
-946
-1102
-1279
-1333
-1271
-1071
-956
-935
-884
-757
-512
-270
47
268
421
738
1122
1631
2192
2488
2732
2898
3016
3343
3768
4148
4407
4384
4212
4200
4328
4518
4660
4624
4439
4186
4062
4101
4220
4293
4144
3940
3762
3695
3766
3755
3679
3526
3355
3239
3205
3287
3133
2711
2213
1783
1585
1679
1663
1369
933
236
-416
-815
-953
-1019
-1209
-1782
-2543
-3124
-3590
-3811
-3954
-4243
-4579
-4950
-5272
-5355
-5279
-5244
-5241
-5240
-5249
-5144
-4940
-4679
-4389
-4150
-3901
-3590
-3243
-2975
-2773
-2592
-2417
-2211
-2081
-1908
-1713
-1542
-1399
-1348
-1269
-1284
-1312
-1315
-1287
-1184
-1150
-1159
-1213
-1309
-1374
-1350
-1260
-1130
-1040
-1031
-952
-821
-627
-357
-44
243
437
557
732
1049
1403
1782
2049
2220
2380
2507
2705
2922
3146
3261
3226
3179
3190
3257
3398
3469
3384
3309
3153
3084
3163
3200
3281
3265
3132
3149
3209
3336
3497
3558
3562
3508
3481
3619
3851
4039
4119
4059
4029
3992
3987
4050
3955
3721
3289
2879
2657
2478
2227
1801
1216
599
-6
-508
-838
-1216
-1769
-2438
-3104
-3612
-3965
-4274
-4612
-4985
-5431
-5838
-6067
-6119
-6109
-6162
-6290
-6409
-6414
-6320
-6112
-5852
-5678
-5576
-5454
-5205
-4805
-4439
-4168
-3981
-3781
-3577
-3330
-2986
-2639
-2334
-2177
-2123
-1966
-1786
-1620
-1441
-1356
-1282
-1212
-1156
-982
-791
-679
-602
-579
-513
-394
-233
-14
167
281
334
418
575
782
981
1124
1231
1327
1453
1620
1876
2130
2318
2446
2587
2749
2955
3198
3383
3586
3683
3770
3928
4066
4256
4369
4434
4546
4634
4735
4861
4979
5070
5126
5146
5217
5250
5246
5176
5050
4971
4824
4723
4614
4416
4114
3737
3365
3090
2846
2566
2204
1755
1261
774
374
1
-362
-778
-1281
-1746
-2161
-2565
-2891
-3264
-3632
-4000
-4378
-4607
-4822
-5010
-5196
-5453
-5619
-5721
-5726
-5652
-5628
-5601
-5579
-5531
-5367
-5143
-4957
-4745
-4627
-4478
-4265
-4036
-3731
-3520
-3297
-3110
-2903
-2647
-2390
-2098
-1877
-1728
-1577
-1405
-1181
-948
-809
-734
-663
-646
-554
-456
-374
-277
-304
-313
-265
-177
-40
25
93
150
218
373
517
704
873
959
1099
1255
1462
1734
1925
2129
2319
2475
2703
2937
3168
3394
3536
3693
3811
3942
4074
4140
4225
4211
4176
4147
4078
4058
3987
3845
3712
3522
3363
3259
3083
2970
2799
2552
2380
2171
2070
1968
1813
1721
1548
1396
1297
1168
1122
1015
882
780
626
536
448
369
295
172
19
-140
-256
-343
-485
-661
-865
-1108
-1282
-1443
-1607
-1734
-1971
-2211
-2449
-2680
-2842
-3015
-3121
-3247
-3394
-3542
-3688
-3742
-3785
-3834
-3863
-3924
-3971
-3941
-3960
-3899
-3827
-3831
-3751
-3724
-3641
-3515
-3472
-3366
-3254
-3123
-2929
-2787
-2641
-2488
-2376
-2183
-1982
-1768
-1521
-1349
-1113
-894
-665
-370
-128
120
374
620
928
1231
1525
1841
2099
2339
2586
2815
3074
3281
3447
3587
3699
3810
3901
3987
4039
4047
4014
3916
3860
3808
3703
3626
3489
3373
3272
3086
2949
2810
2647
2513
2342
2193
2065
1904
1765
1623
1513
1459
1364
1329
1261
1179
1169
1107
1078
1064
977
955
905
827
821
750
705
636
520
444
356
317
252
154
95
-25
-127
-185
-260
-291
-348
-479
-561
-629
-701
-738
-883
-1008
-1121
-1292
-1368
-1457
-1575
-1683
-1860
-2040
-2147
-2304
-2424
-2543
-2754
-2890
-3067
-3236
-3343
-3529
-3661
-3789
-3950
-4012
-4146
-4231
-4242
-4300
-4235
-4173
-4104
-3921
-3819
-3655
-3414
-3220
-2867
-2560
-2287
-1921
-1636
-1285
-906
-594
-188
152
444
815
1077
1371
1644
1817
2081
2257
2383
2543
2594
2684
2742
2735
2790
2753
2668
2597
2468
2405
2329
2204
2141
2011
1907
1850
1757
1759
1718
1663
1668
1633
1677
1713
1734
1787
1805
1869
1917
1944
2033
2085
2182
2274
2276
2329
2357
2418
2467
2463
2471
2431
2380
2304
2182
2096
1981
1840
1712
1523
1387
1197
985
826
614
429
205
-29
-207
-433
-611
-773
-1006
-1137
-1364
-1537
-1644
-1882
-1972
-2140
-2304
-2330
-2518
-2602
-2668
-2852
-2812
-2938
-2994
-2921
-3054
-2963
-2976
-3047
-2880
-2930
-2846
-2708
-2759
-2553
-2523
-2481
-2263
-2279
-2087
-1920
-1860
-1593
-1543
-1439
-1249
-1250
-1008
-883
-784
-526
-541
-418
-332
-322
-87
-53
21
134
73
178
213
239
414
394
431
474
426
559
568
623
742
687
769
769
791
925
909
1003
1059
1073
1188
1189
1281
1365
1373
1479
1486
1579
1708
1720
1831
1840
1842
1930
1865
1950
1999
1937
2006
1888
1856
1875
1747
1784
1686
1568
1567
1378
1363
1295
1109
1077
836
700
630
416
346
146
-43
-141
-389
-488
-634
-840
-917
-1147
-1272
-1372
-1573
-1595
-1727
-1847
-1885
-2049
-2033
-2087
-2178
-2144
-2258
-2263
-2242
-2299
-2174
-2174
-2168
-2078
-2122
-1994
-1918
-1906
-1731
-1707
-1623
-1480
-1472
-1264
-1152
-1107
-922
-926
-812
-642
-644
-438
-367
-340
-136
-140
13
163
145
329
362
445
660
664
842
965
968
1150
1153
1249
1434
1397
1572
1646
1635
1835
1785
1887
2019
1950
2147
2146
2168
2336
2240
2332
2340
2251
2353
2254
2225
2252
2104
2124
2050
1925
1942
1776
1692
1602
1407
1350
1164
1003
884
664
542
365
168
26
-200
-382
-539
-756
-916
-1104
-1296
-1440
-1612
-1749
-1873
-1984
-2082
-2196
-2290
-2373
-2433
-2468
-2489
-2499
-2507
-2502
-2485
-2451
-2418
-2377
-2310
-2238
-2178
-2098
-2022
-1923
-1803
-1717
-1604
-1508
-1429
-1328
-1264
-1169
-1059
-1008
-893
-824
-776
-654
-648
-565
-456
-423
-298
-269
-244
-142
-132
-48
40
66
185
236
296
436
468
578
696
738
896
957
1050
1197
1234
1389
1516
1581
1761
1829
1925
2073
2079
2205
2274
2315
2471
2462
2522
2594
2549
2644
2647
2614
2677
2577
2560
2534
2406
2420
2311
2215
2175
2008
1966
1852
1681
1625
1406
1294
1177
963
898
697
539
425
210
126
-28
-182
-235
-386
-462
-552
-708
-740
-856
-936
-959
-1096
-1109
-1151
-1233
-1188
-1266
-1285
-1265
-1346
-1295
-1340
-1363
-1316
-1389
-1365
-1371
-1416
-1366
-1417
-1449
-1446
-1536
-1526
-1550
-1613
-1596
-1683
-1720
-1744
-1831
-1837
-1904
-1938
-1930
-1999
-1989
-2003
-2034
-2010
-2050
-2028
-2001
-2000
-1929
-1909
-1837
-1751
-1690
-1539
-1442
-1292
-1124
-1010
-826
-681
-522
-316
-173
21
219
373
605
767
949
1167
1311
1538
1688
1806
1985
2063
2220
2358
2425
2566
2581
2619
2680
2677
2754
2738
2704
2704
2625
2588
2525
2416
2362
2235
2114
2018
1842
1760
1633
1472
1388
1204
1080
939
739
655
496
375
300
124
45
-68
-206
-245
-366
-442
-501
-611
-629
-701
-769
-762
-865
-871
-888
-979
-944
-1022
-1034
-987
-1058
-1020
-1056
-1103
-1031
-1108
-1090
-1062
-1144
-1084
-1133
-1160
-1109
-1188
-1141
-1143
-1201
-1135
-1201
-1182
-1126
-1196
-1117
-1125
-1134
-1040
-1078
-1009
-956
-961
-838
-830
-768
-649
-641
-505
-437
-391
-261
-242
-125
-34
-7
125
177
259
364
397
508
579
628
732
757
827
877
870
936
944
967
993
956
962
920
894
895
845
833
790
728
697
617
567
536
455
407
312
246
214
141
108
41
-16
-55
-135
-181
-227
-281
-317
-356
-379
-392
-436
-453
-466
-470
-455
-460
-442
-455
-462
-460
-465
-460
-466
-472
-448
-440
-423
-396
-403
-366
-379
-386
-356
-383
-375
-370
-394
-377
-390
-432
-420
-442
-455
-440
-491
-482
-495
-533
-500
-530
-523
-501
-535
-506
-499
-487
-438
-445
-423
-370
-371
-305
-265
-240
-157
-147
-75
6
46
150
207
263
367
403
477
537
556
648
679
702
762
773
814
850
853
906
927
945
979
975
996
981
955
962
946
932
908
871
845
817
808
793
765
738
687
651
621
576
552
513
479
450
388
379
361
331
321
279
250
226
184
180
166
132
116
77
65
58
14
-3
-33
-60
-63
-99
-115
-146
-201
-227
-268
-296
-329
-387
-408
-458
-513
-553
-610
-661
-723
-766
-813
-865
-892
-929
-958
-996
-1034
-1058
-1087
-1110
-1130
-1161
-1166
-1159
-1152
-1123
-1122
-1110
-1068
-1045
-983
-924
-872
-810
-758
-674
-594
-524
-437
-368
-291
-197
-132
-42
38
104
215
291
373
468
518
592
657
709
787
828
868
921
947
983
1017
1024
1047
1038
1023
1037
1007
999
993
950
933
903
884
865
832
813
789
740
711
686
644
630
599
569
534
488
442
406
381
359
358
317
305
303
282
286
250
220
193
161
165
160
133
113
75
50
42
15
7
-40
-78
-83
-135
-158
-199
-254
-255
-316
-356
-375
-429
-446
-487
-533
-559
-620
-670
-687
-733
-760
-794
-838
-843
-878
-895
-888
-922
-924
-914
-924
-903
-907
-905
-864
-854
-819
-785
-775
-716
-674
-633
-581
-562
-507
-461
-408
-337
-308
-255
-206
-157
-89
-28
23
73
114
160
198
243
311
356
418
460
491
528
556
599
629
640
656
664
695
727
735
741
741
740
745
760
764
764
760
754
746
728
722
718
711
708
699
678
663
636
611
605
562
535
526
506
479
440
408
378
356
342
315
279
254
220
183
144
115
77
28
1
-35
-76
-105
-145
-174
-210
-260
-283
-315
-353
-378
-418
-441
-459
-494
-502
-531
-575
-595
-625
-637
-650
-682
-687
-713
-728
-739
-769
-768
-776
-783
-774
-779
-763
-743
-748
-718
-702
-699
-678
-667
-644
-635
-623
-574
-538
-512
-466
-445
-410
-372
-338
-283
-257
-219
-163
-136
-96
-52
-22
20
64
114
158
180
212
266
296
335
376
399
425
447
482
518
539
577
599
618
637
656
667
669
679
685
689
683
696
704
700
705
690
692
698
686
673
659
629
610
589
555
541
515
484
465
428
400
365
319
293
242
195
162
115
77
53
13
-28
-74
-113
-132
-170
-205
-232
-256
-291
-337
-367
-388
-410
-447
-467
-475
-510
-519
-529
-552
-558
-574
-572
-584
-603
-590
-610
-619
-604
-600
-592
-599
-595
-570
-578
-557
-531
-533
-495
-478
-461
-428
-433
-410
-368
-354
-316
-301
-276
-232
-222
-183
-151
-144
-95
-64
-35
14
42
90
115
133
181
205
236
277
298
336
349
378
416
417
456
488
504
539
555
584
610
610
647
671
667
682
688
701
701
691
695
681
660
671
659
634
625
599
567
539
516
498
477
451
420
378
330
299
269
228
196
165
109
56
13
-24
-72
-109
-133
-170
-202
-237
-257
-285
-324
-352
-373
-400
-434
-453
-475
-494
-516
-535
-537
-551
-553
-566
-580
-578
-583
-587
-596
-598
-592
-578
-573
-566
-564
-549
-529
-526
-506
-494
-481
-454
-443
-428
-425
-416
-378
-352
-314
-288
-264
-242
-222
-205
-188
-166
-141
-96
-54
-14
-6
0
28
50
78
125
152
180
208
247
276
287
313
346
372
405
436
438
456
464
483
494
501
543
559
583
607
601
600
590
598
616
613
631
643
612
605
610
594
581
559
552
540
499
477
452
415
397
374
373
354
315
286
245
194
145
113
88
57
36
0
-38
-91
-131
-172
-209
-232
-269
-299
-337
-365
-394
-428
-459
-484
-489
-509
-517
-549
-584
-605
-629
-625
-634
-625
-618
-635
-634
-650
-655
-641
-625
-613
-621
-614
-615
-611
-611
-585
-561
-545
-513
-497
-472
-463
-447
-429
-407
-384
-361
-300
-260
-221
-187
-151
-117
-103
-61
-6
32
59
103
141
159
200
244
297
341
379
415
447
474
486
537
568
600
624
638
671
672
685
687
690
693
706
709
702
711
690
687
682
679
671
650
640
627
596
555
541
501
468
444
404
378
330
309
270
201
169
119
85
57
19
-31
-72
-112
-136
-174
-225
-228
-274
-310
-330
-381
-415
-462
-484
-505
-536
-553
-570
-597
-623
-633
-665
-670
-688
-702
-683
-694
-670
-678
-678
-651
-662
-648
-632
-616
-582
-559
-552
-518
-501
-487
-445
-421
-362
-340
-307
-259
-249
-209
-163
-108
-60
-33
3
27
56
94
142
174
213
254
290
327
335
369
380
398
424
449
483
484
507
506
509
504
515
530
532
547
550
550
526
533
525
508
493
483
481
449
433
402
360
328
313
304
279
260
231
198
163
129
116
89
73
56
13
-14
-53
-77
-104
-136
-153
-177
-209
-239
-251
-270
-277
-303
-312
-302
-340
-339
-351
-358
-367
-391
-385
-374
-377
-357
-355
-368
-361
-360
-349
-332
-322
-289
-291
-278
-248
-256
-239
-208
-191
-173
-154
-127
-109
-110
-95
-71
-69
-51
-37
-8
16
24
50
60
65
92
104
124
136
157
180
166
185
188
193
207
224
225
224
225
203
200
190
215
218
227
231
223
238
220
222
217
214
219
216
194
197
188
173
179
168
170
162
160
152
128
107
97
78
85
80
60
53
37
32
8
5
-5
-23
-12
-18
-39
-39
-61
-69
-61
-87
-71
-84
-91
-90
-99
-103
-110
-118
-113
-118
-126
-112
-131
-132
-141
-140
-135
-133
-121
-126
-127
-126
-123
-125
-117
-114
-116
-121
-114
-96
-103
-108
-101
-95
-87
-83
-82
-72
-80
-76
-62
-58
-56
-51
-42
-37
-21
-22
-16
-20
-12
-3
-3
14
11
19
24
34
36
27
39
38
48
61
56
68
72
73
86
97
100
117
123
131
130
122
128
116
131
136
128
143
133
141
151
151
150
146
139
149
137
124
135
127
129
126
123
121
98
89
86
72
79
78
62
45
36
29
22
17
0
3
-18
-19
-28
-29
-30
-45
-37
-45
-35
-32
-27
-37
-41
-44
-41
-38
-42
-29
-36
-54
-65
-71
-84
-91
-90
-91
-86
-83
-76
-78
-77
-70
-73
-66
-56
-58
-64
-60
-71
-82
-94
-95
-101
-105
-91
-91
-99
-98
-101
-107
-117
-112
-105
-106
-97
-88
-100
-105
-92
-94
-87
-89
-88
-86
-86
-83
-80
-63
-62
-50
-36
-34
-38
-34
-29
-40
-30
-12
-3
11
27
37
39
44
39
35
50
65
81
86
84
86
91
104
121
116
123
113
100
106
85
100
101
88
95
81
74
83
70
75
83
78
100
83
87
91
75
74
61
60
60
44
36
55
41
43
50
49
49
35
45
50
38
36
45
34
33
37
44
48
35
33
23
8
4
1
-15
-28
-32
-28
-29
-26
-31
-39
-45
-48
-40
-46
-53
-64
-59
-71
-73
-68
-70
-73
-81
-77
-90
-99
-102
-101
-98
-92
-85
-78
-62
-68
-71
-70
-80
-77
-77
-72
-63
-56
-57
-50
-41
-39
-17
-26
-15
2
-4
12
20
35
39
29
38
32
16
24
28
2
18
20
20
38
28
29
20
20
31
29
31
25
20
16
19
14
21
14
15
36
19
23
18
16
16
14
31
25
27
34
41
40
49
46
40
41
23
32
33
48
50
46
35
32
45
33
44
33
28
35
43
52
46
32
32
18
19
32
8
17
9
-15
-12
-4
-13
-15
-28
-23
-25
-41
-30
-54
-52
-53
-46
-33
-34
-36
-45
-40
-47
-42
-49
-39
-44
-43
-39
-45
-23
-28
-31
-30
-14
2
-1
4
0
7
-5
-10
4
10
22
11
14
13
24
26
24
32
28
46
31
49
46
35
37
44
48
37
50
44
39
17
15
1
-3
6
3
21
13
4
-1
-9
0
2
3
22
9
19
6
0
7
6
13
8
17
8
15
1
26
13
8
14
11
34
8
26
6
-10
0
-8
1
-4
-6
0
-13
-16
-6
-18
-21
-34
-37
-32
-34
-32
-36
-59
-46
-54
-60
-39
-62
-42
-73
-77
-67
-82
-66
-77
-66
-63
-56
-65
-55
-64
-43
-36
-36
-5
-23
-4
-20
-15
-21
-24
-7
-4
0
7
6
-7
9
-1
15
19
7
14
2
14
15
9
21
17
20
38
18
22
20
-8
1
-8
4
24
19
37
48
36
43
36
36
45
45
67
59
52
50
40
42
35
30
49
42
43
42
32
45
27
51
65
60
61
44
48
46
44
42
42
42
55
40
37
45
29
35
28
41
49
43
48
38
31
22
-1
-1
-4
-21
-22
-22
-21
-40
-48
-47
-51
-39
-33
-33
-43
-34
-45
-36
-41
-49
-45
-47
-31
-37
-41
-59
-55
-63
-55
-56
-62
-54
-78
-55
-65
-69
-55
-44
-28
-25
-33
-35
-38
-41
-20
-37
-16
-15
-29
-14
-37
-26
-21
-42
-9
-17
-23
9
-14
5
-10
-16
13
-16
7
5
-18
-6
-17
-7
17
-7
-4
-14
-18
15
5
28
32
27
47
35
55
57
39
47
22
27
42
34
58
60
57
54
35
38
46
23
39
27
31
55
52
70
42
32
34
32
32
22
8
3
-8
-10
6
-6
9
-5
-8
-4
-26
-16
-26
-35
-24
-24
-29
-19
-38
-32
-54
-62
-32
-53
-31
-30
-47
-25
-28
-17
-16
-37
-11
-15
-15
10
-22
-5
-3
-17
-2
-27
-23
-20
-39
-9
-10
-20
-7
-29
-8
-12
-22
9
-19
-5
2
-16
12
-7
2
20
-13
3
-13
-25
7
-20
-3
13
-9
31
12
2
20
-20
-4
-2
-12
17
-3
-1
8
-17
17
3
1
24
-7
7
7
8
24
3
12
11
-5
22
19
15
17
6
22
12
4
19
15
18
15
9
12
3
8
3
-4
4
-5
-10
-9
-17
-19
-31
-27
-6
-12
-2
-4
-2
10
11
21
5
7
12
2
-4
-9
-18
-14
-22
-25
-23
-28
-7
-26
-30
-26
-37
-24
-18
-23
8
17
3
21
-7
-5
-15
-34
-1
-12
-8
8
-4
-3
2
-19
-12
-24
-14
7
-17
3
4
1
20
15
18
19
5
18
12
3
19
17
21
18
15
14
2
-1
17
30
32
45
35
32
38
21
21
9
8
21
11
23
30
20
16
3
-2
14
1
11
16
-1
27
21
13
30
4
4
-1
-30
-5
-24
-24
-6
-26
-5
-19
-32
-26
-51
-51
-51
-61
-43
-39
-40
-32
-51
-40
-33
-50
-43
-42
-47
-37
-35
-30
-28
-42
-31
-27
-35
-18
-21
-19
-9
-13
6
7
-4
9
-7
-16
8
4
11
9
-6
13
4
9
25
1
13
27
20
37
36
27
31
22
26
40
19
28
35
37
64
44
40
39
18
32
30
22
37
26
38
49
40
56
45
42
46
49
71
62
61
68
53
64
49
37
46
24
35
33
18
36
23
16
14
-15
-7
-13
-29
-5
-11
-5
4
-15
-20
-29
-38
-31
-36
-36
-28
-24
-18
-16
-26
-37
-43
-47
-31
-25
-12
-2
-12
-4
4
-7
-11
-23
-26
-16
-21
-12
2
-9
-9
-4
-14
-14
-26
-26
-14
-30
-16
-9
-16
7
-4
-3
6
-9
14
12
-7
2
-22
-19
-7
-22
-9
-27
-32
-18
-24
-5
-4
-21
-11
-17
-10
2
-10
4
4
12
22
14
26
22
12
25
14
17
24
13
30
18
13
15
-5
6
19
18
31
33
34
38
19
23
18
-1
8
2
-1
-1
-9
14
10
6
15
-1
6
8
-2
8
-2
-2
9
4
10
-2
-26
-24
-24
-20
-6
-10
-8
-13
-20
