15
15
17
12
13
13
8
16
9
10
12
9
12
10
12
21
21
28
29
27
27
25
30
27
26
27
24
24
23
18
25
22
20
21
17
23
25
29
27
23
20
11
9
11
11
21
23
24
29
27
28
29
27
27
26
19
14
4
-3
-9
-11
-10
-12
-7
-7
-8
-5
0
0
-2
-5
-10
-17
-17
-17
-21
-23
-26
-24
-23
-22
-20
-18
-17
-13
-15
-13
-12
-13
-9
-10
-12
-13
-19
-17
-15
-17
-12
-13
-15
-13
-18
-16
-19
-19
-17
-18
-19
-17
-19
-23
-25
-29
-21
-18
-14
-5
0
3
6
6
8
10
10
12
11
11
7
2
0
0
-2
0
3
5
9
10
13
14
15
25
23
22
24
25
24
22
21
20
19
18
12
10
9
3
4
8
9
13
15
19
19
16
24
23
25
28
25
29
21
19
15
8
12
7
9
13
5
8
3
6
9
5
8
6
5
10
12
15
15
12
10
3
-2
-6
-8
-8
-12
-14
-18
-25
-30
-36
-36
-32
-31
-29
-31
-32
-30
-30
-31
-30
-28
-26
-24
-25
-24
-26
-24
-16
-13
-11
-12
-17
-19
-28
-20
-15
-8
-2
-6
-2
-8
-14
-12
-17
-15
-10
-11
-11
-21
-28
-31
-29
-24
-23
-12
-5
-7
-19
-25
-25
-28
-22
-17
-21
-12
-1
5
13
9
9
7
4
13
15
24
31
39
49
39
39
39
40
49
59
70
76
82
82
86
85
90
97
90
85
82
87
89
72
68
60
58
67
67
78
77
85
85
58
56
56
76
106
107
122
127
133
150
148
156
152
146
146
137
131
125
118
127
132
129
137
133
140
165
179
180
173
176
182
172
163
164
150
140
129
109
89
76
53
23
18
10
9
1
-33
-47
-57
-67
-58
-72
-69
-60
-95
-103
-133
-148
-136
-149
-131
-138
-142
-125
-148
-145
-171
-207
-208
-237
-218
-190
-184
-164
-198
-233
-274
-331
-353
-372
-368
-338
-328
-339
-365
-403
-432
-440
-436
-421
-399
-406
-416
-420
-412
-397
-397
-386
-370
-360
-322
-313
-330
-328
-343
-350
-353
-386
-407
-417
-379
-305
-241
-197
-191
-208
-278
-342
-381
-354
-268
-173
-88
-38
-64
-130
-197
-231
-182
-109
-23
56
73
-8
-167
-304
-282
-96
182
377
367
251
53
-125
-251
-200
112
486
754
677
350
46
-86
7
196
369
559
661
657
580
484
505
554
625
660
603
549
545
547
529
553
608
648
621
527
375
289
272
274
271
225
256
266
246
192
130
169
213
236
205
98
46
32
37
115
163
221
249
251
253
169
124
101
119
183
182
175
174
195
253
251
190
112
58
39
13
4
7
25
51
60
61
56
63
46
34
62
57
67
147
252
354
432
502
536
548
589
598
655
715
769
824
824
839
891
946
952
944
920
824
649
433
266
244
237
109
-125
-429
-603
-786
-1014
-1160
-1369
-1577
-1681
-1721
-1790
-1915
-2009
-2036
-2003
-1923
-1771
-1565
-1440
-1359
-1246
-1094
-859
-611
-374
-134
67
201
253
269
320
423
545
628
567
357
170
86
40
-27
-112
-227
-451
-716
-982
-1204
-1281
-1288
-1306
-1356
-1423
-1462
-1500
-1485
-1371
-1182
-905
-653
-399
-156
57
356
670
1012
1325
1620
1926
2175
2446
2682
2901
3133
3241
3225
3118
2985
2780
2451
2080
1644
1118
646
200
-310
-800
-1274
-1754
-2228
-2617
-2820
-2950
-3043
-3047
-3035
-3018
-2862
-2606
-2302
-1939
-1493
-1045
-683
-344
-4
374
758
1185
1589
1800
1975
2124
2171
2220
2219
2226
2225
2146
2039
1842
1647
1424
1138
820
379
-43
-473
-974
-1440
-1915
-2293
-2603
-2870
-3010
-3182
-3306
-3292
-3369
-3375
-3249
-3097
-2840
-2572
-2206
-1847
-1537
-1010
-609
-268
229
639
1064
1430
1769
2123
2369
2612
2786
2810
2817
2861
2902
2872
2845
2875
2814
2723
2639
2483
2367
2313
2236
2101
1853
1557
1118
542
12
-528
-1015
-1449
-1916
-2388
-2817
-3162
-3540
-3834
-4008
-4068
-4020
-3898
-3664
-3419
-3087
-2612
-2143
-1604
-1061
-484
187
735
1287
1804
2242
2707
3047
3257
3356
3374
3347
3163
2920
2682
2386
1990
1569
1079
580
112
-376
-866
-1482
-2035
-2592
-3084
-3454
-3822
-3984
-4087
-4081
-3937
-3818
-3596
-3280
-2934
-2546
-2187
-1669
-1086
-552
77
683
1245
1864
2458
3039
3602
4131
4653
5012
5279
5455
5540
5633
5619
5550
5449
5271
5160
4982
4742
4457
4161
3912
3577
3136
2482
1735
867
51
-723
-1591
-2342
-3102
-3730
-4308
-4813
-4975
-5004
-4916
-4646
-4443
-4156
-3802
-3405
-2854
-2279
-1626
-898
-218
434
1148
1816
2469
3039
3473
3765
3878
3887
3799
3518
3216
2889
2462
2016
1435
888
355
-238
-705
-1222
-1802
-2351
-2967
-3528
-4040
-4521
-4864
-5136
-5356
-5474
-5496
-5416
-5237
-4924
-4596
-4176
-3638
-3180
-2586
-2048
-1507
-842
-317
320
952
1527
2113
2652
3187
3582
3942
4341
4584
4730
4837
4824
4727
4573
4422
4228
4062
3902
3717
3442
3074
2575
1911
1213
394
-440
-1277
-2165
-3062
-3823
-4616
-5322
-5787
-6096
-6185
-6110
-5829
-5454
-5052
-4494
-3918
-3301
-2560
-1914
-1232
-580
-8
611
1226
1826
2431
2982
3371
3685
3887
4011
4012
3861
3667
3314
2841
2251
1612
890
237
-380
-999
-1539
-2051
-2542
-3027
-3407
-3798
-4163
-4392
-4665
-4811
-4909
-4956
-4845
-4781
-4451
-4134
-3683
-3038
-2467
-1753
-1090
-370
337
930
1682
2244
2864
3533
3996
4572
4980
5351
5809
6117
6486
6667
6723
6722
6594
6452
6109
5771
5301
4658
3930
3203
2299
1445
440
-585
-1494
-2513
-3296
-4188
-4888
-5442
-5904
-6027
-6085
-5922
-5535
-5142
-4425
-3836
-3197
-2416
-1822
-1067
-474
85
666
1219
1777
2384
2892
3417
3972
4369
4672
4827
4760
4631
4217
3905
3449
2704
2181
1370
677
-87
-835
-1356
-2033
-2500
-3023
-3516
-3826
-4310
-4460
-4759
-4946
-5139
-5406
-5324
-5368
-5150
-4945
-4524
-3955
-3432
-2715
-2093
-1233
-563
199
1071
1508
2434
2823
3313
4175
4160
4892
5150
5560
5918
5826
6258
6060
6004
5899
5628
5222
4823
4114
3331
2485
1446
692
-320
-1284
-1975
-3331
-3849
-4594
-5278
-5361
-5821
-5786
-5643
-5602
-5188
-4809
-4337
-3623
-3181
-2453
-1750
-1124
-633
250
446
1389
1673
2153
2882
2866
3559
3645
3904
4216
4152
4110
4170
3691
3513
2990
2429
1797
995
390
-353
-931
-1509
-2071
-2498
-2853
-3367
-3639
-3913
-4150
-4338
-4503
-4486
-4839
-4626
-4769
-4547
-4325
-3966
-3389
-2938
-2231
-1606
-784
-133
835
1587
2290
2975
3635
4097
4708
4881
5438
5535
5673
5970
5864
6112
5970
5939
5866
5514
5074
4673
3843
3251
2474
1424
726
-510
-1557
-2397
-3556
-4127
-4775
-5129
-5220
-5492
-5340
-5234
-5057
-4579
-4197
-3717
-3039
-2545
-1815
-1217
-673
3
526
1055
1627
2027
2439
2863
3091
3398
3495
3684
3677
3631
3398
3034
2636
2129
1613
920
312
-395
-1169
-1669
-2304
-2848
-3102
-3599
-3812
-3932
-4166
-4179
-4160
-4311
-4071
-4177
-3974
-3833
-3856
-3526
-3306
-3060
-2514
-2100
-1593
-946
-526
200
701
1411
2085
2770
3398
4069
4551
4955
5248
5380
5585
5534
5435
5466
5187
5005
4790
4289
4041
3263
2766
2042
1204
610
-364
-1172
-2120
-3169
-3868
-4661
-5157
-5517
-5703
-5673
-5561
-5314
-4846
-4166
-3723
-2687
-2201
-1562
-829
-613
178
149
720
1115
1133
1865
1849
2269
2644
2461
3156
3012
3184
3376
2977
3190
2624
2346
1991
1235
762
13
-761
-1333
-1999
-2517
-2795
-3131
-3413
-3559
-3809
-3823
-3761
-3792
-3477
-3497
-3390
-3238
-3270
-3096
-2852
-2559
-2203
-1794
-1475
-898
-381
242
1004
1506
2228
2865
3318
4013
4469
4928
5324
5646
5831
6027
6105
6015
6065
5692
5451
5064
4473
3971
3233
2503
1942
891
119
-736
-1933
-2666
-3564
-4262
-4704
-5188
-5281
-5298
-5314
-4840
-4568
-4005
-3270
-2933
-2098
-1541
-1110
-376
-57
518
945
1156
1558
1744
1958
2128
2274
2504
2497
2526
2370
2221
1980
1628
1386
960
606
189
-137
-533
-845
-1265
-1522
-1855
-2291
-2433
-2915
-3009
-3297
-3558
-3454
-3710
-3566
-3465
-3495
-3113
-3111
-2788
-2434
-2341
-1837
-1766
-1408
-1185
-946
-338
-60
753
1351
1953
2818
3374
4212
4885
5552
6172
6418
6690
6612
6556
6214
5693
5184
4369
3609
2815
2054
1365
571
-192
-810
-1606
-2212
-2758
-3115
-3480
-3829
-4145
-4223
-4423
-4309
-4120
-3821
-3451
-3027
-2443
-1984
-1324
-884
-93
314
808
1311
1507
1965
2325
2380
2859
2892
2901
3090
2734
2914
2491
2165
2056
1421
1064
729
-30
-252
-860
-1455
-1457
-2349
-2380
-2666
-3129
-3009
-3180
-3261
-2948
-3135
-2935
-2930
-3181
-2846
-3132
-2992
-2810
-2800
-2412
-2185
-2003
-1481
-1242
-830
-301
76
715
1295
1705
2519
3041
3531
4250
4692
5219
5449
5658
5827
5745
5713
5529
5277
5007
4548
4179
3574
2797
1953
957
-121
-1294
-2276
-3267
-3994
-4623
-5193
-5262
-5428
-5133
-4689
-4215
-3432
-2873
-2162
-1601
-1022
-398
-181
308
514
543
796
821
1022
1167
1340
1710
1776
2181
2286
2315
2476
2236
2256
1871
1419
1293
636
356
-7
-442
-528
-1000
-1245
-1498
-1814
-2126
-2578
-2807
-3091
-3531
-3633
-3891
-3821
-3772
-3679
-3214
-2995
-2415
-2061
-1642
-1162
-1028
-652
-404
-313
100
225
607
1193
1435
2105
2685
3154
3849
4207
4647
5101
5129
5438
5408
5305
5298
4911
4594
4294
3636
3020
2473
1564
941
77
-735
-1189
-2160
-2777
-3091
-3857
-3900
-4050
-4302
-3792
-3836
-3463
-2753
-2512
-1782
-1348
-876
-225
-43
249
490
588
757
828
977
1113
1153
1166
1353
1471
1437
1543
1411
1437
1170
812
655
199
-191
-563
-1059
-1497
-1994
-2306
-2496
-2548
-2520
-2464
-2318
-2247
-2271
-2354
-2272
-2406
-2603
-2595
-2744
-2891
-2936
-2945
-2950
-2822
-2561
-2325
-1872
-1297
-842
-282
197
799
1301
1626
2249
2696
3153
3644
4094
4532
4941
5211
5439
5700
5538
5249
5023
4382
3642
3035
2139
1517
699
-72
-659
-1427
-1803
-2356
-2850
-3060
-3587
-3631
-3805
-3766
-3579
-3687
-3096
-2964
-2510
-1751
-1443
-481
43
580
1338
1404
1887
1989
1822
1897
1631
1492
1377
1172
1224
1068
1102
1061
1156
1065
1026
1050
633
513
81
-102
-447
-1001
-1034
-1540
-1805
-1793
-2251
-2045
-2264
-2393
-2228
-2580
-2393
-2454
-2529
-2258
-2303
-2153
-2058
-1830
-1558
-1347
-918
-627
-152
123
368
790
932
1451
1811
2160
2706
2951
3531
3851
4057
4598
4650
4978
5094
4964
4968
4558
4276
3785
3179
2715
1931
1356
753
70
-511
-1145
-1659
-2314
-2717
-3243
-3480
-3629
-3778
-3502
-3289
-2946
-2374
-2047
-1430
-819
-331
275
643
1031
1178
1248
1228
1016
859
647
353
237
44
-68
-123
-25
-70
84
120
26
81
-209
-404
-705
-1021
-1354
-1742
-2066
-2301
-2593
-2598
-2724
-2692
-2582
-2673
-2446
-2547
-2374
-2307
-2360
-2121
-2099
-1861
-1547
-1390
-903
-651
-385
96
226
705
979
1124
1507
1607
1894
2163
2411
2772
3049
3313
3582
3802
3982
4200
4264
4327
4255
4107
3928
3614
3195
2822
2327
1752
1285
452
38
-681
-1244
-1591
-2291
-2452
-2857
-3094
-3081
-3252
-3087
-3026
-2622
-2322
-2055
-1427
-1180
-581
-258
71
607
698
1039
1182
1130
1360
1157
1247
1197
906
1018
666
639
551
201
261
-62
-231
-390
-752
-752
-1147
-1317
-1454
-1725
-1759
-1895
-1975
-2115
-2172
-2354
-2532
-2453
-2621
-2501
-2363
-2429
-2055
-2039
-1745
-1384
-1258
-807
-662
-325
-73
50
402
534
713
889
972
1183
1308
1587
1876
2213
2532
2902
3286
3561
3912
4069
4220
4254
4113
3938
3540
3117
2664
1996
1447
811
222
-332
-980
-1472
-2067
-2468
-2945
-3190
-3199
-3388
-3148
-3153
-2875
-2490
-2321
-1691
-1382
-951
-381
-338
62
92
27
170
-149
-70
-238
-448
-305
-504
-348
-287
-349
-92
-310
-194
-223
-453
-393
-599
-688
-790
-913
-966
-1249
-1281
-1410
-1563
-1602
-1698
-1723
-1781
-1743
-1786
-1725
-1620
-1701
-1548
-1536
-1514
-1148
-1244
-914
-883
-769
-599
-600
-219
-307
48
74
229
637
693
1296
1524
1979
2551
2636
3383
3538
3938
4426
4390
4934
4772
4949
4957
4581
4555
3816
3431
2852
2109
1643
826
386
-213
-822
-1094
-1574
-1673
-1896
-1847
-1607
-1710
-1213
-1105
-899
-573
-524
-58
40
279
642
570
793
818
777
802
653
584
445
258
123
-75
-303
-324
-577
-424
-618
-625
-493
-604
-463
-543
-481
-360
-465
-408
-484
-570
-527
-765
-676
-944
-1040
-1204
-1499
-1549
-1795
-1767
-1727
-1591
-1361
-1250
-983
-837
-755
-483
-481
-382
-294
-161
-50
178
393
627
1053
1237
1642
1799
2115
2414
2550
2750
2888
2999
3132
3148
3219
3194
2971
2933
2629
2436
2053
1810
1422
996
646
74
-302
-904
-1387
-1774
-2337
-2600
-2903
-3189
-3088
-3340
-2984
-2732
-2548
-1783
-1617
-896
-450
-226
402
256
418
410
85
137
-247
-453
-534
-928
-964
-1110
-1261
-1205
-1223
-1122
-1167
-1070
-1075
-1157
-1076
-1206
-1147
-1175
-1262
-1219
-1322
-1365
-1484
-1611
-1713
-1776
-1910
-2001
-2018
-2114
-2161
-2189
-2226
-2134
-2144
-1899
-1733
-1538
-1147
-1080
-672
-390
-123
323
390
791
1068
1062
1546
1474
1750
2028
1997
2480
2530
2830
3243
3331
3723
3870
4033
4064
3895
3890
3495
3278
2968
2465
2191
1626
1246
913
477
340
-107
-366
-581
-987
-1127
-1252
-1433
-1463
-1538
-1601
-1467
-1448
-1274
-1121
-1083
-855
-778
-723
-531
-537
-413
-287
-348
-125
-101
-75
72
-68
10
-88
-149
-80
-293
-274
-420
-576
-484
-666
-609
-616
-672
-608
-695
-711
-714
-756
-848
-966
-1037
-1235
-1267
-1407
-1441
-1318
-1372
-1149
-1139
-1105
-906
-1040
-810
-701
-765
-457
-509
-247
-81
58
407
546
877
1143
1334
1712
2059
2331
2710
2850
3152
3235
3299
3441
3379
3462
3295
3217
3041
2813
2609
2257
1987
1585
1100
748
293
-112
-474
-923
-1174
-1642
-1905
-2057
-2328
-2315
-2366
-2340
-2250
-2157
-1951
-1658
-1409
-1082
-770
-495
-281
-115
43
150
250
246
322
304
161
104
63
-123
-4
-84
-253
-115
-284
-208
-192
-309
-356
-509
-521
-641
-756
-872
-1128
-1318
-1608
-1816
-1992
-2171
-2126
-2221
-2147
-2112
-2028
-1818
-1777
-1467
-1325
-1239
-933
-902
-651
-383
-276
135
326
532
805
916
1146
1270
1374
1579
1637
1733
1998
2122
2307
2645
2739
3036
3257
3311
3627
3611
3668
3737
3536
3450
3150
2782
2373
1882
1311
851
370
-169
-506
-936
-1181
-1398
-1564
-1618
-1693
-1622
-1617
-1620
-1442
-1492
-1413
-1307
-1254
-1078
-971
-663
-552
-364
-175
-131
-29
23
102
118
83
-62
-125
-221
-388
-361
-459
-459
-357
-417
-358
-361
-367
-354
-369
-377
-496
-560
-765
-998
-1104
-1447
-1510
-1651
-1824
-1755
-1848
-1719
-1677
-1645
-1459
-1323
-1150
-964
-777
-708
-601
-390
-343
-128
-14
195
559
668
1049
1320
1516
1803
1881
2018
2108
2075
2180
2174
2175
2179
2163
2192
2132
2148
2166
2104
1893
1766
1507
1161
891
543
171
-203
-549
-935
-1118
-1345
-1471
-1466
-1659
-1517
-1503
-1486
-1230
-1276
-1104
-954
-922
-723
-662
-534
-443
-341
-174
-132
32
113
141
172
139
70
-32
-145
-282
-356
-498
-542
-581
-625
-626
-649
-662
-781
-890
-909
-1033
-1009
-1039
-1100
-1028
-1160
-1100
-1151
-1260
-1276
-1294
-1326
-1342
-1306
-1212
-1221
-1132
-971
-986
-808
-761
-627
-528
-425
-248
-56
153
367
699
928
1166
1349
1529
1676
1793
1945
2109
2220
2372
2489
2614
2778
2839
2956
2900
2857
2758
2528
2361
2123
1897
1655
1458
1170
942
695
386
195
-101
-391
-634
-854
-1023
-1210
-1294
-1349
-1429
-1360
-1350
-1224
-1111
-949
-722
-560
-393
-274
-127
-127
-86
-56
-126
-125
-185
-223
-234
-323
-251
-302
-377
-320
-443
-470
-568
-718
-664
-764
-804
-770
-814
-800
-799
-822
-824
-823
-809
-819
-896
-923
-933
-969
-921
-880
-793
-716
-595
-410
-280
-124
-28
113
170
161
247
222
236
333
338
408
493
604
770
912
1090
1303
1450
1540
1699
1812
1856
1944
1960
2013
1990
1936
1961
1867
1835
1768
1637
1559
1380
1180
957
724
454
197
-68
-384
-678
-976
-1171
-1391
-1522
-1523
-1545
-1521
-1369
-1292
-1130
-976
-806
-623
-578
-426
-394
-320
-236
-268
-195
-201
-237
-272
-341
-388
-453
-507
-539
-566
-648
-714
-747
-795
-825
-878
-896
-925
-969
-974
-1037
-1034
-1060
-1127
-1148
-1199
-1172
-1192
-1168
-1117
-1036
-985
-972
-839
-824
-675
-556
-443
-271
-158
5
121
209
370
450
526
613
634
799
836
923
1048
1115
1267
1333
1482
1590
1698
1829
1927
2091
2194
2285
2392
2396
2457
2385
2261
2193
2009
1917
1727
1579
1428
1146
934
651
340
48
-290
-578
-879
-1098
-1288
-1408
-1419
-1463
-1362
-1266
-1195
-1072
-949
-818
-747
-691
-668
-555
-511
-464
-387
-387
-350
-395
-434
-440
-524
-494
-500
-527
-493
-544
-499
-518
-467
-399
-438
-388
-397
-399
-360
-371
-382
-410
-451
-531
-623
-700
-721
-698
-708
-679
-636
-662
-575
-538
-510
-420
-386
-276
-188
-116
-52
-37
-2
-1
43
55
48
130
196
348
471
687
907
1087
1296
1404
1570
1677
1741
1832
1869
1935
1953
1976
2035
1987
1993
1910
1798
1714
1521
1292
1073
816
597
341
63
-198
-459
-660
-912
-1073
-1197
-1286
-1312
-1329
-1262
-1180
-1075
-1010
-1005
-935
-883
-871
-810
-775
-756
-747
-734
-739
-838
-847
-887
-970
-1001
-1017
-1035
-1035
-1048
-937
-820
-780
-663
-660
-660
-638
-680
-727
-783
-848
-894
-955
-1033
-988
-994
-970
-921
-940
-830
-831
-853
-790
-801
-698
-654
-644
-492
-386
-244
-96
13
169
211
221
323
288
295
351
349
456
569
771
1019
1221
1462
1627
1759
1890
1980
2101
2128
2191
2253
2288
2333
2335
2341
2270
2186
2041
1908
1748
1596
1482
1302
1122
903
621
347
101
-172
-429
-692
-883
-1032
-1164
-1166
-1207
-1185
-1088
-1065
-1021
-1062
-1001
-768
-574
-527
-559
-544
-484
-396
-432
-370
-274
-428
-389
-378
-419
-364
-478
-387
-273
-208
-106
-114
-63
-52
-3
-82
-76
80
7
-53
-214
-391
-479
-519
-480
-577
-673
-677
-628
-532
-419
-215
-87
-7
41
-27
-100
-219
-218
-210
-216
-262
-313
-352
-350
-226
-109
27
238
372
494
660
756
1003
1110
1265
1462
1505
1643
1746
1825
1992
1965
1986
2048
1962
1889
1711
1525
1309
1112
956
754
542
380
191
-48
-266
-428
-632
-832
-974
-1105
-1196
-1302
-1319
-1334
-1327
-1310
-1250
-1140
-1073
-920
-808
-731
-675
-678
-647
-651
-674
-692
-750
-791
-781
-833
-860
-798
-774
-724
-720
-687
-623
-638
-552
-447
-422
-359
-364
-303
-240
-308
-278
-311
-361
-375
-549
-590
-628
-664
-639
-688
-596
-498
-447
-374
-302
-270
-229
-195
-128
-44
-97
-91
-102
-86
-58
13
174
279
450
598
727
906
1097
1353
1511
1578
1684
1701
1770
1854
1935
2041
2074
2119
2134
2112
2074
2007
1939
1776
1541
1317
990
772
541
277
41
-304
-557
-830
-1112
-1209
-1372
-1485
-1522
-1561
-1511
-1500
-1400
-1324
-1262
-1154
-1038
-971
-915
-805
-744
-686
-687
-630
-590
-663
-609
-653
-729
-712
-773
-723
-727
-765
-642
-656
-629
-565
-538
-409
-395
-376
-400
-472
-514
-578
-589
-631
-694
-720
-850
-898
-865
-864
-813
-751
-661
-612
-571
-499
-489
-467
-429
-452
-429
-459
-465
-446
-451
-421
-346
-248
-132
55
212
421
549
679
838
931
1095
1191
1243
1256
1250
1307
1445
1578
1713
1832
1910
1981
2008
2014
1988
1959
1844
1654
1396
1130
865
600
382
120
-168
-387
-599
-849
-982
-1057
-1108
-1139
-1165
-1098
-1066
-1102
-1007
-911
-894
-812
-745
-611
-475
-417
-319
-196
-169
-101
-51
-46
12
-40
-86
-123
-191
-232
-255
-267
-299
-384
-416
-415
-366
-292
-241
-133
-43
6
4
25
27
-3
-41
-62
-59
-83
-86
-91
-108
-79
-57
-22
33
51
134
145
159
235
284
336
395
423
456
504
573
661
729
812
830
862
892
902
979
1042
1153
1312
1410
1566
1697
1820
1980
2062
2155
2204
2205
2212
2158
2089
2005
1882
1810
1679
1495
1345
1087
843
555
231
-48
-392
-690
-951
-1231
-1430
-1566
-1653
-1661
-1689
-1640
-1600
-1562
-1462
-1415
-1323
-1264
-1233
-1167
-1138
-1105
-1068
-1026
-940
-930
-908
-902
-952
-964
-970
-975
-1025
-1030
-1061
-1086
-1059
-1059
-987
-944
-900
-843
-805
-706
-654
-613
-526
-488
-480
-477
-495
-502
-561
-625
-626
-667
-696
-710
-742
-735
-750
-745
-712
-696
-663
-638
-616
-622
-629
-614
-592
-524
-404
-293
-178
-99
-13
95
197
328
478
641
792
983
1188
1411
1611
1810
1991
2084
2151
2145
2124
2045
1930
1824
1680
1566
1431
1270
1127
938
735
556
371
218
2
-235
-486
-759
-978
-1165
-1326
-1430
-1474
-1479
-1452
-1386
-1292
-1190
-1099
-1003
-876
-800
-706
-627
-572
-508
-474
-395
-357
-317
-262
-230
-185
-159
-94
-55
-10
104
145
228
288
340
451
472
539
550
515
506
426
351
320
228
153
87
28
-9
-113
-145
-200
-265
-309
-376
-374
-382
-399
-377
-387
-362
-315
-266
-207
-148
-85
-36
40
87
153
208
210
283
354
432
534
631
768
910
1049
1259
1473
1709
1965
2174
2392
2505
2560
2558
2479
2358
2173
1957
1721
1465
1181
916
641
344
87
-178
-412
-689
-946
-1145
-1389
-1561
-1732
-1880
-1942
-2018
-2019
-1956
-1904
-1780
-1643
-1483
-1279
-1111
-941
-771
-691
-615
-603
-645
-673
-761
-812
-856
-922
-916
-916
-867
-747
-663
-516
-388
-285
-132
-76
1
102
115
154
146
124
87
-39
-89
-184
-274
-328
-402
-386
-410
-410
-383
-376
-306
-247
-221
-166
-157
-175
-175
-221
-265
-320
-367
-380
-389
-353
-265
-139
23
175
333
500
646
796
949
1088
1204
1338
1440
1543
1658
1768
1915
2050
2166
2280
2345
2396
2414
2337
2243
2081
1842
1581
1285
999
700
404
206
-53
-251
-396
-559
-647
-766
-844
-897
-990
-1059
-1160
-1246
-1350
-1438
-1417
-1440
-1394
-1303
-1235
-1085
-975
-864
-741
-681
-597
-558
-526
-486
-516
-499
-479
-467
-361
-315
-196
-37
77
235
336
457
571
612
672
699
664
640
516
399
276
97
-3
-157
-289
-366
-479
-516
-563
-568
-510
-484
-418
-373
-354
-316
-300
-294
-304
-304
-311
-326
-309
-276
-262
-231
-159
-70
32
161
324
460
621
779
918
1061
1175
1298
1405
1501
1605
1664
1751
1832
1883
1923
1929
1907
1853
1751
1613
1477
1290
1053
797
493
161
-188
-498
-773
-1061
-1305
-1512
-1707
-1876
-2003
-2086
-2141
-2182
-2158
-2097
-2015
-1922
-1832
-1739
-1665
-1573
-1472
-1387
-1260
-1160
-1088
-1001
-934
-860
-800
-727
-645
-561
-483
-371
-262
-136
-10
104
230
323
424
517
592
644
686
685
675
629
542
448
331
209
61
-67
-144
-230
-264
-288
-308
-299
-285
-239
-224
-243
-238
-279
-358
-412
-467
-491
-503
-488
-428
-370
-267
-153
-25
151
291
467
627
787
962
1078
1227
1347
1486
1618
1737
1881
2012
2116
2198
2262
2298
2275
2219
2163
2037
1894
1721
1487
1235
960
648
338
23
-275
-544
-827
-1033
-1216
-1395
-1532
-1657
-1736
-1825
-1890
-1886
-1894
-1862
-1801
-1727
-1650
-1562
-1431
-1299
-1160
-997
-839
-708
-581
-477
-357
-286
-210
-113
-33
42
102
164
198
228
270
305
336
387
453
503
542
584
602
592
550
489
371
212
60
-123
-298
-471
-606
-722
-828
-860
-876
-828
-778
-702
-604
-535
-446
-376
-331
-283
-237
-196
-144
-102
-39
24
98
197
318
435
569
700
831
1001
1110
1240
1371
1461
1573
1667
1758
1857
1889
1949
1965
1926
1898
1828
1751
1655
1535
1398
1238
1065
901
708
525
347
155
-33
-229
-426
-632
-820
-997
-1162
-1307
-1426
-1512
-1602
-1634
-1664
-1666
-1612
-1563
-1482
-1381
-1288
-1170
-1062
-960
-854
-773
-661
-575
-485
-396
-342
-281
-232
-176
-131
-87
-49
-15
18
73
149
219
282
330
362
365
371
357
330
281
220
154
57
-31
-137
-231
-344
-447
-524
-617
-664
-694
-694
-670
-618
-536
-465
-381
-308
-259
-223
-193
-156
-128
-100
-45
15
93
197
316
459
605
746
899
1022
1154
1287
1396
1493
1569
1634
1670
1696
1710
1708
1682
1658
1646
1606
1552
1486
1429
1362
1268
1174
1042
891
741
560
365
150
-74
-324
-585
-832
-1080
-1325
-1539
-1724
-1887
-2028
-2125
-2172
-2185
-2134
-2057
-1943
-1804
-1652
-1472
-1281
-1087
-871
-676
-486
-315
-184
-65
-7
71
116
158
206
238
293
341
394
468
537
602
674
725
777
787
805
804
769
718
626
510
355
183
1
-182
-365
-534
-695
-812
-894
-969
-999
-1015
-1016
-992
-951
-890
-811
-739
-652
-583
-524
-448
-372
-291
-211
-96
42
186
331
484
618
749
868
984
1117
1221
1321
1398
1478
1552
1623
1678
1710
1723
1695
1642
1589
1518
1422
1336
1234
1114
971
848
700
533
359
197
10
-203
-408
-620
-830
-1029
-1225
-1418
-1582
-1727
-1842
-1939
-1999
-2033
-2031
-2008
-1950
-1857
-1735
-1566
-1369
-1144
-928
-704
-488
-304
-130
29
160
240
297
326
339
349
356
377
371
375
400
427
493
555
622
673
692
721
717
690
637
545
427
270
100
-75
-269
-465
-653
-824
-954
-1073
-1152
-1185
-1202
-1174
-1127
-1042
-939
-827
-690
-537
-373
-200
-25
155
320
465
595
702
809
897
963
1020
1073
1113
1140
1176
1212
1260
1309
1358
1402
1431
1438
1440
1419
1393
1365
1324
1280
1224
1176
1121
1060
1008
960
877
778
663
526
358
184
15
-173
-365
-551
-734
-911
-1057
-1195
-1294
-1381
-1457
-1493
-1519
-1498
-1457
-1395
-1314
-1230
-1123
-1002
-865
-708
-554
-410
-271
-158
-46
35
100
143
146
132
105
74
55
41
30
46
79
114
146
173
194
201
182
153
95
36
-24
-84
-147
-217
-290
-378
-475
-566
-645
-712
-765
-808
-843
-869
-876
-867
-825
-781
-727
-654
-587
-496
-404
-283
-156
-41
84
190
280
375
456
533
615
696
783
852
921
985
1023
1060
1086
1101
1110
1107
1107
1091
1082
1083
1068
1062
1065
1071
1070
1062
1053
1020
979
923
850
772
668
552
424
267
97
-84
-271
-445
-630
-808
-989
-1163
-1309
-1454
-1573
-1663
-1727
-1743
-1724
-1671
-1566
-1440
-1293
-1116
-946
-763
-586
-423
-280
-157
-48
29
99
136
173
189
195
207
224
236
252
273
298
325
347
375
393
397
390
386
359
329
269
202
121
19
-69
-183
-302
-419
-545
-665
-763
-856
-927
-982
-1007
-1008
-1000
-945
-865
-768
-662
-552
-448
-340
-247
-142
-55
29
118
175
235
277
315
365
424
479
542
582
627
672
713
773
820
861
894
921
931
931
930
914
891
865
827
788
736
701
653
589
523
433
348
244
135
2
-145
-296
-470
-630
-797
-956
-1086
-1213
-1305
-1360
-1411
-1418
-1417
-1395
-1345
-1304
-1222
-1136
-1035
-911
-791
-653
-513
-376
-233
-110
4
96
171
232
267
296
310
314
314
323
341
363
390
420
441
469
496
509
525
535
531
528
500
469
428
359
284
183
66
-39
-155
-255
-341
-430
-478
-537
-566
-547
-517
-450
-366
-269
-154
-49
71
189
289
404
484
562
631
687
747
782
827
872
914
965
1018
1066
1114
1159
1208
1242
1275
1301
1306
1313
1304
1298
1281
1253
1227
1178
1122
1068
1009
947
883
820
752
672
587
497
402
299
190
80
-49
-177
-321
-459
-596
-728
-862
-993
-1116
-1208
-1277
-1337
-1355
-1354
-1333
-1303
-1237
-1146
-1049
-926
-794
-677
-561
-461
-378
-313
-272
-238
-227
-233
-229
-245
-265
-271
-287
-280
-291
-286
-260
-250
-220
-197
-165
-134
-122
-102
-109
-140
-173
-231
-289
-369
-461
-557
-674
-775
-863
-945
-1013
-1066
-1094
-1114
-1108
-1077
-1032
-969
-898
-803
-700
-590
-460
-339
-233
-119
-24
57
131
202
278
333
382
419
450
477
512
536
557
593
610
639
658
670
692
695
707
722
721
728
705
680
655
621
609
585
579
557
539
515
465
434
379
310
254
152
38
-81
-211
-311
-424
-503
-589
-679
-731
-778
-788
-780
-750
-684
-626
-564
-467
-373
-270
-174
-66
24
99
196
270
341
415
455
492
493
476
499
478
476
503
512
527
546
557
567
586
571
563
545
499
451
399
334
275
194
86
-4
-114
-235
-342
-457
-551
-629
-710
-721
-748
-763
-718
-683
-644
-600
-507
-389
-277
-153
-26
74
174
284
362
439
510
532
568
558
548
567
511
521
545
491
526
508
504
505
459
465
455
422
420
397
351
302
262
207
171
135
184
132
110
36
-50
-17
-73
-73
-84
-172
-209
-249
-361
-394
-495
-578
-675
-792
-901
-977
-1093
-1118
-1163
-1148
-1153
-1165
-1076
-1050
-977
-920
-836
-716
-615
-535
-379
-301
-219
-138
-87
4
1
30
63
58
108
72
54
78
26
9
-7
-22
33
25
56
47
22
25
-22
-58
-54
-83
-109
-150
-224
-283
-376
-427
-456
-462
-487
-451
-460
-368
-337
-270
-190
-142
-70
-22
60
138
247
353
476
526
616
685
720
786
811
810
813
743
729
704
644
673
696
748
780
743
753
754
733
761
712
743
726
700
719
669
651
656
623
647
648
618
685
662
698
683
655
651
619
558
490
404
329
246
158
77
-11
-151
-242
-343
-412
-441
-479
-505
-476
-493
-552
-499
-577
-506
-437
-400
-296
-259
-212
-131
-100
-95
-60
-67
-55
-130
-180
-267
-305
-283
-261
-223
-221
-180
-181
-211
-236
-237
-249
-209
-191
-193
-170
-169
-166
-138
-148
-139
-200
-224
-263
-289
-307
-383
-444
-482
-492
-541
-490
-468
-444
-411
-390
-380
-312
-323
-253
-187
-239
-165
-230
-175
-175
-182
-124
-76
-53
-1
11
9
23
-19
44
54
107
173
165
207
194
212
232
204
186
142
66
99
91
190
241
258
295
239
212
202
184
254
295
316
309
277
206
168
169
107
88
20
-109
-173
-307
-500
-520
-722
-748
-762
-860
-805
-811
-772
-645
-554
-503
-321
-337
-246
-233
-280
-191
-147
-94
-11
-10
14
39
-53
-47
-70
-78
-28
11
102
207
293
380
473
513
566
569
625
608
566
583
486
504
419
395
392
337
330
250
233
205
113
171
65
63
47
-34
32
-8
-7
48
12
65
137
138
238
203
206
258
183
236
197
141
257
99
181
173
83
190
7
62
94
10
157
114
220
287
228
283
203
249
242
245
251
226
223
238
290
314
406
399
397
394
281
267
205
115
107
0
-89
-188
-287
-364
-430
-524
-614
-665
-811
-894
-990
-1025
-1044
-1088
-1021
-1058
-998
-1004
-916
-779
-688
-552
-429
-379
-285
-259
-207
-138
-174
-89
-76
-3
32
108
183
206
228
231
334
349
372
450
544
570
589
586
541
516
411
423
332
224
162
59
-45
-121
-266
-239
-291
-347
-339
-424
-412
-455
-427
-329
-282
-189
-143
-151
-131
-147
-105
-61
65
116
218
247
221
337
277
289
351
308
351
293
275
326
279
394
438
491
526
493
500
466
476
513
520
508
508
482
483
518
472
592
509
498
524
465
555
503
490
507
376
397
277
148
94
-86
-139
-265
-424
-492
-634
-703
-808
-889
-892
-949
-853
-774
-750
-546
-548
-460
-249
-274
-77
-42
-77
77
-17
-68
-7
-38
-31
-62
-65
-26
43
106
235
440
499
630
746
806
856
845
797
776
693
540
465
368
286
192
164
119
-66
-158
-281
-399
-471
-667
-678
-696
-741
-705
-670
-578
-496
-435
-307
-181
-134
-53
-2
59
87
68
92
118
20
-14
-87
-154
-97
-111
-55
57
40
42
137
80
126
104
76
164
94
67
136
112
124
109
70
44
-76
-103
-98
-95
-62
-83
-22
39
10
66
138
186
266
244
267
248
135
68
-16
-114
-191
-366
-411
-509
-607
-617
-729
-634
-629
-633
-515
-510
-382
-339
-323
-99
-74
36
175
195
322
258
205
255
148
49
48
-43
-38
-61
-116
-22
18
72
217
330
385
412
507
547
587
682
685
726
650
523
456
341
259
170
95
-35
-160
-252
-388
-424
-555
-605
-590
-672
-617
-650
-676
-585
-590
-516
-410
-356
-225
-86
-69
36
121
140
203
217
219
177
93
34
-31
-18
-63
-57
-31
-40
42
9
66
152
184
215
216
227
220
232
227
252
225
169
200
150
239
273
271
401
334
364
392
306
398
365
340
307
182
92
-28
-107
-137
-221
-266
-325
-428
-489
-516
-533
-473
-402
-378
-306
-283
-231
-163
-145
-50
21
58
94
94
55
32
61
1
15
-11
-53
-51
-95
-58
30
43
68
139
175
212
243
268
365
475
462
531
555
479
450
373
298
244
86
18
-65
-168
-227
-297
-324
-342
-358
-324
-316
-316
-264
-256
-199
-180
-155
-36
10
28
86
130
144
154
148
132
171
162
130
180
180
198
201
186
235
153
112
102
33
86
-9
-78
-67
-214
-273
-312
-372
-327
-311
-279
-173
-140
-35
128
191
341
385
447
573
611
660
695
667
629
550
451
387
253
161
-21
-150
-244
-411
-486
-572
-674
-779
-833
-829
-800
-719
-630
-487
-399
-383
-314
-277
-225
-150
-126
-55
8
-101
-115
-103
-140
-103
-68
6
88
61
100
185
261
368
490
665
765
833
842
854
896
875
914
868
762
636
450
394
298
145
19
-135
-291
-450
-573
-649
-648
-629
-612
-557
-531
-490
-447
-349
-253
-217
-205
-232
-217
-302
-333
-362
-403
-458
-485
-482
-476
-438
-387
-286
-201
-118
-86
-42
-71
-93
-85
-52
36
34
24
-30
-31
-54
-101
28
46
5
5
-101
-148
-136
-114
-33
79
148
173
227
204
235
355
453
521
569
550
406
263
130
9
-107
-256
-402
-512
-609
-790
-921
-957
-934
-791
-751
-637
-523
-467
-332
-227
-101
15
23
71
16
13
-38
-145
-55
-157
-101
-102
-83
-70
-93
-73
-77
58
60
166
271
329
457
509
572
625
691
733
661
701
526
402
282
30
-39
-281
-354
-384
-471
-403
-528
-561
-611
-749
-715
-733
-634
-516
-498
-376
-316
-261
-67
74
177
316
347
372
312
143
0
-95
-125
-113
-34
43
138
233
307
326
476
589
640
750
728
723
610
497
359
318
276
312
377
405
514
438
376
380
308
315
356
316
320
336
342
312
427
598
673
756
712
622
620
517
451
452
312
230
167
100
92
67
53
-22
-70
-80
-120
-93
-56
-9
59
74
35
23
2
81
171
172
223
241
192
204
217
210
208
172
197
219
237
218
206
224
238
329
314
249
259
226
201
158
127
100
11
-75
-188
-256
-342
-413
-516
-628
-701
-863
-993
-1075
-1112
-1121
-1134
-1107
-1118
-1124
-1122
-1098
-1032
-928
-854
-739
-642
-549
-480
-464
-393
-384
-300
-247
-251
-194
-189
-156
-130
-125
-58
-27
-28
-27
-62
-114
-192
-223
-279
-392
-450
-492
-528
-501
-489
-426
-353
-372
-320
-236
-186
-26
112
174
264
283
247
274
293
374
454
430
453
415
394
364
334
413
487
535
590
574
592
616
627
685
688
619
474
367
218
171
116
135
166
159
146
55
23
-76
-92
-140
-129
-79
-154
-181
-254
-297
-276
-311
-267
-177
-135
5
50
154
260
201
232
175
75
20
-61
-36
24
84
187
257
306
307
293
271
232
162
119
18
15
42
45
86
157
181
200
164
86
19
-52
-93
-189
-254
-314
-356
-423
-428
-401
-330
-222
-145
-55
19
28
126
124
123
203
143
241
138
127
112
1
-6
-89
-18
22
26
38
14
-84
-132
-211
-220
-192
-120
-36
-6
57
47
49
52
54
59
-12
-44
-61
-48
-18
-11
1
-12
1
1
-14
-7
20
109
184
277
371
356
340
253
156
60
-15
-43
-18
-21
-30
-60
-158
-204
-274
-330
-359
-401
-427
-435
-450
-396
-370
-290
-255
-234
-208
-260
-138
-88
-16
155
225
319
340
265
267
192
138
133
103
123
116
131
142
86
104
56
-40
-47
-121
-119
-123
-185
-138
-208
-299
-271
-354
-357
-367
-419
-381
-449
-441
-403
-419
-374
-346
-260
-167
-113
-2
72
138
178
230
216
191
186
179
181
204
185
185
210
268
358
435
513
533
532
436
334
221
137
112
122
143
169
190
195
253
314
374
365
321
293
193
110
99
69
78
91
112
151
158
176
179
148
122
123
105
111
70
20
-7
-34
-2
50
96
161
208
228
218
176
140
82
68
11
-70
-92
-140
-147
-106
-102
-42
-50
-79
-82
-92
-82
-79
-54
-30
-14
25
28
61
71
28
-25
-108
-156
-207
-223
-241
-233
-236
-237
-263
-255
-270
-257
-212
-227
-207
-221
-273
-287
-266
-264
-163
-111
-53
30
55
88
61
7
-9
-25
-11
-25
-61
-91
-175
-188
-153
-79
30
138
248
294
298
266
213
171
101
70
62
39
22
3
-52
-109
-164
-225
-222
-244
-253
-243
-254
-261
-260
-244
-144
-55
25
85
138
173
141
156
114
68
52
-15
-31
-79
-162
-156
-143
-102
-45
-15
0
5
57
73
105
143
140
185
174
175
130
88
72
-12
-40
-94
-106
-87
-63
13
57
96
115
55
-11
-43
-44
-43
-32
-27
-30
-9
-33
4
53
74
108
136
137
95
70
42
6
-33
-52
-68
-106
-120
-144
-147
-130
-103
-73
-77
-91
-95
-102
-127
-129
-147
-124
-108
-86
-11
50
103
180
204
174
122
30
-18
-98
-127
-129
-141
-150
-166
-119
-113
-67
-14
30
106
107
165
191
189
239
229
221
219
198
173
124
101
57
-24
-76
-151
-191
-211
-214
-141
-82
-18
47
115
167
184
234
259
235
199
141
90
22
-27
-56
-62
-29
-8
31
50
88
118
114
100
85
72
59
41
5
6
-24
-66
-71
-71
-50
-12
40
98
128
141
141
92
51
16
-26
-50
-66
-81
-103
-107
-77
-47
10
76
90
129
125
93
74
49
58
45
57
95
83
83
64
-1
-5
-31
-54
-51
-64
-73
-96
-100
-123
-150
-132
-120
-88
-33
4
27
25
5
-39
-64
-79
-115
-117
-115
-80
-24
-10
40
69
97
96
66
58
4
-43
-63
-90
-73
-74
-56
-12
-1
43
59
78
128
125
123
91
48
0
-58
-99
-122
-105
-101
-104
-97
-95
-120
-98
-73
-43
3
13
60
100
115
151
154
135
92
25
4
-27
-79
-92
-111
-137
-157
-153
-103
-20
42
83
127
121
129
131
125
138
130
116
87
51
24
-14
-36
-32
-10
31
76
128
139
142
122
72
37
-25
-61
-56
-40
-25
-7
9
31
53
60
41
13
-21
-49
-47
-53
-36
-35
-23
0
-2
-5
-22
-40
-30
-41
-31
-11
-2
21
8
8
-15
-42
-68
-84
-88
-88
-79
-83
-85
-82
-69
-73
-56
-28
-25
-12
-9
10
28
13
13
12
18
19
5
11
-4
-27
-27
-49
-46
-22
-24
-8
-4
4
25
17
44
52
35
30
12
-13
-45
-68
-85
-82
-77
-89
-48
-30
-5
53
64
87
79
46
44
-3
-33
-56
-89
-106
-156
-158
-158
-139
-91
-60
13
48
56
96
99
103
82
57
34
-8
-31
-37
-26
-15
-22
-34
-41
-34
-15
-9
-18
-35
-51
-78
-77
-55
-31
0
24
58
89
98
113
127
121
106
70
12
-7
-33
-40
-21
-7
23
35
69
96
102
102
89
67
37
7
-1
-12
-22
-30
-38
-24
-16
2
15
24
20
12
8
7
23
20
38
71
98
100
98
87
74
41
-6
-45
-81
-101
-112
-128
-137
-124
-106
-64
-24
22
76
122
174
210
220
211
178
132
103
68
22
-24
-84
-135
-188
-202
-170
-137
-75
-19
28
78
92
121
152
162
174
175
156
112
59
0
-43
-73
-100
-125
-141
-142
-143
-142
-106
-70
-19
26
72
123
131
132
130
125
114
89
54
14
-33
-72
-101
-146
-160
-142
-137
-106
-76
-38
10
34
65
74
84
102
95
101
75
33
6
-51
-76
-121
-159
-177
-215
-211
-202
-182
-111
-47
22
84
116
145
134
130
133
90
40
-33
-112
-171
-224
-240
-232
-227
-206
-187
-155
-101
-58
10
68
117
172
191
191
186
149
109
71
26
12
-31
-68
-83
-127
-130
-141
-155
-124
-96
-41
22
88
153
207
245
265
250
215
166
109
62
-5
-55
-97
-138
-174
-183
-167
-126
-70
-30
34
82
108
161
185
201
210
195
182
153
113
92
33
-2
-41
-98
-130
-187
-183
-198
-193
-154
-139
-82
-30
28
114
169
210
244
204
172
115
57
28
-34
-75
-128
-174
-182
-189
-175
-145
-107
-76
-52
-3
26
63
102
116
125
122
91
50
-13
-69
-133
-191
-237
-273
-289
-300
-272
-236
-194
-137
-68
-11
45
91
119
141
132
128
93
53
21
-44
-82
-114
-148
-167
-195
-210
-206
-186
-151
-97
-43
37
95
135
143
131
119
81
71
51
12
-14
-35
-57
-82
-110
-123
-141
-121
-91
-66
-23
10
29
53
69
93
106
101
106
72
41
7
-54
-64
-95
-101
-87
-105
-79
-66
-56
9
45
99
152
175
222
212
230
234
201
184
134
80
24
-42
-56
-91
-118
-112
-110
-76
-51
-23
24
52
97
149
180
228
233
246
247
209
186
114
61
17
-53
-68
-100
-118
-117
-116
-81
-63
-23
22
52
84
116
142
166
167
177
170
148
141
97
79
56
36
31
14
21
22
23
44
30
38
43
39
48
32
38
23
-13
-10
-17
-24
-3
-3
9
2
3
26
16
36
53
37
41
21
-5
-15
-47
-37
-49
-65
-75
-98
-105
-115
-105
-83
-89
-83
-72
-67
-35
-22
2
23
19
8
-5
-9
-32
-49
-59
-81
-110
-117
-111
-127
-139
-100
-71
-57
-15
32
31
11
21
21
-21
-24
2
-11
-52
-71
-81
-121
-159
-145
-133
-144
-150
-109
-92
-100
-60
-11
4
5
13
36
3
-9
16
2
-7
-26
-22
-33
-80
-87
-93
-127
-114
-94
-74
-32
-22
29
44
27
60
60
62
49
31
44
26
12
21
10
-1
-3
-5
-6
-15
-1
18
22
42
42
60
43
42
71
69
76
66
43
17
-12
-23
-17
-22
-22
-13
-15
-25
-29
-11
-13
4
36
47
63
75
74
80
75
79
100
71
75
74
49
67
64
60
70
41
33
15
-16
-8
4
12
31
40
41
59
61
70
79
65
57
48
35
21
10
-18
-31
-43
-61
-51
-32
-12
11
24
20
23
20
5
15
15
3
-5
-35
-39
-48
-67
-50
-60
-69
-53
-69
-75
-80
-69
-42
-38
-7
-2
-13
-23
-15
10
4
-11
22
8
-29
-35
-35
-46
-65
-47
-24
-55
-56
-50
-50
-57
-59
-28
-53
-72
-61
-75
-94
-98
-64
-47
-37
-5
10
20
31
44
53
40
23
28
13
-8
-3
-9
-8
-17
-16
-17
-33
-19
-13
-21
-28
-30
-13
-16
-19
9
-5
-10
-10
-11
3
-13
-3
37
20
23
43
24
13
-3
-8
-12
-35
-34
-20
-29
-17
-8
2
-2
0
28
24
48
51
52
71
58
61
64
46
55
51
40
43
13
20
15
21
39
27
59
57
57
79
64
68
52
42
60
19
26
30
14
22
6
17
20
6
45
55
52
74
57
57
38
25
54
44
60
60
51
61
46
55
57
44
50
35
23
13
-18
-2
2
6
37
18
21
20
2
36
27
32
53
28
38
16
8
16
-23
-18
-29
-55
-36
-58
-51
-44
-72
-49
-52
-33
-11
-21
-3
-5
-10
3
-9
1
4
-9
-3
-21
-14
-14
-18
-16
-26
-10
-21
-28
-18
-48
-41
-47
-64
-40
-42
-16
-13
-36
-20
-14
2
14
9
-10
-13
-1
-20
-16
-23
-44
-55
-90
-79
-77
-75
-47
-51
-59
-56
-51
-42
-20
-21
-10
-10
-12
-1
-17
-17
-16
-34
-39
-45
-58
-53
-73
-70
-74
-83
-49
-56
-38
-35
-37
15
-19
1
29
-6
42
22
8
25
-16
17
8
-14
9
-7
-7
-9
-8
4
5
23
19
24
18
16
32
18
48
36
19
36
10
13
-2
-2
9
-12
-7
-6
-13
-3
-9
-12
-6
-4
23
26
26
36
21
27
20
34
42
40
42
18
6
-10
-10
-4
0
-2
-5
8
4
-7
-7
-9
1
8
22
23
10
15
6
10
-8
-10
-1
-36
-27
-11
-12
8
14
24
26
20
51
38
19
6
3
6
-8
16
18
9
-1
13
16
-7
15
28
25
29
35
43
48
42
53
51
49
60
77
80
68
68
51
24
17
3
-13
-24
-41
-48
-51
-23
-11
2
2
-31
-15
-18
-31
13
14
18
16
-9
14
-11
-1
32
6
22
2
-10
3
-27
-1
-6
-35
6
-5
-11
16
-12
7
-7
-26
-9
-19
-3
-5
-13
-19
-30
-16
-2
16
35
40
43
42
40
50
38
30
16
-1
-4
-19
-26
-17
-17
-30
-24
-43
-41
-20
-21
1
6
21
42
17
14
1
-30
-22
-39
-28
-13
-30
-7
-25
-27
11
0
29
55
28
35
12
-4
6
-5
15
5
-13
-32
-75
-77
-75
-70
-46
-63
-52
-37
-48
-4
5
24
27
8
24
0
7
25
18
29
5
-20
-27
-58
-41
-36
-26
2
-6
0
-13
-25
0
9
6
26
46
19
23
12
2
45
38
38
10
-26
-38
-46
-24
-21
-25
-26
-28
-7
32
30
29
31
-5
-16
5
-11
12
27
31
45
12
5
-28
-27
-26
-24
14
0
-6
6
-1
4
7
20
26
37
33
53
69
64
64
83
63
41
53
23
20
14
-19
-48
-48
-72
-31
-70
-12
-81
-78
-11
-43
87
46
93
48
-2
50
17
84
117
71
118
45
36
90
-14
50
73
3
53
12
10
11
-48
75
-7
58
111
-2
88
-62
15
-97
-72
-26
10
44
-15
-35
-118
-21
-71
53
0
16
-40
5
17
-23
103
8
72
22
15
42
-80
18
-39
-30
0
-105
-65
-95
-64
-53
-45
-80
-37
-87
-43
-3
-112
-17
-125
-78
-125
-134
-109
-97
-24
-102
9
-118
-60
-54
-120
-1
-28
-15
7
-102
-78
-109
-128
-88
-99
-16
-12
-3
19
4
2
91
64
156
162
179
153
223
200
197
172
91
42
-34
-34
-69
22
-54
52
-21
29
54
47
161
109
187
108
45
17
-79
-61
-51
-5
44
0
-47
-81
-91
-109
-27
-79
-5
-31
-34
6
-78
-42
-51
-53
-31
32
-2
73
75
72
112
115
148
210
166
199
233
190
251
167
161
94
-88
-71
-180
-143
-62
-36
-6
-4
3
-59
31
-97
37
3
68
142
36
115
63
74
55
93
119
155
114
108
58
56
63
111
135
98
95
38
-70
-43
-86
-63
24
-17
-22
-84
-69
-120
-81
-116
-81
-153
-114
-67
4
110
18
30
-52
-39
-36
21
109
68
126
112
-4
85
-105
-70
-112
-234
-165
-351
-207
-357
-226
-147
-154
-6
-63
-35
-60
-92
-137
-32
-88
49
72
26
109
16
98
127
92
164
55
63
111
59
135
50
49
-115
-206
-266
-275
-211
-207
-82
-110
-142
-99
-195
-142
-21
-7
155
130
136
120
72
12
-3
-34
-41
17
-4
17
-9
14
25
114
109
159
134
99
105
15
42
53
-10
37
-2
-21
55
-26
-25
39
-15
66
121
119
169
119
95
-14
-49
-85
-188
-119
-205
-237
-207
-287
-211
-185
-80
0
138
165
206
282
291
326
325
291
207
187
86
36
14
-36
-49
-90
-108
-81
-139
-84
-183
-152
-137
-201
-118
-193
-159
-61
-112
53
111
158
261
145
176
93
76
97
42
52
-21
-173
-241
-398
-352
-350
-330
-291
-361
-272
-302
-217
-160
-98
30
40
82
46
37
17
-55
-46
-124
-203
-262
-294
-251
-180
-191
-108
-134
-156
-90
-112
6
35
17
89
-66
-61
-127
-202
-121
-182
-124
-115
-148
-161
-178
-190
-150
-123
-26
-10
127
164
201
315
216
316
259
374
440
400
473
395
288
198
44
-77
-111
-217
-162
-195
-179
-200
-196
-207
-246
-142
-67
23
144
113
120
90
23
99
77
203
208
188
119
20
-42
-67
-83
-54
-59
-95
-105
-199
-125
-159
-127
-75
-36
51
76
189
263
387
492
583
732
704
775
730
646
691
557
473
353
197
107
-23
-87
-192
-195
-206
-206
-118
-86
-9
71
111
189
217
337
382
376
487
470
520
524
428
426
314
208
123
2
-47
-139
-142
-222
-318
-278
-378
-342
-276
-302
-218
-228
-201
-133
-146
-89
-64
1
22
-11
92
32
33
98
57
140
105
107
123
107
132
63
6
-62
-167
-192
-269
-301
-300
-303
-234
-253
-313
-352
-381
-413
-420
-488
-447
-468
-431
-441
-423
-319
-324
-182
-94
9
116
173
188
211
186
127
71
-4
-147
-215
-297
-396
-347
-348
-258
-183
-184
-135
-85
-90
-54
-58
-20
35
19
23
38
73
69
65
47
-6
-48
-52
-47
-21
-51
-117
-173
-257
-367
-467
-510
-540
-536
-529
-507
-474
-413
-317
-202
-69
54
123
249
306
346
413
400
411
410
413
405
389
359
258
209
169
77
27
-21
-85
-172
-241
-327
-360
-346
-336
-239
-116
-32
141
222
291
421
452
529
538
440
351
276
186
185
143
133
92
52
44
-26
14
48
28
75
3
-28
2
-24
98
186
330
440
506
576
610
603
582
539
422
356
169
5
-59
-262
-310
-321
-391
-351
-324
-336
-316
-339
-303
-229
-174
-101
-87
-63
2
-17
-22
-7
-48
-2
-47
-51
-53
-39
24
5
15
-73
-88
-73
-75
44
79
136
132
68
51
-44
-8
8
-38
12
-131
-182
-287
-333
-202
-174
-61
-8
14
4
-47
0
11
50
132
133
128
70
23
37
13
71
100
117
115
77
38
-23
-14
-48
-74
-121
-208
-293
-332
-311
-262
-237
-215
-192
-189
-162
-144
-123
-51
2
-9
-1
-42
-60
-64
-83
-97
-145
-210
-253
-331
-314
-331
-308
-247
-231
-122
-36
45
136
225
310
365
415
446
468
494
441
395
339
234
94
-5
-111
-149
-192
-215
-185
-166
-85
-116
-70
-51
-96
-7
19
64
193
183
230
280
270
331
373
376
401
377
293
217
115
45
22
-39
-113
-170
-210
-210
-196
-167
-100
-49
-4
81
155
274
350
353
336
317
310
307
317
315
320
260
235
211
152
155
103
95
21
-81
-112
-176
-180
-186
-161
-143
-138
-153
-164
-135
-125
-73
-46
-6
2
-62
-77
-107
-135
-80
-2
43
128
96
70
105
94
131
141
124
59
-60
-141
-164
-181
-158
-201
-232
-261
-268
-215
-137
-52
9
73
44
20
-26
-22
30
62
78
40
-31
-104
-165
-180
-171
-163
-177
-204
-266
-312
-347
-384
-334
-298
-212
-214
-227
-232
-231
-162
-69
54
53
58
-9
-64
-57
-62
33
79
73
55
-2
-24
-47
-54
-65
-67
-91
-216
-341
-458
-511
-480
-400
-297
-199
-155
-136
-104
-34
91
192
345
426
446
493
419
400
418
388
415
383
302
185
119
12
-86
-121
-236
-280
-325
-379
-372
-380
-322
-240
-159
25
75
257
365
367
453
424
426
377
336
265
182
113
18
-53
-163
-230
-245
-307
-266
-268
-252
-228
-268
-240
-238
-197
-104
-56
-7
52
93
139
137
231
292
291
373
350
324
313
262
219
174
96
-4
-45
-122
-141
-113
-134
-58
27
78
179
210
251
289
294
290
241
239
220
174
160
150
115
116
83
139
134
202
203
120
150
22
-52
-74
-111
-106
-106
-126
-194
-242
-238
-325
-301
-298
-332
-303
-318
-317
-262
-207
-160
-56
-33
-28
-2
53
38
64
110
58
79
103
65
66
52
19
39
17
-2
0
-14
-21
-14
-60
-114
-144
-172
-180
-132
-83
-77
-12
14
58
104
121
127
114
146
141
106
81
66
75
45
17
10
-50
-36
-88
-167
-128
-166
-153
-108
-100
-67
-34
-2
-6
51
142
141
198
219
192
237
241
247
280
257
201
154
85
10
-52
-109
-171
-167
-199
-250
-229
-202
-198
-177
-105
-81
-30
-7
4
16
1
-15
-56
-35
-26
14
53
34
93
98
79
86
26
-24
-5
4
43
77
80
82
51
30
57
97
155
202
208
218
194
190
189
186
210
251
242
201
166
94
41
15
-28
-47
-66
-111
-92
-74
-33
3
64
112
116
97
59
19
-29
-19
-71
-52
-63
-128
-134
-208
-205
-213
-243
-205
-195
-202
-165
-165
