9
5
4
12
2
4
5
-2
-1
-3
-5
-7
-5
-11
-6
1
-6
7
7
-2
6
-5
-2
1
-6
4
2
0
7
2
-1
3
0
7
10
5
10
12
6
6
5
1
4
5
6
10
5
6
5
2
5
-5
3
4
-2
10
-8
-6
-1
-15
7
-5
-4
11
-12
3
-1
-3
20
-1
1
5
-13
6
-3
-12
4
-12
0
6
-9
6
4
5
8
-7
-4
-1
-8
-3
-5
-1
8
6
5
10
4
4
8
-3
-2
0
-7
3
-6
-11
-3
-13
-11
-9
-13
2
3
-6
0
-5
-6
-3
-13
-10
-6
-9
-4
-3
-7
-7
-10
-4
-2
0
5
5
11
12
4
1
2
-1
5
18
17
26
20
11
12
-4
4
4
4
18
13
17
16
7
10
4
10
17
17
22
22
19
14
11
4
-5
-1
-5
0
5
-3
3
-1
-5
0
-9
-8
-1
-6
-2
0
0
6
-2
3
7
5
10
5
-2
-2
-7
-10
-11
-13
-9
-7
-9
-1
-2
0
5
5
8
13
9
10
9
4
11
-3
-6
-5
-8
3
-3
-9
-11
-20
-21
-18
-9
-3
3
5
3
3
-3
0
-2
-3
8
4
3
6
-16
-10
-11
-20
-5
-11
-5
2
-9
5
3
0
11
11
23
21
20
23
11
8
7
0
2
-1
-3
2
2
5
6
6
9
6
15
19
13
22
12
11
17
2
14
18
12
20
8
9
5
-12
-7
-15
-11
4
1
7
4
-5
-4
-5
5
10
11
16
11
7
0
-7
-9
-7
-11
-10
-11
-7
-5
-9
-3
-4
-4
-1
-4
-4
4
0
0
1
-7
1
-4
-7
7
2
1
5
-6
-2
-1
-9
1
-1
-6
-5
-14
-16
-9
-8
6
13
15
20
14
7
6
5
5
7
5
-1
-7
-14
-14
-16
-19
-8
-3
1
8
6
15
11
9
9
5
11
6
5
9
2
7
5
-3
2
-9
-9
-3
-11
-2
-3
-1
7
-1
5
8
2
15
5
6
11
-9
-3
-6
-10
-4
-11
-15
-8
-16
-16
-13
-17
-7
-8
-3
7
2
8
7
1
7
4
2
7
-8
-5
-7
-17
-9
-19
-26
-16
-19
-11
-2
-7
-2
-5
-7
1
-2
1
6
2
1
0
-3
-6
-2
-4
-6
0
-15
-16
-17
-25
-15
-18
-13
5
1
14
15
9
21
9
12
19
3
5
-4
-14
-8
-17
-15
-8
-9
0
-3
-9
-4
-12
-7
-1
-10
0
2
3
13
3
2
4
-8
-1
-3
-1
1
-7
-2
-8
-10
-9
-7
0
-1
10
20
20
22
18
16
15
13
11
9
0
-2
3
3
7
0
1
-3
-9
-6
-13
-7
-1
-2
6
3
2
2
-8
-4
-2
-1
4
0
-3
2
-2
-4
-6
-9
-7
-11
-10
-7
-9
-7
-5
-1
0
2
3
7
12
6
9
9
1
-1
-7
-10
-7
-16
-8
-8
-16
-12
-18
-15
-5
-11
-9
-7
-12
-8
-8
-8
-2
-5
-5
-6
-13
-8
-8
-19
-20
-24
-21
-17
-20
-15
-10
-6
-1
0
2
4
4
2
0
4
10
12
16
6
-2
-3
-15
-6
-4
-3
6
-1
0
4
5
18
17
13
14
4
11
15
10
17
10
5
5
1
1
5
4
4
4
4
5
8
7
1
6
10
21
25
16
20
13
6
5
-5
-4
2
1
3
4
1
7
3
0
0
1
3
8
7
5
7
0
-6
-11
-17
-8
3
7
15
11
4
0
-4
0
-2
0
2
-1
-2
-6
-8
-7
-6
4
10
9
11
4
3
3
-1
2
-1
3
8
1
6
2
0
9
6
9
13
10
19
16
13
13
7
5
6
11
11
12
10
12
13
4
9
7
1
1
-5
-4
-5
-7
0
-1
0
8
7
11
12
5
6
5
-7
-6
-10
-12
-6
-17
-15
-17
-19
-12
-12
-8
-5
-10
-7
-4
-8
-4
-9
-10
-9
-14
-11
-10
-9
-9
-11
-13
-12
-8
-4
1
-1
0
3
3
6
7
8
12
11
8
3
-4
-6
-7
-8
-5
-3
-2
1
-2
-2
0
-4
-2
-2
-3
5
3
-2
2
-2
-4
-6
-9
-5
-3
-8
-8
-10
-13
-8
-8
-1
6
3
12
7
9
18
5
7
4
1
9
0
-2
0
1
11
10
11
17
16
18
19
14
10
14
10
10
11
6
13
15
12
15
2
3
11
-2
6
3
-5
6
-6
-9
-6
-16
-5
-6
-7
6
2
3
8
-4
1
-1
-7
5
-7
-13
-9
-21
-17
-23
-27
-19
-21
-16
-11
-9
-6
-9
-11
-18
-17
-15
-15
-2
0
1
12
7
8
4
-3
4
0
-3
-7
-20
-21
-20
-29
-21
-21
-27
-10
-15
-11
6
-4
9
11
-2
10
-3
-8
4
-15
-5
-6
-17
-1
-12
-10
-4
-13
-2
1
3
10
3
2
-3
-8
-1
0
7
8
6
11
6
4
8
3
3
0
-2
-1
-4
-2
-1
-1
0
3
12
13
20
17
11
17
6
13
12
-2
6
-2
0
3
-6
2
-3
-5
0
-5
1
-3
-5
1
-9
-2
-2
-5
1
-2
6
11
7
8
5
6
9
9
4
0
1
-4
-6
2
-4
2
-1
-9
5
2
10
17
9
20
14
10
15
3
4
4
4
10
8
6
0
-7
-7
-14
-14
-14
-18
-13
-16
-13
-12
-15
-6
-19
-15
-12
-19
-7
-9
-4
-3
-12
-7
-21
-21
-21
-29
-13
-14
-11
-9
-23
-16
-16
-15
-6
-3
8
12
9
15
10
14
21
15
20
17
11
14
3
-3
-9
-18
-16
-23
-24
-18
-20
-2
-4
3
15
9
26
25
22
26
14
15
14
1
3
-4
-9
-7
-16
-17
-12
-9
5
9
8
13
14
9
11
12
11
19
16
19
30
28
37
36
28
35
23
17
14
-4
-2
-10
-25
-25
-37
-34
-26
-24
-2
5
7
20
15
26
25
26
37
20
16
8
-7
-5
-13
-15
-11
-18
-9
-1
-2
1
-2
-5
1
2
6
13
11
13
18
14
22
29
27
38
43
44
48
34
24
20
10
13
8
5
1
-14
-11
-11
-13
0
-13
-11
4
-17
-5
-16
-29
-1
-19
-13
6
-23
4
3
-10
29
0
4
22
-22
7
-4
-42
-12
-61
-56
-26
-65
-20
-20
-32
18
-13
1
26
-16
25
12
-7
36
-8
3
8
-37
-5
-24
-34
-8
-46
-16
-12
-28
12
-11
1
14
-5
23
18
24
49
31
45
38
20
33
16
19
23
5
13
4
-7
-10
-19
-12
-11
-3
-5
2
15
11
35
32
32
51
32
44
45
24
44
18
0
7
-34
-18
-23
-47
-19
-39
-33
-1
-21
6
11
-4
32
17
22
40
16
35
24
8
24
-2
1
0
-27
-12
-27
-40
-22
-45
-37
-25
-43
-17
-27
-26
13
-3
21
30
9
40
23
31
51
16
33
16
-11
-4
-37
-31
-30
-43
-11
-23
-19
-4
-23
3
-2
-3
25
2
17
27
7
27
6
-5
0
-28
-14
-23
-29
-12
-29
-16
-22
-34
-19
-32
-16
-8
-17
9
-5
-1
15
-6
7
-6
-16
0
-23
-13
-15
-37
-22
-41
-45
-30
-44
-20
-14
-21
9
1
13
27
18
43
37
29
44
17
21
18
-10
8
-11
-15
3
-25
-5
-6
-20
12
-9
2
22
-1
32
32
22
52
30
44
49
24
51
33
24
30
2
9
-6
-18
-7
-32
-20
-20
-23
1
-17
1
6
-8
25
9
14
33
17
48
28
12
36
-6
4
3
-25
-1
-39
-31
-16
-45
-12
-25
-24
-5
-28
-6
-14
-16
6
-18
1
0
-5
22
-11
6
11
-16
13
-16
-19
-1
-41
-11
-17
-32
9
-16
0
17
-3
32
23
19
34
10
31
24
5
28
1
3
18
-10
7
-6
-27
-3
-24
-24
-5
-25
-2
2
-6
23
-1
16
35
11
53
42
26
54
8
16
15
-37
-1
-39
-54
-15
-72
-41
-39
-86
-14
-57
-46
24
-43
29
37
-7
87
23
37
79
-19
42
5
-41
38
-45
-29
-10
-94
-41
-58
-95
-28
-65
-49
-6
-32
10
15
15
46
54
61
77
69
55
69
37
15
28
-25
-18
-9
-57
0
-27
-43
23
-44
-8
17
-52
34
8
-11
91
2
46
79
-24
86
24
-15
79
-46
14
19
-97
14
-67
-91
18
-105
-18
10
-85
62
-19
-22
81
-46
43
47
-42
76
-8
-14
54
-65
7
-19
-80
12
-59
-37
12
-60
-8
-13
-51
9
-24
-18
31
-1
21
41
10
29
34
2
28
23
-14
30
5
-26
21
-29
-46
13
-73
-1
28
-59
94
-9
9
109
-32
77
64
-17
110
19
-9
121
-83
39
37
-119
105
-84
-39
57
-144
0
-20
-152
49
-100
-92
77
-167
56
8
-97
141
-69
19
95
-88
108
20
-35
116
-48
8
66
-124
26
-43
-121
42
-127
-25
-21
-112
15
-45
-37
34
-36
12
35
-25
66
21
7
75
-18
54
27
3
64
-13
39
-13
12
-10
-40
-17
-56
-28
-10
-12
11
31
1
71
33
62
91
17
99
26
47
76
-10
54
-7
-44
12
-74
-43
8
-96
22
-35
-79
53
-97
29
30
-53
103
-14
34
84
-14
90
54
-29
72
-77
-13
29
-102
46
-69
-65
-1
-117
-51
-21
-111
49
-26
-4
105
-51
108
42
19
118
7
68
70
-7
87
0
-23
44
-79
9
-18
-102
46
-100
-26
63
-87
105
-16
-15
99
-60
82
59
5
139
3
55
87
-82
48
-38
-119
31
-160
-54
-13
-187
63
-99
-42
83
-102
71
19
-69
127
15
48
166
-83
93
-16
-80
98
-133
20
-4
-92
39
-79
-43
-26
-77
-47
-62
-76
-1
-59
10
48
-14
74
-19
65
14
-25
70
-7
66
63
22
64
40
-9
2
-35
2
26
-37
61
-21
45
39
-60
85
-19
50
95
-6
131
112
78
261
32
75
130
-115
164
63
38
232
-85
73
25
-232
125
-111
-54
243
-146
89
40
-251
136
-188
-78
218
-174
143
4
-180
211
-101
95
225
-209
124
-90
-156
86
-261
16
-64
-178
66
-77
-54
-3
-95
-62
46
-53
121
52
-58
-21
-184
-137
-204
-161
-150
-168
-169
-264
-126
-133
-155
-99
-72
-58
-69
-19
67
93
142
109
25
120
123
243
272
249
177
118
42
68
100
42
131
-37
84
131
50
337
277
333
435
149
185
-260
-631
-374
-193
78
-34
-289
-249
-298
-503
-310
-235
140
171
-427
-317
-574
-440
-135
-490
-380
-316
-131
183
-204
-240
113
84
465
472
303
390
6
111
298
400
709
578
429
499
205
287
263
156
664
751
856
723
114
-807
-1300
-618
399
723
261
-84
-308
-467
-650
-285
350
411
157
-183
-366
-482
-356
-255
-419
-649
-474
-1
-116
-603
-771
-525
-340
-213
-76
-192
-519
-605
-386
-123
17
82
4
-169
-141
-192
81
29
66
32
-222
-122
-244
59
51
236
180
505
512
331
477
-6
406
164
90
423
243
345
369
-275
-343
183
129
718
504
330
225
261
87
207
33
-632
-301
-387
416
565
666
-14
-88
-295
-562
842
452
651
381
-302
-305
-259
346
58
336
-353
-99
193
183
582
166
524
263
373
188
203
225
68
869
677
190
-682
-1276
-736
-228
426
439
177
-171
-614
-744
-463
-4
-123
-350
-927
-1279
-1095
-1071
-984
-1491
-1580
-1255
-984
-663
-799
-844
-809
-750
-476
-460
-674
-717
-434
121
589
592
210
296
313
190
851
824
465
247
-16
112
976
1203
658
245
-940
-734
223
1014
1569
1743
937
465
286
33
929
1490
1450
1740
1196
373
41
-299
287
974
1234
1080
909
569
942
1132
1593
1056
-837
-2283
-1891
479
1107
952
-260
-907
-1116
-2012
-1288
95
1040
68
-1404
-2078
-1214
-509
-705
-1290
-2062
-1362
-386
-179
-906
-2027
-2075
-1487
-874
-642
-741
-1455
-2159
-1863
-1304
-170
-4
-210
-326
-682
-301
-69
365
985
1012
1278
1709
1551
1167
952
570
671
1717
1935
1701
1241
547
811
801
659
234
664
1140
871
795
195
498
862
1267
1345
1675
1719
937
691
408
939
1280
1254
453
159
-41
199
783
389
186
-284
-259
-487
376
1074
1132
601
-1188
-2249
-4528
-5154
-2620
1166
3771
2892
448
-1967
-2653
-3854
-3162
156
1893
2151
-797
-3696
-4646
-3261
-1231
-1242
-1581
-1830
-415
-942
-1777
-1596
-1251
941
1323
1079
260
-358
-497
163
1516
1787
2159
783
-257
-2304
-2659
-1473
31
2416
1737
1090
-487
-858
-712
631
1870
2480
3309
2209
2247
1628
2193
3392
4503
4676
4456
4053
2827
3352
3437
4535
5294
5917
5533
2318
-3856
-9928
-6887
653
5082
3299
-954
-2742
-4560
-6374
-5279
549
5009
3990
-503
-4012
-3965
-2447
-807
-1020
-2758
-3015
-628
120
-2494
-4777
-4808
-3197
-1877
-611
-428
-3127
-6048
-5947
-2941
-551
-77
-706
-2394
-4489
-4890
-3240
-1306
-448
-851
-1336
-1831
-1935
-1612
-1928
-2391
-2111
28
1173
846
-319
-1314
-997
-742
694
1043
1741
1822
737
1159
1254
2586
3502
3891
3641
4595
5227
5665
6150
5356
5873
4368
4994
5791
6591
6030
4254
5076
4668
6555
5437
4373
3837
3246
4043
2819
3396
3217
3330
-565
-5410
-6619
-4223
1151
1791
-193
-3110
-4524
-5090
-5381
-4013
-2062
-316
-2054
-4235
-5345
-4602
-3232
-3259
-3293
-3487
-2543
-1572
-1852
-3146
-4312
-3683
-2696
-1923
-2064
-3394
-5098
-6260
-5353
-3319
-2072
-2455
-3963
-5065
-5135
-4276
-2839
-1718
-1486
-1856
-2032
-1875
-1241
-628
-263
144
296
845
1161
1173
992
409
188
877
1713
1845
1549
782
1320
2865
4530
6331
7284
7385
7372
6829
5688
6257
7414
9044
9850
9369
9209
8429
7333
5962
5827
5792
5085
3461
2252
3433
4399
3955
2246
-2361
-6762
-8976
-7716
-1669
2337
1354
-2874
-5458
-6246
-6098
-4953
-2320
676
-427
-2562
-4712
-5406
-5411
-5701
-5621
-5619
-4504
-2957
-2002
-3885
-5958
-5843
-4081
-2174
-2019
-2350
-3810
-5799
-6306
-4933
-3527
-3927
-5248
-6630
-6774
-6048
-4551
-2738
-2109
-2260
-2479
-2879
-2926
-1797
-764
-290
208
608
719
605
92
151
1305
3227
5194
6063
6157
5545
5835
7835
10062
11760
12757
13562
13899
14061
13798
13997
13873
12255
11117
10896
12501
12482
11035
6403
-2652
-12806
-15416
-4329
6318
6231
-3324
-9912
-10522
-12335
-12934
-6204
4130
4215
-3517
-8937
-7765
-4645
-3261
-1801
-3213
-4722
-3318
-1052
-3125
-8508
-9828
-7072
-4345
-3579
-3445
-5519
-9944
-11266
-7078
-1393
-220
-2073
-3876
-5843
-7233
-6424
-2879
-272
-1187
-3107
-4518
-5468
-5174
-3926
-3696
-3780
-1836
-350
-1510
-3575
-4330
-3134
-820
1022
1937
1501
655
869
2446
5295
7076
8370
9916
10909
11508
13012
15144
16737
17514
16537
15152
14467
14412
13847
12373
10217
10232
10999
8930
6066
1401
-6408
-13382
-11132
-949
5984
2060
-6207
-8857
-9315
-10881
-9513
-674
6989
3072
-6257
-10128
-7229
-4215
-2882
-3027
-4310
-5138
-4389
-3743
-6593
-9841
-9409
-6332
-4026
-3584
-4012
-5837
-8731
-8612
-3833
461
755
-1774
-4291
-6139
-7574
-5763
-2275
-867
-2790
-5723
-6476
-6222
-5489
-5216
-5892
-5418
-3381
-2309
-3530
-4779
-4429
-2222
147
1512
2074
2324
2907
3933
5682
7526
9547
10583
11038
10796
10996
13689
16711
18981
19450
19042
17581
15305
13976
14209
17168
18770
17943
15328
10743
6763
1461
-8639
-16129
-9961
3183
7584
-2084
-12625
-12710
-9179
-12617
-12976
-932
9160
3526
-10184
-13922
-8370
-4554
-4264
-4374
-5681
-7525
-7088
-6119
-7721
-10871
-10489
-7266
-5159
-5316
-6149
-7954
-11202
-10267
-4327
456
-684
-5523
-8268
-9793
-10479
-7504
-1974
229
-3083
-7291
-8783
-8138
-6289
-4650
-4823
-4536
-2964
-2440
-4034
-5272
-3758
-907
1092
2011
2332
2559
3213
3870
5625
8248
10135
10947
11797
11809
12964
16875
20297
22467
22245
21746
20176
18446
18466
20638
22119
19024
16550
15532
16543
13254
4698
189
-1129
-6877
-16670
-15539
-2909
4988
-4077
-16793
-15185
-8335
-8869
-11571
-3488
4648
-366
-11615
-13868
-7926
-5065
-5128
-6658
-8371
-10554
-9945
-7550
-9350
-12296
-11904
-8910
-7106
-6860
-6391
-7205
-9844
-9838
-5395
-2564
-4797
-9212
-10024
-8734
-8775
-7053
-3573
-1726
-3413
-6319
-8002
-6860
-3706
-2328
-3185
-3707
-2029
-1272
-2304
-2723
-1281
1679
4207
5196
5147
5613
6495
7524
8730
10954
13443
14711
15419
16519
19216
22490
23103
21589
20797
21390
22311
23121
24414
23494
19299
15490
14044
13691
11230
6820
2123
-2925
-12885
-22009
-18269
-6125
1266
-5038
-14931
-16169
-13553
-14228
-13386
-4748
2762
-1472
-11941
-15452
-10690
-6626
-6326
-7171
-8232
-9835
-9572
-8045
-9381
-12857
-13782
-10083
-6156
-5074
-6876
-10363
-14060
-14582
-10242
-5669
-4234
-6475
-9270
-10400
-9812
-6750
-1932
538
-1954
-4546
-5696
-4807
-2178
-1337
-1812
-1700
-1261
-870
-639
-538
1719
4155
5660
7052
7344
7591
8378
9231
11103
13813
15432
16721
18093
19160
21403
23943
24622
26113
25012
23168
23763
23446
24662
23945
22008
19009
17421
15111
8110
2502
-7294
-19115
-24006
-15549
-1855
-1127
-11876
-22023
-20315
-17956
-19870
-14616
-482
6176
-5614
-17832
-16470
-6923
-4417
-6609
-7367
-8410
-8780
-9564
-8890
-10868
-14471
-14510
-11522
-7923
-8316
-10527
-13318
-15756
-15877
-12596
-6720
-5011
-7883
-10747
-11539
-9156
-4122
490
1031
-993
-3579
-4718
-3180
-1464
-918
-1141
-860
-484
-1105
-823
663
3250
6171
7659
8415
8315
8753
9733
11088
12544
14483
18010
20968
21869
19269
17724
21943
26175
27036
27896
27080
24942
23456
20418
21010
24366
22419
19015
14381
6570
-715
-9409
-18061
-20009
-14088
-7448
-6238
-13788
-22305
-23942
-21659
-17475
-11296
-3842
-834
-6943
-15775
-17343
-10843
-5186
-4354
-6802
-8981
-10366
-11450
-11413
-12178
-13221
-13974
-12841
-11345
-12290
-14884
-18518
-19271
-15358
-9452
-5810
-6645
-9966
-12025
-10397
-6569
-2230
1738
2732
-42
-3055
-3837
-2047
306
252
-494
-223
898
2006
2640
4014
6811
9632
10912
11716
12479
13616
14629
15574
17552
19853
20839
20392
20646
23029
25856
27757
28460
25670
25043
27877
29483
31155
29652
27970
25089
15365
4142
-5282
-13793
-20312
-14707
-1129
2251
-10432
-28293
-31991
-27263
-24589
-17483
-2999
4574
-6709
-23588
-26006
-13011
-3412
-2207
-3895
-5713
-6697
-8431
-8497
-9606
-12060
-12665
-10839
-9223
-13517
-19933
-23952
-23512
-17757
-10493
-5206
-6388
-12093
-16034
-14722
-7791
537
5855
5001
-151
-4923
-4740
-46
3869
4250
1668
792
1337
1116
1000
1627
4474
8647
10995
10754
9519
9148
10669
13331
16334
19714
22787
23756
22743
21308
22862
25567
26869
27615
29510
29846
26143
22888
23337
25959
25570
20198
14463
4569
-14132
-29058
-23809
-2049
8889
-2860
-22088
-29151
-29613
-30825
-25672
-8490
4981
-2957
-19607
-24961
-16566
-8346
-7116
-7567
-7256
-7714
-8750
-8474
-9146
-11981
-14327
-12563
-7812
-8525
-15954
-23883
-25616
-20047
-12752
-7656
-7030
-9330
-13397
-16184
-12976
-5053
2755
5090
2171
-2040
-3050
-979
1449
2678
3007
3288
2317
84
-2144
-2628
304
5882
10607
11446
9348
7852
10025
15230
19574
21901
23848
25213
24875
24002
24924
26973
27581
27670
29851
32285
30447
24881
20499
20433
23780
28143
27567
19251
679
-23446
-32630
-17334
5780
11232
-4207
-22329
-30095
-32231
-31307
-19993
-367
6288
-8758
-26781
-26860
-13466
-5100
-6081
-8836
-9437
-8804
-7920
-7768
-9605
-14002
-14785
-9395
-3165
-3372
-11165
-19185
-22959
-20503
-12345
-4216
-2958
-9800
-17320
-18369
-12253
-3156
4202
5907
1439
-4187
-5085
-529
4938
6593
4631
2386
760
-598
-898
14
2841
6614
8916
10045
9316
8475
9986
12969
16977
20801
23302
24780
23143
20827
21368
24048
26622
28215
27770
25693
24354
22070
21694
23577
24258
24319
23202
17689
4983
-16379
-30929
-22099
1544
11217
-2426
-22478
-30224
-30704
-32624
-26119
-6371
7458
-3038
-24965
-31277
-18530
-6477
-4931
-7280
-7994
-8621
-10169
-10012
-8455
-10576
-13182
-10843
-4324
-2301
-8941
-16974
-21362
-19520
-12497
-4789
-2082
-8494
-17001
-19237
-13599
-3618
3795
5722
2435
-3720
-6226
-1765
5267
8401
5954
2414
1572
2062
1728
1335
2537
5869
10020
12328
11482
9199
8243
10243
14935
19648
23154
24360
21920
18701
18797
22554
26404
28110
26741
24165
21951
19937
20671
24183
25614
24007
20954
16424
6382
-14468
-30474
-21701
3221
13006
-3270
-24147
-30520
-30404
-32631
-26548
-5707
7836
-4399
-26670
-31357
-17313
-5948
-5190
-7047
-7571
-9207
-10880
-9294
-6730
-9404
-13266
-9796
-3118
-2004
-9155
-17575
-20642
-18151
-10021
-1012
921
-6211
-16408
-19654
-13578
-3423
5384
8187
3544
-4716
-8031
-2761
5880
9957
7538
4004
2978
2897
2441
2667
4625
8370
11134
12037
11286
9698
9339
10445
13202
17968
22815
25167
21119
14404
13683
19467
25185
25348
22641
22410
23034
20961
19285
22233
25917
21685
12745
1721
-10258
-17533
-12106
2234
7566
-5927
-22778
-27817
-27381
-29857
-26299
-9854
1988
-8377
-27750
-31411
-18738
-7954
-7854
-9281
-8902
-10349
-12948
-12355
-9332
-9611
-10648
-7198
-3114
-5542
-13210
-18092
-16665
-12815
-8874
-4785
-3862
-8506
-14917
-17097
-12702
-4329
2920
5259
1428
-4908
-7327
-3327
3736
8019
8365
7112
5512
3117
1565
2857
6818
11532
13938
12887
10309
8427
9270
12689
16374
19164
20651
21208
20204
18462
17883
19996
22284
24272
25759
24864
22713
19950
19458
22081
24063
22136
18265
8425
-8960
-21186
-14327
5418
12542
-3369
-22708
-27698
-26431
-30246
-28173
-11797
315
-9808
-28466
-31043
-17917
-8286
-9566
-11178
-9076
-8385
-10637
-11149
-10300
-12462
-12977
-7172
-597
-2272
-10988
-16406
-15469
-11899
-7884
-3353
-2237
-8183
-16574
-19298
-13887
-5436
118
1726
-675
-4993
-6953
-4262
1738
6265
7399
7229
6630
4476
2161
1624
4107
8419
11043
11384
10064
8081
7860
9970
14036
18672
20700
20831
19346
17942
18287
19772
21344
21604
21067
21214
22703
22981
21492
19912
19220
19820
19378
18447
16027
2959
-15592
-21449
-6827
9748
5483
-13889
-24700
-24528
-27955
-32240
-21078
-1565
97
-18760
-32583
-24942
-9770
-6305
-10930
-12017
-10193
-10209
-10867
-8286
-7689
-11588
-12260
-6334
-716
-3112
-9443
-12183
-11565
-9949
-6810
-2408
-2624
-9590
-17138
-16930
-9135
-1121
1910
-24
-3887
-6559
-5359
-253
4680
5899
4477
4193
5095
5089
3749
3212
5541
8837
10981
11595
10951
9762
9180
10545
14233
17753
19060
17899
15894
14544
14711
17021
20118
21818
20696
17407
15293
16869
19557
20618
18514
15799
15947
17082
14543
4682
-9262
-16291
-10137
820
2690
-7451
-19533
-25175
-27542
-29072
-23381
-10053
-2520
-11408
-26383
-30078
-19975
-9753
-7977
-10828
-12938
-12099
-9513
-6689
-6642
-10501
-12236
-8124
-1516
-353
-5526
-10628
-12912
-11862
-7942
-2968
-1302
-6305
-13331
-15265
-10379
-3447
1181
1508
-1530
-4802
-4882
-309
4846
6167
4467
3921
5915
7412
6692
5561
6541
9781
12966
14275
13673
12148
10983
11925
14840
17916
19088
17995
15864
14715
15132
16474
18613
19626
19296
18180
17684
18364
18898
18155
16623
15800
15268
15058
9969
-3862
-16344
-14655
-524
7325
-3611
-20695
-27503
-26433
-27066
-25184
-14483
-4405
-10392
-26587
-32528
-22946
-11256
-9328
-13069
-14878
-13408
-9523
-5835
-5303
-9918
-13146
-8903
-1194
1523
-2808
-7900
-10968
-11254
-8105
-2696
-78
-4516
-11971
-14981
-10707
-4147
-245
104
-2781
-5758
-5602
-1111
4878
6916
4477
2530
3528
6088
7776
7461
7404
8857
11147
13660
14371
13365
11910
12005
14541
17866
19523
18560
15850
14274
15114
17002
18183
17659
17303
16893
16155
16448
17868
19242
18147
15856
14324
12844
7398
-3610
-11231
-8151
1156
4300
-4264
-17433
-24862
-25870
-25134
-20886
-13260
-8005
-12540
-24089
-29852
-24756
-15253
-10729
-12513
-15382
-15280
-11747
-8065
-7271
-10106
-10942
-7336
-2538
-1308
-5054
-8475
-9534
-8351
-5604
-2349
-783
-3630
-9191
-13019
-11300
-5003
761
1951
-1649
-6122
-6848
-2742
3162
6577
6069
4435
4003
4765
5858
6812
8770
11529
12924
13079
12715
13275
14314
14572
15259
16825
18474
19366
18228
16113
15181
15632
17052
18763
19548
19172
17856
16189
15853
16594
17525
16938
13157
3496
-8045
-10924
-1511
9208
6370
-8636
-21470
-23895
-22459
-21518
-17081
-10387
-9902
-19295
-29211
-28738
-20139
-13086
-12387
-15699
-18107
-16162
-11214
-8309
-11179
-14509
-10627
-2627
798
-3897
-9967
-11084
-8076
-4058
-1265
-718
-3493
-8217
-11353
-10752
-7073
-2445
656
65
-3922
-7184
-6434
-2235
2075
4164
5150
5855
5561
4364
3378
4347
8008
12169
14445
13771
11360
10161
11425
14314
17326
19411
20274
19539
17586
16078
15924
16892
17968
19310
20695
20709
18455
15467
14430
15409
17291
17581
15439
7213
-5050
-11011
-4481
6852
7932
-3786
-16793
-21716
-22228
-22028
-18245
-11607
-9959
-17607
-26409
-27666
-22004
-16234
-14611
-15570
-17278
-15882
-11743
-9530
-12891
-17116
-13341
-4055
1464
-1944
-8568
-11521
-10284
-6305
-2191
254
-1626
-6201
-9566
-10467
-8906
-5385
-1017
795
-1788
-5397
-6097
-3349
-339
1272
3124
5572
6572
5415
3631
3345
5830
10060
13508
14246
12344
10630
11232
13591
16192
18449
20419
21163
19905
17673
16541
16999
18198
19980
21978
22075
19075
14603
12935
15434
19260
20076
16362
8309
-2612
-8694
-5083
4509
8540
664
-12593
-20692
-22352
-21528
-18607
-14106
-11928
-16567
-24543
-28231
-24893
-19022
-15677
-15487
-16762
-16668
-14139
-11942
-12921
-15738
-13916
-6649
-609
-1436
-7180
-11104
-10515
-6878
-2618
375
97
-3334
-7221
-9536
-9316
-6262
-1476
1369
-86
-3991
-6590
-5197
-1577
1236
3411
4633
4604
3717
2633
3331
5895
9392
11914
12305
11498
11166
12198
13907
15437
16967
19214
20721
20567
19039
16648
15865
16909
19572
23013
23438
20151
15226
12873
14492
18412
20796
18756
11869
424
-7211
-5524
3400
8894
3089
-9636
-19425
-21927
-20700
-17647
-15052
-14410
-18142
-24054
-26954
-25701
-21315
-18109
-16972
-17892
-18847
-16579
-13585
-13071
-15724
-15545
-9466
-2732
-1296
-5934
-10528
-10729
-6402
-830
1486
-419
-4161
-6061
-6099
-5904
-5138
-2345
855
793
-2356
-5006
-4236
-1268
1007
2023
2796
3532
3876
3457
2859
3578
6469
10324
12124
11301
9784
10290
13037
15596
16808
17430
18786
20552
20647
18472
15850
15703
19213
23465
24373
20939
16011
13710
15037
18428
20775
19891
15355
5209
-4632
-7047
334
9500
8647
-3126
-16691
-22447
-20973
-16857
-13798
-13405
-16806
-22341
-26704
-27535
-24394
-20472
-17630
-17538
-19376
-19549
-17704
-15620
-16067
-15965
-11825
-5700
-2169
-4674
-9392
-11711
-9194
-3417
1530
2800
-288
-4044
-6163
-6583
-5080
-2281
728
1994
-105
-3766
-5564
-4054
-572
2363
3647
3492
2746
2143
1951
3246
6372
9781
11547
10828
9294
9225
11263
14117
16073
17139
17828
18625
19139
18534
17246
16641
17625
20046
22408
22244
19566
16241
15242
16579
18988
19549
16907
11130
2280
-3676
-2539
4166
7718
2607
-8582
-17069
-19664
-18318
-15741
-13738
-13791
-17882
-23374
-27404
-26823
-22475
-18172
-16425
-19094
-22258
-21493
-18067
-15101
-15253
-14927
-11288
-6780
-5143
-7479
-10019
-9494
-5472
-794
1268
65
-2568
-4149
-4149
-3498
-1991
84
1554
1074
-1317
-3509
-3098
0
2901
3190
1510
903
2155
3950
4460
4388
6037
8797
10558
10084
8943
9817
12545
15228
16290
15978
16293
17714
18842
18386
17263
16947
18141
19867
20726
19821
18329
16667
15483
15807
17093
17844
15508
8044
-894
-4059
222
6422
6377
-1545
-11394
-17267
-18642
-16887
-14047
-12015
-13561
-18817
-25370
-28566
-25582
-19493
-15422
-17220
-22506
-24604
-21162
-16250
-14801
-16113
-15048
-11041
-6505
-5371
-7584
-9600
-8713
-4805
-821
1203
1051
-219
-2092
-3853
-4152
-1500
2480
4441
2630
-1449
-4052
-3023
730
3856
4273
2812
1575
1874
2913
3658
5210
7600
9742
10391
9488
8831
9620
11807
14139
15542
16110
16427
16512
16173
15070
14562
15659
17937
19747
19363
17453
15145
14101
14747
15955
16836
16166
13293
9324
3664
-674
-1366
1539
4046
1378
-5490
-12691
-16541
-16983
-15374
-13376
-12629
-15357
-19640
-23660
-24659
-22407
-18875
-16445
-17681
-21135
-22579
-20386
-16387
-14229
-13821
-12913
-10697
-8046
-7054
-7774
-8905
-7894
-4102
185
2293
977
-2096
-4162
-3927
-1203
2466
4583
4033
1249
-1335
-1912
106
3396
5626
5691
4123
2512
2173
3214
5480
7852
9307
9373
8855
9172
9998
10920
12202
13667
14997
15637
15368
14764
14058
14185
15181
16272
16979
16738
15946
14626
13299
12988
14128
15628
15580
13016
8957
3565
-142
50
3010
4955
2151
-4527
-10707
-14447
-15152
-13176
-10695
-10509
-14356
-19199
-22190
-21792
-19331
-17384
-17064
-19078
-21522
-21326
-19135
-16567
-15969
-15473
-13569
-11268
-9236
-8980
-9431
-9028
-7010
-3326
-523
171
-734
-2099
-2481
-1849
176
2985
4494
4102
2328
723
543
1960
4268
5918
6312
5679
4101
2882
2948
4893
7914
9159
8359
6740
6428
7813
9530
10998
11735
11768
11645
11407
11560
11924
12132
12482
12568
12611
12702
12630
12504
12145
11944
12681
13301
13659
12791
10497
7084
3113
1739
2683
4145
2941
-1165
-5593
-8574
-10043
-9942
-9203
-8813
-10291
-13125
-15653
-17027
-16853
-16028
-15236
-15806
-17595
-18540
-17618
-15761
-14599
-14779
-14888
-14232
-12372
-10735
-9858
-9820
-9655
-8193
-5901
-3851
-2751
-2639
-3071
-3459
-2544
-418
1781
3058
2988
2074
1006
1073
2692
4822
6095
5977
4722
3451
3317
4716
6615
7668
7387
6652
6770
7722
8903
9665
9825
9838
10446
11461
12265
12441
12113
11820
11656
11990
12718
13459
13520
12913
12215
12080
12574
13085
12878
11296
8084
4860
4055
5381
6463
4880
1481
-1782
-4265
-5836
-6661
-6940
-7298
-8636
-10420
-12037
-13165
-13901
-14604
-15228
-16668
-18079
-17960
-16958
-16216
-16656
-17617
-17960
-17284
-15673
-13980
-12893
-12628
-12245
-10891
-8925
-7051
-5906
-5279
-5201
-4834
-3429
-1782
-553
157
759
1288
1589
2457
3679
4433
4770
5019
5375
5746
6050
6494
7021
7399
7566
7855
8515
9211
9869
10191
10332
10491
11064
11764
11903
11784
11774
11866
11702
11117
10897
11494
12098
12390
12112
11554
11576
11979
12246
11530
9307
7287
6255
6032
5519
3548
1918
633
-879
-2612
-4894
-6522
-7375
-7771
-8073
-9403
-11006
-12399
-13544
-14464
-16295
-17615
-17566
-16789
-16176
-16698
-17417
-18200
-18136
-16339
-14357
-12965
-12485
-12111
-11117
-10233
-8691
-7009
-6057
-5427
-4922
-3801
-2739
-2319
-1159
289
1211
1789
2617
3883
4458
4614
5213
6037
6732
6922
7045
7171
7221
7602
8316
8979
9273
9270
9220
9310
9632
10378
11040
11127
10780
10568
10857
10944
10744
10460
10311
10664
11010
11486
11524
11031
10663
10386
10471
9837
8262
7107
5998
5276
4176
2814
2112
797
-623
-2617
-4931
-6095
-7010
-6998
-7472
-9143
-10736
-12511
-13388
-14411
-16010
-16464
-16524
-16314
-16179
-16454
-16706
-17129
-16554
-14881
-13377
-12669
-12455
-11895
-10812
-9625
-8165
-7120
-6641
-6170
-5045
-3842
-3398
-3092
-1896
-201
1088
1954
2705
3141
3251
3904
5208
6242
6427
6345
6399
6607
6908
7279
7844
8310
8554
8511
8650
9181
9619
10252
10626
10721
10931
10911
10835
10527
10137
10123
10221
10850
11479
11559
11255
10697
10395
10900
11653
11588
10065
7735
6067
5181
4782
3995
2855
1798
298
-1529
-3766
-5623
-6345
-6554
-6631
-7648
-9669
-11509
-12964
-13734
-14777
-15747
-15961
-15933
-15843
-16327
-16950
-17415
-17051
-15364
-13637
-12747
-12753
-12569
-11503
-10413
-9200
-7919
-6879
-6071
-5501
-4868
-4611
-4466
-2923
-706
999
1881
1826
2026
2458
3269
4636
5318
5654
5904
6061
6286
5979
6283
7246
8051
8659
9015
9495
9779
9673
9906
10485
11168
11723
11504
10887
10152
9648
9802
10573
11454
11758
11513
10908
10499
10637
11247
11980
12008
10846
8587
6479
5325
5016
4230
2801
1642
500
-792
-2801
-4934
-6384
-7177
-7206
-7463
-8779
-10773
-12747
-13769
-14480
-15646
-16258
-16240
-15770
-15927
-16548
-17003
-17214
-16009
-13826
-12116
-11721
-12018
-11507
-10392
-9144
-7713
-6517
-5728
-5440
-4919
-4274
-3900
-3025
-1258
836
1989
2189
2531
2722
2982
3714
4897
5953
6076
6093
6099
5798
5713
6106
7348
8574
9101
9202
8512
8121
8609
9535
10507
10646
10427
10191
9495
8932
8878
9544
10544
10798
10635
10444
10180
10324
10495
10758
11124
11058
10196
8098
5846
4373
3785
3310
2186
1136
178
-991
-2962
-5396
-7110
-7873
-7281
-6888
-8077
-10310
-12777
-13820
-14259
-15037
-15258
-15308
-15053
-15439
-16124
-16206
-16123
-14948
-13106
-11638
-11058
-11370
-10781
-9520
-8181
-6721
-5696
-5266
-5301
-4839
-3952
-3261
-2429
-864
1126
2330
2357
2212
2202
2753
3867
4965
5709
5532
5360
5440
5212
5418
6209
7440
8404
8442
8285
8078
7985
8619
9642
10454
10594
10086
9513
8967
8764
9044
9379
9905
10141
9964
9721
9415
9672
10239
10803
11086
10747
9990
8041
5711
4354
3927
4011
3031
1771
703
-793
-2550
-4999
-6608
-6925
-6729
-6328
-7498
-9960
-12270
-13284
-12883
-13305
-14298
-14946
-15314
-15193
-15110
-14913
-14862
-14526
-13195
-11644
-11083
-11336
-10866
-9545
-8178
-7178
-6441
-5983
-5815
-4996
-3757
-3177
-2923
-2065
-196
1370
1618
1646
1890
2343
3306
4344
4987
4755
4456
4927
5431
5821
6492
7317
8074
8328
8016
8091
8295
8580
9229
9380
9514
9547
9360
9434
8783
8504
8778
8820
9220
9163
9356
9908
9926
10122
10071
10062
10188
9667
8384
6183
4497
4062
4164
3449
1705
431
-381
-1272
-2899
-4752
-5687
-6247
-6287
-6924
-8559
-10158
-11496
-11694
-12450
-13985
-14668
-14724
-14032
-13889
-14098
-14271
-14759
-13970
-12165
-10775
-10472
-10748
-10115
-9165
-8312
-7268
-6263
-5645
-5336
-4510
-3736
-3430
-2735
-1141
699
1607
1826
2169
2541
3069
3832
4568
4864
5069
5648
6144
6182
6021
6441
7284
8039
8688
8778
8470
8134
8205
8836
9221
9392
9328
8844
8215
7529
7431
7881
8298
8699
8746
8499
8289
8234
8608
8960
9036
9027
8680
7339
5347
3541
2744
2898
2242
1464
837
-39
-1170
-3284
-4955
-5854
-6114
-5402
-5866
-7747
-10096
-11708
-11555
-11881
-12739
-13077
-13353
-13336
-13871
-14096
-13891
-13865
-12662
-11032
-10373
-10699
-10998
-10050
-8604
-7518
-6564
-6087
-6167
-5667
-4490
-3513
-3142
-2452
-408
1546
2188
2161
2116
2320
2863
3986
5357
5814
5746
5801
6003
6199
6349
7084
7955
8385
8525
8282
7902
7820
8217
8852
8858
8229
7725
7448
7401
7379
7288
7391
7502
7603
7841
7831
7694
7705
7959
8384
8515
8448
8077
6748
4801
3464
3276
3762
3128
1594
692
-13
-811
-2175
-3657
-4546
-5165
-5121
-5443
-7130
-9071
-10287
-10294
-10486
-11933
-12921
-13162
-13120
-12834
-12852
-13157
-13767
-13689
-12111
-10780
-10557
-10538
-10104
-9181
-8249
-7288
-6480
-6629
-6470
-4916
-3375
-2753
-2318
-1062
658
1572
2022
2585
2855
3216
3936
5022
5750
5852
6332
6688
6563
6396
6579
7329
7721
7969
8261
7886
7443
7203
7218
7414
7402
7592
7773
7391
6687
6153
6101
6620
7093
7259
7200
6850
6958
7249
7289
7425
7415
7713
7594
5916
4278
3141
2951
3111
2081
1562
1113
227
-897
-2880
-4256
-5064
-5263
-4618
-5191
-7059
-8973
-10037
-10075
-10715
-11594
-11857
-12246
-12679
-12979
-13181
-13429
-13406
-12312
-10803
-10354
-10713
-10423
-9646
-8687
-7535
-6411
-5692
-5671
-4815
-3329
-2713
-2361
-1355
563
2394
2841
3040
3098
2989
3979
5344
6347
6559
6304
6785
6989
6586
6679
6992
7447
7743
7522
7227
6681
6455
7018
7403
7206
6676
6391
6362
6015
5571
5222
5208
5603
5915
6109
5805
5447
5788
6175
6639
6884
6849
7005
6337
4810
3520
2767
3103
3096
1997
1255
449
-245
-1278
-2900
-3822
-4536
-4563
-4271
-5158
-6642
-8245
-9075
-9403
-10726
-11841
-12281
-12448
-12332
-12598
-12766
-13071
-13239
-12263
-11012
-10424
-10152
-9498
-8396
-7254
-6385
-5504
-5018
-5000
-4061
-2662
-1755
-1297
-505
1223
2742
3302
3638
3842
4073
4639
5523
6545
6825
6712
6917
6835
6448
6056
6025
6498
6740
6741
6568
5998
5537
5379
5634
5832
5505
5279
5104
4818
4231
3628
3877
4298
4727
5175
5230
5304
5000
4952
5666
6090
6636
6996
6837
5903
3932
2824
2838
3027
2626
1852
1457
987
-8
-1561
-2878
-3727
-3870
-3215
-3533
-4867
-6840
-8551
-8836
-9688
-10483
-10825
-11497
-11609
-12202
-12343
-12233
-12730
-11827
-10452
-9411
-8792
-8800
-8018
-6971
-5914
-4399
-3617
-3833
-3713
-2701
-1395
-847
-414
1022
2540
3438
3829
3923
3891
3893
4634
5937
6366
6030
5564
5232
5080
4859
4931
5094
4947
4884
4799
4489
4018
3641
3899
4307
4312
3986
3538
3102
2666
2512
2804
3214
3471
3602
3796
4279
4497
4734
5379
5882
6583
7116
7138
6923
5388
4078
3787
3594
3949
3091
2205
2104
1313
784
-644
-2106
-2536
-3051
-2737
-3320
-4924
-6150
-7530
-8071
-9038
-10410
-10751
-11098
-11042
-11062
-11307
-11250
-11284
-10522
-9149
-8126
-7637
-7253
-6582
-5629
-4523
-3564
-3027
-3120
-2852
-1775
-734
-102
635
1626
2571
3054
3325
3644
3640
3655
4202
4884
5152
4881
4462
4159
3730
3402
3282
3327
3357
3194
3183
2885
2264
1895
1799
2340
2734
2423
2039
1337
1107
1441
1655
2270
2424
2743
3557
3821
4270
4515
5017
5977
6255
6865
7290
7309
6963
5394
4492
4261
4597
4910
3904
3136
2565
2048
1310
-179
-1262
-1841
-1904
-1988
-3019
-4629
-6226
-6949
-7435
-8536
-9421
-9829
-9638
-9618
-9566
-9397
-9841
-9763
-8953
-7652
-6546
-6291
-5774
-5213
-4540
-3477
-2758
-2633
-2840
-2518
-1407
-625
-320
343
1007
1632
2082
2316
2459
2156
2229
2922
3156
3093
2717
2455
2480
1972
1745
1545
1097
1289
1413
1672
1533
686
640
865
1384
1776
1345
1176
1063
1209
1832
2215
2690
3159
3598
4351
4926
5457
6126
6707
7262
7801
8314
8856
8724
7401
6364
5776
6061
6222
5109
4579
3947
3748
3149
1177
-49
-1132
-1238
-906
-2025
-3377
-5186
-6066
-6028
-7300
-8319
-9217
-9584
-9064
-9049
-8685
-9114
-9763
-9068
-8004
-6775
-6248
-6160
-5597
-5162
-4438
-3549
-3402
-3489
-3206
-2263
-1421
-1360
-1022
-387
431
1080
1400
1460
1047
933
1537
2145
2241
1713
1140
855
639
695
612
122
-145
36
573
925
473
-57
-17
442
1126
1398
1286
1203
1140
1557
2219
2797
3313
3879
4490
5256
5871
6270
7053
7607
8265
9086
9381
9631
8739
7330
6905
6500
6949
6536
5344
5170
4531
4174
2895
942
184
-443
-70
-139
-1660
-3281
-4937
-5368
-5582
-6732
-7539
-8368
-8611
-8328
-8093
-7964
-8582
-8705
-7984
-7136
-6463
-6298
-5908
-5477
-4965
-4134
-3692
-3923
-4184
-3711
-2735
-2287
-2128
-1810
-1396
-818
-196
236
-229
-911
-860
-59
446
143
-325
-787
-1001
-892
-796
-803
-1209
-1298
-698
-219
-137
-407
-481
-78
483
957
1192
1189
1274
1763
2346
2864
3334
3897
4798
5669
6346
6927
7324
8048
8906
9563
10235
10344
10461
9841
8555
8002
7729
8209
7681
6448
6163
5790
5435
4075
2264
1438
790
1048
1028
-402
-2109
-3691
-4083
-4535
-5994
-7008
-7814
-8045
-8068
-7974
-7876
-8508
-8753
-8124
-7278
-7042
-7107
-6786
-6423
-5975
-5440
-4928
-5269
-5699
-5110
-4239
-3868
-4113
-4005
-3342
-2869
-2210
-1648
-1804
-2340
-2634
-1933
-1367
-1401
-1608
-1853
-1947
-2181
-1972
-1630
-1695
-1471
-907
-144
131
-164
-3
523
1060
1540
1837
2149
2294
2508
3048
3462
3895
4603
5730
6806
7289
7805
8406
9169
9842
10291
11058
11254
11328
11227
9986
9049
8280
8581
9041
7673
7009
6580
6227
5643
3751
2761
1887
1342
1740
863
-637
-2653
-4075
-4297
-5525
-6578
-7285
-8017
-8291
-8515
-8172
-8314
-8996
-9031
-8462
-8042
-8013
-7745
-7423
-7158
-6962
-6649
-6485
-7069
-7229
-6464
-5709
-5345
-5370
-5180
-4585
-4161
-3460
-3044
-3434
-3718
-3343
-2427
-1861
-2097
-2283
-2185
-2078
-1715
-1322
-1120
-1019
-663
171
817
831
758
1084
1548
1957
2426
2793
2975
3027
3284
3986
4361
4759
5623
6647
7634
8049
8588
9439
10028
10669
11129
11348
11664
11753
11889
11154
9754
9108
9219
9704
9006
7943
7448
7010
6428
5186
4031
2993
2108
1972
1415
-9
-1928
-3509
-4018
-4999
-6205
-7106
-8044
-8544
-8853
-8505
-8543
-9539
-10141
-10060
-9503
-9338
-9286
-9002
-9115
-9236
-9077
-8758
-8973
-9356
-8875
-7873
-7309
-7161
-7023
-6527
-6031
-5307
-4371
-4098
-4211
-4109
-3276
-2400
-2218
-2232
-1963
-1598
-1180
-689
-371
-337
-356
319
1350
1654
1485
1301
1534
2239
2792
3458
3699
3574
3939
4539
5379
5842
6298
7302
8312
9238
9798
10348
10787
11050
11777
12311
12879
13056
13085
13192
11971
11148
10608
10653
10757
9583
9233
8579
7911
7053
5331
4434
2999
2247
1980
422
-1080
-3142
-4099
-4610
-6454
-7531
-8886
-9712
-10024
-10607
-10358
-11295
-12168
-12201
-12115
-11567
-11876
-11827
-11581
-11772
-11477
-11153
-10930
-10920
-10837
-9950
-9076
-8596
-8038
-7440
-6635
-6000
-5111
-4149
-3675
-3516
-2998
-2140
-1616
-1362
-1203
-817
-472
-341
84
321
431
760
1213
1911
2025
1927
2293
2652
3213
3741
4218
4635
4680
5053
5809
6548
7244
7726
8580
9528
10243
10985
11347
11834
12329
12995
13756
14014
14155
14149
14141
13363
12322
11853
11731
11785
10768
9680
8841
7874
7053
5523
4016
2582
1345
922
-141
-1806
-3700
-5332
-6145
-7684
-9107
-10275
-11455
-11963
-12598
-12677
-13160
-14113
-14474
-14658
-14287
-13991
-13666
-13149
-13135
-12894
-12292
-11719
-11387
-11247
-10659
-9676
-8762
-7944
-7257
-6601
-6039
-5172
-4140
-3413
-3009
-2692
-1972
-1321
-1033
-839
-597
-311
-91
192
512
684
843
1223
1794
2253
2473
2848
3454
4018
4483
5008
5559
5991
6449
7153
8021
8633
9135
9835
10640
11487
12220
12859
13531
13935
14399
14964
15126
15098
14973
14962
14989
14109
13123
12256
11508
11141
9828
8768
7667
6362
5544
3835
2394
892
-734
-1529
-3052
-4477
-6142
-8037
-8924
-10376
-11567
-12656
-13816
-14187
-14873
-14974
-15103
-15597
-15680
-15816
-15276
-14750
-14494
-14033
-13872
-13314
-12478
-11677
-10956
-10677
-10316
-9380
-8362
-7307
-6564
-6007
-5309
-4648
-3690
-2844
-2439
-2176
-1762
-1165
-591
-237
2
195
407
805
1439
1957
2127
2371
2774
3437
4035
4482
5105
5482
5991
6752
7380
8019
8366
8862
9645
10212
10900
11573
12088
12647
13042
13639
14231
14359
14640
14648
14580
14502
14128
14158
13762
13097
12413
11051
10097
8938
8044
7310
5713
4685
3344
2017
798
-1044
-2139
-3539
-4767
-5590
-7097
-8136
-9536
-10577
-11142
-12400
-13069
-13916
-14508
-14696
-15053
-14737
-14752
-14919
-14778
-14596
-13986
-13622
-13079
-12445
-11962
-11303
-10627
-9862
-9357
-8999
-8400
-7559
-6700
-5933
-5364
-4768
-4292
-3770
-3022
-2399
-1924
-1513
-1043
-506
-119
233
772
1178
1576
2027
2613
3203
3579
4087
4640
5206
5794
6469
7244
7735
8211
8849
9481
10087
10448
10900
11443
11813
12205
12488
12648
12871
13068
13363
13378
13014
12913
12751
12623
12327
11633
11233
10515
9900
9348
8160
7109
5872
4927
4230
2916
1813
584
-477
-1321
-2597
-3585
-4787
-5830
-6467
-7316
-7987
-9109
-10112
-10737
-11385
-11766
-12420
-12999
-13444
-13777
-13655
-13577
-13506
-13629
-13623
-13121
-12625
-11980
-11609
-11342
-10825
-10297
-9503
-8925
-8595
-8281
-7841
-7067
-6343
-5728
-5268
-4782
-4200
-3445
-2517
-1825
-1313
-928
-326
511
1221
1857
2330
2764
3317
3910
4703
5282
5657
6129
6604
7307
7907
8412
8930
9336
9800
10214
10489
10657
10749
10868
11121
11245
11250
11114
10848
10840
10751
10681
10515
10076
9817
9494
9224
8836
8165
7686
7111
6551
5999
5209
4375
3450
2683
2085
1421
647
-179
-878
-1496
-2078
-2764
-3554
-4358
-5084
-5582
-6206
-6946
-7702
-8429
-8924
-9414
-9927
-10515
-11101
-11428
-11605
-11648
-11787
-11933
-11969
-11940
-11680
-11456
-11190
-11004
-10880
-10500
-10033
-9501
-9081
-8735
-8282
-7703
-7002
-6238
-5544
-4929
-4242
-3428
-2458
-1582
-833
-101
581
1328
2105
2858
3659
4284
4844
5432
5926
6528
6961
7401
7869
8195
8652
8960
9292
9554
9669
9853
9876
9917
9920
9841
9714
9413
9210
9012
8817
8546
8032
7613
7205
6995
6863
6425
6058
5534
5193
4986
4526
4216
3687
3257
2919
2519
2359
1857
1207
670
158
-90
-466
-867
-1257
-1907
-2324
-2673
-3169
-3661
-4323
-4816
-5210
-5786
-6253
-6825
-7493
-8037
-8626
-9053
-9489
-9986
-10279
-10590
-10732
-10849
-10981
-10997
-11097
-10954
-10606
-10228
-9788
-9503
-9130
-8636
-8159
-7512
-6843
-6264
-5668
-5041
-4174
-3310
-2590
-1780
-1083
-206
675
1555
2498
3090
3750
4455
5181
5952
6400
6881
7242
7491
7900
8133
8403
8504
8424
8527
8492
8495
8532
8398
8336
8090
7815
7655
7301
7009
6684
6209
5857
5518
5232
4867
4296
3973
3720
3433
3211
2931
2679
2409
2159
1991
1832
1556
1263
1012
764
560
289
19
-240
-474
-672
-944
-1182
-1429
-1695
-1909
-2072
-2335
-2634
-3032
-3463
-3763
-4213
-4585
-4926
-5375
-5698
-6119
-6492
-6745
-7107
-7334
-7544
-7698
-7782
-7988
-8013
-7959
-7881
-7681
-7582
-7374
-7088
-6772
-6278
-5821
-5284
-4777
-4294
-3592
-2966
-2333
-1684
-1079
-384
327
1033
1696
2214
2694
3249
3877
4443
4837
5250
5489
5765
6050
6287
6597
6574
6548
6555
6592
6650
6451
6273
6078
5851
5662
5581
5311
4881
4525
4137
3920
3632
3248
2899
2441
2136
1949
1659
1395
930
581
325
35
5
-270
-498
-794
-1164
-1190
-1478
-1550
-1766
-2050
-1947
-2177
-2285
-2352
-2603
-2645
-2743
-2751
-2656
-2763
-2823
-2956
-2899
-2810
-2897
-2778
-2892
-2891
-2827
-2845
-2647
-2595
-2545
-2445
-2349
-2215
-2094
-1960
-1829
-1602
-1385
-1235
-993
-803
-625
-425
-308
-29
195
349
543
690
895
1019
1183
1449
1593
1779
1852
1947
2186
2203
2313
2399
2372
2477
2419
2458
2453
2266
2206
2076
2010
1956
1803
1710
1551
1354
1237
1103
951
789
566
421
265
92
-24
-295
-507
-696
-909
-948
-1095
-1214
-1294
-1463
-1510
-1529
-1555
-1591
-1682
-1643
-1675
-1712
-1751
-1874
-1877
-1971
-1973
-1847
-1844
-1862
-1872
-1997
-1897
-1872
-1856
-1658
-1679
-1583
-1480
-1409
-1289
-1282
-1249
-1131
-1055
-883
-757
-594
-426
-303
40
235
439
668
852
1161
1386
1648
2021
2170
2418
2655
2889
3142
3190
3519
3787
3883
4008
4141
4309
4354
4391
4485
4509
4221
3936
3974
3898
3571
3312
3072
2801
2466
1916
1680
1305
532
293
89
-308
-736
-1152
-1459
-2080
-2830
-3047
-3029
-3708
-4355
-4346
-4304
-4712
-5008
-4930
-4742
-5228
-6001
-5296
-4767
-5325
-5182
-4606
-4573
-4694
-5721
-5234
-3536
-4326
-4114
-2726
-3034
-3017
-2777
-2944
-1509
-1352
-2097
-582
-26
-1259
-494
425
-231
446
209
643
2280
1327
476
1963
1912
1863
3081
2792
3123
3322
2740
3595
4473
3764
4650
5414
5059
5586
5351
5473
6282
5934
6205
7103
7151
7661
7672
6960
6650
6769
6849
7218
7146
6610
6411
6027
5035
4558
3542
1871
1869
1458
1772
1568
282
-845
-1967
-3416
-3867
-3350
-3585
-3471
-4365
-4960
-5125
-5984
-6712
-6946
-7140
-6853
-6248
-5838
-5405
-6277
-7549
-8067
-7985
-7143
-6419
-6196
-5843
-6322
-7009
-7222
-7202
-6742
-6467
-6034
-5259
-4723
-4644
-4790
-4939
-4965
-4878
-4191
-2957
-2060
-1636
-1801
-1786
-1496
-1289
-506
367
1096
1774
2057
2381
2874
2725
2788
3255
3555
4080
4607
5006
5504
5582
5453
5640
5875
6232
6756
7280
7825
7790
7492
7461
7199
7461
7406
7677
7821
7921
7577
7168
7110
6345
6207
5911
5919
5720
5821
5187
4640
4167
2556
2401
2370
2035
2098
1443
364
264
-1247
-2216
-2176
-3155
-3264
-4259
-4584
-4324
-4676
-6186
-7088
-6940
-7423
-7164
-7366
-7291
-6556
-7924
-8704
-8023
-7587
-7369
-7250
-7167
-6470
-6000
-6984
-6149
-6027
-6318
-6278
-5871
-4857
-4054
-4525
-4974
-4240
-4511
-3996
-3364
-2794
-2055
-1951
-1841
-832
-581
-751
-425
-33
758
1561
1838
2397
2806
2546
2866
3614
4216
4659
4743
4599
5246
5482
5370
5590
5439
5166
4867
4524
4747
4937
4397
4162
4051
4293
4153
3531
3262
3128
2849
2630
2428
2131
1970
1376
1310
1017
1082
620
220
244
-250
367
297
229
99
-207
-265
-77
-315
-481
-539
-1104
-151
833
1807
1693
646
-388
-547
240
406
2089
2220
653
419
-766
-751
-489
-974
-994
-22
-275
-888
567
-501
-1133
-2455
-3336
-2060
-896
-809
-1222
-1186
-2781
-2919
-3707
-3278
-2688
-2745
-2225
-2046
-1493
-1645
-1690
-2581
-2440
-2139
-1836
-1119
-857
-729
-898
-1356
-1750
-1212
-1163
-1257
-843
-927
-614
-604
-994
-575
-712
-968
-884
-874
-1012
-1175
-1541
-1296
-1072
-1333
-1154
-1583
-1526
-1993
-2374
-1845
-1278
-681
-655
-535
-663
-704
-860
-484
248
477
811
500
793
1049
923
947
1125
1633
2121
3089
2898
3110
2736
2568
2940
3488
4571
4809
4519
3385
3847
4023
4173
3899
3616
4952
4921
5122
5644
5820
5178
3546
3310
4993
7272
6666
5992
4673
2813
1694
1567
3912
4627
4628
2797
2272
1874
586
304
315
1077
-414
-241
-190
-1281
-2864
-5156
-5491
-5351
-5006
-4996
-4175
-4461
-6691
-7571
-7809
-6938
-6307
-6632
-6539
-6316
-6969
-7448
-7360
-7745
-7543
-7856
-7320
-6151
-5790
-5867
-6176
-6110
-5743
-4924
-4530
-3581
-2922
-3228
-3139
-3284
-3134
-2669
-2454
-2056
-1275
-663
-502
-405
-487
-232
221
896
1891
2680
3040
3029
3137
3229
3629
3949
4203
4743
4836
4819
5040
5000
4887
4829
5152
5694
6531
6358
6098
6266
5676
5866
6259
6815
7242
6613
5123
4670
5070
4875
4924
4944
4781
4730
4315
4084
4872
5117
3753
3322
3039
3381
4013
3969
3702
2190
705
-1128
-508
961
2207
2844
1559
-66
-2035
-1940
-2200
-890
397
-242
-734
-2948
-4428
-5433
-5649
-6237
-5231
-4749
-4749
-4368
-6917
-8074
-9039
-8963
-7187
-5772
-5432
-5542
-6199
-8101
-8028
-8300
-7860
-6401
-5863
-4861
-4310
-4646
-5521
-5655
-5818
-4844
-2897
-2257
-1652
-1689
-2401
-2359
-1956
-1779
-740
-482
-783
-71
300
923
980
286
360
788
1652
2820
3475
3578
3094
2593
2581
3404
4472
4924
5008
4494
4273
4327
3973
3733
3910
4097
4264
4444
4685
4741
3707
2299
1741
2343
3273
4294
4709
4661
3280
1318
678
763
2179
2878
3246
2949
1883
811
218
842
1281
1868
1477
2002
2357
2361
2151
1307
1609
1649
2076
2704
3112
2417
776
355
831
2669
3524
2824
2346
919
-76
-232
1568
2447
2227
632
-805
6
-441
-521
-863
-1452
-2554
-3574
-3652
-2654
-2315
-3541
-4591
-5121
-5659
-5708
-5876
-5528
-5104
-5140
-4899
-4387
-4516
-6046
-6666
-7206
-6406
-5069
-4261
-4002
-4387
-5202
-5969
-5539
-4884
-4287
-3664
-3815
-3797
-3148
-3202
-3470
-3431
-3546
-3765
-3619
-3222
-2654
-2385
-2686
-2438
-1442
-993
-883
-434
-218
-26
81
870
2022
2421
2494
2395
2625
2867
3172
3395
3643
4361
4692
5293
5906
5679
5542
5642
5304
5996
6656
6532
6600
6086
5578
5470
5494
6087
6430
5668
5400
5013
4724
4470
3754
3997
4321
3759
3772
3720
3255
2675
1463
1341
1681
1962
1686
1978
1873
1436
1152
912
634
255
663
1018
2024
1933
1510
1007
240
-586
-837
162
348
601
407
-388
-911
-2205
-3246
-3216
-3053
-2703
-1849
-1763
-2893
-3645
-5003
-5559
-5665
-5588
-4730
-4978
-5544
-5937
-5663
-6780
-7839
-8220
-8124
-7152
-7085
-6229
-5407
-5716
-7551
-8125
-7731
-6917
-5348
-4792
-4108
-4150
-4415
-4879
-4624
-4089
-3544
-2563
-1854
-789
-417
-318
-584
-708
-290
228
1359
2181
2698
2633
2151
2276
2464
2521
3061
3611
3714
4155
4139
4339
4475
3751
3915
4490
5279
5551
5522
5273
5009
5109
5386
6086
6389
6258
5425
5240
5271
5507
5885
5631
5675
5532
5514
5507
5392
4906
4069
3338
3363
4082
4273
4138
3123
1945
1261
945
611
437
497
-158
-502
-588
-723
-986
-1628
-2617
-3411
-3138
-3108
-2645
-2272
-2897
-3254
-3229
-3362
-3585
-3743
-4650
-4600
-3955
-3265
-2533
-2291
-2575
-3205
-3818
-3902
-3219
-2903
-3104
-3275
-2618
-2015
-2292
-2314
-2009
-2505
-3482
-3623
-2811
-2161
-2166
-2471
-1646
-1005
-1898
-2577
-3014
-3359
-3453
-2957
-1544
-59
-444
-1729
-2310
-2508
-2474
-1998
-1003
-192
588
355
197
1221
1328
791
799
915
1400
2047
2241
2875
3743
3717
3581
3400
3092
2864
3182
3624
4515
5586
5181
4518
3752
3141
3347
3454
3686
4203
3875
3222
3110
3027
3137
2623
2083
2222
2157
1549
1197
1621
1123
351
372
383
507
161
-472
-924
-1077
-1358
-1268
-990
-1179
-1727
-2061
-2203
-2529
-2453
-2535
-2558
-2797
-3117
-3200
-3135
-3134
-3036
-2788
-2860
-2873
-3135
-3224
-3335
-3428
-3353
-2657
-2254
-2440
-2627
-2881
-2616
-2749
-2575
-1914
-1289
-1420
-1667
-1616
-1491
-1295
-1454
-800
-455
-182
-64
-215
202
42
-45
212
659
1274
1122
1097
1495
1627
1934
1637
1780
3033
3021
2919
3159
2953
3037
2356
2077
2805
3604
3418
2996
2906
2550
1886
1731
2643
2885
3193
3029
2476
2563
2146
1806
1842
1854
1740
1508
1956
2307
1787
1180
834
1007
1438
1125
1039
1481
1041
294
-30
285
366
0
-427
-601
-614
-1132
-812
-396
-495
-627
-1354
-1673
-1795
-2200
-2094
-1633
-1459
-1714
-2179
-2954
-3317
-2548
-2391
-2273
-1672
-1923
-2031
-2407
-2952
-2517
-1891
-1991
-2386
-2126
-2080
-2268
-1882
-1544
-1617
-2001
-2288
-2198
-1472
-1148
-1190
-669
-367
-906
-1607
-1661
-1188
-736
-239
171
583
164
-960
-1419
-1358
-984
15
704
866
756
-393
-1095
-1149
-1264
-607
175
654
1074
502
-423
-917
-1427
-1244
-251
799
1743
1862
701
28
-436
-826
-224
1126
2110
2316
2024
1216
728
17
-309
655
1355
1724
2075
1881
1241
493
94
788
1211
1327
2126
2429
2084
1883
1853
1651
1799
1554
1753
2750
2644
2282
2254
1958
1735
2240
2763
2838
2559
1808
1705
2263
2789
3433
3911
3229
1986
1089
989
1945
2671
3077
3079
2424
1760
1184
409
16
164
296
633
782
618
158
-749
-2265
-3095
-2957
-2465
-1957
-1713
-1834
-2408
-2995
-3975
-4498
-4581
-4316
-3558
-3003
-2870
-3087
-3430
-4548
-5389
-5188
-4451
-3423
-3266
-3598
-3795
-4501
-5159
-4627
-3900
-3388
-2799
-3008
-3255
-3447
-4138
-3989
-2951
-2138
-1311
-810
-1304
-2221
-2703
-3043
-1913
-197
335
1027
852
-85
-415
-473
53
1363
1857
1896
2564
2560
2232
2016
1758
2214
3116
3367
4009
4760
4235
3757
3787
3681
4317
5050
5010
5230
5108
4547
4474
4662
4902
4891
4580
4334
4312
4262
3856
3533
3386
3285
2832
2340
2436
2329
1831
1342
811
285
67
-344
-291
-215
-698
-1116
-1561
-1983
-2595
-2802
-2568
-2227
-2395
-2839
-3113
-3698
-4183
-4338
-4316
-3706
-3209
-3492
-3451
-3759
-4504
-4436
-4374
-4250
-3201
-2791
-3000
-2739
-2937
-3259
-2939
-2763
-2313
-1511
-1534
-1587
-1047
-1171
-968
-474
-839
-740
-326
-258
419
905
752
1012
840
563
1150
1611
1766
2271
2299
2237
2578
2512
2579
3122
3156
3124
3536
3646
3783
3897
3462
3509
4123
4000
3979
4099
3644
3211
2998
2810
3180
3295
2613
2383
1977
1279
725
658
775
1066
965
247
234
-550
-1492
-1699
-1550
-1150
-839
-1249
-1860
-2211
-3221
-3578
-3231
-3249
-2794
-2471
-2883
-3184
-3754
-4287
-4102
-3783
-3460
-2772
-3003
-3560
-3859
-4433
-4108
-3220
-2355
-1847
-1887
-2733
-3384
-3404
-3407
-2516
-1365
-825
-522
-908
-1751
-2156
-2286
-2069
-1113
-49
673
853
542
37
-308
-324
-131
510
1283
1803
1969
2098
2334
2059
1481
1534
2144
2846
3498
3540
3778
3871
3162
3002
3335
3668
3619
3601
3839
3858
3754
3345
3219
3281
2966
3015
3400
3266
2716
2172
1589
1647
1806
2077
2291
1685
1050
344
-64
-88
75
488
745
328
-350
-738
-1299
-1451
-1231
-1187
-753
-365
-669
-1034
-1559
-2238
-2159
-1846
-1622
-970
-665
-1215
-1521
-1644
-2053
-1845
-1417
-1351
-908
-753
-1213
-1203
-1182
-1602
-1429
-1141
-1349
-1300
-1429
-1596
-1216
-1033
-1050
-778
-968
-1623
-1714
-1511
-1053
-428
-265
-232
-162
-598
-1059
-735
-417
-161
86
204
653
878
395
-17
94
-34
90
407
588
879
636
160
158
-2
-71
-13
-58
81
96
122
45
3
-400
-565
-535
-617
-546
-463
-326
-457
-478
-696
-713
-805
-1042
-976
-986
-692
-618
-710
-668
-694
-724
-720
-641
-540
-148
-88
-141
184
336
279
255
447
594
1069
1062
792
1224
1144
879
1261
1631
1762
2087
1688
1282
1566
1415
1364
1986
2055
1890
1991
1339
1045
1295
1313
1721
1999
1875
1605
1329
1084
1142
1451
1563
1823
1939
1612
934
821
921
899
1224
1303
1632
1446
926
515
221
68
-208
196
573
499
320
-104
-796
-1197
-1475
-1385
-905
-822
-943
-1145
-1530
-2065
-2467
-2566
-2658
-2526
-2288
-2323
-2164
-2432
-2830
-3107
-3467
-3415
-2918
-2562
-2403
-2319
-2594
-2837
-3014
-2918
-2610
-2302
-2070
-1877
-1644
-1692
-1661
-1703
-1635
-1267
-1207
-785
-302
-414
-347
-459
-814
-554
-260
6
545
574
287
359
305
292
889
1160
1390
1820
1499
1160
1399
1423
1708
2332
2346
2552
2776
2449
2430
2468
2379
2686
2801
2940
3327
3298
3061
2763
2558
2508
2474
2472
2498
2726
2629
2321
2195
2029
1841
1519
1090
1016
1203
1040
874
626
277
-91
-556
-866
-958
-963
-1105
-1070
-1151
-1390
-1647
-1943
-2236
-2430
-2409
-2366
-2118
-2025
-2165
-2192
-2445
-2765
-2694
-2628
-2542
-2180
-2046
-1919
-1846
-2204
-2261
-2180
-2225
-2048
-1832
-1581
-1445
-1425
-1505
-1544
-1407
-1425
-1374
-1091
-928
-819
-598
-562
-403
-305
-411
-272
-177
-22
180
352
641
756
766
908
1101
1030
1055
1157
1307
1650
1853
2065
2151
2185
1969
1775
1969
2069
2293
2594
2648
2629
2576
2208
1900
1818
1829
2144
2410
2346
2135
2001
1400
890
1044
1143
1267
1358
1053
723
570
-130
-281
203
13
-33
46
-323
-559
-838
-1384
-1161
-863
-1159
-958
-757
-1247
-1533
-1839
-2132
-1758
-1684
-1587
-1068
-1169
-1584
-1806
-2163
-2184
-1947
-1985
-1660
-1331
-1530
-1614
-1822
-2184
-2064
-2067
-1945
-1381
-1153
-1087
-982
-1412
-1753
-1625
-1608
-1360
-711
-346
-390
-310
-661
-776
-473
-570
-136
586
777
872
857
463
590
718
795
1505
1858
1863
1856
1680
1572
1692
1782
1986
2292
2285
2168
2173
2064
1814
1784
1745
1846
2120
1918
1830
1746
1296
1167
1131
963
1127
1055
867
871
784
609
552
340
106
179
96
92
38
39
-91
-308
-519
-568
-423
-532
-704
-593
-634
-701
-794
-936
-893
-998
-1147
-997
-829
-903
-781
-928
-1024
-1022
-1184
-1115
-884
-887
-930
-761
-839
-833
-763
-885
-837
-638
-755
-599
-382
-442
-307
-341
-450
-318
-264
-171
110
201
180
136
157
240
315
353
414
566
591
606
725
704
772
699
642
836
718
762
801
755
836
750
688
685
580
429
425
408
440
375
277
141
45
19
-113
-68
-174
-302
-294
-400
-417
-377
-385
-416
-477
-641
-723
-697
-702
-707
-731
-722
-783
-801
-923
-998
-1032
-1084
-950
-923
-778
-702
-831
-808
-897
-983
-884
-780
-619
-441
-458
-430
-411
-447
-392
-362
-95
53
111
288
228
294
364
312
552
703
747
1017
1045
990
1151
1125
1295
1463
1499
1690
1765
1722
1708
1775
1803
1826
1870
1908
1884
1942
1887
1805
1864
1645
1546
1595
1446
1436
1491
1309
1228
1070
802
772
654
536
548
474
299
122
-66
-280
-449
-603
-732
-781
-828
-1028
-1190
-1344
-1604
-1681
-1676
-1783
-1684
-1732
-1984
-2020
-2206
-2345
-2294
-2289
-2244
-2165
-2193
-2241
-2247
-2276
-2357
-2301
-2124
-2039
-1873
-1740
-1778
-1703
-1737
-1797
-1564
-1440
-1299
-979
-868
-755
-639
-667
-559
-358
-219
61
315
428
549
682
713
740
923
1062
1225
1449
1506
1611
1803
1744
1791
1898
1808
1968
2057
2084
2247
2237
2201
2193
2101
1958
1956
1906
1913
1940
1887
1796
1617
1488
1256
1160
1082
1012
1073
942
781
663
396
189
62
-143
-141
-175
-279
-272
-504
-685
-842
-1115
-1170
-1231
-1231
-1186
-1219
-1278
-1421
-1536
-1651
-1720
-1657
-1662
-1568
-1450
-1526
-1562
-1594
-1688
-1637
-1616
-1558
-1354
-1324
-1260
-1215
-1217
-1187
-1138
-1011
-880
-748
-634
-546
-469
-437
-389
-220
-78
61
218
289
372
424
458
607
684
767
923
983
1062
1091
1128
1221
1273
1285
1361
1431
1463
1496
1491
1529
1516
1446
1436
1418
1413
1409
1371
1352
1248
1150
1057
951
891
812
735
687
601
502
399
223
112
-30
-116
-170
-263
-298
-394
-536
-676
-796
-878
-922
-1005
-1065
-1128
-1192
-1261
-1306
-1340
-1398
-1394
-1434
-1439
-1446
-1466
-1429
-1448
-1454
-1428
-1440
-1390
-1357
-1334
-1242
-1239
-1181
-1073
-1054
-926
-874
-850
-727
-728
-632
-501
-446
-307
-223
-172
-41
-4
112
284
326
471
527
608
741
735
857
968
1010
1111
1161
1215
1317
1286
1308
1381
1358
1399
1435
1449
1489
1464
1434
1400
1340
1323
1257
1244
1234
1136
1123
1050
913
864
688
608
596
451
454
377
240
179
-24
-140
-184
-285
-266
-346
-414
-421
-579
-635
-686
-780
-712
-763
-814
-799
-923
-909
-909
-961
-885
-932
-970
-925
-983
-932
-891
-899
-790
-804
-804
-738
-782
-730
-701
-656
-495
-437
-406
-370
-400
-388
-333
-277
-156
-76
-27
9
-4
15
66
132
248
329
367
419
410
398
424
452
543
640
673
694
670
615
643
640
678
751
727
737
675
589
583
543
523
532
486
465
434
322
306
235
172
148
69
71
42
-11
-35
-78
-144
-233
-313
-370
-419
-440
-419
-400
-435
-538
-616
-663
-679
-662
-630
-572
-582
-622
-654
-718
-705
-716
-679
-552
-566
-537
-533
-569
-518
-511
-467
-319
-275
-235
-179
-219
-134
-96
-43
89
117
192
245
235
302
309
329
479
513
588
694
671
762
797
779
891
880
896
964
924
968
995
968
1023
976
947
991
925
989
1001
934
969
886
815
789
663
646
641
583
594
502
422
366
243
197
157
112
111
29
-69
-159
-278
-331
-376
-418
-450
-511
-571
-628
-703
-737
-769
-791
-809
-869
-890
-907
-948
-970
-984
-1013
-995
-1005
-1007
-972
-969
-946
-930
-927
-923
-922
-891
-836
-779
-714
-655
-634
-627
-607
-570
-500
-391
-312
-225
-160
-161
-130
-129
-103
15
85
181
280
282
329
349
369
465
523
600
664
684
714
714
742
767
770
821
821
848
855
824
855
823
819
831
775
782
776
741
744
690
660
647
567
525
466
417
392
335
309
256
187
142
63
25
-36
-104
-108
-190
-243
-272
-352
-349
-390
-446
-441
-520
-551
-560
-608
-583
-602
-633
-635
-707
-712
-700
-709
-641
-631
-617
-590
-625
-600
-568
-553
-475
-441
-398
-347
-360
-328
-303
-273
-176
-124
-83
-26
-26
7
38
77
162
223
267
293
315
343
376
418
466
492
515
514
522
540
548
594
602
599
580
529
506
489
462
478
465
439
416
331
306
264
228
229
167
146
100
30
11
-60
-100
-117
-214
-244
-325
-406
-397
-466
-463
-489
-582
-590
-668
-714
-691
-731
-688
-677
-736
-719
-787
-796
-756
-791
-726
-713
-736
-684
-724
-714
-663
-671
-589
-550
-538
-467
-476
-441
-376
-340
-236
-184
-137
-65
-36
19
60
109
189
239
312
374
408
463
498
546
606
640
698
742
765
804
827
865
890
905
933
948
981
984
966
962
935
920
917
884
879
862
820
798
736
687
646
584
567
534
502
476
396
343
266
192
175
124
91
53
-38
-84
-152
-210
-231
-290
-314
-346
-402
-440
-499
-533
-566
-615
-620
-652
-670
-687
-735
-729
-750
-766
-736
-766
-775
-784
-830
-791
-781
-776
-730
-750
-726
-715
-730
-672
-659
-616
-554
-556
-502
-488
-492
-423
-423
-375
-311
-315
-240
-222
-204
-127
-121
-72
-24
-34
25
52
75
146
164
214
259
263
292
296
313
353
349
362
368
363
381
370
383
414
400
408
404
383
385
374
371
391
376
350
330
283
261
246
236
249
248
230
209
177
168
172
166
176
175
167
157
136
127
130
127
119
110
87
69
66
45
46
53
39
56
48
31
32
15
31
51
38
43
25
13
30
9
27
40
19
23
-5
-6
8
-6
17
6
-7
-3
-41
-33
-32
-36
0
-24
-26
-27
-74
-62
-68
-64
-40
-70
-76
-93
-133
-136
-152
-144
-133
-142
-140
-173
-197
-211
-220
-203
-201
-187
-180
-193
-183
-200
-191
-171
-175
-147
-148
-148
-119
-131
-113
-96
-95
-69
-79
-69
-41
-41
-5
25
40
60
54
70
86
101
135
156
183
195
187
176
170
184
202
213
217
218
216
216
216
217
229
234
220
205
184
176
178
163
166
150
129
125
96
101
107
87
106
79
50
42
-6
6
-3
-28
-17
-54
-60
-72
-114
-93
-113
-118
-108
-152
-139
-162
-181
-154
-183
-163
-171
-208
-188
-219
-211
-192
-219
-181
-196
-215
-187
-223
-206
-196
-208
-163
-174
-168
-138
-151
-126
-129
-144
-105
-106
-82
-47
-53
-29
-25
-31
-6
-6
12
44
52
86
103
106
121
109
113
133
140
167
189
183
197
193
190
213
207
226
249
241
250
234
221
225
207
213
219
195
186
159
143
142
126
129
120
107
102
81
72
60
53
51
33
24
-4
-28
-29
-40
-38
-48
-72
-79
-111
-122
-120
-139
-123
-133
-148
-143
-178
-180
-178
-193
-165
-177
-179
-170
-204
-196
-194
-205
-180
-190
-196
-191
-214
-200
-191
-187
-160
-160
-151
-140
-144
-119
-109
-103
-76
-73
-59
-51
-67
-46
-22
-10
21
31
39
57
50
57
80
81
102
114
111
131
130
133
142
131
142
151
143
155
153
154
165
151
157
147
129
135
117
117
127
118
130
122
102
100
83
89
97
87
97
90
71
73
63
59
58
43
39
36
20
19
9
3
4
-4
-7
-18
-40
-48
-50
-49
-45
-58
-68
-71
-82
-82
-84
-81
-67
-78
-87
-93
-103
-90
-89
-92
-81
-84
-85
-86
-94
-82
-79
-71
-57
-54
-45
-48
-46
-37
-36
-30
-31
-28
-18
-23
-10
2
1
13
10
11
14
7
13
11
11
13
6
7
4
-7
-9
-13
-6
4
5
10
5
3
3
-2
-8
-5
-4
-7
-8
-11
-9
-11
-19
-27
-32
-35
-27
-24
-24
-13
-11
-14
-21
-25
-25
-14
-2
-1
5
-6
-19
-17
-28
-25
-4
-4
9
12
-2
13
7
7
23
19
31
27
23
32
28
32
37
39
48
42
43
42
38
51
43
49
57
52
63
59
51
57
46
51
54
53
63
55
56
50
38
38
30
32
36
22
27
15
4
12
0
4
10
-1
2
-5
-14
-15
-24
-25
-22
-28
-30
-35
-36
-34
-42
-42
-41
-43
-40
-36
-33
-31
-39
-39
-39
-44
-38
-37
-33
-26
-29
-25
-31
-43
-43
-45
-43
-35
-39
-38
-38
-44
-45
-45
-37
-30
-31
-28
-31
-31
-31
-34
-27
-24
-22
-18
-22
-17
-17
-16
-5
-9
-3
-2
-9
2
-1
4
20
13
23
23
16
25
25
35
47
39
39
30
27
27
17
21
19
17
24
17
23
26
21
31
24
27
34
27
41
45
41
44
28
23
18
9
16
18
25
32
31
32
20
16
17
15
30
28
35
43
32
38
30
16
26
15
14
17
5
15
4
-10
-10
-24
-27
-26
-28
-19
-17
-17
-12
-16
-19
-26
-21
-17
-14
-8
-9
-8
-9
-15
-17
-20
-18
-14
-12
-6
-4
-5
-7
-8
-1
3
3
10
8
9
13
7
13
19
16
20
14
14
19
14
13
4
-6
-4
-8
-9
-5
-1
6
5
4
5
3
3
0
-4
-2
-9
-10
-13
-22
-18
-18
-23
-14
-23
-24
-19
-27
-20
-17
-20
-8
-16
-22
-20
-34
-20
-14
-18
-10
-22
-22
-26
-37
-33
-37
-36
-32
-36
-28
-32
-35
-26
-32
-24
-28
-37
-26
-35
-29
-18
-22
-18
-24
-32
-27
-29
-20
-13
-8
-1
-9
-7
1
7
21
29
35
37
36
36
37
38
42
45
53
52
52
57
59
62
64
65
66
60
57
57
62
68
70
73
70
65
63
58
60
57
63
66
58
52
41
38
39
33
39
42
40
38
28
24
17
4
9
1
-2
2
-11
-14
-20
-29
-23
-33
-45
-48
-59
-64
-70
-80
-81
-82
-87
-88
-88
-95
-95
-86
-88
-84
-90
-97
-90
-93
-87
-84
-94
-91
-92
-89
-79
-82
-70
-64
-67
-60
-62
-55
-41
-37
-18
-13
-5
5
-3
2
9
9
26
31
31
44
36
34
38
33
51
61
68
83
82
84
88
78
88
90
91
101
94
95
94
83
85
79
81
84
76
75
63
64
63
52
51
43
44
47
37
37
26
20
16
3
1
-10
-17
-23
-35
-38
-51
-65
-69
-82
-79
-78
-81
-69
-76
-77
-74
-90
-75
-76
-72
-55
-65
-62
-64
-73
-69
-71
-66
-57
-59
-54
-55
-51
-35
-32
-19
-17
-22
-8
-11
-2
8
-1
11
7
8
22
16
30
38
32
42
35
36
50
43
54
57
56
74
71
73
80
76
87
82
72
73
56
57
64
55
68
64
48
53
42
42
53
48
52
51
36
31
23
15
16
8
-4
-12
-19
-28
-26
-30
-40
-45
-63
-71
-69
-78
-69
-63
-68
-62
-73
-80
-80
-86
-76
-67
-64
-62
-70
-75
-79
-82
-86
-84
-77
-73
-67
-65
-61
-51
-43
-35
-28
-25
-13
-6
0
6
3
12
11
9
16
17
29
37
45
56
48
49
49
44
52
55
65
76
73
75
68
63
67
63
68
67
62
63
54
50
49
42
45
39
29
33
29
35
40
33
31
22
15
21
16
9
8
-1
-1
-3
-17
-21
-28
-35
-31
-34
-37
-34
-42
-41
-43
-49
-42
-41
-38
-32
-34
-33
-37
-32
-34
-39
-36
-43
-40
-31
-32
-18
-24
-29
-19
-29
-16
-11
-14
8
2
13
24
12
23
19
18
32
27
37
41
32
42
35
37
47
39
54
52
46
53
41
48
52
47
58
47
41
45
30
34
28
21
28
14
12
15
6
6
2
-4
-5
-13
-21
-27
-35
-35
-38
-39
-42
-48
-48
-52
-52
-50
-55
-60
-61
-67
-63
-56
-59
-58
-59
-68
-67
-75
-79
-65
-65
-56
-53
-61
-49
-51
-46
-33
-39
-30
-34
-33
-22
-26
-16
-12
-9
1
-5
2
7
8
24
23
34
42
34
47
46
53
68
64
70
66
64
76
69
77
79
77
85
76
76
74
72
84
86
86
94
81
84
81
69
75
58
52
56
44
51
43
31
41
21
20
21
3
18
7
2
12
-11
-11
-26
-42
-28
-47
-43
-33
-50
-34
-51
-62
-51
-75
-57
-58
-74
-52
-81
-78
-71
-95
-64
-79
-83
-59
-93
-74
-72
-93
-60
-81
-78
-58
-84
-55
-62
-69
-33
-52
-37
-29
-51
-22
-28
-24
-1
-20
-9
-10
-15
7
5
21
32
27
42
37
39
46
41
55
54
51
59
46
53
52
53
68
63
65
59
48
51
47
49
54
45
44
41
37
36
33
37
33
29
15
9
9
2
7
2
-1
-1
-7
-6
-7
-12
-7
-6
-11
-12
-22
-30
-33
-36
-31
-29
-28
-29
-35
-31
-33
-37
-33
-42
-36
-33
-43
-37
-41
-46
-30
-38
-36
-22
-35
-21
-19
-31
-10
-23
-24
-8
-24
-6
-7
-19
10
-9
-2
9
-10
23
14
11
37
12
37
37
14
55
28
40
67
26
63
52
28
69
29
48
71
33
75
51
36
70
34
56
64
35
66
41
38
56
26
45
38
21
38
13
18
22
1
14
7
2
8
-10
-8
-10
-17
-13
-19
-23
-31
-38
-42
-43
-40
-43
-45
-43
-50
-48
-51
-56
-49
-55
-51
-44
-50
-42
-37
-41
-33
-41
-43
-33
-45
-37
-32
-37
-20
-30
-33
-24
-43
-26
-19
-28
-5
-22
-10
2
-18
15
9
3
28
1
20
20
-5
30
5
9
31
0
34
23
5
41
9
27
37
13
52
30
31
53
19
48
36
25
53
19
37
37
13
37
9
15
27
0
23
8
2
27
4
21
18
0
20
5
9
17
-3
8
-8
-16
-6
-27
-18
-20
-31
-15
-31
-23
-14
-28
-11
-20
-27
-4
-19
-6
4
-15
9
-6
-12
9
-22
-6
-4
-30
3
-24
-22
7
-32
6
3
-21
28
-12
6
27
-15
35
13
-2
35
-20
12
17
-24
26
-14
-10
27
-27
20
4
-20
33
-17
9
28
-20
36
0
-6
44
-17
26
21
-25
36
-18
-11
24
-40
11
1
-26
31
-18
-5
20
-28
15
2
-17
18
-14
-7
-1
-28
-11
-15
-23
-10
-18
-20
-17
-26
-26
-23
-21
-19
-13
-12
-12
-7
-11
-10
-11
-21
-9
-13
-13
-1
-14
-12
-15
-25
-11
-19
-12
3
-9
7
3
-2
17
0
10
17
-5
15
6
0
21
-7
7
13
-12
9
-9
-6
14
-6
13
11
-1
16
4
9
18
8
20
18
13
16
6
12
13
10
13
7
6
4
5
9
3
15
10
13
20
1
17
13
3
24
-4
8
17
-18
16
-4
-17
21
-29
-6
3
-44
14
-15
-21
26
-42
2
8
-44
32
-20
-20
37
-48
7
1
-55
30
-34
-26
27
-61
10
-7
-52
39
-38
-8
37
-51
27
-3
-37
45
-34
-2
25
-53
24
-10
-30
37
-39
-3
8
-51
17
-22
-27
22
-37
7
7
-27
29
-12
-3
25
-22
15
1
-19
19
-15
2
15
-20
19
3
-6
21
-3
14
15
-1
21
6
13
22
7
22
12
13
18
2
12
2
5
7
-7
7
-10
-8
-3
-28
-2
-11
-16
8
-22
-2
-4
-30
4
-20
-16
3
-29
0
-14
-29
5
-26
-9
-3
-29
9
-13
-10
13
-17
11
2
-13
19
-14
2
17
-8
32
11
7
32
-6
21
21
-1
38
12
23
43
4
38
23
19
53
11
41
39
7
56
19
30
57
9
54
31
5
54
1
31
45
