2
0
2
1
3
0
1
-1
-5
-6
-6
-2
1
1
5
3
3
2
4
1
-3
-7
-11
-11
-14
-13
-10
-9
-6
-1
1
6
13
13
10
6
3
-8
-13
-15
-13
-13
-12
-7
-3
1
1
2
3
4
7
11
12
9
4
-1
0
1
1
1
-2
-3
-5
-2
2
1
0
-5
-8
-9
-8
-5
-3
1
3
2
3
5
4
1
0
1
6
7
4
-1
-6
-5
-3
2
6
4
0
-1
-2
0
-1
-1
1
-2
-6
-10
-13
-9
-4
-5
-8
-8
-7
-7
-12
-12
-9
-4
-5
-9
-15
-11
-7
-6
-1
1
3
2
-1
-3
-2
-3
-2
-1
-1
-5
-9
-4
4
9
12
11
13
15
12
4
0
0
0
-2
-4
-3
-5
-5
0
9
19
21
20
17
12
7
-1
-8
-7
-5
-7
-8
-9
-7
-6
-4
-3
3
9
6
1
3
1
0
-3
-3
-10
-17
-16
-8
2
7
8
3
4
1
-1
0
1
2
3
4
1
-5
-10
-15
-14
-11
-8
-3
0
-1
-2
-5
-5
-4
-8
-12
-17
-19
-17
-17
-12
-9
-4
3
6
6
4
9
16
15
10
1
-7
-10
-11
-11
-10
-6
-1
3
9
12
11
10
10
9
7
6
0
0
2
8
10
6
6
6
6
5
3
0
-1
-6
-9
-10
-9
-7
-4
0
4
4
3
3
2
0
-1
1
-2
-7
-14
-18
-19
-19
-16
-12
-9
-3
-3
0
1
1
1
0
1
-1
-6
-9
-9
-9
-7
-5
-3
0
-2
0
1
6
9
7
1
-1
-1
-4
-6
-8
-8
-9
-9
-9
-5
1
4
2
0
-1
-1
-3
-5
-2
4
3
-2
-5
-2
-1
0
4
6
9
9
11
8
6
2
-2
1
4
4
7
10
10
8
7
8
8
5
4
4
9
14
16
14
12
7
0
1
2
6
7
9
9
2
-5
-14
-13
-8
-4
-1
-1
2
5
7
5
4
5
1
-2
-3
-1
0
-4
-8
-8
-3
-1
1
2
5
8
11
11
9
4
1
-2
-4
-2
-2
-5
-1
2
2
0
0
-1
1
2
2
1
0
-1
0
-1
-4
-2
2
8
10
10
6
-1
-6
-9
-3
4
6
8
6
2
0
0
4
3
-2
-5
-4
-1
3
3
1
-5
-9
-11
-8
-4
1
5
6
6
5
4
6
4
0
-4
-4
-1
-1
0
-1
-7
-9
-8
-5
-3
-4
1
5
6
3
0
-1
-5
-6
-1
-1
1
1
-1
3
5
6
5
5
7
2
1
-2
-3
1
5
8
9
9
10
8
14
15
17
12
2
-2
-8
-5
-3
-1
1
3
2
3
6
6
5
1
-2
-1
-2
-5
-12
-16
-14
-9
-2
2
7
9
7
1
-2
1
9
8
2
3
7
9
8
10
10
8
5
3
6
7
3
1
1
3
2
2
2
3
3
5
9
9
7
4
-1
-4
-10
-10
-5
1
4
1
3
7
5
1
-2
0
4
4
5
6
8
7
2
4
5
3
-1
-1
0
-1
1
0
3
7
8
6
6
14
16
12
9
10
8
7
4
3
1
-4
-9
-9
-7
-3
-2
-4
-5
-8
-13
-15
-16
-15
-12
-7
-7
-7
-5
-4
0
2
2
3
5
8
9
5
5
8
10
12
13
11
11
8
6
7
10
13
18
19
11
2
0
0
2
1
5
10
13
12
7
6
10
10
10
6
1
-1
-3
-7
-14
-13
-11
-7
-3
-3
-3
-7
-8
-7
-5
-5
-9
-16
-22
-24
-26
-21
-14
-12
-9
-6
-1
-1
-6
-10
-9
-7
-10
-12
-7
-6
-7
-9
-5
-2
-3
-1
1
4
3
2
3
1
-6
-11
-12
-7
3
7
12
11
9
5
1
-1
1
4
5
1
-5
-8
-8
-7
-5
-1
1
1
1
1
3
1
-1
-4
-5
-5
-8
-8
-7
-4
-4
-5
-6
-5
-4
-8
-6
-3
2
5
7
4
-1
-5
-7
-7
-6
-3
-1
-3
-2
-4
-5
-5
-4
-2
0
1
1
0
4
7
4
2
4
8
8
9
9
9
12
9
8
5
2
2
1
5
8
10
8
7
8
8
5
4
1
-1
-2
-3
1
6
8
7
6
4
7
8
11
12
8
2
-5
-8
-8
-9
-10
-9
-8
-6
-5
-2
2
3
1
-1
0
-1
-4
-6
-9
-9
-9
-10
-13
-14
-16
-16
-12
-13
-14
-19
-21
-24
-21
-17
-14
-12
-11
-10
-13
-16
-20
-18
-14
-15
-15
-17
-14
-9
-6
-7
-10
-10
-5
2
7
4
7
8
4
0
-5
-5
-5
-7
-7
-3
5
8
9
9
10
12
9
6
7
6
3
6
8
8
6
3
6
10
12
13
15
18
14
8
2
-1
0
1
3
3
1
-5
-7
-5
-2
0
1
2
1
0
-1
3
5
5
2
-1
-1
-2
-1
4
5
2
-5
-4
-1
2
4
3
7
12
13
11
7
4
2
-1
-2
3
6
3
2
4
6
3
-3
-4
0
5
5
6
8
10
5
2
1
-1
-3
-4
-1
4
8
9
6
2
-1
-5
-6
-8
-8
-6
-3
-3
-3
-4
-2
0
6
9
9
8
3
1
0
-1
-1
-2
-1
-3
0
0
0
-1
-3
-3
-4
0
2
4
-1
-6
-9
-8
-4
-5
-4
-3
-4
-3
-4
-4
-4
-2
0
1
4
3
5
3
3
5
4
1
1
3
1
3
2
0
2
5
8
4
0
0
1
4
4
6
6
9
9
6
6
6
6
4
1
-3
-8
-6
-3
-1
-1
-1
1
3
3
4
5
7
6
0
-4
-3
-2
-3
-8
-9
-9
-7
-5
-1
-2
-1
-3
-2
4
7
4
0
-3
-4
-3
-2
-4
-5
-2
-2
-2
2
5
7
8
9
9
6
7
11
13
10
7
5
4
8
9
13
15
13
13
13
12
8
4
3
6
7
3
1
1
0
0
-2
-3
-1
2
1
-2
-1
-3
-4
-7
-7
-2
-1
1
1
-3
-5
-8
-11
-9
-4
2
2
5
7
9
12
11
6
4
3
4
5
6
3
4
3
1
0
-1
1
1
1
0
6
7
5
0
-3
-1
2
2
-1
-3
-1
-2
-3
-4
-4
-3
-5
-4
-3
-4
-4
-1
6
5
1
5
5
7
5
4
2
-3
-2
-6
-6
-9
-12
-13
-11
-8
-1
1
-3
-7
-9
-12
-11
-12
-10
-8
-9
-11
-13
-14
-15
-15
-11
-8
-7
-5
-6
-5
-6
-5
-4
-5
-8
-12
-11
-1
5
3
2
1
2
1
-4
-7
-8
-7
-4
0
5
4
6
8
9
14
13
13
13
11
8
7
5
2
1
0
-1
-1
1
1
3
3
4
3
1
3
2
-1
-3
-5
-4
-4
-10
-13
-13
-11
-12
-12
-9
-9
-11
-12
-10
-9
-9
-8
-10
-12
-12
-10
-11
-11
-14
-15
-13
-12
-8
-6
-2
1
4
1
-1
1
7
8
5
2
2
2
0
-2
-2
-3
-3
-4
1
5
6
7
7
7
9
7
3
1
-1
1
3
2
0
-2
0
2
5
4
4
3
3
6
9
8
5
1
-3
-5
-4
0
1
3
-4
-9
-11
-11
-13
-11
-7
-7
-4
-5
-8
-11
-13
-12
-12
-13
-15
-14
-12
-10
-11
-10
-4
-1
2
0
-6
-7
-5
-4
-4
-4
-4
-4
-5
1
2
3
2
-1
0
-1
-1
-1
1
1
-1
-3
2
10
12
7
4
3
4
2
2
2
0
-2
-4
-1
5
4
2
0
4
4
3
2
2
6
9
9
7
4
0
3
6
6
5
7
2
4
8
9
10
8
9
10
10
9
9
9
9
5
3
1
-3
-3
-2
-3
-4
-1
1
-3
-7
-13
-14
-13
-12
-8
-8
-11
-9
-7
-5
-4
-5
-7
-10
-8
-7
-5
-7
-7
-6
-3
2
6
11
12
10
7
9
10
12
12
12
10
14
17
17
16
13
8
6
8
7
7
12
18
16
10
4
3
7
11
7
-3
-4
-5
-7
-5
-6
-4
-1
3
5
-2
-5
-5
-3
1
2
3
-2
1
4
5
3
1
3
3
3
2
4
4
3
4
8
8
5
5
2
3
6
11
10
9
4
-1
1
8
12
8
4
3
2
1
0
0
0
-1
3
6
6
1
-1
3
5
6
0
0
0
0
1
2
8
5
2
-1
-7
-5
-1
2
1
-2
-3
2
2
3
4
6
10
10
11
7
2
3
5
1
-2
-4
-2
-3
-4
-2
-1
-1
1
1
0
1
0
-1
-1
-2
-5
-10
-14
-15
-17
-14
-10
-6
-8
-11
-11
-6
-2
-1
-1
0
2
0
0
-1
-3
-1
-2
-4
-5
-1
2
-1
0
2
3
4
5
6
6
6
11
14
16
13
9
6
0
5
4
2
2
1
-1
-2
2
4
5
8
5
-1
-2
3
6
3
-1
-4
-4
-7
-7
-8
-2
2
0
-2
-6
-5
-4
-1
1
4
4
5
8
6
3
1
2
3
2
0
-1
-3
-1
4
7
10
12
10
11
9
11
12
9
7
5
5
3
2
2
2
4
5
4
4
1
-2
-4
0
6
7
8
4
1
1
-1
-2
-8
-9
-8
-9
-9
-11
-12
-9
-7
-2
-5
-6
-4
-3
-4
-6
-8
-7
-6
-3
-1
-4
0
3
6
5
2
-1
-5
-1
1
2
1
1
2
-1
-1
0
2
1
3
3
-1
-2
-8
-13
-11
-8
-6
-5
-2
-3
-4
-2
0
0
-2
-8
-12
-14
-8
-7
-9
-10
-13
-15
-16
-17
-18
-18
-14
-9
-9
-10
-10
-8
-5
-9
-12
-10
-7
0
1
0
-2
-5
-5
-4
-5
-6
-9
-12
-10
-7
-6
-5
-3
-3
0
2
-1
-5
-5
-7
-7
-6
-6
-7
-10
-8
-8
-5
-4
-3
-1
1
6
5
0
-2
0
3
9
4
-1
-6
-7
-2
3
7
3
-2
1
4
3
4
2
3
5
7
16
16
15
14
14
12
14
16
15
13
12
6
2
2
4
5
4
1
1
1
4
3
4
3
0
-1
-5
-5
-4
-1
1
0
-1
1
1
2
-1
-6
-7
-6
-2
-3
-4
-4
-3
-2
1
-1
-2
-2
0
5
4
0
-7
-6
-4
-1
2
3
3
1
2
6
5
6
9
8
2
1
4
4
0
-2
-6
-9
-7
-4
-8
-10
-9
-6
-6
-6
-8
-11
-12
-8
-7
-12
-13
-12
-9
-10
-12
-14
-13
-7
-1
2
3
-2
-2
-8
-10
-5
-1
0
1
1
2
3
6
6
4
2
-4
-6
-7
-3
0
4
5
0
2
4
3
1
0
1
0
2
5
1
1
1
-1
-1
2
3
4
4
5
7
8
10
8
5
2
2
8
11
14
12
11
12
11
8
4
2
7
13
19
20
15
11
6
8
11
14
14
15
13
10
7
7
7
8
12
7
1
-2
0
2
8
13
10
7
7
9
10
6
-1
-6
-6
-2
-2
-5
-6
-3
-1
5
9
8
6
4
5
4
-1
-1
-4
-4
-5
-5
1
0
1
-3
-7
-4
-7
-10
-11
-6
0
2
9
7
2
-1
-3
-4
-6
-6
-8
-4
0
1
5
9
13
12
14
14
11
12
12
9
6
5
3
4
6
3
-4
-1
8
10
7
4
1
0
2
5
7
9
5
1
-2
-3
-4
-3
-5
-8
-5
-5
-3
-1
0
-7
-10
-8
-7
-8
-8
-9
-6
0
-5
-12
-14
-13
-12
-12
-10
-9
-11
-10
-14
-15
-10
-7
-5
-7
-2
1
-3
0
-6
-5
-4
-7
-3
-1
3
2
0
5
7
7
10
7
1
0
2
8
9
14
13
8
12
10
13
12
11
10
6
9
5
3
8
11
12
7
7
2
-4
-5
-4
-5
-5
-6
-11
-9
-4
-2
3
6
6
2
4
2
-2
4
3
-4
-7
-3
1
4
11
4
2
3
-2
-2
6
2
-5
0
4
6
5
3
-3
-6
-7
-16
-16
-9
-8
-12
-13
-13
-17
-15
-16
-23
-20
-13
-14
-22
-20
-28
-37
-34
-30
-24
-20
-17
-24
-27
-28
-33
-29
-17
-17
-17
-8
7
24
39
28
24
26
24
25
28
28
15
15
-1
-2
16
22
31
44
42
32
27
25
28
36
31
27
35
34
15
-1
-3
-11
-11
-19
-23
2
2
1
-3
-22
-35
-44
-10
21
17
4
-22
-31
-69
-114
-114
-82
-16
8
37
47
34
-11
-47
-41
-31
6
10
26
15
-8
-11
-28
-15
-17
-46
-74
-96
-75
-49
-43
-43
-28
9
7
-4
-15
9
36
19
-10
-19
-36
-87
-103
-117
-105
-67
-57
-75
-105
-119
-143
-117
-80
-94
-83
-134
-151
-148
-150
-127
-117
-91
-109
-147
-158
-151
-91
-59
-49
-61
-73
-26
-18
-15
-48
-110
-116
-104
-28
22
71
142
119
148
129
188
275
292
374
397
443
416
410
427
418
478
464
532
601
581
504
421
401
358
443
540
617
655
511
240
-287
-652
-706
-470
-96
-37
-95
-348
-589
-844
-972
-642
-296
-113
-128
-245
-369
-559
-634
-610
-504
-445
-506
-491
-403
-441
-629
-712
-610
-475
-467
-491
-502
-526
-540
-562
-391
-159
-76
-192
-375
-333
-200
-27
155
293
348
206
70
15
73
150
83
21
83
129
113
179
244
350
368
351
320
411
523
532
715
909
1045
1194
1295
1329
1349
1460
1590
1690
1941
1994
2077
1965
1803
1129
-182
-1115
-1362
-526
78
91
-120
-421
-925
-1944
-2008
-988
93
523
230
-8
-334
-807
-1055
-697
-104
-198
-525
-447
-325
-694
-1303
-1503
-1170
-910
-946
-939
-952
-1033
-1324
-1262
-675
-138
-43
-327
-364
-233
-76
176
524
904
846
465
197
188
267
171
180
308
333
110
-222
-332
-357
-467
-528
-408
-233
-209
-210
-110
53
151
158
314
606
762
765
735
819
879
699
556
536
578
539
313
188
146
134
45
14
124
112
14
-91
-78
-11
-4
10
139
337
424
398
410
464
491
501
469
467
448
349
149
22
-131
-289
-397
-460
-482
-523
-472
-433
-382
-304
-247
-92
29
156
199
219
279
197
179
35
-14
-118
-195
-192
-248
-181
-255
-330
-385
-423
-434
-408
-382
-306
-317
-307
-304
-237
-7
71
325
328
317
305
240
371
182
244
158
145
239
101
260
309
428
367
474
635
612
676
664
837
850
858
774
798
756
585
406
266
238
138
115
-21
-85
-160
-236
-255
-185
14
86
81
-86
-270
-261
-193
-38
42
31
11
-139
-152
-303
-377
-287
-351
-248
-248
-224
-267
-393
-419
-480
-296
-215
-161
-138
-299
-326
-316
-168
-138
-222
-306
-331
-247
-156
-48
84
140
58
-42
-18
24
25
-78
-139
-153
-167
-263
-364
-506
-576
-635
-627
-539
-501
-514
-601
-602
-620
-513
-456
-232
-47
33
-54
-167
-159
-191
-138
-216
-46
139
230
212
87
175
153
232
479
750
1051
938
749
674
673
743
816
953
1131
926
1125
1101
1224
1306
892
1447
1181
1472
1206
1154
1672
1152
1420
746
764
893
688
925
-510
-1137
-1640
-1134
-231
-538
-205
-537
-740
-1444
-1975
-1035
-387
-39
-478
-879
-1067
-1460
-1596
-1227
-752
-707
-955
-906
-588
-770
-1127
-1321
-1055
-674
-746
-611
-784
-909
-1227
-1469
-1237
-1559
-2008
-2849
-2835
-2046
-1319
-795
-916
-1099
-1717
-2086
-1806
-954
233
321
-73
-603
-920
-789
-569
-20
291
283
316
323
783
992
1024
1185
1493
2185
2676
3170
3398
3557
3600
3915
4546
4949
4827
4189
4204
4644
5372
5793
6083
5796
3557
1367
56
806
633
-918
-1613
-1464
-729
-2321
-3015
-2237
-1378
-1738
-3132
-1720
-101
183
-838
-1439
-760
-1312
-1885
-1500
-449
-496
-2201
-2821
-2178
-1627
-2325
-3084
-3138
-2872
-3020
-3077
-2445
-1992
-2159
-2772
-2497
-1647
-1119
-1147
-1278
-665
-173
118
389
759
967
282
-293
-341
-21
-215
-742
-822
-902
-1342
-2099
-2257
-2282
-2708
-3141
-2602
-987
-8
-237
-727
-443
110
353
987
2260
3345
2983
1901
1199
1321
1792
1776
2124
2072
1549
772
437
1180
1382
1300
826
693
962
754
994
1001
1178
1166
1472
2493
2975
2930
2320
2394
2870
3010
3362
3530
3524
2749
1507
1072
1299
1709
1647
1613
1679
1280
692
468
-81
-859
-1547
-1437
-369
268
159
-533
-891
-1908
-2766
-2560
-1559
-633
-1075
-1928
-2794
-3156
-3174
-3271
-2725
-2446
-2702
-2834
-2834
-2601
-2603
-2587
-2540
-2054
-1478
-1225
-1430
-1922
-2491
-3137
-3389
-2845
-1600
-964
-1686
-3158
-3535
-2681
-1811
-1093
-200
570
201
-822
-1173
-216
959
1261
1468
1594
1502
1039
1108
2135
2680
2609
2108
2026
2663
2997
3237
3852
4319
4458
4478
5087
5749
6008
6170
6497
8268
9099
8469
7339
5567
3958
2486
2865
4252
3488
-1255
-6776
-7497
-4986
-2723
-2542
-2428
-2477
-5227
-8546
-8662
-3529
1294
1205
-970
-2433
-3079
-3559
-2827
-177
1808
304
-2239
-2359
-1310
-1929
-4072
-4560
-3042
-1929
-2167
-2881
-3455
-4684
-5464
-4377
-1319
1180
743
-911
-1784
-1096
324
1770
3073
3420
2358
373
-389
115
883
252
-1326
-2274
-3279
-3934
-5173
-5337
-4383
-3901
-3564
-3769
-3391
-2993
-2189
-1179
312
2136
2423
2463
2059
1826
2038
2424
3395
3797
3810
2901
1988
2084
2532
2581
2633
2536
2542
2306
1643
1782
2504
3951
4636
5366
5658
5941
6452
6589
8050
8494
9940
10137
7825
4824
1975
2179
-1554
-5520
-5900
-1529
1922
-3259
-7657
-8290
-5511
-7494
-8856
-2237
3384
2742
-4139
-5057
-1092
-387
-890
592
4692
2654
-3244
-4126
-848
279
-2921
-4288
-2589
-2014
-4597
-6112
-5067
-3788
-4205
-4513
-2318
-1037
-1730
-3824
-3980
-1301
1059
2366
1706
1033
148
-1349
-1436
13
1793
1109
-1286
-2749
-2815
-2563
-2868
-2217
-921
-905
-1927
-2517
-1247
-42
278
1146
2699
3873
3479
2868
3413
4378
4572
4493
4992
5902
5670
4752
4803
5755
6394
6088
5484
5678
5674
5264
4873
5038
5805
5978
5484
3725
2392
1330
1988
3218
3676
-1335
-8076
-9319
-4891
962
96
-2218
-3579
-4752
-10147
-13017
-5207
3396
3674
-4307
-8268
-6593
-6309
-5899
-2638
3114
1421
-5711
-6205
-1353
584
-3296
-4865
-1614
570
-1531
-3746
-3238
-3062
-4660
-4381
-113
3181
1298
-3479
-5662
-3933
-1517
386
1492
1987
-234
-4618
-5664
-2357
1529
1361
-834
-1212
-624
-1647
-3735
-2868
-166
233
-1657
-2310
-808
-649
-1524
-1035
1586
3857
3397
3089
4368
5469
5143
5450
7735
9706
9560
7779
7554
8482
8367
7897
7724
9006
8504
7133
6554
6829
7412
5862
4941
4422
4597
3753
3149
3445
2565
-2041
-9112
-9624
-3519
2417
1435
-3241
-5511
-6464
-10411
-12380
-5169
3142
2514
-6432
-10594
-7323
-6655
-7149
-4382
1613
1302
-6684
-8352
-3423
-1113
-4693
-6487
-2399
-393
-3844
-6829
-5296
-3624
-4993
-4848
-603
2544
-25
-4770
-5917
-3965
-2581
-1420
137
518
-2260
-6955
-7557
-3689
-59
-234
-2094
-2114
-1580
-2665
-4139
-2100
1477
2159
41
-1278
205
656
126
1360
4005
5858
5027
4714
6606
8179
8097
8424
10294
12136
11526
10116
10450
11235
11310
10457
10339
10525
9624
8398
8410
9383
9487
7722
5009
3998
3778
3444
3075
2774
-1540
-10194
-13826
-8235
1076
2069
-4170
-7995
-7708
-10722
-15112
-8697
3236
5431
-5185
-13015
-9849
-6243
-7490
-7232
-895
814
-7414
-11540
-5814
-809
-5147
-8956
-4525
-359
-2897
-6661
-6221
-4264
-4678
-5460
-1382
3558
1328
-4526
-6126
-3574
-680
974
1522
656
-1697
-5775
-8193
-5780
-247
2294
-1107
-4184
-3572
-2300
-4025
-4231
638
3991
2092
-1183
-546
1627
1608
1836
4630
7678
6556
4056
5223
8305
9312
8614
9180
10949
11100
9708
9790
11626
12136
11000
11156
12416
11353
7326
5816
8622
12438
13230
9840
6097
2998
759
295
3653
5950
-2456
-12970
-15002
-6051
1502
-1191
-5280
-6440
-8293
-16879
-17769
-3497
7402
1391
-12417
-14482
-8244
-6571
-8182
-4116
2148
-3532
-12315
-9213
-285
-658
-8851
-10339
-4268
-1736
-5209
-6608
-4829
-5541
-8846
-6519
1295
3937
-1088
-7059
-6926
-2725
47
1067
1026
-33
-4497
-8099
-5804
-261
873
-3309
-5381
-2673
1150
-603
-3771
-1791
837
-800
-2245
1715
5545
4200
42
316
5402
8529
8097
7980
10056
9277
7823
10281
13434
14253
11226
9325
11685
14906
14496
11549
10786
10132
9917
10169
11249
12015
10776
9116
7151
5499
3971
4207
5476
3301
-7384
-16422
-11809
-136
4101
-3082
-9658
-8163
-9227
-17235
-16015
-1834
7819
-1055
-14592
-13068
-8122
-8769
-9422
-2944
4446
-4180
-14702
-10554
-1551
-2479
-9253
-7649
-1735
-3641
-9919
-10096
-5489
-5195
-8575
-6703
-921
-261
-5255
-8447
-6470
-3122
-613
1721
1680
-1755
-6907
-9004
-5919
-2275
-1183
-1839
-1679
-1860
-3486
-3895
-2053
974
1745
1356
1480
2807
3599
1312
2013
4846
6755
7749
6991
7454
8186
8709
10735
13700
15395
14229
12119
12035
13402
15059
16077
14782
12669
9667
8261
9017
10722
12214
11232
10649
9152
6192
2840
1749
5076
2625
-9349
-16219
-7534
5314
2628
-9920
-12375
-5688
-10787
-21447
-13017
6302
8946
-11560
-20508
-9413
-4494
-9549
-9633
2982
4234
-12730
-17261
-3726
4066
-5057
-12176
-4922
321
-6859
-12190
-7671
-3589
-7839
-10875
-4653
203
-3775
-9925
-9238
-4307
-1493
41
451
-720
-4379
-7674
-6384
-3695
-2265
-2453
-2552
-1391
-1222
-2581
-3289
-1948
-453
708
2078
3128
3320
849
-1226
1076
5491
8647
8250
6638
6134
7036
10350
13846
16149
16252
13677
11642
13096
16316
18155
17458
13847
10962
9506
10482
12642
13604
13495
9604
7551
8837
9170
6081
2693
4043
591
-11313
-18937
-8486
8470
6113
-10207
-16160
-7780
-10894
-22137
-12891
8234
10610
-13544
-25582
-11700
-3401
-10241
-11455
3361
5249
-14669
-21098
-4726
4935
-5756
-14194
-5787
200
-9264
-15999
-10088
-4649
-9476
-12295
-4459
-335
-6265
-12737
-10533
-4072
-1331
264
205
-3176
-8206
-11041
-7462
-1687
2171
2053
-1010
-3937
-4865
-2146
974
3507
5201
4595
1879
-369
831
2731
4476
6743
7808
7884
6955
6343
8691
12517
14724
15597
15546
14743
13846
14747
16640
17520
17825
16135
12894
10065
10024
13007
15173
14916
12612
10831
10442
7820
4314
2718
4049
2686
-8424
-18514
-14131
1119
5766
-6147
-15685
-11515
-9770
-18718
-16041
1864
11064
-5761
-23074
-16596
-6065
-7715
-11842
-2462
4375
-9833
-20482
-10208
1715
-3554
-13127
-8602
-700
-6156
-14320
-11808
-6223
-8729
-12526
-6500
-1150
-6218
-13279
-12175
-5886
-2672
-808
1435
-735
-7835
-12288
-9237
-3222
58
909
940
-555
-3929
-4715
-194
4173
5298
4580
3624
2718
1788
1686
3568
6988
8506
7729
7772
8388
8837
11110
14856
17137
17429
16287
15076
15751
16807
17720
19348
18774
14985
11615
11802
14733
16361
15234
14153
11517
9116
6475
4436
5271
2357
-8642
-17090
-12973
-1016
3617
-6396
-13794
-13325
-14167
-19392
-15444
2497
8385
-7975
-21410
-17308
-9287
-9331
-9498
-1125
605
-13494
-19752
-8478
933
-5641
-12502
-6863
-2832
-9131
-14247
-10037
-7306
-12080
-13680
-6540
-1959
-8191
-14717
-12212
-7107
-4800
-1983
1330
-1300
-9641
-14292
-8986
-1176
1102
-518
-1132
-741
-2760
-3715
55
5134
6606
5271
4252
4187
3819
1859
2978
7306
9718
9269
8309
8798
9881
11349
14725
18991
20791
19115
16244
16417
18439
20056
21984
21590
19591
16401
14212
14092
14547
14614
14716
14092
11711
8752
4088
564
-4882
-12199
-14141
-8168
772
-625
-12091
-20491
-18271
-13308
-11524
-7306
52
-117
-12921
-19920
-14922
-6570
-3611
-5373
-3792
-6291
-14344
-15485
-6447
-336
-4482
-9621
-8523
-6633
-9557
-12832
-11715
-9746
-10482
-10440
-8093
-7808
-12158
-15615
-13700
-9310
-5396
-3078
-2949
-5164
-9617
-11304
-6802
-1062
1812
307
-1840
-2071
-1176
242
1712
4120
5241
4457
3544
3398
3753
4108
4821
6987
9901
10954
11296
11919
13608
15263
16987
19104
20186
20441
19562
19699
20191
20736
19908
18518
18057
16973
16860
16548
16040
13954
11541
9751
7803
5933
2456
-1771
-9152
-13640
-10938
-3330
-632
-9388
-16128
-17164
-16516
-16243
-11409
-262
2237
-8732
-17082
-13936
-7969
-6733
-6066
-980
-2589
-13268
-16258
-7860
-1964
-6748
-10554
-6767
-5661
-11234
-13973
-9334
-7331
-11924
-13314
-8585
-6791
-12413
-15514
-11812
-8889
-8750
-7793
-4754
-4885
-8963
-10099
-5501
-1601
-2287
-3355
-2694
-1891
-1867
-631
1593
2489
1881
1790
3385
4245
3933
4569
6499
8194
9143
10450
11847
12875
13843
15804
18420
20243
20487
20431
21190
21322
22261
22606
22196
20078
17736
17934
19705
20193
16514
13139
11774
12296
10813
7030
3501
-2404
-11505
-16388
-8553
2505
1564
-10709
-19778
-19709
-19281
-18920
-10460
1971
560
-15215
-22392
-15144
-8666
-7885
-5793
-239
-3070
-14895
-16719
-6496
-1552
-6771
-9024
-4259
-4413
-11737
-14257
-10148
-8197
-10568
-9515
-5549
-7760
-14837
-17281
-13214
-11165
-11012
-7659
-3716
-4528
-9457
-10997
-6920
-3307
-2831
-2100
-617
-113
-1692
-2712
-1397
801
2872
3681
3834
3623
2945
3339
5688
9343
12381
13532
13349
13422
14931
16830
19423
22013
22625
21971
21567
22405
22832
21570
19652
20860
22930
22756
20458
17427
16247
14318
12413
10819
8744
4609
-3441
-11805
-13943
-7701
-795
-1068
-10584
-19166
-20396
-19558
-15655
-8571
-2119
-4952
-16348
-20800
-14968
-8538
-6386
-4879
-2279
-5470
-13317
-13313
-5093
-1428
-5592
-7894
-4773
-4358
-8871
-11204
-8961
-8073
-10220
-9139
-6633
-9004
-15376
-17963
-14745
-12758
-11760
-8881
-7194
-9004
-12578
-11726
-6614
-3469
-2868
-2713
-2645
-3751
-4020
-2296
-627
592
1714
2715
2553
1441
1154
3027
5911
8599
11508
13771
13595
13581
15871
18596
21010
21954
22503
23677
24334
24602
25157
25124
23699
23517
24556
25709
23712
19903
16743
14685
13358
10719
9541
4905
-6791
-17717
-15584
-2884
3026
-4502
-16065
-20307
-21958
-24485
-17378
-2030
3133
-9886
-23258
-22121
-14276
-10344
-6596
-138
-1159
-12834
-18523
-8842
126
-3227
-8416
-6050
-3588
-7822
-11045
-8068
-6019
-9307
-10761
-6140
-4623
-10603
-16463
-17575
-16663
-15394
-10837
-5355
-5533
-10830
-14556
-12582
-8631
-4824
-1582
-791
-2296
-4111
-4327
-3945
-2705
416
4056
4897
2228
406
1150
3328
7228
12435
15759
15217
13838
14815
18130
20782
21726
23632
25930
25726
23899
23396
23748
24998
25507
27083
28360
26441
22042
18140
17474
16320
13993
9619
2458
-9104
-15712
-10894
-1263
26
-10824
-20271
-22912
-24056
-23211
-14202
-3159
-4362
-17301
-24057
-19115
-12469
-8534
-4459
-1111
-6662
-15209
-12910
-3059
-218
-5226
-6810
-4004
-4437
-7329
-7274
-5758
-7596
-9729
-6110
-2985
-6436
-13670
-18717
-19436
-16790
-10192
-3311
-4678
-13210
-18250
-15647
-9937
-4739
-1220
-893
-4917
-9367
-8704
-4074
-40
982
1380
889
-1882
-1955
1838
5237
7078
8684
10890
13472
14737
14614
16166
19163
22263
24391
24777
23736
23564
24615
24967
26243
28533
30640
29227
25766
23031
22020
22159
21755
18761
11296
-975
-11051
-10025
-1266
3145
-3401
-14326
-22024
-25210
-25986
-20002
-9092
-3620
-11230
-23694
-26325
-21135
-13509
-6206
-993
-3023
-12129
-16764
-10494
-2249
-1285
-2973
-1447
-821
-5225
-8823
-7480
-4703
-4336
-3674
-1835
-3917
-11456
-20503
-23080
-17785
-9445
-3118
-3645
-10917
-17942
-19419
-14860
-5807
1399
1795
-4149
-9724
-10978
-8173
-3019
863
3362
1567
-4152
-5754
-1979
2363
5242
8184
11053
12004
11792
11188
12949
16680
20138
24338
26743
24900
21259
21041
23646
27047
30588
32560
30808
26818
22699
20957
25009
25686
21125
10476
-2736
-8259
-2482
7342
5546
-6170
-17335
-22617
-23721
-21800
-16023
-6624
-8010
-20749
-27139
-25177
-18814
-12866
-7189
-4465
-10796
-18699
-15941
-6323
-2176
-4895
-4497
-896
-1881
-5320
-5397
-2845
-3234
-3457
-587
676
-3740
-10923
-15031
-15926
-13997
-8398
-3200
-5252
-12648
-17210
-15060
-10364
-5762
-1364
-881
-4956
-8953
-8192
-4707
-1925
770
2291
778
-3685
-6195
-2949
1173
3789
6248
7634
7200
5979
7169
10854
14741
18182
20969
22096
20879
18832
19920
24166
28506
31406
30747
27458
24755
24628
27844
30173
27910
17646
1666
-6917
-281
12687
15039
3012
-12655
-20894
-24760
-23553
-13615
-2498
-3020
-17799
-29255
-29689
-23296
-14522
-6735
-3384
-10451
-21550
-21206
-11161
-4770
-4899
-5125
-2684
-3143
-6069
-7112
-5540
-3224
-590
3192
3586
-2986
-11550
-15514
-14499
-10602
-4854
-1150
-4886
-12630
-17418
-15892
-9637
-3519
241
-502
-5639
-9607
-8260
-3596
-918
486
1778
684
-1506
-2706
-1671
812
3367
5961
8357
8001
5448
5058
8089
11717
14674
16531
16201
15215
14751
17571
21431
25077
26920
27841
27305
24826
23592
26683
29898
27202
17990
4973
729
5815
13722
12905
3090
-7999
-14448
-17656
-18198
-13830
-7154
-7069
-17120
-25261
-27689
-23429
-16071
-9370
-6869
-12774
-20811
-20216
-12819
-7452
-6652
-6135
-4171
-4937
-7276
-8404
-6742
-4134
-1227
1315
1101
-2771
-7451
-10907
-11694
-9600
-5729
-2627
-5002
-9542
-12181
-11533
-8830
-4590
-1165
-1293
-4139
-5825
-4076
-1686
-522
652
3152
3247
455
-1557
-1260
87
2509
5788
8229
8095
5749
4991
7317
10875
13312
15175
15028
12862
12177
14127
17876
20790
21724
21372
20881
21203
22497
25144
26270
23862
17199
6397
-476
3659
14957
17944
7903
-6371
-13233
-14415
-14476
-10235
-3238
-2103
-13145
-24278
-26682
-22030
-15019
-8996
-6351
-12070
-22268
-23215
-14128
-6774
-6370
-8126
-7006
-6210
-7550
-7929
-6235
-3567
-687
2367
2744
-1988
-7923
-11816
-12365
-9835
-5175
-1027
-2739
-9196
-13527
-13074
-8582
-2841
574
54
-4402
-7078
-5135
-708
2189
2994
4041
3258
1139
610
2429
4740
6041
6735
6967
6916
5926
5864
7304
9095
11259
13069
13390
11940
11317
11879
14034
16589
18913
19756
18203
17028
17620
21159
23049
21165
15172
5114
-1827
1242
11781
16596
8859
-5184
-13275
-14571
-13281
-8827
-2841
-1584
-10596
-20945
-24176
-20235
-13155
-7479
-5627
-10881
-19762
-21486
-14427
-7493
-5942
-7233
-7112
-6924
-7827
-8175
-7016
-4195
-559
2845
2834
-2423
-8541
-11115
-9836
-5841
-1529
-40
-3634
-10210
-14020
-12155
-6418
-692
1614
-699
-5976
-8513
-5397
316
4432
5205
3712
1456
586
2276
5629
8190
8780
8922
8813
8098
7844
8930
10842
12001
12972
13380
13023
10894
9221
9840
12473
16036
17544
16845
13960
12919
14485
18044
19060
16932
9641
-108
-3540
2690
12218
11675
1662
-8798
-12570
-13770
-12440
-7244
-2485
-5726
-15292
-21576
-21668
-17264
-11450
-6824
-7903
-14886
-19456
-15811
-9271
-6375
-6324
-6308
-6111
-5826
-5098
-4436
-4329
-3098
382
3174
1340
-3564
-7551
-8306
-6316
-3067
-584
-1755
-5567
-8934
-9714
-7675
-3902
-12
962
-1842
-5895
-6663
-3463
470
2347
2193
1173
446
1039
2804
4748
5966
6824
7864
8894
9108
8823
9612
11455
13444
14693
14129
12806
11406
11010
11768
13744
15741
16199
13961
10845
10671
12708
15736
15565
12457
5590
-1854
-3394
2613
9596
8219
-289
-8338
-11638
-12795
-11061
-6957
-3449
-5937
-13264
-19093
-20339
-16911
-11141
-6965
-8384
-14393
-18132
-15916
-11092
-7799
-6471
-5797
-5165
-4646
-4598
-4809
-4326
-1394
2894
4755
1488
-3412
-5744
-4820
-2454
-875
-503
-1709
-3934
-6207
-6993
-6103
-3670
-811
18
-2347
-5249
-5190
-2335
853
1869
1611
1449
1481
1860
2869
4163
5296
6718
8191
8523
7734
7312
8339
10391
11848
12139
11305
9982
9260
9903
11377
12605
13022
12613
11839
10918
11621
12730
13016
11583
9003
5803
1136
-1927
-630
4098
5516
651
-6620
-10242
-10687
-9535
-7480
-5430
-5833
-10050
-14578
-16588
-14975
-11274
-7658
-6854
-10162
-14627
-15269
-12012
-7960
-5917
-6295
-6844
-6549
-5463
-4638
-4254
-2692
24
1980
1141
-1343
-2890
-2877
-1645
315
2006
1852
-271
-2613
-3819
-3583
-1811
765
2088
689
-2652
-4291
-2971
-98
2189
2753
1872
530
774
2665
4653
5450
5529
5933
6516
6507
6389
6744
7841
9061
9467
8686
7280
6757
7476
8450
8827
8912
9459
9873
9642
8960
9054
9892
10174
8967
5010
1093
372
3401
6253
4818
-220
-4644
-6788
-7257
-6645
-5297
-4822
-6543
-9537
-12393
-13584
-12686
-10109
-7775
-8081
-10820
-12944
-12619
-10504
-8546
-7130
-6223
-5625
-4852
-4505
-4530
-4267
-2902
-456
706
-9
-1687
-2718
-2411
-1219
254
1489
1639
691
-597
-1494
-1186
342
2236
3151
2444
719
-380
295
1803
2839
2913
1979
1084
643
1044
1854
2400
2897
2902
2654
2124
2143
3262
4762
5669
5200
4117
3531
4141
5871
7157
7487
7485
7731
8381
9025
9647
9941
9974
9280
8050
5585
2679
1335
2486
4820
4909
2623
-494
-2765
-3583
-3364
-2453
-1669
-2472
-4387
-6878
-8642
-9247
-8460
-7125
-6808
-8309
-10542
-11703
-11186
-9992
-8990
-8213
-7478
-6560
-6184
-6343
-6342
-5363
-3390
-1605
-1002
-1421
-2660
-3437
-2977
-1126
806
1675
1125
-223
-1156
-1151
101
1628
2234
1880
945
162
114
870
1665
2053
1604
842
405
310
655
798
1073
1360
1689
1822
1785
2009
2637
3420
4056
4274
3992
3854
4180
5160
6305
7112
7848
8716
9474
9900
9951
10445
10541
9846
7883
5901
5819
7061
8084
7041
5028
3297
1805
894
859
912
590
-414
-1531
-3132
-4629
-5630
-5954
-6171
-7135
-8660
-9889
-10567
-11105
-11480
-11865
-11704
-11002
-10099
-9743
-9963
-10095
-9608
-8302
-6368
-5136
-4949
-5592
-6003
-5188
-3664
-2082
-1208
-1031
-1302
-1472
-1163
-361
494
1121
1372
1370
1263
1025
1005
1099
1436
1439
1081
980
926
1013
941
1166
1675
2157
2481
2865
3282
3702
4083
4378
4563
4463
4529
4974
5747
6317
6646
7130
7491
8380
9556
10418
10838
10720
10210
8881
8257
8758
9668
9687
8876
8295
7185
5635
3971
2874
2650
1896
1018
-295
-1909
-3800
-5086
-5310
-5956
-7018
-8577
-9799
-10651
-11069
-11699
-12263
-12106
-11346
-10824
-11141
-11416
-11265
-10704
-9535
-8144
-7030
-7177
-7511
-7377
-6567
-5779
-5109
-3865
-3097
-2596
-2408
-2161
-1420
-382
689
1264
1423
1503
1442
1445
1676
2015
1883
1594
1355
1304
862
439
575
1003
1419
1490
1935
2501
2902
3478
3936
4110
4108
4471
5156
5916
6569
6881
7130
7431
8442
9876
10789
11254
11189
10604
9470
8762
8883
9482
9866
9472
9292
8439
6964
5341
4048
3771
3532
3232
2273
437
-1468
-2784
-3259
-4024
-5347
-7083
-8705
-9848
-10612
-11323
-11975
-12435
-12268
-11653
-11547
-11825
-12049
-11806
-10985
-9591
-8170
-7535
-7320
-7199
-7119
-6810
-6129
-4876
-3789
-3298
-3086
-2962
-2699
-2018
-1252
-684
-344
-135
140
334
520
649
637
629
965
1481
1461
1136
984
1139
1540
2133
2909
3545
3585
3407
3283
3367
3798
4528
5294
5844
6084
6316
6922
7833
9153
10392
11344
11875
12187
12191
11746
10843
10403
10332
10573
10343
9506
8574
7237
6078
5139
4050
3301
2460
1768
1050
-365
-1683
-2636
-3129
-4236
-5783
-7299
-8385
-9175
-9696
-10270
-11270
-12157
-12206
-11714
-11679
-12154
-12219
-11786
-11008
-10262
-9343
-8741
-8691
-8469
-7967
-7431
-6887
-6090
-5050
-4063
-3273
-2646
-2398
-2040
-1457
-820
-252
-6
82
67
-166
-101
-59
176
389
786
1118
1039
949
1186
1895
2778
3837
4581
4705
4552
4488
4752
5146
5611
6333
6879
7175
7405
7713
8134
8857
9935
11027
11632
11896
11784
11436
10797
10093
9812
9912
9761
8936
8099
7394
6481
5464
4330
3282
2300
1775
1104
-73
-1629
-3194
-3985
-4550
-5499
-7062
-8529
-9697
-10241
-10276
-10504
-11135
-11542
-11487
-11479
-11391
-11102
-10797
-10654
-10390
-9673
-8817
-8291
-8200
-7910
-7735
-7717
-7129
-6149
-4878
-4301
-3935
-3436
-3025
-2070
-1238
-363
-66
-75
-36
-21
495
804
974
1073
1195
1361
1326
1445
1653
2022
2566
3378
4102
4442
4460
4376
4758
5157
5548
6053
6560
6923
7316
7741
8241
8557
9148
9974
10548
11142
11311
11084
10605
9580
8958
8542
8765
8822
8149
7621
6551
5348
4087
3149
2632
2125
1679
1053
-379
-1881
-3223
-3881
-4565
-5781
-6988
-7940
-8947
-9649
-10079
-10472
-10793
-10575
-10109
-10245
-10545
-10515
-10153
-9644
-8707
-7798
-7450
-7896
-8125
-7858
-7407
-6991
-6361
-5682
-5100
-4537
-3804
-3324
-2910
-2424
-1819
-1290
-971
-490
-253
-323
-137
219
621
1107
1512
1596
1290
1425
1926
2710
3397
3775
3976
4069
4257
4624
4981
5137
5170
5507
6055
6473
7017
7439
7656
7924
8767
9909
10575
11053
10984
10444
9749
9008
8794
8582
8696
8223
6801
5886
5185
4579
3422
2200
1542
970
807
278
-930
-2219
-3268
-3565
-4171
-5311
-6544
-7586
-8237
-8389
-8637
-9092
-9530
-9534
-9350
-9695
-9779
-9586
-9268
-8854
-8105
-7268
-7002
-7291
-7371
-7147
-7040
-6789
-6111
-5486
-4925
-4395
-3637
-3398
-3376
-2988
-2362
-1561
-1235
-942
-863
-682
-178
259
501
616
882
1279
1436
1615
1893
2122
2713
3547
4186
4256
4053
4315
4541
4685
5029
5428
5911
5943
6213
6599
7047
7672
8340
9147
9540
9904
10010
9821
9879
9187
8451
8124
7968
7842
6924
6434
5852
4820
3828
2602
1711
1215
932
648
-501
-1684
-2770
-3556
-4153
-5035
-5839
-6571
-7171
-7388
-7583
-8156
-8655
-8692
-8199
-8035
-8060
-7977
-7980
-8104
-7673
-6710
-6103
-6238
-6746
-7058
-6961
-6769
-6030
-5250
-4698
-4380
-4112
-3880
-3653
-2947
-2252
-1664
-1325
-1152
-1153
-1153
-672
-171
-34
76
264
478
357
335
473
690
1241
1863
2332
2428
2426
2695
3076
3428
3737
3893
4019
4128
4715
5600
6033
6418
6894
7616
7992
8545
9386
9893
9980
10061
9594
8813
8257
8344
8380
7546
6968
6367
5586
4827
3907
3064
2383
1795
1647
781
-392
-1807
-2455
-2849
-3716
-4667
-5633
-6755
-7339
-7229
-7205
-7541
-7792
-7503
-7422
-7527
-7423
-7275
-7205
-6935
-6352
-5871
-6214
-6543
-6746
-6510
-6288
-5796
-5477
-5496
-5077
-4367
-3755
-3557
-3409
-3049
-2776
-2230
-1836
-1678
-1677
-1460
-1089
-923
-860
-896
-877
-1039
-843
-605
-531
-525
-258
319
699
971
1381
1699
1871
2050
2608
3230
3719
4328
5181
5736
6162
6707
7503
8433
9118
10039
10372
10670
10934
11007
10633
9737
9354
9063
8961
8422
7961
7642
6866
5976
4749
3984
3473
2902
2553
1486
409
-710
-1484
-2344
-3309
-4149
-5107
-5977
-6441
-6574
-7020
-7520
-7780
-7567
-7507
-7366
-7197
-7289
-7481
-7284
-6544
-6035
-6211
-6635
-7114
-7273
-7255
-6672
-6171
-5920
-5426
-4922
-4494
-4409
-4158
-3822
-3482
-3029
-2517
-2311
-2516
-2678
-2669
-2593
-2437
-2276
-2190
-2330
-2376
-2243
-2007
-1660
-1212
-788
-544
-280
98
515
988
1496
2006
2408
2932
3749
4632
5689
6479
7219
8182
9159
10272
11227
11840
12301
12310
12333
12199
11562
11265
10941
10938
10374
9414
9016
8481
7874
7152
6085
5483
4652
4317
3748
2699
1494
86
-674
-1535
-2611
-3875
-5170
-6185
-6440
-6594
-6889
-7638
-8023
-8092
-8135
-8041
-7802
-7739
-7893
-8054
-7620
-7522
-7952
-8257
-8395
-8219
-8099
-7693
-7414
-7315
-6969
-6404
-5979
-5640
-5489
-5204
-4962
-4765
-4524
-4462
-4500
-4499
-4421
-4241
-4310
-4219
-3948
-3656
-3328
-3220
-3024
-2581
-1940
-1190
-572
-147
263
699
1345
2209
3169
4177
4981
5864
6946
8055
9126
10181
11180
12055
12727
13502
14256
14710
14978
15128
14909
13968
13336
12995
12835
12348
11570
10916
10132
9382
8510
7201
6299
5320
4685
3985
2691
1257
-306
-1209
-2276
-3458
-4572
-5712
-6806
-7430
-7974
-8460
-8969
-9139
-9199
-9586
-9872
-9807
-9892
-10079
-10149
-9732
-9459
-9743
-9797
-9683
-9614
-9596
-9160
-8708
-8348
-8141
-7771
-7524
-7399
-7221
-7023
-6749
-6527
-6315
-6217
-6134
-5988
-5817
-5626
-5514
-5143
-4724
-4307
-3816
-3439
-2990
-2515
-1772
-792
8
815
1478
2112
2914
3844
4981
6120
7170
8322
9209
10082
10973
11931
13078
14016
14843
15425
15689
15882
16037
16281
16383
16319
15782
14856
14038
13553
13379
12359
11486
10833
9981
8907
7201
6012
4975
4033
3654
2480
1011
-937
-2417
-3178
-4075
-5015
-6212
-7617
-8458
-8984
-9446
-10106
-10847
-11007
-11301
-11495
-11449
-11649
-12179
-12682
-12462
-11762
-11555
-11570
-11827
-11926
-12022
-11568
-11006
-10748
-10647
-10361
-9967
-9673
-9318
-8998
-8680
-8404
-7924
-7376
-7127
-6774
-6301
-5882
-5533
-5047
-4277
-3689
-2980
-2154
-1374
-722
91
1362
2586
3564
4567
5391
6268
7132
8267
9373
10051
10724
11667
12458
13219
13745
14387
14985
15500
16222
16654
16843
16889
16868
17101
16957
16803
16135
14872
14057
13218
12774
11448
10337
9634
8554
7488
5859
4481
3436
2116
1734
740
-377
-2117
-3769
-4643
-5671
-6639
-7728
-9080
-10203
-10921
-11594
-12169
-13133
-13540
-13833
-14041
-14066
-14234
-14591
-14956
-14888
-14133
-13862
-13800
-14029
-13842
-13770
-13412
-12792
-12368
-12004
-11624
-10922
-10308
-9787
-9178
-8545
-7923
-7267
-6497
-5740
-5040
-4312
-3585
-2831
-2091
-1137
-323
526
1396
2328
3072
3952
5030
6150
7036
7842
8645
9265
9858
10656
11513
12140
12475
13022
13635
14134
14669
15053
15401
15511
15919
16393
16465
16355
16126
16017
15823
15474
15426
14529
13271
12286
11600
11278
9933
8827
7866
6706
5720
4173
2852
1718
511
-95
-1345
-2739
-4292
-5815
-6780
-7807
-8908
-10048
-11558
-12630
-13159
-13787
-14264
-15189
-15718
-16194
-16577
-16339
-16196
-16358
-16627
-16706
-15962
-15388
-14943
-14736
-14627
-14327
-13733
-12770
-11914
-11446
-10906
-10208
-9283
-8195
-7377
-6551
-5970
-5052
-3916
-2808
-1826
-1209
-634
-10
817
1918
2784
3535
4085
4767
5595
6368
7221
7960
8590
9296
9887
10546
11065
11491
12065
12411
12850
13262
13648
13952
14015
14220
14445
14653
14883
15066
15176
15129
14892
14654
14538
14413
14176
13587
12825
11644
10628
9875
9188
8426
6963
5778
4605
3617
2675
1018
-168
-1560
-2554
-3267
-4641
-5943
-7726
-9009
-9941
-10879
-11953
-13312
-14768
-15543
-16105
-16421
-16762
-17435
-17742
-18109
-17931
-17348
-16967
-16733
-16715
-16245
-15347
-14657
-13942
-13597
-13191
-12744
-11744
-10556
-9591
-8948
-8123
-7196
-6061
-4897
-3850
-2873
-2178
-1142
-59
947
1756
2341
2981
3561
4302
5148
5683
6156
6655
7353
8020
8623
9317
9900
10380
10926
11398
11831
12138
12504
12955
13082
13172
13215
13336
13399
13406
13582
13634
13587
13563
13553
13548
13375
13152
13040
12726
12372
11910
11142
10430
9404
8313
7358
6153
5455
3938
2736
1747
813
-286
-1993
-3295
-4116
-5184
-6093
-7293
-8492
-9766
-10938
-11569
-12489
-13670
-14747
-15442
-16042
-16304
-16879
-16930
-17385
-17210
-16991
-16705
-16393
-15987
-15476
-14836
-14222
-13173
-12356
-11949
-11423
-10652
-9627
-8830
-7993
-7100
-6278
-5591
-4400
-3371
-2269
-1722
-773
220
1145
1995
2779
3504
4068
4666
5481
6106
6520
6725
7123
7611
8104
8541
8908
9247
9549
9907
10264
10594
10850
11129
11375
11548
11639
11678
11745
11755
11729
11654
11525
11431
11212
11108
10782
10620
10296
10086
9708
9355
8899
8464
7850
7261
6652
5952
5137
4401
3467
2531
1503
693
-25
-1114
-1873
-2849
-3616
-4561
-5431
-6272
-7100
-8038
-8540
-9318
-9932
-10877
-11630
-12105
-12726
-13170
-13623
-14058
-14329
-14551
-14532
-14391
-14401
-14077
-13967
-13511
-13052
-12420
-11861
-11316
-10752
-9896
-9149
-8282
-7551
-6824
-6107
-5312
-4322
-3362
-2487
-1606
-727
152
1092
2040
2976
3733
4423
5141
5922
6605
7323
7717
8190
8534
8952
9331
9508
9690
9835
10003
10259
10368
10448
10338
10222
10199
10111
10048
9819
9551
9148
8718
8462
8209
7866
7357
6789
6321
5916
5528
5221
4792
4298
3843
3531
3316
2977
2533
2084
1659
1278
894
537
77
-455
-947
-1466
-1861
-2398
-2716
-3342
-3760
-4186
-4626
-5054
-5669
-6095
-6664
-7175
-7429
-7919
-8308
-8963
-9486
-9766
-10118
-10292
-10659
-10920
-11141
-11155
-11076
-10777
-10687
-10421
-10233
-9822
-9236
-8664
-8028
-7446
-6820
-6021
-5243
-4372
-3638
-2893
-2116
-1249
-281
709
1652
2351
3156
3857
4743
5476
6194
6808
7177
7568
7961
8387
8689
8762
8839
8777
8744
8585
8526
8318
8047
7764
7466
7195
6680
6264
5852
5453
4991
4542
4188
3741
3232
2794
2457
2130
1798
1530
1282
1069
864
841
750
676
565
452
390
359
377
386
380
280
210
87
30
-43
-140
-263
-415
-651
-859
-1113
-1316
-1554
-1867
-2163
-2524
-2942
-3303
-3717
-4070
-4436
-4809
-5084
-5545
-5779
-6186
-6383
-6539
-6730
-6804
-6911
-6875
-6836
-6705
-6445
-6167
-5852
-5489
-5074
-4638
-4126
-3551
-2924
-2303
-1712
-1008
-425
250
780
1416
1973
2501
3090
3482
3886
4144
4495
4781
4982
5181
5221
5260
5144
5118
5029
4864
4649
4342
4093
3715
3403
3053
2692
2254
1875
1497
1134
780
461
208
-88
-343
-534
-736
-827
-977
-1001
-1085
-1093
-1031
-1030
-970
-949
-811
-724
-594
-450
-338
-258
-99
90
293
365
516
633
738
811
955
1108
1122
1097
1129
1183
1123
1085
1000
859
706
590
542
416
191
101
-86
-148
-330
-365
-463
-667
-731
-799
-796
-870
-909
-944
-1014
-1086
-1069
-1032
-1052
-1030
-1016
-922
-884
-837
-721
-695
-564
-520
-442
-395
-344
-264
-208
-245
-225
-280
-310
-340
-411
-426
-503
-578
-605
-730
-746
-818
-885
-919
-1073
-1115
-1233
-1249
-1249
-1310
-1326
-1356
-1370
-1375
-1403
-1328
-1293
-1262
-1196
-1127
-1047
-999
-889
-732
-634
-521
-417
-266
-205
-89
75
223
346
429
584
635
711
788
949
1055
1088
1192
1224
1345
1381
1516
1656
1727
1826
1894
2087
2192
2337
2530
2658
2788
2892
3057
3141
3253
3329
3393
3462
3434
3498
3395
3435
3338
3295
3255
3083
2964
2715
2533
2261
2009
1750
1423
1086
667
310
-95
-514
-949
-1340
-1723
-2173
-2514
-2890
-3207
-3584
-3824
-4052
-4327
-4562
-4731
-4842
-4949
-5033
-5046
-5096
-5158
-5157
-5061
-4897
-4771
-4582
-4404
-4237
-4030
-3740
-3392
-3073
-2798
-2480
-2196
-1831
-1498
-1147
-867
-621
-332
-75
178
383
573
722
848
1016
1211
1355
1456
1524
1591
1658
1726
1809
1862
1828
1807
1809
1884
1905
1903
1893
1871
1895
1901
1984
2054
2115
2165
2216
2315
2443
2576
2683
2778
2884
2999
3100
3210
3334
3404
3434
3462
3521
3565
3569
3600
3584
3553
3460
3396
3311
3173
3006
2824
2632
2369
2110
1786
1422
1059
687
332
-78
-503
-916
-1361
-1751
-2112
-2432
-2777
-3140
-3512
-3836
-4154
-4380
-4572
-4765
-4952
-5142
-5219
-5296
-5277
-5240
-5183
-5100
-5007
-4831
-4631
-4437
-4204
-3978
-3703
-3400
-3073
-2751
-2453
-2136
-1799
-1457
-1093
-733
-435
-171
78
398
684
934
1188
1405
1594
1746
1947
2124
2208
2270
2306
2340
2327
2314
2323
2276
2183
2123
2056
1927
1784
1674
1571
1424
1284
1197
1075
953
811
740
637
512
445
363
301
221
172
201
201
192
210
223
261
281
385
497
565
628
709
803
911
1005
1161
1246
1315
1410
1486
1589
1651
1720
1766
1789
1785
1790
1795
1792
1730
1682
1650
1581
1469
1373
1231
1065
914
783
630
426
221
32
-156
-401
-583
-773
-975
-1191
-1369
-1515
-1694
-1837
-1949
-2034
-2124
-2181
-2218
-2222
-2232
-2237
-2201
-2192
-2174
-2116
-2044
-1942
-1832
-1718
-1615
-1530
-1410
-1306
-1185
-1076
-949
-849
-783
-669
-590
-543
-512
-497
-448
-492
-502
-510
-548
-612
-651
-695
-792
-896
-984
-1027
-1131
-1213
-1273
-1389
-1480
-1575
-1606
-1611
-1672
-1623
-1639
-1651
-1655
-1559
-1465
-1383
-1239
-1130
-951
-787
-574
-300
-92
134
422
702
998
1315
1626
1923
2192
2492
2807
3091
3358
3610
3867
4044
4284
4503
4644
4745
4845
4959
4987
5029
5033
5010
4909
4764
4693
4538
4378
4180
3938
3685
3403
3159
2877
2601
2284
1971
1629
1303
1008
655
336
-21
-354
-663
-1006
-1275
-1541
-1835
-2087
-2343
-2579
-2776
-2976
-3164
-3319
-3482
-3607
-3725
-3849
-3969
-4070
-4192
-4245
-4286
-4338
-4386
-4454
-4476
-4453
-4438
-4401
-4348
-4346
-4297
-4262
-4200
-4077
-3985
-3874
-3748
-3679
-3510
-3352
-3225
-2995
-2819
-2630
-2401
-2189
-1935
-1721
-1487
-1172
-868
-626
-335
-49
171
455
726
1018
1295
1476
1755
1992
2156
2386
2578
2746
2869
2971
3109
3191
3255
3308
3362
3345
3313
3317
3242
3177
3094
3015
2924
2788
2663
2542
2394
2260
2119
1948
1806
1636
1489
1368
1211
1086
914
748
663
536
383
337
244
133
52
-53
-58
-135
-234
-211
-242
-298
-363
-364
-379
-476
-473
-475
-493
-539
-633
-591
-633
-754
-726
-745
-846
-859
-975
-1001
-1023
-1202
-1154
-1278
-1362
-1364
-1501
-1514
-1536
-1658
-1673
-1721
-1746
-1712
-1821
-1766
-1711
-1805
-1793
-1694
-1627
-1725
-1541
-1463
-1440
-1287
-1491
-982
-1016
-1152
-708
-585
-712
-501
-275
-308
167
-273
296
449
-116
711
743
834
774
918
896
1034
989
1198
1796
1258
1567
1434
1458
1287
1473
1701
1560
1837
1518
2009
1508
1473
1564
1356
1761
1517
1884
1825
1566
1488
1446
1447
1458
1566
1492
1623
1411
1369
1512
1294
1345
1176
1085
1246
1056
1138
1107
865
810
646
537
596
448
345
297
48
29
-99
-322
-365
-534
-610
-663
-885
-987
-1130
-1304
-1465
-1448
-1516
-1618
-1781
-2003
-1918
-2091
-2072
-2041
-2121
-2115
-2280
-2257
-2166
-2251
-2269
-2303
-2261
-2085
-2091
-2024
-1999
-2118
-2082
-2019
-1862
-1548
-1648
-1647
-1622
-1695
-1440
-1393
-1246
-1146
-1268
-1195
-1070
-915
-797
-733
-833
-720
-573
-445
-136
-129
-18
-6
-2
396
637
803
853
857
1065
1194
1463
1780
1941
1943
1972
2188
2509
2672
2870
2881
3017
3074
3150
3510
3483
3576
3362
3367
3549
3689
3772
3603
3459
3231
3153
3099
3263
3242
3061
2732
2422
2441
2246
2156
1936
1818
1563
1368
1277
1275
1044
525
389
34
420
18
-98
-202
-1034
-1133
-1559
-1417
-1032
-1404
-1878
-1872
-2635
-2524
-2540
-2888
-2327
-3241
-3336
-3237
-3646
-3310
-3959
-3999
-4125
-4349
-4144
-4185
-4128
-4463
-4885
-5001
-4878
-4640
-4535
-4630
-4718
-4949
-4862
-4826
-4466
-4257
-4481
-4332
-4301
-4046
-3643
-3774
-3451
-3309
-3233
-2899
-2487
-2071
-1868
-1774
-1594
-1045
-785
-443
-11
223
521
616
898
1404
1479
1790
2044
2409
2858
2842
3009
3320
3352
3768
3995
4409
4733
4560
4745
4731
5098
5029
5419
5534
5620
5760
5552
5907
5882
5793
5601
5975
5974
6243
6180
5819
6276
5571
5592
5662
5747
5854
5399
5209
5153
5059
4458
4421
4163
3974
3678
3178
3444
2866
2222
1757
1033
1332
618
544
290
-429
-975
-2126
-2207
-2573
-2582
-3004
-3853
-4097
-5035
-5272
-5611
-5767
-5621
-6323
-6805
-7094
-7240
-7058
-7315
-7594
-7470
-8182
-7825
-7895
-7473
-7227
-7841
-7841
-8024
-7433
-7004
-6455
-6206
-6498
-6496
-6621
-5905
-4954
-4696
-4262
-4507
-4507
-3958
-3595
-2749
-2273
-2319
-2045
-1956
-1215
-497
-216
150
219
475
1045
1622
2225
2588
2505
2681
3134
3734
4315
4758
4787
5059
5169
5365
6073
6312
6629
6750
6778
7141
7324
7275
7258
7524
7455
7600
7452
7378
7323
6842
6668
6705
6773
6114
5727
5221
5266
5075
4548
4337
3847
3027
2503
2378
2524
2401
1228
667
254
-35
-142
-407
-408
-901
-1798
-2133
-1837
-1745
-2001
-2685
-2917
-2891
-3075
-3025
-3026
-3007
-3682
-3940
-3784
-3073
-3256
-3879
-4193
-4312
-3652
-3834
-3276
-3545
-4308
-4887
-5146
-3859
-3356
-3516
-3972
-4902
-4636
-4717
-4161
-3288
-3933
-4243
-4751
-4435
-3237
-3257
-3627
-3634
-4307
-3554
-2742
-2171
-1298
-2460
-2879
-2540
-1751
-524
-310
-541
-748
-924
-631
650
1208
1304
764
324
1223
1778
2347
2421
2052
1832
1797
2297
3100
3180
2513
2079
2072
2698
3204
3108
3007
2581
2286
2458
2864
3201
2927
2433
2282
2753
3018
3043
2667
2229
2123
2171
2759
3114
2956
2273
1608
1649
2087
2404
2411
2096
1667
1438
1480
1650
1730
1235
956
662
969
1260
1008
915
31
-27
97
205
835
442
158
-89
-625
-243
-39
169
268
-39
-334
43
-226
31
68
136
468
118
48
320
126
28
187
-77
518
-223
-513
-134
-548
-437
-1008
-1282
-944
-1522
-1875
-1728
-2087
-2377
-3102
-3475
-2964
-3316
-3552
-3824
-3963
-4306
-4887
-5306
-4874
-4883
-4887
-4753
-4659
-4540
-5220
-5701
-5262
-4600
-4094
-3630
-3611
-3429
-3719
-3827
-3035
-2156
-1744
-1717
-1634
-1123
-530
-132
222
492
318
387
954
1969
2765
2483
2141
2043
2272
3045
3538
3978
3939
3258
3275
3805
4566
4997
4605
4224
4072
4115
4669
5199
5376
4974
4464
4352
4867
5205
5167
5068
4617
4568
4505
4731
5015
4639
3944
3552
3510
3740
3755
3262
3019
2402
1960
1839
1626
1640
953
253
88
-350
-452
-1011
-1573
-1777
-2294
-2674
-2724
-3064
-3592
-3802
-4354
-4011
-4221
-4711
-4840
-5296
-5196
-5091
-4916
-4765
-5129
-5291
-5365
-4915
-4394
-4475
-4343
-4514
-4541
-3975
-3515
-2999
-2780
-3493
-3301
-2926
-2220
-1331
-1426
-1418
-1781
-1989
-1185
-576
175
12
-590
-444
-360
389
899
1063
974
588
447
1166
1815
1923
1886
1488
1812
2068
2375
2840
2801
2583
2184
2651
3542
4066
3903
3433
3069
3183
3347
3794
4569
4364
3879
3407
3227
3798
3729
3407
3519
3072
2996
2888
2706
2975
2236
1580
1334
1295
1397
1122
679
362
-207
-844
-847
-877
-961
-1416
-1997
-2069
-2275
-2531
-2588
-2677
-2860
-3203
-3425
-3301
-3137
-3429
-3544
-3607
-3525
-3506
-3602
-3371
-3378
-3490
-3655
-3370
-3070
-2987
-2886
-2863
-2714
-2727
-2781
-2489
-2061
-2144
-2111
-1979
-1779
-1438
-1553
-1420
-1138
-1202
-1070
-787
-287
-40
-205
-62
28
541
531
806
1278
1186
1388
1446
1933
2286
2342
2097
2559
2662
3018
3503
3355
3816
3210
3227
3627
3878
4384
4189
3922
3803
3577
3731
4112
4023
3909
3326
3027
3147
3093
3292
2955
2661
2056
1842
1865
1890
2041
1390
1007
578
207
555
458
354
85
-607
-725
-752
-787
-572
-785
-1175
-1404
-1765
-1512
-1507
-1376
-1569
-1731
-1926
-2217
-2084
-2261
-2107
-2176
-2303
-2222
-2424
-2525
-2772
-2871
-2777
-2778
-2715
-2751
-2751
-2934
-3188
-3165
-3116
-2952
-2914
-3035
-2824
-2951
-2944
-2742
-2798
-2513
-2361
-2397
-2022
-2045
-1947
-1753
-1704
-1371
-1119
-853
-638
-507
-565
-352
-133
128
521
718
814
813
783
996
1264
1385
1628
1681
1672
1660
1546
1825
1877
1839
1785
1779
1962
1921
1822
1756
1809
1618
1656
1784
1967
1948
1527
1443
1436
1531
1538
1676
1756
1506
1233
1083
1345
1496
1341
1190
1215
1022
1024
945
906
1018
605
478
624
542
578
407
105
26
-149
-212
-108
-201
-305
-363
-497
-549
-576
-678
-743
-761
-752
-645
-608
-702
-851
-908
-867
-664
-457
-354
-250
-294
-360
-205
57
308
262
273
474
655
787
762
867
901
794
877
1113
1364
1336
1072
991
847
716
903
931
1053
627
196
257
103
192
23
-138
-172
-570
-885
-907
-829
-830
-926
-1225
-1310
-1447
-1804
-1663
-1732
-1610
-1520
-1833
-1750
-1888
-2135
-2028
-1881
-1713
-1499
-1780
-1921
-1821
-2159
-1900
-1672
-1507
-1300
-1724
-1709
-1648
-1661
-1434
-1233
-936
-983
-1120
-1149
-921
-826
-806
-559
-340
-245
-295
-301
-76
227
181
501
645
787
875
691
1148
1346
1429
1605
1588
1848
1810
1715
1990
2184
2180
2232
2259
2551
2531
2314
2395
2375
2570
2460
2424
2497
2242
2027
1939
1893
1948
1736
1382
1409
1146
1002
1022
721
698
330
23
95
-12
-98
-317
-649
-825
-873
-1061
-1007
-1170
-1333
-1356
-1617
-1565
-1570
-1664
-1745
-1776
-1796
-1681
-1698
-1958
-1926
-1880
-1901
-1804
-1685
-1721
-1686
-1934
-1854
-1400
-1302
-1169
-1250
-1200
-1220
-1354
-1056
-767
-483
-427
-679
-429
-460
-439
-156
40
517
591
570
601
704
744
847
1059
1324
1635
1527
1628
1713
1702
1763
1807
2087
2409
2483
2342
2359
2284
2243
2421
2522
2756
2615
2215
2123
2032
2157
2185
2127
2025
1771
1406
1334
1353
1237
1141
704
653
422
240
204
-220
-341
-652
-901
-752
-927
-1178
-1391
-1849
-2019
-2071
-2246
-2044
-2279
-2593
-2776
-3128
-3010
-3056
-3105
-3001
-3192
-3265
-3289
-3364
-3235
-3291
-3327
-3096
-2986
-3006
-2931
-2936
-2804
-2745
-2711
-2423
-2094
-2010
-1989
-1888
-1769
-1482
-1321
-1028
-740
-741
-605
-432
-175
208
299
593
814
881
1063
1329
1599
1886
2049
2187
2410
2433
2616
2838
3092
3179
3204
3385
3363
3402
3392
3471
3728
3611
3504
3570
3456
3426
3324
3232
3394
3309
3059
2956
2821
2604
2460
2254
2222
2293
1890
1668
1488
1227
1131
780
752
775
462
179
-41
-181
-349
-719
-881
-881
-974
-1262
-1426
-1419
-1625
-1805
-2051
-1967
-1908
-2134
-2297
-2315
-2297
-2507
-2555
-2553
-2471
-2595
-2843
-2717
-2579
-2573
-2642
-2656
-2551
-2576
-2732
-2549
-2319
-2240
-2298
-2405
-2161
-1958
-1957
-1777
-1557
-1430
-1407
-1408
-1144
-782
-720
-643
-536
-425
-349
-302
29
240
335
472
482
655
668
670
916
1021
1104
1180
1276
1298
1259
1199
1303
1404
1391
1465
1483
1526
1479
1385
1430
1447
1396
1356
1390
1418
1410
1296
1257
1209
1110
1026
988
1024
907
880
857
830
779
595
555
526
424
379
407
463
380
202
46
-2
-29
-116
23
102
77
-68
-316
-300
-275
-348
-293
-209
-174
-201
-337
-370
-333
-428
-469
-346
-271
-182
-161
-177
-190
-330
-429
-329
-137
-97
33
99
57
-14
-253
-101
36
55
149
204
282
135
-22
-9
174
176
138
210
236
176
-3
-59
55
73
-37
-8
-34
-34
-196
-321
-180
-177
-271
-302
-269
-288
-465
-627
-510
-449
-560
-706
-626
-622
-810
-929
-851
-642
-735
-843
-816
-790
-941
-1058
-944
-702
-669
-852
-818
-783
-869
-921
-792
-508
-404
-594
-591
-451
-488
-509
-536
-319
-138
-252
-176
-38
50
-77
-110
83
312
404
332
526
625
547
570
633
885
942
776
897
1021
1106
1106
1086
1227
1300
1197
1234
1393
1437
1412
1287
1356
1410
1297
1234
1240
1285
1210
1088
1045
1119
973
864
857
862
860
633
568
570
493
305
139
160
92
-72
-166
-195
-196
-409
-618
-594
-616
-678
-818
-856
-834
-995
-1112
-1125
-1128
-1144
-1339
-1453
-1329
-1429
-1444
-1438
-1460
-1386
-1446
-1513
-1427
-1386
-1432
-1425
-1374
-1257
-1230
-1229
-1183
-1128
-1164
-1198
-1110
-954
-840
-776
-739
-570
-598
-606
-549
-412
-216
-129
-37
41
196
158
259
435
580
686
671
790
928
1028
1098
1205
1401
1425
1374
1389
1552
1649
1714
1753
1771
1845
1751
1724
1808
1836
1813
1766
1783
1806
1737
1630
1553
1537
1410
1345
1295
1346
1284
970
874
763
672
603
458
442
392
102
-68
-123
-206
-277
-483
-535
-617
-786
-892
-998
-959
-1093
-1274
-1340
-1427
-1527
-1654
-1687
-1643
-1625
-1723
-1811
-1849
-1920
-1983
-2009
-1880
-1773
-1776
-1870
-1903
-1873
-1895
-1851
-1817
-1624
-1543
-1587
-1485
-1414
-1346
-1294
-1242
-1083
-868
-802
-671
-531
-441
-407
-363
-154
11
118
228
343
489
577
566
766
944
1032
1108
1194
1310
1395
1457
1525
1701
1744
1753
1768
1826
1878
1873
1920
1958
1967
1893
1893
1859
1869
1824
1737
1793
1722
1643
1575
1527
1480
1333
1238
1196
1142
1053
931
806
729
590
479
452
357
244
115
18
-67
-140
-238
-319
-426
-539
-623
-669
-681
-788
-898
-1024
-1109
-1139
-1119
-1119
-1158
-1193
-1301
-1326
-1334
-1328
-1268
-1294
-1297
-1288
-1267
-1242
-1226
-1178
-1190
-1164
-1134
-1057
-981
-923
-861
-830
-758
-771
-721
-615
-530
-450
-385
-310
-267
-217
-213
-137
-51
6
82
147
235
228
239
285
305
370
414
452
540
556
497
488
507
544
580
583
616
560
515
453
437
480
463
473
417
397
293
244
252
241
272
219
160
109
37
-7
-13
-34
-40
-71
-89
-117
-192
-236
-251
-233
-194
-193
-192
-204
-228
-271
-281
-240
-210
-167
-162
-145
-147
-125
-118
-81
-9
11
43
62
82
117
156
178
202
235
223
276
346
388
422
441
464
485
545
569
591
592
567
555
582
620
642
676
667
639
624
615
623
661
673
617
587
546
505
479
442
400
331
292
246
219
195
115
46
-7
-41
-91
-126
-184
-259
-316
-390
-411
-442
-479
-560
-601
-637
-698
-713
-779
-775
-830
-885
-896
-899
-869
-917
-945
-948
-954
-976
-955
-935
-921
-878
-877
-838
-818
-806
-782
-731
-631
-579
-504
-480
-435
-398
-383
-320
-257
-161
-106
-68
-23
15
29
64
102
165
252
311
349
377
377
366
404
471
534
605
641
628
621
603
620
656
700
696
687
670
633
652
666
672
660
617
576
521
516
532
530
503
452
391
338
280
226
228
226
204
170
135
72
10
-40
-67
-76
-87
-113
-131
-188
-240
-290
-320
-310
-318
-311
-350
-372
-406
-415
-439
-450
-431
-426
-436
-459
-443
-419
-383
-379
-362
-316
-316
-302
-287
-260
-198
-182
-165
-155
-147
-141
-113
-54
-5
48
46
50
50
66
107
160
211
216
226
207
219
219
247
278
305
345
330
333
304
293
285
303
340
346
352
323
303
268
261
248
254
262
247
230
181
164
130
136
123
117
116
84
47
4
-6
-2
16
6
-28
-57
-86
-111
-134
-133
-118
-125
-153
-192
-212
-230
-237
-245
-223
-225
-233
-257
-276
-288
-297
-295
-277
-251
-242
-233
-258
-244
-257
-254
-247
-236
-208
-206
-221
-241
-236
-236
-218
-193
-157
-134
-142
-145
-149
-133
-125
-109
-89
-54
-49
-38
-14
-7
3
-12
21
55
98
116
139
142
143
142
167
210
235
252
255
257
257
268
273
284
283
293
290
302
293
313
307
312
301
288
276
245
249
239
253
236
241
221
196
203
171
187
168
157
162
137
129
84
74
30
39
35
29
24
-5
-13
-40
-44
-59
-79
-62
-102
-103
-145
-148
-137
-163
-133
-193
-145
-205
-164
-198
-176
-193
-253
-222
-282
-203
-237
-177
-207
-258
-254
-293
-235
-247
-180
-188
-180
-194
-231
-180
-208
-148
-143
-97
-91
-95
-89
-106
-84
-82
-39
-9
5
12
-17
-13
-32
-23
8
36
68
57
63
41
56
61
70
99
93
109
100
74
65
51
91
117
150
144
142
120
90
104
108
155
160
159
126
94
78
74
110
126
140
120
108
88
66
62
54
67
57
57
39
41
27
12
-8
-21
-11
-2
7
-22
-44
-73
-76
-78
-67
-62
-70
-72
-85
-75
-78
-86
-79
-72
-43
-45
-27
-32
-41
-52
-58
-28
-10
13
9
-5
-5
-10
10
23
31
28
24
30
27
40
30
37
21
16
9
18
37
30
28
13
23
21
18
36
35
35
23
14
7
-6
7
10
19
-7
-22
-20
-19
-15
-10
-1
-1
-20
-15
-21
-10
-16
-18
-4
-11
-14
-33
-23
-30
-32
-27
-17
-1
-25
-24
-52
-58
-66
-67
-36
-53
-26
-62
-44
-77
-84
-70
-83
-46
-81
-59
-84
-76
-85
-95
-64
-72
-41
-55
-43
-49
-52
-34
-43
-19
-33
-15
-27
-27
-22
-34
-15
-31
-18
-22
-19
-10
-20
-2
-4
-1
0
9
22
14
14
8
27
32
35
44
49
60
63
86
97
104
96
91
99
94
104
108
118
110
96
97
100
109
112
120
124
118
113
111
111
109
98
96
97
94
94
87
79
65
69
66
73
77
70
55
30
17
-1
5
-5
-15
-20
-33
-31
-44
-47
-52
-48
-40
-42
-38
-46
-55
-67
-71
-78
-81
-86
-84
-76
-73
-74
-72
-71
-77
-73
-66
-62
-73
-81
-84
-79
-86
-91
-87
-85
-87
-98
-90
-84
-83
-86
-79
-72
-80
-78
-83
-77
-77
-75
-71
-68
-66
-68
-51
-37
-28
-20
-22
-26
-28
-19
1
17
14
9
4
11
17
24
42
43
45
44
54
69
79
77
82
84
83
92
94
90
77
76
73
77
70
53
50
43
45
44
51
52
38
34
36
51
54
65
60
57
47
38
42
31
31
26
37
38
34
30
24
28
22
28
32
25
16
6
8
5
7
5
4
-5
-21
-27
-28
-24
-28
-23
-18
-20
-25
-35
-43
-44
-38
-28
-22
-21
-32
-43
-50
-55
-54
-52
-42
-41
-46
-47
-44
-37
-30
-25
-17
-5
2
-2
-10
-17
-10
3
7
6
5
9
7
7
6
3
9
6
5
2
1
4
8
10
6
9
11
12
12
6
-1
-3
-4
0
-4
-10
-1
4
12
16
7
0
-5
-9
-7
-3
4
1
-12
-25
-25
-21
-19
-15
-19
-14
-11
-17
-23
-34
-44
-52
-48
-39
-36
-29
-27
-30
-28
-25
-18
-15
-19
-26
-27
-25
-15
-3
2
0
-4
-4
5
12
19
18
15
16
21
31
38
38
34
29
27
30
43
50
49
48
46
43
44
49
54
65
68
72
68
63
61
53
56
52
51
44
38
25
25
30
32
36
31
33
33
33
30
21
17
16
20
21
22
15
8
6
2
3
2
-3
-14
-21
-26
-27
-23
-27
-31
-35
-39
-43
-46
-50
-51
-51
-49
-45
-47
-52
-57
-59
-58
-50
-41
-40
-44
-50
-58
-58
-51
-45
-40
-37
-35
-33
-30
-26
-24
-24
-24
-22
-12
-7
-11
-16
-17
-16
-11
-4
5
10
7
7
8
16
22
22
23
20
18
17
11
7
1
-1
7
18
29
30
28
27
28
29
29
31
30
25
23
21
15
13
12
15
17
20
18
16
12
10
11
10
13
13
12
11
9
7
-1
-9
-15
-14
-12
-9
-8
-12
-17
-25
-31
-24
-14
-16
-20
-31
-37
-39
-35
-34
-33
-27
-27
-20
-21
-18
-20
-21
-23
-24
-20
-19
-16
-12
-7
0
7
14
14
20
25
24
20
17
17
20
25
28
36
37
37
37
40
44
47
47
44
39
36
39
41
50
56
56
47
37
32
30
36
41
47
48
40
33
28
31
31
37
41
33
25
12
5
0
-2
-6
-10
-12
-21
-26
-27
-32
-36
-40
-40
-43
-48
-55
-65
-73
-76
-75
-69
-65
-61
-61
-62
-65
-68
-69
-70
-71
-67
-64
-63
-62
-62
-61
-55
-53
-48
-42
-36
-29
-27
-27
-29
-31
-29
-22
-14
-8
-3
-3
-2
-1
2
7
15
19
21
26
30
32
30
35
38
37
36
34
38
43
48
51
57
61
58
56
51
47
49
51
53
57
60
59
59
55
53
51
52
50
48
42
35
30
27
24
26
26
21
15
13
9
4
0
-6
-9
-13
-20
-26
-28
-29
-35
-38
-42
-39
-39
-42
-45
-47
-46
-48
-48
-50
-48
-45
-46
-44
-41
-38
-36
-37
-38
-37
-34
-30
-22
-19
-18
-19
-21
-13
-2
4
5
2
3
7
15
22
28
32
28
25
23
23
27
26
24
25
26
31
35
33
35
36
39
38
37
36
34
33
32
32
30
32
28
27
24
16
11
7
8
13
16
14
10
0
-9
-18
-24
-26
-26
-24
-28
-31
-33
-33
-36
-39
-38
-36
-34
-39
-36
-37
-41
-48
-55
-58
-55
-47
-40
-39
-40
-37
-33
-27
-26
-29
-31
-31
-32
-30
-27
-21
-21
-15
-9
-2
5
5
8
10
11
15
21
24
32
34
38
44
47
48
50
43
41
43
46
51
54
56
53
50
51
55
62
68
68
62
52
43
40
44
48
45
44
41
37
35
33
34
34
33
27
17
13
12
12
10
4
0
0
-1
-2
-7
-9
-9
-10
-19
-30
-37
-41
-39
-41
-41
-42
-44
-46
-47
-44
-41
-46
-56
-60
-63
-62
-58
-62
-62
-63
-65
-62
-57
-54
-50
-48
-48
-48
-50
-54
-51
-43
-35
-35
-36
-35
-31
-28
-21
-13
-1
8
9
7
6
5
5
11
18
20
19
21
22
25
26
27
29
33
36
41
41
41
42
43
52
57
59
58
56
53
54
59
65
64
57
47
38
41
42
43
41
41
40
38
35
34
30
24
23
23
27
24
13
0
-8
-5
-4
-6
-9
-10
-8
-13
-17
-20
-19
-19
-19
-22
-27
-31
-32
-28
-31
-36
-40
-38
-33
-32
-33
-35
-37
-36
-32
-27
-26
-24
-24
-18
-15
-17
-20
-23
-21
-20
-18
-19
-18
-12
-9
-9
-9
-11
-10
-3
2
4
1
-3
-4
-1
0
-1
-3
0
2
4
7
6
6
0
-7
-11
-6
4
6
4
4
4
13
18
17
16
13
18
20
20
12
2
2
6
7
6
3
0
-1
-3
-2
1
4
4
-2
-9
-15
-16
-19
-17
-15
-16
-20
-22
-18
-18
-20
-22
-26
-28
-25
-20
-16
-17
-18
-14
-11
-9
-5
-2
-4
-6
-4
0
1
3
4
3
7
11
13
16
16
22
25
25
25
22
21
20
19
17
17
20
28
35
36
35
30
34
43
46
43
32
24
23
25
25
20
16
18
20
17
18
19
17
18
16
16
16
11
3
-7
-12
-10
-10
-9
-9
-13
-18
-23
-29
-34
-37
-33
-33
-34
-37
-39
-41
-44
-41
-40
-37
-35
-38
-37
-39
-43
-49
-48
-46
-44
-43
-46
-41
-37
-30
-24
-24
-27
-30
-26
-23
-23
-20
-15
-6
2
0
-8
-9
-6
-2
7
8
5
1
2
8
15
23
30
34
35
34
31
26
28
27
27
27
34
40
37
35
35
40
45
50
50
46
40
34
31
30
30
27
23
23
24
23
23
16
13
11
7
2
-3
-3
-4
-9
-11
-13
-10
-9
-15
-21
-25
-26
-26
-29
