13
17
14
17
17
18
18
14
17
12
12
13
10
15
14
15
17
13
18
13
12
14
5
11
11
7
13
6
6
8
6
12
12
11
12
9
9
11
11
8
7
7
4
8
7
5
2
2
1
0
2
-3
-2
-4
-5
-1
-7
-4
-5
-8
-3
-9
-6
-6
-12
-7
-14
-11
-10
-14
-9
-15
-10
-11
-14
-3
-10
-8
-6
-11
-4
-8
-4
0
-8
-3
-9
-11
-8
-13
-8
-14
-13
-11
-13
-6
-10
-10
-8
-12
-5
-12
-8
-4
-8
-2
-4
-6
-1
-4
-2
-3
-5
-5
-7
-7
-5
-5
-8
-6
-10
-7
-7
-4
3
-3
5
0
0
4
-5
4
-3
-3
4
-7
6
-2
-3
5
-9
0
-4
-5
7
-7
5
1
-5
9
-5
7
7
-6
7
-4
-4
7
-6
4
8
-3
10
-1
-2
11
-4
7
6
-2
14
1
8
11
4
14
0
8
7
-1
14
2
10
7
-4
12
-3
5
8
-4
14
-2
1
8
-8
11
-6
-7
3
-13
9
-2
3
13
-9
15
-2
-2
16
-9
13
4
-8
13
-13
7
5
-11
15
-8
4
11
-8
17
-3
-2
12
-10
8
-2
-7
7
-14
1
-5
-17
1
-16
-8
-2
-13
6
-6
-3
5
-13
4
-2
-6
5
-8
2
-1
-4
0
-10
1
-5
-4
2
-8
3
-6
-4
3
-8
6
-2
-6
3
-12
1
-6
-12
-3
-18
-11
-17
-21
-10
-18
-8
-12
-15
-7
-18
-10
-9
-14
-5
-12
-10
-10
-12
-9
-11
-4
-10
-6
-3
-13
-2
-11
-10
-5
-14
-3
-9
-9
0
-13
-2
-9
-8
2
-10
2
-7
-7
1
-10
7
-2
0
10
-7
9
2
2
18
-1
11
6
0
16
3
12
11
6
17
3
12
13
1
19
2
10
20
0
26
12
9
32
3
22
25
9
35
12
19
29
8
29
17
16
24
8
19
14
14
21
10
19
14
14
17
6
13
7
7
8
2
10
9
7
5
5
5
2
2
-3
-1
1
-2
0
-1
4
2
2
1
-1
3
-2
1
0
-4
6
-4
-4
2
-10
0
-7
-6
2
-7
1
-8
0
-2
-9
-1
-13
0
-5
-7
4
-13
-5
-10
-15
-5
-19
-11
-11
-18
-6
-17
-10
-9
-15
-8
-14
-10
-6
-10
-1
-4
3
3
0
7
-4
3
0
-4
4
-5
3
3
0
3
-3
-4
-2
-1
1
1
2
1
2
0
0
2
-2
-2
-2
3
0
-1
3
-7
3
2
-6
4
-4
0
2
0
4
1
3
-1
3
3
0
9
-2
7
9
0
15
0
3
13
-3
12
5
-7
15
-6
-1
12
-9
10
9
-2
20
-1
2
15
-5
16
11
4
19
-1
10
9
-5
14
-2
0
4
-8
8
0
5
12
-2
10
2
4
15
-1
12
4
-3
7
-8
1
-2
-8
6
-10
-1
-2
-10
3
-5
1
2
-2
4
-5
0
3
-2
4
-3
-5
-8
-10
-6
-10
-2
-1
-3
1
-4
2
-2
-3
2
-6
-4
-3
-8
-5
-8
-10
-6
-7
-10
-11
-15
-17
-6
-17
-16
-10
-24
-9
-17
-23
-6
-27
-16
-11
-30
-1
-16
-18
3
-21
-2
-10
-21
0
-21
-11
-7
-18
-2
-15
-14
-6
-16
-7
-10
-10
-3
-10
-5
-8
-9
-9
-12
-10
-9
-12
-7
-8
-10
-8
-8
-10
-11
-8
-11
-6
-5
-13
-2
-6
-8
4
-8
-3
2
-8
7
-1
2
9
-1
13
0
6
11
-3
16
3
6
20
1
18
9
4
20
7
16
17
9
13
9
4
10
7
1
12
2
3
13
0
12
11
2
18
4
8
14
-1
12
7
5
12
3
10
6
3
12
4
11
13
8
14
5
7
11
6
17
10
10
15
2
15
9
4
15
-2
7
11
-4
13
4
4
11
-1
12
2
1
12
-4
11
4
-3
10
-8
4
4
-7
8
-7
-5
-2
-10
0
-4
-9
-1
-4
-5
0
-6
-2
0
-6
6
1
4
11
-1
8
5
-2
9
-3
1
7
-7
6
0
-1
12
-4
2
1
-13
1
-8
-7
4
-9
-2
-2
-12
-2
-6
-13
-1
-14
-7
1
-14
6
-5
-10
7
-17
-2
-7
-19
7
-14
-3
4
-16
5
-10
-5
9
-10
6
-4
-12
3
-14
-6
-2
-11
-4
-6
-10
-5
-5
-8
0
-2
-11
2
-6
-7
5
-11
2
2
-15
4
-9
-10
9
-12
3
7
-11
6
-10
-9
5
-9
7
9
-5
4
-12
-13
1
-12
-1
1
-13
-1
-11
-15
-4
-17
-2
2
-11
5
-9
-9
2
-18
2
-2
-10
4
-14
-7
2
-12
5
1
-3
7
-9
-8
0
-15
1
11
2
25
9
-6
11
-15
1
13
-11
20
1
-13
14
-19
8
15
-13
18
-9
-10
10
-18
6
1
-14
8
-13
1
10
-4
21
9
11
17
5
13
3
2
3
-2
8
-1
4
8
1
11
1
8
10
-4
17
1
2
18
-8
10
9
-5
16
-9
-5
0
-17
7
-5
3
6
-6
12
-10
2
1
-13
13
-12
-1
-4
-28
-3
-27
-9
-2
-13
0
-19
-1
-9
-7
10
-11
14
1
-3
12
-20
11
0
-5
28
-10
1
-2
-27
-2
-12
-6
9
-3
-6
0
-6
-6
7
-8
-8
-6
-18
-2
-4
-5
5
-3
-3
-5
-9
-9
0
-2
3
8
-6
6
-5
0
13
-10
9
6
-2
20
-4
4
7
-11
12
-2
6
19
-4
17
9
4
13
-5
5
-1
4
21
13
36
22
18
20
-3
16
8
13
33
22
29
9
-2
1
1
19
19
24
6
5
17
0
20
12
9
28
7
29
33
24
45
25
25
21
11
25
24
28
25
22
17
13
18
10
14
13
-1
14
19
24
27
2
1
0
-7
9
0
4
8
-10
-11
-5
1
19
23
20
24
15
13
25
18
9
17
1
-3
4
0
22
27
18
20
-10
-24
-26
-42
-35
-54
-50
-46
-69
-48
-66
-68
-29
-35
-15
-21
-36
-15
-28
0
5
-18
-19
-55
-43
-29
-28
10
4
7
1
-40
-31
-28
-3
36
24
20
3
14
32
7
4
-14
-24
-30
-41
-35
-59
-40
-33
-52
-61
-95
-81
-84
-83
-34
-48
-44
-50
-53
-29
-48
-22
-27
-21
13
-8
11
-12
-1
39
36
70
48
37
46
11
21
32
53
88
60
16
-23
-45
-6
35
39
38
11
-20
-26
-34
-34
-33
-55
-74
-83
-113
-113
-54
-19
-11
-41
-79
-74
-82
-104
-251
-479
-506
-190
280
610
640
298
-223
-659
-778
-530
-9
703
1102
893
239
-408
-671
-520
-43
195
64
-134
-203
21
210
257
114
-220
-410
-721
-846
-368
430
1050
909
411
-116
-354
-241
-165
-54
167
725
856
581
382
95
-65
-355
-383
-132
177
566
527
161
-189
-390
-446
-268
-56
-33
-189
-420
-340
73
436
613
376
-10
-194
-292
-74
269
536
734
665
340
-140
-290
-158
84
72
-87
-182
-365
-191
-116
-73
-34
-194
-245
-301
-246
-154
-35
-38
-46
39
16
167
102
30
42
-116
-226
-395
-461
-253
-146
-107
-23
-157
-203
-204
-184
-202
-382
-193
-58
-91
18
190
156
64
98
-77
-248
-271
13
262
320
482
504
209
10
-68
-115
150
504
841
629
214
315
368
331
345
580
677
608
704
620
531
657
1194
1344
1024
992
798
673
766
1026
1184
1125
1156
999
675
364
132
33
67
168
-25
-443
-883
-1179
-1253
-1344
-1352
-1396
-1396
-1420
-1564
-1694
-1822
-1743
-1554
-1308
-1140
-1145
-1135
-1056
-710
-327
-110
117
290
362
170
-136
-261
-182
119
355
362
267
168
-8
-361
-719
-856
-891
-992
-1085
-1199
-1189
-1164
-1194
-1269
-1460
-1456
-1425
-1355
-1226
-1148
-851
-566
-324
-82
110
284
250
250
379
647
1059
1490
1897
2114
2329
2408
2405
2399
2424
2637
2646
2794
2903
3025
3158
3093
3283
3220
3034
2487
1506
596
-334
-539
-382
-153
83
-236
-883
-2158
-3666
-4899
-5424
-4918
-4099
-3381
-3110
-3079
-2927
-2740
-2557
-2257
-1826
-1203
-699
-363
118
954
2200
3320
3967
3947
3595
3081
2559
2264
2374
2959
3546
3728
3361
2651
1841
977
142
-690
-1424
-2061
-2690
-3162
-3551
-3611
-3544
-3705
-4145
-4987
-5761
-6244
-6340
-6000
-5314
-4345
-3372
-2531
-2023
-1708
-1474
-1056
-450
219
1035
1860
2731
3510
4119
4679
5065
5277
5065
4593
4086
3634
3626
3655
3842
3828
3601
3194
2388
1704
1003
619
470
373
336
313
600
1006
1358
1774
1996
2270
2402
2343
1923
1091
596
136
487
823
1150
1191
508
-329
-2015
-3472
-4351
-4426
-3900
-3458
-3132
-3015
-2673
-2120
-1600
-1160
-796
-465
-406
-610
-618
-112
997
2284
3268
3636
3459
2836
1885
927
307
307
493
646
465
66
-407
-840
-1101
-1571
-2171
-3000
-4065
-5048
-5851
-5940
-5442
-4606
-3697
-3486
-3758
-4417
-4916
-5171
-5024
-4308
-3332
-2225
-1407
-731
-147
646
1399
2019
2310
2332
2419
2401
2532
2954
3571
4256
4675
4651
4285
3682
3259
2879
2483
2282
2190
2029
1854
1721
1882
2106
2270
2401
2100
1908
1700
1727
2089
2568
3436
3890
3930
3075
1822
812
65
171
94
187
-167
-898
-1910
-3519
-4456
-4931
-4664
-4375
-4447
-4628
-4808
-4288
-3444
-2553
-1601
-780
-14
167
120
197
727
1922
2901
3594
3655
3540
3308
2844
2599
2472
2505
2379
1910
1173
270
-244
-453
-604
-840
-1408
-2144
-3261
-4309
-5066
-5434
-5273
-5013
-4883
-5059
-5216
-5180
-5080
-4728
-4203
-3673
-3166
-2770
-2416
-1942
-1058
46
981
1693
2194
2595
2854
3220
3537
3753
3996
4112
4031
3832
3797
3759
3804
3713
3426
2998
2427
2110
1732
1432
1308
1274
1382
1500
1644
1707
1984
2216
2581
2920
3040
3489
3565
3712
3281
2429
1857
1073
869
475
203
-109
-776
-1608
-3126
-4435
-5391
-5764
-5706
-5677
-5471
-5378
-5077
-4488
-3931
-3105
-2324
-1479
-871
-709
-563
-373
360
1267
2052
2533
2661
2666
2350
1982
1711
1529
1543
1362
1014
559
-24
-208
-474
-654
-931
-1515
-2156
-3086
-3830
-4436
-4721
-4662
-4592
-4534
-4647
-4694
-4768
-4788
-4514
-4214
-3680
-3156
-2627
-2084
-1538
-783
-106
646
1301
1874
2369
2821
3226
3404
3725
4004
4108
4109
3969
3918
3780
3732
3732
3478
3392
3238
3101
2942
2878
2958
2984
3090
3133
3284
3392
3738
4116
4289
4575
4535
4293
3540
2684
1957
1148
905
398
-90
-714
-1613
-2508
-3883
-4806
-5399
-5827
-5950
-6190
-6338
-6321
-5884
-5054
-4251
-3182
-2162
-1406
-884
-580
-251
261
1027
1800
2397
2725
2999
3080
3029
3000
2923
2733
2418
1904
1248
592
127
-89
-282
-518
-878
-1573
-2491
-3268
-4041
-4521
-4699
-4763
-4835
-4934
-5104
-5228
-5200
-5005
-4538
-4261
-3813
-3397
-3094
-2522
-1867
-1032
-193
666
1426
1985
2568
2997
3384
3872
4118
4266
4229
4181
4209
4214
4306
4318
4210
3998
3652
3229
2982
2748
2726
2795
2733
2767
2811
2949
3143
3455
3868
4072
4231
4220
3852
3195
2558
2032
1337
952
434
-248
-942
-1702
-2580
-3652
-4286
-4752
-5124
-5381
-5663
-5952
-5974
-5577
-4936
-4291
-3427
-2580
-1877
-1298
-852
-382
155
945
1407
1681
1844
2024
2146
2194
2404
2364
2316
2214
1836
1410
840
576
356
-68
-333
-927
-1564
-2122
-2724
-3264
-3799
-3973
-4102
-4468
-4622
-4795
-4897
-4674
-4264
-3876
-3718
-3291
-2889
-2672
-2239
-1680
-1152
-590
192
720
1104
1713
2324
2742
3051
3313
3338
3199
3274
3289
3174
3248
3291
3268
3045
3012
2985
2846
2935
2873
2853
2796
2873
3050
3215
3515
3963
4350
4591
4843
4790
4632
4139
3600
2988
2167
1617
907
146
-661
-1469
-2373
-3410
-4189
-4772
-5283
-5633
-5818
-6063
-6178
-5914
-5461
-5045
-4325
-3499
-2797
-2051
-1377
-834
-313
351
959
1335
1625
1938
2047
2084
2175
2236
2163
2120
1963
1540
1124
635
340
-92
-357
-582
-1159
-1451
-2204
-2769
-3385
-3902
-3927
-4462
-4564
-4584
-4716
-4710
-4591
-4287
-4141
-3656
-3083
-2860
-2537
-2063
-1530
-1269
-679
-19
252
900
1672
2153
2412
3021
3415
3432
3602
3783
3680
3549
3737
3634
3334
3419
3556
3326
3239
3325
3251
3196
3376
3522
3427
3623
3915
4040
4263
4503
4874
4813
4602
4177
3359
2655
1953
1463
678
-22
-795
-1631
-2717
-3759
-4424
-5140
-5386
-5701
-5900
-6129
-6120
-5636
-5242
-4570
-3674
-2956
-2180
-1662
-1213
-858
-463
381
782
1174
1533
1702
1881
1984
2119
2222
2211
2233
1994
1498
1113
699
366
126
-134
-597
-1110
-1592
-2113
-2605
-2974
-3199
-3397
-3581
-3802
-4026
-4156
-4145
-3989
-3830
-3600
-3296
-3066
-2751
-2498
-2117
-1654
-1207
-605
-245
250
709
1130
1665
1955
2363
2611
2742
3012
3069
3241
3373
3433
3621
3570
3667
3657
3573
3703
3635
3649
3647
3665
3794
3845
4107
4310
4568
4824
5068
5069
5004
4668
3947
3366
2433
1796
958
87
-633
-1652
-2461
-3417
-4236
-4787
-5194
-5443
-5734
-5911
-6033
-6004
-5676
-5201
-4591
-3846
-3011
-2225
-1498
-872
-278
383
939
1395
1613
1735
1902
1939
1997
2111
2135
2146
2038
1746
1470
1104
927
725
377
6
-523
-1173
-1698
-2229
-2779
-3139
-3505
-3686
-3990
-4193
-4203
-4185
-4021
-3756
-3619
-3438
-3197
-2924
-2699
-2481
-1971
-1646
-1133
-630
-198
307
863
1516
1998
2418
2783
3049
3063
3235
3303
3209
3342
3366
3336
3284
3283
3394
3354
3410
3519
3391
3350
3425
3432
3501
3637
3852
4050
4163
4514
4451
4390
4163
3544
2986
2035
1467
555
-406
-1222
-2279
-3245
-4185
-4817
-5336
-5615
-5793
-5893
-5949
-5932
-5648
-5319
-4890
-4188
-3599
-2928
-2350
-1811
-1250
-802
-76
371
726
1072
1234
1389
1403
1552
1711
1708
1816
1748
1523
1286
1071
841
627
379
-28
-492
-1022
-1508
-2078
-2485
-2765
-3003
-3259
-3502
-3634
-3817
-3704
-3591
-3419
-3266
-3061
-2735
-2602
-2287
-2019
-1743
-1432
-1087
-751
-428
6
555
1143
1549
2006
2446
2662
3049
3265
3391
3589
3632
3759
3646
3561
3679
3587
3577
3732
3674
3828
3880
4002
4192
4157
4448
4576
4633
4907
4870
4798
4621
4087
3668
2865
2246
1580
591
-115
-1186
-2063
-3092
-4084
-4706
-5400
-5660
-5976
-6120
-6101
-6045
-5664
-5267
-4695
-3978
-3312
-2533
-1902
-1317
-734
-276
302
671
958
1201
1375
1553
1709
1766
1929
1968
1949
1951
1636
1577
1353
1118
1006
526
109
-342
-917
-1412
-1967
-2373
-2631
-3062
-3315
-3547
-3807
-3797
-3710
-3564
-3457
-3252
-2942
-2783
-2500
-2214
-1976
-1678
-1394
-984
-783
-425
139
511
1048
1506
1900
2343
2638
3091
3291
3446
3775
3780
3847
3820
3752
3707
3599
3607
3515
3404
3542
3581
3672
3847
3928
4184
4276
4495
4614
4497
4538
4185
3670
3151
2357
1763
975
168
-539
-1639
-2407
-3379
-4273
-4881
-5487
-5756
-6101
-6184
-6208
-6169
-5832
-5360
-4793
-4136
-3430
-2740
-2121
-1580
-987
-433
74
615
862
1039
1278
1303
1476
1465
1603
1738
1637
1763
1672
1498
1463
1263
992
693
179
-236
-811
-1387
-1763
-2442
-2808
-3104
-3523
-3729
-3858
-3814
-3741
-3566
-3299
-3066
-2861
-2485
-2213
-2051
-1707
-1441
-1192
-882
-562
-242
26
476
937
1216
1666
2128
2454
2826
3219
3477
3687
3948
4108
4164
4113
4104
3960
3703
3665
3541
3384
3458
3504
3588
3774
3928
4247
4376
4567
4755
4604
4400
3924
3393
2635
1989
1177
230
-647
-1761
-2605
-3742
-4537
-5155
-5687
-5934
-6202
-6166
-6187
-5958
-5567
-5141
-4610
-4022
-3361
-2858
-2304
-1704
-1313
-732
-250
134
451
605
944
1025
1089
1300
1346
1451
1574
1521
1519
1392
1297
1210
930
686
384
-130
-503
-1008
-1548
-1889
-2336
-2524
-2913
-3126
-3289
-3477
-3384
-3396
-3279
-3097
-2855
-2644
-2409
-2279
-2039
-1791
-1605
-1178
-935
-600
-82
188
654
1095
1418
1976
2271
2725
3040
3280
3620
3823
4029
4065
4212
4131
4065
4063
3824
3846
3755
3654
3811
3677
3904
4094
4110
4469
4439
4434
4485
4039
3765
3208
2449
1996
932
213
-695
-1906
-2585
-3727
-4417
-5054
-5581
-5706
-6072
-6007
-5944
-5749
-5264
-4815
-4253
-3700
-3175
-2554
-2081
-1623
-1093
-657
-252
155
364
593
869
981
1247
1321
1455
1597
1580
1595
1593
1486
1421
1360
1101
868
442
10
-421
-1020
-1482
-1851
-2357
-2583
-2914
-3221
-3272
-3382
-3260
-3184
-3077
-2781
-2587
-2438
-2048
-1885
-1654
-1269
-1150
-855
-679
-461
-52
146
534
971
1253
1694
2175
2448
2833
3205
3385
3747
3813
3963
4143
3951
4085
3983
3741
3827
3639
3590
3632
3589
3798
3874
4080
4313
4363
4412
4330
4036
3603
3158
2552
1835
1011
113
-929
-1906
-2893
-3915
-4679
-5349
-5759
-6121
-6285
-6241
-6118
-5764
-5333
-4759
-4244
-3665
-2996
-2524
-2026
-1549
-1213
-806
-502
-232
-7
161
390
551
699
915
1149
1277
1437
1560
1622
1678
1593
1529
1271
911
657
85
-329
-769
-1270
-1636
-2073
-2313
-2639
-2888
-2985
-3026
-3062
-2932
-2693
-2633
-2352
-2130
-2039
-1755
-1694
-1422
-1227
-1189
-686
-574
-271
271
467
996
1447
1858
2451
2719
3262
3621
3773
4194
4196
4330
4366
4325
4328
4092
4050
3927
3767
3814
3869
3954
4169
4315
4488
4560
4448
4392
3984
3553
3091
2320
1632
691
-267
-1257
-2351
-3216
-4179
-4874
-5389
-5898
-6060
-6243
-6150
-5866
-5583
-4964
-4504
-3952
-3333
-2879
-2290
-1877
-1486
-1079
-815
-510
-320
-175
48
288
528
729
975
1158
1279
1449
1508
1583
1583
1488
1394
1007
689
255
-294
-716
-1220
-1571
-2043
-2337
-2591
-2921
-2951
-3065
-2998
-2904
-2839
-2606
-2519
-2232
-1998
-1854
-1550
-1393
-1147
-1012
-862
-576
-383
-34
320
670
1047
1455
1855
2198
2668
2987
3327
3671
3730
4024
3995
4002
4164
3827
3918
3632
3384
3410
3065
3241
3274
3402
3768
3875
4157
4259
4277
4219
3875
3562
2973
2421
1688
786
14
-1073
-1998
-2934
-3840
-4443
-5012
-5387
-5571
-5728
-5604
-5327
-4999
-4473
-3998
-3459
-2925
-2455
-2037
-1701
-1381
-1092
-853
-717
-580
-445
-293
-120
26
222
415
639
895
1100
1272
1400
1484
1472
1373
1111
831
412
-11
-431
-992
-1316
-1762
-2093
-2344
-2620
-2680
-2749
-2752
-2616
-2529
-2411
-2156
-2102
-1886
-1720
-1654
-1377
-1340
-1162
-944
-906
-544
-312
-56
414
664
1173
1646
2031
2625
2987
3424
3801
3959
4205
4231
4282
4293
4147
4064
3805
3678
3503
3343
3407
3341
3561
3685
3820
4135
4100
4287
4124
3858
3593
2952
2451
1646
798
-115
-1134
-2148
-3155
-4008
-4758
-5296
-5726
-5927
-5985
-5921
-5609
-5250
-4712
-4113
-3545
-2882
-2396
-1882
-1506
-1235
-898
-774
-613
-517
-444
-314
-202
-23
156
393
617
916
1220
1431
1674
1753
1809
1777
1564
1303
934
422
-60
-615
-1248
-1628
-2245
-2567
-2830
-3164
-3057
-3208
-2977
-2759
-2618
-2197
-2040
-1711
-1492
-1326
-1097
-1063
-867
-791
-693
-487
-405
-89
109
448
929
1271
1872
2322
2784
3257
3535
3883
4071
4193
4254
4202
4103
3948
3739
3510
3338
3110
3010
2973
2958
3141
3325
3563
3860
3995
4169
4115
3941
3716
3150
2696
1946
1117
167
-950
-1957
-3160
-4049
-4907
-5556
-5969
-6252
-6245
-6220
-5855
-5359
-4772
-4072
-3440
-2803
-2270
-1850
-1470
-1251
-1008
-868
-874
-798
-897
-864
-767
-724
-411
-191
133
579
876
1316
1599
1867
2068
2071
1985
1663
1276
750
219
-441
-1087
-1638
-2222
-2633
-3023
-3254
-3368
-3379
-3199
-3046
-2776
-2463
-2167
-1832
-1595
-1325
-1217
-1099
-961
-1007
-942
-896
-800
-622
-454
-100
308
748
1359
1909
2487
3094
3628
4084
4446
4716
4851
4892
4753
4610
4296
3953
3667
3314
3080
2937
2851
2930
3075
3247
3550
3680
3895
3889
3723
3569
3113
2664
1940
1067
89
-1075
-2232
-3402
-4452
-5308
-5954
-6389
-6620
-6646
-6472
-6031
-5472
-4795
-4062
-3344
-2606
-2003
-1473
-1056
-749
-508
-405
-444
-536
-636
-697
-678
-634
-428
-158
161
605
1025
1455
1869
2212
2515
2615
2551
2337
1950
1449
821
107
-682
-1358
-2044
-2574
-3025
-3353
-3435
-3519
-3334
-3156
-2879
-2527
-2239
-1809
-1581
-1321
-1061
-1010
-854
-850
-854
-798
-864
-701
-593
-400
40
420
983
1615
2204
2923
3491
4080
4580
4868
5200
5233
5215
5051
4722
4434
3961
3591
3237
2882
2735
2622
2668
2853
3050
3377
3602
3808
3866
3799
3587
3188
2715
1967
1161
102
-985
-2147
-3374
-4360
-5270
-5926
-6398
-6612
-6593
-6343
-5854
-5237
-4493
-3736
-2936
-2212
-1645
-1097
-763
-509
-309
-345
-387
-553
-672
-732
-795
-651
-466
-173
230
644
1128
1573
2073
2481
2723
2892
2794
2606
2236
1703
1113
357
-403
-1157
-1988
-2619
-3139
-3576
-3673
-3789
-3692
-3492
-3265
-2809
-2491
-2055
-1636
-1351
-1083
-954
-916
-995
-1009
-1064
-1149
-1133
-1077
-850
-564
-66
544
1213
2015
2797
3524
4129
4716
5139
5434
5580
5569
5366
5023
4655
4137
3644
3173
2806
2503
2284
2269
2335
2538
2832
3127
3374
3517
3547
3414
3101
2624
1988
1178
158
-908
-2169
-3412
-4458
-5456
-6114
-6693
-6921
-6889
-6760
-6228
-5663
-4876
-3991
-3127
-2298
-1647
-1015
-599
-302
-135
-114
-170
-402
-528
-735
-915
-842
-756
-467
-105
316
865
1381
1966
2501
2892
3192
3317
3166
2868
2393
1741
1015
193
-672
-1594
-2445
-3156
-3724
-4097
-4255
-4270
-4140
-3856
-3465
-3007
-2511
-1960
-1507
-1140
-878
-760
-726
-763
-802
-909
-981
-951
-864
-663
-334
175
830
1582
2380
3183
3912
4560
5141
5547
5823
5929
5815
5534
5067
4561
3930
3327
2803
2317
1984
1693
1653
1729
1933
2351
2713
3129
3432
3542
3552
3297
2934
2335
1511
585
-543
-1725
-3019
-4187
-5181
-5982
-6510
-6845
-6899
-6746
-6334
-5742
-4990
-4117
-3230
-2394
-1681
-1081
-657
-356
-173
-97
-143
-336
-522
-728
-870
-867
-777
-490
-122
357
889
1418
1994
2506
2958
3223
3367
3249
2944
2470
1798
1105
215
-618
-1492
-2339
-3074
-3703
-4114
-4330
-4306
-4164
-3875
-3525
-3059
-2607
-2160
-1698
-1348
-1083
-968
-926
-979
-1070
-1140
-1190
-1201
-1127
-933
-664
-203
443
1194
2024
2852
3665
4372
4965
5440
5756
5889
5855
5611
5171
4642
3993
3358
2735
2206
1811
1472
1316
1304
1456
1754
2127
2542
2913
3178
3288
3190
2888
2454
1830
1038
103
-978
-2101
-3227
-4300
-5141
-5845
-6268
-6463
-6497
-6221
-5842
-5212
-4475
-3658
-2797
-2054
-1383
-832
-401
-140
37
84
49
-72
-261
-426
-547
-512
-401
-140
225
663
1172
1637
2165
2644
3025
3294
3362
3254
2938
2419
1800
1043
197
-630
-1515
-2329
-3035
-3611
-4016
-4221
-4198
-4020
-3734
-3338
-2849
-2381
-1888
-1428
-1062
-772
-594
-475
-523
-597
-656
-777
-786
-738
-557
-279
141
725
1393
2133
2898
3678
4302
4908
5336
5592
5716
5602
5384
4921
4409
3818
3143
2536
1971
1532
1199
1037
1056
1213
1495
1891
2299
2659
2986
3094
3066
2861
2463
1924
1123
281
-749
-1844
-2921
-3989
-4856
-5619
-6078
-6378
-6420
-6217
-5858
-5256
-4597
-3744
-2906
-2129
-1368
-803
-325
-31
127
218
156
37
-144
-350
-489
-539
-507
-315
-24
375
858
1285
1821
2241
2622
2942
2997
3014
2704
2284
1698
903
189
-722
-1526
-2334
-3090
-3648
-4146
-4334
-4409
-4288
-4012
-3662
-3212
-2775
-2286
-1854
-1471
-1138
-941
-838
-830
-878
-953
-1033
-1012
-957
-778
-480
-95
448
1074
1831
2638
3402
4154
4794
5271
5616
5755
5729
5501
5114
4601
3932
3245
2536
1900
1326
916
646
510
583
747
1105
1476
1940
2358
2654
2879
2811
2634
2230
1675
955
46
-935
-1988
-2980
-3967
-4749
-5378
-5784
-5915
-5936
-5641
-5251
-4649
-3915
-3216
-2384
-1720
-1063
-570
-248
14
34
91
-10
-144
-288
-473
-515
-575
-422
-192
136
597
1023
1569
1986
2422
2793
2939
3064
2891
2632
2149
1520
869
7
-733
-1548
-2267
-2894
-3443
-3754
-4005
-4009
-3879
-3658
-3330
-2964
-2544
-2183
-1825
-1505
-1312
-1168
-1113
-1104
-1177
-1207
-1188
-1156
-1008
-786
-431
-20
556
1232
1929
2687
3417
4070
4577
4980
5221
5263
5159
4922
4494
3979
3382
2761
2134
1551
1134
760
581
532
596
813
1071
1491
1863
2231
2578
2736
2819
2670
2400
1961
1333
678
-121
-974
-1810
-2615
-3339
-3957
-4416
-4668
-4762
-4698
-4428
-4099
-3676
-3147
-2643
-2113
-1662
-1266
-941
-757
-578
-512
-503
-464
-449
-419
-342
-217
-20
225
512
887
1238
1619
1998
2266
2515
2632
2650
2551
2312
1992
1555
1050
481
-99
-713
-1245
-1717
-2120
-2409
-2663
-2777
-2836
-2808
-2699
-2578
-2379
-2196
-2032
-1879
-1807
-1706
-1650
-1633
-1560
-1524
-1410
-1241
-1036
-729
-389
66
598
1145
1744
2335
2857
3374
3804
4134
4373
4450
4466
4305
4040
3729
3294
2869
2422
2000
1651
1354
1174
1046
987
1030
1118
1291
1495
1695
1895
2009
2094
2098
1968
1782
1431
1022
544
-32
-560
-1180
-1729
-2233
-2723
-3094
-3449
-3652
-3790
-3854
-3821
-3774
-3638
-3415
-3199
-2935
-2666
-2419
-2132
-1890
-1603
-1334
-1069
-757
-478
-172
105
364
653
877
1129
1332
1477
1634
1677
1723
1683
1583
1497
1324
1148
944
657
422
135
-125
-381
-692
-913
-1227
-1469
-1740
-1994
-2196
-2420
-2584
-2788
-2904
-3043
-3081
-3137
-3109
-3033
-2969
-2743
-2563
-2227
-1906
-1502
-1006
-569
0
491
990
1516
1944
2420
2779
3118
3437
3602
3789
3834
3835
3791
3663
3530
3303
3079
2835
2564
2321
2053
1826
1596
1398
1246
1067
983
876
858
872
893
971
976
1038
1030
991
888
720
531
256
-37
-406
-802
-1246
-1700
-2159
-2615
-3008
-3343
-3587
-3760
-3830
-3810
-3701
-3451
-3153
-2751
-2310
-1837
-1315
-853
-361
45
430
780
1042
1245
1340
1403
1388
1345
1268
1195
1148
1091
1070
1042
1017
1029
1011
1013
1012
964
906
759
565
316
1
-329
-705
-1108
-1514
-1922
-2292
-2601
-2876
-3051
-3167
-3185
-3098
-2978
-2750
-2505
-2210
-1867
-1540
-1176
-837
-511
-186
95
366
632
879
1150
1423
1685
1985
2248
2526
2796
3020
3275
3426
3571
3652
3599
3552
3345
3113
2822
2416
2076
1605
1202
821
430
212
-15
-75
-70
-6
182
382
646
915
1172
1377
1528
1555
1502
1314
1001
637
119
-394
-987
-1624
-2195
-2816
-3284
-3667
-3939
-4023
-4051
-3887
-3635
-3288
-2835
-2381
-1839
-1321
-818
-352
6
317
526
671
770
798
775
739
691
652
644
652
716
798
922
1065
1190
1322
1398
1453
1433
1326
1191
924
644
267
-162
-553
-1055
-1431
-1845
-2197
-2413
-2677
-2732
-2812
-2787
-2641
-2548
-2298
-2107
-1882
-1642
-1449
-1211
-1019
-826
-622
-419
-236
7
257
536
887
1203
1611
1981
2362
2779
3064
3412
3635
3779
3877
3787
3698
3448
3144
2813
2351
1928
1467
1017
644
290
24
-148
-261
-250
-176
-60
168
368
619
866
1028
1214
1256
1240
1153
917
671
321
-66
-469
-935
-1364
-1797
-2204
-2522
-2791
-2981
-3056
-3054
-2983
-2819
-2632
-2354
-2075
-1766
-1397
-1129
-797
-539
-317
-89
36
208
314
395
476
485
523
539
553
589
610
652
677
695
717
703
696
665
608
535
397
255
63
-153
-353
-611
-827
-1072
-1286
-1473
-1684
-1794
-1946
-2015
-2061
-2082
-2020
-1994
-1867
-1768
-1619
-1441
-1261
-1038
-834
-576
-342
-64
202
491
802
1064
1378
1616
1891
2150
2353
2573
2675
2808
2846
2831
2793
2648
2506
2255
2017
1719
1400
1120
793
543
266
58
-93
-229
-243
-258
-176
-54
93
299
487
711
887
1063
1173
1243
1257
1170
1073
847
616
310
-52
-404
-817
-1180
-1552
-1872
-2129
-2331
-2446
-2500
-2465
-2384
-2202
-1986
-1727
-1422
-1154
-819
-555
-300
-54
86
259
329
376
399
356
347
288
253
227
197
213
229
270
334
397
466
517
560
565
541
462
350
192
-13
-223
-480
-731
-993
-1255
-1465
-1666
-1791
-1873
-1900
-1862
-1786
-1638
-1480
-1279
-1065
-835
-611
-404
-185
-24
165
291
420
565
626
772
856
975
1125
1210
1395
1497
1621
1767
1803
1894
1883
1839
1796
1626
1484
1257
990
764
454
204
-30
-260
-387
-507
-548
-506
-434
-280
-76
143
429
691
949
1215
1371
1553
1637
1634
1625
1451
1285
1032
709
410
6
-348
-706
-1084
-1366
-1652
-1866
-1998
-2121
-2161
-2155
-2112
-1986
-1869
-1713
-1526
-1370
-1179
-1010
-860
-705
-592
-471
-367
-279
-195
-122
-42
42
134
219
323
433
541
663
766
855
948
992
1036
1042
989
962
845
721
596
401
258
62
-125
-283
-481
-609
-728
-844
-910
-974
-1015
-1013
-1029
-994
-947
-919
-817
-775
-682
-586
-499
-343
-257
-95
55
186
386
538
739
912
1061
1249
1359
1472
1555
1576
1605
1577
1504
1434
1282
1147
983
760
621
403
256
122
-33
-69
-161
-139
-97
-41
115
235
440
630
832
1030
1201
1356
1456
1524
1489
1446
1288
1103
873
530
227
-186
-561
-948
-1367
-1686
-2018
-2256
-2430
-2561
-2578
-2546
-2441
-2272
-2066
-1831
-1561
-1297
-1028
-767
-564
-358
-215
-102
-21
11
55
70
89
116
145
206
282
387
510
651
805
944
1089
1196
1288
1345
1332
1308
1196
1063
891
649
447
156
-90
-329
-585
-753
-951
-1061
-1152
-1211
-1207
-1185
-1131
-1050
-958
-888
-772
-712
-634
-557
-534
-444
-431
-371
-306
-264
-147
-67
69
212
372
558
722
897
1042
1182
1277
1349
1379
1351
1288
1166
1012
827
623
408
209
19
-144
-262
-357
-356
-326
-240
-79
80
311
536
774
1030
1222
1415
1536
1594
1599
1526
1386
1180
922
608
270
-117
-488
-874
-1261
-1590
-1916
-2144
-2324
-2451
-2471
-2487
-2407
-2294
-2152
-1924
-1729
-1475
-1237
-1023
-790
-608
-424
-268
-139
-22
80
158
252
337
419
539
617
740
857
967
1114
1199
1322
1400
1448
1495
1463
1449
1353
1239
1104
908
733
494
274
37
-198
-410
-631
-793
-959
-1069
-1173
-1253
-1292
-1327
-1307
-1311
-1263
-1229
-1184
-1108
-1069
-972
-917
-821
-713
-620
-466
-348
-182
-10
162
365
552
754
931
1100
1233
1347
1428
1459
1479
1416
1333
1199
1014
829
592
377
162
-45
-213
-359
-456
-497
-470
-402
-261
-94
125
391
631
927
1154
1372
1546
1622
1688
1628
1534
1356
1098
805
442
77
-330
-703
-1081
-1418
-1693
-1933
-2064
-2158
-2155
-2102
-1995
-1817
-1628
-1392
-1160
-916
-690
-480
-300
-162
-30
50
128
175
217
267
303
368
431
527
630
751
879
1010
1155
1274
1396
1473
1534
1556
1528
1490
1372
1245
1069
867
664
421
212
-26
-239
-435
-612
-752
-885
-983
-1075
-1135
-1207
-1246
-1278
-1304
-1300
-1331
-1319
-1326
-1307
-1259
-1221
-1127
-1030
-895
-739
-558
-358
-140
96
329
571
778
974
1132
1252
1337
1363
1358
1288
1193
1042
868
676
455
253
32
-138
-300
-412
-481
-519
-481
-413
-273
-118
80
292
515
748
952
1166
1307
1440
1494
1492
1456
1325
1184
955
710
423
114
-192
-522
-808
-1101
-1328
-1529
-1673
-1748
-1795
-1757
-1718
-1590
-1456
-1290
-1074
-891
-655
-474
-280
-111
23
168
261
363
415
480
523
564
618
657
732
776
864
928
1005
1100
1156
1245
1270
1309
1314
1277
1232
1126
1025
861
704
516
304
103
-138
-350
-572
-764
-953
-1118
-1265
-1404
-1501
-1607
-1662
-1714
-1746
-1745
-1757
-1719
-1695
-1635
-1554
-1471
-1337
-1204
-1038
-854
-666
-462
-247
-26
194
410
604
782
920
1023
1097
1123
1114
1061
967
836
682
507
324
134
-43
-196
-332
-420
-487
-495
-472
-398
-272
-126
72
267
488
699
904
1096
1245
1385
1454
1493
1462
1386
1273
1090
912
670
420
157
-119
-373
-626
-839
-1032
-1177
-1288
-1360
-1386
-1384
-1319
-1246
-1129
-1001
-856
-691
-540
-364
-215
-55
84
206
322
406
498
560
629
687
733
792
833
883
928
971
1010
1056
1078
1106
1129
1127
1133
1090
1052
988
896
804
677
547
397
238
56
-124
-321
-511
-703
-898
-1057
-1234
-1374
-1518
-1641
-1738
-1823
-1852
-1885
-1859
-1822
-1753
-1643
-1535
-1360
-1197
-1004
-795
-591
-363
-150
62
260
441
598
740
841
912
956
948
930
865
783
671
532
395
225
82
-67
-198
-309
-398
-447
-477
-444
-391
-292
-158
0
201
394
625
842
1056
1254
1418
1564
1645
1706
1700
1645
1544
1387
1203
974
730
457
186
-95
-351
-582
-803
-960
-1108
-1194
-1248
-1266
-1213
-1159
-1048
-938
-804
-646
-502
-342
-211
-75
33
131
226
291
363
412
456
498
530
568
612
654
697
745
780
833
872
908
943
945
962
946
924
885
816
744
635
517
382
229
70
-107
-298
-494
-693
-889
-1084
-1280
-1459
-1627
-1783
-1905
-2006
-2075
-2114
-2119
-2091
-2020
-1916
-1786
-1605
-1419
-1204
-967
-724
-468
-226
12
230
429
604
751
874
964
1021
1043
1040
1005
955
884
801
708
591
495
384
288
213
136
102
63
71
102
150
249
350
488
635
795
972
1137
1314
1466
1592
1697
1759
1785
1765
1684
1569
1405
1194
965
684
402
110
-182
-450
-714
-926
-1102
-1232
-1303
-1335
-1303
-1234
-1124
-983
-832
-660
-494
-338
-193
-68
25
100
150
165
172
149
131
112
85
89
77
98
130
171
239
307
403
490
566
636
667
690
682
648
591
493
378
230
61
-111
-300
-484
-676
-868
-1048
-1221
-1380
-1526
-1653
-1777
-1872
-1959
-2039
-2079
-2119
-2127
-2110
-2070
-1991
-1894
-1762
-1594
-1418
-1200
-967
-727
-460
-213
48
287
502
710
860
996
1088
1137
1153
1116
1069
978
878
766
631
503
365
260
149
75
30
-4
10
28
82
155
253
386
514
669
811
966
1129
1265
1415
1522
1610
1694
1729
1740
1714
1643
1547
1415
1251
1064
853
623
392
149
-87
-295
-482
-643
-771
-868
-933
-943
-936
-882
-807
-727
-596
-496
-365
-253
-176
-64
-18
48
87
78
107
76
82
84
67
106
121
177
241
299
400
482
582
679
750
835
872
897
899
844
792
673
524
379
158
-31
-249
-492
-689
-944
-1155
-1358
-1572
-1714
-1872
-1988
-2060
-2143
-2157
-2158
-2123
-2045
-1945
-1800
-1650
-1442
-1237
-1005
-736
-505
-220
38
273
544
747
943
1118
1225
1325
1378
1377
1373
1307
1209
1103
961
816
665
510
351
210
74
-38
-110
-178
-199
-197
-185
-118
-45
66
213
346
523
694
862
1056
1211
1374
1507
1593
1688
1711
1709
1681
1578
1474
1303
1109
902
642
407
136
-118
-356
-595
-770
-945
-1055
-1138
-1200
-1189
-1189
-1133
-1054
-989
-878
-799
-715
-625
-573
-512
-474
-457
-435
-416
-406
-387
-355
-325
-259
-180
-95
34
152
287
436
555
679
797
870
931
964
926
896
806
667
553
352
154
-35
-279
-470
-679
-892
-1050
-1225
-1366
-1473
-1580
-1655
-1692
-1728
-1741
-1710
-1688
-1627
-1530
-1446
-1305
-1156
-1009
-805
-626
-424
-198
1
226
429
614
789
938
1051
1133
1198
1199
1185
1143
1040
948
824
673
542
379
244
120
-16
-96
-166
-213
-216
-209
-167
-99
-24
83
190
309
446
562
706
823
936
1060
1137
1240
1296
1333
1380
1357
1358
1303
1226
1150
1003
891
722
545
379
158
-21
-232
-424
-579
-759
-880
-1001
-1102
-1147
-1192
-1201
-1192
-1159
-1108
-1038
-958
-894
-794
-723
-643
-536
-488
-387
-311
-252
-141
-76
24
129
212
322
421
521
607
699
761
793
848
821
808
778
660
608
469
318
221
15
-128
-280
-485
-601
-769
-911
-1009
-1145
-1235
-1310
-1386
-1436
-1454
-1486
-1482
-1439
-1430
-1348
-1262
-1185
-1019
-899
-752
-541
-399
-191
27
172
401
557
690
873
937
1037
1111
1094
1127
1078
1014
970
850
759
655
537
434
326
239
148
87
27
-20
-17
-52
-25
12
12
118
159
241
381
436
588
710
806
980
1061
1179
1292
1323
1399
1399
1373
1349
1234
1127
976
777
590
354
121
-112
-342
-563
-754
-902
-1046
-1116
-1186
-1228
-1180
-1182
-1097
-991
-935
-776
-699
-603
-460
-417
-300
-227
-194
-107
-78
-28
37
81
140
214
286
349
457
507
584
680
676
758
754
697
719
575
492
390
166
55
-165
-375
-529
-760
-913
-1078
-1222
-1320
-1416
-1460
-1485
-1474
-1445
-1394
-1313
-1233
-1122
-1012
-907
-779
-666
-546
-422
-311
-202
-92
25
123
233
338
419
516
583
636
692
710
711
706
661
600
541
427
333
228
81
-6
-133
-229
-295
-378
-393
-419
-397
-365
-316
-212
-141
12
131
257
443
545
720
862
967
1128
1205
1302
1385
1416
1452
1448
1425
1363
1302
1187
1066
952
755
626
438
235
93
-134
-287
-443
-607
-694
-813
-869
-913
-942
-929
-915
-851
-808
-722
-640
-563
-452
-384
-279
-201
-130
-42
9
88
133
191
238
281
346
371
437
457
484
528
512
552
520
503
486
390
376
258
179
109
-44
-93
-241
-346
-412
-561
-606
-709
-798
-828
-916
-946
-989
-1033
-1055
-1078
-1097
-1116
-1101
-1115
-1074
-1038
-1015
-906
-856
-743
-606
-508
-330
-192
-38
126
265
409
525
634
698
760
786
768
778
712
648
597
464
406
311
199
160
49
14
-21
-77
-58
-86
-74
-47
-40
18
64
123
196
271
349
465
576
666
836
919
1064
1220
1271
1456
1489
1545
1637
1537
1565
1460
1299
1215
952
766
533
233
22
-261
-500
-706
-912
-1061
-1186
-1251
-1284
-1267
-1212
-1152
-1045
-928
-815
-665
-545
-432
-301
-234
-155
-79
-67
-1
21
24
89
90
133
186
203
281
334
384
451
490
521
543
538
503
461
365
253
143
-31
-178
-356
-551
-708
-903
-1050
-1192
-1312
-1407
-1469
-1499
-1522
-1487
-1466
-1400
-1315
-1241
-1109
-1009
-886
-743
-631
-483
-357
-250
-104
-4
102
230
300
400
482
533
604
634
649
681
663
636
623
542
489
433
320
270
161
74
30
-71
-104
-149
-193
-180
-188
-163
-110
-52
23
121
233
349
480
604
743
885
1008
1155
1272
1376
1488
1548
1617
1660
1660
1660
1606
1542
1452
1318
1178
1010
816
625
422
195
5
-208
-400
-546
-726
-820
-932
-1018
-1039
-1093
-1067
-1064
-1023
-957
-930
-827
-780
-696
-596
-552
-443
-401
-335
-253
-227
-138
-100
-41
19
55
127
147
210
234
245
286
256
271
242
197
180
103
56
-18
-91
-156
-231
-286
-366
-399
-468
-499
-507
-574
-550
-596
-617
-591
-657
-630
-660
-696
-676
-730
-714
-722
-741
-707
-713
-672
-614
-567
-480
-404
-304
-190
-97
35
136
233
356
417
515
580
607
665
653
666
668
626
619
566
529
498
445
409
366
335
294
283
248
229
244
200
228
236
225
301
291
360
452
469
615
673
762
921
959
1108
1203
1251
1377
1370
1396
1393
1304
1263
1114
951
798
556
359
115
-152
-349
-618
-806
-980
-1185
-1249
-1388
-1432
-1418
-1489
-1391
-1369
-1324
-1167
-1160
-1012
-907
-882
-709
-695
-610
-495
-517
-385
-354
-323
-199
-208
-102
-25
-3
127
156
229
307
319
385
394
400
402
366
329
270
200
106
25
-83
-188
-270
-403
-467
-564
-655
-679
-779
-788
-818
-869
-809
-851
-804
-754
-775
-662
-645
-582
-455
-442
-304
-219
-166
-6
40
158
280
313
461
504
551
661
633
710
732
686
749
670
666
661
555
588
502
450
453
342
356
302
252
275
197
217
209
175
226
207
237
281
292
372
416
476
575
626
718
815
865
964
1021
1053
1127
1114
1121
1115
1017
984
866
723
632
422
271
107
-129
-251
-457
-626
-729
-922
-983
-1085
-1176
-1169
-1250
-1224
-1219
-1221
-1142
-1144
-1065
-1009
-977
-875
-846
-764
-685
-638
-542
-481
-400
-306
-225
-141
-54
30
102
196
253
322
387
398
465
466
458
483
426
414
375
311
283
206
150
94
2
-59
-133
-225
-283
-371
-462
-521
-625
-692
-754
-848
-872
-934
-959
-947
-967
-900
-858
-791
-665
-581
-423
-278
-142
55
180
352
502
602
768
843
928
1011
1007
1057
1042
1010
1014
939
905
857
762
732
643
570
537
443
406
354
283
266
201
172
158
118
135
122
130
169
193
266
329
409
509
588
699
792
881
970
1027
1077
1099
1094
1068
1011
931
829
699
545
389
223
50
-101
-264
-407
-533
-661
-733
-818
-873
-884
-925
-904
-890
-888
-827
-821
-775
-715
-702
-622
-593
-553
-481
-465
-393
-340
-300
-212
-172
-100
-23
23
110
162
210
267
285
314
322
305
294
246
197
142
55
-17
-113
-219
-304
-418
-508
-598
-699
-759
-846
-899
-937
-997
-1002
-1032
-1036
-1006
-1000
-943
-901
-845
-748
-684
-580
-473
-381
-251
-142
-30
99
194
303
401
472
559
606
646
680
675
677
655
617
577
518
457
389
319
239
168
102
33
-6
-55
-84
-92
-112
-89
-74
-49
11
40
106
173
230
321
379
459
539
589
667
708
749
794
800
827
819
801
794
740
711
656
576
527
429
357
270
162
91
-29
-117
-202
-319
-384
-488
-568
-624
-710
-740
-797
-837
-841
-872
-851
-844
-822
-770
-740
-665
-607
-539
-444
-382
-283
-205
-134
-46
2
74
123
152
207
212
233
248
225
236
202
177
159
99
73
11
-49
-86
-170
-210
-273
-347
-377
-455
-492
-517
-575
-564
-589
-590
-546
-554
-491
-449
-416
-318
-274
-188
-95
-47
54
112
167
251
281
344
388
403
447
449
457
474
457
464
458
442
440
418
404
389
365
352
331
314
296
281
267
258
256
245
248
251
254
279
294
321
356
378
421
444
474
513
519
542
546
530
531
499
471
440
384
348
289
225
171
97
41
-22
-85
-141
-206
-262
-325
-382
-442
-502
-550
-610
-654
-698
-742
-763
-793
-799
-794
-789
-752
-722
-674
-606
-552
-475
-405
-330
-252
-187
-116
-63
-14
23
44
64
68
68
57
37
22
-7
-36
-65
-101
-129
-155
-178
-195
-215
-235
-251
-266
-281
-291
-300
-308
-316
-320
-314
-305
-285
-256
-230
-186
-144
-97
-34
21
90
155
210
279
324
372
415
437
466
478
482
486
474
463
446
422
402
381
358
341
316
303
294
276
273
261
254
251
233
231
223
216
220
211
223
233
234
256
262
278
301
308
334
346
360
376
373
379
369
347
329
294
256
212
164
120
71
17
-34
-88
-132
-171
-211
-238
-268
-296
-320
-345
-367
-382
-409
-429
-447
-481
-500
-526
-549
-557
-576
-574
-571
-575
-554
-539
-513
-473
-440
-389
-344
-299
-245
-210
-169
-134
-108
-78
-60
-45
-33
-32
-29
-34
-41
-39
-48
-53
-58
-74
-76
-93
-101
-100
-122
-114
-128
-144
-135
-157
-154
-154
-157
-129
-127
-96
-61
-41
15
50
100
163
201
266
314
351
403
425
451
467
464
470
459
441
419
389
356
324
286
250
221
184
156
131
107
97
81
71
70
61
61
58
55
63
66
76
88
95
114
130
147
172
191
215
240
261
285
301
311
319
315
311
294
272
249
217
184
147
106
65
20
-28
-67
-107
-141
-170
-201
-223
-244
-263
-275
-290
-303
-310
-325
-334
-340
-350
-354
-359
-366
-358
-354
-344
-327
-315
-294
-269
-241
-205
-176
-147
-118
-96
-68
-47
-37
-25
-19
-15
-11
-17
-21
-26
-37
-47
-55
-66
-72
-79
-84
-82
-90
-87
-85
-92
-85
-88
-87
-84
-92
-88
-93
-91
-79
-78
-65
-45
-41
-16
20
57
107
145
186
228
246
277
293
293
310
301
300
284
246
230
188
153
123
75
54
24
2
0
-12
0
10
20
51
68
98
129
152
187
207
225
241
240
243
237
230
224
211
205
202
197
190
188
185
187
187
184
186
176
168
158
141
124
102
77
52
19
-14
-42
-76
-106
-126
-144
-152
-160
-160
-160
-162
-159
-157
-151
-147
-142
-141
-143
-146
-151
-156
-163
-171
-173
-183
-190
-190
-193
-185
-172
-157
-136
-122
-106
-85
-74
-60
-45
-37
-28
-32
-35
-34
-41
-46
-54
-65
-69
-76
-74
-67
-62
-47
-35
-15
2
15
36
47
62
75
89
103
105
112
118
114
117
111
111
110
108
118
115
122
130
134
143
142
144
148
138
133
121
107
89
68
48
31
17
4
-5
-11
-9
-3
3
17
28
41
60
73
86
99
109
114
112
112
109
100
86
71
55
39
24
15
4
-3
-5
-8
-8
-9
-11
-13
-20
-24
-27
-34
-32
-41
-48
-57
-71
-81
-103
-116
-128
-142
-144
-156
-157
-155
-156
-147
-144
-135
-127
-120
-106
-109
-107
-112
-136
-147
-175
-196
-206
-226
-223
-227
-225
-213
-215
-199
-187
-175
-150
-148
-135
-127
-125
-109
-111
-100
-91
-90
-75
-85
-88
-95
-115
-123
-135
-137
-132
-130
-113
-98
-82
-60
-50
-43
-38
-40
-52
-66
-67
-63
-57
-51
-43
-30
-23
-6
9
20
39
44
52
68
81
107
135
167
199
227
263
288
318
344
364
386
388
391
396
387
391
384
372
366
343
338
325
320
343
337
339
339
326
334
319
304
289
252
224
182
147
127
92
77
57
27
17
-4
-23
-50
-91
-135
-184
-232
-278
-324
-361
-394
-417
-435
-447
-458
-466
-478
-493
-509
-531
-545
-562
-568
-566
-557
-539
-518
-483
-449
-407
-361
-319
-288
-263
-226
-205
-185
-159
-132
-85
-38
17
69
114
167
206
255
298
325
345
344
338
332
335
340
339
345
348
344
338
332
328
327
325
331
335
319
312
287
254
246
214
180
135
74
16
-56
-116
-174
-225
-258
-293
-310
-318
-323
-316
-315
-299
-278
-252
-217
-205
-182
-162
-146
-124
-120
-108
-100
-79
-42
-2
51
98
146
193
239
285
320
357
384
416
443
455
455
451
441
439
453
472
507
530
556
564
563
573
563
557
538
508
493
462
439
422
397
383
345
303
249
182
130
64
3
-63
-152
-223
-290
-365
-415
-461
-514
-569
-627
-686
-741
-790
-843
-886
-909
-913
-901
-874
-821
-767
-707
-651
-604
-548
-513
-482
-440
-418
-380
-336
-287
-222
-145
-59
6
46
93
132
168
206
241
281
299
331
346
347
365
358
363
359
356
365
364
389
395
415
453
462
461
449
418
379
329
280
232
183
159
148
130
98
56
8
-48
-89
-128
-153
-177
-209
-228
-248
-242
-240
-240
-231
-235
-211
-205
-207
-208
-224
-227
-218
-202
-190
-161
-129
-106
-74
-40
-8
2
13
27
24
27
35
45
50
60
70
78
78
74
73
70
69
84
100
110
132
153
163
156
157
157
142
125
101
83
58
21
4
-26
-62
-74
-116
-139
-171
-213
-218
-259
-294
-331
-376
-383
-398
-384
-362
-354
-315
-282
-242
-198
-174
-148
-123
-102
-65
-23
30
75
116
168
212
242
287
301
301
309
295
307
297
279
281
255
230
209
173
144
109
63
28
5
-4
-5
-2
-1
-3
-3
-5
-1
2
-10
-9
-20
-21
-30
-38
-48
-70
-77
-104
-121
-152
-179
-175
-190
-167
-137
-123
-95
-84
-61
-34
-9
20
29
40
58
77
90
100
103
102
118
126
128
135
140
147
166
173
178
195
191
188
190
184
193
193
168
154
118
116
128
101
90
50
14
-6
-28
-17
-30
-36
-47
-57
-28
-42
-34
-38
-78
-87
-146
-169
-192
-256
-254
-304
-350
-358
-378
-375
-374
-359
-366
-364
-367
-376
-353
-348
-322
-297
-270
-219
-196
-164
-122
-102
-96
-75
-58
-34
5
28
35
51
58
89
123
129
164
160
180
223
230
281
281
288
308
269
282
251
231
244
191
186
167
140
166
155
194
217
224
268
246
246
234
208
197
143
120
89
64
68
59
75
66
56
74
77
101
103
79
82
49
31
46
28
26
18
-14
-31
-70
-93
-104
-158
-173
-205
-239
-245
-258
-264
-257
-225
-209
-177
-125
-112
-69
-48
-55
-33
-67
-68
-74
-115
-102
-125
-117
-85
-89
-38
-3
17
61
92
127
152
179
190
191
202
200
189
168
152
155
160
174
183
182
179
174
182
176
158
151
114
93
80
59
62
30
1
-11
-45
-50
-47
-57
-72
-102
-137
-163
-207
-256
-305
-350
-386
-382
-367
-369
-338
-337
-334
-337
-351
-341
-357
-353
-346
-357
-349
-350
-340
-308
-277
-236
-214
-188
-173
-166
-131
-124
-84
-38
-24
37
79
124
190
214
254
289
304
343
359
353
351
330
327
329
315
322
323
303
298
285
269
261
243
239
224
204
183
163
153
146
139
116
90
46
11
-7
-33
-30
-46
-61
-71
-115
-119
-148
-158
-140
-165
-156
-184
-221
-218
-263
-260
-260
-290
-280
-315
-329
-332
-335
-287
-281
-258
-214
-195
-140
-102
-55
-16
-38
-12
-12
-33
-12
-34
-31
-11
-18
22
41
48
76
77
111
144
155
197
212
216
227
215
214
230
248
264
265
270
260
248
234
224
209
173
144
118
83
60
69
58
61
68
40
37
15
-15
-33
-86
-112
-131
-156
-153
-172
-187
-207
-238
-245
-252
-227
-210
-206
-168
-156
-130
-88
-67
-20
-10
-19
2
-17
-9
11
7
31
27
33
65
81
118
163
190
209
211
214
232
251
285
305
302
301
298
307
304
302
280
248
240
210
209
204
173
187
164
150
154
121
122
82
51
42
-24
-30
-58
-108
-110
-163
-178
-191
-225
-198
-209
-207
-206
-248
-250
-274
-271
-247
-247
-227
-236
-227
-215
-220
-201
-208
-200
-193
-220
-216
-237
-254
-233
-221
-182
-150
-123
-78
-72
-42
-22
-19
8
3
24
35
23
30
15
16
32
33
45
59
73
91
116
145
163
187
181
178
180
167
196
208
217
242
222
218
224
210
221
215
200
192
168
158
138
121
106
98
92
73
74
50
41
37
-12
-5
-34
-72
-55
-109
-113
-138
-200
-184
-225
-235
-211
-237
-196
-188
-163
-100
-84
-36
-26
-39
-63
-112
-130
-162
-178
-180
-203
-185
-189
-170
-140
-139
-88
-74
-38
-5
-10
25
5
-12
14
2
23
57
49
58
35
12
24
18
34
31
28
24
-2
7
0
16
41
33
45
20
-2
18
14
49
47
-7
-22
-84
-100
-85
-102
-68
-78
-95
-80
-106
-96
-60
-34
-6
13
-2
-15
-35
-69
-55
-61
-80
-58
-78
-87
-72
-84
-55
-31
-15
37
51
96
148
156
200
215
235
274
266
272
244
203
205
183
196
200
191
211
189
210
240
247
299
295
296
296
229
222
189
160
174
114
89
33
-41
-58
-106
-126
-142
-189
-192
-216
-219
-178
-168
-135
-116
-128
-116
-127
-138
-131
-152
-163
-176
-212
-233
-255
-259
-231
-197
-142
-80
-42
8
41
68
101
92
95
79
35
20
-26
-46
-56
-71
-35
-25
10
48
49
69
45
26
6
-36
-38
-75
-108
-128
-176
-170
-182
-178
-142
-142
-116
-115
-128
-121
-158
-157
-147
-176
-156
-154
-153
-108
-98
-47
-4
0
46
44
47
75
51
62
58
33
44
40
63
105
132
180
223
261
290
292
294
276
275
267
253
259
254
280
306
318
348
344
330
317
275
243
208
170
153
126
103
87
68
71
66
62
73
62
66
67
46
19
-23
-59
-93
-110
-109
-110
-99
-95
-106
-103
-120
-111
-79
-72
-41
-40
-52
-44
-56
-43
-36
-58
-60
-90
-114
-124
-142
-139
-149
-147
-153
-173
-172
-178
-157
-131
-110
-65
-56
-38
-11
-21
3
-2
-17
-4
-27
-28
-22
-45
-23
-27
-27
3
-11
-6
-19
-60
-65
-78
-77
-55
-53
-39
-30
-28
-7
0
7
15
2
-12
-33
-57
-61
-53
-42
-22
0
6
31
55
68
99
95
88
90
56
40
19
-15
-29
-47
-50
-55
-51
-31
-22
12
32
59
85
94
140
148
161
190
176
194
191
170
179
162
160
158
144
139
126
108
89
66
35
17
-7
-27
-33
-55
-70
-91
-116
-133
-161
-163
-180
-180
-174
-198
-187
-214
-216
-206
-229
-196
-210
-206
-184
-208
-173
-174
-170
-133
-150
-125
-116
-132
-111
-131
-132
-124
-134
-113
-101
-91
-62
-49
-28
-6
-3
14
28
39
67
82
99
113
111
107
102
103
102
104
111
104
100
109
110
124
140
159
174
169
164
140
110
95
78
68
58
48
37
27
31
26
22
21
5
2
-8
-15
-8
-9
4
10
8
10
9
12
11
8
5
-2
1
8
17
26
34
50
65
80
101
121
140
163
164
173
166
151
150
132
128
120
122
139
140
167
177
175
182
157
145
128
90
77
43
15
-14
-59
-76
-100
-112
-122
-135
-136
-163
-170
-188
-203
-207
-229
-229
-244
-249
-251
-269
-251
-247
-227
-187
-181
-144
-126
-127
-105
-122
-123
-113
-125
-95
-90
-74
-43
-44
-16
0
12
36
42
64
58
61
81
79
113
132
162
198
200
231
239
248
273
246
242
226
196
191
168
175
164
149
153
116
108
93
73
80
50
42
24
-18
-31
-69
-93
-109
-141
-146
-169
-189
-201
-211
-191
-181
-155
-119
-106
-86
-88
-92
-83
-87
-75
-71
-83
-83
-99
-103
-101
-106
-88
-88
-92
-70
-72
-53
-38
-37
-10
-11
-6
5
-7
1
-5
-20
-16
-40
-40
-45
-55
-37
-49
-42
-34
-40
-14
-11
12
36
29
48
44
37
52
43
40
42
24
28
34
28
39
36
29
37
27
42
64
65
92
90
82
88
57
48
31
10
1
-30
-48
-73
-105
-131
-156
-170
-188
-192
-193
-193
-182
-173
-155
-142
-137
-124
-127
-111
-104
-102
-77
-80
-69
-63
-69
-52
-52
-30
-7
9
39
54
74
97
103
126
134
138
151
137
133
119
115
123
119
133
141
145
146
132
118
113
105
110
112
100
100
88
75
74
56
57
51
38
38
17
12
-6
-15
-16
-35
-26
-41
-48
-43
-75
-65
-72
-81
-52
-73
-53
-42
-56
-20
-35
-26
-11
-31
-2
-13
-9
7
-20
-7
-10
-9
14
21
49
64
72
89
93
100
112
120
129
128
114
102
88
76
67
60
61
64
54
58
52
43
52
42
40
45
36
45
40
38
47
27
36
37
25
36
28
24
25
3
1
-13
-12
2
0
18
25
28
35
34
28
26
29
18
18
15
-8
-19
-43
-60
-68
-94
-95
-100
-110
-97
-100
-99
-91
-100
-91
-100
-108
-109
-133
-142
-151
-166
-166
-173
-176
-173
-183
-177
-179
-181
-179
-183
-173
-169
-158
-137
-126
-98
-76
-50
-14
3
28
44
48
58
60
57
56
56
61
68
83
92
109
129
149
167
175
187
199
197
201
192
179
174
155
144
131
98
88
72
53
53
33
28
28
7
1
-11
-25
-30
-45
-56
-77
-111
-128
-157
-179
-192
-213
-214
-222
-226
-227
-233
-224
-220
-205
-189
-178
-153
-143
-123
-105
-91
-60
-55
-39
-22
-22
-1
3
16
36
43
74
100
126
163
184
208
231
258
287
312
323
327
329
326
328
319
312
312
302
302
290
275
267
246
227
202
174
150
123
109
93
76
68
54
47
42
25
15
-9
-32
-52
-80
-100
-120
-142
-156
-176
-186
-193
-201
-202
-200
-198
-188
-176
-166
-162
-169
-164
-163
-156
-139
-135
-123
-115
-114
-102
-100
-89
-67
-53
-22
-1
21
52
68
90
106
115
130
135
145
151
152
156
161
159
156
146
132
122
110
96
85
70
50
38
14
-14
-42
-79
-102
-127
-150
-167
-194
-204
-214
-231
-235
-257
-266
-272
-295
-302
-318
-337
-347
-363
-371
-370
-365
-342
-319
-296
-276
-257
-238
-222
-208
-193
-185
-168
-148
-129
-98
-77
-51
-21
5
37
62
86
117
145
167
189
203
215
226
239
255
275
293
312
323
328
331
325
319
318
313
308
296
283
273
254
245
236
223
209
184
163
140
115
102
86
70
55
37
21
2
-12
-27
-35
-43
-47
-47
-54
-59
-58
-60
-54
-60
-65
-72
-90
-98
-112
-120
-121
-135
-134
-139
-147
-140
-146
-141
-138
-141
-134
-136
-135
-131
-138
-134
-130
-129
-121
-124
-125
-124
-122
-116
-112
-120
-122
-123
-119
-109
-110
-99
-93
-85
-73
-72
-63
-60
-55
-44
-42
-30
-21
-11
-2
-7
-6
2
8
25
41
57
80
92
109
118
129
139
146
161
173
188
199
201
206
200
195
190
181
180
170
163
156
147
139
129
117
99
80
66
52
35
28
19
8
7
-2
-7
-5
-14
-22
-39
-55
-63
-78
-79
-75
-77
-77
-79
-79
-80
-78
-76
-73
-68
-67
-66
-74
-81
-84
-91
-80
-71
-63
-46
-39
-28
-19
-16
-4
7
22
42
53
66
77
87
103
115
130
143
142
142
141
140
138
133
136
131
127
123
110
98
77
60
50
38
33
27
18
6
-13
-23
-31
-43
-51
-68
-79
-85
-95
-95
-99
-102
-96
-101
-98
-98
-103
-99
-104
-103
-108
-119
-124
-127
-123
-124
-117
-108
-98
-78
-65
-47
-30
-18
1
15
23
35
42
54
71
83
96
109
120
134
135
141
150
149
153
149
145
140
130
133
131
133
136
128
128
120
109
99
86
76
65
57
45
35
29
19
16
12
2
-4
-14
-22
-32
-44
-52
-70
-84
-97
-109
-116
-126
-129
-133
-138
-142
-148
-152
-156
-163
-169
-172
-176
-182
-188
-192
-193
-190
-186
-182
-177
-171
-165
-162
-156
-155
-146
-138
-132
-118
-110
-96
-79
-61
-44
-34
-16
-5
3
10
13
22
26
31
43
54
68
82
102
120
139
155
165
176
186
194
201
202
202
206
208
215
224
228
230
224
218
211
200
194
185
176
170
153
143
132
118
114
99
84
68
40
24
3
-19
-36
-56
-72
-97
-113
-131
-149
-153
-163
-172
-174
-184
-185
-195
-201
-204
-215
-217
-226
-233
-228
-231
-220
-212
-205
-185
-174
-154
-140
-128
-109
-102
-91
-85
-82
-65
-58
-42
-22
-5
26
49
72
91
111
132
150
165
172
172
171
170
172
178
185
188
190
185
183
183
180
179
169
157
143
123
107
90
77
66
51
44
38
28
23
17
2
-10
-24
-41
-51
-66
-78
-85
-94
-96
-103
-105
-103
-102
-101
-101
-96
-95
-94
-85
-79
-68
-62
-56
-51
-47
-41
-34
-26
-10
1
12
28
39
56
71
84
94
98
105
111
116
119
114
114
109
102
104
103
100
100
101
100
97
94
87
75
57
41
31
15
5
-5
-17
-22
-31
-37
-43
-54
-62
-72
-88
-103
-114
-115
-120
-128
-130
-133
-132
-128
-127
-120
-118
-117
-119
-125
-127
-130
-136
-138
-142
-135
-123
-110
-89
-76
-58
-40
-26
-13
-6
0
7
9
12
15
20
33
42
55
68
81
95
106
114
124
129
136
142
142
148
153
156
162
164
167
169
167
169
166
156
150
137
126
124
111
106
94
87
84
69
67
56
46
38
23
16
2
-12
-19
-36
-49
-60
-73
-80
-88
-91
-95
-103
-106
-119
-126
-135
-145
-148
-157
-157
-160
-163
-164
-167
-163
-162
-157
-147
-145
-137
-135
-136
-136
-135
-127
-120
-107
-97
-90
-80
-76
-67
-62
-59
-44
-38
-28
-19
-19
-7
-4
4
17
20
36
45
49
57
53
57
62
59
59
56
53
54
51
51
54
50
51
56
59
65
63
63
59
51
52
45
42
35
26
19
9
-2
-7
-10
-13
-16
-21
-21
-29
-37
-46
-61
-68
-76
-78
-77
-80
-76
-71
-68
-61
-57
-50
-46
-45
-43
-49
-51
-55
-59
-53
-51
-48
-45
-45
-35
-26
-17
-8
0
5
12
17
18
17
11
10
14
11
17
17
20
29
33
41
42
45
51
51
59
64
67
72
68
70
65
57
57
47
44
39
34
36
31
33
34
35
43
45
51
53
52
52
54
53
52
54
54
52
44
40
38
40
41
40
40
44
48
51
60
62
66
77
76
84
83
81
84
74
72
68
60
62
53
54
58
53
64
60
59
65
55
58
54
45
49
41
42
41
31
37
28
25
27
13
10
0
-11
-13
-28
-31
-39
-43
-34
-36
-32
-36
-38
-34
-44
-47
-53
-69
-75
-88
-95
-99
-108
-109
-115
-115
-110
-113
-108
-114
-116
-110
-117
-109
-111
-111
-105
-107
-94
-89
-86
-76
-76
-70
-69
-70
-62
-65
-66
-62
-65
-56
-54
-45
-31
-29
-13
-4
-2
14
13
23
27
27
36
31
36
36
36
49
45
53
59
58
75
82
98
115
120
133
132
135
142
144
154
152
153
147
134
126
121
112
110
107
104
103
102
102
100
105
105
109
109
107
104
90
85
79
69
61
48
34
14
-5
-23
-41
-55
-71
-91
-106
-117
-122
-127
-129
-132
-146
-153
-164
-179
-190
-212
-225
-241
-259
-265
-280
-280
-276
-275
-268
-269
-250
-240
-233
-213
-204
-183
-168
-154
-129
-117
-95
-82
-73
-46
-43
-34
-29
-34
-24
-18
1
20
36
68
88
113
136
153
173
184
198
210
216
214
206
195
181
175
161
156
149
132
127
108
103
111
103
119
117
112
116
98
100
88
78
72
44
32
8
-18
-32
-52
-57
-63
-63
-49
-42
-29
-15
-14
3
14
28
47
42
49
55
55
68
68
75
75
65
63
63
68
80
88
98
114
121
137
144
145
156
151
159
160
152
153
133
131
119
101
90
64
58
39
24
17
-15
-29
-50
-72
-74
-101
-113
-120
-148
-147
-168
-185
-186
-229
-243
-266
-292
-286
-315
-313
-312
-329
-312
-318
-307
-284
-285
-249
-243
-232
-209
-212
-175
-168
-151
-128
-134
-99
-99
-89
-61
-76
-38
-14
0
40
35
76
102
115
174
172
209
228
219
264
243
263
277
258
294
270
280
290
254
282
254
241
254
220
239
216
195
209
169
190
185
166
194
151
160
158
106
123
74
49
47
-14
-8
-42
-69
-56
-98
-86
-93
-118
-93
-118
-117
-131
-173
-168
-212
-227
-237
-271
-257
-285
-287
-282
-302
-270
-280
-263
-247
-260
-225
-238
-224
-207
-220
-183
-181
-158
-135
-142
-104
-102
-85
-50
-64
-31
-23
-12
35
31
66
91
98
140
139
170
195
200
248
248
257
265
251
278
274
280
300
291
312
315
313
327
312
318
321
316
320
308
305
304
300
292
287
276
266
255
238
226
201
185
173
148
130
105
82
68
38
17
-7
-33
-47
-74
-88
-108
-130
-139
-170
-191
-218
-251
-261
-284
-292
-298
-327
-335
-351
-359
-355
-363
-356
-360
-363
-351
-365
-355
-346
-346
-317
-328
-315
-303
-308
-274
-274
-253
-234
-239
-204
-197
-173
-144
-131
-96
-77
-51
-19
-3
31
53
73
104
113
127
134
146
164
172
192
195
196
203
195
192
193
182
177
173
157
149
132
121
113
97
96
86
65
57
39
19
12
-6
-16
-29
-49
-53
-66
-73
-76
-80
-70
-65
-49
-39
-42
-28
-35
-23
-15
-17
7
11
29
41
44
68
73
87
103
106
122
136
143
160
167
171
180
188
189
203
215
212
243
238
243
259
228
249
230
222
234
191
208
193
173
190
148
162
146
110
128
72
68
55
15
32
-21
-40
-49
-102
-96
-136
-149
-157
-211
-194
-232
-245
-228
-278
-246
-266
-280
-247
-293
-259
-260
-291
-247
-281
-273
-247
-276
-243
-254
-259
-232
-237
-210
-198
-188
-165
-161
-143
-144
-122
-108
-112
-71
-74
-49
-20
-36
10
20
28
72
53
75
95
93
129
124
138
173
181
198
205
214
223
232
229
211
216
197
183
180
148
148
129
110
125
100
106
99
65
87
51
44
57
17
38
9
-4
18
-22
2
-5
-20
-10
-43
-31
-45
-66
-65
-88
-86
-107
-111
-100
-122
-117
-135
-148
-136
-160
-142
-141
-152
-128
-132
-125
-103
-108
-85
-64
-65
-41
-23
-2
29
30
47
83
81
93
109
112
128
134
129
134
141
123
122
119
97
115
103
91
114
89
88
83
63
84
63
57
62
44
48
41
32
27
16
13
22
25
14
18
16
7
-10
-12
-6
-30
-19
-26
-33
-35
-91
-67
-77
-115
-94
-133
-109
-114
-173
-124
-131
-130
-110
-127
-78
-74
-80
-60
-63
-37
-27
-32
-14
-6
-6
5
7
11
13
2
5
-13
-6
-2
-29
-27
-57
-51
-42
-83
-63
-79
-84
-66
-104
-91
-95
-94
-69
-89
-62
-62
-49
-29
-54
-16
-16
3
20
0
20
3
25
13
1
48
34
45
34
32
83
48
52
82
66
97
71
57
93
56
65
77
59
98
88
74
105
91
85
90
74
90
83
60
72
41
38
42
12
21
10
2
-18
-39
-39
-68
-51
-81
-109
-92
-143
-112
-129
-141
-86
-138
-102
-115
-131
-61
-112
-55
-64
-87
-18
-107
-52
-52
-109
-24
-107
-65
-36
-109
-21
-93
-96
-35
-91
-34
-81
-82
-6
-64
-70
-66
49
38
-110
-7
81
66
1
-31
127
148
34
39
74
146
110
52
140
153
150
134
116
181
157
164
189
130
179
193
152
164
125
159
137
67
106
104
92
78
45
64
67
52
35
31
36
2
-2
-15
-14
24
-23
-9
-1
-41
13
-25
-49
-2
-46
-17
-33
-89
-32
-66
-69
-47
-71
-21
-20
-45
-31
-9
-19
-8
8
-47
-11
-25
-66
3
-57
-14
16
-66
16
-27
-45
8
-71
-2
-5
-66
-16
-44
-44
-48
-91
-60
-68
-83
-84
-73
-49
-64
-36
-46
-54
-13
-33
-16
-1
-28
10
5
-10
11
2
24
26
12
31
14
20
37
23
47
49
32
47
44
49
58
44
49
68
83
79
69
76
88
105
79
75
106
93
103
80
79
119
87
80
90
72
78
90
56
67
65
11
53
21
-19
21
-67
-28
-27
-112
-20
-90
-96
-37
-126
-73
-103
-134
-71
-139
-116
-114
-128
-84
-124
-104
-98
-107
-92
-130
-77
-66
-100
-87
-99
-63
-62
-95
-53
-61
-67
-27
-36
-19
-14
-19
44
27
24
50
40
82
73
87
111
93
128
128
140
153
126
161
162
160
167
162
184
181
175
161
164
175
153
133
103
98
94
59
44
25
13
-6
-43
-34
-51
-72
-70
-83
-69
-84
-98
-89
-109
-125
-137
-137
-134
-159
-165
-153
-159
-167
-168
-168
-169
-160
-164
-143
-134
-143
-127
-141
-117
-111
-141
-104
-112
-99
-79
-92
-66
-78
-60
-59
-53
-29
-42
-15
-41
-36
-1
-35
12
5
-8
34
-16
19
30
1
51
32
39
50
17
35
41
32
46
50
44
45
52
38
42
56
48
56
60
48
46
39
41
40
18
11
26
4
-19
-16
-35
-14
-24
-46
-2
-23
-23
-5
-29
6
-7
-16
18
1
19
18
13
41
17
39
47
43
73
40
66
87
69
113
79
86
119
65
111
98
85
130
69
105
105
58
105
64
76
92
42
80
55
23
51
17
28
29
-3
12
-9
-23
-28
-38
-31
-49
-51
-59
-66
-59
-72
-56
-54
-68
-61
-85
-67
-65
-79
-60
-75
-63
-64
-76
-56
-60
-52
-52
-48
-29
-41
-16
-13
-20
-3
-11
18
0
-7
51
19
17
41
20
55
43
29
76
68
90
106
95
129
140
143
151
146
174
176
167
165
164
176
154
167
162
136
167
142
144
169
131
147
134
109
132
78
82
84
34
65
20
8
18
-40
-18
-37
-56
-53
-91
-80
-90
-113
-108
-143
-131
-156
-170
-132
-178
-154
-166
-199
-148
-220
-210
-174
-235
-186
-209
-223
-167
-228
-202
-185
-223
-153
-184
-188
-126
-170
-130
-114
-153
-101
-105
-109
-72
-90
-78
-63
-68
-36
-22
-23
3
13
3
44
50
45
75
58
92
96
93
143
116
126
144
132
161
152
169
190
180
194
198
206
206
205
213
206
205
204
209
207
185
174
168
169
153
142
144
132
125
103
90
101
73
60
54
20
20
1
-13
-6
-41
-44
-40
-55
-51
-70
-87
-86
-109
-110
-99
-126
-128
-134
-143
-137
-163
-160
-151
-176
-164
-176
-180
-177
-194
-174
-193
-205
-191
-195
-190
-200
-183
-173
-183
-166
-169
-157
-162
-176
-138
-150
-145
-122
-129
-83
-100
-97
-64
-96
-72
-59
-58
-7
-36
-33
8
-32
6
