SAMPLES:	8326
BITSPERSAMPLE:	16
CHANNELS:	1
SAMPLERATE:	16000
NORMALIZED:	FALSE
-51
-7
-31
-3
1
6
6
6
9
7
-5
-28
-26
-14
15
22
41
46
37
7
8
-1
36
29
28
27
13
11
6
10
-16
-1
-8
2
13
21
22
23
11
-2
-5
-29
21
9
48
21
29
-2
-11
19
-7
20
23
24
22
30
3
19
-17
3
-19
0
14
26
29
4
29
-17
-5
-35
12
-3
17
3
3
-21
-43
-29
-39
-32
1
-1
-2
-33
-37
-42
-33
-1
1
23
6
4
-4
22
-16
3
-25
10
-27
25
5
17
15
5
10
16
37
18
54
23
36
22
30
16
40
17
27
18
27
40
30
32
10
47
9
40
9
28
15
16
18
-4
9
-28
-5
-8
17
20
40
9
14
-32
-6
-8
0
6
-12
-16
-16
-6
2
1
7
-7
-2
-6
4
-15
-21
-21
-57
-27
-33
33
-10
39
-13
20
-15
7
8
15
31
56
61
33
51
2
31
-15
-12
-21
16
0
2
-31
-26
-12
-28
-32
-8
-15
22
8
20
-3
11
-10
4
-36
-9
3
-7
10
-26
-35
-64
-57
-40
-27
-14
-14
8
8
-2
14
-30
21
-18
40
-10
57
34
24
20
-5
27
24
38
57
22
57
18
5
23
10
20
-23
24
0
7
17
-12
-7
-12
-7
39
-28
25
-41
22
-22
9
3
-7
22
-10
35
-45
53
-31
29
-74
-24
-36
-14
24
-32
12
-11
16
5
31
-8
47
-56
63
-13
53
-35
12
-19
5
-25
-2
5
7
-3
-53
7
-42
20
-76
28
-40
15
-48
-14
-16
-43
-21
-15
31
1
46
-12
-14
-57
-68
-46
-52
-52
-14
-60
-6
-46
-38
5
-39
-20
-43
-23
-22
-41
-16
-47
-34
-2
-36
16
-70
27
6
-12
-2
-41
-27
-44
-14
27
-8
-5
9
11
15
42
13
39
12
10
23
21
5
34
-43
14
-4
89
57
30
8
11
58
56
45
45
23
41
18
70
38
76
20
21
42
-5
55
-16
113
-28
119
-30
115
15
73
66
68
72
21
26
-69
-8
-60
22
-5
54
-38
-21
-44
49
22
31
83
-27
85
-29
47
-28
3
18
-20
4
-38
27
-34
-42
-47
-96
-4
-8
-12
24
4
64
-30
-8
-78
-40
-65
-40
29
-77
-36
-41
2
-94
-91
-140
-14
-94
-52
-17
-47
37
-101
42
-46
21
-70
5
-50
-46
-61
-67
-28
-74
-134
-86
-51
-34
-52
-108
-47
-56
-21
-133
-30
-157
-5
-122
-13
64
97
86
-28
-41
-43
19
-83
-20
-112
-40
-31
52
57
-44
-22
-23
61
20
39
64
35
55
-24
-21
-26
61
35
84
107
97
55
15
19
53
108
12
-4
-37
17
7
8
-34
0
34
9
33
-87
-85
-75
-60
-102
-69
-105
14
119
32
102
58
28
64
-98
-20
75
-75
-7
-153
-127
-5
36
54
1
112
-60
30
-79
55
196
102
217
38
0
63
-8
42
-78
138
49
175
109
-92
-15
-37
149
52
-109
127
95
82
200
97
133
-121
-102
-61
72
112
242
87
92
31
-103
23
-14
108
64
64
186
63
118
-89
-128
7
-154
90
-260
108
-72
206
238
196
206
-18
155
121
12
-28
37
29
72
-42
4
-48
-65
-123
41
-126
-29
73
-16
84
-70
-140
206
-90
-16
-54
-183
153
-52
308
-272
-220
-193
149
-128
-245
-128
25
159
-191
4
-433
-60
-56
78
-65
41
-49
35
-282
-143
7
131
182
5
-172
-100
-43
58
-169
-181
-62
-112
-2
-227
-18
102
234
36
34
-77
-107
-62
-24
22
-21
-191
-84
-74
-46
-16
-168
-213
-107
-42
-64
180
97
255
107
111
-135
-131
-339
94
271
353
286
-157
-272
-303
-115
36
226
82
249
90
282
33
224
70
287
151
136
167
122
219
-3
205
222
119
-208
-102
125
372
161
77
-208
-147
-59
457
197
261
48
-115
-135
-318
-211
65
150
181
149
-106
82
-206
-5
155
147
-256
-238
-340
126
16
-137
97
-249
260
-148
-258
-63
152
174
-192
-166
-414
-244
77
116
-22
-358
47
-183
-442
-283
-382
94
-54
139
17
-91
22
133
-316
-425
-54
-75
-90
145
128
386
482
290
-136
-563
-373
-65
79
-54
-45
-78
264
240
188
-151
-453
32
131
170
11
-205
398
17
152
-108
-228
17
-37
105
265
199
414
412
107
-9
-274
-51
-184
105
4
294
232
475
177
287
546
199
-7
-300
-224
-395
-100
140
368
407
336
123
-118
-20
162
39
37
-93
-504
-640
-293
166
247
278
281
118
-699
-278
-165
-185
-179
-193
-138
-174
155
-197
-147
-128
-19
150
118
-201
-153
251
338
174
-526
-882
-784
-580
160
300
497
509
332
236
-71
-192
-71
113
54
-250
7
-31
78
27
41
319
125
-168
-563
-234
-80
394
460
170
120
77
-18
-121
-208
-213
257
68
141
249
257
444
146
149
-202
-648
-184
-238
-220
250
326
305
106
380
240
170
-97
-100
-162
97
180
-502
-192
236
553
165
-46
-181
-66
85
127
-275
-389
-129
234
-10
-204
13
71
227
-3
-198
-436
-21
-82
-51
-556
9
51
27
432
83
-47
50
23
-419
-406
-304
335
167
-96
50
-113
64
-310
-581
-110
-227
167
340
271
145
237
226
-267
-313
-531
-229
-295
-70
305
437
459
315
-39
-292
-231
-180
-378
-892
-78
123
625
539
528
278
290
294
-400
-164
-403
200
5
295
152
-408
11
116
133
-36
-111
-115
-42
268
507
527
412
445
330
-542
-573
-354
-582
173
-84
454
586
843
751
-185
-453
-296
-260
-448
-370
-157
374
210
388
337
-42
202
88
-79
40
-94
179
-303
-381
-180
-275
-368
-293
21
19
870
644
245
127
-269
-609
-1116
-853
-299
227
536
44
542
225
710
331
-629
-329
-461
-14
-264
-155
-19
138
687
448
35
-338
-485
-371
-622
-127
-115
-41
65
199
452
83
87
-504
-18
-120
-188
-124
-334
384
501
402
-18
-319
-210
-360
-285
-570
-391
97
344
370
194
421
475
280
-244
-104
-146
-27
79
132
170
244
224
-147
-168
-4
228
152
86
166
253
69
173
-17
10
24
71
-61
109
372
213
154
-78
-109
27
190
-8
-164
-222
140
-344
-453
-430
-418
-45
389
416
241
277
165
-208
-612
-527
-152
-320
72
262
152
336
48
41
-235
-315
43
-63
81
170
-279
-223
-232
-121
-213
150
281
164
64
-63
-8
-28
245
-285
23
-260
-445
-180
-226
-65
-207
7
-18
118
-109
225
251
313
112
-273
-369
-458
-156
-86
192
222
341
230
233
19
-154
-123
-151
-258
-413
-259
-29
178
27
16
-252
-258
-416
-528
-114
122
269
505
475
61
13
-133
-219
-30
81
355
486
522
585
164
26
-5
-87
-88
-142
5
81
190
380
223
45
48
-24
57
-21
82
142
16
-27
-171
-175
28
224
164
105
88
-110
-290
-193
-13
191
268
145
36
-80
-118
4
47
144
363
287
422
270
5
-152
-226
-125
-208
-330
-171
197
195
152
100
-47
-454
-520
-467
-375
-121
322
380
205
-174
-312
-241
-457
-454
-559
-482
-229
-40
-76
-135
-63
-84
-189
-69
-236
-264
-157
-59
51
55
139
165
133
116
271
232
223
233
156
134
59
4
29
34
99
47
113
96
77
79
70
189
352
338
269
361
342
384
310
403
353
222
216
107
0
-15
61
-28
-24
87
181
303
292
178
-47
-78
-98
-81
-110
-86
128
80
-15
-137
-238
-368
-264
-174
-158
18
-57
-47
-131
-241
-405
-485
-578
-631
-529
-426
-353
-197
-93
-62
-14
88
40
-3
-9
-103
-284
-565
-460
-474
-406
-280
-170
-117
-76
-130
-226
-301
-373
-184
-142
-83
39
118
144
184
206
185
133
160
142
188
165
308
580
443
560
599
475
529
451
373
378
399
558
609
604
676
662
634
720
681
700
885
873
1096
1102
1167
1417
1384
1530
1483
1501
1478
1446
1461
1287
1293
1203
1330
1141
998
916
662
851
511
428
21
-342
-575
-1137
-1387
-2059
-2410
-3009
-3403
-3666
-3905
-3851
-3857
-3504
-3324
-2966
-2669
-2529
-2204
-1999
-1771
-1686
-1711
-1799
-1793
-1712
-1750
-1518
-1499
-1456
-1284
-1270
-1146
-1131
-1070
-1083
-958
-795
-637
-552
-489
-401
-432
-171
-125
68
344
606
993
1197
1586
1994
2268
2651
2831
3211
3413
3617
3640
3640
3756
3508
3790
3612
4239
4412
4711
4898
5086
5593
5488
5889
5653
5818
5394
5074
4949
4617
5003
4886
4398
2881
462
-1399
-3598
-5283
-7116
-8576
-9061
-9047
-8382
-7527
-5755
-4246
-2710
-1878
-1032
-273
63
700
355
65
-592
-977
-816
-1140
-762
-156
573
946
993
731
349
-1079
-3283
-5248
-7688
-8937
-10936
-11562
-11076
-10147
-8157
-6365
-3983
-1916
-105
1312
2133
2058
1848
1104
17
-917
-1907
-1810
-1975
-1944
-1484
-1155
-112
386
871
1397
1594
1993
1929
1817
2097
2186
2135
2032
2048
2229
2435
2526
2816
3093
3328
3875
4166
5007
5315
5951
6443
6536
7354
7284
7987
8075
7732
7471
6659
6402
5959
5992
5982
6253
6693
6384
5845
4121
1187
-1737
-4981
-7264
-9527
-11311
-11925
-10962
-9306
-7287
-4780
-2068
799
2221
3628
4172
4266
4070
2854
1845
666
-287
-409
-525
-297
87
485
848
415
-644
-1857
-3344
-5344
-7365
-9416
-10217
-10963
-11310
-11054
-10556
-8697
-7453
-5882
-4202
-2767
-978
7
938
1739
2114
2153
1798
1297
698
-198
-943
-1508
-2620
-3087
-3297
-3268
-3085
-2842
-1801
-1030
-260
724
1411
2020
2391
2552
2506
2351
2443
2407
2302
2691
3271
3720
4479
5032
5714
6091
6366
6683
6129
5931
5508
5573
5364
5111
5415
5520
5922
5945
6091
6454
6883
6823
7913
7663
6813
4287
-983
-4286
-8039
-9743
-11467
-13470
-12108
-9815
-6584
-3718
-957
2244
4594
5100
5015
4340
3447
3713
2595
1409
123
-587
584
130
57
386
634
382
-1860
-3864
-5098
-6427
-8359
-10200
-11063
-10283
-9294
-7925
-5601
-3664
-1746
-710
-1280
-1517
-2239
-2626
-2527
-3201
-2785
-2050
-1036
73
301
687
473
-579
-1585
-2733
-3310
-3372
-3779
-3864
-3358
-2408
-1262
-723
83
999
1325
1725
1641
1594
1657
1864
2264
2439
3104
3923
4502
5005
5075
5232
5091
4751
4149
3245
3215
3174
3516
4035
4453
5830
7094
7945
9014
8601
8510
8530
7460
7419
7098
7396
6907
4984
874
-3271
-6282
-8671
-9707
-11696
-11447
-9879
-6862
-3766
-1585
1509
3926
4971
5024
4753
4949
5294
5107
4291
3353
2304
2252
1873
828
311
-659
-1146
-3081
-5431
-6960
-8101
-8951
-10055
-10352
-9294
-7529
-5891
-4040
-2097
-79
1240
1419
1476
1086
473
-195
-2210
-3678
-5325
-6366
-6055
-6455
-5800
-5036
-4202
-3420
-2973
-2086
-1676
-1791
-1650
-1786
-1713
-1182
-1305
-1193
-1062
-1134
-1120
-1429
-980
-397
214
1080
1594
2532
3350
4142
4167
3963
3925
3778
3473
3144
2844
2369
2491
2271
2830
3631
4300
6144
7251
8301
9598
9282
10030
9502
9302
9448
8626
9614
8674
7597
4382
-2155
-6579
-10456
-11968
-11986
-13019
-11112
-6589
-2328
653
2969
5743
8097
6907
5684
5002
4550
5910
5619
5010
3877
3036
3593
2489
355
-1819
-3605
-5334
-8249
-11188
-11809
-10796
-10405
-9831
-8824
-6042
-3441
-2024
-224
794
1739
1720
1289
1671
1982
2327
2440
1596
364
-1432
-7273
-11464
-14706
-16138
-14382
-14280
-11156
-6755
-1928
2224
4383
6211
5859
4191
3000
126
-2578
-2174
-2034
-2666
-3951
-3964
-1990
-1765
-775
94
667
2569
2979
3094
3491
4420
5306
4652
3721
3635
2648
2019
1876
1480
2468
3365
5178
7364
9048
11565
12551
12982
12461
11713
10387
9966
9391
8621
7139
4996
1665
-6444
-10563
-13733
-13338
-12138
-12683
-8840
-3363
1479
3819
5100
7303
8129
6681
5579
4865
4917
6485
7065
6179
4448
2436
2681
208
-3557
-6815
-8710
-9408
-12244
-13891
-12768
-10077
-8383
-7531
-6296
-3793
-1877
-875
545
1809
3197
4235
4613
5123
5010
4801
3475
-1021
-5379
-9389
-11984
-14836
-17586
-17272
-15161
-10995
-7926
-4299
472
3971
5286
5179
4731
3700
2787
1778
433
-1027
-1400
-1207
-2228
-3218
-3480
-3058
-2544
-1927
-581
864
3287
4866
5054
4815
4617
3993
2452
1184
442
79
106
1324
3020
5301
7891
10116
12085
12779
13341
11510
9990
9710
8292
8991
7592
7685
9300
7254
5748
-644
-8500
-12433
-16570
-15324
-13828
-12344
-5971
716
5387
7063
7445
9995
9553
5313
3608
2618
4141
6215
6291
7023
5570
3829
1881
-2872
-7029
-10464
-12544
-13228
-14912
-14404
-10391
-6461
-3842
-2553
-1496
574
321
92
1031
2094
3889
4394
4965
5923
5575
4339
1433
-2930
-8724
-15766
-20562
-21462
-19946
-16384
-12287
-7288
-761
3406
5506
6453
5969
4507
2529
1648
1032
781
2390
3229
1076
-2121
-4399
-6137
-7899
-8868
-7670
-4923
-1261
2379
4686
6898
7819
6372
3604
1256
-167
-1547
-1763
36
2488
5183
7748
10135
11204
11265
11645
10575
10216
9382
8008
8531
8777
8713
9891
9119
9246
6621
3761
-2409
-12709
-16546
-17812
-13872
-10460
-7613
-761
6312
9356
8511
7088
6835
5775
2163
1101
2552
5962
10911
12143
10741
7037
2634
-1700
-8644
-13985
-16024
-14631
-13115
-12065
-9016
-3452
167
-193
-1683
-3162
-3001
-3573
-3082
164
3920
7500
9049
9083
7994
5212
1305
-4074
-10589
-18170
-21340
-20955
-17670
-12685
-9420
-5337
-2106
-127
-177
-415
484
639
1331
3551
5468
6826
7744
6659
2382
-3868
-8673
-11478
-12995
-11871
-8705
-4114
1147
4588
6303
6866
6082
3761
406
-1332
-889
-208
1587
3636
5994
7739
8169
8319
7128
6915
7072
7640
8810
10482
10642
11448
12505
10285
10851
8000
6004
5261
1733
1324
-6033
-12630
-14369
-14164
-8316
-5877
-4346
992
5544
6126
4184
2731
4762
5184
4095
5868
6939
10721
12946
10504
6573
-85
-4904
-9098
-13287
-14633
-12787
-9132
-7033
-6976
-6161
-3625
-3925
-6125
-8187
-7711
-4548
-2447
1327
5978
9541
11046
8866
5841
2087
-1646
-5120
-7935
-10692
-13540
-14838
-15216
-13307
-11741
-10259
-8974
-7901
-5319
-2892
454
3837
6094
8215
9339
8656
6363
3596
932
-2732
-7032
-9321
-9982
-9006
-6528
-3937
-621
1866
3095
3256
2972
3151
2837
2680
3135
3629
4319
5004
5179
5463
5170
5014
5899
5569
6917
8440
10522
12048
11778
11393
10519
10030
8401
7237
5729
6402
4780
3831
2038
-5447
-10307
-13861
-13661
-8775
-6198
-3441
1094
5645
6717
3747
2789
4086
3615
3585
5293
6990
10234
11044
9303
4925
-1185
-5274
-9618
-12349
-12678
-10232
-6413
-4797
-5836
-5805
-4916
-6018
-8322
-9557
-7267
-3402
-140
3737
7315
10095
9872
7083
3592
-184
-3086
-5055
-6126
-7995
-9825
-12465
-12638
-12622
-13481
-12035
-11651
-8997
-6002
-3068
1176
4502
7112
7748
7315
6519
3875
1392
99
-2815
-5435
-6460
-7226
-6855
-6140
-3724
-1488
-645
639
771
1371
2380
2738
2995
3325
3725
3432
3431
3676
4253
4045
4717
6496
7370
9099
9209
11018
11867
10868
10259
8401
7506
7308
6957
5848
7277
5567
3211
686
-7740
-13332
-15618
-12579
-6242
-4323
-731
3798
6578
5363
1001
-357
1520
1796
3208
6895
10217
13502
12564
8818
2953
-3744
-7398
-10775
-11531
-9074
-4832
-962
-1260
-4213
-6061
-7097
-9642
-11570
-10804
-6392
-1260
2577
6437
8811
9414
6865
3124
544
-1603
-2532
-2984
-3323
-3874
-6258
-8752
-12077
-14821
-14965
-14547
-12283
-8845
-4888
-620
2946
4871
5379
4981
4466
3109
1317
806
185
-872
-2035
-3301
-4569
-5845
-5484
-4604
-3098
-1220
322
1565
2318
2551
1937
1702
1355
1300
1520
2689
4165
5567
6635
7368
7660
8085
9436
9910
10442
11745
11394
11605
11276
9107
8869
7000
6830
4935
1487
-815
-7617
-13247
-14947
-13468
-6133
-1447
-597
2030
4436
4154
135
-2235
710
2982
5574
9736
12081
13982
12567
7703
1914
-3524
-6371
-7896
-8039
-5764
-2014
759
-451
-6219
-10567
-11996
-13152
-13254
-11341
-6418
-809
2263
4489
5447
5416
4045
1462
658
1375
2918
3382
1645
-2682
-6731
-9566
-12244
-13636
-14735
-13538
-10705
-8104
-5578
-4299
-2694
-1182
-171
1808
3307
4319
4930
3964
2426
656
-1381
-2836
-4838
-4955
-3132
-1799
-548
-185
-706
-790
-815
-578
-244
48
1248
1855
2825
3957
4212
4627
5144
5550
6928
8138
9809
11539
12335
13191
11421
10302
10818
9815
9553
8868
6344
3796
1239
-2749
-11210
-16079
-15779
-10430
-3211
-1225
-566
1474
3156
184
-4281
-2565
2511
5701
8628
12430
15130
14993
9757
2649
-2152
-3437
-2841
-3442
-2587
-46
2229
1349
-4720
-11381
-13944
-13691
-13618
-11942
-7516
-1991
314
-749
-1117
-836
-266
-783
-698
2183
5159
6594
4375
828
-2021
-4898
-7146
-9311
-10098
-9482
-8434
-8002
-8181
-7709
-7009
-6731
-5452
-2510
281
2480
3457
3582
2669
1170
178
-787
-1096
-754
132
894
934
531
-220
-948
-1446
-1084
-269
368
1583
1727
2431
2474
2485
2494
2825
4164
5595
7540
8260
10227
10159
12485
12392
12072
12093
10675
11521
9140
7114
2792
977
-2844
-10750
-14808
-14483
-7127
-3189
-4085
-4499
-2060
-381
-3770
-4993
-1475
4542
6585
8415
10440
12097
11423
6022
1356
-690
1491
2708
1912
1456
1893
2476
-991
-6842
-11219
-10669
-9259
-9441
-8202
-5369
-3054
-4931
-7950
-7991
-5387
-2377
-1472
-12
3124
5777
5092
1576
-763
-1256
-1084
-1919
-2816
-2937
-2832
-3684
-6407
-8454
-8722
-8334
-7682
-6227
-3571
-1036
307
-287
-1767
-2097
-1024
-216
398
1078
1796
2310
1760
1091
362
-11
338
1030
1930
2803
2979
2167
1312
970
1344
2116
2336
3123
4964
5148
6446
6623
6817
8032
9390
10761
11970
12010
10034
9993
7436
5100
2840
558
-4521
-10809
-11511
-7384
-2496
-3418
-6362
-6283
-4082
-4082
-6020
-3022
1905
4762
4929
6532
8036
7449
4976
1552
698
2508
4569
4256
2915
1841
1206
38
-3460
-6733
-6648
-4677
-4462
-5370
-4788
-3936
-5496
-8960
-10343
-7829
-4443
-2849
-2847
-1710
347
139
-1434
-2330
-2020
-777
280
780
986
461
-699
-2627
-4447
-4606
-3961
-3547
-3310
-3319
-2875
-2393
-2787
-3588
-4021
-3057
-1719
-482
555
830
936
234
-483
-577
-141
1192
1919
2732
3363
3479
3461
3024
2684
2552
3636
3638
4725
5493
5710
6414
6769
6844
7391
9030
8687
10308
10234
9738
7963
4351
3756
1475
-3276
-7697
-8674
-4840
-778
-3218
-7345
-8020
-6583
-6316
-7506
-3428
2573
5302
4948
4313
6085
6748
4239
1842
2237
4772
6437
5100
3348
2294
1177
-482
-3248
-5378
-4662
-3485
-3856
-5225
-4646
-3325
-4823
-7561
-8433
-6178
-3705
-3535
-3658
-2797
-1607
-2538
-4242
-4063
-2135
-664
-696
-610
-545
-122
-376
-1174
-1497
-1283
-497
-1047
-1512
-1378
-1397
-2056
-3187
-3613
-3672
-2847
-1928
-1278
-772
-419
172
-62
-603
-823
-525
482
1018
1658
2235
3006
2867
2500
2720
3216
3860
3904
4783
4616
6280
5539
6435
7763
7553
8392
6623
7828
8532
10002
7535
3821
3264
3082
-1335
-7956
-8575
-4265
474
-2060
-7383
-8760
-6915
-7106
-10025
-7050
201
3537
1817
1125
3159
5550
4468
2057
2645
5810
7748
6195
4053
3526
3607
2657
-385
-3234
-3027
-2024
-3466
-6173
-5774
-3625
-4214
-6741
-7325
-5496
-4379
-5445
-6051
-4296
-1916
-1958
-3091
-4607
-6239
-4887
-3376
-957
684
-791
-1627
-1781
-1039
-469
-109
1632
1429
62
897
954
-141
-1235
-2736
-3374
-2993
-1699
-1314
-1948
-896
-214
-705
-459
-347
-149
694
1267
1478
2428
3359
3281
2615
3848
4688
4438
4805
4803
6185
7755
8308
8494
8211
8100
8693
7971
9083
9199
6440
3782
1885
722
-3253
-6216
-5974
-2846
-1044
-4591
-8542
-8986
-7220
-7420
-7999
-4842
-1197
-1081
-2057
-1019
1668
2943
2394
2449
3973
5739
6050
5330
4951
5076
5292
4713
2760
776
231
-495
-2872
-4671
-4598
-3985
-5508
-7505
-7258
-6286
-6584
-7615
-7555
-6223
-5734
-6792
-6885
-5260
-2967
-2546
-2912
-2771
-2635
-2234
-1429
-85
596
1192
1806
1901
2073
2545
2523
1962
1392
953
453
-22
-510
-1258
-1727
-1535
-1077
-1379
-1599
-1649
-1274
-55
509
699
917
1228
1839
2331
2886
3444
3933
4802
5611
6943
8127
8328
8288
7327
8482
9380
10552
10975
8274
5953
4135
3930
1397
-3257
-4817
-3346
-861
-2245
-6598
-8544
-7832
-7579
-8437
-7350
-3609
-2765
-4945
-5799
-3249
-295
-119
-500
709
3063
4307
4323
4446
4642
5479
6211
6100
4944
4042
3933
2400
171
-665
-230
-870
-3644
-5514
-5357
-5433
-6817
-8271
-7554
-6352
-6639
-7218
-8414
-9796
-9177
-6350
-2769
-1080
-2788
-4603
-3860
-1923
-192
1114
2730
2701
1418
2288
3727
4097
3723
2943
2123
1852
2218
1678
276
-14
281
42
-648
-1621
-2263
-1840
-1254
-479
568
818
307
12
401
1333
2393
3756
4588
5657
7279
6954
7330
8568
9422
10105
9988
9181
7974
7180
7230
5813
1299
-2007
-2443
354
2023
-1975
-6724
-7868
-6688
-7049
-7996
-5944
-3754
-5293
-7862
-7104
-3671
-2291
-3619
-3696
-1392
674
991
884
1641
3111
4703
5746
5215
4284
4565
4637
3598
3042
3802
4129
1859
-1240
-2162
-1497
-1974
-4422
-5633
-5297
-5687
-7746
-8816
-9733
-10588
-9471
-8444
-5691
-5147
-7033
-7468
-6586
-3844
-1796
-347
703
-229
19
1681
2520
3211
3782
3574
2988
3023
3568
3329
3058
3419
3375
3121
2564
1121
-98
-186
491
1356
1490
917
-199
-996
-673
255
1413
2461
3139
2842
4344
5147
7131
8641
7648
8055
8219
9090
8693
7487
7907
7066
3210
-435
-973
2756
5184
1166
-4375
-5017
-2825
-3872
-6349
-5378
-2900
-3877
-7006
-7318
-4958
-3818
-5194
-5597
-3501
-1904
-2128
-2932
-2427
-555
1575
3488
3189
1996
2109
3032
3417
3300
4252
4913
3163
765
369
1759
1341
-952
-2353
-2181
-2836
-4598
-6152
-6982
-8245
-10432
-9019
-6522
-6333
-8454
-10550
-9355
-6525
-4184
-3631
-3738
-3195
-2724
-1797
494
2540
2810
2057
1675
2141
2845
3498
3199
2998
3779
4442
4124
3528
2936
2135
2237
2686
3158
2889
2112
1106
386
784
1233
1603
1389
1788
2842
3526
4822
4449
5338
6930
5580
7293
6498
6472
6925
6187
7112
2110
-1376
-336
3062
5485
1060
-2932
-2196
-1134
-2041
-3864
-1615
41
-3093
-5768
-5482
-3103
-3506
-5387
-4832
-3299
-2796
-3797
-4091
-3634
-2434
-306
932
1096
-234
-166
1071
1339
2211
2996
3553
1808
-335
432
1825
1675
-2
-587
-201
-1188
-2745
-3721
-4188
-6029
-8390
-7696
-5267
-4579
-6294
-8307
-8753
-7592
-5598
-4249
-3581
-3496
-3809
-3486
-1540
878
1663
1192
598
671
1336
2180
2867
3104
3778
4082
3921
3768
3450
3057
3356
4287
5093
4959
3724
2522
1483
1554
2471
2543
2876
2610
2795
4117
3615
5131
4710
4845
5820
5532
7011
5729
5158
5278
6041
3748
-1015
-695
2359
4794
2199
-2319
-2079
-714
-1332
-2604
-2115
585
-1001
-4614
-5026
-3480
-2509
-3798
-4141
-3404
-3058
-3515
-4658
-4012
-2851
-1162
258
-404
-1575
-1754
-185
527
621
1519
1983
1282
-659
-631
665
858
38
-888
-269
-632
-2623
-4350
-5279
-5867
-5245
-4184
-4388
-6464
-8917
-8718
-7188
-5563
-4642
-4587
-4996
-5965
-5855
-3569
-1211
-236
-601
-835
-488
-180
851
1739
2613
3493
3833
3651
3327
3308
3701
4036
4887
5455
5234
4883
4055
3632
3741
4030
4092
3151
3193
3628
3658
4136
4557
4704
5502
5613
4462
5820
5640
5354
5636
4482
5751
3162
-858
-749
1629
4376
2076
-2406
-2492
-1141
-1690
-2742
-1668
145
-1126
-3862
-4528
-2658
-2308
-3826
-3447
-2495
-2614
-3453
-4068
-3549
-2752
-1510
-501
-571
-1499
-1754
-631
-2
485
924
1539
1123
-718
-684
423
752
100
-372
-221
-1107
-2930
-4219
-5328
-5075
-3635
-3196
-3759
-6445
-8594
-8045
-6337
-4694
-3733
-3703
-4720
-5825
-4969
-2400
-1075
-830
-747
-1124
-1121
-244
1136
2185
3092
3618
3479
3413
3404
3604
3926
4959
6103
5932
5356
4426
4006
3784
4455
4634
4380
4114
3972
4189
3509
4141
4154
5761
5496
4881
5171
3864
5081
5221
4604
5276
2345
-1308
-1525
905
4438
2415
-1995
-2941
-2054
-2173
-2807
-1825
-297
-1156
-4279
-4598
-2056
-1954
-3512
-3476
-2548
-2218
-3294
-3650
-3016
-2447
-1602
-235
111
-1348
-2134
-1605
-474
351
1016
2044
1221
-789
-1222
-95
869
305
-112
-246
-1279
-2712
-3937
-4925
-4749
-3909
-3234
-3654
-6229
-8020
-7209
-5883
-4706
-3923
-3834
-4450
-5630
-5027
-2875
-1648
-1185
-1175
-1603
-1779
-1121
25
1126
2234
3030
3268
2966
2744
3187
3993
5048
5911
5538
4923
4465
4237
4438
4723
5252
4818
3969
4304
4577
5045
5930
5477
5158
5537
5247
4577
4385
4468
4929
4740
3722
954
-1649
-610
2465
3516
435
-2325
-2438
-2160
-2630
-2410
-677
1
-2942
-5656
-4613
-2702
-2794
-3950
-3516
-2319
-2900
-4028
-3625
-2624
-2039
-1172
-49
-183
-1062
-1365
-953
-363
346
1261
1361
532
-871
-705
432
754
340
-151
-968
-3940
-4827
-3345
-1520
-1687
-4746
-6219
-6403
-5988
-5088
-4318
-3903
-4716
-5598
-5251
-4013
-3009
-2678
-2944
-2971
-2420
-1577
-621
-255
197
957
1262
1475
1702
2029
2599
3166
3791
4773
4879
4530
4160
4098
4801
5378
5305
5263
4416
4114
4241
4858
6047
5885
5875
5076
4443
5232
6375
5919
4549
3225
3512
4749
2204
-945
-807
1200
2958
907
-2071
-1676
-1839
-3605
-3587
-1241
586
-1204
-4858
-5165
-3118
-2716
-2831
-2694
-2650
-3124
-4069
-3806
-2572
-2012
-981
57
-152
-1001
-963
77
640
696
1440
2413
1695
-64
-210
623
867
416
-302
-440
-2757
-5324
-4376
-2479
-1575
-3248
-6036
-6955
-6443
-5772
-4563
-3670
-4307
-5391
-6061
-5134
-3372
-2559
-2246
-2716
-3225
-2689
-1414
-256
330
727
1236
1483
1551
2045
2655
3346
3749
4008
4572
4781
4511
4063
4250
4851
5263
5181
5030
4498
4186
4564
5567
5936
5620
5630
4668
4679
5580
5677
5530
4356
3674
3913
1716
-896
-567
1538
2876
510
-2446
-2305
-2062
-3528
-3652
-1426
-31
-2087
-5126
-5246
-3716
-3504
-3556
-2869
-2758
-3681
-4545
-4160
-3154
-2591
-1745
-566
-739
-1748
-1399
35
643
561
1188
2200
1724
187
325
1451
1540
814
-45
-902
-2244
-3363
-2981
-2024
-2550
-3855
-4871
-5505
-5646
-5513
-4826
-4346
-4809
-5185
-4994
-4469
-3821
-3153
-2639
-2635
-2683
-2027
-900
-166
354
824
1282
1623
1789
2558
3304
3653
3797
4170
4862
5035
4834
4632
4668
4995
5025
5294
5157
4905
4930
4930
5401
5709
5755
5770
5472
4761
5445
5096
5041
5048
4440
4034
822
-1079
217
2295
2590
-12
-2202
-2406
-3184
-4357
-3196
-678
-702
-3201
-5446
-5083
-3953
-4024
-3308
-2431
-2973
-4570
-5089
-4227
-3229
-2455
-1127
-333
-1278
-2406
-1607
156
765
1027
1820
2390
1474
417
1329
2220
1582
107
-918
-418
-956
-1753
-1803
-2473
-3201
-4297
-5125
-4701
-4365
-4570
-4763
-5445
-5452
-4753
-4461
-4020
-3933
-3974
-3622
-3300
-2599
-1697
-884
-293
24
351
939
1587
2261
2900
3363
3800
4147
4472
4674
4680
5023
5327
5254
4951
4730
4951
5091
5345
5071
4974
5720
5477
5285
5269
4749
5065
4568
3768
4328
4379
3965
1878
-821
-737
1113
1747
649
-1058
-1998
-2971
-4598
-4269
-1897
-625
-2283
-4713
-5519
-5092
-4860
-4051
-2666
-2528
-4009
-5362
-5073
-4072
-3193
-1819
-680
-1164
-2456
-2409
-895
118
559
1188
1950
1638
636
846
1709
1567
832
407
295
-233
-1235
-1283
-1052
-1819
-2980
-3522
-3671
-3653
-4001
-4094
-4088
-4675
-4915
-4814
-4343
-3645
-3338
-3148
-2809
-2447
-1966
-1256
-665
79
490
683
1160
1727
2530
3089
3452
3808
4034
4392
4559
4934
5277
5305
5365
5315
5452
5497
5258
5251
5289
5751
6015
5348
5365
4647
4778
5073
4034
4015
3621
3644
2794
241
-916
-5
1201
974
-496
-1604
-2069
-3480
-4844
-3448
-1382
-1200
-3126
-4870
-4797
-4866
-4883
-3644
-2332
-2688
-4183
-5046
-4585
-4022
-3106
-1337
-548
-1330
-2535
-2045
-736
-163
491
1554
1764
705
174
837
1153
626
54
-173
-32
-748
-1124
-1059
-1956
-2977
-3534
-3531
-3267
-3340
-3654
-3906
-4738
-5154
-4635
-4002
-3697
-3709
-3686
-3783
-3595
-2833
-1680
-823
-463
-155
159
431
816
1846
2807
3217
3523
3655
4049
4331
4488
5032
5382
5400
5277
5289
5618
5816
5890
6183
6447
6308
6059
5505
5222
5581
5303
4674
4330
4075
4317
3029
590
-147
239
815
637
-223
-558
-1466
-3662
-4698
-3422
-1849
-1589
-2650
-3801
-4479
-5484
-5612
-4201
-2821
-2754
-3512
-3963
-4133
-4065
-3213
-1448
-587
-1011
-1459
-1120
-518
-436
74
1185
1637
976
277
438
882
401
-183
-20
94
-284
-1017
-1444
-1646
-2268
-2970
-3104
-2868
-2796
-3189
-3805
-4185
-4312
-4408
-4201
-3543
-3147
-3074
-3108
-2976
-2472
-2018
-1487
-675
-17
367
677
1119
1693
2094
2601
3248
3691
3837
3938
4149
4470
4719
4871
5357
5369
5575
5457
5650
5876
5969
6154
5920
6185
5759
5972
5613
4874
4608
4008
3966
3057
1416
673
451
564
227
-479
-947
-1448
-2845
-4014
-3648
-2943
-2758
-3282
-3682
-3884
-4665
-5495
-5037
-3982
-3643
-3770
-3969
-3865
-4018
-3829
-2711
-1637
-1465
-1669
-1183
-681
-526
-154
657
1149
592
-249
-68
278
15
-65
21
-17
-958
-2014
-2188
-2125
-2421
-2763
-2989
-3032
-3434
-3937
-3868
-3650
-3565
-3766
-3788
-3528
-3244
-2923
-2445
-1972
-1703
-1375
-1150
-600
321
932
1507
1818
2061
2369
2559
3114
3781
4119
4162
4293
4373
4602
4851
5126
5529
5396
5343
5410
5713
5959
6113
6186
5856
5815
5576
5114
4663
4110
4225
4274
2853
1346
774
897
828
-40
-607
-718
-1679
-3092
-3471
-2908
-2582
-2977
-3540
-3624
-3864
-4648
-4883
-4536
-4166
-4109
-3882
-3712
-3722
-3624
-3092
-2299
-2107
-2113
-1545
-758
-389
-265
289
844
812
252
-4
309
474
441
-62
-156
-458
-1098
-1613
-2068
-1996
-2159
-2721
-3156
-3295
-3407
-3570
-3769
-3867
-3860
-4035
-3820
-3429
-3215
-3120
-2798
-2116
-1623
-1422
-980
-292
168
368
813
1643
2262
2238
2450
2995
3344
3374
3421
3926
4411
4457
4453
4820
4887
4940
4763
5151
5561
5401
5318
5211
5304
4961
4901
4786
4682
4111
3692
3480
2734
1746
1195
1064
957
411
-104
-231
-876
-1916
-2548
-2571
-2498
-2619
-2940
-2947
-3271
-3820
-4113
-4033
-3885
-3796
-3539
-3319
-3148
-3095
-2648
-2233
-2047
-1873
-1540
-958
-566
-246
263
653
735
566
215
-41
-182
-74
244
338
-27
-664
-1453
-2191
-2589
-2447
-2243
-2356
-2626
-2901
-3210
-3517
-3620
-3498
-3436
-3281
-2986
-2597
-2390
-2277
-1977
-1706
-1579
-1324
-754
-15
572
904
1253
1555
1570
1650
2125
2694
3068
3168
3210
3387
3524
3600
3788
3959
3893
3824
3740
4064
4546
4899
4984
4900
4572
4334
4334
4406
4582
4417
4014
3702
3054
2174
1643
1407
1445
1064
489
328
75
-665
-1482
-1862
-1817
-1904
-2264
-2349
-2224
-2449
-3090
-3450
-3516
-3536
-3601
-3388
-3108
-2943
-2774
-2548
-2266
-2255
-2152
-1735
-1304
-1072
-728
-307
-20
-108
-457
-826
-948
-911
-758
-621
-806
-1160
-1640
-2090
-2572
-2756
-2730
-2829
-3018
-3109
-2952
-2871
-3086
-3301
-3272
-3231
-3193
-2889
-2347
-1802
-1467
-1396
-1417
-1325
-916
-323
258
734
1052
1146
1137
1257
1724
2300
2723
2870
2929
2922
2923
2929
3103
3373
3461
3509
3456
3606
3595
3919
3956
3887
3941
3885
4201
4346
4442
4403
4147
3756
3535
3287
3001
2730
2508
2319
1940
1307
1040
836
379
-174
-508
-578
-807
-1235
-1531
-1539
-1804
-2279
-2597
-2564
-2505
-2714
-2841
-2799
-2737
-2796
-2589
-2205
-1890
-1756
-1700
-1501
-1419
-1386
-1135
-797
-459
-426
-498
-740
-1071
-1472
-1596
-1323
-1294
-1354
-1642
-1881
-2148
-2530
-2814
-2937
-2903
-2867
-2848
-2857
-2755
-2744
-2886
-2913
-2797
-2515
-2223
-1901
-1400
-1093
-848
-728
-576
-294
-19
348
653
858
986
1194
1442
1683
1779
1877
1982
1882
2003
2207
2570
2814
2839
2855
2856
2835
2826
2947
3239
3578
3694
3772
3846
3856
3866
4010
3985
3864
3715
3673
3606
3267
2863
2707
2445
2087
1591
1373
1369
1102
522
48
-217
-556
-1018
-1284
-1335
-1494
-1793
-2140
-2394
-2577
-2730
-2696
-2697
-2776
-2837
-2720
-2472
-2296
-2119
-1915
-1782
-1775
-1701
-1453
-1196
-1076
-930
-731
-742
-1191
-1533
-1683
-1638
-1494
-1467
-1314
-1465
-1849
-2294
-2538
-2634
-2537
-2317
-2277
-2289
-2465
-2481
-2454
-2549
-2531
-2337
-2002
-1787
-1550
-1343
-1174
-1063
-923
-702
-475
-239
97
463
558
609
791
1147
1282
1309
1393
1548
1667
1637
1714
1912
2159
2438
2552
2451
2525
2579
2710
2776
2886
3170
3471
3695
3683
3641
3699
3797
4022
4061
3982
3990
3982
3883
3462
3122
3017
2917
2613
2283
2102
1853
1449
935
546
284
-37
-415
-779
-1097
-1398
-1736
-2069
-2323
-2599
-2809
-2909
-3007
-3035
-3018
-2909
-2865
-2945
-2852
-2642
-2364
-2245
-2201
-2076
-1960
-1816
-1756
-1630
-1594
-1655
-1816
-1883
-1864
-1952
-1981
-2108
-2214
-2362
-2485
-2545
-2591
-2626
-2630
-2622
-2690
-2730
-2682
-2526
-2322
-2233
-2134
-2004
-1818
-1555
-1328
-1004
-780
-565
-470
-246
110
411
685
861
1007
1084
1241
1309
1395
1489
1688
1795
1722
1765
1861
1951
1939
1983
2047
2067
2156
2187
2308
2503
2729
2794
2862
3105
3360
3590
3709
3920
4061
4233
4302
4254
4294
4250
4210
3860
3616
3502
3454
3225
2801
2452
2119
1702
1195
813
520
113
-471
-1000
-1267
-1595
-1980
-2340
-2588
-2835
-3142
-3281
-3220
-3140
-3170
-3158
-3074
-3047
-2958
-2808
-2523
-2358
-2292
-2231
-2097
-1919
-1833
-1670
-1571
-1493
-1741
-1877
-1892
-1946
-2018
-2176
-2083
-2027
-2160
-2311
-2374
-2383
-2399
-2479
-2469
-2309
-2230
-2126
-1932
-1719
-1535
-1500
-1329
-1107
-913
-642
-365
-123
4
205
467
632
749
835
881
883
830
852
1053
1127
1086
935
903
1091
1060
1020
922
1016
1101
1146
1240
1365
1599
1831
2025
2117
2273
2542
2914
3181
3448
3641
3876
4180
4372
4606
4672
4689
4615
4436
4335
4135
3892
3647
3450
3156
2830
2472
2076
1602
1043
627
251
-175
-632
-1083
-1443
-1774
-2101
-2366
-2590
-2801
-3028
-3129
-3163
-3153
-3126
-3058
-2965
-2922
-2870
-2713
-2518
-2424
-2363
-2227
-2069
-1936
-1846
-1686
-1616
-1700
-1824
-1930
-1930
-2045
-2138
-2144
-2034
-1976
-2098
-2153
-2169
-2145
-2165
-2095
-2020
-1909
-1882
-1787
-1596
-1490
-1383
-1286
-1142
-1071
-977
-802
-543
-358
-283
-144
-1
134
193
238
312
334
370
462
556
673
683
665
710
722
771
813
893
1047
1186
1357
1403
1485
1681
2053
2319
2539
2648
2827
3101
3333
3702
3914
4147
4278
4366
4475
4594
4748
4778
4731
4546
4359
4151
3882
3626
3333
3108
2754
2361
1870
1453
1120
723
297
-187
-625
-1098
-1543
-1893
-2169
-2400
-2714
-2970
-3136
-3184
-3207
-3263
-3268
-3307
-3278
-3284
-3184
-3049
-2912
-2860
-2833
-2699
-2585
-2408
-2334
-2185
-2137
-2129
-2235
-2309
-2307
-2308
-2223
-2222
-2145
-2180
-2245
-2293
-2249
-2191
-2186
-2166
-2151
-2098
-2018
-1926
-1793
-1699
-1600
-1488
-1311
-1138
-1011
-829
-666
-483
-328
-226
-116
37
205
339
403
523
659
817
968
984
977
967
1076
1156
1270
1371
1445
1548
1659
1794
2011
2165
2295
2451
2486
2630
2828
3115
3259
3455
3691
3907
4070
4145
4176
4311
4433
4456
4466
4510
4562
4398
4167
3887
3666
3407
3132
2817
2442
2121
1787
1457
1049
670
250
-115
-457
-810
-1139
-1462
-1761
-2063
-2300
-2490
-2637
-2772
-2853
-2892
-2928
-2955
-2973
-2957
-2914
-2859
-2761
-2653
-2584
-2492
-2422
-2339
-2320
-2283
-2234
-2181
-2210
-2299
-2279
-2238
-2237
-2318
-2305
-2278
-2290
-2358
-2392
-2346
-2319
-2269
-2291
-2211
-2186
-2085
-2046
-1953
-1878
-1798
-1639
-1564
-1332
-1302
-1143
-1027
-818
-653
-500
-311
-171
7
25
170
277
400
527
621
906
1005
1041
1016
1129
1273
1384
1385
1511
1688
1849
1982
2118
2271
2320
2431
2565
2769
2824
2985
3173
3402
3474
3587
3760
3933
3957
3909
3996
4003
4065
4023
4030
3983
3828
3600
3364
3178
2908
2706
2473
2176
1830
1500
1209
907
587
237
-75
-399
-739
-1076
-1343
-1553
-1809
-2018
-2226
-2387
-2551
-2624
-2702
-2748
-2825
-2909
-2934
-2977
-2954
-2942
-2873
-2802
-2828
-2823
-2855
-2817
-2835
-2828
-2809
-2824
-2785
-2842
-2748
-2786
-2771
-2826
-2784
-2727
-2711
-2683
-2673
-2570
-2517
-2457
-2410
-2354
-2195
-2119
-1988
-1862
-1746
-1515
-1421
-1119
-1051
-746
-630
-430
-324
-113
61
126
438
498
846
823
1082
1050
1238
1238
1426
1402
1531
1645
1643
1869
1794
2058
1979
2183
2211
2325
2465
2565
2746
2805
3022
3107
3285
3379
3563
3666
3814
3912
4048
4147
4178
4245
4286
4299
4252
4221
4131
4020
3847
3640
3389
3152
2852
2524
2233
1911
1570
1219
878
503
143
-250
-572
-941
-1264
-1567
-1850
-2104
-2370
-2584
-2817
-2951
-3104
-3191
-3272
-3327
-3366
-3439
-3425
-3431
-3406
-3411
-3410
-3356
-3361
-3306
-3321
-3248
-3206
-3202
-3164
-3158
-3053
-3067
-3021
-3016
-2969
-2917
-2884
-2777
-2725
-2587
-2487
-2335
-2235
-2131
-2062
-1918
-1723
-1559
-1391
-1224
-1004
-799
-548
-423
-151
-16
263
388
555
758
864
1087
1130
1349
1385
1529
1628
1665
1691
1734
1831
1915
1911
2008
1983
2142
2154
2256
2304
2350
2488
2478
2662
2703
2898
2921
3076
3200
3291
3453
3489
3653
3658
3803
3779
3853
3860
3903
3873
3772
3718
3566
3488
3324
3151
2937
2679
2413
2099
1765
1489
1133
846
516
216
-131
-440
-726
-1057
-1331
-1648
-1888
-2192
-2426
-2645
-2821
-2966
-3173
-3291
-3425
-3508
-3603
-3664
-3703
-3763
-3764
-3808
-3829
-3841
-3850
-3821
-3828
-3790
-3753
-3716
-3648
-3636
-3570
-3562
-3485
-3418
-3329
-3193
-3136
-3002
-2895
-2759
-2557
-2454
-2226
-2068
-1929
-1722
-1600
-1336
-1269
-983
-859
-556
-395
-159
56
207
465
528
849
808
1165
1220
1415
1527
1681
1736
1770
1938
1958
2068
2080
2269
2244
2322
2404
2411
2454
2569
2680
2727
2745
2922
2889
2991
2991
3111
3086
3214
3297
3311
3426
3362
3522
3416
3521
3445
3410
3409
3356
3329
3241
3174
3038
2910
2776
2662
2462
2291
2098
1882
1654
1377
1114
823
596
322
82
-213
-465
-762
-1047
-1305
-1568
-1790
-2066
-2277
-2524
-2710
-2918
-3069
-3210
-3365
-3484
-3595
-3670
-3762
-3824
-3870
-3892
-3947
-3931
-3923
-3879
-3840
-3774
-3761
-3751
-3673
-3596
-3474
-3394
-3237
-3112
-2985
-2801
-2635
-2493
-2358
-2202
-2002
-1854
-1694
-1563
-1380
-1169
-1000
-827
-677
-439
-277
-146
54
215
445
490
810
894
1045
1212
1299
1553
1471
1799
1657
1935
1934
2125
2158
2245
2323
2260
2524
2452
2642
2522
2706
2750
2720
2825
2770
2885
2831
2876
2863
2872
2944
2889
2959
2907
2911
2855
2850
2787
2746
2712
2642
2562
2473
2367
2382
2226
2128
1923
1845
1705
1516
1397
1193
1102
859
718
438
231
15
-204
-404
-654
-817
-1096
-1287
-1521
-1722
-1910
-2101
-2248
-2450
-2585
-2720
-2864
-2986
-3131
-3202
-3305
-3357
-3420
-3476
-3479
-3543
-3511
-3515
-3472
-3443
-3386
-3317
-3299
-3148
-3096
-2974
-2896
-2767
-2617
-2509
-2278
-2155
-1979
-1866
-1647
-1531
-1312
-1202
-1058
-831
-683
-432
-320
-126
63
223
379
579
683
931
1054
1187
1306
1402
1521
1704
1787
1923
1978
2149
2149
2230
2356
2341
2457
2344
2473
2483
2555
2580
2498
2546
2521
2652
2506
2494
2429
2434
2406
2300
2292
2238
2253
2140
2079
2003
1976
1922
1845
1795
1713
1617
1556
1416
1326
1248
1149
1093
966
877
737
652
503
365
244
151
22
-153
-242
-343
-415
-616
-735
-896
-974
-1112
-1238
-1360
-1463
-1584
-1723
-1822
-1933
-2043
-2143
-2237
-2343
-2456
-2562
-2610
-2686
-2740
-2791
-2812
-2843
-2881
-2904
-2913
-2915
-2914
-2865
-2815
-2776
-2697
-2648
-2579
-2442
-2373
-2218
-2202
-2005
-1929
-1757
-1559
-1470
-1275
-1138
-857
-743
-552
-437
-132
-46
118
282
416
615
751
968
1099
1191
1405
1454
1591
1642
1757
1918
1926
2066
2149
2214
2253
2310
2270
2327
2389
2386
2358
2354
2406
2292
2212
2260
2209
2237
2125
2150
2070
1978
2021
1835
1810
1713
1667
1594
1497
1497
1400
1319
1216
1153
1062
984
927
836
805
664
700
570
512
402
268
235
78
110
33
-15
-115
-220
-307
-442
-503
-617
-663
-720
-787
-893
-1018
-1118
-1249
-1317
-1414
-1502
-1586
-1702
-1777
-1860
-1942
-2035
-2108
-2201
-2291
-2339
-2388
-2403
-2431
-2458
-2473
-2472
-2467
-2480
-2460
-2396
-2372
-2339
-2291
-2153
-2087
-1972
-1856
-1804
-1696
-1600
-1435
-1283
-1165
-1039
-873
-772
-518
-431
-261
-141
46
202
300
464
589
747
841
1009
1078
1177
1247
1386
1403
1508
1576
1730
1744
1759
1853
1869
1876
1860
1897
1967
1982
1952
2061
1957
2004
1928
1944
1896
1785
1847
1738
1753
1690
1734
1694
1613
1504
1438
1351
1321
1271
1229
1157
1124
1058
988
959
854
773
584
565
509
501
418
416
315
177
123
-12
-65
-203
-194
-278
-334
-423
-534
-601
-733
-763
-868
-943
-1081
-1110
-1151
-1198
-1262
-1318
-1379
-1483
-1567
-1617
-1667
-1724
-1731
-1764
-1819
-1885
-1851
-1866
-1886
-1871
-1878
-1830
-1861
-1799
-1796
-1764
-1709
-1665
-1585
-1591
-1478
-1425
-1316
-1275
-1130
-1064
-1000
-909
-817
-672
-634
-471
-394
-306
-272
-115
49
55
187
275
418
465
572
663
679
777
851
973
1007
1091
1156
1194
1195
1236
1316
1297
1362
1322
1457
1458
1466
1453
1458
1465
1481
1390
1407
1407
1448
1439
1390
1414
1339
1370
1239
1252
1157
1163
1165
1109
1094
1052
1027
972
905
867
841
748
686
668
637
559
474
367
365
248
217
124
43
-30
-180
-181
-305
-327
-404
-472
-533
-630
-676
-773
-815
-915
-933
-987
-1036
-1064
-1122
-1097
-1166
-1171
-1231
-1259
-1257
-1306
-1278
-1319
-1268
-1278
-1278
-1223
-1254
-1195
-1224
-1156
-1146
-1151
-1100
-1100
-1016
-997
-926
-924
-864
-833
-799
-742
-723
-617
-600
-491
-450
-376
-317
-273
-216
-177
-124
-49
-39
21
102
165
245
274
384
368
494
482
551
535
528
650
610
756
782
916
880
920
919
891
946
885
960
950
1051
1086
1112
1111
1043
1112
1075
1079
1046
1022
1097
1089
1185
1113
1168
1098
1042
967
883
906
827
869
871
871
781
746
684
587
513
485
391
321
275
235
190
119
75
-42
-53
-157
-202
-347
-364
-432
-491
-508
-562
-534
-654
-632
-755
-741
-821
-865
-904
-937
-907
-975
-939
-999
-1004
-1047
-1065
-1070
-1115
-1097
-1119
-1096
-1115
-1099
-1104
-1089
-1101
-1085
-1088
-1080
-1071
-1039
-1022
-973
-994
-954
-944
-914
-861
-839
-799
-788
-715
-686
-607
-565
-483
-421
-354
-298
-270
-211
-187
-88
-74
30
90
148
215
310
393
410
473
500
561
623
693
741
744
791
837
906
975
999
1044
1013
1052
1056
1105
1114
1151
1180
1172
1193
1157
1168
1100
1191
1180
1192
1160
1133
1139
1060
1089
1008
998
945
946
931
878
836
759
731
680
646
582
530
486
435
375
286
239
195
163
115
48
-48
-100
-183
-217
-331
-349
-416
-465
-515
-533
-532
-601
-616
-722
-754
-858
-867
-909
-914
-924
-941
-950
-1006
-998
-1036
-1031
-1072
-1087
-1115
-1133
-1141
-1135
-1114
-1100
-1083
-1082
-1078
-1092
-1101
-1110
-1107
-1111
-1091
-1042
-1006
-964
-929
-865
-856
-822
-827
-789
-758
-704
-654
-617
-535
-497
-411
-376
-294
-249
-192
-164
-107
-56
10
101
155
231
277
344
382
441
506
569
608
676
716
752
780
839
871
895
921
973
1014
1046
1073
1096
1138
1152
1183
1192
1238
1233
1243
1215
1240
1221
1236
1248
1260
1275
1247
1274
1194
1132
1034
988
976
937
941
925
964
930
891
795
682
603
473
420
344
333
335
282
298
181
146
26
-27
-100
-219
-239
-388
-355
-495
-434
-527
-540
-575
-683
-678
-825
-821
-975
-983
-1072
-1138
-1123
-1178
-1105
-1161
-1131
-1194
-1252
-1286
-1381
-1375
-1463
-1407
-1408
-1357
-1321
-1323
-1266
-1312
-1250
-1307
-1288
-1293
-1270
-1190
-1158
-1038
-1028
-945
-954
-898
-838
-780
-699
-667
-590
-540
-446
-369
-320
-224
-166
-40
3
89
149
198
268
312
390
424
511
590
658
743
792
840
861
907
960
987
1055
1072
1138
1145
1189
1191
1223
1264
1267
1301
1294
1324
1297
1325
1317
1334
1324
1322
1322
1327
1298
1239
1169
1112
1103
1034
1022
932
964
922
947
890
838
767
632
553
411
403
307
305
245
244
193
140
67
-33
-98
-197
-249
-322
-350
-420
-451
-525
-539
-607
-621
-698
-732
-793
-853
-877
-949
-927
-1001
-971
-1041
-1003
-1039
-1052
-1081
-1149
-1146
-1215
-1194
-1211
-1190
-1162
-1123
-1088
-1088
-1071
-1071
-1076
-1075
-1078
-1024
-994
-915
-854
-775
-712
-684
-652
-647
-578
-550
-508
-437
-397
-309
-284
-210
-186
-124
-80
-27
21
60
127
161
233
279
321
388
419
472
501
550
605
654
704
737
785
806
837
859
879
919
941
983
976
1007
997
1015
1015
1026
1054
1052
1089
1079
1088
1062
1039
1005
963
949
888
879
828
821
797
782
752
672
669
556
547
442
415
364
328
303
226
223
128
117
8
-29
-123
-194
-249
-326
-318
-392
-370
-469
-473
-550
-576
-644
-695
-723
-800
-799
-852
-832
-871
-857
-880
-873
-899
-927
-958
-989
-1006
-1012
-991
-981
-964
-943
-913
-891
-876
-874
-854
-845
-837
-815
-809
-758
-740
-684
-682
-628
-586
-532
-482
-448
-378
-338
-264
-247
-204
-187
-147
-75
-32
41
72
143
193
240
281
321
381
401
465
488
555
582
617
638
657
696
704
749
762
795
803
834
843
847
857
871
893
880
846
804
781
792
797
813
824
818
817
772
746
697
673
625
591
554
515
513
484
469
420
389
325
276
234
158
129
67
67
-9
-32
-72
-89
-119
-168
-182
-262
-293
-363
-391
-450
-484
-506
-517
-507
-525
-518
-530
-514
-520
-556
-584
-619
-626
-645
-632
-612
-588
-567
-570
-553
-558
-553
-568
-580
-580
-581
-532
-498
-462
-447
-414
-378
-380
-367
-368
-361
-358
-342
-308
-292
-228
-200
-130
-121
-85
-56
-54
-43
-54
-16
-17
7
18
64
103
131
163
180
206
213
236
230
227
216
225
247
254
278
294
317
326
338
335
330
308
299
288
276
280
290
316
325
335
330
314
292
287
272
266
269
281
268
241
219
218
197
181
170
160
172
165
175
148
150
128
121
95
68
41
35
46
42
46
24
39
19
2
-29
-53
-81
-99
-121
-115
-109
-76
-42
-40
-28
-54
-64
-120
-156
-210
-211
-199
-182
-131
-99
-55
-75
-77
-113
-139
-170
-208
-209
-218
-179
-147
-85
-61
-35
-44
-70
-101
-130
-137
-138
-111
-104
-60
-31
4
25
33
18
-1
-25
-42
-55
-54
-17
26
77
101
131
118
123
77
45
14
-10
-15
6
59
96
156
174
177
148
122
90
64
57
47
56
51
86
102
105
95
73
49
17
0
-18
-22
-10
11
27
25
22
4
-14
-32
-57
-92
-121
-114
-111
-99
-87
-67
-59
-61
-68
-91
-111
-131
-144
-166
-167
-157
-130
-104
-91
-74
-85
-92
-103
-112
-121
-127
-129
-127
-109
-74
-38
-25
-33
-39
-51
-57
-59
-59
-55
-33
4
32
64
71
89
87
67
59
39
43
47
76
95
123
144
147
144
124
120
99
96
94
110
134
153
179
179
182
168
140
129
102
111
110
113
108
105
113
114
115
100
87
64
57
55
73
85
76
69
37
18
11
4
-1
-6
-4
-11
-18
-31
-28
-26
-39
-54
-72
-74
-85
-77
-72
-80
-89
-103
-115
-135
-146
-154
-155
-147
-146
-131
-117
-115
-120
-132
-146
-167
-173
-168
-152
-131
-108
-84
-81
-76
-73
-77
-89
-81
-77
-68
-65
-62
-51
-54
-44
-46
-43
-57
-51
-45
-42
-29
-21
-10
-9
-6
1
11
30
46
49
59
68
64
56
44
42
47
56
72
84
109
129
140
125
107
92
85
94
107
120
115
107
109
98
94
81
78
72
92
110
108
106
95
90
72
73
70
73
61
53
57
43
33
32
31
37
52
63
51
39
24
15
9
5
12
18
27
21
19
17
0
-4
-17
-15
-23
-30
-32
-35
-23
-14
-1
-10
-12
-15
-32
-56
-79
-80
-76
-62
-51
-47
-33
-23
-12
-28
-48
-81
-102
-115
-104
-84
-66
-48
-53
-59
-69
-79
-93
-100
-93
-82
-80
-67
-61
-46
-42
-52
-62
-71
-69
-62
-58
-50
-36
-22
-8
-3
-12
-20
-22
-16
-17
-18
-14
5
20
40
47
44
