48
36
51
50
45
67
52
44
65
46
54
53
33
44
24
26
36
17
19
8
-7
5
-19
-24
-23
-36
-32
-48
-56
-61
-77
-84
-83
-86
-84
-95
-96
-90
-95
-84
-89
-91
-78
-74
-70
-65
-55
-44
-43
-33
-14
-5
5
17
19
29
41
42
56
62
59
68
64
77
81
77
84
67
73
71
56
68
52
39
41
22
18
16
-1
4
-13
-29
-20
-33
-34
-31
-44
-44
-49
-63
-50
-67
-69
-66
-87
-89
-96
-109
-107
-120
-140
-144
-158
-154
-165
-176
-173
-187
-193
-194
-192
-188
-187
-196
-192
-189
-166
-157
-154
-127
-127
-112
-89
-72
-56
-40
-27
-7
14
20
43
56
65
75
80
83
96
95
91
91
76
84
73
67
59
46
49
37
33
40
33
26
30
26
29
31
21
30
17
26
30
21
29
22
21
22
15
12
10
-5
2
-17
-27
-27
-47
-43
-49
-63
-61
-73
-87
-75
-90
-80
-70
-77
-56
-53
-38
-15
2
22
43
63
90
113
138
164
176
196
212
228
249
258
258
270
270
263
268
255
249
244
229
219
217
201
190
182
158
160
149
140
132
112
111
109
102
99
94
84
87
84
82
76
68
73
55
48
46
21
22
10
-15
-28
-49
-70
-77
-97
-117
-142
-158
-170
-183
-182
-202
-206
-192
-202
-188
-170
-165
-140
-130
-103
-72
-60
-24
-4
26
47
62
89
98
126
142
147
160
161
162
165
160
154
151
142
135
126
105
102
93
70
62
45
32
29
15
0
2
-1
-21
-9
-18
-22
-26
-43
-37
-50
-48
-58
-66
-74
-84
-99
-103
-124
-141
-155
-182
-194
-214
-221
-233
-252
-250
-270
-267
-269
-280
-260
-264
-246
-230
-217
-188
-172
-153
-127
-98
-65
-41
-18
15
46
81
102
128
152
165
177
186
194
206
209
211
220
206
210
198
188
178
156
137
115
110
97
73
58
55
39
28
22
15
2
-7
-15
-29
-32
-40
-40
-38
-58
-78
-70
-77
-84
-101
-110
-122
-148
-151
-165
-176
-200
-217
-232
-240
-251
-263
-255
-278
-272
-253
-273
-266
-265
-246
-244
-230
-197
-190
-161
-129
-110
-87
-48
-24
5
41
59
82
107
138
167
162
198
192
199
221
208
224
199
205
193
176
178
148
153
119
91
78
58
54
24
11
-5
-23
-36
-58
-70
-66
-71
-76
-91
-105
-93
-100
-101
-92
-89
-95
-108
-108
-107
-114
-109
-95
-107
-103
-129
-117
-115
-144
-130
-144
-142
-146
-122
-116
-108
-90
-96
-63
-33
-19
5
43
58
81
101
128
180
215
245
264
287
295
310
356
363
380
411
397
397
406
387
383
381
331
328
314
264
255
216
203
174
135
130
75
52
47
-10
-6
-5
-40
-28
-34
-60
-70
-87
-112
-127
-106
-113
-172
-154
-195
-231
-186
-214
-211
-221
-253
-268
-315
-284
-281
-297
-266
-308
-287
-291
-319
-235
-259
-243
-160
-189
-151
-98
-73
-29
-8
63
81
101
172
141
203
267
224
306
300
276
322
280
279
277
275
293
254
257
218
176
188
119
149
132
58
83
42
29
37
18
8
-31
-24
-26
-73
-60
-61
-124
-115
-98
-163
-166
-164
-200
-224
-214
-228
-306
-279
-285
-369
-290
-310
-382
-313
-353
-391
-366
-354
-370
-338
-286
-315
-253
-183
-211
-138
-64
-88
-12
63
46
126
226
203
251
323
312
317
363
363
328
393
358
314
396
353
293
339
337
275
266
325
255
178
246
185
160
206
189
141
148
195
44
53
109
13
109
84
-8
47
20
-14
-15
-25
-62
-104
-96
-169
-204
-150
-212
-267
-221
-318
-356
-319
-414
-408
-366
-378
-374
-405
-393
-399
-363
-305
-299
-245
-261
-228
-191
-154
-37
-20
18
112
73
80
208
211
188
281
260
225
338
303
258
324
293
228
285
304
214
218
209
113
148
178
93
128
120
56
64
95
52
-10
69
25
-27
5
-20
8
-11
24
22
-44
40
-28
-55
15
-39
-74
-75
-129
-176
-126
-199
-267
-253
-324
-363
-292
-341
-439
-302
-377
-431
-298
-395
-353
-232
-248
-268
-172
-119
-138
7
26
-18
189
159
159
372
284
359
454
378
443
419
379
425
474
402
361
424
243
265
304
100
194
133
-40
54
38
-58
-90
-32
-118
-179
66
-100
-139
108
-131
-190
39
15
-85
80
143
-109
33
198
-30
100
224
-7
-20
30
-104
-110
-35
-168
-221
-89
-279
-343
-157
-378
-354
-243
-352
-225
-315
-275
-250
-273
-70
-179
-123
143
-7
36
300
96
210
411
238
344
484
441
410
697
503
419
675
284
396
424
81
195
167
-55
-57
50
-140
-140
-88
-378
-228
-222
-418
-189
-262
-262
-185
-298
-178
-280
-173
-80
-160
-14
-33
3
40
118
31
57
103
11
205
85
61
139
12
-8
4
-41
-167
-130
-216
-264
-232
-369
-254
-368
-338
-161
-388
-133
-244
-260
66
-259
160
119
70
490
148
435
371
202
574
307
341
474
198
390
458
205
325
299
34
164
79
-114
-32
-191
-51
-196
-373
-204
-389
-381
-448
-375
-395
-450
-210
-349
-400
-180
-163
-214
67
9
-97
200
132
164
183
207
394
89
251
345
-86
325
241
-80
290
0
-65
77
-164
-128
-220
-350
-154
-198
-386
-63
-200
-372
125
-225
-204
204
-71
189
122
135
378
165
485
500
258
437
440
307
334
553
351
158
589
192
-48
493
-62
-182
287
-223
-342
26
-434
-593
-194
-627
-671
-378
-634
-593
-365
-583
-494
-66
-491
-162
172
-435
138
341
-250
345
430
12
552
342
352
463
224
459
215
189
154
155
18
-29
191
-268
-13
88
-475
-167
-77
-542
-269
3
-539
-307
23
-597
-70
-3
-397
318
-23
-19
445
121
287
511
504
497
547
691
523
452
596
482
397
416
218
236
-5
-28
-26
-251
-122
-318
-481
-396
-449
-652
-714
-540
-724
-698
-585
-734
-570
-451
-698
-332
-245
-502
-131
64
-73
95
374
63
225
515
66
316
690
127
416
515
117
429
172
74
284
5
-149
37
-206
-382
-248
-343
-607
-356
-221
-935
-305
-405
-854
-202
-546
-341
-320
-303
16
-290
183
207
-71
546
310
209
684
422
512
799
250
701
739
119
861
437
291
536
328
225
111
346
-228
-53
111
-477
-106
-202
-387
-73
-326
-315
-127
-189
-547
-58
125
-600
290
111
-354
335
183
-105
438
398
10
508
404
233
274
541
203
80
601
192
-73
569
162
-481
548
-15
-595
305
-36
-672
-27
111
-756
-241
221
-926
-132
45
-1029
165
-342
-543
158
-392
-273
128
-100
-136
407
73
-7
574
259
-60
658
323
-152
880
301
-221
1076
185
-124
1015
30
31
815
87
21
675
167
-64
481
355
-315
478
323
-560
712
-166
-157
378
-134
59
-249
265
-236
-154
144
-174
-213
-175
-20
-568
-182
-79
-656
-302
-163
-543
-456
-331
-403
-555
-415
-295
-515
-364
-455
48
-593
-333
493
-895
110
384
-885
293
38
-340
192
-212
89
-260
-14
-77
-299
-25
-253
-61
-252
-75
-107
-294
162
-222
-125
504
-617
481
420
-748
1323
-275
6
1345
-463
701
832
-32
827
631
323
756
502
522
582
475
598
468
481
485
368
335
202
291
43
-154
325
-445
-381
91
-830
-522
59
-1010
-541
-182
-981
-489
-464
-659
-640
-330
-460
-422
-403
-278
-213
-364
6
-186
104
-170
-37
226
-387
205
16
-133
162
-269
337
-311
-58
60
-381
-16
-547
65
-732
-381
-89
-1083
165
-779
-489
-81
-985
-117
-256
-606
-30
1
-519
134
224
-525
603
171
-300
958
-169
211
676
-230
585
191
-16
628
-258
380
329
-442
544
-245
-144
234
-438
-73
-82
-569
35
-459
-493
-124
-636
-9
-878
134
-528
-580
341
-660
-172
94
-229
-236
476
-475
374
262
-432
904
-476
327
655
-746
1034
-245
-108
925
-999
1076
-386
-254
1144
-1097
729
285
-693
777
-172
-421
655
-694
84
219
-759
419
-302
-62
-160
105
77
-472
784
-241
-226
1008
-376
193
1086
-545
947
310
117
1081
-371
1315
-57
319
999
-413
965
159
276
516
222
441
336
86
579
189
-321
1224
-501
348
991
-623
1037
129
223
438
251
608
48
755
342
211
836
202
523
688
6
817
86
452
531
-375
1018
-498
113
447
-753
758
-853
217
152
-1393
1338
-1463
-383
1068
-2342
1061
-645
-1313
1043
-1652
227
-304
-1026
462
-1079
0
-408
-639
208
-823
30
-289
-361
11
-459
38
-323
-354
509
-949
155
418
-1208
801
-407
-251
96
-177
-31
-384
255
-120
-211
362
88
-192
624
-204
347
398
-47
785
118
329
692
-162
928
-132
537
797
-571
1303
-550
712
110
-239
1248
-1467
1479
-306
-885
1413
-1264
369
-176
-163
-214
-651
656
-1480
473
-249
-1146
975
-1418
251
-131
-940
397
-769
60
-566
114
-413
-519
531
-1145
491
-497
-576
567
-1195
506
-365
-520
268
-391
78
-556
821
-910
353
630
-1172
1662
-929
545
538
-508
1057
-679
1163
-366
254
896
-847
1030
-70
164
144
537
-198
30
891
-1109
1078
-181
-282
761
-424
254
3
297
-570
604
-328
-356
637
-863
352
-227
-26
-279
108
-29
-577
475
-579
-297
133
-371
-452
109
-307
-660
-25
-382
-698
-40
-573
-588
-203
-622
-325
-614
-210
-560
-254
-574
-366
-276
-554
8
-454
46
-510
384
-460
9
447
-740
856
-374
326
186
209
245
171
472
-100
494
140
259
61
463
-198
226
226
-340
441
-342
78
-282
137
-395
26
15
-735
521
-687
105
-84
-397
368
-536
111
241
-521
420
60
-212
333
46
2
124
223
-53
177
252
-76
142
330
-321
39
434
-602
326
192
-559
339
-95
-395
300
-161
-198
305
-450
342
39
-87
480
45
190
407
342
241
684
436
581
527
1001
96
1023
841
13
1477
247
565
833
514
348
622
380
282
263
250
365
-355
676
-454
286
19
-358
734
-1134
678
-319
-493
647
-727
433
-225
-335
774
-687
133
851
-921
551
537
-611
447
417
-175
32
637
-412
99
291
-149
-267
189
-75
-930
551
-623
-653
242
-742
-569
-108
-585
-535
-142
-541
-313
-484
-172
-324
-341
46
-285
-204
372
-440
511
340
-238
845
-1
179
738
152
503
487
341
456
251
562
291
98
675
-120
136
408
-244
248
-75
-111
-73
-99
-175
-158
-72
-273
-265
64
-471
50
101
-552
408
-329
-53
630
-652
701
177
-235
596
80
297
-67
628
38
-97
449
269
-294
131
491
-910
196
-30
-490
-139
-393
-41
-799
-602
403
-1443
-131
-159
-962
-320
-868
391
-1615
47
641
-2359
1500
-725
-953
995
-1045
367
-400
89
384
-743
935
-328
-518
1306
-1074
612
375
-759
1060
-861
395
223
-755
830
-556
-273
601
-894
442
-368
-311
465
-940
722
-458
-358
844
-1144
518
120
-732
1122
-889
699
-212
-389
1421
-1662
1624
-192
-706
1606
-1153
966
-243
237
332
-430
664
-427
108
291
-305
169
-79
-38
-151
-177
258
-704
75
291
-1054
541
-128
-820
533
-434
-503
465
-695
60
-7
-722
331
-534
-133
130
-511
310
-447
1
95
-505
493
-467
148
-57
-284
563
-750
534
-43
-631
799
-470
-71
235
84
-429
165
556
-963
790
226
-592
595
282
-150
12
780
-532
468
372
-200
591
-221
646
-194
210
497
-538
561
-211
120
-97
88
238
-523
649
-290
-340
649
-580
197
317
-502
664
-548
607
-57
-347
879
-701
706
-411
328
36
-287
860
-879
468
375
-319
-28
845
-753
99
996
-907
604
299
-270
92
357
-99
258
-55
526
-154
-38
969
-914
982
-235
320
-16
160
601
-805
1563
-1018
566
659
-680
910
-60
65
31
634
-474
391
393
-35
-438
887
-582
-489
1548
-1468
945
-513
128
257
-760
1359
-1379
623
-131
-374
380
-532
557
-791
266
-246
-68
-379
133
-311
-629
240
-1017
443
-708
-29
-159
-803
238
-944
500
-519
-390
373
-911
601
-550
178
77
-628
843
-679
28
293
228
-647
823
-127
-834
1288
-687
238
48
377
-548
366
667
-855
887
-279
264
-166
251
411
-430
752
-179
-64
249
335
328
-400
745
-131
-264
828
-336
231
347
-31
403
-237
506
-16
-225
879
-870
398
310
-837
1116
-961
237
308
-1030
757
-800
51
-310
-387
11
-590
61
-491
-191
-158
-449
-246
-213
-377
237
-852
73
74
-884
668
-624
-100
308
-658
245
43
-416
228
-56
-311
204
-300
167
-259
100
111
-765
624
-389
-243
115
-196
-114
-387
261
-717
122
120
-722
488
-357
-51
436
-292
169
365
-425
664
-129
453
273
-11
765
-440
1538
-771
1105
219
-181
1438
-1184
1514
-435
491
392
-308
747
-419
610
-463
486
-212
102
76
-499
717
-900
350
-292
-258
261
-318
136
-30
169
-414
484
-371
158
152
-379
484
-396
575
-710
165
627
-1173
970
-387
-171
394
-502
309
-670
198
-363
-440
111
-412
-211
-263
-31
-702
190
-689
-221
140
-699
109
-436
85
-329
183
-199
17
338
-631
695
-571
286
615
-889
782
-75
-223
745
-209
147
343
-107
149
-29
368
-124
177
158
-327
618
-255
-89
636
-632
378
464
-416
818
-125
-116
343
359
-391
363
246
-426
1094
-680
593
413
-323
650
-146
177
-106
316
73
-445
787
-346
-546
1168
-861
-282
517
-543
137
-363
-455
504
-539
-284
548
-949
321
161
-538
-346
505
-225
-617
917
-708
216
182
254
-578
34
782
-989
983
-3
-404
671
-551
279
178
-557
875
-479
-146
372
-433
225
-105
236
-416
305
389
-994
792
-121
-583
1040
-577
-19
679
-2
-54
41
150
195
-384
717
5
-702
978
-529
53
592
-561
-48
41
-320
282
-90
-45
209
-441
148
-409
-117
202
-410
-187
-214
-392
109
-61
-622
197
-526
-287
340
-534
275
23
-144
-142
-202
107
-104
340
-122
-76
-4
-206
528
-337
256
342
-725
540
-180
-162
492
-265
-66
253
-95
-2
343
-57
-132
276
-20
-122
499
-297
349
234
-523
511
-288
344
-5
-88
-116
-144
475
-843
437
-221
-191
216
-285
311
-136
198
-450
-61
1
-384
139
-335
-291
9
-375
-58
-88
-287
277
-519
-127
72
-444
-10
-145
-10
-487
-91
225
-735
387
-92
-659
781
-469
-27
551
-297
271
-23
279
175
160
556
-370
184
272
-358
447
-63
20
16
3
116
54
581
-230
726
119
-372
1012
-234
310
720
-257
466
368
76
325
232
227
-38
330
119
355
206
275
259
64
633
-161
812
-67
404
278
-435
1169
-297
257
99
44
-49
-124
531
-467
320
-98
-730
-52
91
-249
58
-289
-831
70
-131
-261
-21
-72
-497
-204
-101
-115
186
-172
-51
-408
220
326
-22
201
110
-586
175
-42
-577
648
-653
49
-146
-458
199
-471
71
-377
-167
-189
-292
-3
-366
-86
-209
-256
-221
-81
-160
-498
73
-425
-436
227
-7
-133
220
-48
-353
364
-45
-46
452
-3
18
192
-229
165
185
-473
486
-41
-57
617
-328
375
6
-33
257
-164
177
-351
-13
-113
-209
258
-43
-172
296
-98
-323
544
-117
42
534
-284
-25
315
-53
391
146
-364
103
-80
224
56
-96
74
-412
-208
270
-319
69
159
-715
40
-27
-136
-115
-280
-19
-214
-100
163
44
169
160
-233
183
141
-39
444
-239
-361
214
-184
-410
439
-490
-502
428
-890
167
80
-531
84
-263
-110
-158
382
11
265
657
-68
-68
618
253
-7
918
262
404
924
242
292
1005
526
490
425
62
484
590
300
293
429
-122
118
47
5
253
432
26
-48
599
-231
112
636
-353
-17
308
-534
226
748
-223
126
213
-214
296
461
-163
-78
207
-337
-354
313
-124
-353
434
-560
-200
312
-377
-105
-141
-412
-480
40
-443
-375
-106
-624
-258
-293
-539
-399
-114
-495
-434
-56
-671
-134
-111
-826
-250
-213
-720
-378
-219
-526
-344
-199
-345
-656
-233
-321
-647
68
-272
-341
-152
-290
69
-156
-29
-47
-464
-196
-63
-298
-8
274
-126
-54
159
-344
-94
327
-330
220
649
-331
555
723
-480
638
622
-432
560
614
-68
446
651
146
284
1061
405
486
1532
309
667
1129
198
1462
1335
604
1344
919
365
932
997
483
989
949
10
683
776
136
608
233
-130
-173
35
62
-191
256
-462
-385
-138
-840
-331
-353
-1056
-697
-900
-1217
-460
-1019
-1011
-989
-1473
-1171
-1383
-1242
-1197
-1219
-1251
-1367
-1188
-1103
-1148
-923
-1052
-1188
-915
-1037
-843
-718
-921
-803
-996
-1063
-922
-847
-633
-853
-1037
-1097
-1057
-844
-732
-462
-618
-810
-513
-745
-335
-41
-399
-75
-384
-185
360
402
791
838
699
615
934
997
1217
1537
1239
1113
1096
1075
1206
1620
1115
1433
1658
1216
2192
1988
1949
2259
1806
1651
1799
2113
2117
2517
2768
2409
2582
2969
2540
2442
1772
351
202
-12
-131
458
184
-359
-1207
-2898
-3681
-4054
-3774
-2812
-2715
-2466
-2095
-1616
-961
-743
-524
-461
-336
155
580
1452
2329
2656
2738
1841
1038
957
740
227
231
-195
-1034
-966
-1850
-2966
-3163
-3873
-4601
-4488
-4449
-4463
-3840
-3663
-3730
-3313
-2802
-2323
-1497
-667
-255
417
880
1087
1621
2014
2273
2666
2570
2754
3175
2784
2583
2597
1946
1374
927
317
-7
-27
-113
-503
-609
-1078
-1324
-958
-814
-306
514
645
817
1822
2146
2707
3719
3588
3609
4436
4599
4890
5785
5193
4829
5164
4570
4682
5502
4723
2842
1433
-967
-1681
-545
77
-284
-1844
-3133
-6627
-7906
-6307
-6989
-4518
-2881
-5192
-3967
-3126
-2680
75
-368
-733
28
-20
1632
3146
4387
4771
3932
2710
864
1145
2135
1899
1764
353
-1143
-1672
-2499
-3091
-4227
-5599
-6370
-7610
-7771
-6453
-6189
-5896
-5611
-7107
-7495
-5623
-4205
-2876
-273
298
-242
1370
1972
2306
4154
4674
4182
4303
4475
4771
4543
3988
2948
1193
314
235
229
-97
-441
-1208
-2741
-3361
-2968
-2867
-1958
-1604
-2047
-1605
-932
-99
1040
2011
2334
3116
4073
4814
5869
7133
7245
7300
7041
6496
7135
7281
7690
7446
6283
6087
5726
3671
1440
-374
-2902
-2816
-1078
-1331
-2449
-3004
-6931
-11496
-10220
-10768
-8810
-3093
-4328
-5058
-3688
-4504
-2238
-424
-736
1055
1885
2628
4504
5442
6002
6229
4963
1966
1057
2191
2884
3651
2704
101
-1550
-3681
-5268
-5600
-6717
-6620
-6459
-7583
-8297
-8140
-8072
-8628
-8638
-8471
-7566
-4981
-2581
-1075
-557
-293
-71
227
2112
3976
5412
7095
6945
5687
5372
4695
4008
3654
2760
1881
1056
655
-214
-1365
-2062
-3149
-4111
-4697
-4162
-3263
-2742
-2067
-2214
-2553
-1913
-892
400
2178
3307
4263
5347
5611
6127
7506
8178
8314
8882
8229
7440
8297
8152
7344
7704
6369
5558
4914
1128
-816
-2320
-3272
-1627
-754
-2568
-4682
-6422
-11904
-12739
-10109
-9852
-4199
-2296
-6005
-4747
-4821
-3923
-97
-87
1617
3570
4006
5743
5887
6264
6476
5778
3919
1972
3454
4650
4606
4030
624
-1755
-3062
-5004
-5106
-5491
-5264
-4379
-5802
-7757
-8681
-8810
-8706
-7896
-7297
-6484
-4185
-2302
-1141
-697
-795
-279
419
1620
3956
6278
8092
8402
6902
5447
4361
4156
4513
4086
3794
2846
1383
62
-1446
-2347
-3137
-3371
-3833
-4161
-3133
-2801
-2513
-2258
-2984
-2528
-1226
88
1901
3419
4494
5423
5849
6052
6607
7561
8289
8794
8642
7992
8116
7823
7140
7150
6307
5216
5515
3003
-540
-1494
-3452
-3918
-1222
-1670
-4533
-5206
-9619
-14212
-12034
-10812
-8102
-2832
-3947
-6520
-6305
-6622
-4206
-1086
-82
2245
4039
3717
4403
4769
4155
5367
5049
2570
2568
3818
4130
4435
2267
-1214
-2949
-4717
-5371
-4989
-5322
-4677
-4348
-6925
-9043
-9387
-10006
-8876
-6904
-6767
-5474
-3097
-2765
-2479
-2126
-2571
-1142
1504
3102
4839
6322
6792
6144
4578
4122
3888
4332
5460
4949
3386
2040
861
-877
-1893
-1883
-1835
-1856
-2205
-2728
-3136
-3068
-2310
-1546
-1616
-915
105
903
2145
3210
4427
5579
6343
6649
6776
6918
7675
8426
8379
7948
7768
7134
6504
6684
5570
5649
5143
1379
-1195
-3118
-4110
-2010
692
-1522
-4132
-6334
-12618
-13386
-10350
-8990
-3465
-1163
-5223
-6481
-7452
-7269
-2968
-1037
594
3657
3290
2843
2816
1281
1946
3813
2947
2382
3558
3410
3551
2581
-730
-2470
-3142
-3958
-3500
-3715
-4029
-3323
-4637
-7245
-8814
-9145
-8107
-5972
-4881
-4513
-3998
-4035
-3967
-4021
-3629
-1623
842
2263
2839
2784
2614
3252
3705
3982
4243
4426
4734
4098
3046
2054
1557
1331
944
693
286
182
-58
-1037
-1834
-2076
-1369
-81
277
396
381
367
780
1596
2793
3995
5505
6020
5277
4829
5160
6005
6791
7436
7686
7091
6760
6534
5121
5345
5777
3318
1442
-374
-2174
-931
1592
653
-2031
-3614
-8830
-11500
-9188
-7783
-3366
-386
-3055
-6144
-8500
-8861
-5197
-2154
148
2857
2428
712
-409
-1627
-824
2486
3855
3478
3442
2578
1979
1305
-467
-835
-880
-1226
-1099
-2013
-2729
-2725
-3165
-5038
-7216
-7432
-6366
-4800
-3511
-3501
-4466
-5331
-5063
-4540
-3291
-801
819
1171
642
-501
-147
1943
3752
5109
5083
3818
3015
1978
2085
3039
4041
4603
3778
2128
358
-158
-480
361
1339
1116
948
525
10
-561
-523
363
1415
1874
2992
3185
3182
3872
2900
3209
3919
4680
6242
6755
6035
5278
4918
4154
4108
5301
5458
4139
2625
-33
-1170
-509
1015
1249
-287
-2093
-6318
-8603
-8064
-6284
-2919
-1442
-2685
-5276
-7720
-7777
-5896
-3177
-601
658
629
-1077
-2848
-3249
-1956
486
2134
2262
1575
597
-84
-525
-626
-157
124
228
-549
-1760
-2683
-2919
-2391
-2787
-3799
-3689
-3663
-3894
-3147
-3611
-4033
-3184
-3074
-2889
-2391
-1826
-1251
-942
-820
-839
-238
1243
2616
3093
2677
2147
1554
1462
2261
2984
3837
3964
2905
1347
147
102
1000
2294
2800
2405
1474
171
-538
-497
173
1586
2760
2981
2423
1806
1372
1661
2265
3262
4087
4292
4680
3582
3000
3204
3607
4034
4370
4433
3019
3291
2529
1135
1200
178
55
528
616
-67
-867
-2397
-4893
-5145
-5089
-4071
-1802
-1603
-2338
-3935
-5874
-6169
-5096
-3385
-985
249
-367
-1547
-3623
-4842
-3427
-1230
804
2063
1535
-14
-1840
-2891
-2555
-826
777
1386
823
-1306
-2470
-2852
-2605
-1747
-1317
-1029
-1450
-2290
-3262
-3482
-3105
-2255
-1494
-1605
-1507
-1605
-1577
-1443
-1145
-358
371
951
936
811
651
849
1237
1498
1883
2167
2693
2708
2350
2052
1758
1787
2032
2496
2686
2399
2072
1422
772
591
1407
2544
2803
2746
1914
887
780
1030
1776
2904
3342
2993
2176
898
434
1182
2152
2883
2748
1807
691
79
97
700
1531
1971
1793
638
-494
-948
-955
-167
330
90
-321
-1078
-1763
-2419
-2672
-2638
-2314
-1835
-1773
-2010
-2433
-2661
-3094
-3116
-2599
-2102
-1495
-913
-964
-1456
-1749
-1944
-1597
-880
-221
349
334
-61
-650
-1012
-713
-352
-21
124
-257
-784
-1289
-1568
-1481
-1281
-1021
-953
-1026
-1193
-1375
-1324
-1146
-831
-357
-55
74
-25
-128
-47
257
832
1151
1359
1390
1209
1215
1394
1719
2016
2044
1957
1640
1444
1364
1314
1484
1179
1046
964
770
875
838
779
639
677
540
377
770
889
766
752
495
420
659
810
872
566
244
154
53
255
547
562
519
242
-308
-525
-543
-282
-102
-197
-317
-661
-791
-967
-1037
-908
-880
-639
-578
-697
-708
-676
-589
-637
-643
-627
-530
-212
35
96
77
-90
-265
-292
-188
71
251
372
153
-195
-286
-356
-109
162
204
209
-33
-349
-685
-739
-485
-233
-12
-132
-483
-808
-967
-886
-604
-242
5
-87
-256
-452
-421
-42
220
500
544
476
480
384
395
441
479
705
765
849
989
983
1059
959
809
815
799
940
995
895
789
477
327
176
178
378
458
495
337
32
-171
-215
-183
-170
-161
-155
-359
-462
-481
-418
-276
-256
-201
-324
-512
-435
-411
-367
-284
-457
-481
-564
-796
-843
-816
-602
-432
-495
-629
-792
-799
-802
-771
-557
-573
-586
-503
-561
-602
-473
-335
-194
36
175
282
258
211
146
103
262
510
634
562
549
360
165
108
7
152
216
255
217
-93
-222
-367
-461
-368
-288
-226
-315
-432
-506
-581
-430
-195
196
419
381
418
353
375
485
665
1009
1245
1167
1035
973
925
1014
1109
1164
1168
1080
1004
866
700
524
467
421
314
322
221
154
79
-144
-144
-98
-5
94
-2
-12
-119
-157
-103
-52
26
38
106
22
-84
-71
-81
-49
-38
-113
-152
-205
-273
-304
-343
-397
-467
-504
-600
-683
-562
-465
-532
-556
-685
-744
-740
-724
-607
-672
-646
-585
-656
-627
-522
-478
-436
-434
-398
-349
-335
-306
-303
-344
-442
-402
-413
-509
-444
-475
-497
-432
-484
-469
-484
-495
-451
-469
-389
-303
-231
-164
-191
-149
-56
9
90
101
230
282
259
337
292
326
398
424
425
464
521
493
542
583
549
583
562
505
497
474
505
547
512
433
346
321
304
237
297
307
341
450
390
321
242
263
300
305
455
452
402
452
357
288
338
349
383
378
359
343
282
252
108
33
21
-22
-42
-133
-179
-233
-343
-381
-449
-411
-362
-415
-404
-475
-572
-587
-514
-481
-485
-424
-486
-507
-429
-401
-290
-123
-100
-150
-108
-148
-162
-37
6
-21
-9
-51
-187
-225
-243
-227
-243
-246
-205
-266
-318
-384
-448
-469
-388
-287
-253
-213
-164
-170
-129
-68
-26
92
191
289
296
278
366
408
516
622
564
565
564
553
522
475
563
505
393
339
254
173
183
213
162
178
195
171
155
110
48
102
200
276
325
365
392
355
357
346
384
411
357
341
310
252
279
219
122
60
-81
-83
-143
-207
-221
-363
-405
-487
-605
-638
-605
-632
-682
-662
-711
-610
-475
-395
-278
-247
-254
-258
-242
-189
-91
-27
1
6
-27
-35
-10
32
53
3
-45
-151
-237
-254
-357
-337
-380
-482
-521
-581
-543
-558
-576
-511
-516
-483
-353
-296
-208
-137
-44
22
24
131
194
301
416
418
433
414
388
387
418
458
490
509
443
393
366
315
336
343
329
330
296
273
271
269
310
344
325
287
254
233
221
316
355
356
377
380
389
399
443
417
380
344
242
168
147
118
123
69
-44
-99
-137
-105
-83
-79
-39
-125
-262
-348
-422
-395
-398
-403
-439
-522
-501
-550
-504
-383
-346
-298
-328
-253
-187
-217
-129
-171
-237
-230
-255
-204
-204
-305
-341
-417
-490
-486
-485
-423
-459
-445
-484
-555
-435
-464
-447
-395
-482
-453
-445
-429
-351
-349
-226
-210
-245
-158
-179
-121
-1
61
169
192
252
275
260
372
352
420
460
409
424
335
309
331
263
286
291
222
220
191
234
190
159
184
46
39
69
78
193
214
209
196
170
268
336
449
599
594
597
553
526
609
631
690
620
493
463
291
218
253
155
170
116
12
44
-30
17
34
-22
-58
-138
-132
-154
-104
-19
-52
-52
4
4
80
171
178
185
197
212
231
258
261
201
155
75
8
-33
-110
-132
-213
-314
-334
-372
-424
-459
-549
-589
-604
-605
-544
-574
-610
-574
-583
-515
-499
-472
-410
-430
-378
-381
-334
-245
-258
-212
-195
-228
-199
-191
-160
-192
-230
-246
-322
-362
-395
-416
-408
-428
-406
-393
-375
-290
-280
-252
-213
-180
-47
59
166
228
190
230
240
271
386
429
511
557
526
547
525
574
622
566
564
550
508
491
427
389
325
274
254
185
208
235
230
214
185
156
182
251
315
356
387
413
388
368
361
379
414
441
416
409
392
362
353
319
291
220
197
191
126
94
30
-21
-42
-136
-183
-231
-305
-322
-341
-303
-317
-377
-386
-438
-462
-439
-436
-381
-374
-379
-364
-368
-328
-312
-297
-289
-301
-269
-262
-253
-187
-171
-148
-152
-159
-158
-201
-196
-138
-164
-172
-201
-283
-285
-272
-233
-240
-235
-215
-212
-132
-96
-40
89
82
84
57
34
118
150
188
231
228
245
247
221
242
231
250
261
234
214
129
89
103
92
114
136
100
47
26
-36
-62
-19
18
67
78
57
52
30
66
109
139
204
212
226
242
229
207
193
182
132
90
85
49
14
-44
-142
-199
-277
-326
-354
-415
-437
-481
-489
-478
-474
-454
-478
-464
-455
-440
-380
-304
-202
-139
-54
-2
-2
12
33
71
119
190
204
195
155
97
41
11
11
4
34
17
-12
-28
-98
-115
-94
-93
-17
13
-11
29
42
79
148
216
312
352
380
411
402
438
445
490
557
562
587
568
551
557
548
550
610
610
589
563
484
402
381
377
348
322
256
241
217
201
242
304
326
399
408
380
390
379
407
394
400
386
344
330
274
178
110
37
-61
-108
-175
-221
-263
-328
-375
-514
-565
-581
-627
-589
-580
-589
-552
-535
-518
-489
-493
-450
-469
-468
-457
-469
-449
-452
-451
-464
-481
-474
-419
-389
-318
-291
-328
-347
-406
-418
-430
-418
-402
-367
-318
-320
-326
-354
-349
-323
-306
-241
-175
-121
-36
21
57
110
135
218
228
207
283
225
231
268
291
390
389
463
482
433
437
384
381
387
384
458
454
422
412
285
250
251
180
280
271
284
307
190
178
75
51
113
70
130
161
95
179
93
114
157
104
167
82
67
139
109
127
93
109
-9
-117
-26
-219
-95
-88
-9
-13
-41
-13
-191
-78
-215
-184
-239
-282
-214
-261
-193
-295
-285
-336
-428
-453
-508
-431
-372
-343
-223
-213
-67
-66
-22
15
18
42
-50
-47
-48
49
66
254
365
313
246
-10
-91
-230
-228
-68
-58
52
79
25
-51
-44
-117
-84
-144
-185
-175
-195
30
213
473
589
543
430
304
216
9
-119
-196
-369
-405
-374
-250
-112
37
93
-46
-165
-317
-364
-482
-450
-645
-843
-758
-631
-36
236
774
756
452
213
-554
-483
-555
-338
38
296
717
923
925
514
53
-681
-1324
-1470
-1528
-806
-224
559
955
728
691
-281
-533
-999
-1017
-619
-307
336
282
732
694
693
646
189
115
-325
-298
-215
-314
95
-152
-42
-196
-141
148
158
574
443
589
257
118
49
85
505
684
1046
998
788
554
223
141
-12
-28
40
38
305
407
808
824
770
557
-59
-149
-388
-107
-32
47
263
-101
147
87
197
251
-111
-333
-918
-870
-823
-653
-96
28
430
408
686
836
590
842
484
592
433
302
349
115
573
553
748
683
531
439
-120
-217
-638
-860
-960
-1006
-856
-647
-320
-146
-125
-340
-526
-757
-709
-557
-550
-246
-215
36
219
178
347
238
352
-9
-176
-295
-223
126
506
972
1052
1208
669
266
-244
-625
-578
-556
-99
-132
-83
-54
-276
-258
-475
-314
-811
-729
-539
-906
9
48
256
523
133
-8
78
-119
36
289
163
465
168
437
-44
-55
270
-364
-110
-227
-517
-197
-347
157
58
-291
234
-886
-411
-240
-348
219
195
710
-200
171
338
-146
568
613
483
486
160
86
27
95
702
466
763
195
95
-632
-937
-60
-550
592
154
-194
-189
-709
-424
-266
102
396
364
-136
351
97
318
651
371
521
223
-77
-141
-267
152
477
128
475
416
-193
-309
-12
-370
-296
568
-344
-455
357
-670
-216
-50
-142
-81
-563
454
-1131
-260
-335
-789
339
-388
-196
-651
-629
-808
-370
-670
-13
18
-601
366
-1241
-321
-223
-758
389
-539
-98
-235
-192
55
-657
385
-832
-253
67
-954
704
-355
274
251
-957
-204
-620
-388
319
-117
11
258
-53
-228
-327
-543
-244
-50
-358
-36
-208
-307
154
-54
-213
499
-586
621
-16
59
1149
-361
1356
63
100
591
143
565
458
381
-141
363
227
224
677
410
229
387
-191
16
-243
114
300
-47
807
-451
226
143
-907
-587
-457
-537
-249
876
-568
740
30
-219
-200
-1401
1031
-1339
92
686
-621
908
-161
24
-239
-312
476
-543
-271
805
-183
-192
292
29
-574
681
-232
-53
829
-44
351
-210
581
-491
332
41
129
673
-569
905
-490
86
428
-189
-171
-57
341
-755
462
563
164
-419
685
-835
-586
1783
-841
921
916
-84
644
-102
763
-115
972
421
-348
1393
-593
797
1100
-454
1889
73
-293
1161
-984
483
42
53
646
-384
1084
-1617
482
-163
-1536
952
-1160
-808
154
-379
-271
321
-528
-312
-517
-935
-214
-408
60
94
434
-565
-11
208
-924
883
-501
-343
-415
231
-56
-212
1957
-1048
1051
143
-1514
856
-230
352
-54
425
-58
-686
767
-846
88
84
-1050
-441
-758
-395
-708
96
-125
-659
-412
405
-1444
356
-290
-1600
867
-457
177
-26
825
342
424
1150
-11
129
541
-79
-38
431
1017
393
716
1057
-54
961
-27
-313
-248
-44
-245
456
1211
-761
767
16
-1734
366
-787
-1448
1262
-190
-1137
1136
-623
-856
232
-606
-110
523
503
-732
18
256
-411
550
867
-418
-33
-65
-998
1406
-365
468
757
-1061
1110
-986
349
392
-5
342
-293
86
-273
278
63
448
104
391
-630
74
107
-1069
476
-294
-58
800
-1012
213
124
-1306
892
-106
-530
842
-577
29
350
226
282
262
512
-247
-491
308
-101
-644
1328
-560
321
1046
-725
1059
114
189
-73
-584
654
-280
895
1145
-446
723
-667
-585
-814
-1157
900
-854
511
-507
-1435
337
-1064
-557
-446
-739
54
-180
-498
-1061
219
-529
-706
878
-802
606
38
761
-228
158
472
-402
876
-737
1865
-398
647
1460
-1499
181
376
-934
501
899
-1103
997
-355
105
-360
454
-867
155
681
-1884
1733
-1343
350
1589
-766
-54
1307
-211
-623
1582
-1025
-28
1667
-578
443
1229
-351
201
1412
-616
-188
1513
-984
1694
378
-1
1481
-991
169
53
-166
-182
377
504
-859
80
101
-1444
127
-521
-1734
394
-334
-905
145
348
-1279
-329
-573
-974
62
-521
-22
-608
396
-1193
-420
51
-1111
105
-425
161
-938
-5
-481
-703
-212
589
-314
-753
743
-1350
47
1199
-690
339
-66
641
-1366
705
680
-1268
1479
-1004
-780
348
-154
-172
-365
-213
-14
-336
350
-633
801
-575
575
-138
-293
225
-58
733
-1173
1903
-583
789
899
-472
392
634
801
-79
1039
-375
341
914
680
1053
-379
819
-545
-562
953
-1416
2105
-310
556
18
-679
-45
-1243
957
-2139
450
65
-742
1765
-718
-186
-347
-472
-490
-520
858
-227
417
-425
-744
77
-245
241
726
-620
407
-639
-805
717
-344
714
-200
1160
0
-570
63
-648
499
82
1093
-374
661
218
-1047
538
-796
958
45
-173
1282
-1173
211
1024
-1052
897
-16
387
-836
1033
954
-1538
3438
-1789
1051
815
116
633
-524
2425
-2008
2025
711
-854
1931
-315
-129
-99
254
-286
-116
382
-705
30
444
-1015
694
-118
-850
1152
-1743
1288
-917
-85
928
-1836
1734
-1878
913
42
-969
745
-1611
313
-879
-247
254
-495
951
-1571
598
-1223
-407
470
-1168
1371
-1756
987
-991
-84
52
-881
860
-1199
456
-983
-91
-326
-761
526
-1014
-269
184
-1016
-216
291
-229
168
463
96
-260
453
230
-203
477
583
-779
845
436
-282
222
-286
-305
577
153
214
540
-556
731
-259
755
-191
476
891
-1285
2294
-1010
-45
1475
-517
594
146
929
-1575
1671
-351
-545
1885
-969
1132
-499
-180
89
250
148
-122
379
870
-725
610
163
-1439
2609
-2365
905
984
-546
1045
-568
794
-1629
1529
-1092
-256
1892
-1637
1544
17
-657
542
-1046
56
60
-116
302
-570
234
-1344
-169
-41
-757
388
-632
-738
26
-854
-65
222
607
-690
726
-110
-1109
1728
-1604
1100
-338
41
339
-297
582
-705
773
-252
265
-562
703
-837
225
464
-1808
1958
-1026
-502
604
-1975
652
-842
-581
290
-807
142
-570
-27
-1263
-160
-510
-242
-125
-706
957
-1240
1043
-867
-164
-304
222
-42
-761
1119
-991
971
-826
601
-769
100
174
-474
-443
779
-852
-182
444
-1143
1124
-1748
1427
-1893
1237
287
-2284
2131
-2523
749
354
-1483
1894
-1137
54
-1029
-222
741
-1420
1520
-968
-31
1006
-985
193
31
1113
-665
756
962
-1311
1898
-479
565
133
988
887
-271
1231
-241
-228
1010
-13
-356
1818
-1719
1856
-1145
215
466
-1288
1756
-1201
1064
-1232
864
-516
-129
225
-1047
2073
-1537
665
-202
572
-645
747
717
-1940
2838
-1737
62
646
-169
-88
18
1002
-1387
1262
338
-471
733
-187
-403
524
529
-166
800
-378
702
45
-151
274
-204
29
105
356
-683
742
696
-1032
556
-437
-154
242
102
-511
137
944
-961
1036
-698
-4
622
-277
972
-176
270
427
-339
553
88
167
658
60
932
-620
338
163
-389
33
-77
202
-323
-75
86
-964
-247
914
-1174
1175
-1212
-597
302
-1332
207
-644
713
-930
647
-709
-1438
1708
-1984
467
626
-779
146
34
-8
-826
1419
-1090
357
831
-562
-212
1105
-97
-607
1914
-1399
-343
1531
-1846
748
1580
-1841
1625
421
-1227
846
241
-1206
1110
174
-1364
1385
338
-507
747
498
-504
-268
953
-1206
1442
580
-985
1618
-1478
1578
-331
-30
639
538
-159
331
1754
-1511
2419
-892
435
615
-321
1647
-1357
2429
-1375
287
625
-1010
1713
-1017
1100
-1003
-295
499
-770
-827
907
-1316
-106
1138
-2118
953
-429
-542
-261
249
-1181
613
154
-532
41
301
-851
-210
1193
-2005
1486
-317
-947
265
-209
-854
237
646
-1687
1356
-301
-1489
1120
-1911
127
-13
30
-351
194
270
-2041
1418
-2225
493
598
-427
-418
70
-657
-791
963
-1804
912
-1213
897
-1832
472
575
-2104
3115
-3065
896
-18
-1057
427
-1365
1415
-1744
1323
-493
-1435
1382
-260
-1172
1794
-1476
-428
860
-1440
1526
-1281
1989
-1823
1035
-316
-1579
2525
-2827
1878
-537
-599
890
-777
315
-76
416
-1259
419
7
-721
1734
-850
765
347
-599
855
-1143
1489
-844
847
259
-321
999
-990
1169
-696
559
-558
886
-380
209
702
-687
757
88
-766
923
243
94
675
-1138
1391
-1420
1432
125
-453
1563
-1017
197
73
-222
308
284
12
380
-913
1118
-499
-346
1240
-1571
1025
-427
-695
1251
-632
46
798
-407
190
-159
33
-74
108
475
-761
727
-165
120
430
554
-287
653
-399
-890
2074
-1903
2052
462
-1779
2420
-1153
802
91
-61
81
26
975
-890
1272
-194
748
-1102
442
-177
-132
1439
-1263
1555
-1855
1287
-771
251
1085
-961
1199
-737
883
-796
824
-769
753
-174
59
-141
32
299
-792
1156
-1517
1067
-6
75
-322
-18
-102
-897
1033
-936
441
3
-191
-391
16
-420
196
-160
154
-520
-77
174
-932
877
-1360
688
-567
-121
-82
-524
-47
-419
-118
-44
-1160
1333
-1184
-181
907
-2571
2065
-1624
925
-805
18
294
-1043
1148
-1215
433
400
-552
386
-71
-832
1078
-1339
829
-804
997
-636
-78
1052
-2245
2419
-1489
6
957
-1071
787
357
-241
463
35
180
-533
1110
-352
-258
1892
-1345
735
883
-81
-151
1590
-838
-289
1324
-1307
1067
126
751
-324
854
122
1
609
-795
903
-1389
1515
-337
625
17
-77
822
-1400
711
-375
-125
37
470
-1079
757
246
-446
-114
-130
-373
-417
223
-527
385
6
76
-533
377
-1121
1179
-1206
-614
1031
-1759
1202
-694
-475
826
-813
-210
24
-1072
407
-264
-1079
752
-90
-173
36
75
-208
-183
-49
-281
-562
695
42
-892
1333
-262
-429
547
-164
-635
1165
-939
-130
786
-663
781
-505
693
-113
-143
-42
-478
661
-371
275
336
-392
1185
-1290
726
-575
245
429
-1597
2721
-2975
1749
-428
-635
1544
-814
523
-1049
1321
-1603
652
-255
414
-141
146
457
-1423
1931
-1826
1056
-417
-58
60
-135
507
-1302
1697
-1640
694
-635
-557
544
-938
673
-1302
1094
-997
567
73
-724
1449
-1749
631
-443
-155
1074
-959
1537
-129
-328
1002
-263
351
271
525
-471
1457
105
-375
1858
-1210
1266
-507
-40
661
-430
987
-104
689
-325
855
-430
568
-162
217
699
-810
1673
-1215
342
1050
-2407
2663
-635
-258
1502
-1426
955
-1102
935
-1176
1976
-632
-210
838
-1929
2315
-2381
1361
-745
911
-768
-24
992
-2068
2437
-2189
1017
-1400
968
-972
-546
1446
-2787
2069
-1707
61
347
-1746
1156
-840
-877
878
-1019
-126
140
128
-1213
796
-591
-773
1715
-1426
857
-919
830
-1021
996
-4
-638
1832
-1563
410
263
-29
126
926
-852
1346
-491
140
309
71
809
-374
815
-1225
1727
-1619
1073
-105
-1045
1496
-1203
458
-420
899
-1149
167
816
-1382
804
816
-2058
1020
283
-1937
1627
-430
-787
813
-393
-378
363
-401
122
-581
346
-453
-30
694
-1049
424
-1835
1239
-845
3
258
-1270
1201
-1517
885
-950
609
-115
-911
176
-927
892
-1161
501
266
-825
789
-513
-313
959
-678
883
-475
-119
880
-1448
1548
-694
978
103
-233
746
-682
893
116
70
536
1282
-1168
1012
334
-693
1226
-519
368
63
961
-669
186
839
-1231
2049
-1316
538
125
-1189
1430
-1919
2003
-1807
592
886
-2006
1591
-1353
360
-628
814
-1448
454
588
-1382
880
-1148
533
-984
463
-494
-677
1068
-1386
308
-231
-738
109
-602
315
-983
112
-522
-729
892
-1260
731
-606
265
-19
-940
531
-398
363
-863
899
-925
271
354
-985
959
-382
492
-122
61
935
-933
772
288
-357
970
-340
573
287
-272
763
-112
203
568
-168
710
442
186
518
-548
1019
-16
-646
1428
-486
67
542
-286
-151
725
85
-297
486
-407
283
-649
534
-344
-230
400
-494
-10
21
11
-410
216
-418
397
-452
353
59
-77
43
-966
824
-862
443
37
-599
503
-500
667
-516
310
415
-775
558
-195
-296
241
262
429
-789
411
-549
-16
1246
-1373
1094
-677
324
403
-431
836
-303
900
-721
760
-515
794
131
284
343
-496
1184
-880
1037
-87
-65
255
445
-675
887
-87
-677
1501
-1365
807
42
-185
240
205
-156
-371
755
-428
-284
310
-177
-680
813
-846
-423
1013
-964
56
379
-832
39
-45
-47
-192
-263
525
-1459
644
467
-1886
1538
-905
-748
875
-842
-107
223
419
-956
566
-631
-274
762
-1010
722
-708
460
-95
-1011
1454
-1374
1159
-214
-920
1478
-1294
606
-194
-34
582
-191
212
-215
588
-487
907
-315
158
1208
-853
556
620
-476
296
175
38
-484
779
232
-578
769
476
-912
672
852
-1710
1975
-1145
336
-204
61
581
-1660
2268
-2390
1031
-168
-791
1083
-1475
1275
-1184
106
288
-760
-111
-293
236
-1217
484
-26
-1195
1172
-529
-898
568
-122
-937
86
262
-1127
470
-365
-539
-86
77
-531
-285
31
53
-688
916
-520
-356
1195
-1684
1646
-1104
534
472
-1192
1233
-415
318
317
-243
416
-95
324
111
-230
911
-188
69
-179
808
-343
440
492
-752
1686
-1176
1173
162
-401
1336
-917
1075
-468
749
-583
-32
1137
-1331
851
262
-447
519
-32
-417
424
-272
13
91
-292
621
-857
300
80
-433
295
-517
521
-832
121
160
-619
203
314
-449
-324
833
-1293
117
454
-1020
570
-151
-517
449
-643
161
-52
-474
575
-445
196
-172
-217
577
-616
429
350
-685
1015
-402
-21
480
3
-14
229
296
-425
761
-427
391
269
21
134
-80
471
-288
538
-186
273
259
16
236
-25
61
244
-387
245
277
-376
634
-481
509
-340
26
282
-452
559
-660
592
-831
840
-569
-274
864
-1590
1357
-1713
799
-256
-801
784
-1014
435
-752
240
-300
-725
389
-306
-991
1001
-498
-726
1031
-1067
160
-438
197
-659
-69
698
-1267
107
176
-921
543
-378
-8
82
-523
905
-1352
1008
-321
415
-229
98
547
-877
1180
-640
24
-28
635
-855
780
337
21
214
-105
220
145
882
-507
622
-611
1228
-576
217
635
-129
280
-683
1227
-1254
1323
-151
-447
914
-497
180
-53
513
-541
421
-318
442
98
171
-51
67
817
-1058
895
-223
-88
420
-309
-11
4
197
-210
-306
762
-1137
495
0
-671
382
-687
812
-728
855
-740
79
516
-678
608
-418
777
-615
523
-139
-267
814
-514
478
29
-121
-1
138
-53
447
-284
214
717
-1025
1057
-356
-95
505
-131
415
-566
989
-657
42
592
-178
-599
504
-149
-804
1123
-936
394
-318
503
-880
233
313
-926
689
-1139
724
-1061
658
-575
-483
478
-1266
356
-693
259
-447
-286
-221
-226
-340
-73
184
-1030
738
-556
-602
158
-33
-916
350
-71
-1148
636
-574
-247
-446
240
-251
-956
1400
-1117
-56
1146
-1254
705
458
-382
31
564
-305
313
181
-65
284
401
-160
48
309
-138
875
-410
404
321
89
622
-115
837
-314
496
683
-596
1121
-25
338
634
-147
324
56
337
344
-168
95
445
-267
253
62
-207
396
172
-210
46
776
-662
236
348
-675
670
-188
-153
-308
468
-537
-413
506
-587
101
-4
-352
-451
150
-251
-203
-555
749
-676
-663
1106
-1597
655
254
-669
24
-115
-23
-538
-223
1051
-1451
701
431
-1949
1770
-1194
234
247
-199
119
-432
404
-422
663
-668
958
-634
183
553
-1215
1165
-343
-42
147
-102
0
-67
-58
85
-221
311
-400
202
-28
-96
139
-578
948
-699
-157
17
199
-127
198
-394
-170
298
-597
220
-985
1204
-1037
16
-34
-851
744
-732
35
-344
218
-840
278
-290
-738
1077
-1373
462
2
-687
299
-574
501
-677
71
518
-1495
1231
-456
-1110
1360
-881
166
-284
596
-671
219
777
-1550
1446
-474
-82
587
27
-226
381
319
-750
1681
-777
115
1050
-662
352
429
141
-159
944
-95
-298
1220
-371
427
370
323
-60
377
745
-730
1383
-679
734
148
53
650
-201
559
-278
586
-518
1132
-811
1004
-283
-120
989
-1325
1480
-873
690
-119
-274
607
-1127
1244
-810
11
513
-634
281
-237
-216
-195
465
-622
183
-139
-271
407
-757
356
-102
-359
720
-981
283
369
-641
285
-405
336
-540
286
138
-806
444
274
-1039
403
568
-1549
1363
-514
-427
244
-171
222
-590
1032
-1113
822
-483
-6
646
-1065
1222
-963
809
-499
-159
610
-1156
1462
-829
-234
969
-1156
915
-774
-32
1258
-1593
1251
-21
-951
1174
-414
-326
664
-110
5
-443
495
-326
-445
1032
-743
164
211
-44
-893
1184
-653
-404
1233
-1638
1215
-646
178
197
-399
690
-963
575
-65
-279
546
-307
-285
440
-178
143
228
-139
486
-616
569
-380
-26
892
-698
748
-608
413
-28
-171
459
-451
571
-216
-203
93
152
248
21
62
-111
458
-414
647
-94
-92
1114
-1150
524
57
-53
-76
389
73
-649
857
-666
291
363
-523
444
-622
328
183
-843
804
15
-746
163
-148
-363
213
-60
-359
51
-480
353
-715
41
650
-1261
548
-541
-171
187
-629
623
-451
-226
56
-363
-106
13
129
-505
-187
162
-739
-6
-253
34
-464
-80
-123
-427
95
44
-115
-457
312
-212
-194
62
158
-254
15
256
-819
267
187
-210
76
50
-640
735
-621
-358
930
-1048
772
-273
-560
538
-135
32
66
-159
559
-469
303
155
-648
1177
-1069
483
-45
-657
1195
-909
461
-362
253
114
-494
877
-723
484
348
-403
-16
307
394
-809
847
-371
23
187
-2
57
-199
960
-908
184
484
-251
75
302
163
94
303
-334
540
-126
403
-59
-187
230
475
-101
-538
1492
-1192
609
342
-677
856
-385
845
-956
1046
131
-926
1681
-925
371
745
-421
398
279
155
-392
718
-176
-213
932
-540
-24
643
-377
259
384
-359
395
-20
193
-274
241
254
-328
230
-136
-4
-132
563
-605
183
366
-829
939
-348
-560
1066
-958
124
523
-1097
783
-186
-327
-17
-247
439
-1039
609
-270
-565
691
-722
202
-357
412
-765
180
217
-775
669
-833
650
-616
336
-273
-566
983
-1284
953
-553
-44
200
-762
453
-591
338
-53
-165
92
434
-999
591
148
-492
718
-379
-99
91
187
-572
809
-421
499
-433
-84
592
-794
1235
-892
602
-482
101
551
-1377
1917
-1225
22
970
-1461
1173
-480
471
-241
-361
1057
-1531
1202
14
-600
850
-355
-279
475
54
-184
489
-305
143
-552
802
-668
484
260
-754
621
-225
13
-364
1045
-1128
675
-125
-345
723
-630
1109
-1037
1025
11
-796
1542
-907
626
14
-66
317
-402
477
-312
176
108
10
-368
526
-268
-608
1144
-1190
876
-212
-460
895
-706
899
-644
121
738
-829
614
-190
-282
583
-629
146
-214
62
134
-888
714
-539
-506
717
-942
405
-217
-93
-199
-119
250
-242
-358
435
-47
-1015
1025
-942
183
-28
-305
132
-516
490
-822
405
-135
-379
269
-440
93
-277
-113
-171
-72
-84
-336
276
-362
155
-371
-51
197
-281
357
-563
533
-444
160
80
-495
733
-457
-210
508
-99
-432
505
-360
-211
341
-130
-174
347
-90
-16
-42
206
13
-244
618
-371
516
-136
-143
455
-759
644
-78
-207
646
-693
502
-36
-176
209
121
-82
84
266
-462
594
-334
196
199
-149
107
130
-111
133
242
-537
843
-561
271
294
-440
369
-322
-204
608
-302
173
187
-318
472
-561
767
-66
-438
958
-241
-367
951
-357
-27
719
-533
746
-205
55
425
-416
470
-119
-27
657
-594
599
84
-642
787
-821
431
-202
368
-313
-117
457
-615
454
-482
501
-425
218
-33
-223
526
-809
356
-26
-283
381
-294
-230
292
-601
34
268
-528
254
-157
-112
46
-374
246
-352
144
-216
199
-37
-287
647
-812
289
-256
-121
149
-396
494
-604
201
-13
-355
636
-770
362
119
-349
-582
2199
-2488
-422
4130
-4651
1706
1557
-1820
812
230
96
-456
-49
751
-640
285
99
-692
1672
-1388
215
1047
-1345
623
165
-185
308
41
-129
-375
434
-143
67
-589
143
819
-724
-160
656
-576
-103
660
-765
563
-289
-162
379
-371
-337
-204
680
-960
140
806
-466
-365
335
-343
-30
295
-21
447
-364
-56
257
-172
-220
-349
571
-188
-305
976
-787
199
423
-232
-389
294
695
-659
587
-4
48
-54
-207
363
-62
-3
305
163
-312
-136
408
-192
-150
604
-465
113
-20
-46
-44
-142
435
-810
236
94
-55
165
-252
14
-131
344
-284
422
-247
108
-276
-285
455
-921
387
-458
29
-115
-377
730
-561
179
-4
-257
107
360
-119
191
79
-322
556
-486
-322
259
227
-337
34
323
-276
69
-17
-527
324
149
-410
808
-759
493
138
-1032
839
78
271
-461
-461
531
-581
455
-358
-439
982
-492
182
131
-509
31
288
-38
485
553
-233
-167
-528
120
230
-408
272
100
117
288
385
235
-1227
-118
1158
-785
-410
1494
-252
-1370
709
-454
24
1162
-333
425
-222
-325
611
-349
634
-403
194
73
-502
696
-342
472
69
-51
-78
-44
324
-378
692
102
-19
760
-656
-9
324
-290
-77
-379
573
44
-414
1022
-621
-422
752
-387
-277
757
-414
-35
438
-77
197
-405
71
216
-362
-200
624
416
-79
-686
499
-336
82
494
-677
727
-899
52
431
-734
-7
-263
148
237
-414
331
-659
22
95
-634
1012
-805
3
324
-893
810
-729
89
72
-253
663
-734
902
-669
118
-206
-788
665
-302
487
-383
616
-513
-16
445
-916
42
-489
460
-229
524
356
-969
201
-296
-304
71
329
372
-70
-349
145
-45
-517
299
-145
154
66
-35
-287
116
419
-643
-47
-862
638
-419
-43
875
-1602
832
-256
-323
482
-280
86
-395
298
38
141
-156
666
-405
212
-55
-623
1094
-736
217
574
-544
55
177
-270
205
62
-306
465
47
197
232
308
350
15
-55
-309
617
-351
239
478
-530
345
88
136
-108
-146
29
-140
623
-410
-40
546
-420
-222
424
-523
237
684
-538
199
-215
-243
2
-22
-48
426
-551
9
231
-552
63
-265
3
23
46
70
63
-56
-531
-127
73
-160
510
-457
-13
-363
-256
273
-379
446
-421
53
379
-217
315
156
-22
129
-525
125
445
-363
171
-30
-588
362
-268
-172
304
-57
215
22
10
143
359
-534
376
-1
-408
721
-233
139
-106
-422
688
-193
3
545
-627
237
294
226
104
-267
58
-430
390
-386
331
-241
128
216
-606
1117
-596
181
213
-212
427
175
-15
186
111
-72
52
-57
-56
-78
180
-62
297
59
-226
268
414
-148
-68
504
-134
-1
710
-125
-9
249
-33
325
-390
263
-171
-4
509
-212
209
131
104
78
187
312
298
-302
270
-126
-197
485
309
-306
234
84
-510
658
-561
13
37
-181
273
-257
151
-175
-138
-5
165
-425
169
-67
-583
517
-464
-107
469
-475
-82
-458
-105
31
-338
294
-37
-121
-236
-410
-137
114
-380
-65
-94
47
-495
-144
500
-549
451
-32
-55
-108
-336
216
-604
270
224
-529
199
-161
-141
52
-306
-25
63
43
-79
145
191
-187
46
-39
-59
-26
91
38
-308
-69
-56
153
-77
-245
226
-486
18
10
123
208
23
56
-510
218
-59
-78
543
-282
-123
183
-503
-76
289
-129
-274
282
-224
-89
99
-140
119
-387
98
-4
13
290
-249
225
-223
124
116
-204
169
257
302
-228
257
-46
79
501
-351
-27
416
-320
139
486
-118
68
-15
-8
8
202
87
-56
362
148
-114
351
-24
127
9
-275
119
-16
76
41
63
142
-158
-60
113
-206
261
425
-310
426
178
-746
438
-312
-203
123
-138
181
-246
359
-561
-163
245
-552
286
-106
-33
127
-82
-70
-29
-140
-187
133
40
264
-14
-181
-126
-168
17
-63
113
256
-244
32
30
-395
101
-48
-283
392
-95
-219
458
-269
-100
-116
30
45
-133
382
-431
218
-74
-453
539
-251
-52
193
-34
88
-98
220
-260
88
71
-229
397
-88
36
-68
-134
-54
-19
160
66
-75
-31
-44
-245
119
-97
0
180
-241
204
-56
-75
170
-156
-51
278
110
-142
240
-3
-144
157
-72
1
323
-343
-66
178
-354
256
-142
46
113
-391
160
-147
138
84
23
282
-157
66
-32
18
219
25
122
30
83
100
31
133
84
160
-165
109
141
-343
445
-443
315
260
-543
579
-524
286
29
-91
156
-369
418
-207
127
149
-251
175
127
-312
242
58
-239
217
-283
135
89
-244
352
-310
-241
241
-195
52
74
42
-156
-90
58
-80
177
142
-274
-17
11
-387
317
-59
38
84
-383
171
-376
230
38
-169
139
-309
-55
75
-48
-18
244
-447
45
-73
-131
377
-289
183
-143
-138
171
-307
244
-43
-61
187
-292
282
-51
-312
163
-241
-69
200
-245
277
60
-242
28
-58
230
-375
334
150
-524
599
-668
192
209
-347
262
-265
393
-331
167
100
-297
467
-324
17
403
-317
254
7
12
54
-45
3
93
179
-406
431
-438
227
127
-314
443
-493
256
-171
86
176
1
295
-127
37
208
-172
311
-49
-4
285
-158
365
-401
393
129
-265
236
-285
78
218
-264
437
-210
-51
255
-541
615
-312
34
157
-140
159
-79
-34
240
-21
-154
232
-283
488
-242
61
293
-370
210
-20
-16
56
28
-14
115
34
-99
-157
110
-262
-23
216
-318
250
-119
-127
34
22
120
-201
106
-155
62
125
-148
200
-358
82
-40
-83
182
-181
97
-258
178
-232
-77
212
-369
207
-100
-20
93
-165
-65
-152
-39
-14
-150
26
92
-256
96
-67
-30
-5
-430
500
-376
277
-56
-180
400
-471
218
-268
297
-128
6
195
-259
256
-145
82
73
-93
25
-72
269
-142
-9
261
-333
251
21
-116
301
8
-172
136
-97
180
-35
-8
275
-402
610
-372
239
226
-279
388
-420
363
-184
139
204
-213
334
-263
65
190
-235
214
-18
-161
280
-67
86
144
-126
24
36
-194
186
-30
118
263
-222
151
-114
1
-88
-57
103
-31
131
34
-95
91
-55
-126
298
-260
40
84
-109
139
-140
119
-118
-24
39
-114
114
-121
-7
70
-238
131
-131
-112
122
-158
145
-219
31
-122
-79
38
2
-91
-207
106
-176
126
-117
-114
-43
-12
-217
-52
-2
-76
-65
-163
134
-235
183
-321
9
52
-303
182
-338
107
-200
-134
91
-172
7
-177
27
-178
-161
215
-307
18
89
-365
229
-155
26
124
-256
58
-133
138
0
-117
109
-142
172
-133
54
154
-286
237
-305
172
79
-17
204
-134
302
-366
204
137
-142
297
-151
157
43
23
127
-23
194
-140
2
164
29
-51
256
-5
-11
250
-256
450
-71
62
231
-196
494
-285
278
211
-161
308
-204
62
139
36
102
14
-34
147
22
42
-53
122
-33
70
170
-42
250
-99
65
116
-130
244
193
-45
195
-85
129
-89
79
100
-111
179
-206
143
21
-46
11
64
-53
-76
-53
-37
176
57
-132
82
9
-201
202
-196
194
-63
5
103
-229
288
-288
107
38
-174
108
-131
74
33
-234
110
-83
-186
166
-162
51
-78
-120
16
-85
65
-69
-97
29
-4
-48
103
-102
68
57
-192
165
-6
-12
107
-121
18
-26
-111
132
-180
112
-102
-153
168
-173
135
-99
28
67
-18
99
-88
57
20
-34
89
-95
134
-12
-31
147
-202
93
-82
31
120
-159
143
-28
-32
100
-61
82
22
84
1
-22
58
28
-8
5
95
-47
64
-51
10
118
-66
32
74
-65
97
-2
-19
141
-86
-12
71
-62
48
19
-24
-46
-11
-31
-34
136
-160
68
-118
23
96
-150
157
-242
181
-35
-86
193
-235
217
-126
-26
163
-256
163
-138
-76
23
-38
23
-111
36
-199
12
4
-58
44
-48
-25
-66
84
-161
44
49
-201
45
-21
-80
-21
57
-117
26
-22
-161
112
-194
75
-30
-111
51
-181
87
-122
14
-44
-126
72
-117
-7
-16
-80
-11
-48
-34
-73
-29
-61
8
12
-158
5
-75
12
-18
2
-6
-104
39
-78
29
14
-81
14
31
-63
-65
9
-36
0
33
-104
55
-44
-65
32
-50
20
14
-37
64
-21
8
54
-30
87
-103
-18
58
-50
202
-21
67
155
-142
84
-30
53
69
30
11
51
32
-38
72
10
66
-4
47
-12
58
51
-23
127
41
2
100
-66
112
14
12
142
-36
80
-44
72
35
-6
87
-26
29
-11
21
-72
103
21
-43
97
-100
90
-12
-14
72
-132
13
15
0
134
17
40
-34
-5
48
8
49
75
13
-52
28
-54
103
-33
-29
92
-103
66
-64
27
-2
-25
-32
-1
76
-42
25
-75
36
-50
44
98
-33
74
-52
10
74
-23
65
-15
75
-46
-41
98
-73
77
-74
-11
21
-74
78
-65
63
-18
-50
44
-19
30
-12
-17
31
27
-22
28
-32
32
-15
8
61
-82
102
-92
41
20
-103
107
-96
38
-20
-63
18
-10
-16
39
5
-26
46
-6
2
-9
-6
-3
1
105
3
22
29
-69
68
-58
43
32
-38
111
-37
71
-7
-25
59
-56
36
23
-36
19
-26
-25
45
-16
33
7
-51
-2
-57
18
52
32
43
-10
-10
-4
-46
5
-22
3
-2
24
4
-48
-26
-51
0
-41
-13
-25
0
-1
-47
-19
