SAMPLES:	10623
BITSPERSAMPLE:	16
CHANNELS:	1
SAMPLERATE:	16000
NORMALIZED:	FALSE
14
-6
11
10
20
19
2
7
-9
6
-11
10
-11
-2
-17
-10
4
7
21
20
13
-10
0
-16
11
5
10
-2
-6
4
6
12
5
-1
-18
-14
1
3
4
5
-5
1
-19
-14
-20
-16
-13
12
3
11
10
-10
-6
-20
-10
-21
-12
-7
4
2
-8
-5
-14
-5
8
0
12
-11
-17
-14
-10
3
-1
-8
-24
-20
-30
-6
-19
-4
-10
-14
-1
11
20
6
27
-17
20
-18
22
43
14
58
6
17
-23
12
-15
40
32
25
47
-10
39
-23
11
0
11
1
0
-28
14
-2
-2
0
-37
26
-32
19
17
12
5
-7
-14
29
-40
28
-43
-31
-39
-20
12
-46
37
-64
26
-59
30
-31
15
-26
-2
-4
-36
66
-45
89
-55
29
-58
23
-7
20
38
-19
29
-39
16
-15
28
-33
73
-37
44
31
-2
47
-26
-13
-5
-8
-16
24
-36
-5
13
-1
16
25
-30
31
-4
10
30
8
11
59
-8
17
37
-30
39
1
-3
42
-31
47
24
26
7
16
-1
1
22
-26
6
-13
-4
-42
15
-60
-9
7
-72
17
-59
-72
78
-102
33
18
-131
87
-62
-12
75
-104
54
16
-55
57
-42
-23
13
-13
-54
39
-95
31
9
-21
47
-85
37
-89
90
-68
37
17
-57
21
23
-24
34
27
-122
194
-161
99
45
-124
92
-43
-105
131
-74
-62
156
-216
136
-25
-95
140
-121
-5
79
-117
63
36
-72
120
-93
22
-25
-19
3
27
-7
41
-4
-16
42
-72
57
-105
99
-83
39
10
25
0
-1
-4
-6
-3
8
40
-22
33
22
25
-1
91
-19
39
71
-35
73
-31
-22
90
-72
69
16
-88
60
-33
22
23
-53
3
4
20
10
23
-68
41
-21
-27
102
-122
69
-38
51
19
-23
65
-128
158
-151
170
-92
-6
60
-78
21
-62
57
-137
154
-177
152
-70
-93
131
-99
-60
199
-161
147
-20
-72
131
-57
-11
100
-18
-129
189
-299
257
-146
-26
45
-99
-15
1
-14
-100
145
-233
236
-162
-5
129
-82
46
-51
120
-208
286
-344
295
-137
-1
165
-139
167
-84
64
-88
186
-253
236
-136
26
-86
71
-104
-87
81
-178
157
-185
102
-214
211
-270
219
-228
62
224
-337
352
-239
72
-113
194
-153
93
-87
-3
252
-404
309
-77
-227
330
-323
166
-56
-59
39
41
-87
66
-26
-134
262
-370
264
-193
16
10
91
-77
-2
92
-147
162
-175
139
-108
-35
147
-22
-21
24
-39
56
-30
136
-91
112
44
-19
158
-225
176
-253
337
-270
177
2
-47
131
-149
159
-185
298
-352
354
-348
215
70
-240
360
-348
117
63
-16
-76
69
10
-37
142
-127
65
64
-236
413
-207
35
-34
4
-36
37
93
-333
394
-526
430
-137
-124
205
-197
233
-237
230
-246
267
-186
-17
330
-579
599
-335
183
-54
-55
195
-256
255
-252
303
-400
399
-182
23
38
59
-12
111
-73
2
179
-279
481
-394
191
98
-121
-29
252
-403
410
-211
-165
547
-717
570
-195
-150
124
-107
117
-160
205
-294
275
-334
281
-88
-167
225
-211
227
-195
175
-99
-36
173
-203
150
-6
-105
129
-35
73
-79
118
-306
480
-328
118
370
-651
686
-437
184
-17
-13
120
123
-318
413
-162
-119
529
-640
493
-220
149
28
-108
99
11
-93
169
-158
33
8
-150
199
-359
320
-184
48
-73
96
-346
405
-302
29
195
-468
610
-765
560
-232
-81
97
-22
-27
-52
49
-18
4
-146
261
-175
-206
243
-152
-203
263
-259
310
-476
452
-155
-203
191
-23
-179
-108
380
-494
230
-26
6
-132
63
150
-306
59
216
-260
46
129
-124
23
23
-165
173
-223
64
-52
12
-138
170
-55
-79
470
-630
792
-718
544
-201
37
190
-271
379
-595
878
-1176
1040
-647
217
442
-677
684
-596
501
-570
621
-508
270
88
-296
602
-916
948
-586
238
99
-206
227
-133
266
-350
370
-444
570
-314
22
177
-170
28
120
-31
-107
197
-84
140
-124
83
107
-318
404
-396
234
60
-290
498
-651
573
-207
-207
290
-48
-437
726
-545
110
443
-635
533
-129
-144
155
258
-573
896
-1002
573
214
-619
470
25
-309
175
358
-918
1103
-889
349
207
-505
216
196
-392
183
65
-312
338
-199
164
-227
372
-344
199
39
-291
104
118
-233
85
269
-374
213
-255
84
-163
-242
270
-277
-123
284
-471
198
-73
-61
-138
119
-153
88
-67
-74
1
-178
144
-173
59
-46
-3
72
6
-320
644
-666
365
90
-172
330
-351
376
-210
-75
162
28
-11
65
-57
90
63
-485
947
-893
622
-318
221
-147
302
32
-213
716
-768
991
-1060
1094
-849
523
67
-158
386
-814
1124
-1177
872
-240
-137
359
-325
228
-263
251
-448
530
-632
274
296
-880
830
-258
-222
434
-392
107
188
-319
-65
201
-346
189
97
-376
620
-475
-21
458
-465
379
-209
147
70
-434
586
-399
-67
420
-527
298
-71
125
-338
359
-242
376
-348
137
396
-1198
1360
-713
160
-96
383
-426
401
-43
-377
448
-612
905
-903
381
-118
211
-265
320
-68
-332
720
-784
817
-667
281
-184
158
-112
-101
122
-224
280
-421
800
-891
569
-401
357
-135
-72
706
-1281
1002
-546
-52
-187
411
-428
59
489
-722
344
-307
651
-491
-85
695
-810
315
52
-39
-561
573
235
-921
1077
-732
413
-473
295
435
-1343
1295
-569
-53
207
315
-536
276
77
-399
698
-1009
1247
-884
91
604
-958
599
-386
551
-547
294
99
54
-357
125
192
-619
1034
-1089
1193
-982
253
219
107
-211
-152
1253
-1602
984
-411
568
-660
22
1119
-1316
547
105
-32
-466
1033
-531
-188
736
-740
787
-858
945
-544
26
614
-595
235
172
-239
25
511
-875
1236
-1029
635
-142
-244
564
-809
774
-631
815
-553
74
309
-163
-37
-49
472
-649
318
125
-392
2
159
66
-247
473
-283
316
-198
6
217
-761
915
-599
-404
1243
-1276
802
-279
-105
175
-416
468
-310
383
-667
1185
-1755
1671
-1154
43
851
-1365
1227
-889
598
-694
603
-1142
1103
-852
-36
640
-1314
1822
-1680
1147
-665
301
45
-465
359
-259
334
-972
1255
-1310
550
260
-645
449
-558
643
-801
862
-843
932
-988
437
753
-1562
1623
-1121
423
-165
403
-776
912
-973
764
-224
-862
1290
-1128
541
159
-264
-67
128
-285
502
-789
600
-210
27
-77
296
-41
-121
384
-743
1125
-903
681
-333
236
-97
-496
1309
-1194
604
-266
295
-330
190
-275
261
32
-685
1248
-1492
912
342
-1159
1282
-485
-11
373
258
-468
699
-866
354
166
-436
492
-188
51
-175
670
-804
561
277
-909
1194
-925
400
263
-489
-43
291
-316
22
1050
-1526
1500
-1299
1141
-346
-334
255
-388
639
-682
928
-877
866
-364
-153
421
-427
301
-486
1040
-1050
414
364
-513
293
129
-206
-60
143
-457
196
95
-244
223
-756
609
231
-989
1136
-833
95
583
-449
-211
736
-973
711
-453
-321
765
-735
627
-193
-92
316
-822
676
-129
-169
-33
119
51
-807
906
-506
277
-370
445
-457
267
-582
435
40
-784
1363
-724
460
-287
291
-103
263
-252
196
-124
-38
843
-1447
1295
-690
-279
972
-572
276
-265
-156
198
129
-819
1233
-1359
525
513
-1327
1662
-1172
273
538
-840
746
-158
-623
797
-287
-61
355
-141
100
46
-264
446
-337
-393
766
-855
846
-630
611
-680
540
44
6
141
-445
784
-915
1036
-945
454
245
-754
272
311
-580
620
-182
-166
459
-523
457
-35
-733
992
-745
-98
857
-1072
618
-119
-316
1167
-1183
500
-24
-28
26
-361
189
-228
291
-650
1165
-1622
1193
-876
491
565
-1408
1872
-1324
1382
-1151
1159
-1122
734
-771
464
-16
-1462
2297
-2579
1993
-766
-579
1892
-1106
-684
1419
-1525
455
1428
-2620
2238
-785
-1013
2480
-2544
1060
382
-1248
1567
-263
-1496
2340
-1884
66
1485
-1855
1081
-57
-1062
997
-767
-433
881
-1155
110
830
-940
118
936
-1210
434
118
-329
443
-618
635
-701
833
-986
644
37
-427
774
-501
568
-534
1046
-1388
803
-673
-140
901
-1437
1224
-866
-266
503
-313
38
403
31
-97
520
-59
19
-11
-475
553
393
-654
453
-77
-537
850
-596
-173
929
-1348
1198
-668
379
308
-208
97
-469
1242
-1198
998
-1008
1149
-625
-35
447
-357
354
-160
256
-829
766
-1252
627
178
32
-204
84
203
472
-129
183
-51
-144
772
-259
234
-133
-267
-365
204
286
-614
290
-171
634
-219
122
661
-1149
345
546
-165
262
-453
-295
343
201
-683
763
-881
626
245
-295
1165
-1346
989
-20
218
-709
734
-719
762
-596
-197
518
-1105
962
-394
-612
49
348
-541
889
-1257
755
-263
-375
343
-745
290
-277
-51
71
744
-1384
1771
-641
-680
1517
-1716
1447
-1044
346
112
-792
218
216
321
-618
1071
-1417
1369
-664
-318
578
-551
313
-220
303
-754
199
-597
909
-449
-98
1227
-1211
518
190
-928
501
-448
123
17
-140
-70
578
-529
399
-140
37
138
-65
79
199
-461
74
450
-1404
1126
-907
301
-169
82
331
-678
595
-315
436
-74
331
-172
203
605
-324
-765
743
-574
365
-218
-175
-150
-47
162
3
530
-586
1275
-1441
1446
-432
-171
673
-959
1297
-956
855
-941
83
-52
531
250
-479
1059
-1762
1187
-579
442
278
646
-133
-172
656
-1144
554
-1002
1201
-690
-272
840
-1131
1270
-618
-115
923
811
-507
395
-682
10
-56
-954
2011
-2338
972
579
-1040
707
86
-364
684
-381
240
549
-655
321
-360
600
-419
-244
77
147
-210
358
236
108
675
-1196
1061
-291
-331
218
-415
-31
-18
191
-942
521
-597
457
-255
620
-678
173
377
-1091
913
747
-752
345
-1
-169
-174
-460
1189
-1408
1248
460
-296
582
-526
-70
34
-384
-412
748
-1737
1129
-536
416
-5
-528
475
-616
260
-899
1180
-1149
407
-1236
19
-55
-46
-182
1216
686
156
1386
-1030
67
552
-910
748
360
-1460
942
-742
497
-132
-219
-300
279
-841
575
-528
-53
1523
-1356
933
-792
707
-381
-266
-175
-615
616
-427
1355
-854
395
-409
-399
553
-43
-426
451
233
-259
759
-1054
106
-381
-398
222
293
422
338
239
-497
19
-317
-237
-73
-454
-339
1454
233
-122
767
-754
538
-694
-194
36
-845
313
771
275
524
-538
-303
547
-615
1001
-100
646
-506
703
-297
-751
-768
514
605
-1076
1490
-452
1453
-169
-132
-715
-194
-693
109
-508
-585
4
-378
568
-621
-9
-548
-395
-527
170
1049
-131
-63
-15
51
-675
-503
479
374
-813
-93
457
-31
270
-147
-802
241
377
-237
-177
-1108
468
-514
4
778
-625
307
309
-156
-189
-148
89
1043
-184
317
376
-748
918
-1113
35
222
-1026
1214
-90
209
822
-622
-82
-142
-112
172
-424
695
91
344
354
-266
-300
-746
453
285
-77
-220
1848
-977
97
309
-1067
522
-613
572
79
-475
1126
-107
-490
1399
417
-348
971
-1291
44
327
-1003
492
-66
-254
1062
-500
182
203
-1402
1700
-445
-490
399
-719
-332
-287
-126
-474
-845
1008
1232
-729
342
668
-540
-340
-206
356
716
-381
475
474
-592
-210
-1140
395
136
-169
247
-615
-259
251
-812
-542
1251
-1395
1803
325
274
828
-141
964
-612
-214
269
656
-729
1089
-1580
446
-1047
-32
1134
-1133
1417
-697
215
494
-296
227
892
-1280
265
849
-680
405
-244
665
-305
-250
865
-381
-166
-705
-304
236
-358
-192
507
-786
468
216
-430
435
-233
720
-381
-308
-558
328
684
-45
364
19
-114
384
139
82
481
-588
1101
-19
-395
293
-488
-255
-696
101
6
-824
363
821
-1109
-143
-124
-266
-287
-691
-733
-195
66
127
-35
-396
524
8
474
645
-507
-447
484
428
217
-428
-711
-312
280
-140
695
677
-745
-138
-841
-449
-374
216
-607
-855
185
268
-322
-724
-360
-699
6
402
589
-286
41
297
-139
471
-3
407
1532
214
-257
-47
422
547
-219
-450
44
-180
787
638
-761
-312
-280
-239
798
256
273
25
-446
735
-158
-99
164
-613
-182
525
19
950
142
-357
684
-714
521
393
323
712
44
97
-393
-143
304
287
-450
270
-437
-8
-374
345
-17
-806
-12
231
690
-234
779
-1439
-209
-277
-406
621
-834
118
-308
609
210
-101
-1167
4
-905
-691
-217
-898
579
-1263
-143
-448
-1096
-246
187
-486
-365
-116
-60
943
-31
533
88
153
1110
953
1175
84
-334
258
404
968
1188
223
268
44
-274
277
-186
136
388
231
282
163
-183
641
163
81
401
125
799
698
502
280
402
491
417
34
644
279
333
536
30
-107
-45
-155
-942
-86
85
-40
-450
-747
-553
-1097
-521
-82
-831
-845
-335
-1071
-811
-153
-425
-243
-243
-265
-337
-720
-474
-418
-47
394
459
508
83
-603
-929
-487
-934
130
945
55
-572
-888
-1053
-1262
-385
-332
-444
-897
-225
-7
-356
445
-252
211
169
552
699
270
541
63
613
1460
1758
1369
1445
466
-26
1235
1255
1853
2294
2055
2124
1220
747
937
614
1698
2353
1946
2154
1592
1324
1056
280
596
749
783
1795
1171
1048
309
-1666
-1107
-1590
-1374
-522
-1149
-1710
-2190
-2963
-3509
-3898
-3993
-4024
-3940
-3544
-3944
-3900
-4219
-4970
-4929
-4553
-3765
-2803
-2779
-2360
-2406
-3044
-2471
-2571
-2024
-1146
-368
317
331
423
436
997
1177
1153
1547
1855
2169
2506
2354
2417
2519
2444
3035
3228
3590
3494
3524
3837
3626
3783
4411
4489
4641
4939
4652
4889
5040
5574
5802
5779
5817
6590
6979
7579
9192
5560
1353
-1541
-4199
-1068
1399
1288
1567
-294
-3767
-6481
-9233
-9361
-7380
-6133
-4504
-5313
-6479
-7129
-10175
-11989
-11713
-11159
-7553
-4022
-3359
-3442
-5931
-7915
-7173
-5576
-3146
-914
255
902
613
-688
-1001
-1544
-868
627
1420
2427
2509
1904
905
54
-388
112
1333
2931
4037
3960
2316
1751
1907
2794
4945
5771
6586
6959
6708
6204
6726
7176
8061
9427
9042
10255
9347
9733
10123
10130
10773
12290
8734
1968
-438
-4506
-600
2106
667
266
-867
-4843
-8426
-12139
-13063
-9217
-7421
-5439
-6275
-7003
-8023
-10626
-12434
-11481
-10108
-6960
-3091
-2402
-2521
-4973
-7051
-6084
-4050
-2221
98
847
1030
1105
-971
-1232
-1215
-1064
-72
589
213
-434
-1727
-3438
-3545
-3834
-3011
-929
1094
2721
2423
-366
-1854
-1776
538
4864
7646
8846
8467
6657
5537
5695
6286
8303
11086
12772
13466
12938
11052
9681
8902
8998
10484
12481
15044
12659
5012
-1066
-6338
-5912
-1167
73
638
439
-4635
-10514
-15250
-16861
-12894
-8800
-6642
-5786
-6431
-7693
-10263
-12902
-12459
-10014
-6433
-1923
477
-467
-3104
-6537
-7210
-4881
-2133
639
2398
2289
833
-1583
-3541
-3209
-1767
-647
57
-274
-1557
-3340
-5083
-6183
-6158
-4828
-2850
-292
1011
428
-1751
-3469
-2635
-169
4214
8217
10014
9261
7859
6274
5944
7845
10086
13389
15676
16010
14155
12327
11277
10925
11803
12261
13986
15887
13098
4592
-2992
-7355
-5210
-191
824
773
-1004
-6121
-12795
-17832
-18030
-12650
-7553
-5461
-6083
-8347
-10320
-12890
-13867
-11136
-6951
-2897
239
838
-1315
-4613
-7291
-6825
-3023
688
2694
3138
1337
-1391
-4108
-5024
-3323
-1108
152
259
-1720
-4142
-6522
-8067
-7544
-6253
-4377
-2767
-1609
-961
-1554
-3570
-4491
-2957
558
5948
9365
10598
9455
7267
6039
6164
9359
12571
15840
16957
16742
13984
13042
11781
11401
13195
13785
15856
16214
11930
2536
-4091
-7412
-4064
1346
2304
1230
-1972
-7939
-15143
-19475
-17991
-10748
-4952
-3195
-5732
-9469
-12498
-14736
-13757
-9440
-3707
743
2386
614
-2950
-7276
-8089
-4721
400
4433
5211
3279
54
-3234
-5552
-4510
-1368
1842
2795
925
-2860
-6643
-9291
-9258
-6787
-4256
-2080
-1919
-2411
-3963
-5226
-6239
-5464
-1161
2719
7048
8638
7758
5869
5146
4973
8135
11397
13285
16071
15501
14552
13150
11667
11593
13700
14630
15427
15807
14551
8616
737
-4905
-5997
-1054
3401
3068
501
-3687
-10917
-16905
-19307
-15625
-7685
-3090
-3683
-7482
-12024
-15488
-16213
-13090
-6617
-580
2707
2341
-902
-5246
-8655
-7552
-2502
3497
6671
6426
2714
-1713
-5163
-5923
-2868
1597
4458
3354
-253
-4777
-8436
-9867
-8190
-5243
-2690
-1727
-2863
-4753
-6198
-7237
-6740
-4256
-499
3466
5892
7103
5335
3830
3558
5034
8977
11829
14025
14837
13678
12256
11676
11102
13221
14550
14696
16000
14870
14369
10531
2450
-3400
-4318
-1394
4368
4911
1331
-2482
-9234
-15593
-18487
-15970
-8378
-2011
-2574
-7002
-13018
-16471
-16472
-13374
-6450
-410
2157
1303
-2423
-6599
-9022
-7793
-2140
3977
6779
5650
1292
-2899
-5272
-5223
-1885
2790
5187
3757
-522
-5074
-8363
-8988
-6777
-3577
-1312
-1364
-3770
-6532
-7954
-8156
-6353
-3573
-222
2371
3503
3844
2814
1938
2570
4704
7860
10068
11118
11548
11015
10368
10259
10233
11552
12870
12918
12717
12897
12637
11894
7780
1297
-2024
-2134
1408
4305
3550
614
-3302
-8855
-13363
-14206
-10898
-4290
-1394
-3286
-7837
-12466
-14287
-13055
-8697
-2819
857
1157
-880
-4429
-6897
-6953
-3959
1288
4901
4732
2073
-1664
-3981
-4452
-2640
777
3502
3783
967
-2708
-5602
-6716
-5783
-3416
-1503
-1046
-2557
-5211
-6843
-7302
-6533
-4244
-1622
244
1456
1633
1310
1061
1010
2492
4965
7368
8512
8869
8311
7634
7314
7376
8697
10360
11313
11158
10139
9318
8878
9428
10093
6486
1943
-804
-1403
1727
3677
2061
655
-2053
-6674
-9784
-11069
-7701
-2684
-1330
-2818
-6405
-9779
-10908
-9798
-6204
-1731
76
-163
-2171
-4522
-5670
-5513
-2595
869
2329
1612
-368
-2672
-3513
-2698
-738
1826
2649
1236
-1405
-3362
-4091
-3918
-2800
-1461
-1016
-2052
-3800
-5479
-5713
-4629
-3540
-2008
-728
-282
-157
269
603
920
1654
2224
3840
5597
6033
6439
6054
5416
5832
6522
7170
8289
8743
8182
7922
7191
6975
7628
8908
7796
4465
1217
-851
147
2193
2669
2318
1332
-1939
-5554
-8434
-7984
-4606
-1585
-741
-2320
-5528
-8337
-9525
-8425
-4945
-2024
-647
-1178
-3479
-5861
-7503
-6495
-3159
-93
1228
558
-1682
-3577
-4159
-3280
-615
1451
1936
791
-1278
-2766
-3477
-3364
-1726
-453
-490
-1381
-3016
-3686
-3266
-2534
-1498
-439
9
258
162
147
542
835
1852
3023
4022
4484
4537
4480
4623
4569
5086
5500
6699
7402
7264
7356
6407
6094
5712
6698
7502
9012
6345
3436
1018
-347
1408
2347
3329
3053
1952
-2146
-5005
-7080
-5581
-2202
-153
280
-2106
-5791
-9047
-9921
-8106
-4038
-1567
-982
-2871
-6242
-9005
-9749
-7669
-3822
-580
-71
-1529
-4441
-6106
-5970
-3990
-921
1260
1661
162
-2135
-3993
-4309
-3198
-1125
287
395
-678
-2096
-2819
-2794
-2189
-956
409
1171
1619
1404
1362
1096
1259
1601
2810
4097
5289
5672
5144
4942
4449
4681
4936
6204
7168
8194
7945
6890
5800
5074
5444
6449
8150
8548
9333
7961
3859
1242
-373
970
4064
5382
4716
3494
70
-3190
-5138
-5596
-2254
129
605
-1030
-4515
-7655
-8946
-9221
-6885
-4293
-3635
-3845
-6161
-8244
-9282
-9317
-7358
-4931
-3948
-4241
-5461
-6825
-6351
-5073
-3109
-1078
-617
-1493
-2871
-3576
-3165
-1776
-401
393
-46
-1029
-1816
-2003
-1176
-15
389
75
-464
-690
61
1445
2548
3171
2928
1754
1211
1568
2557
4407
5230
5007
4504
3238
2746
3244
3919
5265
6167
5978
5199
4063
3062
2717
3614
5065
6062
5942
5152
3694
2845
2990
3954
4558
3850
2781
1016
335
380
1059
1648
2052
933
-742
-2625
-3511
-2566
-1365
-351
-689
-2281
-4541
-6085
-6498
-5146
-3561
-2551
-2857
-4302
-5803
-6814
-6521
-5047
-3543
-2575
-2388
-3514
-4610
-4893
-4360
-2528
-1148
-547
-533
-1542
-2607
-2765
-2261
-879
569
613
227
-845
-1758
-1810
-1242
-161
1017
1248
916
472
-21
52
633
1447
2091
2462
2236
2106
2098
1730
1496
1938
2140
2280
2822
2871
2962
2920
2426
2047
2045
2486
2894
3125
2953
2279
1547
1169
1151
1578
2052
1983
1606
973
279
-152
140
603
925
778
443
-28
-624
-964
-997
-564
-167
-15
-198
-476
-888
-1260
-1489
-1432
-1107
-657
-388
-496
-754
-1096
-1486
-1660
-1617
-1494
-1074
-770
-538
-559
-889
-1303
-1570
-1516
-1215
-603
-254
-263
-706
-1134
-1447
-1596
-1352
-973
-340
-97
-514
-956
-1352
-1289
-825
-483
-238
-54
-206
-295
-438
-669
-572
-297
152
430
479
485
442
330
339
465
790
1097
1228
1175
799
312
64
56
304
765
875
627
292
-173
-503
-630
-527
-290
34
198
42
-185
-475
-551
-384
-62
214
407
477
403
191
149
319
535
770
896
850
782
807
754
851
989
1015
921
950
929
775
650
562
617
756
777
575
588
437
351
449
609
768
1013
953
904
883
584
581
655
762
798
865
834
779
555
304
191
217
295
241
277
274
52
-287
-578
-738
-661
-617
-605
-590
-802
-1149
-1335
-1339
-1139
-951
-897
-974
-1076
-1266
-1417
-1292
-1091
-962
-924
-974
-1032
-1078
-1144
-1066
-847
-684
-624
-548
-522
-435
-413
-409
-309
-187
-79
-124
-180
-251
-444
-418
-321
-288
-251
-372
-506
-444
-410
-494
-483
-539
-543
-493
-452
-355
-210
-99
-34
108
142
132
147
179
279
425
557
604
630
624
593
622
612
737
920
1004
997
861
754
688
782
914
1038
1176
1231
1216
1141
1037
971
1034
1104
1227
1277
1213
1188
1130
1021
997
994
1051
1151
1076
981
885
698
614
567
521
530
485
376
305
93
-122
-263
-376
-404
-479
-623
-821
-1011
-1187
-1226
-1248
-1271
-1316
-1352
-1419
-1552
-1606
-1689
-1683
-1589
-1586
-1545
-1500
-1511
-1504
-1544
-1622
-1608
-1522
-1339
-1131
-1002
-1006
-1150
-1274
-1260
-1044
-806
-503
-396
-435
-559
-663
-524
-322
-16
146
239
233
261
330
391
493
563
695
881
1081
1144
1064
1015
985
1088
1291
1349
1405
1330
1202
1066
1071
1137
1276
1417
1362
1335
1208
1114
1127
1182
1262
1308
1258
1141
1001
795
626
520
520
621
707
633
407
106
-181
-246
-183
-92
42
30
-142
-305
-556
-661
-653
-605
-525
-581
-778
-948
-1090
-1208
-1147
-1121
-1136
-1149
-1198
-1146
-1102
-1109
-1088
-1063
-1025
-975
-965
-945
-849
-755
-652
-517
-424
-361
-334
-311
-234
-91
67
129
168
112
107
224
287
425
555
527
504
493
437
530
618
653
700
668
601
576
574
641
729
835
873
714
559
418
393
455
522
554
549
516
402
271
145
66
133
195
200
137
40
-54
-157
-227
-327
-342
-312
-301
-301
-415
-633
-776
-803
-785
-667
-605
-591
-573
-631
-673
-658
-608
-502
-363
-287
-263
-286
-310
-255
-118
1
128
234
286
354
357
359
374
404
419
481
519
491
452
357
336
352
339
374
405
417
441
415
379
376
348
335
392
337
265
199
151
97
10
-57
-50
19
12
-1
-81
-127
-185
-271
-302
-305
-305
-293
-309
-375
-426
-535
-686
-754
-776
-731
-650
-683
-767
-888
-1030
-1083
-1013
-944
-837
-729
-787
-818
-846
-875
-778
-669
-569
-487
-421
-437
-464
-428
-325
-140
17
89
147
219
271
306
361
483
664
780
797
782
739
753
820
886
954
983
958
927
896
924
991
967
991
1038
1024
1006
924
874
845
865
863
842
819
784
749
714
660
554
502
420
391
363
319
277
211
140
13
-101
-202
-225
-250
-315
-343
-391
-484
-582
-688
-733
-735
-740
-755
-773
-762
-762
-818
-861
-855
-842
-834
-844
-872
-938
-945
-928
-865
-806
-816
-780
-735
-701
-709
-762
-739
-572
-413
-307
-193
-165
-142
-125
-120
-59
3
91
169
212
242
251
265
319
395
434
497
562
596
623
563
569
666
719
745
725
708
685
643
613
641
720
725
654
502
337
343
425
517
574
515
396
287
192
111
107
114
138
156
72
-58
-167
-216
-232
-227
-269
-312
-393
-463
-469
-503
-508
-538
-584
-601
-550
-504
-501
-542
-605
-645
-633
-581
-540
-414
-365
-359
-337
-354
-336
-325
-291
-174
-22
39
55
57
81
166
228
256
287
319
306
272
214
206
275
345
387
385
375
361
371
391
390
334
311
329
378
448
429
364
308
266
228
223
248
271
295
248
176
159
166
191
194
194
202
162
51
-31
-102
-166
-185
-224
-285
-357
-415
-445
-481
-511
-553
-568
-542
-549
-628
-700
-712
-652
-586
-599
-619
-610
-583
-487
-361
-328
-308
-336
-350
-259
-202
-124
22
136
157
71
4
20
195
367
487
524
466
393
332
362
432
524
554
509
409
320
305
326
422
532
572
571
497
424
359
347
458
570
611
572
489
388
317
276
283
340
386
390
296
139
22
-67
-82
-72
-107
-170
-289
-356
-375
-362
-342
-406
-490
-548
-600
-664
-765
-870
-864
-810
-838
-863
-867
-878
-794
-737
-688
-593
-542
-521
-565
-584
-491
-320
-158
-84
-100
-155
-243
-253
-198
-75
78
96
-41
-206
-157
174
571
818
863
632
330
4
-169
-111
237
691
1025
1097
804
541
343
341
551
807
1000
1023
911
732
506
430
440
552
722
788
727
571
486
399
387
302
212
55
-208
-242
-119
120
378
504
362
99
-373
-762
-1218
-1113
-564
37
607
664
368
-271
-993
-1521
-1586
-1159
-373
363
809
717
248
-422
-992
-1240
-1116
-644
-93
295
450
288
41
-294
-615
-769
-678
-327
31
304
373
361
209
-69
-346
-448
-413
-245
-44
115
256
209
147
55
11
-34
-97
-164
-216
-184
-376
-410
-393
-277
-151
125
304
435
490
399
269
99
-35
-208
-247
-165
21
164
164
78
-94
-215
-346
-334
-261
-125
150
344
415
307
124
7
-183
-265
-567
-709
-504
-246
252
590
782
772
441
65
-335
-503
-323
-33
462
755
883
727
378
54
-203
-108
112
458
756
830
780
464
39
-417
-678
-657
-473
-4
460
783
928
816
415
1
-400
-513
-414
-176
198
340
446
321
33
-306
-608
-721
-645
-429
-198
1
132
118
-45
-278
-476
-609
-596
-488
-248
-33
218
300
195
24
-222
-393
-424
-386
-196
56
228
319
185
-4
-82
-248
-249
-250
-183
58
174
362
326
183
5
-125
-339
-314
-259
-115
203
435
532
637
488
292
278
253
371
509
649
631
731
466
427
496
311
483
247
-47
-157
-376
-199
152
603
1036
1016
795
254
-316
-613
-889
-523
-106
306
628
543
384
-147
-432
-867
-914
-801
-587
-428
-433
-484
-450
-422
-297
21
79
483
130
186
-359
-526
-506
-771
-235
-324
-64
-5
-194
-289
-539
-558
-577
-412
-106
-51
-46
32
-218
-147
-349
-277
-240
-115
145
156
421
186
65
-84
-220
-338
49
-23
270
410
409
587
496
655
564
465
356
137
-14
-10
14
349
369
562
321
-160
-484
-808
-761
-308
146
686
1026
950
882
255
-45
-417
-578
-179
-246
-65
194
23
51
39
-238
-182
-270
-200
-144
-96
-230
-412
-268
-164
-239
107
-228
-184
-160
-545
-833
-979
-636
-934
-524
-1211
-898
-505
-189
127
-277
-228
-1142
-1210
-1530
-1271
-206
933
1689
2196
2011
1497
791
345
20
162
1084
890
1549
1476
1020
1152
592
355
-91
-221
-151
-88
516
557
1024
821
245
-385
-1325
-1527
-1627
-1179
-368
227
881
1479
1289
742
75
-330
-736
-237
222
621
908
1193
875
-116
-780
-1982
-2315
-1775
-1623
-433
-23
568
869
46
-169
-1510
-1210
-1329
-1407
71
85
760
1072
440
61
-240
57
6
-187
95
44
703
884
541
977
482
762
361
159
-356
-125
756
520
1164
1544
910
380
-40
-359
-3
-367
598
489
-94
1086
254
471
-6
-576
-472
-747
408
309
295
1120
269
603
-1171
-1638
-1409
-1392
817
739
1290
659
-258
-1213
-1848
-1089
-839
929
1299
832
866
-705
-1350
-1954
-2394
202
700
1484
1402
-25
-385
-1094
-1573
-1672
-263
-36
2554
918
358
-127
-2408
-379
-1110
132
817
887
1222
766
-1135
-1201
-1317
-501
1579
1736
1436
523
-1253
759
-1058
-921
-212
-195
2445
728
617
38
-295
684
946
-645
-170
-609
-88
1005
575
174
458
-164
-1417
-673
-1339
39
1022
2324
1271
388
-593
-2471
-940
-1531
-801
777
1556
2016
-336
-1118
-1428
-229
-1184
-8
-697
-264
-178
-450
1983
-1587
137
992
-3105
245
1
-1794
1209
-1672
1712
138
688
2073
-757
-941
-2494
-1479
700
-1617
2112
742
-519
2857
-1502
-282
-1132
-1843
877
693
668
836
-65
-919
1310
1109
1198
-1102
739
-819
-2104
1827
-685
1276
1976
2996
-1550
-1798
-587
-2122
426
1663
669
981
1300
-1429
379
-2060
867
-2320
297
46
-2092
4069
-2424
2093
705
-2560
1115
-1794
207
-54
1548
900
-1290
-523
-1109
-836
1239
352
-1314
1100
881
-337
50
107
-2901
2566
24
-787
1149
-3070
621
836
1612
544
-924
1004
-3428
-406
1381
-2219
2501
2795
390
294
-1393
722
-4024
1759
1339
-1851
5453
-1029
790
-2088
-965
267
-1554
2761
1442
-1909
2852
-1215
-1832
-337
-1587
479
765
2370
248
133
-1230
-1969
551
-674
-748
1444
-1132
2163
123
-1956
1269
-2017
1875
-985
-3140
2232
-2529
1977
1121
-2485
3376
-1822
566
387
-4041
1088
-1644
2385
-1686
-97
1918
-1533
2782
-10
-584
-1011
-583
250
-221
201
2019
1580
2234
54
-1450
-1238
-885
488
1396
495
-873
4040
-2038
-672
749
-2621
4591
-1908
2054
501
-2503
1250
-1566
226
809
684
3013
-973
238
-942
-3407
1731
-3119
3089
626
853
3257
-2390
1331
-3868
-655
342
-1581
2305
43
-2645
2582
-660
-1150
1995
-2128
1118
-2096
65
-657
-1532
1941
-777
2190
521
858
-1354
-2273
-1512
-1410
-313
2825
238
861
1118
-818
141
-2750
-895
-1789
-179
1614
-82
151
1998
1207
-1364
1628
-2719
-2587
210
-702
1384
1495
2947
351
691
-1364
-390
-1729
-260
-45
-2201
3096
613
1843
-215
-115
-739
-1936
-1430
141
-1184
1168
2982
-110
2916
-2539
1160
-3330
308
-1400
-2375
4473
-639
1744
307
-150
-1325
65
-645
-66
-599
1958
-1002
-848
1185
-2519
1845
-406
-345
419
-249
560
-982
187
-867
1052
861
-27
1191
-506
-1881
844
-1233
-390
399
59
2518
-2854
3054
181
-2088
2221
-2455
361
1311
-300
391
-193
-392
1525
-672
-644
1174
-1154
1733
-538
-40
868
-816
-996
1380
-1511
607
265
-622
1159
-1950
1433
-789
269
323
-213
-746
-231
21
-609
-615
1618
-957
-145
1865
-1709
1965
-341
-1507
1256
89
-1096
295
1929
-407
-1004
3403
-3356
-877
1248
-1731
1089
1822
280
82
-1146
1516
-3179
172
1554
-2545
2988
-156
-79
938
-150
227
102
235
-554
-1631
708
-784
248
2333
164
-515
390
-1933
643
-665
-605
689
-1054
1341
569
-311
177
-727
-1412
1445
-942
414
1121
-200
1046
135
159
-1386
755
-715
964
-1116
1884
-1379
-248
-222
-561
1317
-490
3456
-4311
2128
-304
-1841
1356
-1257
389
166
87
873
-852
570
-544
-1912
4573
-4499
2353
-2143
959
504
-2726
5703
-5040
3150
-363
-2625
3080
-935
170
1939
-1767
2034
-299
-331
1288
-3648
4809
-3641
2379
1268
-1998
1250
-2553
2456
-3203
1097
983
545
191
-382
-1308
-371
-1588
1079
-50
736
2553
-2695
3051
-3453
356
419
-2478
3514
-4333
2261
-1148
583
2346
-2074
1700
-2056
524
-137
-2413
1862
-1844
1559
465
-765
2962
-4745
2447
28
-1927
1728
-1647
2005
-2116
404
443
-1426
1843
-1071
1133
-1252
288
1102
-2043
1492
484
222
825
613
-1170
622
-1821
1114
-1065
148
135
-125
1495
-111
782
-733
-965
-945
-234
67
611
-746
1238
-755
79
684
-1584
139
-138
237
-550
-140
936
-225
-9
-342
619
-1111
-121
386
-1721
956
685
-10
-322
-727
-1206
1089
-1593
105
112
-28
-39
-614
-664
12
-850
548
931
-1202
930
-536
-157
-2002
773
951
-1653
2715
-1298
89
1977
-2277
2034
-1284
-21
1240
-1198
2228
346
-59
2020
-2938
1077
631
-349
810
185
2750
-2048
3235
-86
-2588
2524
-2704
1634
824
-860
2602
-1910
1204
907
-2265
1459
-1524
1590
-323
996
1008
-234
1079
-980
466
-670
-1506
2105
-2785
1895
528
-1415
3095
-3639
878
-671
-462
2330
-2270
-509
-665
-689
1776
-795
1138
-1067
93
166
-1374
486
-1336
116
1005
323
-1372
782
-906
-588
1561
-1437
1281
-2275
2392
-456
-2432
1561
-148
305
1193
742
-2941
1756
-475
-424
183
998
1038
864
-987
979
-432
-336
1967
-3391
2219
333
258
3363
-3830
2613
314
-1866
2849
-2438
-11
1871
-1613
2263
-1288
154
897
-1417
1413
-896
-1009
764
-457
-356
1734
-1448
980
-419
-747
233
-965
-635
-291
608
-543
1413
-1710
959
-1653
856
-793
-217
-1088
-284
550
-1288
776
-895
407
317
674
-1056
-294
230
-1238
132
746
-63
-252
-547
935
-1356
1166
-241
-2095
772
1121
-1636
2451
-654
727
-478
852
-116
-1851
2570
-2673
1833
1776
-383
1000
-1427
804
-406
-702
1180
-2247
2332
-183
515
500
-937
-74
-105
809
-996
730
-633
-87
1835
-1527
-168
1564
-2934
3812
-1996
541
856
-2859
3368
-2828
128
799
-1676
1724
928
-901
1345
-1894
1217
-717
-1101
813
-369
1472
543
-1260
-105
-1076
793
-891
-271
1042
-1053
2220
-1505
878
-201
-1006
237
-186
46
123
831
649
-712
1186
-1166
-37
777
-970
1252
-852
1739
-689
1067
-301
-964
1149
-597
418
473
-817
970
-106
-437
588
-953
1495
-1186
1199
-610
-904
508
27
-1473
1121
1247
-3009
3779
-2914
1450
-1751
160
549
-1154
2196
-2288
1535
-230
-916
406
-1477
413
399
-250
440
-1594
3071
-2509
744
249
-2217
1364
-1111
805
-781
-13
583
-2301
2550
-1199
204
230
-1650
895
-1156
446
1288
-1364
222
633
-668
556
-675
155
-1476
949
827
672
-272
915
-863
582
-772
-558
532
-186
1958
-760
-86
92
418
1370
-1487
-442
1112
-1573
1263
-417
369
390
604
652
-653
412
-608
-200
-1876
1454
505
845
848
-947
1721
-2172
982
-1425
-1605
2723
552
448
613
-730
700
-1851
702
163
-1998
3217
-920
229
-271
-467
48
-1575
2825
-1268
350
1253
-1360
370
-1566
1391
-1280
925
160
-1284
1678
-910
297
374
-1027
1042
-354
-953
995
-3489
3676
-2289
1254
1935
-2308
2418
-2106
1520
-2715
128
1523
-2660
3292
-271
-1121
2261
-2226
257
-261
-952
1881
-2768
2692
-927
-977
2432
-2708
2050
-813
-532
61
-1303
535
272
-651
963
-193
-452
1260
-2189
1193
-1575
468
538
-902
2557
-1850
174
675
-1792
-194
1403
-1878
1026
491
-1740
3426
-2809
2397
-1636
-640
2349
-3129
2281
-820
-94
234
276
-394
-210
-30
226
-746
134
567
-753
910
-869
1533
-2451
1655
362
-1045
893
-860
568
-1784
1691
-1
-1248
2818
-3495
1355
-303
-518
1535
-1056
1351
-1340
486
184
-1710
742
876
-429
1314
-1216
68
-877
186
-92
542
10
-546
858
-1266
581
535
-455
1150
109
-55
262
-1350
812
-493
855
513
-1120
995
122
-778
448
-75
-336
927
-760
1026
-608
722
-139
-389
1424
-2083
1909
-1706
-338
2104
-2712
2872
-751
-984
3534
-3300
2588
-1621
-1343
2686
-2872
2617
-1143
1487
-311
364
418
-2207
2363
-2152
1586
-455
-757
2094
-1401
1286
-183
-519
464
-320
336
601
-1531
1256
86
-730
1050
-578
610
-174
-173
177
-587
-121
413
-1714
1596
-1320
654
2062
-3553
4027
-3253
282
1571
-2768
2099
-1495
719
1375
-2301
1151
-584
-1000
2599
-3094
1828
-712
-238
1233
-2527
2938
-3571
2055
-379
-1814
1663
-1219
640
-420
204
-516
751
373
-671
-1042
1395
-856
-62
586
-327
-1721
1729
-549
-179
1326
-391
-1259
2657
-1554
-403
878
-2489
1837
-2547
3073
-1878
1418
1429
-2024
927
-655
-1397
1898
-967
373
1924
-3516
3971
-3929
2269
-390
-1136
2358
-3205
2500
-811
-213
1919
-1530
609
25
-477
5
-56
1037
-487
238
759
-455
-956
630
-610
902
-178
597
-1141
608
-1688
1608
-448
-875
2123
-1475
1158
-1074
211
12
-483
1544
-1119
670
-326
336
-699
1783
-419
-323
647
-1050
-542
-520
1716
-1890
2349
-199
313
-1012
2106
-1710
-992
1610
-2011
1196
-283
964
-1916
1890
-1
-29
1141
-2080
-354
-192
914
-764
783
217
-752
745
139
-130
-1418
928
-811
-822
1755
-1663
1074
311
780
-531
-1613
1699
-2662
497
1100
-976
789
434
-485
433
-938
1120
-112
-1594
2335
-3145
1039
1161
-1589
3613
-3108
673
863
-2327
1665
-873
347
669
20
380
-1450
971
-1761
954
1366
-1421
1804
-1115
-191
-677
1591
-1013
-708
2003
-1065
-565
1910
-1626
172
1706
-691
-979
420
102
-1439
920
1525
-1478
1634
-361
-1457
508
-113
-652
1069
-500
1725
-652
-967
1165
-3341
2833
-1793
1865
-424
-927
2537
-2257
1107
-308
-1113
533
-638
1623
-1055
696
311
-1404
573
-240
-470
772
-93
755
469
-63
520
-1646
1213
-611
-115
390
-481
560
-491
1572
-1286
537
127
252
-537
479
-865
658
-102
1416
240
-1758
2498
-4273
4059
-1306
-923
2090
-1841
1944
-1002
734
-785
18
885
-268
315
-125
-654
713
-32
677
-956
477
7
-178
584
-1198
316
466
-173
-699
491
134
294
-684
715
-1928
1200
-811
122
546
-1274
2006
-758
-164
-157
-910
640
-405
-785
2372
-2260
1310
119
-2187
2297
-2027
996
-593
-185
1424
-1172
414
879
-1452
35
-49
5
656
-1538
1186
-1107
1853
-817
-807
1467
-2441
1944
-589
-583
1526
-1838
1852
85
-427
23
-326
-488
663
46
-1154
484
150
656
-605
1276
-1757
1285
-1280
262
-53
-767
1629
-1479
1063
305
-506
83
1084
-2983
2568
-1837
252
2983
-4062
3242
-1670
563
-907
-181
584
-1732
2670
-1272
818
-1410
1577
-2249
842
501
-805
2490
-1978
1958
-2493
2591
-2390
1311
349
-2006
3677
-2685
1482
-678
996
-1257
647
363
-1946
1234
294
-308
851
677
-1151
1181
-680
-1018
88
52
634
-1083
1592
-854
795
15
-241
-483
-137
1438
-2319
2427
-1522
1868
-446
-624
2232
-2613
1089
-147
-859
242
899
-856
922
-51
430
-694
-334
525
-1411
1355
-953
-445
570
897
-457
1523
-1954
47
867
-1767
704
-1126
2147
-1545
1585
-153
-1162
594
-1604
1887
-2393
2459
-816
108
774
-2065
1371
-807
450
877
-1381
157
333
-590
961
-1953
2133
-1096
48
693
-822
-12
-419
-698
502
-592
2150
-745
-1132
2427
-2725
1541
219
-885
579
-28
660
-179
-627
345
-123
-203
1460
-1651
728
609
-1094
740
205
-1046
601
326
-66
158
1258
-1402
-671
1033
-1433
665
374
277
-164
516
-643
466
-1402
1937
-2158
1723
-119
-1458
1684
-1342
147
-252
774
-850
897
52
-1030
-10
996
-1150
900
-581
35
73
-670
1376
-1221
1262
-796
-207
117
-929
2506
-2571
2050
-1428
1383
-29
-726
75
-1488
2769
-1547
461
-192
-569
1258
-654
605
-1062
-138
2308
-3015
2225
-1482
896
136
-683
1941
-3543
2192
-171
-767
1902
-2240
1804
-320
-1253
1867
-2855
2115
-753
667
1243
-2211
1734
-2173
1568
-589
521
-169
-592
1136
-644
-840
95
-823
501
976
-436
525
-613
-324
349
-105
102
860
-1140
1239
-904
-178
493
-1324
644
514
-776
1026
-104
-802
677
-750
581
-818
575
226
-237
815
-1256
147
-82
295
-296
-387
1431
-682
-173
2
-97
13
-87
-481
875
-1345
1236
4
-849
1068
-1226
1099
-431
357
-98
-821
1411
-1758
1874
-429
-1602
2617
-2556
382
1123
-662
-147
-335
1172
-548
94
758
-1608
151
1909
-2962
2170
-106
-389
805
428
-612
-773
1631
-1463
-91
1993
-789
-66
1425
-1802
232
-558
953
-1870
1079
999
-1637
2484
-1637
-209
-446
1323
-687
-798
1982
-2869
2697
-996
-131
459
-430
1244
-2091
1260
-218
-1331
2965
-1701
-455
1572
-1666
1099
-493
-163
572
-286
594
-149
-542
485
-590
1149
-1144
1008
-6
-1261
1541
-1441
519
541
-211
47
-65
-240
639
-1505
2032
-984
-1143
2597
-2833
1748
-553
-653
-86
1149
-945
62
886
-788
396
758
-1270
55
977
-1510
1223
-198
-111
485
-940
811
-1439
986
1
-1443
2104
-1566
987
-570
736
-653
-365
1252
-1463
1100
254
-1188
204
353
-738
1468
-1403
1018
-747
-45
639
-1024
648
-172
-357
474
-208
410
790
-1696
1015
-574
577
516
-1368
1061
-1243
1604
-184
-1251
1655
-1525
793
-251
-84
-287
-446
1160
-999
764
-557
894
-1903
1267
-322
-762
1286
-1208
707
127
224
-12
-152
154
-731
811
417
-1799
1649
-1006
102
1317
-606
-161
312
-228
-281
11
-121
-2
843
-278
-451
57
1074
-1322
1172
-1065
487
124
-356
1129
-1953
1770
2
-98
459
-1162
398
357
-1172
1215
-837
757
-28
217
-376
-929
536
-649
1344
-1318
679
902
-2084
2655
-2005
790
32
-772
2186
-3284
2310
-1035
-358
507
-353
465
-31
-430
758
-598
-50
735
-839
552
-590
946
-349
-148
565
-528
-646
1099
-504
-312
1148
-1088
796
-363
32
709
-2255
2538
-1072
-111
1188
-1145
554
-985
1675
-1691
575
468
-1257
1305
-536
547
183
-1354
1129
-1808
1973
-877
-1517
3390
-3918
2235
1196
-3032
2102
-1156
301
-195
202
246
-1434
2626
-826
-484
757
88
-1792
1503
-905
-600
2187
-1397
917
-306
-347
-220
190
143
-1369
1185
171
-902
1437
-380
-1332
2484
-1811
-91
447
-1085
1537
-1873
2836
-2210
1233
555
-921
398
-28
57
-963
846
368
-995
899
849
-800
850
-1526
361
-985
828
-804
789
-261
373
214
-145
155
-1251
1293
-1623
1089
809
-781
696
455
-427
389
-618
569
-752
-28
470
-38
237
-54
-20
683
-1347
1632
-1032
-694
1044
-1440
2072
-1323
299
549
-684
1425
-1001
-538
1054
-1977
2114
-427
-863
1603
-949
1272
-774
-740
1240
-2148
1398
-509
-189
924
-894
1038
-1199
-117
564
-1216
354
344
-1175
1904
-1206
369
278
-980
786
-426
-278
138
-903
1670
-1252
-264
919
-747
411
-915
1607
-2616
1368
360
-921
861
-222
-39
744
-744
1585
-2396
872
772
-2037
2329
-2209
1845
-1015
1156
-365
-1099
1408
-1032
1107
-547
-496
1364
-2087
1856
234
-2251
2483
-878
-183
704
-701
261
-35
20
574
-1401
2316
-2081
1670
-313
-976
1017
-1355
880
-922
1211
-675
1100
-78
-823
8
301
-624
-383
1316
-1081
1326
-410
355
-323
-520
818
-909
753
-43
-119
188
-305
241
364
-277
-388
1138
-537
-958
1793
-777
-813
1536
-424
-1088
2322
-1439
101
-72
231
-316
-1259
2971
-2736
1740
-266
268
-543
-151
32
-978
1858
-1513
690
492
-938
282
881
-1504
1032
-178
-316
550
-931
1179
-1034
686
207
-379
517
-614
885
-1097
-431
954
-632
332
-28
430
-811
419
148
-777
371
382
-558
-584
1316
-1428
1559
-1139
-112
1153
-1319
1245
-1100
1186
-1094
482
1024
-1564
999
405
-1391
422
315
-542
585
-1682
1670
-1209
-110
1919
-2148
1168
-277
-96
436
-1012
481
713
-1480
1519
-1156
71
627
-1444
2122
-2437
1735
176
-1066
1713
-1364
455
455
-953
1148
-1178
749
278
-976
1468
-1385
535
1000
-1957
856
1442
-2270
1103
-431
-349
6
329
239
-1425
2459
-674
-1275
1939
-955
-336
641
-468
-481
914
-44
-690
492
427
-1081
989
-653
-434
844
-554
948
-800
529
-79
452
-94
-752
-232
1232
-1340
316
133
-1518
2153
-1086
367
196
-797
666
545
-1109
529
42
370
-164
363
-180
-503
373
-255
123
-672
600
476
-758
1452
-1747
1195
118
-1746
2585
-2274
696
138
158
852
-1800
1397
59
-1083
1064
-398
-188
385
-1036
1676
-534
-1618
2261
-1724
668
273
-860
1069
-1455
1247
-207
-1373
1034
112
-402
474
-378
323
-225
-211
545
-1446
640
322
-169
128
-296
402
-212
25
-85
264
-678
225
71
-381
568
-756
1223
-1328
83
1151
-2464
2023
-1236
1075
-760
30
1661
-2460
2105
-938
-21
711
-943
1183
-719
346
595
-1398
2223
-1688
146
989
-1833
2390
-1524
256
804
-1401
1610
-434
-635
906
-996
1662
-2052
1073
403
-1754
1920
-1013
69
303
-281
587
-297
-423
1074
-1836
1738
-1254
584
106
-159
275
-46
103
-511
796
-1276
1283
-869
747
37
118
-463
505
-258
-76
390
-693
660
-461
529
-39
-437
1233
-1116
344
727
-1000
90
521
-466
70
-185
975
-1450
376
1645
-2656
1955
-298
-295
140
-148
11
-275
214
445
-1117
318
348
-249
-400
92
371
-518
598
-301
-112
-77
-117
445
-925
555
258
-1236
1309
-1206
252
798
-1471
1542
-1302
316
408
-1045
1085
-1170
442
283
-429
267
-265
777
-218
25
-61
20
-327
107
712
-1042
439
957
-1164
1131
-375
-385
161
290
-479
194
-115
-305
553
-195
301
-596
603
-504
293
-801
814
-356
-210
1495
-1585
751
-533
-177
99
-582
451
-447
672
-122
-104
244
-287
555
-355
-539
909
-995
678
186
-1236
2385
-2479
1634
-182
-1559
1897
-1176
68
586
-1122
1079
-733
-97
1078
-2039
1919
-1085
-95
1052
-1927
1462
-118
-1019
1378
-455
-247
1346
-1432
1162
-600
-274
1139
-1573
1744
-463
-68
781
-1165
723
-88
-695
691
-580
804
-287
-480
1368
-1596
1234
-192
-610
1044
-833
914
-1162
491
513
-290
222
-98
-39
-438
486
207
-745
713
-295
-56
360
-34
160
-334
760
-530
201
-259
202
338
-648
535
-37
-71
724
-1360
1389
-1601
933
441
-1772
2364
-2143
1502
-743
167
-359
354
-41
-672
133
3
-221
-424
1026
-1729
1224
-766
900
-1948
1405
77
-1471
2191
-1948
1207
-698
857
-737
-221
940
-1192
855
-140
-902
1006
-316
-520
856
-1181
1151
-952
286
730
-2118
2119
-1174
-89
1115
-655
41
703
-210
-843
796
-280
240
-628
612
494
-957
1409
-1233
-105
1099
-1145
947
-707
129
451
-327
591
-651
315
335
-646
1013
-886
473
441
-265
256
-178
182
-631
1381
-1049
-297
1585
-1320
358
351
-921
874
-999
1255
-610
-232
616
-509
101
-447
-92
696
-552
517
253
-590
399
-426
349
80
-574
977
-184
-797
1796
-1697
864
0
-880
1576
-901
-233
840
-672
691
-234
-484
399
-714
724
-724
1035
-1482
1353
-171
-406
928
-1955
1749
-930
181
312
-642
329
367
-772
637
-1488
1180
133
-1296
1939
-1855
1628
-902
2
356
-941
1014
-299
-854
1058
-226
-961
1062
-963
274
-277
252
-211
-816
1589
-1270
538
-377
386
-150
-176
121
176
90
-467
822
-850
250
187
494
-950
683
-516
440
89
-1151
1857
-1530
889
435
-1176
672
-1232
788
-265
-458
774
-321
370
-22
74
-135
-453
1083
-962
168
1054
-1185
989
209
-1402
1184
-464
284
321
-218
549
-300
-440
921
-491
-773
1869
-1573
736
513
-983
969
-932
216
1133
-1580
1733
-1459
427
788
-1620
2141
-2379
1044
957
-1552
1929
-1426
281
1059
-1703
1725
-757
-872
2429
-2189
760
442
-1010
651
-700
1183
-1174
1004
-453
-178
386
-490
1239
-1517
1451
187
-941
687
-205
-580
1050
-750
85
390
-601
698
-584
337
-567
200
-57
250
-394
-225
368
-888
1106
-392
-316
584
-414
985
-1797
1776
-752
-515
1256
-974
439
25
210
74
-665
471
351
-1434
1885
-1460
399
506
-1020
1071
-1180
430
-185
-615
699
-179
-353
627
-317
-84
577
-710
-160
318
-307
491
-1019
1617
-1463
651
421
-932
774
-762
493
8
-259
-135
464
-433
742
-843
1001
-1007
113
916
-1229
116
718
-406
31
539
-663
297
91
-6
-371
647
-798
806
-362
-379
358
106
-138
-23
120
-568
925
-1187
453
-137
-151
731
-799
361
355
-714
349
375
-1099
549
162
-470
806
-813
414
390
-485
892
-486
-310
801
-942
770
-3
-1154
2034
-1517
611
30
-409
418
-859
998
-575
-505
1878
-1495
123
1005
-1593
1020
-69
-568
407
264
-132
-137
432
-414
220
652
-676
567
-876
1094
-652
-959
1985
-2198
1209
571
-1094
771
-791
605
-77
-1127
1740
-1796
350
1852
-2136
1848
-724
65
536
-833
578
-553
582
291
-687
462
356
-1102
571
85
-1257
988
131
-1044
1324
-1056
473
567
-1612
1558
-1349
226
689
-1035
730
-412
-191
266
-388
356
-78
-318
426
-232
-48
14
264
-424
356
466
-274
393
-163
-235
380
-228
43
219
-916
1062
-411
52
112
-637
808
-921
-79
468
-963
127
779
-793
294
-159
32
-284
339
-168
85
-90
932
-876
-30
845
-1777
1645
-175
-334
69
665
-701
207
297
-580
139
27
738
-1049
644
-35
-616
319
675
-1238
854
-131
-390
620
-564
817
-1140
1194
-283
-374
1171
-1141
395
650
-407
-173
665
-269
-542
958
-430
-570
507
144
-381
177
82
177
-279
297
-517
245
336
-486
701
-748
654
-466
871
-490
-630
1383
-666
-91
727
-626
-320
974
-189
-221
-17
326
-679
330
365
-790
683
67
1
-409
826
-634
-52
658
-593
386
-15
523
-1055
744
176
-1044
986
-177
-544
540
-259
8
84
-80
287
-838
630
-470
-105
129
-513
600
-784
449
138
-704
641
153
-338
138
-292
579
-805
660
-75
-1232
1773
-1241
273
117
-608
597
-523
477
-394
113
444
-1297
1053
38
-1208
1363
-1073
-36
429
-110
451
-1235
1154
-329
-687
1596
-1559
241
668
-689
322
-189
-198
-10
184
431
-430
-304
507
-108
-458
490
-362
66
375
-607
596
-921
657
216
-1209
1256
-995
-156
1087
-1323
930
-604
173
-69
-142
293
-573
571
-422
684
-612
209
-27
-71
33
60
-456
584
-296
211
238
-1084
1630
-1335
781
-50
-358
217
224
58
-394
685
-635
847
-444
-99
653
-917
788
526
-1023
693
-167
41
596
-717
722
-723
850
134
-1021
1098
-819
764
-151
-39
-143
66
328
-66
-517
-209
650
-647
600
-445
-733
1004
-269
25
873
-1713
1397
188
-1212
1267
-1603
668
307
-90
231
-1013
897
-83
-700
771
-628
-164
989
-520
12
-85
216
-244
-255
734
-1068
221
363
-597
86
470
-92
197
-92
116
-144
-112
738
-921
569
439
-561
461
-331
148
713
-726
189
-499
-137
877
-1175
737
-36
-331
784
-1148
332
-847
333
577
-931
1042
-458
-235
1042
-799
33
151
-668
683
-445
683
-720
-227
964
-737
401
-451
-785
78
876
-439
35
283
-254
417
77
190
-932
1191
3
-542
433
-722
580
54
229
-37
-207
175
301
-857
536
-14
-350
601
-675
400
-384
346
-260
-327
599
-344
-345
471
82
-551
641
183
-519
328
195
-445
261
-268
-48
-257
175
-12
-927
1009
-282
-172
550
-1084
893
-449
-487
885
-934
835
77
-643
59
-226
594
-460
-416
790
-723
745
282
-636
529
88
402
-782
29
-63
83
-27
-293
581
-844
1281
-404
-206
-56
345
453
-521
591
-492
-264
1012
76
-1514
981
-174
-169
534
-201
-524
469
742
-677
63
51
366
-227
478
-411
-704
450
-230
-78
199
33
-117
177
222
-40
-619
591
-328
12
298
-765
607
-105
320
-184
-641
477
157
-151
86
-83
-103
731
-213
34
-288
-146
175
-21
-372
350
-214
106
661
-330
-10
-85
461
-754
292
105
-823
587
88
-484
-24
-79
368
-385
80
286
-410
989
-331
-201
-54
-131
-169
-121
108
-504
254
-232
-376
900
-523
366
332
-665
1215
-648
180
614
-760
610
-110
-640
-4
-575
21
-49
58
7
-353
157
76
-296
508
80
-6
398
-71
153
284
237
-204
174
88
-150
165
107
-137
-85
505
-327
-287
495
-591
380
-335
-35
600
60
424
-225
-249
197
-171
66
325
-310
517
109
276
-17
-65
-44
-502
186
11
83
34
515
1
-147
47
-77
-99
36
3
142
335
316
-292
210
38
-712
291
-527
-24
395
142
370
-360
184
93
-263
316
-610
-284
259
94
2
70
-120
-18
-76
148
-12
-276
373
212
-57
264
19
-97
108
113
-271
-620
133
-295
29
58
-366
87
-119
82
-585
68
-100
-515
464
-117
-74
430
-79
106
65
-177
278
-498
126
181
-307
734
-473
102
77
-445
48
-346
148
-102
-148
134
260
-60
238
-427
-49
44
-177
328
-307
329
60
-175
186
-293
-144
84
-117
-17
201
37
232
16
-29
-106
-32
249
-73
-23
-110
129
475
-51
370
-35
-388
402
-380
63
307
-161
401
-216
-361
135
-251
97
-92
-244
204
130
320
-80
-16
-172
50
-29
-382
248
-49
-36
391
75
-125
93
-36
1
-334
90
-153
69
172
-179
334
-159
162
-136
-235
99
-150
38
373
85
-64
460
-372
-3
-12
-281
73
-28
110
-58
-143
-221
-5
-150
79
133
-177
205
-6
102
-212
-16
-278
-180
334
-72
145
278
-216
43
309
-508
228
-449
170
115
-233
687
-269
171
20
-359
-132
-186
-120
-49
28
230
67
268
112
-237
-44
-306
22
324
43
289
-18
-64
67
-198
-360
-122
-233
28
399
149
378
-46
118
-115
-75
31
35
278
231
292
-15
35
-31
-311
-236
-294
-131
80
341
2
283
108
-264
53
-326
-220
101
-41
271
275
-5
249
-381
-197
-143
-342
203
156
173
409
97
153
-107
-244
-128
-265
136
0
89
201
83
-164
-168
-277
-303
-199
-220
-13
188
348
99
43
-159
-175
-305
-214
115
7
404
250
72
110
-121
-249
-250
-379
-54
-32
249
293
-23
242
-223
-305
-308
-428
-62
89
202
385
306
277
27
-256
-252
-415
-96
100
144
420
252
278
119
-126
-180
-342
-135
-110
68
330
320
295
182
-59
-65
-189
-212
-105
-23
169
170
327
179
194
44
-188
-33
-185
-43
49
88
206
112
178
116
-53
-47
-59
-133
-25
-13
12
111
111
239
128
65
-91
-119
-172
-213
6
11
115
247
66
129
-21
-169
-14
-403
-158
-56
-58
292
7
220
137
-86
11
-369
-252
-238
-185
93
119
207
222
45
-40
-146
-282
-163
-264
-108
151
116
248
246
49
58
-214
-244
-230
-368
-68
9
147
283
121
172
-71
-134
-108
-260
-66
-34
146
165
132
85
-1
-77
-191
-180
-155
-145
93
56
139
190
-33
56
-152
-163
-106
-135
87
2
173
161
-22
108
-55
-63
-143
-103
50
-18
178
138
49
101
4
12
-73
-133
-6
-112
28
39
35
83
-62
61
-73
-69
5
-81
64
72
79
149
42
68
39
-38
-47
-64
-19
22
22
52
58
57
124
31
-73
-59
-122
-75
66
40
86
89
-32
17
-71
-86
-55
-151
-22
-9
-31
150
11
71
97
-128
46
-49
-56
39
-65
59
42
-57
21
-82
-82
-48
-136
-49
-53
-66
20
8
69
140
79
39
13
-106
36
-11
-22
5
-23
55
-28
-49
-75
-167
-88
-57
-37
19
37
44
43
120
10
31
21
-54
40
2
46
58
-42
17
-129
-70
-1
-65
13
-49
-50
12
-4
-10
43
7
44
-2
-48
33
-43
-11
14
-29
20
22
-36
31
-10
54
118
61
96
69
-26
14
-32
-75
22
-84
20
37
-58
68
-71
-33
21
-83
55
-1
20
57
25
59
-26
-10
-40
-73
8
-63
28
63
46
76
9
55
6
-2
-33
-38
-13
-2
61
37
13
4
-78
-14
35
1
67
-7
55
24
-59
13
-68
-39
46
-64
-13
20
-67
109
-80
15
50
-51
126
-95
-30
5
-25
92
-10
-24
-21
-108
6
-18
-2
92
23
106
25
-10
30
-46
58
-36
-16
14
-42
55
5
-30
-17
-63
-55
-36
-35
-11
2
-4
28
24
31
24
-33
-11
-6
-33
-3
-17
-62
-6
-26
60
1
-31
14
-35
21
46
7
12
18
-9
42
-25
1
-34
-106
-14
-12
-13
32
-37
-27
-15
-5
70
-26
45
-22
-93
4
-70
13
9
-39
51
8
27
46
-91
8
-38
-18
74
-21
84
-14
-46
-9
-22
24
-33
-33
10
-3
26
37
10
19
1
40
1
-4
-27
-1
60
18
49
7
-7
-18
-18
-18
-19
13
32
44
38
29
27
3
-3
11
20
58
4
32
-8
-41
-17
-87
-37
-58
1
64
12
35
1
11
6
-26
-4
7
22
75
36
13
2
-19
-51
-57
-32
-73
-16
-24
5
33
1
31
12
-10
-13
-44
-42
-25
29
32
33
56
22
25
-19
-22
-26
-7
26
24
49
17
20
12
-21
14
-29
-18
11
-4
23
-7
10
30
27
27
-5
-33
-10
25
7
26
-11
23
20
17
61
3
7
26
-18
-19
-46
-50
2
-38
27
4
20
15
-30
-2
-65
-27
-26
0
4
27
15
-9
4
-56
-15
9
-14
0
-31
-3
13
-12
14
-15
18
33
-26
-30
-59
-24
-5
-2
35
-10
19
11
-1
-5
-45
-13
6
7
-17
-20
16
16
29
9
-33
-34
-17
5
-44
-27
25
23
54
15
19
14
10
21
-25
6
-24
-32
-8
-9
9
-3
-13
-40
-58
-41
-19
-13
56
40
53
44
45
40
1
14
7
14
11
9
-6
-8
-11
-5
-16
-13
-9
5
-7
19
46
34
37
15
14
8
2
3
-37
-78
-39
-4
17
21
-18
28
32
26
0
-64
-42
-17
-2
11
30
43
34
4
-14
-17
15
50
39
20
1
21
36
49
20
4
22
17
7
-16
-37
-11
5
21
16
-38
-26
-31
-32
5
-4
21
23
-29
5
-39
-15
20
-20
8
-20
-44
-14
-27
13
31
25
50
15
17
-16
-33
-37
-19
-7
0
11
-7
-2
-13
-6
-19
-27
-38
-42
-37
-30
13
35
40
49
24
-5
-31
-41
-30
-22
0
24
14
29
1
-1
-27
-41
8
-9
35
15
23
48
26
27
-3
-17
5
3
20
6
-15
31
17
34
10
-10
5
-21
9
-6
-18
-20
-5
12
-5
-3
-36
-19
1
0
10
-16
-6
18
4
23
-13
-7
28
33
54
11
2
-7
-21
4
6
12
25
18
36
18
6
4
-22
6
-17
-25
4
10
27
15
5
-1
-19
-17
-23
-18
2
8
40
24
22
7
-34
-28
-28
-18
-5
13
7
11
29
22
17
18
4
-6
17
41
37
28
16
-9
15
28
48
41
24
28
-4
0
10
2
20
0
-1
23
18
43
18
-1
-29
-41
-28
-33
-42
-30
0
1
-1
-21
-49
-64
-60
-34
-10
-4
26
14
-12
-13
-25
-31
-28
-24
-21
-8
24
17
22
12
-7
12
14
-4
-32
-37
-15
1
0
0
-11
4
2
2
5
-17
-4
-4
10
22
23
22
7
1
-2
-4
-11
-23
-5
5
10
19
18
16
4
-3
14
21
11
0
-18
-14
7
4
-6
-25
-33
-17
-15
-13
-14
-3
0
15
5
-2
0
-10
-9
-11
-9
-12
0
13
2
-1
2
8
5
-11
-18
-7
-4
-1
20
9
14
6
-4
-16
-23
-25
-33
-24
-16
-14
-6
-3
-3
1
-17
-18
-21
-15
0
17
41
45
30
7
-4
-22
-34
-24
-22
-14
-13
-7
-6
-6
10
17
33
17
14
7
-2
9
-1
22
16
7
19
14
13
-11
-6
6
4
-4
3
19
32
33
15
-9
-19
-2
9
2
1
3
9
14
5
0
10
25
31
24
10
0
-2
4
0
1
7
18
22
7
5
2
-6
-1
4
5
-1
-7
6
18
37
26
24
28
15
18
4
11
5
8
20
9
17
10
21
22
8
2
-10
-9
-7
-4
-16
-17
-8
2
-7
-17
-30
-24
-11
-5
2
-15
-8
-6
5
1
-20
-33
-37
-26
-30
-21
-21
-16
-8
5
2
-8
-15
-17
-4
-7
-1
7
11
-7
-17
-23
-19
-24
-31
-30
-27
-14
-3
-6
-26
-9
-3
9
4
