SAMPLES:	10314
BITSPERSAMPLE:	16
CHANNELS:	1
SAMPLERATE:	16000
NORMALIZED:	FALSE
-15
-18
-15
-7
-10
-14
-15
-19
-19
-19
-17
-17
-16
-10
-3
2
0
-4
-6
-14
-18
-15
-14
-14
-12
-9
-8
-8
-11
-13
-8
1
9
11
8
7
6
7
5
-1
-4
-1
7
3
1
5
12
18
18
15
12
11
8
9
11
7
3
1
3
9
11
3
-2
-4
-5
-1
1
2
9
8
1
1
-4
-7
-6
-4
-1
-1
-9
-18
-20
-19
-15
-12
-12
-13
-10
-3
-3
-8
-11
-12
-4
-2
-6
-9
-15
-14
-13
-11
-4
-2
-7
-11
-10
-3
3
8
13
14
7
4
6
12
15
8
3
5
6
0
-6
-5
-1
7
4
3
8
12
9
3
8
15
22
20
17
17
19
19
15
14
18
16
12
6
4
8
7
7
8
9
12
14
14
8
0
-2
-3
-3
2
2
0
-3
-8
-11
-6
-9
-11
-7
-4
-3
-3
-4
-7
-10
-10
-13
-15
-11
-8
-6
-6
-7
-10
-10
-16
-19
-15
-15
-12
-9
-6
-3
-8
-14
-11
-2
4
4
3
2
3
4
1
-3
-6
-2
-1
-3
0
2
4
8
10
6
7
12
16
12
3
0
1
0
3
7
5
0
-6
-10
-8
-3
-4
-8
-7
-4
-2
5
8
8
7
0
-4
1
5
8
2
-5
-4
-8
-12
-15
-15
-10
-6
-2
-3
-7
-7
-8
-16
-22
-19
-8
-2
0
-1
-3
-7
-10
-11
-12
-14
-10
-11
-13
-14
-15
-19
-18
-18
-16
-9
-9
-9
-8
-8
-11
-12
-11
-8
-5
-2
-5
-11
-9
-4
-2
0
-3
-1
3
4
5
2
4
-1
1
8
15
17
12
12
11
14
18
15
15
18
19
18
15
13
11
11
8
6
9
10
12
20
20
22
23
19
16
12
6
7
11
12
7
3
0
-1
1
-1
-7
-8
-4
-3
1
0
-10
-18
-18
-15
-13
-10
-12
-17
-19
-15
-11
-11
-12
-12
-9
-9
-10
-15
-14
-15
-12
-7
-5
-4
-2
-2
-6
-11
-11
-6
-2
4
10
9
12
15
9
9
10
10
11
8
6
0
1
4
7
9
12
14
15
14
14
14
16
21
22
21
19
16
12
8
8
7
3
-1
-4
-3
5
7
6
4
3
2
-3
-4
-1
4
6
4
3
0
-1
0
-1
-3
-7
-8
-9
-8
-5
-6
-7
-6
-10
-14
-14
-13
-9
-8
-6
-6
-8
-11
-9
-8
-10
-10
-15
-19
-16
-9
-8
-7
2
5
9
13
13
9
6
6
9
14
13
5
1
-1
6
13
17
17
14
6
-1
-5
-2
5
8
5
5
14
19
19
16
13
7
0
0
-1
-3
0
5
8
8
4
2
2
3
8
11
9
5
-2
-9
-16
-19
-10
-5
-3
-5
-10
-12
-9
-6
-4
-7
-17
-24
-22
-24
-28
-28
-25
-23
-15
-13
-12
-7
-9
-13
-17
-21
-19
-14
-15
-14
-16
-15
-14
-12
-8
-7
-6
-2
8
15
19
23
28
25
19
18
17
17
15
15
18
19
20
26
20
16
19
25
33
37
33
23
14
11
12
14
15
16
10
9
6
3
8
9
7
-3
-15
-22
-22
-13
-9
-7
-4
-5
-10
-19
-21
-19
-14
-8
-6
-4
-11
-10
-5
-2
2
0
-5
-11
-16
-14
-13
-8
-2
-2
-9
-11
-1
5
8
9
5
6
12
17
19
20
23
19
14
11
10
9
15
18
19
13
8
4
5
15
23
24
28
32
30
30
25
17
9
1
-4
-5
-2
-1
-3
-9
-6
-5
-6
-3
1
10
14
8
2
-2
-3
-3
-4
-5
-6
-7
-4
-6
-11
-12
-13
-17
-19
-20
-19
-19
-20
-22
-19
-12
-6
-4
-4
-7
-8
-15
-14
-14
-13
-11
-5
-4
-5
-8
-12
-13
-12
-13
-15
-15
-11
-6
-4
-6
-10
-14
-13
-14
-7
1
3
6
5
-4
-7
-10
-8
-9
-4
-1
-2
-5
-5
-7
-3
0
4
9
10
10
9
7
8
11
8
2
0
5
12
18
23
21
23
22
17
14
16
14
7
-1
-3
-3
-4
-5
-4
-6
-7
-12
-10
-6
0
-2
-1
-4
-7
-4
-5
-3
-3
2
8
14
14
14
4
-4
0
9
12
18
22
18
13
12
9
9
5
1
-4
-2
-4
-1
2
4
8
12
9
12
17
17
22
19
23
15
10
12
20
21
23
14
12
-3
-6
-7
-1
-2
0
-8
-8
-8
-9
-12
-12
-18
-21
-20
-18
-20
-23
-21
-20
-19
-19
-13
-14
-10
-11
-13
-19
-26
-33
-34
-34
-22
-16
-7
-14
-21
-35
-34
-33
-21
-19
-15
-20
-24
-23
-15
-9
-6
-5
-2
3
8
12
16
20
22
21
24
20
18
12
5
7
10
14
21
20
16
10
11
2
5
1
0
-2
7
5
6
-2
-2
-11
-8
-14
-7
-5
1
1
3
-4
-6
-9
-8
-14
-10
-12
-10
-9
-4
-10
-12
-14
-10
-13
-14
-13
-1
3
9
9
6
4
12
19
33
32
43
45
61
60
71
66
76
82
100
105
114
109
117
112
115
111
106
104
104
103
97
91
81
75
63
60
50
41
24
17
6
-3
-10
-11
-19
-23
-38
-47
-62
-65
-77
-85
-90
-92
-96
-94
-99
-103
-102
-93
-95
-95
-94
-89
-90
-87
-90
-85
-90
-83
-71
-60
-54
-47
-48
-44
-39
-25
-17
-8
-4
-2
-5
-1
7
18
19
20
21
19
25
28
33
23
15
8
9
4
1
-11
-19
-20
-24
-34
-41
-44
-43
-42
-48
-53
-58
-56
-52
-43
-31
-19
-20
-23
-27
-15
-14
-8
-8
-1
4
0
-4
-2
-3
-5
-10
-6
-3
-10
-15
-20
-27
-25
-29
-38
-38
-40
-41
-40
-33
-45
-41
-39
-28
-15
-6
-2
0
0
8
25
41
56
62
78
79
83
80
87
85
86
98
108
104
107
109
110
114
122
116
107
105
100
103
108
103
94
80
70
73
75
80
69
53
49
62
64
64
61
58
55
57
68
60
46
38
39
38
37
38
20
2
1
-12
-31
-23
-32
-68
-78
-75
-88
-97
-101
-127
-141
-146
-148
-167
-168
-169
-197
-231
-236
-242
-244
-255
-262
-274
-297
-310
-350
-372
-356
-364
-397
-396
-392
-411
-419
-414
-402
-375
-367
-357
-305
-264
-228
-201
-145
-70
5
67
131
202
294
369
479
562
625
717
765
816
902
991
990
986
1010
1020
1021
1044
984
940
881
729
610
595
591
488
265
71
-83
-189
-236
-296
-400
-566
-703
-765
-794
-810
-806
-801
-811
-816
-769
-739
-696
-609
-552
-472
-371
-297
-253
-202
-109
-40
-3
58
83
92
86
42
-17
-64
-95
-113
-181
-215
-273
-395
-474
-516
-512
-531
-560
-613
-643
-624
-579
-564
-542
-482
-416
-349
-282
-216
-192
-118
-62
5
110
186
220
249
273
240
254
274
328
395
360
370
390
312
347
456
530
555
535
525
533
569
555
614
792
890
859
785
825
918
965
1118
1136
1088
1143
1112
1169
1180
1174
1081
891
878
877
762
704
491
448
506
149
-415
-746
-624
-273
-284
-706
-1109
-1274
-1298
-1325
-1280
-1077
-1048
-1304
-1439
-1251
-1023
-1008
-1022
-893
-742
-689
-752
-795
-662
-470
-400
-498
-611
-599
-668
-787
-710
-679
-784
-996
-1424
-1474
-1225
-1153
-1106
-1286
-1413
-1218
-1123
-983
-826
-659
-485
-498
-364
-43
180
317
466
744
991
1181
1274
1373
1737
2086
2216
2290
2498
2622
2573
2546
2620
2844
2876
2553
2708
2645
2061
1574
1301
1495
1879
1445
578
-40
-615
-1092
-1130
-889
-658
-1089
-2010
-2445
-2416
-2196
-1888
-1747
-1598
-1530
-1589
-1611
-1458
-967
-451
-133
-28
-5
184
358
398
589
983
1232
1053
778
624
584
505
360
352
406
61
-528
-857
-1013
-1033
-982
-1106
-1258
-1428
-1762
-1876
-1753
-1528
-1280
-1199
-1298
-1251
-1168
-1102
-841
-581
-368
-393
-612
-615
-791
-726
67
361
314
-44
-782
-668
-9
279
233
130
196
-113
-354
-2
259
388
511
542
495
604
913
1001
1000
1553
1901
1598
1721
2047
2019
1959
2478
3149
3117
3129
3220
2867
3000
3395
3279
3381
3253
2342
1519
1781
1748
368
-1095
-952
303
231
-1590
-3225
-3333
-2651
-2406
-2815
-2621
-2252
-2639
-3505
-3244
-1919
-1301
-1789
-1988
-1308
-559
-455
-586
-246
626
1330
962
123
225
1165
1412
924
727
821
527
-151
-620
-533
-356
-782
-1611
-1801
-1577
-1919
-2881
-3616
-3052
-2210
-2507
-3251
-3631
-3276
-2540
-2070
-1974
-1937
-1567
-1265
-1318
-678
235
472
165
274
1018
1216
906
1010
1360
1546
1782
1638
1365
1579
2146
2318
2112
2338
2657
2332
2315
2624
3051
3282
3050
3654
3358
3222
4149
3959
3333
2996
2715
3112
3373
3462
2410
-69
-1475
-932
823
1720
151
-2744
-3651
-2668
-1873
-2280
-2292
-1729
-2310
-3486
-3293
-2091
-1591
-1931
-1892
-948
-410
-646
-1101
-791
351
1301
1171
547
375
625
521
373
623
886
819
168
-938
-1400
-1039
-978
-1510
-1897
-1868
-2089
-3108
-3908
-3385
-3074
-3320
-3265
-3365
-3767
-4046
-3880
-2894
-1602
-1250
-1987
-2432
-1591
-570
-280
34
625
688
526
621
907
1326
1678
1677
1605
1937
2357
2290
2160
2637
3083
2936
2664
2941
3250
2936
2916
3481
3536
3737
4071
3604
3764
4062
3943
3989
3556
3558
3243
2797
3394
2559
1166
335
-1312
-1915
-1180
215
488
-2196
-4583
-4319
-3013
-2188
-2667
-2802
-2328
-2764
-3455
-3111
-1632
-821
-1278
-1506
-661
87
-121
-478
177
1295
1764
1464
876
551
773
891
537
489
937
902
-282
-1640
-2027
-1528
-1312
-1933
-2674
-3194
-3526
-4512
-5059
-4093
-4188
-4936
-4823
-4429
-3374
-3325
-4427
-3907
-2243
-1002
-1274
-1673
-948
-352
-169
349
998
1322
1058
705
932
1954
2954
2746
2149
2613
3034
2619
2937
3793
4249
4159
3598
3560
3827
4125
4751
4723
4762
5280
4999
4403
4060
5093
6447
5298
3426
2526
2818
4203
3589
1708
-422
-2512
-2001
-797
467
182
-3816
-6128
-4818
-3331
-3374
-4491
-3556
-2984
-4358
-4745
-3780
-2400
-2063
-2668
-1838
-626
-477
-852
-747
645
1753
1477
872
688
746
985
1004
860
843
926
608
-380
-1488
-2088
-2396
-2710
-2838
-2667
-3047
-4693
-6434
-6060
-4373
-3559
-4176
-5039
-5105
-4744
-4293
-3011
-1774
-1499
-1856
-1899
-1343
-423
438
694
599
1196
2008
1739
1251
1803
2661
2813
2558
2618
2756
2520
2859
3350
3275
3364
3387
2997
3118
3731
4326
4133
4095
4801
4374
3776
4739
5780
6389
5755
4326
3942
4631
5374
4848
3663
3912
978
-3749
-3228
503
3540
1604
-5287
-7633
-4674
-2552
-3802
-5572
-3379
-2146
-4747
-6944
-5273
-1519
-1295
-3585
-3176
-1018
-168
-1648
-2230
250
2726
2672
921
-240
893
2222
1224
205
1544
3027
1740
-949
-2952
-2870
-1042
-1232
-3053
-3843
-4976
-6154
-6148
-4761
-3204
-4108
-7131
-8263
-5580
-3163
-3101
-3831
-4113
-2996
-1699
-1700
-1512
-2
1225
563
435
1988
2946
2547
1848
2529
3557
3297
2819
2720
3141
4187
4031
2949
3421
4080
3256
2829
2765
3479
4853
4460
3907
4626
4908
5263
6064
6014
4966
4881
6636
7544
6645
4883
3540
4319
6119
4680
-1870
-5443
-1604
2447
3259
-838
-6783
-7387
-4602
-3855
-5479
-5157
-2680
-3964
-7221
-7348
-3895
-1526
-3437
-4996
-2845
-543
-1352
-3158
-1752
2078
3690
2049
243
893
2547
2556
1336
1840
3481
2919
457
-1990
-2895
-3455
-3955
-2264
-2513
-4005
-5595
-9415
-8984
-5229
-4168
-5160
-6877
-6499
-5911
-5729
-4318
-3081
-1926
-1615
-2448
-2380
-1162
739
1581
1569
2551
2978
2052
1614
2388
3939
4800
3781
3281
3733
3364
2932
2722
3257
4272
4426
3383
1890
2587
3330
3088
4295
5319
5046
4756
5193
5314
5437
6520
5873
6259
8859
7881
4469
3187
4097
5802
2754
-3045
-3383
355
3369
441
-6743
-8012
-4149
-2904
-5668
-7262
-4267
-3231
-6403
-8263
-5438
-1568
-2843
-6082
-5140
-2201
-556
-1463
-2501
125
3163
2251
-335
-21
2588
3411
1845
907
1773
1450
-981
-3487
-4220
-2115
-1806
-4031
-5041
-5414
-5693
-7488
-8435
-5600
-3809
-5087
-7404
-7423
-4803
-3498
-3715
-3542
-2405
-1235
-1602
-1783
-188
2236
2974
1488
1352
3412
4351
3312
2869
3971
5271
5048
4023
3888
4657
4758
3717
3590
4795
4913
4024
3375
3672
5108
5337
4000
4158
6435
6677
5697
5464
6113
7648
8763
6964
4423
4050
4722
4769
130
-4192
-1365
2358
3161
-1439
-8592
-8777
-5776
-3638
-4032
-4357
-2956
-6434
-10296
-7821
-2445
-16
-3819
-5852
-3157
-1955
-1907
-1861
60
3079
2928
801
-336
929
3227
3235
2216
2394
2872
-528
-4882
-5434
-4013
-1126
-734
-4137
-6641
-8056
-8426
-8163
-6555
-3536
-4340
-7258
-7984
-6674
-4584
-3423
-3005
-2684
-2454
-2183
-2392
-1009
2256
4077
3439
2252
2559
3325
3017
3340
5262
6433
5526
4181
3686
3987
4647
4879
4675
4785
4876
4350
3780
3721
4947
5825
5492
6441
6933
5596
4785
5155
6549
8482
9670
8725
6200
2669
1253
-755
-3151
496
3653
3019
-971
-8246
-10343
-6901
-3635
-3824
-6370
-6113
-6764
-8929
-8953
-5969
-2239
-2735
-5799
-5992
-4075
-2751
-2371
-746
2624
4369
2629
-330
-792
910
2307
1253
485
1994
1226
-1597
-3101
-2903
-1769
-2034
-3982
-5130
-4972
-5195
-6392
-6149
-4221
-3636
-5060
-6845
-7015
-5281
-3923
-3398
-2173
-762
-342
-1131
-1467
290
2935
4018
3802
4116
4452
3738
3371
4488
6397
6575
4431
3197
3760
5269
6433
5296
4184
5203
5206
4685
4808
5089
5214
4965
5083
5609
6463
6851
6340
5285
6244
8929
9100
6772
3528
-769
-4074
-2183
2451
4002
2663
-3746
-10891
-10678
-6599
-4322
-5446
-6839
-6555
-7657
-9563
-8948
-5539
-3252
-4784
-6482
-5714
-3980
-3070
-2518
-339
2095
2917
1500
-836
-370
1830
1373
-1111
-498
2546
1682
-2026
-4350
-5157
-2782
-687
-3765
-6643
-5707
-5021
-6900
-6647
-3098
-2998
-6366
-7865
-6938
-4819
-3151
-2885
-2589
-826
1134
253
-1264
891
4476
5301
4398
4899
5879
5530
4899
5718
7716
7681
5643
4325
4267
6017
7532
6139
4683
5766
6586
5667
4917
5616
6390
4829
5205
6771
7833
8038
5178
5740
8675
7558
4512
-1349
-6248
-2851
2372
3923
2700
-3276
-10350
-11650
-7922
-5164
-5740
-5718
-6266
-8518
-9656
-8451
-5554
-4588
-5984
-6633
-5751
-3969
-3049
-2789
-630
1544
1216
290
413
1314
2494
1715
-212
543
695
-79
202
-765
-1567
-2382
-3709
-3624
-3225
-3723
-5154
-5487
-4365
-3903
-4087
-5305
-6017
-5106
-4221
-3549
-2697
-1727
-830
-224
935
2314
2821
3140
3711
4498
5521
6222
6169
6402
7458
7051
5978
5769
5850
6099
6684
6305
6058
6625
5575
3969
5001
6212
5041
5376
5162
5235
7360
6330
5515
5860
6488
8234
4503
485
-3906
-7020
-939
4312
4502
-450
-9531
-12064
-9684
-6656
-5855
-6303
-4494
-6472
-10688
-10996
-7956
-3903
-4148
-7065
-7120
-5369
-4077
-3869
-1817
1383
1676
-482
-2059
-789
2115
2996
478
-707
-341
-1527
-717
26
-174
-794
-4546
-6398
-4460
-2482
-3003
-5606
-5826
-4919
-4696
-4425
-5011
-5007
-4495
-4294
-4014
-2737
15
782
-311
512
2308
3298
3942
4521
5506
6100
5550
5701
6918
7888
7660
6161
5583
6279
6881
7006
6455
6446
6843
6382
5757
6180
6339
5073
6004
8210
8084
7827
5859
4040
7265
9265
6349
1964
-4495
-7554
-2060
3287
4185
-44
-8161
-12023
-10280
-7880
-7342
-6407
-4961
-6495
-9287
-10753
-8652
-5531
-5581
-6281
-5577
-4197
-2977
-3410
-2317
1095
2084
420
-67
1007
2061
3121
1513
-1620
-635
-918
-2682
762
1121
-2398
-4231
-6156
-5077
-2948
-3587
-5658
-6353
-4257
-4698
-5940
-4999
-4559
-4691
-5105
-4204
-2106
-472
818
594
317
2523
4204
3985
4815
6083
6118
6318
6251
7089
8231
7106
6393
6303
6988
7017
6115
6484
7196
6729
5516
4747
4750
6359
5775
4224
6364
8248
7477
4788
4061
7766
7703
3511
-2658
-9667
-6113
2091
4277
1326
-5508
-10315
-11577
-9672
-7751
-6897
-3710
-4764
-8758
-10209
-8862
-5864
-5419
-6034
-4952
-3760
-3391
-3800
-2431
1559
3283
1210
32
1393
2604
3166
1422
-1198
48
-227
-1076
-95
-424
-1420
-4728
-6393
-4569
-2931
-2668
-5668
-6761
-4747
-4562
-5259
-5507
-4907
-4367
-4247
-3836
-2426
-8
1028
461
810
2799
4515
4936
5053
6192
7393
7183
7401
8073
8308
7973
7279
7227
7976
8263
8325
6686
5812
7717
7097
6596
7325
5760
4938
6552
7267
7653
8014
6539
6855
6157
2081
-3229
-9378
-6152
1720
3682
119
-7891
-12363
-11900
-10101
-8720
-7442
-4837
-6209
-9744
-11078
-9515
-5698
-5419
-7761
-6630
-4261
-4035
-4246
-1743
1515
2842
1419
-576
1114
3690
4185
2848
-1052
-2817
-1618
-1452
1424
2176
-2753
-6747
-7880
-5044
-2683
-3597
-4824
-6517
-6079
-5305
-5281
-4562
-4660
-4913
-5397
-5106
-2226
263
715
1133
2059
3157
4180
4563
5930
7633
7759
8199
8596
8482
9161
9041
8582
8527
8673
8366
7540
7106
7077
7856
7362
7181
6619
4844
6412
7388
6996
7466
5330
6721
7941
3875
-1647
-9441
-9015
-650
3396
2090
-5918
-12436
-13269
-10886
-8645
-7807
-4603
-5025
-9315
-11375
-10110
-5554
-4234
-6493
-6443
-4263
-3322
-4312
-3922
-451
2844
2778
283
8
2142
3168
3308
2642
3376
643
-5653
-6928
-2236
3179
1359
-5764
-10401
-8681
-3556
-4594
-7297
-5850
-4439
-5994
-7750
-5301
-2416
-3508
-5636
-5544
-2426
835
1019
273
2370
6112
6963
4701
4982
8441
9489
8248
8733
10998
12422
10371
8052
7875
8037
8469
8610
8621
9164
10063
7459
4843
6585
8414
8707
7835
8109
7581
6712
6943
3576
-2448
-9623
-9006
-424
4204
2397
-6520
-14312
-13278
-11123
-10117
-7696
-3495
-3513
-9805
-13873
-10654
-4831
-4305
-6794
-5724
-4208
-4392
-5379
-4123
1110
3913
1641
-1057
-191
2772
3125
1568
2182
4855
4381
-716
-7012
-10009
-6395
-1083
84
-2076
-7139
-11816
-11673
-8556
-5332
-3574
-3644
-6350
-8259
-5521
-2739
-2895
-2829
-1778
-1032
24
1507
2825
4418
6764
7792
7153
7111
8625
10313
10004
10031
10932
11481
11138
9897
9287
8484
8345
9226
9386
9270
8677
7166
5533
6934
10593
10120
6983
4821
6030
8198
4974
-4308
-13218
-8787
2153
6489
575
-11000
-14166
-11832
-11565
-11912
-8410
-1626
-2919
-11300
-14882
-9650
-4231
-6466
-8560
-4293
-616
-3611
-8183
-4783
3142
5003
454
-2436
601
4039
2561
-592
1657
6461
4546
-866
-5120
-6164
-5626
-7858
-6625
-2471
-2614
-6711
-12781
-13973
-8330
-4255
-5530
-7216
-5051
-3601
-5218
-5444
-2547
249
349
-539
54
2222
4680
5156
5345
7945
10084
8536
7058
8844
11460
12123
10602
10183
11113
9965
8407
8531
8732
9496
9852
8213
8593
9013
8673
9619
7321
7130
9351
8441
5962
-222
-9663
-11142
-1629
5598
3656
-4490
-12491
-13569
-11831
-11422
-9057
-3649
-1836
-6836
-12609
-11568
-6493
-5541
-7274
-5154
-1902
-1924
-4974
-6018
-994
3252
1693
110
1870
2803
1323
-468
275
4808
6481
1738
-1464
-2932
-6553
-9728
-10813
-4054
1357
-3239
-9636
-15291
-13126
-7607
-5679
-4597
-4234
-3667
-6453
-8306
-4061
178
1476
207
-976
777
2566
3066
4808
8055
10397
9231
6601
7239
10054
10919
10844
11447
12209
11444
7983
6774
9052
10666
9476
7550
8038
8672
8573
8955
7862
7523
8018
8073
7550
4216
-3667
-12859
-9176
2329
6540
1569
-9159
-14092
-12511
-11547
-11457
-7897
-1355
-2431
-10143
-13237
-9034
-4666
-6268
-7338
-3839
-499
-2133
-6603
-4378
2545
4321
877
-623
1491
2816
1606
-765
661
5577
4761
-357
-2756
-2179
-4110
-9596
-9419
-7246
-5779
-3840
-9239
-12306
-9337
-8618
-9919
-8754
-3099
-2560
-5481
-5077
-3790
-811
1925
1727
828
1554
3240
3062
4107
8759
11688
9825
7528
8159
9788
10583
10353
12154
13238
10147
8328
8421
8493
10309
11510
8680
6883
8794
9955
8664
7945
8819
8228
6348
3641
-4685
-12538
-7222
2867
6638
941
-9594
-15084
-13971
-10592
-9420
-5914
-1001
-3098
-10245
-13860
-8972
-3177
-4433
-6543
-3418
-209
-2327
-5529
-3212
2848
5363
2486
164
1036
2214
1657
-1060
799
5837
4563
-984
-4138
-3802
-4103
-9515
-14094
-9983
-3951
-2545
-6778
-14240
-15001
-9943
-8175
-8225
-4499
-801
-4268
-8227
-5289
-143
2466
1900
851
1434
2961
4078
4165
6772
12159
12569
7709
6353
8988
11276
10529
9870
12479
12746
9400
7284
7552
8183
10265
10680
8142
9205
10389
9260
6208
7062
9367
4839
-1232
-9896
-10228
-1505
3785
4324
-4747
-13218
-15045
-13887
-9711
-6528
-2060
-2204
-8593
-12140
-11078
-5725
-2948
-4224
-4191
-3029
-2039
-3636
-2992
1352
4317
4087
1823
1736
2015
1279
-78
-250
3599
5647
2828
-1665
-4871
-5620
-7816
-10479
-9621
-7488
-5444
-6728
-10895
-12018
-10594
-8903
-8460
-7077
-3203
-2451
-4184
-3656
-1225
1133
2224
2534
2503
3126
3812
4353
6351
10140
13107
11349
8112
8617
10406
11048
11325
11934
12248
10896
9380
8923
8849
9188
9098
9359
9848
10542
10859
7888
7165
6752
2574
-2292
-9106
-7646
-1310
1991
1628
-7721
-14520
-15120
-13152
-10474
-6844
-1116
-1669
-7863
-13097
-11865
-5112
-2337
-2503
-2239
-2026
-2915
-4623
-2048
3542
5937
3742
979
2127
4017
3527
769
504
3744
4068
1959
-1160
-3976
-5844
-10484
-16501
-13460
-5275
-1928
-5062
-13874
-17469
-12547
-7870
-6785
-5274
-1399
-2521
-7142
-5342
701
3546
2756
1371
1639
3874
5695
5151
6373
11202
13812
10794
7687
9529
11872
11157
9726
11296
13020
10983
9331
7930
7368
8162
9147
10701
11118
11865
9758
5732
4577
3932
-1244
-9702
-7667
316
2718
240
-8477
-14915
-14939
-12717
-11045
-7996
-1898
-1555
-8710
-13336
-9971
-4488
-4352
-4196
-1243
-93
-3112
-6255
-2680
3651
6020
3640
654
984
2403
2403
722
2269
5504
3379
-349
-1879
-2070
-3267
-5516
-6570
-10094
-11569
-10252
-13065
-11423
-8336
-8982
-8909
-9989
-9930
-8704
-5197
-2185
-1889
590
2160
1161
775
1865
3913
5160
5924
6666
7619
9283
10427
10326
10681
11355
11216
10806
10330
10533
11414
10313
8410
9511
9833
8174
7527
6976
9295
11237
10640
9493
5514
3299
-2810
-12574
-8555
2447
6917
2172
-9142
-15877
-16816
-13688
-11038
-6200
489
-1095
-9757
-15317
-10926
-4059
-2775
-3109
-1817
-261
-2895
-6047
-2984
3483
6142
3082
888
2015
2887
2113
-266
925
5380
5430
1288
-2119
-3052
-4529
-6915
-11982
-14501
-9454
-5678
-5974
-9604
-14183
-13572
-10625
-7973
-6409
-2967
-274
-3363
-5001
-1605
2556
3933
3021
2986
3319
3989
5313
7011
10389
13594
11979
8218
8364
10964
12810
12176
10826
12182
11486
8871
8364
8840
9198
9726
10060
8074
8306
10823
9628
6642
2740
-3110
-9774
-8256
431
4378
1323
-7851
-15034
-16624
-14603
-11080
-6726
-1415
-1577
-8708
-13613
-11306
-5452
-3633
-3116
-298
470
-3160
-6592
-2567
3972
5689
3959
1710
1382
1363
1099
818
3224
6453
4523
606
-1287
-1502
-3224
-5569
-7639
-12369
-13544
-10147
-7921
-6520
-8908
-12960
-13897
-11013
-7659
-5532
-1941
-407
-2026
-1794
686
2575
3105
3748
4313
4832
5551
6120
7775
10748
12621
11501
8963
8678
10697
12162
11527
11234
12103
11706
9560
8215
8406
8278
8377
9209
9003
9647
10444
6522
2539
-276
-8413
-12166
-4639
4368
5885
-4083
-14535
-17271
-15719
-13658
-10039
-2018
1870
-4747
-14774
-15983
-7483
-2605
-2681
-1607
82
-1371
-6571
-5885
1939
6857
4701
992
366
1296
2136
726
320
3802
5093
2859
-793
-2612
-3075
-4934
-6907
-10531
-12577
-10684
-9460
-8464
-8835
-10503
-11965
-11775
-9077
-6234
-3070
-1183
-956
-286
1020
2616
3209
3695
5078
5663
5594
5944
7645
10668
12624
12072
10244
9200
10010
11851
12102
12064
11880
10775
10456
10428
10033
8769
7377
7558
9524
10915
10129
6016
1814
-3797
-13279
-11914
-1213
6806
4613
-10338
-19621
-17952
-13180
-11320
-8701
-684
552
-8906
-17234
-13633
-3324
-1286
-4329
-2493
1633
-743
-7180
-4694
4811
9223
5167
443
817
2737
2632
129
2280
6880
5185
267
-2503
-1917
-2109
-4405
-7361
-11171
-12552
-10825
-8770
-7505
-8034
-10781
-13311
-11273
-7842
-5324
-2728
-1042
-716
-688
1400
3723
3735
3717
4687
5861
6694
7549
8824
10778
11866
11077
9648
9295
10892
12627
11491
10534
11658
12342
10789
9043
8798
8491
9035
10127
9453
9314
9318
6018
-164
-8517
-13577
-7809
2327
7499
220
-13686
-19705
-17377
-13815
-10895
-3614
2485
-3013
-14379
-17509
-9511
-1977
-2363
-3276
-441
317
-4577
-7384
-833
7633
7884
2096
578
2548
2520
97
-355
4435
6483
2899
-1019
-2392
-2777
-4292
-5861
-8374
-11232
-10629
-10239
-10413
-8833
-9496
-11082
-11097
-9373
-7764
-5703
-2325
-1779
-1562
809
3017
3605
3470
3891
4892
5794
6615
8424
11006
12663
11968
9756
9223
10840
12778
12922
10739
10929
12101
10545
9743
10310
10942
10854
10081
8184
7180
8313
6311
2028
-4123
-10120
-7925
-3543
752
-35
-8754
-15577
-17759
-15596
-12487
-7460
-1664
-2655
-9050
-14169
-11769
-6167
-3786
-2145
-312
88
-2693
-4951
-1568
4230
6755
4311
2142
1872
2194
2542
1836
3859
5109
2912
679
-949
-1979
-3508
-4690
-5357
-9473
-13934
-14009
-10769
-6453
-5474
-9379
-13291
-12301
-8562
-6341
-3573
441
1614
-165
-449
1684
4081
5285
5607
6346
7176
7353
8153
10508
13277
13692
10757
8589
10188
12252
11600
10452
11717
12752
10635
8367
9453
10688
9961
8743
7574
8212
7727
4353
-1700
-9647
-9904
-4498
241
1174
-6457
-14349
-16942
-14956
-13107
-10727
-4065
-954
-6521
-14169
-13667
-6089
-3076
-4314
-2973
-4
-1434
-6030
-4618
2369
6687
4301
831
1411
2528
2117
81
1410
5104
4288
993
-982
-1575
-3127
-4765
-4752
-6094
-10353
-12929
-11588
-9563
-8087
-8987
-11310
-10760
-8279
-7073
-6469
-3437
2
224
275
2296
4104
4350
4398
5406
6768
7959
8715
9698
11518
12339
10912
9533
10757
13016
12738
10226
10188
12047
10912
8881
10046
11561
10368
8849
7984
8406
9423
6240
1884
-2992
-8532
-8546
-3892
2275
2036
-8578
-17141
-17373
-13282
-11785
-9287
-3072
-1518
-8500
-15536
-13485
-5977
-2982
-3541
-2342
-842
-3271
-6606
-4079
3737
7599
3942
703
1245
2520
2053
711
3172
5723
4411
1417
-665
-1776
-3396
-4444
-4968
-8951
-12043
-10294
-8303
-6890
-8050
-12227
-13128
-9759
-6795
-6439
-3936
-816
-1346
-1988
176
3278
4735
4519
4828
5677
6564
7808
9511
12277
14148
12648
9560
9618
12480
14063
12664
11617
13032
12258
9473
9160
10922
10953
9509
9293
9546
9663
7023
2784
-775
-6937
-10264
-6258
1373
5025
-5363
-17940
-19686
-14227
-11828
-11576
-5574
-427
-6025
-16179
-17023
-7475
-1673
-3764
-4499
-1038
-1343
-6949
-7651
680
7863
5369
-156
-185
2290
2498
99
1856
6394
5526
1268
-979
-894
-1483
-3859
-4889
-4731
-7934
-12673
-14392
-11964
-6844
-5951
-10330
-12965
-11231
-8430
-7029
-4536
-377
1527
509
-437
1031
3845
5684
5978
6211
7176
8288
9198
11158
13764
13691
10804
9995
12162
13781
12437
11733
13076
12282
9774
8954
9963
11155
10764
8647
8475
9694
7359
2052
-6190
-11786
-7424
-49
4581
435
-11806
-19611
-19023
-14272
-10980
-6534
-1386
-3551
-12968
-17984
-12274
-3893
-1991
-3288
-2424
-1853
-5516
-7709
-2431
5367
6653
1891
135
1694
2380
758
409
5058
7225
4074
830
-181
-1362
-3826
-4679
-4890
-8262
-11388
-10894
-8312
-6838
-9155
-12866
-12850
-9385
-7467
-6917
-4451
-2008
-1840
-1710
392
2950
4048
4119
4794
6065
6890
7971
10209
12816
13980
12261
9900
10419
12979
14325
13245
12789
13360
11906
10003
10174
11046
10728
10081
9992
9875
9474
7001
3288
-2
-6867
-10908
-6174
1946
5052
-4837
-17046
-19828
-15804
-12756
-10922
-4819
-289
-6207
-16826
-18528
-9512
-2263
-2900
-3913
-1915
-3071
-8025
-7661
773
7666
5058
-334
-104
2277
2192
243
2476
6740
5969
2309
622
615
-1336
-4375
-4517
-4321
-7866
-11474
-12035
-9121
-6758
-8855
-11839
-11641
-9310
-8591
-7526
-4075
-1033
-765
-1130
-471
1435
2966
4036
5123
5843
6611
7658
9638
12340
13656
12177
10482
10914
12503
13399
12725
12976
13190
11614
10557
10880
10789
9356
8855
9786
11433
11165
6933
2527
-1004
-7346
-11078
-6000
3177
6442
-4310
-17857
-20820
-15252
-10929
-10038
-5347
-561
-5449
-16519
-19108
-9470
-1353
-2415
-4728
-2703
-2582
-7314
-8048
378
8153
6272
272
-328
2361
2342
9
2488
7731
7516
2841
-49
-128
-1132
-3222
-3304
-4683
-9463
-12048
-10839
-7073
-6025
-9961
-12653
-11423
-8862
-8447
-6765
-2798
-1234
-2425
-2436
-123
2133
2372
2899
4348
5044
5552
7321
10834
13458
12819
10316
9552
11272
13026
13012
12512
13441
12681
10683
10605
10614
9938
9215
9407
10961
11421
9900
6065
2792
482
-6257
-10140
-5465
3146
6223
-4594
-17184
-19990
-14562
-10491
-9800
-5789
-1739
-5836
-16213
-19149
-10361
-1905
-2422
-5581
-4007
-3731
-7776
-7919
3
7323
5603
-236
-679
2069
2582
760
3116
7718
7001
2285
-170
770
-222
-2754
-3516
-5372
-8471
-10689
-10025
-6702
-7006
-10465
-12178
-10300
-8141
-8593
-7040
-3798
-2151
-2686
-2483
-400
1382
1461
2382
4297
5170
5826
7652
11113
12915
11502
10038
10617
12259
13398
12787
12814
13474
12289
11060
10467
11041
9998
8643
9285
10324
11964
11002
8007
3815
704
-5261
-10523
-6613
1890
7510
-925
-15374
-20579
-15906
-10534
-10302
-7313
-1663
-3460
-14107
-20102
-13017
-3111
-1745
-5200
-4535
-3508
-7522
-9023
-1890
6847
7028
718
-1146
817
1879
950
3173
8161
8144
3190
-242
549
645
-1174
-2521
-5006
-8162
-10173
-9029
-6548
-7475
-10531
-11725
-9430
-8347
-9293
-8053
-4778
-3229
-3850
-2708
-98
967
345
654
3010
4432
4847
6793
10084
11673
10253
9225
10156
11864
12710
12692
13226
13097
11726
10523
10893
11400
10475
9735
9701
10541
11438
10337
9172
6900
4798
1624
-7406
-11013
-5036
5122
7848
-4460
-17321
-19843
-13803
-10632
-10024
-4777
654
-4962
-17524
-20419
-10899
-1672
-1898
-5047
-4156
-5500
-9250
-7906
633
7830
4779
-1333
-2030
789
1815
1910
5396
8540
6182
716
24
2009
1497
-658
-1215
-1345
-7558
-13800
-13693
-8602
-3439
-5390
-10520
-12978
-11928
-11016
-9829
-4909
-514
-294
-2383
-3653
-3192
-666
2538
3859
3982
4135
5114
6637
8370
10646
11236
10085
9164
9895
11891
12613
12720
12463
11992
11361
10608
9603
8654
9284
10378
11372
12346
11709
8202
3702
2213
-2784
-9354
-6629
1833
9338
3708
-11541
-20034
-16990
-9477
-8663
-7634
-2051
-458
-10609
-20035
-16571
-5555
-488
-4231
-5599
-4821
-6915
-8643
-4216
4044
6455
1167
-2027
-282
2321
2747
3179
6795
7839
4001
931
2181
2546
-316
-2289
-797
326
-4965
-12611
-15560
-11770
-5348
-3237
-6931
-11494
-12974
-12644
-10796
-6248
-101
2266
-772
-4531
-5328
-1678
2760
4096
4506
4854
4383
3774
5274
9821
12446
10972
9074
9655
11031
11523
11749
12495
12777
11409
9597
8623
9475
10011
10841
11242
11212
10404
7313
4179
3396
824
-6760
-8119
-1691
7551
6323
-7793
-18262
-17159
-10003
-9073
-9209
-3137
1295
-7246
-19179
-18541
-7530
-985
-3939
-5547
-4039
-5802
-9531
-7059
1672
6172
1717
-1399
653
2055
462
464
6180
9494
5838
1452
1751
2320
-1087
-2998
438
3842
-129
-10452
-16540
-13816
-6624
-1139
-2828
-8351
-12996
-13461
-10978
-6970
-1584
1612
767
-3171
-6377
-4617
665
3722
3820
3754
3628
2715
3041
6667
11018
11545
9234
8352
9869
10933
10295
10269
11508
11551
10296
9251
9433
10052
9108
8892
9759
10735
9660
8637
8071
6694
-1454
-11619
-9043
2064
12443
7100
-8256
-17288
-16110
-10972
-9867
-5218
1908
1693
-10306
-20032
-16864
-6271
-310
-1840
-4037
-6304
-9685
-10016
-4155
3348
5058
695
-1537
-1473
-1119
-209
3428
8017
7471
2814
293
1408
1199
-500
269
2819
3076
-2560
-10366
-13464
-10343
-3872
-442
-3398
-9169
-12550
-11525
-9204
-6399
-2205
1198
378
-4159
-7008
-4374
17
1581
2043
3011
2920
1258
1376
4571
8957
10311
8706
7557
7155
7379
8659
11709
13057
11552
9152
7880
7667
7383
8459
10532
12093
10619
7396
6138
6258
5707
1020
-6487
-7041
-996
7256
7454
-3909
-14281
-15966
-10149
-7195
-5824
-2193
-46
-5816
-15215
-16902
-9968
-2240
-1953
-4696
-6352
-8646
-9286
-5775
828
3688
858
-1700
-1267
-140
39
2179
6217
7372
3270
-75
1452
3161
2199
1050
1671
2516
377
-5799
-10670
-9997
-4747
135
-138
-5593
-11501
-12193
-9078
-6343
-3669
-188
635
-2576
-6751
-7315
-3554
624
2865
2853
1237
-511
218
4564
9157
10111
8042
6496
6252
7055
9238
12327
14047
11806
7740
5570
6844
8832
9879
10498
10247
8518
7317
7019
8082
8651
6998
2625
-5863
-7364
-1906
7537
10194
-392
-11955
-15803
-10430
-6501
-4323
-1484
372
-4399
-13597
-17078
-12327
-3935
-710
-2565
-5964
-10260
-11263
-7124
-1185
2303
644
-1558
-2040
-2417
-1900
378
4754
6507
3433
206
689
2320
2262
1710
1769
3124
2696
-839
-6559
-10436
-8190
-2181
2953
1679
-6134
-13202
-13591
-9128
-3870
401
1611
-1142
-6409
-9675
-7383
-1175
3875
3628
775
-1969
-2179
1367
6324
9705
8690
5404
3109
4513
8154
10778
10988
9014
6697
5841
7204
8733
8511
7240
6350
6480
7262
7974
8348
7760
7291
5824
3190
-1972
-5880
-2722
4880
10167
3261
-8055
-12412
-8792
-4191
-3723
-2013
174
-2022
-9973
-14904
-11181
-4018
-1018
-2855
-5342
-8695
-10891
-8665
-2717
1477
-309
-3392
-3022
-1474
-1713
-2134
624
4060
3875
1718
905
1253
973
1021
2789
4621
3989
818
-1491
-3129
-4742
-5544
-3336
561
1083
-2419
-8233
-10797
-8529
-3817
-39
143
-1734
-3627
-3923
-3557
-2504
663
4324
4917
1356
-2047
-1688
2117
6321
7544
6029
3489
2193
2621
3850
5267
5873
5806
5054
3422
2461
2964
4389
4848
4226
4235
4874
5330
4064
3500
4224
6314
7090
4972
1091
-3246
-1933
3073
8246
7237
374
-5128
-6539
-3605
-1521
-26
1495
1165
-2357
-7279
-9187
-7286
-3936
-1970
-2138
-4061
-6860
-8047
-6566
-3980
-2369
-2694
-2808
-2514
-2663
-3117
-2921
-986
1183
2600
2466
877
-1146
-1792
352
2951
3991
2294
-538
-2817
-3828
-2705
-531
1487
1573
-504
-3775
-5622
-4379
-1030
2109
2342
312
-1883
-2610
-2038
-1231
159
1068
517
-874
-2220
-1974
-762
1048
2194
1213
-719
-1737
-205
1683
1952
1339
596
367
-71
-129
1032
1842
1491
567
796
1749
2260
2342
2389
2502
2144
1992
2726
3828
4165
3971
3893
4032
2995
1048
492
2298
5566
6975
5017
1213
-1621
-1699
433
2994
4645
4305
1980
-964
-2929
-2411
-437
1187
1472
193
-1583
-2975
-3328
-2324
-882
-171
-260
-894
-1469
-1813
-1968
-1789
-1525
-1036
-738
-1057
-2162
-3394
-3668
-2790
-1215
-486
-1191
-2597
-3218
-2511
-1456
-1118
-1696
-2129
-2277
-2341
-2625
-2778
-2536
-2145
-1779
-1603
-1695
-2120
-2304
-1955
-1122
-344
-275
-485
-839
-1312
-1932
-1952
-1336
-343
187
-151
-219
-929
-878
-490
74
963
722
655
357
409
752
771
1300
1539
1745
1864
1534
1358
1581
2508
3358
3566
2999
2551
2855
3316
3441
3045
3032
3250
3982
4492
4230
3478
2602
2654
3015
3376
3545
3370
3284
2637
1847
1636
1680
1685
1285
1032
855
413
-234
-632
-547
-676
-1131
-1721
-1824
-1682
-1550
-1369
-1475
-1978
-2600
-2736
-2427
-2295
-2655
-3025
-3063
-3078
-3457
-3949
-3948
-3427
-2903
-2593
-2602
-2941
-3270
-3108
-2592
-1829
-1516
-1568
-1830
-2316
-2638
-2653
-2015
-1221
-927
-1073
-1464
-1650
-1229
-394
409
423
-152
-633
-498
135
691
837
723
418
321
492
640
864
1009
1381
1748
1885
1685
1463
1321
1450
1937
2508
2837
2533
1809
1204
1347
2040
2990
3318
2813
1903
1312
1485
2085
2652
2799
2519
2012
1714
1736
1970
2196
2081
1775
1624
1678
1749
1524
920
499
622
1070
1349
849
-41
-731
-840
-417
-152
-249
-704
-1197
-1596
-1830
-1784
-1606
-1241
-1258
-1667
-2104
-2279
-2211
-1937
-1613
-1434
-1518
-1932
-2309
-2514
-2356
-2122
-1744
-1409
-1505
-1921
-2289
-2204
-1838
-1431
-1304
-1445
-1747
-1913
-1627
-1214
-957
-1290
-1798
-1846
-1497
-1003
-715
-661
-653
-611
-511
-335
-387
-530
-342
88
527
596
386
140
-131
-188
175
806
1118
907
569
602
951
1190
1203
1117
962
984
1265
1572
1718
1329
860
841
1193
1565
1779
1766
1644
1472
1310
1472
1694
1801
1810
1843
1840
1598
1095
833
961
1476
2091
2203
1702
959
535
814
1478
1936
1879
1370
709
341
492
880
1067
711
-5
-432
-409
-48
239
209
-85
-542
-786
-732
-672
-725
-916
-918
-854
-857
-1010
-1333
-1578
-1642
-1440
-1158
-975
-1210
-1663
-2003
-1953
-1686
-1474
-1443
-1547
-1766
-2010
-1999
-1901
-1584
-1474
-1517
-1635
-1712
-1566
-1397
-1234
-1053
-822
-780
-888
-1145
-1207
-928
-457
-36
58
-229
-598
-695
-294
278
675
617
253
-88
-204
63
534
942
904
576
188
79
234
593
924
1055
1009
865
668
460
457
696
1164
1541
1598
1225
777
662
1017
1510
1820
1807
1479
1186
1151
1443
1841
1979
1824
1576
1517
1610
1712
1660
1570
1505
1467
1447
1308
1164
1062
1081
1128
1075
917
676
511
449
386
333
298
116
-194
-493
-711
-630
-500
-551
-819
-1274
-1611
-1716
-1622
-1420
-1348
-1482
-1726
-2050
-2246
-2264
-2180
-2033
-1851
-1714
-1754
-2017
-2293
-2331
-2107
-1764
-1475
-1325
-1379
-1603
-1699
-1572
-1291
-1076
-968
-918
-929
-886
-731
-509
-422
-471
-556
-389
-61
155
189
100
-6
-32
27
158
283
330
374
426
602
643
560
522
559
695
842
997
1129
1070
994
889
894
1012
1113
1230
1255
1212
1076
989
1041
1202
1348
1387
1231
1091
1005
977
1044
1077
1038
938
872
850
875
785
726
750
772
711
463
308
385
507
474
344
217
163
93
79
95
95
54
5
98
125
-20
-273
-454
-443
-310
-201
-126
-229
-472
-709
-839
-703
-521
-409
-502
-691
-864
-926
-855
-746
-645
-689
-725
-798
-801
-748
-680
-605
-628
-728
-833
-865
-859
-777
-702
-639
-633
-738
-901
-992
-914
-661
-393
-302
-368
-538
-662
-564
-314
-23
121
-14
-242
-333
-199
37
249
341
276
151
71
131
293
463
527
507
453
408
376
425
522
586
555
525
568
587
608
657
738
743
668
477
393
428
555
678
676
655
518
358
292
359
498
617
650
605
485
356
362
454
520
520
481
418
390
339
309
315
307
268
187
127
95
59
27
30
-48
-172
-268
-304
-236
-186
-179
-280
-477
-613
-612
-528
-467
-494
-572
-642
-700
-797
-878
-879
-825
-767
-709
-659
-693
-768
-859
-884
-772
-637
-508
-500
-641
-771
-827
-698
-459
-375
-458
-577
-604
-472
-327
-210
-150
-153
-173
-144
-47
44
126
188
261
325
295
211
176
241
399
533
576
491
377
363
441
615
751
767
651
523
488
550
667
730
706
609
487
425
502
654
729
663
536
451
423
435
462
494
483
435
325
234
180
129
125
148
162
111
34
-14
-46
-92
-126
-115
-70
-41
-25
7
-16
-151
-333
-388
-323
-217
-137
-186
-341
-483
-530
-405
-294
-247
-300
-412
-504
-554
-495
-325
-195
-235
-375
-525
-531
-420
-244
-115
-105
-185
-305
-407
-382
-263
-81
66
24
-151
-364
-402
-262
-9
169
163
21
-220
-322
-215
13
206
272
153
-40
-176
-140
39
226
305
222
98
-12
-25
47
188
310
330
270
141
40
5
70
188
281
280
168
-6
-110
-68
29
143
170
131
41
-46
-102
-82
11
93
122
61
-7
-82
-108
-70
19
92
115
80
29
-17
-44
17
166
310
291
161
20
21
116
234
315
285
181
60
19
98
206
291
314
259
235
204
243
326
403
442
411
319
244
233
258
300
282
213
122
52
3
28
71
92
43
-44
-114
-144
-103
-47
-14
-86
-192
-260
-255
-201
-166
-152
-177
-247
-324
-341
-284
-219
-230
-275
-308
-333
-364
-408
-404
-355
-304
-295
-334
-363
-365
-344
-343
-339
-314
-294
-303
-339
-363
-394
-406
-388
-331
-247
-194
-195
-221
-209
-165
-140
-124
-92
-39
10
26
27
30
66
111
167
213
221
233
273
337
399
435
446
468
484
489
496
529
562
537
515
544
586
607
581
543
532
533
580
624
629
604
535
453
412
406
403
346
259
198
166
195
196
165
96
3
-65
-83
-48
-20
-67
-167
-243
-268
-265
-300
-354
-413
-505
-591
-627
-603
-564
-627
-760
-873
-921
-873
-793
-723
-725
-804
-900
-901
-812
-709
-638
-612
-645
-709
-740
-686
-556
-430
-379
-396
-429
-430
-384
-267
-111
15
64
40
33
80
170
274
375
431
451
426
421
460
552
657
732
772
753
703
708
797
903
975
964
930
856
794
805
859
930
938
891
826
769
704
655
615
580
569
558
519
434
333
265
245
269
254
165
105
6
-69
-149
-191
-188
-230
-277
-396
-462
-488
-527
-519
-508
-536
-645
-745
-759
-724
-669
-694
-739
-766
-820
-861
-855
-782
-714
-714
-724
-735
-709
-659
-597
-523
-478
-466
-462
-412
-360
-291
-229
-174
-126
-96
-86
-64
-3
74
177
247
281
269
267
304
334
400
472
556
572
553
506
533
580
593
610
595
596
565
551
529
521
526
538
513
516
467
418
419
425
426
398
382
330
300
265
211
202
207
179
141
61
-15
-64
-98
-102
-137
-163
-218
-272
-299
-319
-301
-348
-384
-420
-461
-494
-517
-492
-506
-522
-531
-526
-497
-521
-548
-545
-498
-463
-443
-398
-407
-423
-441
-421
-328
-252
-227
-211
-197
-162
-98
-20
29
50
53
56
79
131
200
279
334
345
325
307
295
308
385
440
466
451
427
393
395
425
450
486
449
395
356
326
342
340
321
312
231
159
122
82
68
34
-4
-51
-90
-130
-143
-131
-135
-163
-173
-187
-219
-223
-246
-256
-271
-303
-344
-355
-359
-360
-372
-387
-408
-387
-393
-405
-343
-314
-298
-311
-307
-294
-281
-270
-237
-195
-160
-118
-130
-145
-129
-87
-67
-45
40
108
113
98
125
156
197
215
236
299
327
294
278
346
355
377
392
397
409
418
422
360
308
427
439
301
335
398
336
244
207
269
286
232
246
181
183
220
230
115
-3
82
172
-69
-251
-13
40
-131
-409
-414
-145
46
-1350
-1118
1351
185
-1174
-187
77
-329
-518
-865
-469
673
-533
-1379
71
-21
-831
-669
-679
-927
-147
-25
-251
-106
-199
-170
-683
-615
-636
370
-542
-1445
372
-296
-1320
-642
-6
-46
338
-151
-520
918
271
-712
373
1010
710
273
202
420
247
-179
-152
129
110
551
826
629
948
489
132
-141
45
555
504
939
992
553
85
99
-302
-609
503
566
482
1132
857
405
195
-98
-338
50
420
513
572
664
482
-175
-429
-345
-105
121
512
609
344
470
21
-469
-284
-183
-89
161
331
306
150
-238
-497
-205
1
119
504
419
455
453
-71
-48
51
-41
178
506
487
475
419
-52
-256
-33
132
235
464
589
383
167
22
-86
63
232
56
395
502
113
115
-61
-146
-13
133
-8
329
220
40
66
-168
-208
-294
-148
-197
-123
-108
44
-172
-263
-360
-470
-300
-238
-219
-154
-144
-639
-590
-514
-523
-626
-435
-266
-265
-504
-751
-649
-754
-611
-74
-31
55
-429
-745
-686
-1042
-728
-379
-308
-116
-213
-641
-479
-427
-705
-400
32
40
228
105
-213
-149
-614
-482
-148
-250
331
311
-71
200
-123
-468
85
89
56
636
317
321
324
-224
-219
303
297
252
478
182
207
17
41
579
229
240
267
238
178
139
71
293
250
-456
-153
432
267
-653
-170
218
-130
-4
-105
42
312
-305
-587
264
49
-292
-39
27
-105
-291
-551
-310
24
-610
-207
91
-71
-114
-315
-391
-191
-551
-463
116
-288
-153
-181
-623
-648
-463
-555
-277
249
185
-107
73
-515
-645
-340
-77
376
599
385
-308
-274
-446
-418
-274
471
389
754
404
20
198
-203
26
256
705
722
768
441
168
-132
-199
-78
434
712
870
629
190
406
-195
25
472
455
524
853
313
35
333
-199
-49
182
300
609
358
314
250
-43
-80
83
108
251
562
314
292
15
-39
-42
216
252
258
281
135
266
-183
-130
-72
-93
416
255
120
-10
-360
-247
-233
-151
254
376
-43
-125
-284
-448
-198
-32
83
315
32
-129
-276
-232
-246
-296
-130
253
230
-159
162
-305
-376
-123
-149
128
414
181
-121
35
-366
-623
-192
10
217
65
-70
93
-268
-461
-413
-212
255
67
-174
12
-107
-444
-400
-118
-206
96
-81
-174
426
-126
-509
-106
-57
43
234
130
240
23
-466
-679
-86
222
149
116
-25
305
-400
-739
-180
-247
79
246
21
355
-21
-517
-430
-118
-70
241
486
305
290
-113
-252
-79
14
11
436
484
366
139
-383
-432
-514
0
177
274
376
30
-508
-415
-262
-19
320
274
359
197
-105
-453
-293
-141
-27
451
645
596
167
-361
-177
-16
172
422
620
719
87
-290
-302
-518
-260
106
-5
286
452
-66
-534
-302
-394
-80
337
300
234
27
-322
-373
-101
-33
-3
28
109
190
-77
-303
-30
-256
62
299
302
239
-101
-181
-133
-70
-158
281
27
-167
-1
-236
-283
78
-84
-176
278
-78
-20
205
-73
43
280
57
172
207
-63
-21
58
52
299
364
84
56
-105
-47
-17
-63
57
185
132
141
182
-128
-85
-128
-105
139
341
269
212
92
-49
-139
-55
15
98
114
129
130
93
-123
-402
-183
-118
48
92
124
-66
-56
-162
-309
-39
-163
-119
125
82
-101
-217
-289
-287
-239
-146
79
150
-151
-77
-292
-276
-67
-179
-10
157
18
-80
-51
-219
-152
-140
-220
130
307
-36
-41
-58
-243
-3
-45
-39
268
264
-20
1
-10
-88
-15
-140
64
231
72
90
27
-80
-156
-78
-24
247
259
56
152
123
99
88
-52
52
224
188
262
236
135
35
111
-14
-82
104
97
49
23
32
47
-49
-45
-145
-23
15
-129
39
80
61
48
-13
-160
-1
-23
-41
154
129
55
169
-15
-188
103
-26
-58
132
43
-3
22
-141
-27
17
-204
-149
1
-56
41
104
-152
26
57
-304
7
32
-105
136
-39
42
143
51
-159
-28
1
-43
280
122
161
286
-25
-57
182
-99
20
160
-13
107
87
-96
-216
-46
-124
55
119
-71
-6
-45
-141
-138
-75
-114
52
19
52
15
-46
-137
-239
-101
-99
123
187
182
-23
-104
-207
-201
-122
-87
52
24
17
-59
-102
-396
-347
-275
-150
57
141
52
-7
-208
-437
-227
-27
109
193
240
112
72
-73
-115
-13
46
196
242
259
107
-36
-150
-205
-3
41
243
239
52
69
-104
-193
-48
71
155
309
213
129
95
-93
-221
11
93
205
377
188
119
0
-211
-175
45
52
286
352
122
-46
-207
-300
-237
-58
97
179
175
-2
-162
-248
-282
-118
-55
113
164
45
-44
-269
-337
-291
-123
44
92
124
-110
-240
-320
-283
-61
33
105
81
-101
-261
-273
-260
-145
8
134
166
121
26
-172
-142
-33
132
241
255
247
97
-7
-61
-39
69
159
155
189
174
62
-35
-104
-62
29
148
265
311
162
-24
-128
-134
24
201
307
288
202
80
-21
-48
-10
83
171
168
128
65
-46
-139
-148
-62
29
136
177
49
22
-104
-169
-63
-22
62
86
40
-9
-78
-135
-205
-129
-38
64
105
-8
-76
-170
-218
-205
-135
-21
35
-14
-76
-122
-137
-86
-42
-25
32
41
17
36
17
-46
27
13
6
85
18
75
34
-9
43
50
111
41
50
20
13
67
-9
46
12
-3
31
-2
62
64
49
55
45
44
0
-15
32
71
107
103
6
20
-36
-130
-55
-19
-14
-36
2
-14
-30
-27
-159
-63
-51
-45
31
75
81
-43
-103
-180
-110
-66
-22
39
5
-76
-106
-120
-120
-55
-85
-3
14
-37
-54
-85
-81
-69
-26
-63
8
23
-60
-66
-32
-18
2
-12
1
32
13
2
8
18
-12
26
90
69
64
-16
-28
-13
4
68
56
75
46
24
2
-5
9
70
110
74
53
69
58
-6
17
12
39
29
51
51
55
43
-18
-13
-57
-31
-47
-31
-7
37
30
-4
-65
-144
-121
-91
-8
-15
-27
-113
-143
-115
-117
-56
-87
-27
-51
-48
-46
-91
-40
-110
-67
-56
-6
-13
-61
-56
-54
1
-32
-41
21
36
54
60
28
26
-42
-18
24
91
126
93
76
61
43
36
80
105
116
116
95
94
115
81
29
50
45
90
162
156
149
96
39
3
40
123
154
181
129
78
-18
-87
-69
-26
36
74
68
44
-13
-64
-103
-98
-34
21
55
15
-32
-71
-125
-120
-80
-58
-3
-3
-34
-64
-105
-135
-135
-73
-53
-40
-47
-81
-100
-119
-91
-61
-24
-2
-13
-31
-43
-64
-64
-13
10
48
30
32
1
-27
-40
-37
-4
14
80
77
43
12
-12
-13
-8
16
75
98
72
47
24
-3
-5
35
51
111
102
53
17
-30
-29
-20
-3
-8
9
18
9
-8
-55
-53
-54
-39
29
51
33
13
-17
-37
-50
-29
7
39
49
-20
-36
-67
-85
-50
-29
0
-38
-38
-52
-57
-55
-57
-49
-37
-3
4
8
-25
-33
-51
-54
-62
-54
-5
19
18
7
2
-10
5
25
46
61
60
40
12
14
15
6
10
19
27
48
37
40
36
25
14
13
35
24
32
23
6
7
14
8
8
20
59
58
37
16
-18
-16
-24
-11
2
8
-13
-20
-33
-46
-24
-24
-33
-39
-46
-44
-30
-20
-35
-17
-23
-29
-27
-37
-38
-47
-34
-39
-16
-2
-13
-9
-20
-27
-32
-56
-59
-41
-9
-21
-25
-27
-33
-14
-30
-2
7
31
20
28
28
17
15
-6
16
11
33
39
49
35
19
27
17
49
65
62
57
52
45
25
35
42
32
31
31
32
27
11
25
45
61
62
53
46
34
24
1
-6
1
14
15
9
-5
-34
-56
-67
-51
-22
-8
-5
-8
-19
-43
-54
-45
-48
-43
-36
-15
-12
-38
-52
-62
-63
-54
-32
-18
-13
-17
-41
-50
-52
-37
-14
8
30
35
26
10
2
3
21
25
30
43
40
30
16
14
12
34
40
35
35
43
57
64
58
40
38
41
55
57
61
50
32
23
8
7
8
16
20
18
5
-3
-10
-18
-16
-21
-26
-32
-33
-29
-28
-26
-39
-45
-46
-46
-50
-38
-23
-11
-18
-38
-54
-51
-44
-39
-28
-19
-26
-35
-38
-38
-46
-54
-38
-36
-32
-22
-13
-13
-15
-19
-22
-24
-15
5
17
39
33
28
16
13
19
20
20
21
39
43
46
44
49
45
45
52
59
59
57
57
50
46
52
60
67
71
59
45
22
16
23
35
49
59
59
40
14
2
5
20
25
31
33
25
14
-3
-13
-29
-40
-32
-14
-3
-18
-33
-34
-45
-52
-55
-47
-38
-35
-44
-59
-59
-71
-75
-65
-55
-55
-56
-56
-47
-38
-43
-43
-39
-36
-35
-41
-34
-24
-15
-19
-30
-28
-20
-11
3
8
4
-1
-11
-8
7
23
24
28
31
32
41
47
51
49
44
36
40
43
62
65
60
57
42
35
30
29
25
34
42
46
33
20
13
14
17
15
16
19
22
11
-4
-17
-23
-21
-17
-8
-2
-10
-34
-47
-51
-45
-31
-26
-13
-18
-31
-50
-55
-44
-36
-19
-22
-24
-37
-41
-46
-37
-28
-12
13
21
25
9
9
-5
1
10
22
28
24
37
39
41
29
25
31
29
39
46
37
33
37
44
48
46
38
42
49
45
49
54
52
52
55
45
35
26
17
9
22
34
31
23
3
-7
-15
-13
-9
-6
-11
-12
-1
2
-1
-10
-25
-37
-41
-43
-43
-42
-49
-46
-41
-31
-26
-26
-23
-24
-34
-51
-59
-63
-60
-57
-47
-47
-44
-42
-45
-40
-28
-15
-6
-3
-10
-17
-20
-14
-10
-10
-6
-3
6
6
8
17
13
12
10
10
10
13
11
14
10
5
0
3
8
17
26
16
12
9
11
16
21
15
14
18
24
23
19
19
19
27
29
29
25
23
18
10
1
-4
-5
-5
3
4
6
8
10
7
5
9
12
11
7
2
-2
-6
-12
-16
-10
-9
-15
-20
-17
-20
-27
-32
-30
-26
-23
-14
-7
-9
-13
-10
-16
-20
-19
-16
-3
10
12
3
-4
3
7
11
11
9
5
1
-1
-7
-9
-2
2
1
7
14
20
24
24
18
14
11
14
23
21
13
10
1
-6
0
1
2
3
6
8
12
7
5
7
6
8
1
0
-4
-7
-5
-12
-15
-18
-19
-19
-14
-9
-11
-16
-21
-20
-22
-19
-12
-16
-16
-10
-7
-5
-4
-6
-6
1
4
10
0
-5
-9
-14
-12
-11
-13
-15
-14
-12
-7
-4
2
0
-4
-2
7
16
14
6
-2
0
5
15
20
25
24
23
19
20
19
12
13
7
10
14
18
19
11
3
-2
-4
-2
0
4
0
-1
9
6
6
0
-6
-7
-6
-5
-10
-11
-9
-9
-8
-10
-13
-4
-2
-6
-2
-6
-10
-6
-4
-8
-16
-10
-8
-7
-10
-12
1
10
8
5
-7
-14
-14
-8
-1
1
-2
-3
-3
-1
2
5
4
5
10
15
12
8
6
3
1
-1
-2
-1
5
9
7
2
0
3
1
-2
-5
-9
-11
-5
-8
-12
-9
-6
-5
-9
-7
-5
-7
-9
-9
-8
-7
-11
-17
-13
-13
-15
-20
-29
-29
-22
-17
-13
-9
-6
-11
-12
-11
-13
-13
-15
-18
-16
-14
-13
-9
-4
-6
-6
-3
0
1
2
1
-2
1
0
-2
-4
-7
-9
-7
0
1
3
5
5
3
2
0
4
9
15
14
10
9
4
0
-1
-1
-5
-2
0
2
6
5
2
3
2
4
9
14
14
16
17
14
9
9
8
13
19
17
15
18
20
20
16
11
7
9
12
9
3
3
4
0
0
-1
-1
2
4
1
-5
-7
-10
-9
-5
3
6
7
1
-4
-7
-4
0
2
10
11
11
8
6
-1
-2
-1
5
12
13
14
8
3
2
1
2
7
18
26
30
28
20
20
17
21
23
22
25
23
18
16
16
15
15
16
17
16
20
22
25
23
17
10
12
12
11
9
3
3
0
-4
-5
-7
-14
-15
-10
-5
-2
-3
-3
-5
-10
-15
-20
-24
-25
-26
-24
-23
-19
-21
-24
-24
-33
-33
-29
-28
-22
-22
-19
-17
-16
-15
-16
-15
-16
-5
0
-3
-5
-10
-17
-14
-6
-1
3
2
2
1
2
5
3
2
-1
-1
-1
5
6
5
9
12
12
11
10
13
13
14
15
11
10
10
9
11
15
11
6
4
1
0
3
5
1
-5
-5
-5
-5
-8
-8
-8
-9
-11
-14
-11
-8
-7
-7
-4
-1
-1
-1
-3
-7
-10
-15
-20
-18
-13
-10
-8
-6
-10
-10
-3
-3
-7
-12
-14
-16
-16
-12
-14
-14
-13
-11
-8
-5
-1
-1
-4
-7
-4
1
-1
1
4
8
5
1
-4
-3
4
6
7
7
4
8
9
13
20
26
31
30
26
23
24
22
26
29
26
23
16
14
10
13
18
17
17
18
16
15
18
18
17
19
18
17
15
14
15
9
6
2
-3
-9
-14
-13
-13
-10
-12
-16
-17
-16
-14
-14
-17
-18
-21
-22
-25
-26
-27
-27
-25
-27
-26
-27
-25
-22
-23
-21
-19
-13
-10
-10
-7
2
4
1
-3
0
1
5
6
6
8
6
7
6
12
15
16
15
14
15
18
15
10
13
9
11
13
12
10
8
8
11
16
17
13
9
3
-3
-2
2
1
2
3
2
-1
0
3
2
2
3
2
-3
-11
-14
-16
-17
-15
-12
-13
-16
-13
-8
-1
1
2
-3
-5
0
-2
-6
-6
-7
-12
-18
-18
-19
-20
-20
-19
-14
-13
-11
-9
-11
-12
-10
-9
-3
1
0
-3
-6
-12
-17
-16
-7
2
9
11
8
8
7
6
2
-1
4
8
7
10
9
7
7
6
7
9
11
14
19
19
13
11
11
14
14
7
2
1
4
7
8
5
-2
0
3
8
13
12
14
14
11
8
8
10
10
8
4
0
1
5
4
1
-1
-3
-5
-6
-7
-4
-5
0
1
-4
-11
-18
-26
-28
-25
-23
-20
-16
-16
-17
-24
-26
-20
-13
-7
-8
-10
-12
-15
-19
-23
-19
-9
-2
-2
-3
-4
1
8
9
8
6
5
5
3
3
4
1
-1
0
8
17
15
15
16
16
11
4
3
8
9
12
14
15
16
15
7
-1
-5
-5
-1
4
7
7
2
-4
-3
1
3
0
-1
-2
-4
-5
-6
-13
-17
-16
-13
-11
-10
-7
-6
-13
-17
-17
-17
-16
-17
-19
-19
-17
-14
-9
-7
-6
-6
-9
-9
-9
-10
-9
-5
-1
6
14
10
5
7
7
9
8
3
4
8
14
16
16
14
9
7
9
12
15
15
12
17
18
19
19
18
19
20
22
24
20
15
13
8
9
18
23
20
14
12
11
15
19
17
15
15
17
13
13
15
9
4
-1
-2
1
6
9
10
6
1
1
8
11
11
5
-3
-3
-1
2
6
5
1
-3
-5
-8
-7
-2
-3
-11
-17
-24
-31
-27
-21
-18
-18
-18
-16
-17
-15
-16
-23
-25
-24
-26
-23
-18
-19
-23
-23
-20
-17
-15
-15
-14
-11
-6
1
3
-1
1
1
0
-1
-4
-5
-4
-2
2
3
6
12
14
16
20
19
15
16
18
16
16
20
22
24
23
22
22
22
21
19
17
18
14
17
16
12
7
4
6
6
5
-2
-11
-10
-4
-3
-7
-12
-10
-7
-7
-6
-9
-13
-16
-20
-21
-15
-9
-8
-12
-12
-7
-3
-5
-6
-11
-14
-10
-9
-9
-7
-5
-5
-6
-9
-9
0
2
-3
-10
-12
-12
-5
2
2
-2
-3
10
16
16
11
8
8
11
15
18
19
19
18
12
8
9
10
9
8
7
5
7
7
3
0
4
6
8
13
14
14
11
10
6
1
-2
-3
1
5
6
7
7
12
9
7
5
-2
1
3
6
7
0
-6
-11
-12
-19
-26
-23
-20
-15
-13
-13
-16
-16
-14
-16
-17
-19
-20
-21
-17
-14
-15
-18
-18
-17
-14
-17
-17
-19
-18
-18
-16
-12
-9
-2
2
0
1
0
-2
-1
1
-1
-2
-3
-5
-4
-6
-3
2
4
4
7
13
14
12
8
6
11
15
16
18
21
24
24
19
15
16
14
17
21
23
26
24
21
21
19
18
21
24
23
17
12
13
14
14
11
7
3
7
8
8
5
-2
-1
2
0
1
-1
-4
-1
-4
-14
-23
-21
-18
-18
-19
-20
-19
-16
-18
-23
-24
-24
-19
-13
-11
-9
-10
-8
-5
-4
-7
-9
-11
-8
-5
-3
-6
-6
-4
-1
0
-2
4
10
11
10
7
10
14
15
14
13
12
13
9
1
1
8
9
2
-1
0
5
6
4
9
12
14
14
13
9
4
5
5
6
6
2
-2
1
0
