-3
-5
-5
1
-5
-4
-6
-8
-3
-3
-2
-1
-3
-1
-5
-8
-4
-7
-2
-3
-7
-1
-7
-5
-5
-10
-3
-12
-8
-7
-11
-5
-11
-11
-6
-10
-5
-8
-7
0
-10
-5
-7
-10
-3
-12
-9
-5
-12
-1
-5
-7
0
-7
2
0
-3
3
-1
4
5
0
4
1
3
4
1
4
1
-1
3
-2
5
6
8
16
4
10
9
7
16
10
16
17
4
13
8
11
20
6
10
10
3
10
3
6
11
3
11
7
4
8
-1
4
7
1
11
3
6
12
2
11
3
2
9
-3
2
2
-3
8
2
2
5
-5
3
1
-2
6
-1
4
6
3
9
3
4
6
-1
5
4
1
5
0
4
10
6
8
5
1
3
0
4
8
4
7
10
3
7
3
5
7
1
9
3
2
8
2
10
6
2
8
0
4
5
-4
7
1
2
2
-6
4
-4
-6
2
-8
3
-2
-10
3
-8
-3
-1
-10
3
-5
-2
4
-6
4
-1
-4
5
-4
2
-2
-6
5
-4
1
3
-3
4
-3
-1
4
-1
7
5
5
7
-2
5
3
0
4
-2
0
2
1
3
0
-3
1
-3
0
4
1
5
2
-2
-1
-3
-2
-2
-4
-9
-10
-7
-5
-4
-1
-5
-4
-3
-5
-2
-6
-5
-5
-11
-7
-7
-6
-5
-7
-9
-8
-10
-11
-8
-13
-13
-12
-12
-10
-11
-12
-11
-12
-8
-6
-4
-1
-3
-3
-1
-5
-1
0
0
3
-2
-1
1
-5
0
0
-1
3
-3
-7
-5
-2
3
3
2
0
0
-1
-2
-2
0
1
4
1
3
0
1
7
4
8
6
4
6
3
6
2
2
3
-2
2
1
1
7
4
3
3
1
2
-2
-1
1
-3
-1
-6
-9
-7
-8
-4
-3
-3
-5
-7
-3
-2
-3
1
-1
1
3
-1
4
3
3
5
-3
1
0
-4
0
-6
-2
2
-3
2
1
3
4
-3
1
2
2
6
5
8
8
8
10
5
8
9
5
9
6
6
7
5
7
6
9
14
5
9
6
5
8
7
11
7
4
6
-1
1
9
4
5
1
1
3
2
6
2
2
7
1
1
2
1
1
2
4
5
4
3
-1
-3
-3
-5
-2
6
7
1
-5
-3
0
-3
5
7
0
-1
-3
-2
0
3
5
-2
3
3
-4
3
3
4
4
3
-3
-5
3
0
-10
-2
4
-4
-3
-4
-7
1
5
1
-3
3
7
2
-1
-3
-1
2
3
1
5
9
9
15
11
-1
4
9
5
6
5
9
7
-8
1
-3
-4
1
-7
-4
1
6
1
-1
15
13
-9
7
9
-8
5
7
-4
6
14
-14
-22
7
-5
-21
-4
-6
-26
-5
-7
-33
-10
15
-6
-24
-5
-18
-31
1
-2
-15
2
1
-23
-21
-6
-14
-10
-1
-15
-28
-12
-10
-20
-5
-3
-11
-8
-4
-6
-8
-5
-7
-9
-7
-12
-8
-5
-16
-9
-6
-8
-11
-19
-17
-10
1
-16
-31
-5
8
-8
-26
-23
-8
-1
-12
-22
-24
-16
-8
-22
-29
-11
0
-19
-29
-8
-5
-10
5
-13
-20
10
0
-23
-2
17
2
-5
15
3
7
23
-7
-10
11
13
5
21
27
3
5
19
0
2
17
16
18
17
9
8
5
11
19
7
-1
8
21
11
16
27
-1
10
38
23
4
26
24
-3
9
12
2
33
37
11
19
28
12
5
24
32
8
12
14
29
43
7
-11
-1
25
12
-15
-16
8
17
6
-18
-16
17
-3
-17
-20
-15
-3
-20
-1
5
11
28
1
1
6
-26
-15
2
-6
-14
-16
-17
-37
-18
27
3
-23
-17
-29
-34
-44
-33
0
7
19
11
-28
1
19
0
-8
0
35
7
-10
6
-4
22
-11
1
23
5
2
-24
-12
-6
-5
-6
-10
27
14
-6
-29
-23
2
4
22
4
19
4
-15
3
14
-8
7
58
33
9
18
38
21
-30
1
-3
-10
8
-9
-15
-23
16
-2
-11
25
-17
-24
-12
-10
21
29
0
21
63
22
-36
13
52
20
51
18
-49
5
49
26
3
67
72
8
-7
-6
-12
-18
19
37
-23
-8
44
6
21
-21
-73
-34
42
33
-47
44
95
9
40
42
-21
-14
39
-6
-31
64
93
2
38
49
-40
2
7
-46
-42
35
-6
-54
32
-2
47
33
-68
-58
-26
-3
-53
-13
-1
38
62
-66
-29
86
77
5
16
31
17
60
4
27
65
90
-10
-47
-2
17
44
22
16
-42
-52
5
21
-3
25
36
-16
-1
47
40
15
43
-5
-71
35
73
47
-60
-32
60
43
80
30
50
17
-8
-49
-106
86
98
11
-6
64
70
-49
25
28
-38
-5
-36
1
38
75
58
-61
-5
71
23
-62
-61
10
-44
54
48
-97
19
146
60
-63
-76
-73
-30
77
76
27
-30
9
40
30
-45
-44
86
39
-26
-78
-77
52
129
72
-24
-74
-36
-15
-23
-98
-17
45
46
-25
-69
-60
-103
13
2
-22
-90
-94
49
-62
-125
-16
-39
-74
17
25
-56
12
67
-21
-28
73
-27
-155
27
-23
-131
-114
-6
51
-65
-133
-205
-220
-49
24
-96
-97
105
19
-174
-6
51
-72
90
140
-107
-50
74
-3
22
3
-72
-135
-54
31
-65
-81
-58
20
-22
-99
-30
-41
-35
22
44
45
37
0
21
6
-81
32
8
-44
20
69
-77
-72
149
46
-66
54
13
-149
-56
53
-4
-113
0
156
-42
-11
-41
-150
20
91
-12
-292
-77
160
60
3
-38
40
-29
115
76
-1
-43
-14
81
24
-20
-75
31
132
121
9
-170
5
194
64
-53
0
97
130
193
76
-85
30
182
20
-142
-115
8
38
80
-33
-120
71
21
-68
-160
-168
52
160
145
-6
16
73
-91
140
170
1
49
9
-83
-127
-38
-5
-53
-57
39
-69
-152
-75
-34
-89
-85
-44
-129
-83
-19
-24
-69
-19
30
-60
43
5
-67
-70
-68
-19
-24
123
40
-57
81
50
-158
-114
77
-38
-76
91
137
6
80
49
-178
-187
31
-33
-229
-65
4
11
71
129
-95
-359
-5
45
-154
12
116
84
-30
46
-100
-108
244
110
-97
-190
-163
17
28
-72
-173
-148
-3
40
-31
-91
-22
-50
-187
-115
-18
90
53
74
20
-242
-142
53
3
-19
-157
-153
-114
-32
85
94
119
87
37
-87
21
270
210
187
290
143
41
191
283
164
97
110
-97
7
162
60
82
226
109
-162
107
202
-18
-26
-50
-39
34
198
311
246
192
-153
-271
-81
247
167
129
297
43
34
302
189
109
359
407
-121
-173
97
-17
102
202
56
-243
-113
240
-87
-210
67
-34
-241
-136
175
36
-35
64
6
-181
-156
264
-130
-280
202
-49
-253
22
156
-137
-183
-5
-126
-65
252
95
-110
86
26
-229
19
202
89
123
61
-92
17
85
-218
-177
18
-139
-257
-61
-114
-109
35
108
-168
-166
221
-160
-192
138
-121
-185
41
131
67
149
321
-10
-346
-76
-21
-54
183
118
87
-34
-21
-121
-157
-2
-265
-70
-10
-235
-186
-63
-29
-69
69
-79
-139
-116
-100
-111
-158
64
-67
51
165
-59
-48
-160
-129
6
-5
95
-51
-29
29
-41
-146
36
132
-32
-128
-199
-149
33
125
116
94
92
-61
-78
68
-88
25
-52
-287
-29
-86
-100
-82
-52
93
-203
20
-86
-359
49
70
9
-52
-63
50
140
179
128
41
12
121
54
30
0
122
196
91
4
-44
-128
-99
-160
-34
-2
-157
-36
-142
-258
121
116
-103
-62
70
-41
-57
143
77
15
166
163
28
-20
145
105
35
242
139
30
54
272
111
-220
-8
-53
-21
-33
-215
-280
-230
39
-127
-148
-103
5
139
-53
-124
220
366
43
141
260
-76
44
282
203
-38
174
209
-238
-32
175
-165
-157
-2
-163
-134
118
88
-58
182
35
-195
-56
-89
-172
-3
86
-44
-121
73
70
-60
-33
-2
-198
-252
-32
-128
-27
152
-79
-133
-21
62
-37
117
228
-11
51
131
-167
-34
242
-35
-120
-168
-22
293
293
202
20
-80
168
29
-229
-178
-30
-32
-26
47
-51
63
380
80
-32
224
205
250
397
232
140
411
441
410
280
272
194
178
216
-75
59
67
-229
34
59
-117
129
110
-53
-176
-139
8
-171
-20
86
0
103
58
38
105
169
197
228
59
199
127
-120
-96
-70
228
60
-125
-145
-195
-42
-174
-93
-15
-44
-1
-109
-250
-136
-34
-77
-140
-225
2
154
-146
-55
-33
-89
-1
-68
-22
-171
50
347
32
82
-53
-154
6
-175
-9
160
84
51
85
173
-64
-119
120
-31
-144
35
-9
-65
9
-201
-472
-334
78
84
-225
-53
-49
-278
-115
-161
-29
233
7
-200
-208
24
157
22
110
130
-117
-39
-81
-17
10
-60
53
-192
-156
-73
-136
-106
-177
-64
19
-120
77
49
-211
-88
-155
-251
-66
8
88
69
-98
-113
-122
-112
-44
103
265
10
-40
116
-39
53
196
140
113
131
56
-54
-2
130
117
-96
22
86
177
248
-137
-202
5
12
-173
-220
-102
-154
-15
154
-109
-26
333
39
-185
-19
86
169
237
272
77
-18
80
10
1
73
137
190
30
-74
36
-25
54
196
123
-34
-72
-135
-256
-314
-102
-10
-207
-187
-182
-215
-208
-111
25
-88
67
115
-105
87
78
96
137
127
176
33
138
255
189
33
-108
-41
-13
132
0
-152
26
40
-119
-269
-275
-355
-142
1
-113
1
129
241
4
-111
-136
-360
-149
82
60
102
117
19
0
56
21
35
-9
-13
-21
-124
-192
-178
9
4
-204
-78
15
-60
-25
-29
-85
-43
174
35
-204
33
-62
-298
-117
6
19
96
-23
-160
-196
-121
54
44
65
51
-62
-81
-74
65
216
216
217
224
130
212
211
58
58
-90
-66
44
-14
112
120
-18
-89
-176
-50
6
-131
-64
-76
-22
-20
-144
37
55
109
264
85
47
136
17
82
148
66
124
63
58
122
64
134
101
166
167
17
117
-19
-98
71
36
112
217
141
117
62
43
50
0
112
97
-64
41
57
-34
68
97
85
7
23
180
176
298
281
73
123
144
173
280
241
209
230
219
116
3
-67
-134
-77
44
84
97
133
71
-23
-46
-40
-9
36
18
-19
37
132
164
173
95
89
157
68
-8
-32
-45
-57
-170
-152
-122
-172
-76
-88
-124
-81
-109
2
-55
-125
-62
-176
-155
-138
-141
-69
-195
-171
-162
-280
-180
-130
-188
-134
-168
-117
-60
-135
-26
-88
-114
-19
-174
-144
-157
-209
-104
-129
-31
-83
-115
7
-74
-42
-25
-140
-159
-115
-133
-146
-142
-119
-87
-109
44
7
15
123
107
188
212
264
297
256
266
204
111
177
76
61
187
27
52
77
20
65
67
143
135
192
235
153
136
184
144
246
308
264
323
308
337
273
300
332
155
235
199
60
64
-22
-43
-73
-90
-43
-82
-83
-29
-139
-138
-166
-269
-198
-299
-274
-350
-385
-224
-336
-186
-90
-113
-26
-48
-87
-150
-216
-217
-307
-387
-337
-510
-519
-484
-619
-545
-660
-629
-624
-682
-539
-602
-586
-488
-474
-426
-413
-389
-294
-316
-201
-176
-251
-142
-264
-285
-277
-310
-188
-234
-179
-114
-246
-157
-82
-148
9
-39
4
132
72
171
191
308
397
362
609
618
651
915
809
811
916
888
990
1030
1002
965
942
1050
1090
1116
1300
1281
1297
1368
1145
1180
1141
1076
1142
1012
1080
1067
919
734
250
-375
-883
-1307
-1665
-1991
-2206
-2422
-2799
-2919
-2926
-2973
-2499
-1905
-1492
-946
-395
223
827
1337
1766
2036
2268
2343
2065
1568
975
317
-356
-992
-1586
-2105
-2511
-2835
-3112
-3306
-3287
-3075
-2785
-2453
-2221
-1929
-1485
-1093
-602
-154
211
565
814
1035
1145
1201
1246
1209
1121
987
767
523
298
19
-208
-392
-591
-663
-792
-884
-828
-790
-618
-438
-197
107
410
810
1131
1462
1848
2086
2275
2514
2782
2930
3128
3251
3223
3255
3202
3192
3080
3067
2900
2562
2433
2158
2027
1935
1997
1585
460
-653
-2360
-3761
-4311
-4563
-4885
-4640
-4137
-4513
-4412
-3703
-3063
-1706
63
1303
2350
3923
5255
5996
6429
6865
6871
6335
5583
3938
1817
-14
-1734
-3123
-4091
-4763
-5133
-5421
-5618
-5967
-6050
-5387
-4835
-4268
-3762
-3426
-2742
-1897
-833
303
1364
2493
3296
3519
3517
3167
2732
2449
1798
1005
157
-659
-1666
-2744
-3043
-3403
-3338
-2586
-2304
-2156
-1717
-1426
-1469
-1433
-1181
-1054
-1094
-787
-674
-705
-196
455
1035
1497
2015
2314
2173
2176
1899
1344
1204
971
512
69
-307
-540
-822
-737
-618
-629
-175
218
599
1110
1684
2302
2880
3472
3903
4195
4254
4406
4340
4097
4180
4058
3964
3771
3664
3536
3147
3004
1782
-179
-2017
-4464
-6147
-6860
-7372
-7608
-7164
-6671
-6909
-6371
-5194
-4015
-1900
342
1886
3522
5678
7178
7938
8478
8711
8531
7602
6193
3948
1206
-951
-2943
-4663
-5654
-6320
-6701
-6886
-7223
-7545
-7315
-6510
-5733
-5042
-4225
-3302
-2143
-601
1023
2516
3997
5375
6110
6274
5939
5051
3983
2585
1024
-410
-1617
-2753
-3669
-4355
-5013
-5160
-4868
-4521
-4103
-3520
-3093
-2687
-1723
-941
-260
697
1357
1710
1956
2073
2079
1949
1954
1987
1709
1770
1832
1625
1543
1204
699
137
-581
-1250
-1927
-2307
-2336
-2262
-1678
-965
-313
747
1533
2029
2601
2772
2785
2820
2894
2969
3131
3583
3864
4065
4528
4649
4361
4269
3811
3228
2715
1756
-146
-2546
-4701
-6885
-7757
-7439
-7308
-6568
-5483
-5451
-5786
-5183
-4357
-2936
-586
1435
3068
5269
7596
8871
9531
9644
9191
8062
6189
3786
639
-2156
-4102
-5672
-6398
-6353
-6163
-5775
-5745
-6128
-6330
-6010
-5212
-4557
-3759
-2658
-1255
653
2627
4402
5767
6593
6859
6209
5042
3441
1726
269
-1180
-1984
-2282
-2436
-2703
-3092
-3750
-4438
-4377
-4017
-3433
-2473
-1463
-770
135
1244
1963
2670
3019
2850
2350
1778
1171
501
176
301
642
1171
1771
1925
1785
1277
399
-574
-1388
-1931
-2326
-2244
-1914
-1402
-417
526
1426
2171
2525
2685
2490
2279
2067
2047
2467
2904
3287
3721
3875
3872
3920
3570
3337
2931
2565
2632
2381
2470
1897
56
-1911
-4377
-5882
-6251
-6301
-5866
-5624
-5157
-5504
-5716
-4904
-3851
-1435
898
2508
4215
6335
8059
8476
8154
7304
6490
5177
3464
1194
-1474
-3237
-4487
-5365
-5502
-5284
-5039
-5001
-5643
-6478
-6758
-6044
-4801
-3629
-2204
-544
1418
3381
5016
5927
6367
6323
5521
4157
2221
977
-145
-1007
-1051
-1476
-2033
-2252
-2796
-4600
-5549
-5435
-5636
-4488
-2695
-1669
-657
1132
1975
1731
2188
2292
1447
777
412
-338
-666
29
685
1044
1792
2318
1931
1270
297
-852
-1651
-1890
-2047
-2089
-1628
-1070
-504
48
570
814
951
975
825
816
1118
1570
2056
2514
3033
3367
3316
3431
3092
2754
3075
2992
3014
3561
3595
3444
3751
3537
2165
299
-2041
-5163
-6911
-7045
-6979
-6193
-4896
-4227
-4782
-5175
-4997
-4505
-2507
-3
1774
3628
6507
8655
9167
9084
8201
6796
5306
3525
1122
-1336
-2895
-3961
-4801
-4771
-4558
-4531
-4809
-5940
-7370
-8013
-7317
-5842
-4015
-1844
548
2843
4784
5994
6299
6138
5493
4348
2983
1791
1033
789
705
292
-157
-721
-1838
-3471
-5063
-6408
-6909
-5978
-4434
-2800
-966
791
1605
1854
1837
1270
823
331
-133
-343
-293
351
1028
1404
1761
1778
1504
872
-114
-888
-1483
-1497
-1130
-923
-552
-329
-227
-291
-455
-502
-327
38
535
1182
1683
2330
2635
2795
2832
2791
2892
2665
2715
2694
2743
3242
3601
3773
3671
3723
3487
3246
1549
-1212
-3904
-6655
-7305
-6861
-6002
-5355
-4151
-3914
-5884
-6206
-5952
-4570
-1333
1616
3824
6326
9537
11068
10463
8810
7210
5516
3786
2241
191
-1494
-2213
-2964
-3988
-4477
-4894
-5576
-6805
-8612
-9675
-9153
-6921
-4060
-1490
1074
3364
4970
5746
5781
5307
4938
4582
3858
3310
2878
2658
2391
1487
22
-1347
-2715
-4510
-6063
-7067
-7406
-6603
-4626
-2730
-984
817
1404
1010
541
226
268
773
1234
1342
1468
1620
1541
1116
588
206
-139
-363
-506
-709
-605
-328
-298
-395
-723
-1152
-1440
-1744
-1867
-1529
-588
510
1458
2323
2675
2766
2573
2210
1934
1952
2412
2893
3239
3391
3476
3682
3659
3292
3216
2635
2322
2632
2648
2630
1111
-927
-3929
-6413
-6412
-6211
-5781
-5217
-4499
-5200
-6416
-6114
-5686
-3530
82
2461
4141
6810
9258
9946
9095
7594
6277
5182
4450
3364
1564
118
-894
-2516
-4028
-5072
-6058
-6761
-7834
-9014
-9372
-7992
-5410
-3012
-949
883
2520
3727
4384
4469
4470
4828
5126
5160
5065
4648
4024
2974
1052
-875
-2162
-3502
-4683
-5590
-6520
-6933
-6092
-4545
-3472
-2152
-996
-970
-912
-683
-366
394
1391
2144
2105
1871
1762
1175
435
107
-11
12
284
420
159
-353
-949
-1603
-2211
-2548
-2519
-2240
-1949
-1466
-812
-103
504
865
1085
1167
1318
1480
1722
2088
2778
3516
3908
4286
4204
4105
3682
3357
2927
2303
2649
2783
3021
3112
3438
1712
-1569
-4045
-7195
-7763
-6259
-4871
-4377
-3573
-3590
-5974
-6609
-6387
-4763
-1340
1898
4182
6280
9125
10536
9437
7415
5973
5069
4667
4364
3429
1686
597
-743
-3195
-4890
-6196
-7111
-8008
-9133
-9289
-8186
-5631
-2936
-1455
-383
773
1617
2421
2898
3463
4715
5900
6786
6886
6484
5778
4406
2129
-433
-2032
-3027
-3422
-3779
-4743
-5699
-5638
-5261
-5444
-4427
-3174
-2739
-1581
-803
-754
388
1875
2100
1664
1587
1515
1373
1658
1810
1603
1652
1912
1458
430
-101
-686
-1472
-2026
-2522
-2622
-2298
-1728
-1574
-1680
-1302
-932
-555
-260
235
726
1375
2241
2756
3631
4312
4812
4794
4272
4075
3940
3708
3606
3586
3440
3668
3704
3137
2535
2032
-547
-3758
-6206
-8443
-7474
-5294
-4183
-3965
-3891
-5387
-7925
-8008
-7127
-4128
264
3350
5350
7341
9468
9921
8388
6463
5683
5590
5904
5989
4633
2664
937
-1610
-4424
-6139
-6997
-7158
-7740
-8493
-8421
-7418
-5351
-3836
-3291
-2535
-1408
125
1688
3003
4414
5715
6677
6934
6670
6193
5360
3720
1398
-156
-913
-850
-973
-2420
-4418
-6064
-7097
-7522
-6262
-4729
-3473
-1682
-1324
-1791
-1179
-560
-493
-187
288
923
1890
2887
2874
2199
2000
1741
1492
1276
1132
1049
529
-211
-1304
-2217
-2470
-2552
-2615
-2681
-2559
-2090
-1623
-1263
-733
-238
547
1406
2092
2872
3656
4599
4968
4981
5153
5159
5139
5093
4687
4400
4111
4008
3988
3469
3318
882
-2547
-5634
-8093
-7172
-5350
-4236
-4175
-4561
-6393
-9224
-9372
-8195
-5160
-221
2960
4545
6580
8577
9008
7592
6146
6014
6817
7990
8527
7230
4930
2906
-100
-3354
-5151
-5921
-5962
-6331
-7561
-8261
-7865
-6866
-6148
-6155
-5766
-4281
-2210
-89
1591
2875
4341
5309
5664
6062
6481
6609
5920
4601
2844
2201
1992
727
-1273
-3571
-5254
-6431
-5961
-5099
-4957
-4192
-4349
-5235
-5336
-4564
-3276
-2438
-1829
-959
-233
1035
2241
2406
2496
2959
3571
3732
3824
3831
3349
2548
1177
-148
-1221
-1800
-2052
-2715
-3182
-3204
-3181
-3105
-2814
-2694
-2196
-1373
-758
163
1261
2843
4201
4811
5265
5199
5192
5546
5711
5740
6089
6027
5797
5386
4754
3429
80
-3179
-6350
-7432
-5836
-4608
-4568
-5470
-6924
-10042
-11754
-10697
-8269
-3849
151
1919
2998
4805
6524
6890
6018
6085
7442
8931
10185
10162
8280
5947
3623
231
-2254
-3192
-3381
-3463
-5000
-6876
-7980
-8313
-8033
-8186
-8423
-7582
-5752
-3689
-1929
-628
622
1885
2670
3486
4612
6100
7492
7615
6774
5555
4734
3809
2293
672
-1051
-2057
-2297
-2407
-2972
-3765
-4686
-6212
-7676
-7733
-6649
-5535
-4252
-3646
-3658
-3040
-1701
-575
311
1818
3343
4491
5278
5456
5192
4845
4327
3701
2663
1779
1393
644
-411
-1350
-2040
-3053
-3423
-3674
-3941
-3525
-2942
-2145
-1675
-316
1066
2073
3109
3462
4023
4492
5352
6097
6550
7061
7458
7500
7242
6407
3567
320
-2465
-4048
-3611
-2530
-2992
-4516
-5965
-9230
-11723
-11417
-9758
-6193
-2570
-1162
-677
423
2036
3444
3705
4319
6336
8299
9695
10258
8965
7339
6119
4011
2156
1344
1199
940
-672
-3041
-5086
-6382
-6779
-7279
-7971
-7973
-7047
-6012
-5309
-4626
-3939
-2778
-1469
-127
1346
3029
4792
5523
5389
5166
5127
5126
5082
4562
3420
2636
2041
1187
230
-599
-1605
-3088
-4368
-5452
-6183
-5918
-5684
-6055
-6215
-6106
-5366
-4156
-2919
-1557
-314
1101
2372
3112
3704
4362
4843
4945
4764
4264
3795
3419
2903
2279
1516
804
-13
-978
-1946
-2520
-2434
-2261
-2011
-1538
-1243
-907
-216
-18
74
1163
2348
3243
4306
5065
5309
6151
5835
3479
1751
203
92
1146
823
-619
-2335
-4698
-7558
-8588
-8181
-6457
-3613
-2653
-3112
-3044
-2401
-944
-164
103
1871
3910
5483
6309
5962
5031
4745
4616
3777
3584
3766
3695
2785
585
-1398
-2387
-2786
-3047
-3801
-4663
-4945
-4885
-4949
-5456
-5489
-5031
-4290
-3419
-2534
-1283
-127
826
967
1038
1964
3016
3915
3969
3855
3826
3562
3534
2844
1890
1757
1323
193
-988
-1948
-2635
-3257
-3759
-4596
-5351
-5260
-5105
-5122
-4720
-3672
-2380
-1295
-421
160
909
1889
2710
3170
3333
3934
4325
4290
4177
3611
3305
3071
2658
2069
1538
1085
498
25
-519
-526
-94
144
274
13
-166
183
656
1116
1777
2208
2950
2936
1463
394
-519
-225
1043
1391
404
-889
-2588
-5299
-6448
-5764
-3886
-1473
-624
-1490
-2362
-2097
-970
-134
87
1175
2833
3879
4077
3590
2602
2290
2549
2210
2329
2790
3022
2346
345
-1393
-2148
-2046
-1669
-1980
-2671
-3068
-3249
-3596
-3993
-4059
-3703
-3177
-2884
-2514
-1685
-783
-110
143
-76
299
1387
2178
2781
3133
3037
2938
2794
2274
2168
2500
2039
1228
284
-700
-947
-1012
-1625
-2497
-3305
-3747
-3946
-4125
-3950
-3409
-2722
-2039
-1501
-1155
-576
234
866
1337
1728
2331
2914
3338
3529
3417
3472
3413
3207
3011
2810
2634
2391
1838
1152
851
875
1135
997
595
321
171
358
703
1133
1131
1505
1092
-919
-1655
-2013
-1437
389
658
-550
-1744
-3389
-5475
-5907
-4692
-2725
-499
-52
-1226
-2014
-1704
-447
636
981
2065
3361
3736
3508
2771
1904
1918
2380
2183
2257
2665
2625
1711
-73
-1441
-1707
-1337
-1035
-1438
-2325
-2924
-3265
-3649
-3993
-3789
-3272
-3064
-2795
-2722
-2312
-1473
-1012
-795
-680
-6
846
1434
1992
2217
2392
2585
2611
2412
2495
2839
2612
1720
781
-77
-614
-600
-879
-1464
-2078
-2692
-3235
-3777
-3730
-3186
-2678
-2270
-2014
-1889
-1459
-839
-382
9
440
1089
1781
2458
2909
2939
3072
2916
2869
3229
3468
3786
3335
2741
2396
1797
1654
1625
1392
1140
1080
950
485
633
919
859
970
-173
-1905
-2727
-2722
-1567
-216
-382
-1808
-3074
-5021
-6482
-5749
-4140
-1948
-416
-896
-2199
-2548
-1533
-94
831
1319
2283
3303
3306
2922
2345
1649
2132
2705
2607
2862
2899
2336
1147
-386
-992
-648
-247
-254
-1019
-2111
-2777
-3135
-3438
-3589
-3192
-2997
-3099
-2785
-2800
-2247
-1527
-1648
-1744
-1391
-563
210
1358
1950
1732
2026
1934
1930
2630
3580
4102
3595
2535
1355
630
519
593
468
-87
-674
-1405
-2424
-2950
-2789
-2445
-2055
-1829
-1850
-2001
-2008
-1804
-1765
-1391
-624
155
862
1279
1642
1764
1789
2117
2764
3599
4084
4241
3709
2933
2703
2744
2910
3057
2887
2234
1650
1116
1065
1477
1668
1651
1487
959
-601
-1780
-2563
-2750
-1246
-275
-819
-2185
-3678
-5641
-6845
-6077
-4496
-2487
-1043
-1459
-2860
-3352
-2459
-1058
28
1110
2385
3151
2999
2370
1637
1438
2524
3441
3531
3596
3297
2486
1307
195
-162
92
524
511
-330
-1408
-2263
-2721
-3191
-3369
-2941
-2654
-2342
-2328
-2694
-2897
-2866
-2678
-2413
-1869
-1197
-500
145
183
287
835
1178
1713
2528
2900
2925
2996
2621
1883
1818
1876
1530
1325
891
55
-596
-1041
-1368
-1531
-1441
-1290
-1385
-1689
-1905
-1982
-2120
-1946
-1623
-1445
-1072
-480
-32
154
392
704
1085
1788
2503
2881
2986
2918
2911
3012
3164
3520
3621
3247
2931
2621
2512
2731
3055
2885
2391
2238
1795
619
-577
-1402
-1869
-1132
-330
-774
-2011
-3507
-5169
-6789
-6662
-5096
-3304
-1903
-2180
-3622
-4506
-3979
-2377
-730
544
1844
2473
2045
1487
1204
1574
2709
3796
4183
4028
3794
3328
2298
1321
924
1113
1621
1741
1124
-92
-1338
-2171
-2634
-2606
-2191
-1926
-2122
-2539
-3355
-3759
-3363
-3055
-2480
-2030
-2188
-2263
-1771
-1426
-1269
-298
443
610
1448
1892
1557
1646
2039
1940
1799
2273
2501
2093
1628
933
-61
-527
-229
-76
-323
-547
-851
-1526
-2069
-2198
-2226
-2163
-1955
-1870
-1957
-1951
-1601
-1218
-1129
-819
-330
295
828
1248
1663
1695
1976
2502
2690
2855
3303
3349
3056
3154
3312
3320
3503
3650
3061
2754
2870
2422
1467
320
-851
-1352
-693
-289
-658
-1905
-3489
-5353
-6835
-6559
-5190
-3450
-2522
-3080
-4460
-5229
-4310
-2679
-1307
-93
818
1086
886
618
712
1357
2523
3578
3800
3849
3930
3518
2716
1931
1862
2367
2893
2992
2004
553
-500
-947
-1013
-822
-630
-882
-1525
-2279
-2750
-2801
-2354
-2007
-2037
-2489
-2913
-2707
-2329
-1540
-830
-668
-522
-323
-19
400
1032
1494
1741
1959
1895
1847
2099
2120
1958
1693
1102
788
788
747
595
294
-46
-532
-932
-1149
-1337
-1433
-1522
-1606
-1685
-1750
-1651
-1541
-1551
-1311
-1067
-724
-125
328
774
1000
1001
1329
1616
2071
2562
2739
3016
3136
3198
3435
3560
3642
3721
3580
3511
3500
3693
2872
1346
353
-514
-297
265
-65
-1058
-2377
-4104
-5867
-6329
-5538
-3937
-2714
-2948
-4214
-5331
-5288
-4135
-2677
-1432
-222
438
113
-466
-504
144
1574
2979
3591
3629
3407
3091
2606
2131
2096
2500
2793
2696
2180
1343
541
113
-311
-633
-649
-629
-747
-1310
-2086
-2669
-2864
-2712
-2419
-2274
-2320
-2558
-2766
-3010
-3162
-2486
-1534
-836
-382
-452
-767
-708
-107
530
1152
1755
1878
1522
1110
671
590
1151
1670
1830
1672
1185
503
-124
-554
-651
-363
89
179
-531
-1485
-2171
-2388
-2057
-1581
-1170
-906
-875
-1037
-1304
-1288
-731
32
791
1229
1264
1399
1555
1740
2153
2644
3232
3690
3771
3767
3632
3713
3876
3801
3675
2751
1790
1061
573
680
709
355
-721
-2124
-3781
-4951
-4868
-3976
-2819
-2534
-3349
-4561
-5200
-4754
-3657
-2362
-1144
-507
-425
-875
-1235
-706
374
1784
2711
2911
2920
2742
2478
2204
2101
2424
2937
3206
3113
2573
1831
1243
822
580
581
653
560
117
-662
-1415
-1978
-2001
-1796
-1708
-1576
-1933
-2556
-2969
-3230
-3116
-2487
-1615
-1148
-1047
-1119
-1638
-1658
-882
-86
741
1188
975
499
148
146
464
1182
1815
1787
1361
719
187
92
316
700
820
621
153
-663
-1304
-1388
-1224
-958
-806
-964
-1232
-1413
-1525
-1393
-1012
-517
9
151
150
189
448
921
1398
1922
2311
2703
2956
3061
3120
3311
3567
3763
3944
3853
3616
2747
1853
1069
755
1157
1261
999
41
-1400
-3086
-4261
-4309
-3576
-2400
-1907
-2602
-3835
-4694
-4789
-3916
-2506
-1171
-213
-160
-890
-1607
-1609
-653
965
2204
2677
2519
1946
1468
1219
1494
2083
2678
3059
2818
2260
1703
1314
1213
1091
977
937
687
519
210
-409
-1002
-1422
-1646
-1643
-1468
-1539
-1958
-2446
-3020
-3486
-3048
-2121
-1403
-909
-1156
-1843
-2199
-1890
-1018
-245
469
824
348
-160
-403
-224
571
1533
2100
1838
1234
791
323
367
799
1075
1232
899
111
-714
-1225
-1084
-708
-500
-433
-662
-1009
-1323
-1491
-1239
-812
-358
-14
68
103
303
592
994
1370
1733
2260
2489
2773
2902
2920
3060
3023
3263
3323
3153
2699
1976
1395
988
997
1070
883
450
-574
-2027
-3189
-3526
-2966
-2035
-1525
-1892
-2838
-3604
-3911
-3547
-2502
-1221
-299
-246
-952
-1818
-2019
-1261
117
1325
1890
1881
1276
591
355
644
1496
2447
2962
2783
2083
1367
964
1030
1326
1621
1759
1555
1077
492
-399
-932
-954
-916
-574
-533
-1152
-1934
-2536
-3255
-3479
-2589
-1779
-1298
-929
-1598
-2606
-2674
-2235
-1568
-573
199
278
-109
-605
-952
-661
328
1452
1933
1788
1331
712
368
430
820
1240
1521
1354
572
-150
-588
-636
-268
-40
18
-137
-583
-985
-1198
-1021
-566
-75
201
223
199
330
568
865
1254
1518
1788
2012
2276
2510
2592
2769
2807
2733
2842
2705
2326
1918
1424
1269
1192
1164
1081
499
-369
-1581
-2419
-2520
-2195
-1463
-1205
-1597
-2217
-2884
-3130
-2934
-2244
-1191
-599
-577
-1121
-1868
-2023
-1500
-504
504
1108
1258
836
240
-2
172
899
1757
2181
2127
1667
1132
825
757
972
1323
1459
1394
977
263
-250
-671
-675
-560
-659
-760
-1226
-1701
-2239
-2554
-2477
-2415
-1957
-1692
-1774
-1869
-2038
-2093
-1948
-1665
-1312
-890
-580
-483
-543
-641
-605
-297
203
640
929
1023
878
592
372
350
569
871
1022
901
475
53
-273
-389
-272
-143
-2
-29
-274
-526
-690
-603
-329
14
310
418
535
543
603
864
1134
1478
1775
1949
2083
2147
2261
2388
2558
2804
2780
2446
1896
1426
1139
1151
1407
1473
1255
738
-154
-1151
-1673
-1578
-1079
-534
-469
-980
-1758
-2343
-2561
-2290
-1586
-848
-426
-558
-1165
-1724
-1844
-1312
-342
477
981
999
600
170
-72
162
753
1413
1905
1870
1451
993
705
727
953
1244
1371
1213
894
379
-230
-536
-681
-689
-647
-804
-1055
-1428
-1693
-2061
-2359
-2295
-2150
-1838
-1617
-1580
-1639
-1711
-1648
-1627
-1482
-1092
-699
-371
-227
-335
-511
-516
-290
5
407
709
770
648
385
189
123
287
530
590
496
229
-33
-260
-401
-313
-215
-129
-54
-155
-313
-369
-208
58
273
480
588
640
712
907
1127
1371
1600
1660
1659
1617
1760
2000
2153
2290
2178
1902
1552
1181
1087
1154
1354
1529
1268
841
328
-357
-716
-858
-829
-596
-553
-736
-1225
-1672
-1845
-1924
-1689
-1314
-1039
-820
-964
-1216
-1321
-1248
-723
-145
239
537
453
310
250
246
607
1013
1407
1592
1376
1159
925
863
1017
1052
1150
1052
740
453
16
-159
-191
-297
-333
-638
-1056
-1299
-1566
-1746
-1742
-1699
-1647
-1702
-1720
-1786
-1857
-1567
-1407
-1287
-1036
-957
-783
-644
-552
-350
-304
-153
51
58
222
298
309
310
131
44
-60
-17
196
260
249
-46
-397
-448
-566
-495
-26
277
304
150
-4
-57
29
315
464
557
715
747
781
830
881
1030
1150
1244
1296
1309
1427
1548
1609
1682
1754
1862
1949
1980
1878
1655
1513
1350
1186
1074
972
798
509
72
-445
-839
-1136
-1304
-1318
-1361
-1409
-1502
-1675
-1845
-1948
-1799
-1507
-1199
-942
-861
-795
-797
-758
-486
-174
245
599
687
657
541
509
612
764
1001
1136
1067
910
624
402
310
261
335
288
98
-203
-601
-946
-1214
-1306
-1287
-1274
-1304
-1448
-1713
-1935
-2130
-2136
-1827
-1472
-1173
-977
-995
-1120
-1141
-980
-706
-390
-154
-189
-287
-341
-333
-194
-71
14
18
-48
-150
-173
48
232
282
294
243
245
233
213
195
79
108
223
238
181
134
168
172
154
134
226
407
485
476
486
468
561
848
1151
1381
1442
1432
1410
1360
1436
1624
1854
2099
2182
2167
1985
1756
1661
1498
1402
1326
1193
1063
808
510
174
-226
-557
-835
-1024
-1140
-1300
-1381
-1415
-1490
-1514
-1530
-1438
-1292
-1145
-893
-697
-561
-411
-294
-115
107
385
715
877
911
876
809
825
883
965
1076
1080
960
735
481
372
325
286
183
-98
-373
-638
-815
-872
-961
-1019
-1180
-1438
-1622
-1760
-1721
-1553
-1405
-1310
-1310
-1365
-1367
-1305
-1133
-856
-631
-519
-568
-594
-557
-501
-319
-210
-105
5
-31
-173
-281
-278
-158
78
130
114
61
-7
-139
-321
-235
-145
-54
29
-36
-161
-186
-153
-156
-199
-64
174
182
208
185
254
411
553
777
855
922
978
989
1056
1208
1397
1568
1674
1615
1568
1527
1541
1597
1591
1625
1564
1435
1299
1064
844
624
433
291
128
11
-126
-335
-541
-801
-1016
-1048
-1037
-962
-893
-891
-891
-909
-850
-785
-678
-495
-285
-125
15
122
191
273
318
427
513
623
738
681
603
507
401
373
312
295
283
147
-5
-226
-435
-535
-631
-674
-761
-908
-979
-1101
-1191
-1203
-1223
-1203
-1166
-1152
-1151
-1150
-1100
-1043
-995
-857
-796
-739
-621
-610
-582
-539
-438
-338
-261
-196
-139
-105
-86
-69
-74
83
65
101
89
3
42
-67
-9
-95
-62
-59
-167
-98
-151
-73
-135
-90
-18
-95
-65
-98
9
84
232
342
346
478
530
580
672
781
939
1037
1063
1104
1112
1189
1186
1143
1177
1176
1178
1092
1014
984
897
839
740
625
573
503
415
301
168
8
-98
-203
-290
-293
-287
-253
-320
-382
-437
-512
-454
-409
-318
-192
-135
-98
-157
-210
-134
-23
101
216
205
192
115
58
93
123
263
310
226
59
-154
-262
-307
-295
-266
-283
-375
-535
-747
-908
-945
-938
-824
-787
-830
-884
-975
-1016
-1029
-954
-846
-734
-619
-613
-621
-580
-541
-461
-342
-239
-99
-18
-17
-111
-191
-124
-48
34
119
174
157
95
-43
-13
-24
75
102
37
67
-79
48
4
45
121
20
60
-76
21
88
251
376
269
306
298
296
338
535
703
804
763
664
689
779
940
984
1034
1057
1073
1043
918
890
892
882
898
786
682
667
638
523
375
297
268
248
234
188
138
145
62
8
-50
-74
30
101
152
143
71
12
-16
-20
-14
42
115
161
41
-76
-203
-249
-199
-198
-128
-179
-269
-407
-581
-652
-638
-586
-530
-565
-671
-769
-902
-928
-909
-877
-839
-846
-866
-836
-878
-875
-852
-788
-693
-707
-675
-606
-533
-483
-499
-477
-396
-316
-170
-231
-262
-139
-122
-81
-94
-19
90
165
209
84
88
53
147
136
103
140
175
237
80
39
-56
32
212
208
181
63
148
206
32
63
183
290
391
307
358
323
440
440
303
428
525
555
639
695
740
711
593
603
532
663
797
744
719
584
645
577
510
494
449
491
427
387
360
462
425
316
231
191
337
333
405
424
399
309
226
269
275
393
399
407
352
318
217
28
43
17
125
99
2
2
-225
-267
-406
-462
-389
-446
-434
-586
-710
-737
-739
-677
-721
-797
-805
-880
-909
-875
-894
-766
-719
-771
-899
-916
-832
-740
-632
-726
-673
-670
-656
-666
-664
-480
-472
-334
-425
-485
-273
-289
-200
-185
-155
-81
-117
-97
-143
-7
22
-16
-10
-20
42
-72
-88
9
83
144
78
22
-69
2
32
47
108
226
294
139
53
89
238
315
345
413
375
324
221
209
434
611
650
600
484
420
414
389
434
539
691
608
537
495
382
477
576
582
477
389
441
414
420
464
418
478
450
366
215
164
344
348
387
335
189
229
186
137
14
121
192
194
110
-65
65
47
21
-61
-98
-91
-51
-39
-124
-87
-120
-119
-243
-309
-366
-262
-78
-162
-205
-379
-368
-278
-393
-370
-257
-153
-162
-322
-507
-439
-298
-285
-289
-222
-195
-246
-180
-287
-288
-81
4
-46
-119
-116
9
70
-61
59
102
24
1
-55
14
106
53
-26
7
16
-36
-185
-120
-48
73
95
-185
-94
-93
-126
-80
-111
97
126
72
25
-173
-178
-12
98
93
139
213
-18
9
134
76
198
226
142
146
191
175
204
247
217
197
290
257
194
291
247
253
246
198
277
387
350
181
178
159
252
242
94
145
147
228
121
176
117
-53
110
21
-63
36
127
88
-73
-129
-156
-168
-25
12
-83
-18
-97
-192
-263
-292
-169
-109
-54
-116
-330
-363
-231
-113
-273
-320
-236
-320
-275
-444
-362
-204
-210
-238
-346
-275
-257
-183
-207
-369
-324
-192
-46
52
-102
-210
-101
-92
19
76
11
-36
12
-8
-162
-43
172
213
100
-101
-197
-55
95
126
68
-43
-71
31
119
70
141
61
4
113
47
61
57
165
190
133
24
104
252
162
67
206
191
203
344
199
128
36
142
272
255
310
205
250
149
-38
150
194
221
277
51
162
69
33
82
37
208
122
144
49
-62
-80
-38
11
23
46
31
-10
-198
-114
-16
-106
-155
-150
-107
-80
-156
-152
-64
-165
-161
-307
-254
-184
-222
-182
-379
-237
-276
-284
-146
-417
-374
-395
-270
-115
-288
-427
-448
-346
-420
-351
-87
14
-226
-332
-478
-440
-61
-26
52
-1
-264
-253
-198
-92
-123
32
172
-12
-235
-276
-83
42
53
-79
-64
-61
-81
-87
-148
-25
-18
15
74
-5
-162
-11
135
151
163
101
235
142
113
77
213
280
30
291
269
343
300
42
245
356
312
125
176
367
316
345
211
232
476
363
67
240
170
168
472
461
335
219
259
106
163
337
319
485
426
36
-61
274
310
278
179
58
229
170
10
-110
153
180
74
-96
-140
48
108
11
-302
-119
-57
-68
83
-161
-177
-247
-177
-89
-151
-234
-201
-142
-221
-300
-144
7
26
-307
-481
-271
-194
-137
-32
-47
-208
-229
-232
-253
-4
-39
-395
-301
-157
-207
-215
-64
-5
-192
-260
-420
-242
-60
-12
23
-20
-62
-378
-288
-231
-134
197
98
-4
-2
-180
-443
-235
65
119
222
7
-108
-172
-68
-31
73
288
130
69
-76
-15
114
253
141
139
376
166
139
-15
48
163
262
391
264
291
140
-65
-5
299
357
336
375
113
35
177
226
55
250
390
201
98
110
-2
6
196
80
111
118
52
20
-51
-87
-166
134
303
102
-97
-85
-73
-13
71
-59
7
83
119
121
-109
-139
-138
-96
6
-4
-43
-21
40
-76
-304
-320
76
25
104
-8
-215
-46
-30
67
-92
126
8
-159
85
26
-17
-87
198
70
-126
-157
-247
95
172
171
-124
-172
-13
-188
-157
84
169
-75
-201
-55
-80
-307
-126
12
-138
69
-102
-287
-142
145
-52
-400
-38
-43
-190
-146
-108
-192
-82
-1
-106
-57
-88
-180
-361
-103
98
-149
-92
32
-120
-204
-132
-58
-45
100
73
-212
-133
-5
-110
52
213
34
1
-138
-93
26
51
135
-49
-30
-73
-113
-13
-10
109
52
21
169
-52
-220
-213
-74
153
72
88
-127
-84
-9
-193
-25
-45
37
112
-164
-124
45
-71
-196
22
43
-142
-65
131
85
-36
-130
-187
46
108
63
100
-41
-30
49
-37
82
328
-104
-459
-50
190
22
100
256
86
-80
-165
-298
-48
338
151
139
24
70
139
-115
-31
72
196
257
181
151
-49
14
-11
2
319
272
228
127
-123
-113
66
230
235
244
9
-11
115
23
241
352
197
47
34
129
64
101
108
140
220
42
-35
44
157
123
140
9
178
108
-197
32
319
177
155
254
-26
-41
-20
-103
60
331
264
-131
-205
-145
-47
13
199
27
-184
-45
-261
-290
-263
171
67
-184
-3
-325
-276
-72
-193
-246
16
66
-253
-249
-248
-241
-154
44
-1
-37
-121
-389
-213
-55
18
132
33
-221
-221
-122
-322
-21
285
114
-166
-158
-194
-360
-60
116
-68
0
90
79
-242
-180
44
-56
145
138
-10
-281
-233
21
39
143
151
114
-110
-215
-202
-218
142
333
212
-63
-132
-33
-117
30
225
175
236
125
-59
-234
-115
106
202
323
30
47
141
-79
-34
22
118
177
159
110
-158
101
262
-2
166
50
114
250
94
158
-136
-48
185
147
191
121
200
61
-5
8
47
168
311
203
-39
53
55
24
201
237
95
-45
-24
128
33
-41
110
42
78
65
40
114
-134
21
31
-116
-90
-204
207
84
-280
-134
-187
88
131
-99
-247
-273
95
-110
-347
8
15
-67
-145
-141
-220
-361
102
131
-93
-307
-200
-92
-199
-49
-230
-84
100
-50
-234
-414
-177
-37
32
-27
-146
-59
-161
-220
-97
-101
-32
128
28
-334
-146
29
-122
-141
5
101
103
86
-111
-139
12
131
64
-37
203
128
55
-62
-82
43
3
152
152
34
-118
31
182
-24
31
81
4
32
164
12
33
219
0
-101
115
130
-34
69
18
-43
141
88
-96
74
268
76
14
5
-13
49
153
-40
-206
66
93
46
-138
-4
60
-36
124
-91
-200
-9
122
53
-117
12
35
-30
35
-55
-83
134
139
-5
29
-78
56
97
-16
27
-41
165
-16
-77
12
-15
175
109
-113
-252
4
212
43
-9
24
122
-4
-75
-104
-84
215
141
-143
-197
-34
128
-11
30
-17
2
-15
-63
-57
-84
21
23
-9
-69
42
51
-51
61
86
14
-105
-2
137
119
79
44
62
-110
-66
53
-33
91
122
71
115
36
-217
-326
193
283
-55
94
174
49
18
-90
-120
146
418
138
-138
-47
22
-95
175
382
13
-9
92
99
-153
-100
284
145
139
16
-17
143
79
78
27
182
90
-147
0
177
-1
-16
170
-4
-105
-58
-105
-39
138
11
-120
116
140
-215
-148
-1
-89
247
155
-192
-190
-62
-22
-107
240
181
-48
-126
-345
-327
-33
254
192
84
-99
-160
-266
-227
23
79
167
-86
-243
-191
-39
141
24
74
-46
-142
-37
-68
-30
11
68
-62
-140
111
93
-55
-91
10
59
15
126
27
-146
-34
12
-62
104
149
65
-16
-77
-93
-53
223
29
-30
56
-69
53
9
102
147
108
-75
-151
96
48
99
98
-49
-9
60
-30
-12
-2
-41
29
58
-32
-169
84
147
11
28
-88
-31
130
62
-75
4
-22
-1
-1
-18
81
-11
14
-28
-19
-48
-117
95
-122
-144
-23
-63
174
111
-119
-246
-65
-64
-104
177
120
-100
-132
-74
-184
10
171
28
-28
-78
-188
-102
22
12
14
-73
11
-79
-70
-63
-75
-6
-179
-25
-93
-54
4
-73
1
-85
6
-44
-94
-53
-116
-55
-74
-49
13
3
-47
-122
-50
14
98
-111
-52
-15
-47
52
-95
37
-16
-12
-38
-68
116
-55
3
13
-61
27
11
112
5
-80
-191
-113
160
84
92
136
-97
-121
-121
-82
117
122
154
-20
-73
-53
-159
121
202
78
6
-91
-2
1
-68
113
169
122
32
-162
-29
62
103
106
-11
-20
34
15
-7
-15
118
166
1
35
-143
-59
128
-7
22
-4
113
-9
-115
-14
18
109
76
4
3
-13
-124
55
41
74
59
38
56
-159
-9
9
135
152
-41
-15
-92
-63
-30
0
47
65
21
-182
-103
1
-24
21
11
-22
-95
37
-18
-51
173
6
-86
-72
-55
91
18
74
9
-24
44
-138
43
37
-34
72
-98
-24
-13
-17
-9
-59
13
8
37
-24
-29
-1
18
-7
21
25
-45
33
-70
-15
39
-31
78
24
4
-118
-2
37
-95
126
153
-24
-88
4
-21
-28
23
50
60
-22
-16
-38
-9
41
52
34
0
-58
30
41
-14
34
-86
84
6
-42
109
-53
69
35
49
30
-53
82
3
1
-50
-34
123
146
17
-56
18
-20
-45
-23
42
60
65
26
13
31
69
75
-53
29
-20
-111
101
116
7
0
15
87
-25
-61
83
109
131
-191
-144
98
40
53
-21
43
73
56
-115
-150
127
158
-37
-162
-7
67
7
94
13
-12
27
-48
-97
-172
50
37
-31
69
-29
27
22
28
-56
-55
-2
-86
-9
-7
-26
-3
37
45
-60
11
57
9
16
-113
-105
50
0
-31
-44
79
103
-8
-101
-181
74
38
-152
-90
38
148
-30
-106
-37
2
13
-53
-11
-41
-56
1
-50
-23
-32
35
63
-7
-76
-158
-27
37
22
-63
-111
131
11
-217
-192
47
65
-157
-33
14
-11
-81
-103
-75
46
98
-92
-135
60
77
-102
-94
64
58
-67
-109
-53
-40
-27
-22
16
-42
-67
22
-6
20
-60
-38
9
-23
71
-56
-46
69
97
34
-52
-45
61
71
-28
-3
16
118
-20
-76
2
-20
136
-8
5
4
-44
35
12
99
1
47
4
-20
-42
-64
88
57
89
-14
-70
28
30
70
19
-19
-36
-30
27
42
-10
56
56
43
39
-84
-18
65
56
3
-27
76
60
22
-27
-3
53
25
26
63
11
-92
-27
18
60
64
67
33
-89
-42
-63
28
162
17
-23
-33
-3
-19
4
84
58
35
-52
-117
6
102
43
-17
3
-22
-8
-18
1
44
25
15
-130
-73
86
58
27
-40
20
10
-43
42
-18
4
-14
-90
-27
33
55
-27
-74
-29
-41
-27
11
3
30
-36
-69
31
59
27
19
-25
-43
-54
7
59
73
62
-87
-104
-48
20
92
61
-2
-44
-50
-64
-13
50
68
5
-25
-13
-32
88
25
8
-89
-135
1
64
126
-5
-21
23
17
-34
-61
54
79
-18
-127
-58
61
135
15
-70
13
18
-55
-83
-31
-18
-20
-77
-73
41
108
-22
-135
-1
-38
-39
-43
-17
23
22
65
-87
-6
-6
-10
6
-74
-9
-23
40
-4
-66
-49
-28
47
-9
-40
-63
48
70
-28
-90
-72
58
46
1
-51
-8
19
-63
5
45
112
95
-40
-55
-77
28
56
12
95
21
-2
1
-22
80
65
48
-27
-112
30
78
102
70
-4
48
7
-56
-45
69
151
48
-64
-27
33
63
23
-42
36
76
11
-70
-52
67
31
19
-16
22
99
35
10
-47
38
29
-64
36
35
48
29
-2
20
-29
22
-43
-58
22
-17
-6
17
47
1
-48
-65
-19
-6
-8
12
-33
2
-8
-18
-25
-20
85
17
-42
-85
-68
41
-3
-9
-28
