SAMPLES:	10711
BITSPERSAMPLE:	16
CHANNELS:	1
SAMPLERATE:	16000
NORMALIZED:	FALSE
86
60
30
-4
-62
11
-28
-1
4
-13
-2
-20
-14
-52
3
-47
50
-12
26
40
20
30
-28
-89
-29
-80
-26
12
-82
6
-127
-57
-88
-81
-31
-34
-11
-74
-36
-4
48
146
-2
62
-53
-78
22
-59
112
-31
29
-50
-48
26
21
166
69
161
71
71
121
19
85
4
-29
42
20
62
87
25
80
42
-20
116
149
182
231
43
131
-10
74
105
91
104
28
74
-14
126
12
66
38
-57
116
-17
98
99
-59
68
-141
24
12
-53
68
-134
18
-73
-22
39
-76
31
-86
45
7
20
98
34
91
49
58
40
0
55
-8
32
23
61
16
-29
55
-16
29
34
50
36
13
6
-13
-63
-41
-76
-84
-56
-46
-40
-4
-6
-80
-32
-121
29
-55
58
60
-15
36
16
37
71
66
-15
4
-75
-1
41
-77
54
-104
-39
56
-80
136
-62
41
-56
-101
-6
-120
-61
-109
-64
-173
-111
-116
-98
-37
-170
-24
-50
-81
21
-102
57
-51
-35
39
-44
47
3
61
96
38
57
15
-26
88
-23
105
59
95
18
38
40
112
74
43
17
-127
-44
-148
87
25
59
-20
-185
-21
-117
58
64
-9
26
-227
-38
-80
-48
69
-143
-41
-190
-103
45
-38
-39
-61
-203
-83
-66
25
155
-133
-2
-153
-168
-126
-94
51
-44
-24
-169
-146
-90
-168
95
-89
36
-49
-73
104
31
104
22
21
-95
33
-58
140
-39
26
26
-74
24
14
91
-12
50
12
117
-1
3
31
44
-63
90
-118
-48
-43
-71
155
-42
103
53
-68
112
91
0
249
-112
28
-79
29
139
62
87
15
-14
-196
190
-100
170
-13
51
21
-67
66
-123
-8
-119
-83
-162
-151
-126
-151
-202
38
-231
19
-178
0
-63
-79
48
-114
-74
-148
89
-33
168
-5
81
-81
-7
-50
37
18
-2
-43
-177
115
-44
167
105
114
111
138
145
177
-75
-13
-111
-129
58
-98
72
-30
-42
54
-2
145
80
-43
127
-23
15
90
-37
40
-65
32
69
-93
17
-52
-7
-14
86
40
-23
-6
-75
3
-12
18
111
-38
-10
20
-69
131
-4
95
22
129
5
20
-25
-12
47
-102
236
-49
69
127
97
65
142
86
140
-130
156
-2
5
-15
21
53
-140
268
-57
77
18
59
81
77
115
18
-1
12
4
123
99
173
148
35
16
46
98
116
94
-35
130
-83
50
118
-34
5
-77
-38
-9
-14
148
-103
-78
-91
-27
-35
13
-127
-175
-119
-189
57
-141
80
-166
-26
-183
26
105
46
241
-130
126
-105
-68
140
-138
161
-32
-162
181
-57
229
54
142
57
-6
-17
15
10
-92
21
-200
12
16
67
-81
-133
-131
-174
-93
3
84
-46
-174
-147
-97
224
-119
66
54
-220
193
-211
260
-98
-265
77
-37
212
26
12
121
-197
124
12
179
127
1
122
-139
93
-158
305
3
85
207
-172
325
-94
-41
259
-223
246
174
-29
152
-215
177
-59
-50
56
-183
118
-132
214
-106
-134
116
-308
98
-46
11
68
-330
88
-196
-25
-38
-174
81
-207
86
26
-81
45
-196
132
-39
-87
71
-34
225
130
262
224
-21
178
-26
-26
266
-183
110
-2
-235
290
-151
137
63
-231
89
-209
9
93
-212
-97
-225
21
-156
108
54
-143
-53
-476
192
-310
-49
142
-260
129
-181
8
150
-18
290
56
175
-125
-211
-6
-174
22
-34
-49
-108
-161
-134
-25
154
-266
-54
-242
-212
-204
-100
-48
-174
-72
-217
290
-95
63
-5
-241
55
-161
63
245
52
146
73
218
68
-7
221
150
217
121
148
146
-9
56
53
387
-31
98
13
-226
131
-264
73
-40
-313
152
-340
-108
-117
-281
-58
-125
127
-266
-82
-224
-131
18
-390
264
-404
-131
-218
-219
386
-415
173
14
-144
-14
-54
189
-33
-153
191
-110
49
-207
-236
22
-100
220
29
247
77
-192
-88
14
-48
26
76
134
-96
-302
350
-72
243
387
-247
472
-358
49
123
-291
465
-409
-17
-21
-67
377
-105
357
-185
-29
-33
125
281
-492
6
-315
-234
155
-5
465
143
-57
397
-283
117
30
10
214
-244
216
-137
319
-34
-81
221
-64
310
-234
122
94
-157
220
-309
353
-156
89
247
-110
412
-467
192
-154
-70
99
-326
343
-141
-93
254
-171
56
-95
-61
65
-203
-55
145
-171
83
160
246
230
-23
253
-150
-1
5
-195
7
27
3
-116
146
-8
103
62
-116
184
83
37
158
105
-299
-32
-205
121
72
58
218
-21
17
113
16
65
199
205
434
-106
208
-399
-28
196
-350
482
20
163
453
-321
414
-145
-255
200
-302
390
-413
175
-17
-199
44
-205
643
-139
17
24
-160
-43
-166
-55
139
-167
77
-87
23
289
-70
401
282
56
-126
-191
-182
-70
-66
79
367
34
-105
309
174
91
34
130
88
132
-55
233
148
-239
382
-125
188
70
-313
227
-217
-80
336
-307
272
-129
-134
341
-239
335
-22
-268
-366
-492
-56
-190
67
-126
235
92
-519
624
-407
-64
181
-388
124
-451
292
-246
20
-46
8
385
-256
822
153
114
164
-235
-92
108
193
-93
307
-138
-50
13
-55
98
135
-14
-19
-79
-182
116
-141
-264
-1
-219
265
30
-246
139
-244
220
-515
4
-88
-290
9
159
-53
-282
384
-251
229
-193
-14
429
-374
80
26
-255
181
-226
57
-171
-178
-189
1
442
-365
139
68
-166
14
-325
201
-161
-99
141
-221
0
-381
-238
71
-227
-59
-97
-41
-48
-42
37
-193
16
-397
27
-128
-57
-178
68
-24
-332
18
-565
119
-801
-29
161
-201
373
-100
118
-359
-152
519
-196
372
-140
19
-133
-480
503
-573
682
-328
272
249
-124
706
-293
230
-332
-205
151
2
350
30
9
264
-314
179
-310
143
88
-167
177
-232
1
-244
-138
-61
274
73
196
152
92
109
-239
99
-215
-145
-55
-16
57
-12
294
68
87
194
-136
297
-409
-25
-4
-339
295
-167
52
-102
229
76
194
-154
-373
391
-351
103
-84
-328
217
-556
574
108
-235
415
-253
241
-404
-112
49
-374
160
-330
232
193
-110
327
-363
63
-442
-61
334
-268
502
-272
73
-238
-67
370
-233
378
-180
-199
-116
-358
472
-369
-45
-128
-166
123
105
341
142
-52
-277
36
-200
-11
183
152
-319
10
11
187
554
49
205
168
-565
492
-58
35
267
-498
341
21
-50
483
-309
309
57
-503
634
-123
297
232
-152
476
-341
102
234
-214
123
-235
-208
-378
-100
144
24
572
-181
-10
274
-335
270
-476
309
-6
-287
374
-169
-129
35
-317
2
325
153
453
342
192
110
-158
54
545
-8
-12
15
-48
267
114
407
130
185
22
-138
273
-23
-78
359
-283
84
-166
-72
510
-693
311
-583
152
-228
-596
435
-580
64
-303
16
257
9
561
-113
280
-56
-358
647
-548
331
-37
-190
516
-524
355
168
51
325
-58
304
-47
237
74
-10
43
-374
69
-130
249
68
-50
698
-454
192
-40
57
-105
-278
309
-358
202
-230
129
298
-260
434
-138
124
6
-208
264
-175
-84
-62
-54
-267
51
-86
13
18
-10
19
-322
-42
-386
94
-94
16
-6
-65
143
-381
308
154
10
250
-200
126
-233
79
58
3
158
-51
262
-163
442
-69
-100
275
-270
41
-22
-104
105
-17
260
152
147
-28
30
-62
-86
-19
-33
-213
-400
-318
-227
241
315
744
328
23
-324
-283
-447
265
402
114
142
-513
-356
-561
-74
-60
206
272
-209
335
32
-179
-93
-548
374
-272
-183
704
-598
119
-427
-174
-3
-359
270
31
-3
113
10
-39
375
-100
311
382
257
73
-125
215
-265
191
329
-80
272
-807
366
83
-331
664
-746
697
-526
-307
726
-816
316
-793
0
-6
-532
367
-330
259
-277
-480
249
-456
6
31
-289
37
-573
-202
11
-230
108
210
-79
76
-52
-479
-227
83
-170
-37
264
33
44
-133
122
-215
-334
16
11
-135
213
85
10
128
-94
23
13
161
178
-31
101
33
-67
1
-15
296
-421
145
54
-3
522
-162
190
-316
-200
121
-243
281
139
-388
136
-142
118
-353
341
4
-279
-160
-235
462
-484
551
167
-682
240
-126
18
163
-531
380
-546
237
383
-238
450
-345
177
74
154
290
-296
-226
-299
-329
153
159
-135
47
-386
42
228
-22
631
-506
-33
-259
-438
531
-179
184
-500
-400
69
-264
834
152
459
-433
-43
-37
-270
355
-469
491
-456
-50
-178
-154
528
-226
276
-57
42
-436
-1
336
-80
241
-454
425
20
-116
637
-716
409
223
-390
635
-383
331
-196
-389
531
328
-125
792
-195
37
38
233
182
-363
108
-557
-244
98
620
-159
44
289
-481
246
-222
575
559
-747
118
123
-311
74
101
-571
25
-509
126
862
-146
866
-255
-359
264
-341
601
45
-471
126
-128
491
131
245
409
-622
493
-13
505
417
-423
665
-802
491
213
-526
963
-587
295
112
99
361
-476
292
-218
47
214
-70
283
-205
119
257
-16
383
67
-323
-87
-337
-40
265
-333
345
-325
-105
119
-315
34
50
-266
96
-100
117
-85
-498
265
-103
228
313
90
117
-468
60
96
-433
214
-532
250
99
102
371
111
377
-381
243
174
-164
232
-145
62
89
-816
529
-270
-159
701
-105
464
-363
-321
247
-499
146
283
-138
596
-529
212
-187
-248
210
-154
376
-257
62
-82
2
274
-366
279
120
-347
646
-422
419
-229
-398
325
-811
265
-395
39
506
-649
511
-433
-347
498
-819
643
-317
-329
210
-269
110
-601
532
-664
133
-61
-133
527
-1086
644
-60
-534
792
-526
363
135
-91
227
28
61
-258
240
-308
411
-63
-298
336
-331
146
293
2
665
8
-87
23
-295
99
-85
270
192
-139
166
-254
117
-168
-226
464
-14
152
159
-24
263
-720
204
183
-481
538
-292
215
-129
-345
385
-561
328
-116
-537
738
-611
104
-217
-267
713
-526
556
275
-122
106
-679
-101
104
-394
98
-57
-450
-234
-386
539
40
-75
155
-215
111
-162
7
-260
162
-163
-374
349
-108
71
-143
-173
619
-500
48
564
-491
286
-533
362
203
213
291
-531
597
-663
233
366
-381
630
-1070
310
564
-1175
786
-496
680
-243
-382
735
-682
390
-466
170
-342
-184
111
-639
753
-408
-225
692
-956
655
-257
211
548
-705
377
-410
231
-400
267
-283
-245
-53
-844
664
-423
-149
170
-511
294
-499
506
203
-685
354
-709
315
-372
225
549
-582
569
-471
45
274
-50
279
55
298
70
141
467
57
299
-267
160
223
-213
524
-439
-89
60
62
474
-128
287
55
-267
297
-13
-28
-101
-215
139
-363
-338
-35
-154
27
384
-94
-90
-121
-43
199
136
51
-12
26
-71
257
374
85
157
-364
-305
-38
8
343
122
73
-389
160
-550
321
363
-377
713
-350
346
148
-382
115
-524
94
528
-36
760
-29
-412
162
-66
209
506
-49
215
81
33
848
-474
418
61
-348
235
269
370
-248
69
-208
190
102
519
62
-518
-76
-225
182
427
-55
-54
-156
-338
54
-180
-55
149
-133
-38
191
-441
-101
166
-262
225
50
-214
164
-278
228
-24
-729
200
-146
70
154
-168
-93
-323
11
-189
263
-39
-12
-164
-407
38
-551
592
686
-231
684
-104
161
-166
121
294
-685
146
-321
138
107
-102
775
-515
250
110
-175
732
-337
252
76
-285
311
-669
289
-632
182
634
-325
323
-690
127
-131
35
524
177
-321
-294
-429
-294
429
177
427
180
-565
480
-206
211
680
-464
547
-461
-293
-90
-517
603
-126
131
460
-447
6
213
-318
-142
-106
-71
-52
42
26
437
253
-343
600
-608
-39
247
-691
598
-264
-179
592
-493
607
143
115
419
-328
309
-542
12
-407
-520
339
-650
43
-482
-81
393
-772
749
-396
-315
792
-588
522
-519
-24
100
-953
549
-239
300
319
-53
156
-78
562
-123
407
316
-270
256
-4
362
-27
-57
210
-145
89
262
224
-385
-217
-69
-378
-227
-334
123
-100
265
-117
-89
95
-469
101
-560
-270
-287
-242
163
-94
87
-20
351
-68
201
189
-233
89
-478
-144
-550
-19
-168
95
-62
-444
584
-258
671
561
-518
309
-538
-337
46
-417
558
-199
-173
-60
-401
375
406
240
143
254
56
-160
-342
14
-95
164
287
485
57
27
212
141
210
192
1
69
46
-277
618
-367
-110
-420
-275
-393
-419
451
-176
-125
-572
-125
54
-274
428
231
-195
59
-264
452
-266
-597
25
-571
-451
166
-153
383
-303
-74
486
-769
565
-245
138
-71
-160
28
-301
476
-779
-68
91
-207
346
-179
250
-103
-268
600
-355
451
191
-134
197
-121
92
56
52
17
383
221
162
-158
-274
150
203
42
684
-197
-221
61
-74
518
58
-14
-667
70
112
374
436
-281
-196
-99
206
257
203
-138
-320
-816
-156
-3
42
122
96
-328
341
231
555
360
-263
46
-460
208
-431
-344
-99
-275
-27
375
472
-228
75
162
119
238
379
159
-1
-87
230
-464
61
-133
-108
12
425
351
-200
339
-327
260
59
260
481
-204
-123
301
-144
139
379
-374
-25
-20
-403
771
-528
-248
633
-589
864
-329
194
111
-612
501
-120
396
-124
-288
17
-627
552
21
262
-178
-392
397
-732
281
127
-204
228
-382
136
-421
-374
366
-167
205
-114
-63
176
-249
425
200
437
-37
104
139
-125
260
-237
296
28
74
195
40
205
69
300
611
276
436
109
-9
-361
-173
-307
83
188
-388
503
-546
252
336
-75
477
-447
281
40
-83
-56
-282
176
-570
277
-59
19
386
-222
518
-95
-40
267
-733
-254
-538
-121
-147
-360
-123
-394
241
-401
179
-336
-461
150
61
562
-310
111
192
-212
312
23
534
-488
-393
-93
-414
557
-28
529
-20
172
704
518
1054
-86
514
2
-42
241
-568
-101
-463
-472
154
-315
258
122
-260
73
-55
-57
-68
173
-235
-57
-155
-133
-362
-255
-253
96
-271
275
189
-413
352
-117
492
212
136
99
-218
-197
88
-294
-144
-307
-493
20
-286
78
43
-21
135
-237
-76
-119
8
-156
-518
-149
-459
128
44
147
-127
-232
239
174
397
241
196
3
-280
-80
35
275
116
-160
170
-291
-50
21
-1
-12
-367
87
-222
-52
-98
-158
-172
-279
-309
-44
58
-130
-141
-155
-243
-146
-109
39
10
-484
406
109
329
449
190
245
-244
198
69
251
449
-86
-299
-493
-306
-80
-116
414
44
45
38
-408
-53
-412
-280
-300
-500
62
-307
-63
-9
-470
124
-126
493
499
-112
305
-412
-289
-173
-303
186
-355
-129
-280
-84
336
214
282
239
176
88
84
50
-188
-296
-381
-182
-162
-199
-66
-320
-61
-118
131
459
256
19
-68
54
154
277
548
441
-216
-299
-182
165
180
351
185
-127
305
216
738
672
218
-7
-346
-61
-1
175
384
-23
-145
-123
34
112
244
385
121
409
260
446
225
-92
19
-120
225
132
302
486
416
470
344
489
593
538
440
373
124
127
-24
-134
-7
-135
-141
-27
-134
-172
-180
-24
-24
-92
-71
-335
-406
-320
-347
-231
-433
-375
-523
-547
-489
-745
-354
-715
-515
-519
-397
-224
-380
-260
-429
-360
-642
-747
-686
-807
-525
-917
-646
-818
-985
-736
-809
-218
-530
-273
-572
-520
-301
-306
272
-29
171
254
232
610
512
945
895
1012
1007
978
1187
1213
1472
1340
1390
1602
1551
1703
1759
1714
1710
1352
1461
1376
1613
1672
1701
1699
1489
1528
1600
1560
1925
1570
1725
1690
1527
2002
1315
1528
1224
1045
1196
889
906
667
318
296
-256
-188
-653
-1048
-1328
-2091
-1869
-2635
-2614
-3143
-3808
-3869
-4600
-4487
-4779
-4818
-4724
-5072
-4545
-4625
-4301
-3886
-4107
-3412
-3713
-3140
-2929
-2733
-2241
-2339
-1911
-1802
-1508
-1085
-849
-306
-40
257
842
824
1418
1373
1612
1931
1771
2146
1958
2095
2313
1849
2294
2048
2253
2501
2308
2718
2296
2734
2835
3157
3485
3824
4124
4066
4214
4161
4332
4449
4380
4585
4172
4381
4299
3901
4431
3696
4388
3939
4083
4193
3932
4341
3983
3607
2834
2162
1572
749
304
-890
-2065
-2951
-4626
-4777
-6166
-6264
-6804
-7424
-7347
-7585
-7138
-6815
-6505
-6308
-6074
-5467
-5114
-4678
-4455
-4646
-4317
-4705
-4375
-4443
-4206
-3912
-3761
-3122
-2824
-1995
-1481
-1008
-546
-396
31
263
294
399
-87
-127
-488
-729
-660
-1134
-1116
-1270
-1195
-778
-493
-113
264
384
928
1409
2047
2558
2912
3250
3389
3601
3620
3801
3878
3944
4038
4104
4027
4179
4193
4416
4594
4658
5204
5231
5627
5787
5640
6168
5535
5969
5650
5171
5548
4556
5011
4395
4183
4350
3662
4021
3620
2966
2444
1527
821
307
-575
-1990
-2986
-4528
-5275
-6070
-7169
-7232
-8349
-8279
-8808
-8720
-8490
-8297
-7899
-8557
-7660
-7697
-6794
-6189
-6428
-5742
-5935
-5305
-4658
-4643
-3526
-3531
-2702
-2187
-1379
-246
484
1400
1267
1936
1991
2244
2278
1576
1183
544
191
-177
-634
-867
-1106
-1028
-1150
-744
-432
-82
436
281
780
922
1321
1581
1341
1559
1456
1946
2219
2454
2888
2969
3524
3664
4175
4633
4819
5348
5341
5587
5878
5783
5868
5834
5376
5617
5058
4738
4678
3804
4200
3641
3604
3796
3135
3580
3148
3151
3486
3152
3841
2776
2184
1794
222
684
-976
-1910
-2885
-4803
-4722
-6060
-6633
-6544
-7918
-7416
-8265
-7742
-7184
-7139
-6110
-7284
-6086
-6221
-5564
-4580
-5282
-4549
-4930
-4781
-3960
-4501
-3230
-3250
-2598
-1651
-1440
413
661
1942
2217
2241
3202
2458
2722
2139
977
995
-394
-775
-1513
-2403
-2085
-2914
-2498
-2287
-2025
-1051
-952
0
71
733
1178
873
1415
818
1175
1270
1065
1658
1335
1979
2412
2696
3710
3957
4749
5053
5469
5894
5998
6650
6176
6678
6474
6335
6631
5663
5961
5336
5193
5338
4475
4871
4263
4032
4338
3437
4307
3591
3985
3440
1980
2406
532
807
-305
-2174
-2634
-4842
-5139
-5845
-7176
-6430
-8083
-7745
-8165
-8285
-7137
-7449
-6361
-7220
-6544
-5933
-5804
-4515
-5137
-4820
-4523
-4844
-3611
-4092
-3288
-3040
-3128
-1989
-1698
-373
286
1001
1141
1345
1992
1850
2076
1458
623
174
-799
-1114
-1746
-2288
-2312
-2824
-2546
-2036
-1540
-786
-308
14
443
1117
1554
1845
1694
1430
1449
1488
1765
1896
1880
2187
2403
2887
3554
4079
4637
4946
5378
5586
6336
6441
6505
6607
6045
6493
5842
6083
5624
5195
5167
4543
4765
4364
4378
4300
3676
4314
3533
4185
3953
2432
2495
654
550
-169
-1628
-2699
-4489
-5558
-6213
-7253
-7495
-8262
-8606
-9221
-9150
-8719
-8609
-7528
-8061
-7866
-7355
-7020
-5847
-5600
-5560
-5308
-5417
-4646
-4249
-3875
-3105
-2993
-2378
-1770
-711
229
1091
1690
1545
2241
2525
2496
2739
1549
1147
414
-429
-411
-1518
-1610
-1802
-2213
-1598
-1311
-571
154
560
994
1349
2064
2388
2661
2433
2218
2219
2094
2315
2349
2294
2695
2833
3348
4169
4529
5272
5489
5825
6443
6640
7175
6844
6807
6508
6266
6061
5717
5382
4885
4634
4032
3958
3703
3583
3624
3129
3208
3216
3045
3429
1873
1449
461
-836
-787
-2741
-3925
-5364
-7106
-7454
-8764
-9215
-9309
-10348
-10085
-10556
-9859
-9366
-8634
-8215
-8562
-7385
-7285
-6115
-5643
-5779
-5213
-5240
-4765
-3955
-4027
-2869
-2749
-2134
-1160
-421
978
1727
2765
2655
3372
3757
3508
3650
2566
1874
1262
115
-55
-1232
-1571
-1671
-2257
-1543
-1428
-423
181
777
1400
1690
2573
2740
2922
2802
2460
2661
2300
2442
2251
2139
2590
2707
3317
3920
4584
5235
5736
6354
6747
7448
7678
7698
7647
7144
7169
6616
6426
5799
5233
4736
4215
3852
3701
3523
3381
3201
3138
3305
3155
3204
1626
1223
-58
-1144
-1474
-3866
-5099
-6765
-8622
-8519
-10270
-10260
-10564
-11572
-10760
-11286
-9853
-9441
-8474
-8341
-8335
-6958
-6631
-5248
-4940
-5276
-4434
-4702
-3603
-3038
-2915
-1645
-1841
-613
234
1450
2805
3614
4261
4195
5065
5258
5168
4813
3471
2530
1582
526
-59
-1332
-1850
-2067
-2477
-1876
-1397
-770
141
647
1187
1879
2367
2855
2506
2320
1919
1843
1773
1526
1379
1114
1530
1877
2507
3475
3975
4764
5311
5882
6794
7090
7675
7377
7205
6914
6451
6252
5218
4932
3884
3350
3258
2229
3326
2198
2563
3142
1958
4046
2952
3660
2888
1027
1859
-901
-336
-2379
-4877
-5123
-8580
-7737
-9813
-10441
-9644
-11976
-10236
-11114
-10041
-8521
-8776
-7206
-8209
-6586
-5881
-5541
-4089
-5312
-4413
-4526
-4220
-2880
-3376
-1910
-1853
-1315
499
1115
3105
4070
4738
5472
5692
6751
6501
5971
5166
3403
2702
1195
-23
-1156
-2772
-2923
-3794
-3608
-3028
-2880
-1601
-1221
-179
642
1304
2151
1708
1791
1359
1067
1067
345
281
-301
-2
503
876
2169
2853
3939
4880
5601
6688
7537
7876
8108
7829
7513
7271
6505
5791
4903
3838
3610
2461
2532
2086
1955
2267
1737
2944
2580
3800
4197
3676
3336
2265
1882
666
-121
-1840
-4454
-5495
-7954
-8274
-9622
-10465
-9845
-11408
-10156
-10125
-9037
-7395
-6914
-6069
-6014
-5015
-4159
-3632
-3116
-3702
-3564
-3803
-3545
-3097
-3155
-2060
-1926
-950
270
1454
3081
4388
5279
5994
6705
7015
7210
6179
5355
3811
2380
858
-1197
-2535
-4469
-5090
-5793
-6231
-5400
-5427
-4068
-3056
-2289
-429
-225
1207
1189
1187
1287
526
456
-600
-1006
-1562
-1822
-1320
-1403
-218
549
1724
3501
4321
6267
7026
8064
8734
8685
8912
8479
7794
7070
5721
4726
3795
2438
2515
1233
1553
1620
1380
2853
2782
4113
5231
5073
6547
4502
5117
3923
2076
2348
-1748
-2660
-5440
-7703
-7937
-10605
-10200
-10956
-11610
-10270
-10484
-8203
-7420
-5822
-5093
-5123
-3075
-3352
-2212
-2422
-3452
-3126
-4022
-3719
-3768
-4105
-2946
-3016
-1828
-388
914
3038
4188
5624
6503
7447
8458
7966
7437
6069
4428
2922
830
-892
-3215
-4832
-6025
-7083
-7146
-7252
-6461
-5646
-4393
-2871
-1732
-45
618
1276
1539
1558
1544
840
123
-898
-1423
-1663
-1649
-1346
-936
54
1085
2621
4348
5896
7312
8272
9004
9446
9742
9397
8821
7532
6337
4972
3906
2593
1955
828
499
710
610
1893
2359
3284
4457
5137
6319
6956
5874
5886
4288
3048
1940
-517
-3223
-5355
-7845
-9020
-10320
-11028
-10957
-11372
-10769
-10058
-8507
-6865
-5225
-4505
-4372
-3363
-2922
-2543
-2380
-3581
-4092
-4657
-5034
-4730
-4931
-3934
-3464
-2508
-803
888
3278
4973
6549
7297
8195
9092
8770
8185
6594
4617
2855
560
-1421
-3456
-5349
-6543
-7656
-8008
-7598
-6753
-5559
-4366
-3091
-1589
168
1359
2062
2267
2103
1808
1285
460
-255
-810
-1256
-1406
-1418
-614
444
1652
3193
4438
5967
7460
8443
9243
9436
9426
8946
8202
6985
5788
4452
2952
1941
430
118
-354
-270
242
723
1750
2659
4207
4953
6376
6900
6709
6127
5020
3789
2440
569
-1997
-4638
-6526
-8362
-8844
-10057
-9939
-9753
-9977
-8209
-7582
-5592
-4164
-3426
-2937
-2699
-1971
-1769
-2088
-2791
-4097
-4373
-5040
-4729
-4686
-4505
-3291
-2831
-781
956
3061
5207
6455
7533
8258
8889
8940
8053
6561
4416
2261
341
-1935
-3936
-5920
-7299
-8207
-8596
-8025
-7206
-6187
-4620
-3511
-1844
-240
906
1563
1442
1325
893
381
-303
-1148
-1868
-2287
-2262
-1950
-1225
23
923
2420
3968
5364
6926
7762
8304
8394
8146
7932
6982
6149
4643
3483
2124
1031
458
-241
-525
-261
-80
862
1722
2770
4030
4703
6161
6468
6849
5639
5371
3758
2525
1541
-1411
-3023
-5067
-6874
-7171
-8666
-8185
-8121
-8468
-6852
-6826
-4760
-3698
-2836
-2790
-2901
-2417
-2582
-2565
-3261
-4495
-4906
-5626
-5531
-5342
-5022
-3677
-3351
-1711
36
1881
4062
5435
6161
6915
7439
7561
6934
5566
3847
1685
-127
-2026
-4038
-5448
-6841
-7604
-7943
-7588
-6425
-5530
-4150
-2709
-1731
-37
1052
1460
1470
1055
631
-22
-558
-1332
-1940
-2367
-2418
-1863
-1207
65
1322
2413
4098
5452
6754
7917
8143
8521
8402
8091
7762
6529
5704
4201
3361
2315
1437
1362
406
975
1053
1827
2899
3240
4968
4936
6266
7023
6521
6424
4811
4344
2304
1316
-780
-3344
-4565
-6767
-7177
-8280
-8575
-7812
-8734
-7272
-6792
-5608
-3861
-3612
-3166
-3701
-3018
-3110
-3306
-3842
-5305
-5799
-6264
-6217
-5875
-5692
-4553
-3913
-2619
-665
1270
3148
4777
5548
5975
6758
6941
6423
5277
3623
1513
-78
-2099
-3490
-4909
-6149
-6360
-7232
-6408
-5319
-4348
-2766
-1875
-700
356
1261
1842
1481
1130
285
-355
-1165
-1870
-2163
-2907
-2494
-2165
-1294
216
1429
3061
4465
5883
7287
8267
8975
9171
9085
8707
7879
7274
5696
5143
3649
2788
2233
1321
1659
1238
1937
2359
3007
3975
4514
5390
5921
6281
6275
4600
4499
2501
1477
484
-2658
-3741
-6129
-7213
-7580
-8654
-8025
-8118
-7940
-6760
-6282
-4468
-3843
-2917
-3236
-3362
-2581
-3291
-3163
-4329
-5487
-5757
-6238
-5917
-5727
-5423
-4164
-3503
-1878
-125
1600
3578
4634
5677
5870
6551
6630
5618
4730
2676
925
-480
-2493
-3598
-4997
-5984
-6097
-6589
-5464
-4486
-3413
-1889
-1181
10
856
1725
2022
1464
1228
161
-459
-1200
-1904
-2091
-2613
-2213
-1689
-827
933
2152
3940
5357
6653
8175
8872
9701
9583
9526
8895
8005
7220
5834
5002
3717
2716
2134
1520
1568
1602
1877
2571
3067
3725
4713
4970
5834
6092
5411
4565
3290
2309
678
-504
-3059
-5142
-6710
-8102
-8334
-9139
-8966
-8316
-8689
-6988
-6355
-4884
-3479
-3194
-2957
-3315
-2696
-2868
-3264
-4130
-5445
-5816
-6058
-5889
-5522
-5363
-3973
-3380
-1737
212
1986
3931
5113
5822
6084
6639
6564
5772
4381
2716
904
-742
-2384
-3995
-5033
-6140
-6103
-6568
-6061
-4768
-4247
-2515
-1729
-752
632
858
1716
1093
755
428
-610
-926
-2120
-2127
-2617
-2331
-1528
-1072
840
1836
3534
5232
6191
8189
8677
9492
9669
9283
9391
8092
7630
6012
4897
4152
2679
2320
1439
1093
1407
1274
2553
2801
3625
4739
4972
6292
6770
6921
5832
4728
3724
1831
989
-1432
-4070
-5767
-8020
-8057
-9374
-9213
-8563
-9296
-7773
-7076
-5626
-3919
-3307
-2978
-3678
-3173
-3174
-3593
-4119
-5804
-6538
-7175
-6951
-6455
-6325
-4860
-4115
-2754
-527
1348
3526
5203
6115
6575
7058
7202
6512
5387
3318
1336
-324
-2346
-3598
-5241
-6341
-6572
-7145
-6379
-5254
-4385
-2887
-1935
-1195
-6
941
1312
1133
446
-238
-796
-1461
-1933
-2330
-2743
-2295
-1876
-1149
417
1579
3170
4690
5928
7294
8377
8847
9146
8947
8570
8054
7117
5917
5056
3557
3081
2102
1291
1703
698
2203
1848
3033
3847
3751
6082
5067
7106
7421
5987
6752
3370
3802
1430
-101
-1068
-5381
-5422
-8160
-8316
-8434
-9476
-7597
-9074
-7240
-6332
-5933
-3324
-4222
-3436
-4281
-4405
-3829
-4962
-5051
-6554
-7325
-7120
-7234
-6250
-5832
-4556
-3344
-2065
231
2179
4223
5864
6333
6811
7314
6817
6821
4995
2904
1092
-1248
-2441
-4315
-5516
-6660
-7433
-7436
-6835
-5703
-4749
-3364
-2335
-1659
53
696
1337
1341
447
309
-570
-736
-1142
-1871
-1849
-1716
-1195
11
1356
2756
4407
5947
7302
8721
9805
10120
10238
9833
9172
8475
7256
5912
4432
3145
1911
1545
501
652
907
633
2429
2507
3716
5262
5352
7131
7246
7676
7513
5146
5039
2439
1084
-168
-3537
-4794
-7623
-8198
-8533
-9499
-8070
-8500
-7812
-6513
-5944
-3893
-3668
-2928
-3611
-4465
-3845
-4814
-4967
-6098
-7432
-7719
-8096
-7092
-6510
-5732
-3847
-3012
-657
1489
3619
5815
6680
7657
7648
7743
7524
6233
4375
2108
-207
-2044
-3776
-5280
-6555
-7466
-7560
-7406
-6379
-4957
-3884
-2413
-1537
-386
743
1345
1783
925
440
-225
-875
-1132
-1921
-2008
-2083
-1577
-340
526
2485
3897
5534
7219
8253
9717
10174
10468
10195
9156
8542
7149
5974
4381
3064
2095
1072
543
548
403
861
1850
2325
3586
4307
5372
6099
6418
7252
6914
5810
4535
2762
1322
-499
-1533
-4558
-6308
-7468
-8566
-8138
-8478
-7604
-7290
-6954
-5608
-5126
-3723
-3026
-3158
-3884
-4535
-4398
-5061
-5240
-6198
-7271
-7140
-6804
-5851
-4934
-3568
-2030
-719
1391
3258
5090
6658
7411
7593
7266
7305
6618
5058
3467
878
-973
-2480
-3834
-5059
-6324
-6545
-7044
-6551
-5460
-4523
-3143
-2559
-1386
-1069
-85
831
400
276
-539
-879
-1203
-1569
-1528
-2066
-1388
-764
69
1636
2933
4626
5616
7084
8162
8691
9637
9208
8846
7892
6986
6080
4424
3639
2129
1248
473
-93
41
166
525
1445
1882
2920
3839
4450
5545
5468
6353
6264
5223
4124
2567
1203
-251
-1557
-3504
-5724
-6579
-7585
-7603
-7482
-7137
-6301
-6410
-5320
-4737
-3885
-2948
-3086
-3872
-4570
-4666
-4975
-5500
-6177
-7133
-7261
-6640
-5898
-4893
-3713
-2142
-795
1058
2827
4648
6037
6897
7054
6849
6698
6229
4865
3408
1193
-817
-2031
-3755
-4844
-5937
-6457
-6605
-6463
-5435
-4570
-3546
-2443
-1764
-922
-352
766
385
76
-337
-1024
-993
-1304
-1472
-1789
-1666
-789
8
1471
2812
3855
5306
6222
7502
8155
8699
8709
7741
7428
6200
5539
4264
2945
1994
496
379
-213
-307
87
122
970
1833
2523
3851
4287
5271
5544
5973
6376
5988
4911
3179
2208
113
-419
-1951
-4184
-5206
-6736
-6864
-6786
-6767
-5602
-5647
-5145
-4460
-3985
-3056
-2993
-3126
-4588
-4870
-5163
-5595
-5752
-6616
-7037
-6681
-6019
-4662
-3518
-2085
-466
651
2329
4028
5570
6647
7035
6741
6154
5950
5233
3820
2095
1
-1787
-2900
-4335
-4994
-5919
-6330
-5907
-6131
-4815
-3946
-3177
-2106
-1724
-1010
-439
35
-25
-799
-960
-1384
-1159
-1247
-1389
-1150
-1114
58
992
2080
3601
4419
5436
6264
6959
7589
7703
7520
6538
5860
4824
4150
3078
1752
1319
-22
102
23
-348
497
568
1118
2554
2585
4362
4559
4928
5983
5440
6639
6112
4422
3783
1884
951
497
-1632
-2598
-4720
-5315
-5429
-5749
-5126
-4810
-4898
-4683
-4349
-3752
-3233
-2991
-3720
-5047
-4906
-5499
-5147
-5581
-6163
-6183
-6105
-4841
-3837
-2790
-1173
-177
1075
2562
4176
5690
6520
6739
6098
5798
5544
4639
3383
1401
-638
-1943
-3380
-4306
-5124
-6214
-6103
-6374
-5964
-4590
-4186
-2946
-2432
-2045
-1187
-598
81
-309
-496
-891
-941
-653
-898
-669
-633
-268
907
1566
2855
3981
4780
5872
6361
7272
7538
7586
6943
6115
5316
4415
3644
2554
1353
775
-85
-222
-87
-421
558
203
1429
1985
2512
4194
3947
4979
5426
5496
6508
5708
4890
3667
2348
1432
583
-889
-2509
-3665
-4971
-4819
-5085
-4965
-4476
-4825
-4712
-4395
-3909
-3382
-3433
-4052
-5130
-5316
-5345
-5341
-5485
-6029
-6141
-5778
-4886
-3643
-2649
-1280
-170
947
2251
3735
5074
5809
5944
5665
5166
4792
4117
2549
1078
-834
-2475
-3437
-4642
-5601
-6027
-6451
-6369
-5900
-5252
-4076
-3329
-2580
-1720
-1379
-438
145
114
50
-322
-341
-343
-302
-229
-143
180
720
1368
2359
3411
4250
4958
5602
6041
6391
6666
6221
5554
4786
3866
3146
2134
1250
626
-421
-137
-603
-290
407
381
1834
1927
3557
4259
4906
6316
6000
7244
7102
7033
6682
4313
4401
2102
1327
452
-2396
-2918
-4985
-5264
-5369
-6116
-5119
-5712
-5496
-4970
-5187
-3982
-4286
-4171
-5167
-5848
-5479
-5975
-5665
-5951
-6415
-5852
-5299
-3980
-2853
-1634
36
741
2311
3569
4702
5928
5930
5940
5024
4440
3881
2128
916
-1152
-3007
-3948
-5429
-5947
-6808
-7051
-6566
-6690
-5337
-4645
-3535
-2365
-2039
-1039
-830
37
220
-194
-234
-818
-564
-495
-440
-220
-256
650
1195
2135
3382
4005
4986
5190
5742
5979
6108
6049
5116
4360
3224
2624
1886
826
596
-566
-285
-81
-86
937
1144
2273
3018
4069
5224
5915
6648
7300
7233
7915
7614
7426
5826
4462
3539
1413
1174
-938
-2834
-3846
-5426
-5326
-5723
-5724
-5041
-5928
-5022
-5234
-4696
-4051
-4177
-4457
-5705
-5661
-5860
-6032
-5595
-6148
-6153
-5270
-4541
-2993
-1942
-218
940
1955
3465
4392
5559
6092
6074
5173
4282
3414
2311
748
-813
-2523
-4426
-4993
-6091
-6350
-6599
-6528
-5928
-5747
-4240
-3453
-2263
-1125
-993
-24
-76
711
1007
272
641
-201
174
278
329
861
670
1616
1965
2825
3956
4396
5168
5064
5294
5378
4881
5025
3801
2926
2167
1236
1083
283
337
-10
-53
787
1012
1971
2614
3369
4374
4993
6301
6644
7311
7913
7820
8673
7703
7564
5348
4254
3102
996
625
-2110
-3429
-4791
-6130
-5760
-6609
-5860
-5777
-6363
-5592
-6150
-5049
-5170
-5047
-5903
-6848
-6539
-6817
-6415
-6123
-6296
-5666
-4912
-3651
-1997
-492
1432
2437
3377
4375
5134
5899
6030
5470
4289
3044
2104
645
-344
-1612
-3364
-4001
-5528
-5536
-5656
-5626
-4543
-5170
-4189
-3616
-2710
-967
-918
-35
-188
193
996
811
1497
812
1000
864
751
1651
1574
2535
2526
2700
3635
3832
4891
4893
4457
4455
3601
3699
3041
2427
1580
500
308
-708
5
-551
-141
316
93
1552
1665
3030
3852
4191
5620
5557
6831
7187
7654
8312
7578
8135
6152
5034
4159
1797
1483
-704
-2703
-3923
-6051
-5880
-6693
-6793
-6183
-7014
-6520
-6705
-6380
-5738
-5782
-5554
-6985
-7029
-7062
-7017
-5977
-6150
-5720
-5071
-4204
-2265
-1244
672
1907
2411
3722
3937
4851
5368
5116
4584
3142
2504
1550
684
-229
-1540
-3003
-3771
-4073
-4806
-4535
-5018
-5154
-4882
-4739
-3528
-2880
-1861
-992
-1077
86
617
1558
1961
1950
1911
1583
2163
1976
2111
2027
1669
1874
1791
2426
2775
2922
3352
2842
3053
3043
2964
2740
1857
1245
435
264
96
-128
-215
-381
110
391
1269
2260
2744
4088
4560
5454
6605
6957
8159
8412
8568
9055
8110
7821
5713
4554
2848
906
67
-3025
-4207
-6092
-7161
-6819
-7842
-6879
-7153
-7296
-6442
-7036
-5897
-6094
-6019
-6602
-7549
-7104
-7220
-6209
-5597
-5394
-4230
-3339
-1538
109
1452
3353
3894
4831
5258
5220
5764
5484
5040
3910
2744
1981
839
328
-1028
-2075
-2838
-4043
-3930
-4903
-4920
-4678
-5252
-4442
-4518
-3769
-2484
-2068
-952
-787
40
792
1377
1932
1681
1996
1641
1721
1690
1239
1499
1164
1187
1484
1434
2142
2263
2362
2297
1957
1966
1462
1091
175
-433
-899
-1438
-1613
-1718
-1712
-1020
-421
291
1327
2080
3752
4489
5914
7088
7554
8875
9341
9803
10410
9568
9950
7155
5896
4660
1367
1841
-1715
-3016
-4818
-6893
-5787
-7517
-6294
-6193
-7169
-5801
-7122
-6029
-6488
-6589
-6447
-8697
-7795
-8624
-7763
-6243
-6090
-4360
-3738
-1753
232
1475
4255
4862
5792
6681
6019
6705
6167
5996
5062
3361
2754
950
262
-340
-1608
-2213
-3442
-4008
-4762
-5106
-4737
-5318
-5007
-5070
-4827
-3961
-3072
-1708
-1341
-416
292
637
1677
1962
2200
2136
1868
1845
1406
1650
1741
1548
2016
2058
2422
2786
2901
3033
2541
2171
1501
740
92
-694
-1370
-2005
-2327
-2343
-2286
-1613
-1028
-175
1123
1852
3673
4648
5738
7322
7769
9201
10134
10457
11255
10602
10223
9495
7193
6358
4073
2014
1092
-1716
-2706
-4706
-5524
-5703
-6622
-5755
-6696
-6672
-6757
-7821
-7468
-8502
-8440
-9005
-9919
-9383
-9838
-8380
-7011
-5692
-3763
-2434
-43
1578
3651
5574
6045
7337
7379
7132
7166
6448
6092
4925
3958
2757
1285
871
-69
-814
-1616
-2908
-3801
-4695
-5011
-5135
-5678
-5604
-5935
-6111
-5210
-4595
-3379
-2458
-1787
-1110
-829
67
579
952
1406
1085
1002
968
1257
1641
1863
2398
2266
2578
2745
2658
2651
2202
1511
622
-398
-1144
-2101
-2569
-2900
-3360
-3010
-2844
-2073
-1106
-21
1337
2182
3770
4666
5838
7520
8103
9659
10106
10642
11419
11163
11373
10779
8812
7670
5470
3326
2574
115
-1225
-3124
-4908
-5383
-6282
-5865
-6370
-6911
-7389
-8818
-8955
-9947
-10095
-10476
-11332
-10949
-11212
-9734
-7998
-6074
-3494
-1817
272
2172
4014
6192
7276
8301
8301
7706
7606
6864
6688
6075
5225
4282
2908
2244
1313
602
1
-1220
-2439
-3650
-4739
-5439
-6044
-6301
-6784
-7038
-6847
-6700
-5748
-4764
-3698
-2709
-2232
-1539
-1009
-302
502
800
1084
1007
1000
1337
1707
2241
2534
2480
2431
2264
2079
1941
1440
737
-140
-1242
-2003
-2569
-2758
-2853
-2604
-2603
-2132
-1377
-619
749
1523
2653
3404
4339
5686
6764
8060
9543
9854
11298
11709
12168
13092
12159
11980
9691
7839
5580
3052
2173
-981
-2095
-4680
-6865
-6545
-8335
-7168
-7845
-8875
-8868
-10735
-10656
-11390
-11538
-11590
-12046
-11307
-11230
-9467
-7248
-5297
-1956
-178
1925
3867
4849
6949
7476
8347
8331
7308
7023
5797
5654
5361
4714
4432
3077
2164
1227
113
-529
-1961
-3140
-4849
-6501
-7247
-8555
-8266
-8319
-8059
-7160
-6778
-5443
-4330
-2737
-1485
-465
375
378
1104
1207
1604
2198
1978
2296
2222
2233
2677
2860
3200
3202
2935
2331
1727
1041
308
-62
-941
-1356
-1935
-2475
-2100
-1986
-1346
-526
-222
460
1053
1677
2645
3938
4644
6106
7078
7739
9904
10138
12148
12949
12852
13993
12261
12290
10132
7797
6042
2082
1154
-2250
-3782
-5113
-7958
-7294
-9186
-8747
-8414
-9751
-8885
-10649
-11010
-11523
-12798
-12187
-13023
-11937
-11182
-9973
-7264
-5884
-2329
-272
2140
4869
5432
7561
7621
8031
8648
7575
7787
6571
5744
5459
4402
4377
3444
2622
1678
-47
-945
-2907
-4041
-5262
-6810
-7084
-8322
-8117
-8025
-7550
-5859
-5177
-3344
-2494
-1841
-405
-401
976
1208
1100
1613
862
1397
1459
1960
2618
2860
3446
3189
3420
3084
2746
2690
1674
1326
259
-584
-877
-1635
-1457
-1603
-1606
-1207
-1221
-706
-170
192
1291
1672
2636
3360
4322
5403
6762
8089
9021
10759
10796
12429
12234
12303
12696
10751
10791
8349
6030
4311
518
-671
-2889
-4690
-5029
-7368
-7393
-8419
-8814
-8525
-9158
-9044
-9814
-10447
-11030
-11956
-11651
-11912
-10774
-9449
-8113
-5135
-3725
-602
1601
3449
6058
6773
8198
8349
7973
7788
6896
6489
5929
5129
4550
3555
3052
2104
1517
788
-519
-1123
-2876
-3882
-5201
-6702
-7033
-8115
-7914
-7703
-7603
-6306
-5973
-4550
-3383
-2675
-1168
-976
-150
212
73
580
390
694
970
1272
1626
1901
2240
2136
2445
2199
1887
1783
796
482
-276
-984
-1057
-1578
-1395
-1239
-1058
-568
-118
362
1004
1619
2118
2729
3169
3568
4244
4811
5778
6923
7535
8622
8967
9380
10062
9764
10299
9657
9000
8338
6040
4987
1995
214
-1813
-3804
-4570
-6296
-6802
-7951
-8415
-8676
-8997
-8512
-8941
-8583
-9050
-9564
-9547
-10155
-9314
-8696
-7398
-5496
-3989
-1888
-115
1541
3339
4479
5719
6294
6537
6371
5707
5206
4384
4238
3714
3543
3314
2601
2341
1301
558
-328
-1502
-2379
-3597
-4796
-5912
-6978
-7556
-7766
-7349
-6693
-5694
-4608
-3687
-2491
-1855
-839
-99
345
1003
884
897
678
435
495
689
900
1282
1462
1502
1621
1344
1178
1043
693
546
259
-136
-203
-289
32
472
951
1573
1943
2382
2578
2762
2948
3035
3320
3373
3681
3896
4222
5100
5408
6660
7174
7747
8710
8198
9062
8342
8010
7752
5992
5422
3251
1407
-203
-2612
-3290
-4849
-5334
-5713
-6600
-6279
-7032
-6783
-6672
-6872
-6455
-7007
-7225
-7492
-8139
-7550
-7595
-6328
-5252
-3888
-2002
-1051
836
1409
2598
3440
3648
4482
4025
4035
3644
2997
2986
2526
2478
2460
2003
1818
1019
209
-796
-1888
-2664
-3748
-4194
-4956
-5477
-5395
-5675
-4886
-4305
-3560
-2386
-1994
-1310
-1021
-1101
-917
-1036
-1099
-994
-1062
-982
-799
-646
-264
211
618
1085
1256
1272
1120
776
512
349
227
306
448
546
955
1107
1458
1903
2044
2516
2460
2209
2219
1495
1656
1520
1624
2308
2273
3182
3446
4352
5110
5759
6663
6772
7392
7044
7115
6630
5977
5554
4223
3934
2197
1506
283
-1178
-1083
-2846
-2296
-3241
-3721
-3341
-4680
-4041
-4847
-5148
-5077
-6078
-5924
-6585
-6670
-6430
-6369
-5340
-4690
-3383
-2272
-1349
-117
274
1304
1795
2129
2808
2433
2733
2408
2086
2289
1725
1988
1631
1339
1218
372
-84
-1096
-1854
-2494
-3126
-3327
-3765
-3760
-3888
-3787
-3381
-3285
-2544
-2396
-2088
-1734
-2091
-1897
-2202
-2352
-2103
-2043
-1653
-1260
-983
-613
-200
43
504
869
928
1222
955
773
673
420
593
677
872
1161
1278
1398
1475
1378
1371
1210
1058
881
805
609
735
751
1076
1631
1987
2965
3335
4270
4889
5199
6187
6048
6886
7097
6984
7912
7047
7724
7178
6236
6394
4102
3974
2168
938
703
-1351
-979
-2624
-3041
-3362
-4775
-4186
-5630
-5431
-6046
-7032
-6720
-8006
-7404
-7561
-7209
-5884
-5459
-3720
-2644
-1539
1
657
1946
2636
3064
3643
3222
3447
2964
2771
2738
2271
2551
2004
1915
1487
693
400
-531
-949
-1483
-2184
-2450
-3211
-3513
-3916
-4087
-3975
-3878
-3469
-3317
-2887
-2744
-2531
-2162
-2136
-1624
-1468
-1125
-701
-572
-106
47
420
751
1024
1275
1476
1537
1473
1450
1164
1215
944
846
752
456
377
52
-159
-233
-398
-448
-448
-489
-287
-219
49
313
713
1289
1862
2664
3274
4109
4753
5482
6312
6876
7605
7947
8232
8334
7960
7721
6693
6038
4565
3272
1982
32
-545
-2536
-3015
-3992
-5247
-5047
-6541
-6286
-6724
-7426
-6889
-8024
-7674
-7913
-8077
-7199
-7106
-5820
-4837
-3594
-2008
-948
527
1419
2390
3207
3550
4178
4050
4208
4136
3773
3927
3382
3383
3070
2545
2278
1370
718
-168
-1143
-1823
-2665
-3230
-3595
-4106
-4088
-4168
-3967
-3438
-3296
-2601
-2331
-1987
-1403
-1393
-848
-731
-559
-152
-84
330
401
561
656
683
842
802
997
888
892
812
515
603
288
246
181
-142
-165
-517
-831
-886
-1179
-1076
-983
-837
-450
-94
307
915
1544
2122
3043
3501
4313
4890
5332
6063
6307
6954
7212
7506
7715
7586
7372
6804
5989
4979
3756
2200
947
-878
-1952
-3257
-4404
-4729
-5864
-5781
-6323
-6661
-6362
-7096
-6677
-7058
-7221
-6867
-7154
-6335
-5823
-4898
-3502
-2397
-779
530
1760
2957
3652
4323
4513
4611
4489
4129
3924
3372
3163
2761
2385
2269
1688
1451
767
6
-663
-1688
-2425
-3155
-3748
-4004
-4167
-4150
-3870
-3670
-3228
-2865
-2518
-2037
-1822
-1573
-1541
-1557
-1476
-1422
-1175
-960
-679
-456
-240
-71
46
209
152
208
36
-177
-385
-862
-1032
-1419
-1500
-1518
-1603
-1367
-1480
-1261
-1143
-1060
-655
-556
-130
332
528
1288
1466
2118
2754
3041
4070
4260
5100
5534
5905
6586
6599
7267
7101
7429
7150
6821
6427
5526
4813
3477
2366
727
-442
-1931
-2951
-3709
-4724
-4738
-5493
-5360
-5404
-5656
-5054
-5541
-5015
-5163
-5102
-4688
-4664
-3851
-3302
-2281
-1199
-99
1034
2039
2787
3439
3794
4020
4134
3980
3889
3486
3263
2815
2566
2254
1975
1717
1209
764
-50
-857
-1787
-2683
-3403
-3944
-4220
-4366
-4287
-4086
-3702
-3243
-2732
-2223
-1756
-1430
-1187
-1056
-1099
-1047
-1208
-1145
-1084
-987
-697
-639
-392
-323
-268
-89
-187
-149
-309
-567
-666
-1010
-1109
-1181
-1308
-1045
-991
-706
-415
-284
82
214
521
801
1040
1354
1578
1913
2196
2574
2990
3352
3867
4271
4653
5105
5144
5467
5508
5324
5583
4924
4970
4491
3714
3734
2352
2142
1085
-112
-265
-1946
-1925
-2684
-3393
-2934
-3985
-3463
-3682
-3990
-3222
-3856
-3186
-3213
-3260
-2597
-2757
-1956
-1513
-901
34
589
1528
2128
2591
3051
3137
3310
3225
3041
2854
2371
2062
1561
1158
861
420
142
-341
-749
-1236
-1792
-2226
-2693
-2980
-3072
-3180
-2974
-2918
-2788
-2397
-2404
-1863
-1775
-1603
-1173
-1412
-961
-1099
-1132
-779
-1161
-680
-757
-756
-416
-751
-565
-701
-932
-884
-1157
-1283
-1229
-1502
-1361
-1376
-1320
-1018
-889
-559
-302
-15
210
530
698
920
1164
1269
1577
1738
1917
2271
2381
2662
2988
2976
3428
3370
3495
3773
3470
3866
3520
3499
3518
3054
3263
2783
2601
2321
1581
1246
366
-343
-841
-1724
-1883
-2331
-2576
-2430
-2732
-2448
-2338
-2264
-1779
-1814
-1561
-1445
-1653
-1433
-1561
-1419
-1048
-841
-234
196
530
1033
1126
1398
1472
1359
1386
1097
951
655
342
91
-168
-289
-410
-449
-576
-689
-906
-1168
-1363
-1649
-1758
-1804
-1797
-1554
-1473
-1251
-1037
-969
-611
-575
-416
-259
-448
-338
-645
-857
-970
-1402
-1385
-1580
-1665
-1486
-1618
-1449
-1397
-1415
-1174
-1155
-997
-779
-757
-519
-423
-350
-84
36
365
704
1016
1348
1647
1795
1993
2117
2076
2295
2151
2241
2306
2117
2333
2197
2309
2528
2459
2749
2652
2588
2598
2311
2293
2120
1935
1980
1834
1871
1915
1694
1786
1451
1325
1198
813
777
376
157
-29
-405
-437
-697
-803
-793
-1003
-953
-1151
-1300
-1479
-1762
-1919
-2070
-2135
-2098
-2029
-1943
-1783
-1734
-1654
-1581
-1586
-1472
-1369
-1267
-1072
-1014
-861
-723
-633
-405
-323
-129
10
123
235
228
219
131
62
-6
-90
-179
-367
-587
-858
-1164
-1466
-1786
-2076
-2308
-2488
-2633
-2726
-2778
-2797
-2726
-2626
-2471
-2245
-2040
-1795
-1609
-1435
-1242
-1055
-776
-452
-48
338
746
1129
1496
1877
2194
2505
2728
2913
2962
2899
2734
2492
2218
1926
1618
1340
1089
887
742
628
597
582
629
698
854
944
1077
1153
1104
1288
1223
1540
1744
1954
2462
2475
2929
2933
2957
3078
2708
2745
2278
1977
1614
1055
747
207
-164
-511
-858
-1147
-1438
-1838
-2124
-2585
-2954
-3259
-3598
-3642
-3745
-3661
-3551
-3399
-3120
-2818
-2417
-1989
-1516
-1082
-603
-186
246
610
886
1159
1296
1476
1605
1696
1774
1735
1588
1403
1058
806
474
52
-237
-799
-1155
-1620
-2115
-2395
-2892
-3071
-3328
-3490
-3429
-3512
-3319
-3169
-2990
-2613
-2353
-1923
-1469
-1071
-518
-124
316
752
1045
1426
1686
1887
2087
2149
2211
2216
2159
2096
1941
1750
1544
1280
1045
810
529
290
14
-233
-407
-564
-622
-582
-529
-309
-96
178
578
860
1268
1657
1941
2434
2740
3196
3685
3963
4496
4652
4926
5096
5014
4991
4595
4131
3549
2814
2163
1414
705
44
-547
-1107
-1546
-2002
-2379
-2686
-3043
-3265
-3532
-3735
-3880
-4005
-4031
-3947
-3799
-3441
-2989
-2467
-1844
-1331
-754
-260
193
644
999
1344
1660
1832
1948
2003
1944
1932
1785
1630
1419
1059
676
214
-326
-818
-1349
-1877
-2230
-2627
-2850
-2994
-3181
-3119
-3167
-3078
-2851
-2783
-2423
-2197
-1939
-1517
-1325
-892
-578
-303
114
314
611
844
897
1056
998
974
994
876
903
814
749
728
611
509
375
161
-20
-252
-516
-724
-950
-1108
-1108
-1063
-812
-454
-74
568
1051
1711
2276
2638
3124
3204
3434
3477
3362
3490
3219
3387
3294
3308
3489
3298
3552
3330
3245
3043
2438
2045
1196
453
-204
-1111
-1551
-2180
-2536
-2629
-2917
-2770
-2834
-2791
-2652
-2762
-2667
-2707
-2787
-2705
-2771
-2631
-2416
-2135
-1643
-1173
-712
-227
100
400
609
641
691
593
491
393
258
160
104
-30
-59
-159
-273
-372
-656
-855
-1199
-1528
-1800
-2109
-2258
-2369
-2351
-2202
-2015
-1761
-1493
-1277
-1029
-852
-729
-582
-559
-476
-438
-384
-276
-221
-67
65
213
392
467
540
506
447
380
264
239
158
160
163
204
275
324
416
501
606
696
816
905
1055
1154
1304
1475
1635
1910
2109
2386
2587
2683
2788
2749
2727
2680
2557
2508
2366
2283
2204
2086
2075
1994
1978
1901
1790
1673
1430
1196
849
496
146
-286
-580
-960
-1195
-1349
-1508
-1456
-1512
-1440
-1368
-1402
-1272
-1314
-1282
-1278
-1394
-1392
-1507
-1561
-1525
-1561
-1457
-1347
-1280
-1057
-1053
-978
-976
-1095
-1061
-1189
-1209
-1209
-1263
-1172
-1157
-1134
-1039
-1061
-969
-928
-958
-936
-1098
-1182
-1314
-1459
-1470
-1547
-1463
-1344
-1169
-926
-765
-570
-468
-369
-291
-260
-244
-267
-288
-304
-279
-221
-95
70
287
512
699
837
909
950
952
944
930
908
922
943
981
1068
1130
1247
1353
1449
1549
1566
1559
1486
1399
1304
1228
1170
1177
1191
1253
1329
1380
1443
1431
1450
1425
1403
1342
1278
1207
1167
1138
1119
1140
1096
1125
1094
1092
1124
1054
1070
966
900
825
685
643
501
445
352
271
206
109
16
-79
-197
-295
-419
-548
-650
-799
-884
-1034
-1131
-1258
-1360
-1417
-1489
-1516
-1562
-1611
-1639
-1719
-1783
-1879
-2009
-2066
-2194
-2225
-2283
-2326
-2293
-2321
-2254
-2203
-2152
-2028
-1985
-1847
-1766
-1665
-1533
-1492
-1360
-1318
-1204
-1073
-960
-794
-677
-545
-388
-260
-78
103
243
445
569
766
906
1035
1141
1175
1241
1230
1250
1228
1215
1192
1158
1166
1153
1167
1176
1147
1149
1093
1076
1039
971
958
866
844
790
740
742
678
706
701
685
739
689
729
749
748
835
833
903
955
974
1066
1045
1094
1117
1082
1177
1110
1177
1123
1064
1066
944
971
869
800
741
620
572
481
391
338
202
157
54
-15
-57
-170
-207
-322
-404
-488
-639
-723
-869
-1001
-1086
-1260
-1305
-1413
-1480
-1489
-1579
-1548
-1588
-1618
-1566
-1632
-1573
-1602
-1645
-1592
-1705
-1660
-1716
-1727
-1655
-1671
-1527
-1474
-1352
-1198
-1121
-922
-811
-656
-490
-393
-201
-95
58
189
285
421
497
597
663
717
752
785
784
811
790
793
784
781
822
807
816
783
767
725
678
638
576
505
424
338
266
208
157
140
144
190
261
329
421
484
563
634
708
807
856
938
957
989
1003
1008
1063
1115
1207
1282
1334
1364
1368
1346
1344
1318
1283
1233
1164
1108
1029
945
834
709
581
464
328
214
90
-28
-165
-286
-407
-511
-581
-646
-664
-716
-729
-825
-877
-989
-1096
-1186
-1315
-1376
-1485
-1532
-1589
-1644
-1677
-1736
-1759
-1759
-1772
-1736
-1745
-1714
-1690
-1672
-1594
-1543
-1460
-1386
-1334
-1248
-1204
-1131
-1047
-984
-849
-756
-598
-451
-308
-117
29
218
366
487
608
649
695
699
687
709
688
734
728
748
759
751
772
722
718
656
618
552
483
439
389
378
357
369
380
405
420
425
427
411
419
428
475
519
573
641
708
788
859
926
971
998
1011
992
969
922
870
847
803
811
815
804
812
759
717
632
540
441
323
221
114
31
-58
-92
-142
-137
-156
-167
-170
-237
-270
-378
-455
-571
-695
-753
-828
-831
-849
-807
-772
-759
-731
-790
-808
-891
-963
-1038
-1147
-1216
-1316
-1368
-1379
-1378
-1322
-1261
-1187
-1105
-1067
-1011
-981
-955
-900
-863
-764
-659
-531
-362
-218
-46
76
205
284
336
372
341
349
313
344
371
446
559
649
791
858
937
942
925
896
804
740
629
561
495
439
458
450
501
525
551
574
526
534
475
457
437
411
441
448
531
600
663
732
737
739
712
658
623
556
529
504
496
532
557
609
640
661
669
638
584
489
371
250
127
20
-79
-143
-215
-256
-298
-339
-361
-434
-458
-539
-594
-631
-710
-716
-774
-768
-753
-766
-717
-748
-728
-740
-770
-769
-852
-868
-925
-963
-960
-984
-935
-940
-921
-903
-897
-848
-853
-811
-825
-840
-858
-918
-898
-945
-904
-878
-822
-699
-635
-494
-449
-367
-299
-278
-173
-143
-39
32
96
222
285
439
528
625
723
741
795
766
746
716
665
684
673
716
767
778
826
801
803
764
709
706
633
607
544
507
497
473
538
551
615
664
682
741
724
770
754
757
791
790
868
883
931
942
922
908
846
795
695
590
485
382
308
224
169
118
85
43
-11
-77
-185
-279
-411
-506
-588
-652
-663
-689
-656
-630
-585
-531
-519
-477
-479
-491
-491
-536
-532
-556
-554
-519
-516
-454
-448
-427
-431
-471
-511
-587
-632
-704
-746
-774
-786
-757
-754
-703
-659
-620
-574
-578
-561
-576
-588
-577
-568
-524
-472
-385
-288
-184
-52
74
184
296
367
437
474
515
555
561
588
575
586
579
567
562
523
492
421
363
315
256
231
201
202
201
217
252
264
308
324
370
398
421
454
456
485
500
533
583
625
693
731
771
793
778
794
773
760
719
668
622
548
482
393
312
208
115
20
-71
-164
-261
-339
-419
-462
-497
-490
-457
-433
-352
-326
-263
-226
-210
-149
-179
-140
-170
-176
-161
-204
-137
-173
-121
-118
-150
-107
-204
-186
-258
-304
-319
-439
-406
-495
-495
-492
-567
-516
-612
-594
-624
-683
-642
-730
-683
-686
-663
-556
-528
-376
-305
-215
-103
-66
44
72
132
178
179
238
211
231
214
179
174
121
115
78
61
38
-3
-5
-41
-41
-55
-68
-61
-85
-61
-61
-31
7
29
82
104
173
232
285
359
400
468
502
540
592
602
650
635
638
627
565
562
469
440
373
263
225
86
36
-53
-159
-184
-337
-367
-438
-507
-464
-533
-447
-447
-417
-308
-341
-219
-237
-193
-112
-162
-54
-110
-66
-33
-88
13
-62
-3
1
-42
22
-112
-82
-157
-218
-173
-302
-264
-358
-410
-387
-500
-415
-470
-448
-382
-449
-334
-388
-326
-267
-281
-111
-111
31
108
129
265
221
334
348
351
429
318
382
329
311
361
258
307
217
177
182
61
91
-5
-39
-10
-82
12
-22
10
62
-16
64
-11
5
33
-23
93
66
158
244
283
441
444
534
546
495
517
400
393
322
254
264
166
189
140
100
97
-18
-30
-157
-235
-282
-393
-362
-413
-381
-355
-377
-302
-328
-281
-272
-298
-267
-319
-271
-252
-203
-94
-66
31
45
58
69
4
-9
-103
-158
-221
-307
-322
-391
-397
-432
-460
-464
-542
-564
-645
-686
-698
-732
-677
-665
-604
-534
-476
-367
-316
-248
-206
-182
-123
-94
-11
50
127
208
243
326
339
370
378
354
373
335
342
328
290
293
223
205
156
91
71
-13
-17
-50
-61
-11
-12
79
118
190
278
295
391
379
422
448
435
519
501
589
618
632
700
649
671
612
551
537
428
416
325
258
221
110
115
27
4
-12
-84
-52
-122
-114
-130
-177
-143
-186
-138
-130
-127
-67
-63
39
100
179
283
305
375
360
340
310
208
159
61
14
-17
-67
-43
-86
-84
-108
-176
-213
-334
-412
-511
-602
-612
-658
-619
-583
-544
-457
-418
-338
-320
-304
-271
-273
-216
-177
-101
-16
58
159
219
274
296
283
252
210
164
133
118
104
110
111
116
107
71
36
-28
-72
-118
-145
-128
-107
-35
28
112
202
266
337
366
384
392
377
401
405
447
504
540
608
617
622
601
531
468
356
268
188
105
77
33
21
-5
-40
-72
-135
-170
-225
-260
-284
-295
-258
-223
-154
-76
-21
55
77
116
147
164
229
262
336
387
428
483
480
477
431
372
320
233
181
119
74
43
-6
-33
-94
-154
-219
-301
-372
-456
-528
-581
-615
-606
-589
-555
-528
-505
-490
-495
-496
-518
-527
-528
-518
-489
-460
-414
-378
-341
-315
-314
-314
-331
-346
-373
-394
-401
-410
-383
-375
-355
-334
-321
-295
-293
-261
-236
-204
-136
-80
5
73
139
208
243
304
331
360
392
406
457
486
531
564
572
585
554
536
503
456
420
353
290
217
153
103
56
21
-15
-47
-75
-104
-117
-116
-113
-93
-95
-84
-58
-43
-4
18
56
95
131
184
228
302
359
401
428
413
404
369
326
284
227
196
157
130
115
99
100
90
71
30
-32
-115
-211
-298
-358
-390
-405
-393
-359
-308
-254
-211
-192
-212
-250
-298
-345
-375
-405
-407
-397
-366
-313
-273
-234
-232
-246
-289
-357
-413
-470
-491
-481
-446
-376
-312
-252
-198
-175
-158
-173
-183
-187
-188
-149
-108
-33
70
186
330
440
537
579
577
556
505
473
438
446
472
513
571
606
637
624
590
523
425
328
195
90
3
-42
-23
14
80
129
155
157
116
65
4
-60
-103
-128
-121
-85
-31
41
115
174
223
249
249
230
191
151
115
83
69
71
78
87
87
85
62
28
-8
-65
-118
-169
-220
-249
-269
-273
-271
-271
-267
-270
-271
-276
-282
-291
-307
-318
-340
-356
-371
-384
-375
-375
-363
-356
-366
-373
-405
-418
-445
-478
-503
-537
-561
-588
-580
-562
-530
-477
-434
-384
-352
-327
-307
-298
-266
-238
-193
-135
-73
2
73
152
229
300
369
412
441
443
439
436
432
436
443
461
470
462
449
422
399
375
346
316
277
250
221
198
180
166
163
159
167
168
159
152
142
152
165
194
233
249
281
296
318
348
373
411
426
442
446
441
436
413
387
354
327
305
281
269
248
236
226
213
201
166
120
57
-2
-55
-105
-142
-162
-167
-150
-131
-118
-119
-145
-184
-225
-271
-314
-350
-389
-415
-423
-410
-387
-375
-368
-387
-426
-478
-539
-591
-643
-667
-667
-645
-597
-553
-502
-464
-437
-421
-429
-430
-437
-426
-390
-349
-284
-214
-129
-46
31
108
163
207
231
245
265
280
319
354
390
427
446
469
475
463
438
401
369
342
337
333
327
319
301
285
262
234
205
176
155
140
132
126
129
137
155
176
195
204
207
207
207
210
216
225
239
248
251
252
248
246
246
253
262
269
271
264
253
228
197
164
122
74
33
0
-15
-18
-13
-3
7
13
3
-26
-73
-133
-200
-255
-287
-302
-285
-259
-234
-214
-213
-221
-251
-291
-334
-382
-424
-462
-478
-479
-461
-434
-412
-386
-371
-372
-381
-404
-429
-453
-457
-438
-400
-336
-263
-193
-140
-108
-92
-87
-83
-72
-59
-29
13
61
118
167
213
241
243
236
204
168
123
82
70
73
91
112
121
120
98
60
1
-62
-109
-146
-162
-160
-144
-112
-70
-28
3
22
27
17
4
3
17
49
94
152
221
283
341
382
404
405
385
358
329
307
297
301
317
335
348
347
336
308
261
201
136
82
37
2
-20
-33
-28
-18
-12
-9
-21
-41
-67
-93
-113
-129
-131
-130
-124
-110
-100
-90
-90
-93
-105
-120
-135
-151
-160
-174
-186
-196
-211
-226
-251
-275
-302
-322
-330
-334
-327
-321
-311
-306
-304
-300
-294
-289
-272
-254
-224
-190
-148
-99
-44
11
54
86
106
120
129
135
143
155
170
183
189
199
208
213
208
190
166
134
102
76
59
51
51
56
64
70
80
85
87
96
101
110
116
117
128
144
167
203
234
263
284
299
304
300
288
271
248
223
197
175
159
141
123
106
82
63
37
4
-29
-74
-113
-147
-178
-198
-219
-229
-229
-221
-211
-209
-211
-218
-220
-220
-213
-199
-187
-169
-156
-143
-128
-127
-127
-132
-141
-153
-174
-189
-196
-191
-180
-162
-145
-139
-134
-137
-148
-160
-174
-182
-183
-175
-157
-121
-76
-28
29
75
107
127
141
152
157
158
162
167
181
201
222
246
262
274
273
259
230
186
137
95
66
46
40
40
35
34
32
27
19
2
-19
-38
-55
-63
-58
-36
-6
31
66
92
111
118
120
113
104
94
93
102
118
134
149
159
166
164
151
130
92
50
10
-21
-44
-60
-68
-62
-47
-31
-16
-9
-10
-15
-20
-28
-34
-38
-40
-34
-24
-14
-5
5
15
21
22
15
6
-6
-15
-26
-40
-56
-78
-100
-121
-142
-164
-186
-198
-204
-199
-192
-179
-167
-162
-159
-164
-165
-160
-154
-140
-122
-103
-73
-34
7
42
65
83
92
100
102
101
100
96
95
97
98
99
97
89
72
49
23
0
-17
-33
-44
-47
-45
-39
-35
-38
-46
-56
-65
-69
-67
-55
-40
-18
7
37
65
87
108
120
123
118
106
90
82
75
69
72
80
89
91
88
85
75
57
37
16
3
-2
-6
-1
4
10
16
28
38
42
46
47
45
45
52
63
74
85
91
98
100
96
84
73
60
49
42
33
21
1
-19
-43
-63
-81
-101
-118
-133
-142
-146
-150
-152
-155
-156
-154
-156
-157
-156
-147
-133
-112
-86
-60
-37
-23
-9
-2
0
3
8
10
0
-4
-6
-6
-4
-3
-4
-14
-22
-29
-43
-55
-63
-76
-82
-85
-87
-80
-69
-54
-41
-28
-22
-10
0
10
25
39
54
65
70
72
74
78
80
86
95
105
108
106
102
92
78
57
36
16
-2
-17
-32
-45
-49
-48
-45
-37
-26
-20
-23
-29
-33
-41
-47
-34
-12
12
39
67
90
113
116
123
126
112
109
97
85
77
73
82
83
79
67
49
25
-2
-21
-47
-72
-88
-103
-108
-111
-112
-103
-99
-94
-93
-92
-87
-80
-72
-64
-48
-38
-28
-16
0
17
23
27
31
33
37
40
41
37
34
28
24
20
11
-2
-14
-26
-36
-41
-48
-57
-63
-67
-65
-62
-57
-50
-47
-45
-39
-27
-14
1
12
22
35
47
58
64
67
73
79
86
91
93
94
92
93
89
82
68
54
44
38
29
21
10
3
-4
-8
-13
-16
-19
-23
-23
-26
-26
-24
-21
-12
-2
4
11
21
35
47
49
45
38
32
30
34
38
42
49
49
48
45
37
20
1
-13
-21
-29
-31
-35
-38
-35
-37
-40
-44
-49
-56
-65
-70
-71
-71
-66
-56
-41
-27
-13
-4
2
3
7
8
7
7
3
3
3
4
10
14
16
20
23
17
5
-8
-19
-26
-30
-29
-23
-16
-5
8
20
26
21
13
3
-2
-4
-7
-2
7
16
28
42
58
63
65
59
45
32
23
20
15
15
14
14
14
18
19
19
12
0
-15
-27
-34
-43
-44
-43
-36
-28
-17
-12
-5
1
0
-2
-4
-5
-5
3
13
27
41
50
57
54
47
