-2
2
2
-1
-2
-1
1
2
0
-1
0
-2
0
1
-1
1
0
-2
0
1
1
0
-1
0
-2
2
3
0
1
-1
-2
4
2
-1
0
-2
1
2
0
0
-1
-1
0
-1
2
1
-1
-1
-1
1
2
0
-2
-1
-1
1
1
-1
0
-2
1
1
0
2
-1
-3
0
1
1
0
-1
-1
0
1
1
-1
0
-1
-1
1
1
0
0
-2
-1
1
1
0
-2
-1
-1
1
1
1
-1
-1
0
0
1
1
-1
-1
-1
0
1
1
-1
0
1
0
1
0
-1
-1
-1
0
1
0
-1
-2
-2
1
0
1
0
-1
-1
0
1
1
-1
-1
-1
0
2
0
0
0
-1
1
0
0
1
-1
-1
-1
0
1
0
-1
0
0
2
1
-2
0
0
0
2
1
-1
0
-1
0
1
0
0
-2
-1
1
0
1
-1
-2
0
-1
0
2
-1
1
1
0
2
0
-1
0
0
0
1
-1
1
-1
-1
1
-1
0
0
-2
1
0
0
0
-1
0
0
0
2
0
0
1
0
1
1
-1
0
0
-1
1
-1
0
0
-2
-1
-1
0
1
-2
0
1
0
2
2
0
2
1
0
1
0
1
-1
-1
0
-1
-2
-1
-2
-1
0
-2
0
-1
-1
1
-1
1
1
0
1
1
1
2
0
1
1
0
1
1
0
1
-2
0
1
-2
0
-1
-1
0
-1
0
1
-1
1
-1
1
1
-2
1
1
-2
0
0
-1
0
-1
-1
0
-1
0
0
0
0
2
2
1
1
3
1
2
2
1
1
1
-1
0
-1
-3
-2
-2
-3
-3
-3
-2
-2
-3
-2
-2
0
1
0
2
3
2
4
4
3
3
3
3
3
2
2
-1
0
0
-2
-1
-3
-3
-2
-4
-5
-2
-2
-2
-2
-2
-1
1
0
0
1
1
1
1
3
2
2
3
1
2
2
1
2
2
0
0
1
1
1
0
1
1
-1
-2
-3
0
-1
-4
-3
-3
-2
-1
-4
-3
0
-1
-2
-2
1
3
1
2
2
5
5
3
6
6
4
3
3
2
3
2
-2
-2
-1
-2
-4
-5
-3
-6
-6
-7
-6
-3
-4
-4
0
0
-2
0
2
5
4
3
5
5
5
4
5
6
4
1
1
1
2
0
-3
-1
0
-2
-4
-4
-1
-3
-4
-5
-4
1
-1
-4
-2
1
-1
-2
0
2
3
1
0
0
3
3
3
5
3
3
4
3
1
3
4
2
0
-1
-1
-1
0
-3
-5
-3
-4
-6
-5
-3
-1
-4
-6
-4
0
0
1
0
2
2
3
2
4
6
5
3
4
4
4
3
2
1
0
-1
-2
-1
-1
-2
-3
-3
-5
-4
-3
-2
-1
-3
-3
-1
0
0
-1
0
3
1
-1
-1
3
5
1
-1
1
4
3
1
1
3
4
1
-3
1
5
2
-3
-1
0
1
-3
-5
-1
0
-4
-7
-5
-3
-2
-4
-4
-2
0
0
0
3
5
3
4
3
4
6
6
5
2
1
1
1
0
-2
-3
-3
-3
-4
-4
-4
-1
-3
-4
-3
-1
1
1
0
-1
0
-1
-1
-1
3
2
0
0
0
2
3
0
0
2
4
2
1
3
3
3
2
-1
0
3
2
-1
-1
-1
-2
-3
-5
-4
-3
-4
-9
-9
-7
-5
-5
-6
-4
0
1
2
5
8
11
11
10
11
14
14
11
8
6
1
-3
-4
-7
-9
-10
-13
-16
-14
-13
-11
-8
-5
-2
2
5
8
9
10
9
8
5
2
2
0
-4
-7
-9
-8
-6
-3
2
7
10
15
18
20
23
22
17
14
9
2
-7
-16
-22
-27
-33
-37
-37
-34
-30
-26
-22
-16
-7
3
10
17
26
32
34
35
36
37
36
33
27
22
21
17
11
2
-5
-9
-14
-19
-25
-32
-39
-46
-49
-55
-56
-52
-45
-39
-29
-15
0
16
31
42
50
60
66
63
55
41
28
15
-2
-16
-23
-26
-23
-15
-7
1
19
41
56
64
70
65
56
42
16
-20
-57
-94
-132
-165
-188
-197
-194
-184
-165
-128
-76
-13
52
112
165
219
267
296
306
302
281
240
184
115
36
-42
-112
-178
-233
-266
-275
-266
-244
-216
-178
-135
-92
-50
-10
20
49
75
80
76
74
72
68
63
55
46
44
51
51
42
37
42
52
68
87
103
117
121
113
99
85
75
63
35
-10
-55
-98
-148
-197
-239
-276
-304
-319
-332
-336
-329
-302
-261
-206
-133
-35
76
200
326
441
543
629
698
740
739
693
599
449
253
37
-194
-414
-596
-741
-845
-887
-869
-807
-704
-563
-394
-199
9
201
365
488
563
592
571
507
412
305
188
64
-57
-157
-239
-293
-304
-281
-217
-103
37
184
334
467
569
635
644
598
492
331
121
-128
-405
-679
-922
-1121
-1254
-1303
-1257
-1116
-878
-572
-238
107
445
746
991
1186
1320
1367
1326
1205
1017
804
591
376
162
-49
-269
-480
-681
-866
-1010
-1095
-1125
-1084
-976
-816
-624
-414
-198
7
190
349
478
578
656
701
697
642
543
412
261
111
-14
-104
-155
-173
-162
-142
-125
-100
-72
-39
27
111
183
245
286
276
227
155
76
-1
-82
-183
-316
-486
-681
-874
-1025
-1098
-1074
-928
-669
-348
-5
360
714
1034
1316
1542
1672
1691
1594
1371
1022
574
87
-374
-758
-1057
-1290
-1467
-1574
-1593
-1535
-1399
-1161
-809
-352
165
660
1040
1245
1280
1200
1081
978
887
775
642
462
172
-213
-611
-946
-1154
-1191
-1084
-895
-681
-481
-306
-138
42
242
459
666
808
845
766
609
447
324
240
173
105
-4
-158
-316
-449
-545
-568
-491
-335
-168
-61
-62
-143
-230
-251
-176
-34
123
269
379
437
451
398
256
88
-13
-38
-37
-42
-86
-188
-308
-393
-437
-465
-479
-423
-239
36
293
485
628
729
787
839
868
818
684
507
296
24
-297
-596
-827
-1005
-1164
-1323
-1457
-1480
-1330
-1045
-698
-311
99
493
850
1113
1243
1312
1427
1606
1748
1711
1392
846
250
-279
-712
-1021
-1218
-1344
-1367
-1261
-1121
-1036
-982
-872
-629
-234
246
675
955
1074
1103
1110
1069
894
564
167
-156
-338
-451
-596
-777
-919
-981
-986
-960
-898
-764
-490
-55
468
948
1335
1678
1955
2028
1789
1317
827
483
278
44
-349
-821
-1201
-1462
-1698
-1996
-2348
-2525
-2174
-1280
-354
124
223
343
740
1321
1720
1650
1243
949
1029
1291
1311
906
395
213
296
153
-470
-1290
-1812
-1703
-1019
-205
303
517
694
836
717
278
-218
-448
-322
-66
-10
-255
-634
-999
-1336
-1645
-1812
-1646
-997
27
964
1342
1172
902
917
1205
1448
1405
1161
973
938
922
759
450
262
481
931
951
89
-1332
-2531
-2994
-2720
-2050
-1406
-1017
-804
-654
-648
-845
-997
-733
40
1022
1736
1940
1778
1511
1272
1080
958
947
1069
1300
1480
1359
838
55
-725
-1333
-1741
-1939
-1863
-1478
-878
-314
-77
-265
-642
-752
-317
486
1141
1190
633
-160
-862
-1366
-1638
-1576
-1081
-222
691
1241
1242
920
723
937
1478
1991
2157
1903
1381
785
232
-236
-600
-837
-955
-1033
-1168
-1418
-1730
-1968
-2039
-1928
-1648
-1210
-644
-43
466
803
982
1111
1294
1542
1765
1856
1785
1560
1146
478
-391
-1212
-1645
-1505
-921
-278
88
133
42
1
51
129
183
239
333
417
376
158
-182
-514
-734
-848
-932
-1033
-1115
-1068
-816
-395
73
465
709
768
681
581
612
798
1039
1199
1194
1007
717
429
144
-205
-589
-858
-890
-729
-538
-442
-433
-410
-331
-237
-223
-352
-554
-643
-496
-210
23
148
250
370
464
486
412
247
65
-18
64
284
524
654
626
448
139
-209
-425
-406
-225
-36
106
211
238
130
-94
-337
-484
-432
-189
81
186
73
-125
-234
-240
-257
-334
-411
-422
-344
-197
-65
-40
-85
-45
177
489
710
775
731
631
493
311
103
-73
-146
-77
90
223
192
-3
-234
-396
-455
-406
-276
-136
-69
-120
-253
-397
-505
-544
-482
-309
-60
188
340
340
220
102
101
230
385
464
445
362
246
121
16
-28
28
171
318
341
159
-165
-467
-642
-673
-548
-281
30
255
325
250
88
-82
-175
-141
-16
105
150
104
-12
-170
-349
-494
-542
-468
-302
-102
74
185
269
390
538
635
644
589
516
427
296
129
-22
-101
-102
-84
-135
-298
-512
-664
-695
-634
-529
-369
-128
129
291
303
204
74
-2
16
103
198
259
291
306
266
123
-88
-275
-355
-322
-224
-110
11
132
237
306
320
272
187
106
49
-6
-89
-192
-262
-257
-177
-65
21
37
-7
-65
-99
-87
-19
101
247
364
380
255
11
-283
-531
-647
-591
-393
-119
142
328
399
350
205
9
-180
-293
-278
-144
51
237
352
364
296
192
74
-27
-77
-62
-8
51
96
133
184
249
298
294
224
103
-30
-129
-169
-158
-119
-88
-128
-338
-745
-1197
-1459
-1404
-1090
-681
-300
45
380
674
853
888
834
794
838
924
972
957
951
1019
1119
1117
906
473
-83
-593
-907
-1012
-1006
-990
-1012
-1084
-1195
-1318
-1404
-1391
-1239
-967
-646
-346
-94
120
330
535
705
817
887
948
1016
1064
1099
1161
1236
1266
1207
1038
806
598
444
296
69
-274
-655
-947
-1076
-1065
-1022
-1048
-1161
-1331
-1522
-1689
-1772
-1681
-1357
-817
-185
357
687
819
856
900
1004
1126
1205
1233
1234
1246
1272
1259
1155
972
754
533
315
87
-121
-257
-343
-428
-540
-686
-842
-971
-1065
-1143
-1249
-1400
-1514
-1491
-1324
-1067
-779
-513
-326
-295
-414
-546
-499
-113
642
1613
2551
3210
3460
3342
2947
2355
1692
1099
655
330
4
-402
-876
-1404
-1936
-2380
-2698
-2869
-2859
-2642
-2247
-1759
-1282
-865
-528
-281
-74
166
481
866
1278
1653
1949
2130
2175
2114
1986
1806
1555
1206
815
482
272
199
202
162
19
-229
-604
-1090
-1628
-2146
-2532
-2712
-2681
-2488
-2240
-1954
-1545
-994
-375
247
814
1302
1720
2083
2407
2638
2686
2505
2110
1578
1033
554
165
-127
-318
-425
-490
-569
-688
-813
-884
-865
-786
-743
-782
-871
-952
-967
-912
-834
-770
-731
-735
-774
-817
-805
-673
-406
-44
374
809
1250
1717
2163
2494
2641
2593
2400
2136
1817
1430
957
407
-191
-830
-1518
-2204
-2804
-3194
-3240
-2941
-2452
-1962
-1540
-1113
-627
-129
315
663
904
1064
1212
1352
1420
1376
1262
1153
1036
836
557
296
154
182
342
536
671
716
697
639
516
306
48
-203
-437
-669
-911
-1139
-1314
-1448
-1582
-1751
-1958
-2113
-2095
-1843
-1376
-775
-144
459
983
1394
1679
1850
1969
2093
2201
2233
2130
1879
1514
1096
673
265
-135
-514
-818
-1010
-1103
-1127
-1110
-1085
-1060
-1036
-1024
-1022
-1019
-980
-884
-751
-627
-531
-457
-377
-270
-149
-44
42
132
250
402
578
768
969
1175
1365
1521
1609
1639
1639
1611
1544
1402
1166
840
434
-19
-480
-937
-1376
-1775
-2102
-2337
-2474
-2510
-2442
-2276
-2021
-1685
-1285
-857
-431
-12
396
776
1105
1369
1579
1746
1872
1963
2008
1994
1917
1794
1639
1457
1240
1000
766
548
321
51
-278
-649
-1043
-1442
-1833
-2186
-2489
-2711
-2820
-2801
-2681
-2496
-2231
-1856
-1362
-767
-95
622
1334
1989
2561
3016
3309
3423
3374
3187
2882
2455
1925
1333
730
139
-431
-968
-1450
-1850
-2127
-2268
-2276
-2178
-1994
-1735
-1425
-1101
-819
-603
-424
-267
-148
-77
-52
-50
-43
-21
12
38
55
105
253
506
812
1132
1452
1750
2007
2193
2268
2229
2087
1863
1579
1210
738
177
-434
-1044
-1628
-2172
-2661
-3062
-3327
-3440
-3397
-3193
-2834
-2337
-1744
-1104
-447
200
838
1460
2029
2488
2794
2951
2998
2940
2773
2514
2178
1788
1379
965
553
151
-221
-538
-803
-1056
-1334
-1621
-1870
-2042
-2097
-2052
-1967
-1860
-1735
-1585
-1391
-1168
-922
-651
-355
-31
312
649
954
1238
1512
1766
1979
2127
2191
2172
2081
1932
1719
1425
1058
635
168
-305
-751
-1130
-1426
-1651
-1800
-1864
-1853
-1769
-1607
-1384
-1135
-884
-660
-479
-325
-186
-63
45
125
173
216
263
310
374
458
571
727
906
1073
1212
1346
1488
1635
1735
1739
1644
1462
1212
909
537
90
-421
-961
-1491
-1992
-2440
-2795
-3021
-3095
-3014
-2799
-2467
-2019
-1472
-851
-178
490
1099
1619
2029
2325
2518
2596
2556
2424
2209
1928
1611
1275
948
654
396
153
-82
-314
-535
-713
-844
-958
-1065
-1176
-1294
-1409
-1527
-1638
-1713
-1742
-1713
-1632
-1505
-1329
-1100
-801
-431
-8
437
877
1305
1708
2069
2366
2575
2676
2648
2483
2203
1825
1365
858
325
-210
-710
-1163
-1551
-1839
-2010
-2056
-1989
-1834
-1624
-1381
-1114
-837
-560
-308
-114
27
118
154
149
120
85
69
72
99
153
237
365
540
756
985
1200
1393
1561
1686
1746
1725
1617
1423
1152
801
367
-127
-649
-1165
-1637
-2054
-2403
-2660
-2808
-2823
-2685
-2412
-2026
-1552
-1017
-448
131
689
1184
1597
1915
2133
2252
2262
2165
1985
1750
1490
1220
946
685
446
246
88
-44
-164
-279
-401
-534
-679
-833
-993
-1152
-1315
-1480
-1630
-1750
-1818
-1816
-1741
-1597
-1378
-1083
-718
-297
155
615
1070
1503
1890
2225
2478
2621
2641
2541
2333
2037
1649
1177
642
82
-451
-935
-1355
-1701
-1957
-2094
-2109
-2025
-1866
-1658
-1404
-1100
-772
-455
-183
34
202
315
382
408
395
372
351
345
366
398
450
530
637
759
881
992
1087
1155
1201
1210
1162
1059
892
669
390
48
-335
-731
-1109
-1446
-1747
-2002
-2192
-2287
-2254
-2108
-1859
-1522
-1124
-668
-170
331
803
1217
1554
1805
1951
1987
1919
1772
1572
1342
1106
868
631
408
205
35
-97
-203
-290
-364
-436
-511
-599
-700
-815
-944
-1072
-1205
-1325
-1419
-1477
-1485
-1431
-1316
-1141
-904
-605
-258
130
547
970
1383
1757
2063
2292
2426
2449
2364
2166
1861
1461
984
462
-70
-574
-1020
-1401
-1696
-1901
-2012
-2011
-1913
-1737
-1499
-1237
-959
-678
-414
-184
2
148
255
319
354
364
360
362
379
421
487
560
645
745
858
981
1107
1215
1289
1324
1311
1239
1102
901
629
299
-82
-511
-964
-1408
-1814
-2150
-2399
-2550
-2593
-2515
-2312
-1989
-1557
-1033
-460
129
697
1211
1641
1967
2183
2298
2307
2207
2021
1763
1457
1142
836
545
278
46
-148
-304
-422
-513
-592
-662
-738
-829
-939
-1070
-1205
-1334
-1445
-1532
-1590
-1609
-1576
-1474
-1294
-1038
-711
-322
115
589
1072
1531
1951
2314
2587
2746
2780
2672
2427
2071
1620
1096
526
-62
-636
-1161
-1600
-1932
-2149
-2248
-2230
-2112
-1916
-1659
-1357
-1034
-716
-424
-176
13
149
239
288
307
311
308
309
321
354
416
517
652
814
998
1188
1366
1522
1640
1710
1721
1655
1500
1251
909
490
2
-540
-1102
-1657
-2179
-2635
-2988
-3204
-3266
-3168
-2908
-2495
-1951
-1307
-608
101
791
1434
1993
2428
2711
2826
2791
2630
2369
2036
1660
1257
859
500
201
-30
-200
-317
-385
-428
-462
-506
-583
-695
-832
-1002
-1205
-1429
-1649
-1844
-1993
-2074
-2069
-1962
-1751
-1434
-1027
-539
19
613
1207
1775
2279
2686
2975
3131
3146
3009
2718
2292
1761
1162
535
-100
-723
-1278
-1723
-2047
-2241
-2317
-2290
-2154
-1926
-1634
-1310
-987
-683
-418
-204
-39
76
136
157
158
156
160
181
220
285
393
540
704
874
1052
1240
1419
1574
1698
1766
1772
1714
1569
1338
1024
631
164
-362
-925
-1492
-2039
-2535
-2939
-3220
-3363
-3342
-3156
-2806
-2291
-1644
-920
-159
596
1303
1921
2413
2758
2946
2976
2862
2624
2286
1892
1466
1034
634
291
12
-202
-362
-475
-542
-585
-626
-684
-773
-892
-1035
-1209
-1400
-1585
-1751
-1877
-1942
-1937
-1848
-1666
-1396
-1035
-594
-89
457
1005
1534
2023
2438
2744
2918
2954
2855
2624
2265
1799
1255
675
96
-460
-977
-1411
-1739
-1954
-2049
-2040
-1944
-1773
-1546
-1288
-1019
-770
-557
-378
-235
-125
-47
-4
16
39
81
142
216
293
390
513
659
816
966
1104
1241
1369
1471
1539
1556
1520
1434
1284
1067
775
403
-28
-499
-992
-1485
-1963
-2395
-2732
-2945
-3018
-2942
-2722
-2362
-1871
-1281
-637
30
678
1279
1798
2200
2472
2611
2614
2499
2287
1998
1667
1317
965
639
355
114
-77
-230
-348
-433
-514
-602
-702
-819
-954
-1107
-1284
-1468
-1641
-1791
-1904
-1961
-1948
-1844
-1640
-1347
-962
-497
30
594
1166
1710
2207
2613
2898
3043
3037
2887
2601
2185
1668
1091
485
-106
-654
-1138
-1528
-1809
-1981
-2040
-2003
-1894
-1726
-1527
-1311
-1088
-878
-698
-544
-415
-298
-185
-84
15
124
246
382
521
655
784
910
1024
1126
1213
1276
1322
1348
1353
1341
1294
1206
1074
893
665
382
39
-349
-760
-1180
-1595
-1986
-2331
-2591
-2740
-2768
-2666
-2431
-2071
-1591
-1030
-422
205
814
1373
1860
2242
2504
2639
2640
2523
2308
2012
1662
1277
880
505
172
-113
-339
-512
-633
-704
-748
-785
-823
-880
-960
-1062
-1194
-1348
-1507
-1661
-1784
-1854
-1856
-1771
-1586
-1298
-906
-419
135
736
1345
1919
2421
2817
3076
3189
3141
2935
2586
2113
1551
933
293
-327
-886
-1363
-1734
-1993
-2138
-2171
-2112
-1986
-1809
-1599
-1371
-1143
-933
-752
-582
-421
-269
-121
21
163
314
465
613
760
892
1014
1120
1204
1270
1316
1336
1337
1324
1295
1253
1182
1074
934
753
527
245
-98
-490
-912
-1349
-1777
-2169
-2498
-2736
-2854
-2847
-2701
-2415
-2001
-1475
-864
-206
461
1096
1662
2133
2485
2700
2774
2707
2517
2233
1875
1471
1053
650
289
-16
-260
-443
-565
-637
-673
-689
-704
-737
-797
-893
-1023
-1183
-1365
-1554
-1727
-1861
-1928
-1910
-1798
-1581
-1257
-829
-313
260
860
1455
2010
2494
2869
3106
3190
3115
2887
2521
2040
1475
857
228
-378
-928
-1396
-1764
-2020
-2160
-2196
-2141
-2016
-1841
-1629
-1395
-1162
-934
-729
-541
-367
-206
-53
90
225
360
502
642
775
894
998
1099
1188
1257
1303
1329
1341
1343
1328
1285
1213
1106
959
770
526
223
-127
-522
-944
-1372
-1788
-2166
-2480
-2706
-2815
-2799
-2650
-2373
-1980
-1485
-907
-288
338
936
1479
1939
2288
2510
2602
2579
2448
2225
1929
1584
1224
870
536
240
-9
-213
-365
-478
-564
-635
-701
-777
-867
-978
-1110
-1257
-1417
-1569
-1700
-1794
-1831
-1799
-1689
-1486
-1196
-825
-391
93
601
1110
1590
2013
2354
2593
2717
2719
2598
2366
2036
1625
1163
676
190
-276
-701
-1063
-1352
-1564
-1699
-1763
-1765
-1716
-1623
-1501
-1358
-1204
-1048
-891
-732
-574
-415
-259
-107
49
208
368
523
670
808
941
1059
1165
1252
1317
1361
1389
1396
1378
1332
1257
1148
994
795
552
265
-66
-428
-812
-1203
-1588
-1942
-2241
-2468
-2604
-2636
-2556
-2360
-2050
-1645
-1163
-625
-54
518
1062
1545
1945
2242
2430
2506
2474
2341
2123
1838
1513
1170
826
494
191
-73
-290
-459
-590
-691
-770
-843
-910
-986
-1075
-1175
-1281
-1388
-1484
-1560
-1605
-1603
-1543
-1417
-1222
-956
-625
-243
176
617
1054
1461
1820
2113
2324
2439
2447
2349
2156
1878
1535
1141
718
287
-129
-514
-852
-1132
-1355
-1513
-1610
-1649
-1634
-1580
-1493
-1382
-1254
-1111
-960
-806
-653
-497
-340
-174
-5
158
315
468
613
750
879
995
1101
1196
1276
1341
1388
1413
1415
1390
1332
1234
1087
890
642
344
1
-380
-785
-1193
-1587
-1948
-2253
-2485
-2620
-2644
-2553
-2345
-2030
-1621
-1138
-600
-39
517
1035
1492
1872
2156
2331
2397
2359
2225
2015
1744
1436
1109
785
484
217
-10
-195
-338
-445
-520
-582
-640
-703
-782
-879
-996
-1135
-1287
-1436
-1568
-1670
-1727
-1724
-1652
-1502
-1264
-945
-559
-123
347
830
1297
1720
2078
2354
2529
2595
2555
2407
2160
1832
1443
1014
564
116
-307
-693
-1026
-1298
-1505
-1649
-1730
-1755
-1729
-1663
-1564
-1436
-1288
-1124
-950
-772
-595
-419
-241
-68
99
259
413
558
700
832
958
1078
1188
1289
1377
1451
1501
1524
1516
1467
1372
1228
1028
772
465
110
-286
-703
-1121
-1530
-1904
-2224
-2468
-2617
-2664
-2599
-2419
-2133
-1752
-1288
-767
-218
337
864
1340
1738
2045
2247
2341
2327
2216
2024
1769
1474
1160
848
555
298
84
-86
-212
-299
-363
-415
-470
-536
-623
-741
-891
-1066
-1256
-1447
-1622
-1762
-1850
-1869
-1810
-1660
-1421
-1097
-701
-249
239
733
1213
1647
2017
2305
2492
2569
2540
2408
2184
1881
1517
1109
683
260
-141
-510
-838
-1119
-1342
-1505
-1615
-1676
-1695
-1674
-1618
-1527
-1407
-1266
-1108
-935
-748
-547
-336
-127
75
269
455
626
772
894
992
1070
1130
1176
1209
1232
1247
1258
1262
1253
1222
1166
1075
938
750
503
202
-151
-541
-959
-1380
-1786
-2151
-2443
-2644
-2735
-2706
-2551
-2269
-1867
-1367
-801
-198
411
990
1508
1939
2259
2458
2527
2475
2316
2067
1750
1390
1016
653
327
48
-170
-328
-431
-487
-508
-508
-505
-515
-555
-628
-733
-869
-1027
-1197
-1364
-1509
-1613
-1656
-1628
-1525
-1343
-1083
-750
-363
63
507
947
1351
1711
2006
2224
2352
2382
2315
2166
1944
1655
1314
933
534
132
-261
-630
-962
-1253
-1494
-1679
-1805
-1869
-1873
-1823
-1722
-1571
-1383
-1157
-908
-646
-385
-132
107
319
502
647
753
826
868
887
891
888
882
890
911
948
1000
1060
1123
1176
1203
1188
1119
991
790
516
169
-238
-685
-1149
-1609
-2032
-2387
-2656
-2808
-2823
-2700
-2439
-2054
-1562
-987
-360
281
896
1448
1906
2255
2477
2563
2518
2346
2074
1732
1349
951
563
213
-82
-308
-457
-536
-555
-530
-478
-415
-359
-332
-343
-402
-509
-653
-829
-1018
-1206
-1370
-1498
-1563
-1557
-1470
-1298
-1050
-733
-359
51
481
903
1294
1638
1916
2115
2231
2252
2182
2028
1801
1513
1179
813
432
51
-318
-657
-961
-1223
-1437
-1597
-1699
-1747
-1740
-1679
-1573
-1424
-1236
-1022
-788
-540
-292
-51
171
368
536
667
759
812
834
831
809
774
743
718
711
726
758
811
878
944
1002
1034
1022
959
834
635
370
37
-350
-772
-1205
-1623
-2002
-2315
-2533
-2635
-2611
-2456
-2172
-1774
-1279
-716
-115
488
1055
1558
1968
2264
2438
2481
2398
2204
1918
1567
1181
790
415
78
-200
-407
-538
-603
-609
-576
-512
-439
-380
-346
-352
-406
-505
-641
-805
-982
-1157
-1312
-1421
-1473
-1453
-1356
-1181
-930
-616
-252
150
562
964
1332
1647
1899
2074
2162
2162
2077
1909
1675
1384
1051
694
319
-52
-402
-725
-1012
-1251
-1441
-1576
-1655
-1682
-1652
-1571
-1447
-1288
-1101
-888
-660
-430
-204
7
200
368
506
614
690
732
751
754
743
725
708
698
704
722
753
798
847
894
928
934
909
839
713
530
289
-9
-348
-721
-1102
-1471
-1812
-2095
-2297
-2406
-2398
-2276
-2043
-1695
-1258
-751
-199
366
911
1401
1809
2123
2321
2391
2339
2169
1903
1570
1188
787
397
38
-262
-491
-645
-715
-722
-677
-585
-477
-371
-286
-238
-238
-291
-394
-536
-709
-894
-1070
-1221
-1321
-1353
-1318
-1199
-1001
-735
-408
-39
353
744
1105
1422
1680
1859
1954
1964
1887
1734
1517
1248
945
626
305
-7
-297
-551
-767
-944
-1078
-1173
-1232
-1259
-1256
-1224
-1172
-1101
-1011
-905
-782
-641
-491
-329
-160
8
176
335
481
607
705
778
828
847
841
819
781
734
688
642
609
584
566
554
539
521
485
420
323
189
13
-203
-454
-724
-1000
-1273
-1516
-1712
-1842
-1888
-1846
-1713
-1485
-1169
-788
-356
98
548
969
1332
1620
1817
1910
1903
1797
1603
1350
1054
735
421
130
-115
-301
-426
-488
-495
-456
-382
-297
-218
-153
-121
-132
-190
-290
-423
-583
-756
-921
-1062
-1165
-1212
-1202
-1123
-974
-768
-511
-218
102
424
729
1002
1234
1409
1523
1572
1555
1480
1357
1188
988
770
543
314
91
-118
-310
-484
-635
-764
-875
-965
-1032
-1076
-1098
-1095
-1067
-1011
-929
-819
-686
-533
-362
-183
-7
166
326
462
572
651
699
719
710
680
638
589
543
503
476
467
475
494
520
546
563
559
526
455
342
185
-13
-244
-500
-767
-1029
-1265
-1463
-1602
-1671
-1661
-1571
-1402
-1159
-855
-506
-133
238
592
908
1168
1359
1476
1517
1481
1375
1217
1025
812
589
375
184
30
-84
-163
-205
-217
-205
-187
-167
-157
-163
-197
-258
-344
-450
-568
-691
-809
-910
-984
-1019
-1011
-957
-857
-712
-531
-323
-90
147
382
599
790
952
1078
1163
1202
1202
1166
1100
1003
881
745
595
438
273
107
-54
-210
-365
-515
-651
-772
-874
-957
-1019
-1050
-1053
-1022
-958
-864
-740
-596
-436
-262
-82
90
247
383
496
582
635
657
654
628
587
537
486
440
407
387
386
397
420
449
478
497
498
466
404
305
166
-8
-213
-443
-679
-910
-1120
-1295
-1421
-1488
-1484
-1410
-1265
-1053
-790
-484
-156
174
494
782
1022
1205
1320
1366
1348
1268
1138
973
780
582
390
214
67
-47
-130
-178
-199
-199
-186
-171
-165
-170
-198
-247
-318
-412
-517
-631
-743
-838
-911
-954
-955
-919
-840
-715
-554
-357
-140
84
311
533
736
913
1054
1152
1212
1229
1208
1152
1057
932
788
624
450
270
82
-102
-281
-454
-608
-750
-870
-965
-1036
-1076
-1081
-1054
-992
-897
-777
-630
-466
-292
-111
61
215
350
457
532
580
592
577
544
491
437
386
343
320
314
331
371
425
487
552
602
632
633
591
509
378
200
-13
-257
-518
-778
-1028
-1247
-1416
-1528
-1571
-1540
-1437
-1262
-1024
-738
-419
-85
244
559
834
1058
1225
1325
1359
1335
1254
1130
974
793
608
432
269
131
18
-68
-124
-162
-184
-198
-211
-230
-263
-312
-375
-454
-548
-643
-740
-826
-893
-936
-944
-915
-851
-745
-601
-430
-230
-16
201
419
623
804
959
1081
1163
1205
1208
1173
1102
998
868
717
548
368
181
-4
-186
-358
-520
-661
-782
-879
-951
-992
-1004
-984
-935
-860
-761
-643
-512
-370
-223
-81
49
164
262
337
393
424
436
435
417
392
371
355
348
354
371
403
446
499
553
603
640
652
640
596
514
394
235
44
-171
-408
-647
-876
-1087
-1263
-1393
-1472
-1485
-1432
-1318
-1145
-916
-648
-354
-46
257
543
797
1002
1158
1260
1298
1284
1217
1107
967
806
639
475
320
185
73
-12
-77
-122
-151
-175
-198
-229
-272
-329
-403
-495
-598
-702
-804
-899
-970
-1011
-1018
-978
-900
-775
-605
-408
-183
59
303
541
759
943
1094
1199
1255
1267
1233
1154
1042
899
732
558
377
191
21
-142
-295
-427
-544
-643
-718
-782
-826
-848
-857
-848
-815
-765
-698
-612
-513
-402
-279
-155
-32
92
201
294
368
422
458
475
468
453
429
400
376
361
358
372
399
437
487
539
585
616
625
602
537
432
283
95
-130
-381
-647
-906
-1148
-1354
-1509
-1597
-1617
-1556
-1418
-1206
-929
-605
-253
114
468
788
1066
1283
1426
1495
1487
1406
1272
1090
874
651
429
220
42
-103
-207
-264
-296
-299
-278
-258
-238
-226
-238
-269
-325
-410
-505
-607
-714
-803
-869
-908
-905
-859
-770
-631
-455
-255
-28
204
428
646
833
982
1097
1156
1171
1145
1074
967
833
677
510
336
162
-2
-149
-287
-407
-508
-593
-660
-708
-742
-759
-761
-751
-718
-670
-608
-528
-435
-327
-212
-92
32
150
257
348
417
463
486
483
457
412
349
280
214
155
110
87
87
115
167
233
315
404
483
546
578
574
529
434
288
104
-118
-367
-619
-867
-1092
-1273
-1406
-1468
-1457
-1375
-1218
-991
-714
-398
-62
271
585
865
1093
1261
1359
1383
1340
1243
1092
907
703
494
298
116
-39
-154
-233
-281
-300
-300
-283
-263
-250
-248
-263
-301
-357
-427
-503
-586
-666
-732
-774
-786
-767
-711
-613
-483
-327
-151
37
235
426
600
752
875
963
1016
1030
1011
954
870
764
638
497
348
192
43
-104
-242
-367
-479
-574
-652
-711
-750
-768
-764
-735
-684
-615
-532
-432
-318
-203
-89
22
130
223
291
334
360
361
339
302
251
195
135
78
39
16
15
38
88
162
252
349
451
548
628
679
695
676
612
503
345
147
-74
-313
-555
-788
-997
-1169
-1292
-1361
-1364
-1304
-1180
-1000
-777
-518
-242
38
306
551
762
930
1044
1109
1123
1089
1013
905
781
651
516
382
262
159
77
5
-49
-91
-124
-158
-198
-243
-295
-360
-430
-505
-577
-644
-706
-752
-776
-776
-749
-692
-605
-489
-358
-211
-53
111
274
425
561
681
775
845
883
890
874
831
763
675
569
449
316
174
31
-106
-236
-353
-459
-542
-606
-650
-667
-657
-620
-564
-492
-403
-301
-200
-103
-14
71
137
185
208
213
197
162
111
53
-3
-60
-110
-150
-169
-167
-145
-97
-23
73
182
300
421
541
644
728
785
812
800
744
641
499
322
116
-111
-346
-574
-790
-981
-1136
-1242
-1290
-1281
-1216
-1092
-921
-709
-472
-222
32
275
493
679
826
930
984
991
961
900
815
714
604
494
391
292
206
132
70
17
-35
-88
-143
-208
-280
-357
-438
-518
-595
-665
-720
-755
-766
-751
-707
-632
-530
-407
-268
-118
38
190
331
459
568
655
714
748
756
737
696
633
559
472
375
268
158
48
-56
-156
-246
-323
-389
-441
-477
-496
-493
-472
-437
-385
-320
-248
-172
-94
-17
55
116
159
187
202
199
176
138
89
33
-27
-86
-140
-186
-218
-232
-224
-195
-143
-71
20
127
240
355
467
568
654
712
737
723
671
578
451
290
103
-103
-315
-524
-721
-887
-1016
-1102
-1137
-1120
-1047
-929
-770
-575
-357
-129
94
307
498
659
785
868
910
912
884
831
757
665
564
461
357
262
171
83
1
-78
-157
-239
-323
-407
-490
-566
-634
-694
-740
-759
-750
-717
-655
-566
-451
-316
-167
-9
147
293
424
536
622
676
706
709
684
637
573
495
409
319
228
138
48
-39
-122
-198
-266
-328
-388
-437
-474
-496
-499
-483
-450
-397
-325
-235
-131
-23
88
196
291
364
415
441
436
404
349
268
163
52
-59
-167
-267
-354
-419
-459
-473
-459
-421
-359
-277
-176
-60
64
196
329
458
576
678
758
811
835
822
768
673
537
360
152
-75
-313
-557
-788
-988
-1145
-1253
-1302
-1287
-1207
-1065
-872
-638
-378
-108
158
402
614
782
902
972
998
981
928
850
760
667
576
495
423
354
292
234
170
87
-12
-125
-254
-405
-565
-718
-857
-979
-1063
-1103
-1097
-1040
-930
-773
-585
-375
-150
74
278
459
606
717
787
818
819
798
757
704
645
586
527
467
404
335
255
164
58
-64
-200
-343
-478
-602
-712
-787
-824
-816
-761
-661
-523
-355
-174
13
192
343
456
527
553
534
466
365
243
109
-21
-145
-248
-322
-363
-373
-357
-319
-259
-190
-115
-38
36
110
183
250
320
393
468
544
613
675
719
735
717
657
553
400
197
-41
-298
-574
-841
-1080
-1276
-1410
-1474
-1459
-1363
-1193
-956
-671
-364
-45
262
537
765
935
1048
1100
1095
1050
974
878
780
686
606
540
482
437
395
340
265
164
37
-120
-310
-518
-729
-933
-1110
-1249
-1336
-1358
-1313
-1196
-1019
-797
-535
-255
24
286
513
700
833
911
951
946
900
833
762
691
615
538
479
426
363
293
208
107
-11
-151
-302
-462
-616
-746
-847
-911
-923
-882
-783
-641
-466
-259
-45
154
334
476
573
615
604
558
470
349
222
101
-6
-98
-169
-202
-207
-202
-182
-159
-139
-124
-120
-125
-141
-154
-149
-132
-95
-23
78
207
352
504
653
772
844
871
832
719
538
299
22
-280
-589
-873
-1104
-1270
-1362
-1368
-1281
-1117
-896
-623
-333
-44
229
456
631
748
803
812
775
705
630
556
493
448
429
435
447
458
468
454
406
312
176
11
-189
-414
-634
-835
-1002
-1118
-1174
-1160
-1079
-935
-740
-511
-266
-20
200
389
533
627
676
677
640
590
529
463
406
370
354
345
341
342
333
303
244
154
43
-95
-253
-410
-558
-680
-762
-799
-783
-714
-597
-440
-259
-68
115
277
405
488
527
523
472
393
306
209
114
39
-14
-36
-41
-35
-16
7
17
5
-27
-78
-152
-239
-325
-400
-452
-467
-439
-364
-243
-81
110
311
507
683
816
889
902
846
720
535
311
62
-195
-439
-649
-811
-908
-948
-930
-849
-723
-572
-402
-231
-71
67
178
259
312
345
358
362
367
377
392
417
446
479
508
519
509
475
412
315
189
39
-121
-285
-446
-589
-698
-770
-805
-797
-746
-660
-543
-407
-266
-121
20
142
242
323
385
424
448
458
461
459
453
439
420
399
363
315
253
178
89
-14
-127
-242
-350
-450
-531
-586
-614
-607
-566
-498
-401
-281
-153
-18
114
229
326
404
452
474
473
450
409
356
295
231
165
105
46
-12
-64
-118
-174
-230
-290
-350
-405
-457
-497
-517
-516
-486
-424
-335
-213
-63
101
276
452
613
751
854
910
916
875
776
626
439
225
-5
-237
-453
-642
-790
-893
-949
-953
-906
-816
-697
-551
-391
-225
-68
71
196
300
380
439
477
505
525
537
543
549
550
546
532
499
451
386
291
178
47
-100
-249
-400
-548
-671
-767
-835
-856
-839
-782
-679
-550
-402
-232
-61
100
252
377
476
551
591
606
600
570
528
475
409
342
273
199
124
50
-24
-97
-173
-248
-321
-385
-436
-473
-491
-483
-453
-397
-318
-222
-111
6
119
226
318
387
434
452
441
409
356
284
203
109
20
-58
-136
-205
-253
-294
-326
-348
-367
-373
-374
-372
-352
-319
-273
-206
-124
-26
96
228
359
497
619
720
796
832
826
779
684
548
376
171
-41
-255
-465
-647
-796
-905
-966
-988
-963
-893
-796
-673
-527
-376
-222
-73
64
191
306
408
501
577
640
698
745
775
793
790
764
717
638
533
406
252
84
-93
-269
-435
-588
-722
-819
-882
-910
-898
-850
-774
-673
-553
-418
-279
-145
-11
111
219
315
395
463
518
554
582
601
598
581
552
503
443
367
273
178
70
-46
-149
-251
-341
-410
-461
-488
-488
-473
-433
-370
-303
-224
-137
-56
21
88
142
187
215
229
238
233
215
192
162
127
90
45
0
-46
-100
-153
-200
-247
-285
-315
-330
-324
-303
-263
-196
-114
-13
106
232
359
477
578
663
721
741
726
678
588
466
314
146
-35
-225
-404
-565
-708
-824
-903
-948
-955
-928
-868
-775
-659
-527
-377
-217
-53
108
268
422
563
683
788
874
933
966
973
947
891
803
690
555
395
221
40
-143
-321
-488
-636
-761
-859
-929
-961
-961
-935
-880
-797
-692
-565
-428
-280
-126
29
181
331
466
584
685
764
819
847
840
808
746
653
540
411
267
113
-41
-185
-317
-434
-528
-592
-632
-648
-634
-598
-541
-468
-384
-287
-187
-88
11
109
198
275
345
403
447
474
483
477
447
398
333
249
150
36
-84
-202
-318
-424
-516
-587
-629
-642
-622
-568
-488
-381
-247
-92
73
238
398
547
675
779
850
884
876
830
749
636
491
319
131
-64
-258
-442
-611
-761
-881
-967
-1012
-1018
-991
-929
-829
-700
-546
-375
-192
-4
183
365
534
686
810
908
978
1019
1022
990
928
834
714
571
409
232
45
-138
-314
-479
-631
-759
-859
-930
-969
-977
-954
-899
-817
-706
-573
-425
-265
-98
75
245
406
553
681
785
864
916
933
913
861
779
670
534
376
204
25
-152
-322
-479
-615
-727
-809
-857
-868
-848
-796
-713
-602
-469
-320
-160
2
163
318
462
586
687
760
806
825
810
763
687
584
456
310
149
-23
-197
-366
-524
-664
-783
-873
-933
-954
-937
-882
-790
-665
-510
-331
-130
80
288
489
678
843
975
1069
1122
1129
1094
1015
893
737
551
342
122
-102
-324
-533
-721
-883
-1010
-1101
-1153
-1168
-1143
-1075
-971
-838
-677
-493
-295
-83
131
340
541
726
888
1021
1121
1185
1208
1189
1130
1033
896
729
534
317
90
-142
-373
-589
-788
-959
-1095
-1193
-1249
-1259
-1224
-1142
-1016
-853
-655
-434
-194
57
302
536
752
935
1079
1181
1234
1236
1187
1090
951
776
570
346
110
-125
-348
-555
-734
-879
-987
-1056
-1078
-1063
-1006
-912
-786
-634
-459
-274
-79
116
303
480
635
769
875
945
984
991
957
891
794
667
518
348
162
-28
-220
-408
-583
-741
-874
-976
-1050
-1084
-1078
-1037
-955
-836
-688
-509
-307
-92
133
355
567
765
935
1072
1172
1227
1243
1210
1132
1016
863
674
466
238
0
-231
-462
-677
-865
-1025
-1151
-1238
-1287
-1288
-1248
-1170
-1050
-895
-712
-500
-274
-38
207
441
660
862
1032
1168
1265
1315
1321
1282
1194
1070
904
706
490
255
11
-226
-456
-666
-843
-995
-1109
-1176
-1206
-1190
-1135
-1042
-910
-752
-574
-378
-174
30
231
410
573
716
821
897
942
950
929
875
790
686
563
424
277
124
-26
-166
-302
-421
-520
-606
-664
-698
-715
-703
-669
-614
-538
-448
-344
-224
-104
16
139
253
358
450
520
579
617
625
615
584
527
455
360
249
135
11
-116
-237
-351
-450
-530
-594
-630
-638
-625
-582
-517
-434
-327
-212
-92
37
158
274
383
471
544
602
632
643
632
595
543
470
374
269
151
25
-98
-227
-345
-448
-542
-616
-667
-697
-698
-678
-639
-570
-483
-384
-266
-143
-13
122
247
366
480
574
651
707
736
746
726
678
609
516
404
280
143
2
-131
-263
-383
-485
-573
-637
-676
-699
-695
-668
-623
-555
-476
-383
-273
-161
-45
75
188
299
399
478
546
598
622
628
610
569
516
443
352
260
159
55
-45
-147
-237
-313
-386
-443
-483
-509
-514
-504
-483
-439
-382
-313
-233
-150
-59
35
120
201
274
331
378
407
415
416
402
370
331
278
222
162
93
22
-42
-107
-167
-222
-272
-305
-328
-344
-344
-333
-310
-270
-228
-178
-115
-53
10
72
129
185
234
269
297
316
323
322
304
273
239
191
134
73
5
-59
-123
-190
-242
-284
-315
-334
-342
-335
-310
-274
-232
-180
-122
-60
4
62
119
178
224
259
287
304
316
313
295
271
237
194
147
91
36
-15
-70
-121
-164
-201
-228
-246
-266
-271
-267
-258
-242
-222
-194
-156
-120
-79
-30
18
70
116
156
198
233
255
270
270
263
253
227
193
158
116
73
30
-17
-56
-90
-131
-163
-190
-208
-217
-226
-230
-221
-207
-182
-153
-122
-83
-42
-6
35
72
107
138
156
169
184
191
189
182
167
151
131
105
75
45
12
-22
-59
-92
-115
-136
-155
-166
-168
-162
-146
-131
-111
-83
-57
-30
-1
23
48
71
83
96
108
117
121
117
110
103
90
72
52
27
3
-21
-50
-69
-83
-97
-103
-109
-110
-94
-82
-69
-51
-36
-19
0
11
26
41
48
58
64
69
80
83
79
77
72
66
57
39
23
7
-13
-30
-47
-61
-69
-79
-88
-87
-83
-78
-70
-64
-54
-39
-26
-11
4
17
33
42
51
64
72
75
75
68
64
61
52
41
31
17
5
-2
-11
-16
-22
-31
-37
-40
-40
-38
-42
-47
-45
-43
-40
-33
-31
-26
-19
-17
-9
2
7
13
16
20
29
34
38
41
37
40
42
37
35
31
20
13
4
-4
-6
-15
-23
-27
-30
-28
-24
-24
-22
-19
-17
-10
-7
-6
-2
-3
-4
0
2
3
5
3
3
5
4
5
6
2
2
1
1
4
5
4
4
3
3
7
5
2
2
-1
-2
-3
-4
-2
-2
-3
0
4
8
11
11
10
11
10
8
6
1
-3
-5
-11
-12
-10
-12
-14
-17
-17
-13
-14
-13
-12
-13
-11
-8
-7
-2
2
3
8
9
14
21
21
20
20
20
20
19
14
14
13
9
7
7
4
4
-1
-7
-10
-12
-16
-21
-27
-29
-29
-31
-29
-27
-23
-20
-17
-11
-1
7
9
14
18
23
31
34
34
34
32
30
26
23
19
10
-1
-7
-13
-18
-22
-28
-31
-28
-27
-25
-22
-18
-15
-10
-8
-3
2
7
9
10
12
17
21
20
22
20
20
18
14
12
7
1
-5
-11
-13
-13
-18
-24
-25
-23
-18
-14
-15
-13
-9
-5
1
5
9
11
13
14
17
20
20
17
16
14
15
11
5
2
-1
-2
-5
-8
-8
-8
-10
-12
-14
-14
-11
-11
-12
-12
-12
-11
-9
-7
-4
-2
1
3
8
12
13
13
11
15
18
18
15
10
7
8
6
5
3
-1
-5
-7
-9
-8
-10
-14
-15
-15
-12
-11
-12
-10
-8
-3
2
5
8
10
10
10
10
10
9
8
4
1
-1
-4
-5
-4
-4
-3
-3
-5
-1
2
1
1
0
0
3
2
0
-4
-6
-5
-5
-5
-4
-4
-4
-5
-1
4
6
8
8
11
15
14
14
10
9
9
7
4
0
-7
-11
-15
-18
-17
-20
-20
-22
-21
-16
-12
-10
-6
-1
5
10
13
15
17
20
21
21
20
19
17
12
7
5
3
-1
-2
-5
-8
-11
-14
-14
-11
-9
-7
-10
-9
-6
-5
-4
-7
-7
-5
-5
-5
-7
-6
-4
-3
1
4
8
11
9
12
15
16
17
14
12
12
9
6
1
-3
-4
-7
-9
-10
-11
-10
-13
-13
-10
-7
-4
-4
-4
2
3
3
4
5
8
9
6
5
3
2
2
-2
-3
-4
-4
-7
-9
-9
-7
-7
-5
-3
0
3
5
6
8
12
14
12
11
11
10
8
3
1
-3
-4
-6
-10
-11
-10
-11
-11
-10
-7
-3
-3
-3
-1
1
3
1
1
2
3
3
0
-2
0
1
1
0
0
2
2
1
2
3
6
6
4
7
9
7
5
2
2
0
-3
-8
-10
-11
-12
-15
-16
-15
-10
-7
-6
-2
2
9
12
13
17
20
21
20
16
14
10
3
-3
-8
-14
-20
-26
-27
-27
-25
-23
-19
-11
-3
3
10
16
22
27
30
29
28
24
21
14
7
-1
-7
-12
-18
-24
-26
-27
-26
-22
-19
-14
-6
-2
4
11
17
20
21
20
19
18
14
7
1
-4
-8
-13
-19
-21
-21
-18
-16
-14
-9
-2
7
13
18
22
26
26
25
22
16
10
1
-6
-12
-19
-27
-32
-31
-28
-27
-24
-16
-7
3
10
17
24
30
33
33
31
27
21
12
4
-4
-13
-23
-30
-33
-36
-34
-33
-28
-20
-11
-1
7
14
24
31
36
37
35
32
26
19
9
-2
-12
-20
-27
-33
-36
-37
-34
-29
-21
-14
-4
7
17
26
32
36
38
37
33
27
18
7
-5
-15
-26
-35
-41
-47
-47
-43
-38
-31
-20
-7
6
18
30
40
48
51
52
49
44
34
21
9
-2
-15
-29
-40
-45
-48
-49
-48
-43
-33
-22
-10
2
13
23
34
39
40
40
39
32
23
14
4
-10
-20
-27
-33
-39
-39
-37
-32
-24
-14
-4
5
18
28
34
41
44
41
37
31
22
10
-2
-15
-26
-36
-43
-48
-49
-46
-40
-33
-23
-8
5
17
28
40
46
50
50
49
41
31
20
5
-7
-20
-34
-43
-48
-51
-52
-48
-41
-29
-16
-4
9
24
34
43
49
52
51
45
37
26
14
1
-12
-27
-35
-43
-49
-50
-47
-42
-36
-23
-9
1
14
27
35
40
46
45
40
35
28
15
2
