SAMPLES:	10313
BITSPERSAMPLE:	16
CHANNELS:	1
SAMPLERATE:	16000
NORMALIZED:	FALSE
-9
-3
-7
-5
-9
-17
-18
-8
-8
-15
-17
-12
-4
-4
-7
-8
-8
-14
-12
-7
6
1
-1
0
1
4
12
19
16
19
15
13
11
17
14
13
14
20
21
7
5
2
5
4
12
9
-11
-3
-1
1
-5
-5
-1
-11
8
4
7
-6
-9
-3
3
15
14
18
18
14
13
14
26
29
21
32
27
36
16
12
5
2
8
8
18
2
11
7
0
2
4
5
-5
-2
1
-20
-4
-2
6
-5
-2
10
-10
2
11
9
-2
-2
13
12
19
35
21
3
-18
-1
-5
-3
7
-2
-22
-34
-30
-40
-24
-19
-14
-23
-10
-2
-11
-7
-5
4
-18
-6
6
8
11
-4
16
-12
10
5
13
20
2
31
-13
26
11
28
5
-4
24
-9
15
-3
17
3
-7
10
-2
13
-10
1
-1
-8
10
3
15
24
27
20
12
23
15
21
34
17
33
11
35
14
22
14
11
14
2
17
5
6
-9
-6
7
-10
16
-18
3
-31
1
-2
-5
13
-33
6
-40
15
-10
-5
12
-8
38
-13
20
-23
-4
-11
-4
6
-14
5
-15
9
-13
2
-19
-22
-11
-35
9
-44
-16
-40
-43
-5
-47
17
-67
8
-42
-23
-2
-43
25
-48
10
-27
-12
6
-26
15
-22
12
2
-8
14
-44
7
-22
-13
1
-30
-5
-29
1
-18
-22
-11
-33
5
-15
-6
11
-11
16
-5
13
13
-35
0
-36
32
1
35
30
-16
27
-25
33
-3
17
23
-1
24
-19
33
-12
19
3
-12
3
-25
7
-36
-2
-56
-16
-35
-34
19
-40
20
-77
4
-28
16
36
-17
56
-34
20
-25
-2
-9
1
45
9
31
-11
-12
11
9
36
-5
21
-13
15
8
1
20
-30
34
-40
46
-52
17
-37
17
17
-2
59
-9
85
-10
53
-3
41
45
23
36
-13
39
-3
6
27
-21
32
-11
19
4
-13
-4
-59
-3
-86
5
-55
1
-25
-35
-40
-64
-37
-21
34
8
45
-23
-2
-32
22
-32
12
1
-22
-8
7
-9
-20
-29
17
-74
48
-33
-6
-22
9
-8
-40
16
-89
1
-40
-9
-71
-44
-55
-95
15
-70
25
-22
-3
-36
-4
52
-24
85
-31
-13
-5
-43
47
-2
68
-31
64
-54
15
24
-21
36
-40
-11
-56
46
-67
9
-31
-80
-37
-9
-8
-19
16
-81
6
-27
30
47
12
26
-15
71
12
108
84
46
146
30
136
38
75
121
34
171
0
107
-3
80
42
10
133
-27
112
25
56
-12
19
-16
-24
59
7
19
9
-10
-13
18
38
13
51
51
-1
51
2
27
-55
104
-58
48
47
-48
71
-59
97
-108
76
2
-14
76
-115
33
-126
-3
-27
-61
40
-83
55
-144
100
-115
19
-23
-101
28
-92
60
-157
149
-104
23
42
-80
59
-72
86
-121
66
-66
-62
68
-65
133
-117
81
-79
-3
68
-80
145
-201
115
-198
39
-24
-87
97
-181
214
-151
132
-34
-26
100
-141
144
-143
87
-64
0
132
-102
200
-154
37
17
6
35
-94
100
-241
186
-40
34
96
-97
57
-67
164
-70
147
-49
-49
86
-51
175
-69
84
-67
0
-2
24
49
-63
145
-75
64
89
11
52
98
19
-28
-18
-6
-60
88
-39
-56
33
-128
54
-93
129
-21
6
37
-110
126
-64
81
-39
27
-9
19
33
18
110
-40
19
-1
49
-12
47
-22
-33
119
-43
53
-13
-44
-54
-17
-33
-122
-32
-107
-124
-31
-124
-17
-15
-45
-62
-120
45
-147
15
-92
-104
-62
-25
48
-58
67
33
-73
6
54
-11
4
11
19
-79
51
-10
-34
47
27
-62
-59
25
-88
20
-16
-76
-48
-36
-144
-4
-101
-10
-85
12
-94
9
1
-127
151
-80
27
-77
-26
-5
-8
-60
-43
-27
70
-117
96
-108
-4
45
-168
128
-144
130
-194
-21
87
-144
13
-144
-67
-76
-64
-2
-111
136
4
-56
-26
-32
126
-20
63
-17
-9
-70
55
27
77
131
83
-48
83
80
26
79
80
102
-7
124
-5
24
93
44
-15
48
101
-9
61
95
16
104
10
21
9
20
114
-36
157
16
107
88
48
42
-8
95
-124
36
-58
-55
6
121
-38
-42
89
-207
98
-131
-37
-34
78
-11
-102
113
-257
109
-43
-17
14
29
-45
-84
50
-62
-38
-3
8
-29
16
35
4
-76
137
-30
-56
74
-108
-89
55
-17
-106
18
33
-159
48
-37
-82
70
-22
-93
-60
41
-70
32
-21
-54
42
15
12
-73
-7
-39
-18
-23
16
-29
-135
-32
-182
41
82
41
-11
-3
46
100
224
-70
132
-149
-147
63
11
-87
28
122
-171
152
60
-37
226
98
250
-77
217
-133
49
132
137
223
-77
261
-266
111
89
-27
55
97
-79
-5
293
-127
-4
-123
0
32
205
101
-161
-1
-220
57
53
139
274
-257
174
-121
31
42
-30
46
25
271
24
37
192
0
154
-35
83
251
18
314
-202
45
-163
-34
-37
310
248
47
-44
-311
-60
175
149
78
-75
-297
-98
17
207
180
147
-139
57
126
201
93
-151
-44
-197
-84
89
112
226
-2
-48
56
91
195
-192
154
-401
-16
-203
-234
94
-96
37
-387
192
-115
-72
-30
-113
-130
-194
17
-263
47
-120
-163
-276
-10
96
-99
57
26
-30
-151
227
-192
-109
25
-106
-87
45
238
-244
150
-166
79
35
-86
19
-404
132
-55
189
-60
-76
109
-204
287
-86
-113
110
-137
93
-68
157
-246
-242
257
-204
511
100
-53
90
-63
207
-287
152
-280
-108
125
-110
457
-149
105
-308
-7
365
193
78
-213
-157
-289
-1
173
88
34
60
-186
144
182
93
-5
-155
162
-135
217
-151
-72
65
155
184
-179
180
-155
-50
-275
1
75
-152
46
-402
67
-18
122
-88
53
-65
-296
-104
-381
67
-37
123
24
23
59
7
-5
97
-58
14
-303
-421
40
145
235
166
18
-295
40
50
-243
318
79
-240
28
-196
210
130
41
-306
-313
242
-44
194
-219
-314
47
-523
739
-26
480
31
-308
280
-314
451
-515
473
-232
-131
162
-699
342
-201
84
-375
9
-65
-104
413
-257
-329
-48
-149
-27
297
-129
-203
-401
-116
-284
454
351
-395
3
-169
192
14
-88
-158
-184
280
-112
265
121
-138
20
15
521
63
139
-10
-271
299
-90
46
-158
166
150
-133
182
-289
89
105
-166
127
-137
213
-189
458
179
-68
232
-501
296
228
579
-301
-129
-286
-657
893
-62
334
-209
127
-187
360
501
-510
130
-310
-304
23
296
116
-287
-8
-291
443
377
-67
-110
-533
-170
69
373
370
146
-320
111
360
494
247
95
-295
-268
-35
-156
283
16
-203
-271
-15
421
211
-69
-140
-2
492
80
225
-413
-445
-658
-123
343
-77
412
-161
178
303
647
95
-53
341
-71
283
10
-224
-316
-125
134
8
370
-32
54
-204
588
304
237
-26
-604
-103
-366
302
-379
50
-680
-202
523
50
543
267
197
-535
368
569
-400
153
-233
-102
-34
749
-833
-361
345
-75
266
154
112
-509
24
-102
6
125
494
-14
-290
355
140
-278
-293
-239
-612
235
82
-952
-98
-560
243
543
645
403
298
403
-272
864
113
233
-396
-732
129
24
-119
-365
145
-696
-12
457
278
900
409
-89
-294
-106
93
25
-120
-704
-508
-556
-28
126
4
317
436
-229
738
433
60
378
-214
-173
-422
340
-671
-27
252
-252
479
505
808
189
477
138
18
276
-242
-658
-103
-119
-425
-269
-92
-247
-304
7
-478
-25
-142
-293
52
-108
260
-287
310
61
-36
102
-77
-133
-594
-130
-553
-150
484
119
200
-219
54
173
586
291
-46
340
-300
-373
0
118
-15
-436
-888
-756
-161
454
-169
-505
-187
-256
350
166
625
0
216
337
121
585
-82
-169
-257
88
-445
-321
8
339
828
360
137
-362
-191
67
162
22
-161
153
-633
-400
-66
-431
-75
-159
-253
-368
221
370
-81
-106
-579
-478
-32
320
481
261
529
181
130
-50
-212
-14
-584
-284
-674
-35
405
461
-436
-1160
-898
-714
349
168
-104
-443
-794
86
498
900
491
191
-401
-632
161
-105
209
22
-264
-30
542
550
661
342
222
274
310
583
270
256
-410
416
17
527
522
-209
-67
-133
-122
-867
-1187
-1122
-966
-169
-173
293
688
318
674
162
529
-58
205
-335
-736
218
-586
-209
-28
563
146
638
717
-55
744
27
-579
-432
-59
311
392
573
11
-194
-109
-315
-123
-760
-445
-1060
-1183
-112
-333
-282
51
216
332
471
658
31
818
362
-81
210
-432
146
-542
352
315
370
190
162
520
-157
506
-381
-511
333
-114
-205
-53
-11
-695
-13
271
-21
132
-675
-693
193
756
536
-256
-171
-277
7
318
92
-243
-529
48
475
644
901
-200
-265
-319
187
466
140
272
-367
-54
-132
-235
-661
-638
195
121
1049
530
76
-215
-166
231
-44
374
-288
-772
-360
-56
-187
-329
175
-188
222
791
309
347
84
143
108
449
498
400
310
-153
149
-400
220
336
117
490
-230
-183
-423
-178
-562
-423
-359
-1106
-257
-360
90
133
235
434
-26
727
63
314
-192
-114
-172
-65
499
-149
552
510
918
879
324
428
-63
-36
-478
-247
-281
-125
62
-607
-162
-221
-372
20
371
-174
37
-178
-858
-601
86
-229
-115
519
-537
43
306
644
347
299
221
-354
410
266
581
11
-7
-296
-441
444
401
346
-149
179
117
-10
492
-168
105
-201
-488
-598
-321
62
-203
12
-37
279
187
212
-243
-270
134
-132
-110
-173
4
-550
13
-38
47
904
642
664
344
706
84
-29
2
-145
348
100
161
135
433
374
313
340
-73
-50
-283
-26
33
159
-106
-97
328
83
343
-219
-149
-412
-604
-292
-337
-62
-360
-148
53
-38
50
-307
202
372
495
253
-527
-115
-598
-406
-366
-449
-574
-790
-351
-212
412
262
179
-191
-95
600
306
212
-59
-136
-140
11
315
61
-53
-186
-267
-22
210
190
-301
-393
-301
-343
66
17
-173
-357
-287
49
196
256
-156
-62
-241
-132
171
9
-90
-451
-500
-380
2
-107
-51
-34
-20
242
-30
33
-20
151
-8
379
259
-133
84
-188
61
-239
-384
-911
-862
-604
-330
247
160
150
61
248
276
185
29
-430
-480
-616
-635
-238
-368
-219
-160
64
261
329
376
178
601
507
559
384
140
451
142
386
-223
-310
-377
-190
-158
-447
-217
-737
-229
168
613
757
421
-115
-329
-126
16
-276
-414
-709
-797
-686
-449
-124
-246
265
143
464
606
342
197
59
24
-420
-97
-79
-90
355
-82
22
-377
-222
14
369
524
98
1
-390
109
1
116
-125
-670
-536
-418
3
89
438
49
7
161
-124
290
422
357
75
241
60
19
292
21
138
-124
-303
-259
-81
-3
-156
-187
-175
41
228
180
467
489
374
305
139
200
57
-73
-184
-301
-456
-606
-683
-446
21
378
396
687
844
711
843
620
720
401
347
-47
-216
-111
-469
-93
-227
241
88
91
121
-110
293
-208
-179
-397
-532
-325
-390
-35
-241
37
-43
-11
164
-77
128
-184
-39
-228
-252
-181
-575
-425
-623
-472
-505
-632
-678
-929
-762
-1072
-905
-1105
-1164
-1264
-1576
-1264
-1485
-1329
-1475
-1386
-1364
-1323
-819
-856
-474
-646
-635
-406
-372
161
83
387
412
619
825
1172
1641
1493
1852
1805
1904
2037
1696
1845
1790
2410
2519
2946
3116
3016
3414
3218
3874
3763
4172
3762
3645
3750
3360
3719
3159
3529
3220
3315
3428
2971
3480
2786
3014
2667
2488
2731
2000
2138
1202
1397
796
500
144
-996
-1062
-2276
-2613
-3360
-4419
-5242
-6649
-7148
-8213
-8457
-8894
-9443
-9091
-9238
-8481
-8209
-7621
-7435
-7319
-6602
-6504
-5768
-5757
-5570
-5489
-5577
-4824
-4658
-3649
-3086
-2330
-1375
-708
516
920
1957
2252
2654
3233
3252
3588
3513
3585
3272
3058
2866
2413
2634
2626
2914
3186
3640
4195
4814
5416
5916
6338
6543
6823
6877
7030
6900
7146
6855
6909
6847
6270
6537
6166
6384
6361
6176
6422
5977
6791
6339
6732
6593
6233
6607
6002
6491
5290
3929
2640
168
-642
-2587
-4424
-7082
-9261
-9910
-11622
-10522
-11517
-11478
-11015
-10831
-8948
-8937
-7228
-8199
-8953
-9000
-10182
-9582
-10904
-10783
-12269
-12077
-10761
-10698
-8397
-7902
-5928
-4537
-2712
-535
-21
1854
1428
1829
1872
1422
1383
-170
-204
-1410
-1322
-922
-1202
-168
11
1411
2060
3279
4426
4559
5710
5735
6490
6715
6760
6685
6185
6722
6824
7216
7366
7127
7311
7546
8082
8600
8596
9159
8776
9486
9404
9827
9501
9442
8882
8307
8763
7606
8165
6758
6711
6251
6228
6383
5538
5707
3307
2099
295
-1915
-2384
-5501
-7775
-11393
-12429
-13754
-14084
-13495
-14618
-13594
-13495
-12252
-11149
-10437
-9739
-11183
-11301
-11318
-11445
-11119
-12618
-13187
-14082
-12610
-11162
-9937
-7894
-7167
-5112
-3489
-1069
515
1332
2115
1419
2190
2063
1956
1261
-68
-129
-752
360
222
401
1091
1617
3377
4219
5811
6230
6731
7615
7728
8678
8548
8405
7778
7343
7806
7587
7745
7363
7490
7641
8274
9121
9010
9717
9761
9871
10349
10742
10154
9890
9449
8337
8790
8120
7886
6910
6100
5711
5184
5975
5194
5172
3032
1067
-576
-3369
-3885
-7379
-10441
-13705
-15798
-16225
-16877
-16017
-17059
-16460
-15331
-14249
-11647
-10817
-9682
-10760
-11091
-10478
-10658
-9691
-11067
-11663
-12539
-11671
-10041
-9335
-7272
-6723
-4575
-2250
0
2198
2882
4058
3671
4449
4853
4328
3868
2012
1537
840
1273
1197
537
1090
1221
2604
3783
4813
5917
6326
7562
7782
8558
8683
8024
7814
7119
7618
7278
7073
6697
6380
6906
7416
8159
8414
8858
9092
9676
9878
10465
9868
9926
9047
8676
8788
7827
8344
6782
6911
5804
6599
5920
6043
5509
3517
2387
-533
-1999
-4348
-6485
-9776
-13308
-15607
-16846
-17056
-17045
-16754
-16614
-15723
-13826
-12375
-10297
-9529
-9799
-10303
-10296
-9939
-9665
-10070
-11176
-11734
-11153
-9705
-8289
-6982
-6075
-4458
-2820
-157
1437
2626
3216
3206
3742
4104
4393
3529
2479
1249
553
428
415
61
103
438
1548
2567
3860
4546
4973
5928
6513
7238
7581
7635
7179
7147
7232
7458
7470
7345
7310
7242
8080
8441
8942
9293
9562
10090
10440
11110
10629
10768
10551
10038
10259
9511
9404
8174
8118
6834
6881
6415
5649
4918
2203
794
-2197
-3736
-6032
-8632
-12161
-14453
-16456
-17291
-17085
-17387
-17009
-16323
-15175
-13051
-11183
-9719
-9313
-10041
-9884
-9433
-8822
-8807
-9743
-10673
-10429
-9446
-7968
-6985
-6090
-5320
-3721
-1871
190
1491
2140
2418
2625
3308
3386
3137
1738
724
-12
-147
-296
-720
-1190
-1136
-476
703
1946
2867
3936
4610
5659
6378
6859
6656
6535
6191
6430
6873
6790
6807
6487
6828
7197
7987
8571
8742
9372
9715
10410
11096
11564
11610
11374
11593
11503
11497
11751
10517
9950
9694
9275
9123
8608
6819
3740
2292
-541
-2257
-4167
-8027
-11788
-14792
-16356
-16980
-16756
-17121
-17254
-16605
-14714
-12241
-10641
-9372
-9460
-10132
-9254
-8700
-8329
-8665
-9803
-10920
-10152
-8640
-7276
-6197
-5747
-4899
-3311
-1211
129
969
734
698
698
1234
1269
513
-584
-1514
-1759
-1760
-1590
-2256
-2599
-2349
-1667
-546
147
528
843
1375
2626
3608
4379
4557
4651
5103
5760
6480
6555
6336
6346
6605
7402
7801
8142
8094
8406
9267
10075
10842
11456
11299
11815
12320
12834
13466
13024
12908
11407
11579
10454
10297
9831
8266
6804
4062
2058
-475
-2329
-4535
-8009
-11230
-13884
-14858
-15526
-15321
-15966
-16408
-15112
-13698
-11460
-9879
-8928
-9199
-9319
-8912
-8127
-7506
-7677
-8582
-9077
-8123
-6245
-4855
-3931
-3429
-2894
-1398
-162
642
298
-205
-1025
-1530
-1305
-1571
-2128
-2938
-3317
-3001
-2370
-1534
-1858
-2113
-1806
-1525
-848
-719
-836
-1075
-762
-156
402
1043
1426
1975
3026
4548
6028
6785
7391
7683
8106
8695
9164
8957
8564
8679
9019
9646
10435
10493
10820
11509
12117
13314
13398
14149
13528
13403
13065
12590
12114
11258
10397
8427
7190
3836
1863
-555
-2959
-5125
-8812
-12046
-14071
-14784
-14981
-14566
-14970
-14831
-13608
-12389
-10300
-9009
-8557
-8651
-9030
-8479
-7753
-7501
-7930
-8711
-8910
-7236
-5439
-4025
-3311
-2817
-1964
-486
675
561
265
-959
-2118
-2510
-3547
-4215
-4989
-6113
-6477
-5561
-4805
-3718
-3028
-2725
-1654
-853
-75
-392
-1095
-1260
-1596
-1496
-1049
-1029
-780
249
1717
3223
5419
7047
8271
9543
10846
11564
11878
11787
11287
11008
10955
11034
10532
10524
10458
11068
11351
12408
12881
12776
14079
13508
13927
13933
13688
13012
12497
10962
8208
5099
1789
-791
-3799
-6227
-10800
-14237
-15794
-16022
-15755
-14741
-14516
-13743
-11729
-9598
-7498
-6701
-6595
-7707
-8594
-8186
-7823
-8267
-9273
-10443
-10487
-8455
-5834
-4591
-3169
-2376
-529
1326
2585
2533
1051
-580
-2232
-3212
-5025
-6463
-8365
-9813
-9761
-8516
-7384
-6161
-5395
-4216
-2204
-417
753
358
-578
-1246
-1862
-2177
-2439
-3260
-3606
-2521
-817
1343
3617
5470
7152
9210
11620
13059
13982
13806
13368
13115
12870
12744
11535
11308
10160
10898
11461
11820
12841
12667
14234
13711
15729
14823
15246
15323
14039
13338
10983
7540
3403
1479
-3115
-4869
-9140
-13206
-14875
-15995
-15213
-14623
-14297
-13531
-11907
-10006
-7503
-6490
-6899
-7370
-8818
-9266
-8502
-9261
-10001
-11231
-11459
-10057
-7566
-6082
-4563
-4092
-1895
-394
1257
1407
188
-1003
-3458
-3895
-6544
-7390
-9365
-11152
-11683
-10620
-9567
-8216
-6544
-5839
-3741
-1818
-410
-132
-686
-770
-1512
-1801
-1649
-2627
-2833
-2083
-605
1045
3997
5904
7753
10156
12453
14599
15793
16613
15933
15738
15498
15401
14443
14023
12626
12396
11915
12492
13223
12780
14572
13657
15078
15150
16316
15805
15876
13994
10857
7649
3643
983
-3636
-6861
-12728
-16302
-17945
-17796
-17509
-16418
-15952
-14883
-11917
-9019
-6717
-5723
-6080
-7298
-8147
-8047
-8128
-9576
-11264
-12927
-12771
-11091
-8268
-7477
-6316
-4694
-2100
706
2955
2339
1271
-651
-1850
-3377
-5662
-8214
-11544
-13415
-13921
-12863
-12235
-10344
-9538
-7270
-3798
-926
992
1491
1290
1123
1321
895
-52
-1892
-2648
-1994
-658
1339
3261
4670
7345
10403
13757
16278
17671
18252
18478
18727
19073
17918
16732
14442
13136
12356
11641
12411
10986
12104
11938
13194
14317
15418
16074
16566
16485
13963
12406
7053
4367
81
-4692
-8922
-14760
-18489
-20112
-19843
-20186
-17942
-17568
-15034
-11204
-8429
-5479
-4860
-5070
-5676
-6586
-6924
-7420
-9929
-11850
-13276
-13469
-11600
-9823
-8749
-7504
-4950
-2065
1640
3253
4146
3230
1525
1062
-2109
-4288
-7855
-11757
-14733
-15617
-15897
-15024
-13306
-11898
-8796
-4989
-502
2076
4051
5167
5177
5117
4569
3033
551
-945
-1662
-1943
-753
926
2724
5637
9392
12852
16284
18697
20447
21243
22071
22228
20979
19456
16658
14783
12153
11225
9568
8348
8984
8768
9886
11447
12733
14055
16564
16829
16023
14614
9288
6299
1783
-3200
-7961
-15014
-20362
-22564
-23455
-23257
-20881
-21219
-17869
-13488
-9548
-4852
-3336
-2798
-3367
-4204
-4229
-4773
-7714
-10707
-13295
-14803
-13090
-11476
-11099
-9292
-7537
-3385
1269
4324
5260
4858
4419
3460
2123
-769
-5254
-10573
-13250
-15185
-15735
-15360
-14678
-14040
-10600
-5475
-1414
2224
4212
5342
6045
7166
6751
4491
1691
-443
-1605
-1598
-797
-466
581
3370
7295
11570
15192
17528
19143
20694
21663
22116
20761
19031
16048
13848
12327
10150
8609
7376
7375
7263
10134
9934
12278
14060
15475
16857
15613
13952
8909
6115
1020
-3739
-9326
-16243
-21832
-24506
-24616
-24464
-22464
-21745
-18660
-13860
-8542
-4273
-2374
-1500
-1787
-2174
-2068
-3180
-6443
-9819
-12045
-13487
-12038
-10833
-10436
-8927
-6547
-2373
2310
4971
6239
5286
5098
4442
1957
-236
-5938
-11035
-13709
-15691
-16930
-16557
-16367
-15067
-11264
-6348
-1682
1098
3741
4963
5750
7060
6503
4178
1815
-131
-1170
-908
-144
-14
1057
3827
7476
11566
14737
17454
18550
20411
21694
21645
21068
18575
16678
14078
12627
10915
9284
8099
7470
8051
9151
10537
12445
14031
15622
16018
14978
12168
8255
5236
-320
-5146
-11158
-18316
-22472
-23834
-25384
-24245
-22849
-21649
-17006
-12381
-7461
-3776
-2201
-1195
-1114
-1108
-809
-3104
-6456
-9149
-11932
-12410
-11079
-11155
-10540
-8844
-5934
-1290
2616
5132
5793
4932
5637
4181
1524
-1397
-7593
-12083
-14719
-16722
-17580
-17644
-17583
-15443
-11547
-6138
-1648
1046
4075
5084
6316
7656
6437
3946
1548
-422
-1269
-1259
-713
-536
592
4212
8303
11692
15351
17431
19047
21176
22322
22265
21152
18863
16506
14163
12030
10636
8840
7464
7284
8372
8662
12088
12962
14935
16382
15531
14446
10267
8328
2669
-2279
-8253
-15767
-21166
-23445
-25215
-25777
-24405
-23870
-19586
-14426
-8752
-4320
-2025
173
679
1471
1738
96
-3403
-6826
-9485
-11222
-10533
-10806
-11232
-9976
-7242
-2821
1246
4351
4892
5135
6739
5368
4104
576
-5948
-9811
-13153
-16025
-17469
-18803
-19737
-17266
-13836
-8911
-4804
-1817
1890
3291
6164
7878
6823
4888
2643
770
130
249
-615
-1088
127
2797
6689
10125
13001
15415
17631
20258
21969
21693
21153
18782
17285
16009
13416
12585
8954
8685
7886
8176
9903
10406
12122
13794
14502
15003
14217
9482
8172
2859
-1767
-6094
-14474
-19501
-22395
-25004
-24738
-24073
-23890
-20093
-15613
-10475
-5068
-2490
-380
956
1096
2458
1395
-2000
-4697
-8112
-9787
-9024
-9866
-9797
-9309
-7403
-3605
697
3272
4923
5202
5372
6096
3596
1181
-4485
-8816
-12354
-14977
-16965
-18432
-19411
-18126
-14675
-10779
-5865
-2805
327
2923
5337
7147
7262
5572
3615
1865
1231
932
93
-200
341
2275
6025
8981
11892
14369
16214
19600
20964
22327
21401
19957
18397
16947
15095
13316
11383
8925
8990
8520
9330
10689
11553
12972
13479
14088
12642
9791
7617
2967
-1501
-6612
-13607
-18609
-21208
-24440
-24512
-24861
-23854
-20572
-16288
-11017
-6743
-3518
-1121
667
1660
3097
1579
-1004
-3420
-6547
-7825
-8132
-9186
-9424
-9118
-6974
-3841
-903
1438
2629
4219
4406
5263
3516
67
-3301
-7434
-10497
-12888
-15802
-17529
-18206
-17450
-14777
-11623
-8075
-4937
-1578
1748
4403
6103
6600
5705
4656
3897
3328
2431
1411
1023
1572
3211
5703
7718
10034
12492
14965
17544
18897
20073
19854
19352
18844
17862
15789
14530
12525
10647
10622
9312
9925
9956
10878
11763
11282
11522
9213
7451
5482
1258
-2884
-7644
-14059
-17379
-19758
-22479
-22470
-24060
-22559
-19718
-16117
-11251
-8293
-5818
-3396
-1510
85
1466
-4
-1787
-3686
-5433
-5690
-6168
-7344
-7464
-7477
-5750
-2986
-1127
997
1383
1995
2712
2595
1207
-762
-4267
-7289
-8954
-11428
-12831
-14471
-15069
-14600
-13053
-10095
-7893
-5538
-3100
-765
1469
3160
3791
3853
4123
4122
4333
4409
4508
4744
5170
6860
8395
9985
11410
13008
14703
16740
17816
18490
18353
17673
18609
16793
17378
15905
14342
13633
12085
12839
12168
12544
10781
9609
8659
6314
5268
2132
-1775
-5659
-10348
-14420
-16107
-18877
-20613
-21599
-22488
-20118
-17808
-14792
-11840
-9859
-7221
-4907
-3011
-1387
-1151
-2107
-2591
-3677
-3832
-4075
-4781
-4971
-4686
-3449
-2073
-703
434
865
2002
2015
1938
1042
-1455
-3351
-5834
-8186
-10372
-12358
-13734
-14280
-13582
-12738
-11274
-9657
-7574
-5013
-3234
-868
277
640
1636
1752
2563
2948
3008
3439
4117
5713
7299
8709
9865
11556
12868
14667
15669
16572
16989
16872
17406
16824
17267
16324
15658
15354
15256
13732
14290
13953
12654
14866
11702
11305
8962
4850
4103
192
-3434
-6646
-12842
-16051
-16808
-19872
-19277
-20219
-21262
-18127
-15684
-12551
-9632
-8505
-6862
-5131
-3807
-1924
-2080
-4272
-4439
-5628
-5356
-4085
-4673
-4646
-3686
-2451
-281
1952
1836
2773
2207
2454
2325
167
-1810
-4947
-7194
-8525
-10755
-11898
-12578
-13559
-11787
-10890
-8972
-6873
-5661
-3568
-2329
-649
194
125
58
153
463
1132
1964
2358
3707
5619
7599
10236
11967
13533
14870
15870
17072
17567
17314
17108
16149
15881
15543
15613
14920
14870
15126
14418
15909
15685
15916
14396
13341
10329
6981
5638
288
-3642
-7979
-14025
-17361
-18781
-21263
-21281
-21882
-21557
-18814
-16026
-12025
-9489
-8163
-6234
-5044
-4089
-2492
-3549
-5594
-6098
-7505
-6969
-5631
-5826
-5172
-3883
-1266
2430
4193
6067
5405
5333
6962
4628
3666
-238
-5403
-7841
-9330
-11555
-13085
-15030
-15415
-13636
-10639
-6829
-6188
-4078
-1779
-622
1708
2197
787
-978
-1892
-2069
-1811
-1262
-1225
-896
1526
5630
8935
11760
13729
15253
17403
19757
20243
19531
17948
16211
15936
14480
14050
12634
11133
12141
12547
13983
15263
15326
16136
15367
15032
12115
8773
5900
-421
-4332
-9705
-15878
-18915
-21597
-23857
-22899
-23011
-20740
-17921
-14668
-10050
-7534
-5051
-3596
-2996
-2967
-2286
-4069
-6389
-7937
-10020
-9712
-9066
-8735
-7005
-5236
-2036
1521
4087
6373
7303
7899
7874
6295
3776
709
-3524
-6654
-9246
-12111
-13796
-14634
-14527
-12933
-10470
-7917
-5391
-2905
-361
1508
2541
2944
1880
197
-730
-1810
-2766
-2807
-3042
-1903
379
3195
6785
9349
12656
15645
17495
19792
20136
19954
19343
17749
16839
14858
13763
12376
11906
11879
11627
12926
13381
14438
15701
14635
14364
11791
7877
6395
535
-3731
-8733
-16073
-18443
-21164
-23273
-22677
-23609
-22300
-18794
-15221
-10753
-7660
-6179
-4332
-3354
-2334
-1686
-3846
-6042
-8084
-9257
-9246
-8637
-8864
-7848
-6133
-3024
749
3691
5723
6817
7793
8230
7661
5010
2058
-2165
-5335
-8056
-10347
-13064
-14578
-14516
-13553
-10794
-8225
-6111
-4135
-1494
830
2280
2494
1718
-226
-1063
-1704
-2706
-3313
-4104
-3141
-1382
1536
4970
7420
10445
14031
16503
19204
20405
20051
20053
18819
17997
16527
14289
12899
11579
11269
11558
11660
12637
12979
14504
14616
14441
12628
8746
7313
2263
-1245
-5680
-13202
-17003
-19845
-22301
-22052
-22856
-22618
-19821
-16517
-11539
-8164
-5953
-3878
-3024
-1645
-505
-1635
-4105
-6331
-8608
-9321
-8460
-8972
-8631
-7518
-5373
-1687
2228
4116
5873
6732
7371
7875
6606
4151
174
-2924
-6025
-8304
-10535
-12551
-13783
-13251
-11607
-9156
-7179
-4877
-2677
-771
1545
2228
2046
1242
18
-834
-1305
-2046
-2540
-2385
-1372
917
4116
6618
9304
12100
14711
17300
18943
19742
19495
18606
18332
16614
16060
14663
12933
12612
11886
12589
12980
13981
13817
13146
13258
9930
8701
6112
479
-2476
-8555
-14099
-15968
-19758
-21457
-22208
-23632
-21133
-18845
-15101
-11180
-9202
-6331
-3885
-2592
-827
-227
-2478
-3870
-5559
-6952
-6792
-7394
-8248
-7680
-6451
-3352
-43
2447
4122
5588
5728
7690
7436
4265
3241
-2334
-5484
-6235
-9936
-11598
-12994
-14537
-12573
-10656
-7935
-5905
-5108
-1976
-561
678
2182
934
-533
-1014
-1615
-2283
-2401
-2503
-2413
-709
2225
5312
7602
10041
12484
14665
17241
18898
18785
18786
17837
17772
16453
16030
14645
13057
13497
12878
13973
13975
14407
13697
13883
12511
9758
8258
4561
-25
-3613
-9508
-14205
-15824
-19870
-20847
-21495
-22404
-19309
-17306
-13652
-10082
-8378
-5491
-3718
-2375
-791
-1183
-3231
-4320
-6244
-7103
-6815
-7778
-8221
-7128
-5738
-2671
29
1589
3614
4552
6184
6686
5671
3678
1452
-1764
-3782
-6060
-9242
-10850
-12468
-12161
-11091
-9766
-8054
-6434
-4510
-1875
-259
628
1167
191
55
-250
-1057
-1505
-2611
-2446
-1575
-92
2028
3669
5919
8335
11226
13453
15665
16586
17791
17858
18267
18420
17221
17429
15953
15908
15549
15092
14831
15296
14814
14445
13832
10973
8684
6880
2475
-780
-4931
-11308
-13889
-16500
-19141
-19183
-21165
-20967
-18810
-16889
-12796
-10923
-9282
-7324
-6350
-4638
-2933
-3862
-5366
-6473
-7880
-7451
-6706
-7563
-7147
-6204
-4420
-686
1192
2735
4226
4479
6334
6586
4943
3127
-417
-3063
-4679
-7373
-9539
-11262
-12867
-11630
-10277
-8560
-6488
-5612
-3575
-1486
-28
1144
479
-1010
-1470
-2017
-2400
-2703
-3829
-3680
-2155
-89
2708
4976
7022
9648
12196
14833
16710
17500
17623
17630
17414
17343
16484
15696
15233
13960
15053
14932
14850
15678
15334
14587
14876
12651
9299
8239
3340
-187
-3557
-10373
-13618
-16333
-19275
-19263
-20518
-20720
-18110
-16674
-12643
-9558
-8658
-5739
-5170
-4022
-2501
-3485
-4935
-6252
-7826
-8060
-7503
-7820
-7307
-6272
-4495
-1186
1512
2873
4816
5004
6503
6993
5371
3792
572
-1964
-3952
-6435
-8802
-10589
-12300
-11535
-10678
-9017
-6973
-6309
-4288
-2404
-924
206
-272
-1567
-2601
-3148
-3578
-3869
-5130
-4985
-3933
-2150
961
2664
5053
7514
10114
12647
14802
15642
16251
16395
15947
16630
15964
15343
15116
14912
14639
16004
15784
15840
16828
16564
16160
15981
13048
9130
7915
2749
-399
-3925
-10967
-13799
-15587
-18415
-17828
-19113
-19401
-16599
-14923
-10909
-8789
-7717
-6034
-5665
-5093
-3999
-4383
-6901
-7536
-9054
-9442
-7309
-7850
-6952
-5620
-4287
-452
1740
3106
4939
4509
5833
6016
4054
2791
-385
-3014
-5121
-7214
-9196
-10243
-11213
-11246
-10074
-8673
-6765
-5188
-3910
-2210
-914
-584
-181
-1639
-2372
-2826
-3718
-3692
-4229
-3804
-2586
-738
1936
4430
6680
9511
11871
13886
15730
16421
17381
16803
16914
16610
15644
16020
15238
14946
15451
15165
15799
16240
16191
17033
15103
15312
11508
8797
7403
1332
-761
-5938
-12275
-13321
-16656
-18037
-17537
-19396
-17309
-15444
-12585
-9302
-7598
-5869
-5043
-4335
-4247
-3553
-4700
-7152
-7433
-9716
-8862
-7524
-8388
-6502
-5696
-3335
531
2202
3970
4898
4299
5460
4676
2711
591
-3296
-6326
-8187
-10184
-11822
-12591
-13813
-12529
-10752
-8488
-5687
-4885
-3318
-1886
-1143
51
-787
-2693
-3917
-5214
-5185
-5088
-5159
-4469
-3145
-352
3132
6219
8741
11499
13499
15516
17757
17670
18047
17115
16536
16364
15709
15093
14620
13825
14553
15832
15353
17396
16992
17039
17031
16345
13014
10454
7623
2181
-724
-5550
-11594
-14172
-16690
-18565
-18021
-18741
-17345
-15186
-12861
-8724
-7116
-5314
-4199
-4700
-4210
-4081
-5114
-7305
-8450
-10216
-10147
-8631
-8505
-7018
-5697
-3523
108
2478
4250
5660
5403
5759
5132
3304
501
-2748
-5738
-8891
-10373
-11945
-13449
-13793
-12760
-11366
-8761
-5969
-4764
-3226
-1445
-437
-119
-408
-1908
-3823
-4618
-4958
-5446
-5432
-4679
-3667
-1056
2018
5061
8009
10364
13096
15018
16554
17729
17360
17064
16517
16201
15569
14795
14106
13672
13853
14070
15029
15240
15526
16857
16440
15438
15276
10408
8551
5906
196
-2091
-8225
-13045
-14738
-17297
-17713
-17716
-18039
-16165
-13864
-10945
-7731
-6322
-5593
-4798
-4523
-4542
-4192
-6456
-8645
-9138
-10608
-8941
-8270
-8413
-6575
-5447
-2046
1741
3334
5487
5727
5524
6127
4151
2224
-1494
-5340
-8635
-11101
-12952
-14849
-15886
-15900
-14420
-11798
-8624
-6346
-4228
-2442
-524
376
633
-356
-2424
-4008
-5007
-5628
-6160
-5904
-5135
-3397
37
3595
6851
10259
13005
15916
18447
19992
20366
19807
18747
18170
16925
15836
14473
12741
12985
12180
13596
14066
14267
15334
15812
17062
16914
15918
13032
9042
6944
2674
-1542
-5574
-12664
-15358
-17215
-19090
-17568
-18640
-17379
-14897
-12329
-7949
-6115
-4368
-4234
-4193
-3759
-3734
-4456
-7288
-8855
-10059
-10275
-8225
-8379
-7505
-5704
-3967
313
2407
4106
5276
4382
4906
4004
1631
-862
-4719
-8466
-10733
-12654
-14047
-14628
-15514
-14812
-12484
-10253
-7274
-5413
-4427
-2538
-1773
-922
-920
-2440
-3336
-4273
-4752
-4293
-3796
-3131
-1351
711
3709
7168
9867
12403
14236
15838
17842
18273
18486
17980
16840
16901
15680
15407
14375
13510
13920
13604
14229
14788
14520
15115
14898
15292
14598
12991
10721
6229
4958
826
-2293
-5394
-11485
-13085
-14518
-15742
-14371
-15410
-14419
-12496
-11000
-7601
-6578
-5093
-5105
-5515
-4792
-5014
-4731
-6657
-7793
-8524
-8712
-6440
-6682
-5710
-4540
-3742
-467
929
2105
2855
1870
2025
265
-577
-2441
-6080
-8196
-11847
-13254
-13565
-14246
-14454
-14446
-12894
-10755
-8227
-5699
-4857
-3502
-2463
-1919
-1339
-1763
-1895
-3077
-3459
-2675
-2349
-617
675
2072
4654
7747
10771
13169
14708
16067
17514
18536
19201
18470
17662
16641
15767
15207
14463
13382
12910
12071
12188
12957
12911
13387
13198
13323
13105
12515
11047
6762
5051
1860
-2266
-3903
-9885
-13561
-14486
-16341
-15733
-15095
-14881
-12841
-11018
-7759
-5578
-3982
-3119
-3297
-3372
-3381
-2764
-4863
-6342
-7219
-8976
-7243
-6860
-6745
-5351
-5113
-2802
-709
469
1924
1117
690
-248
-1771
-3069
-5580
-8435
-11532
-13869
-15152
-15322
-15220
-15418
-14163
-12610
-10031
-6770
-4939
-3024
-1918
-1297
-346
-100
-183
-862
-1832
-2062
-1586
-110
1424
2855
4888
7351
10592
13478
15648
17158
17976
19178
19527
19297
18565
16924
15502
14343
12961
12579
11192
10463
10539
10290
11481
12158
12275
12239
12935
11842
11106
9382
4759
2756
-464
-4579
-6449
-11399
-14360
-14679
-16070
-14735
-13683
-13153
-10495
-8885
-6179
-3805
-2690
-2431
-2892
-3625
-4368
-4376
-6759
-8607
-9766
-11363
-9913
-9365
-8936
-7064
-6395
-4168
-1504
-480
1199
1119
-140
-851
-2120
-4118
-6038
-8879
-12093
-13545
-14317
-14575
-14131
-13671
-12308
-10038
-7105
-4131
-2176
-456
620
1253
1736
1987
1638
513
-115
-536
-135
1296
2495
4037
6094
8667
11736
14407
16416
18047
18778
19439
19317
18625
17532
15387
14181
11765
10771
9898
8522
8407
7931
8790
9656
10683
10997
11186
11518
11331
10348
8585
5650
1954
-225
-3868
-6280
-9010
-11884
-13463
-13556
-12640
-11572
-9524
-8703
-7008
-5325
-3506
-2261
-2687
-3783
-5610
-6997
-7995
-9212
-11205
-12850
-13648
-13655
-12134
-10496
-8988
-7574
-5877
-4056
-1619
-184
296
-246
-1629
-3052
-4291
-6392
-8444
-10415
-12939
-13297
-13931
-13276
-12020
-10618
-8545
-6218
-3600
-1073
998
2173
2932
3003
3112
2876
2202
1328
995
767
1427
3108
4576
7008
9218
11675
14208
16488
18294
19048
19164
18512
17933
16484
14934
12882
10815
9467
8644
7992
7805
7610
7922
8969
9332
10753
10501
10970
10945
10331
9476
7470
5610
1903
161
-2106
-4813
-5851
-8721
-10641
-9903
-9689
-8569
-7039
-7179
-5957
-5356
-4604
-4088
-5111
-6575
-8767
-10658
-12086
-12424
-13808
-14778
-14555
-14583
-12126
-9761
-7959
-5818
-4622
-3101
-1495
-892
-643
-1326
-2937
-4199
-5644
-6738
-7917
-9139
-10145
-10600
-10092
-9115
-7827
-7133
-5208
-3860
-2297
-130
680
1445
1978
1958
2103
2270
2259
2199
1987
2824
3698
5278
6911
8312
9838
11363
13304
14476
15035
15332
14447
14033
13333
12435
11496
10244
9053
8059
8086
7715
8084
7905
7191
7935
7808
8365
9075
7919
7748
7700
6953
8101
6987
5712
4618
1573
2036
72
-1067
-2776
-6084
-7364
-7843
-8182
-8331
-8619
-9862
-10213
-9827
-9466
-9276
-9487
-11185
-11990
-12375
-12271
-11399
-12299
-12179
-12199
-11910
-9582
-8506
-7214
-6295
-5917
-4670
-3349
-1999
-1304
-1654
-1956
-2548
-2223
-2154
-2500
-3432
-5347
-5415
-5880
-4880
-4275
-4512
-4024
-3515
-1742
157
1640
2567
2754
3196
4364
5116
5691
5305
4517
4380
4625
5864
6325
6526
6819
7169
8648
10323
11285
11449
11302
11043
11248
11529
10964
9689
8104
6667
6483
6182
5876
5450
4329
4744
5367
6626
7738
8188
8546
8531
9460
9872
10243
8830
7506
4234
2204
663
-2437
-4192
-7599
-11003
-12241
-12295
-12514
-11440
-11837
-11897
-10984
-10310
-8704
-8559
-9377
-10815
-12573
-13293
-12952
-13578
-14770
-15097
-15771
-14216
-11707
-9648
-7305
-5786
-4180
-1899
280
2066
3236
2615
1789
884
-95
-524
-1371
-2934
-4108
-4577
-4319
-2817
-1552
-209
762
1840
3142
4707
5759
6052
5460
4291
3870
3489
3349
3035
2410
2015
2444
3306
4613
5717
6533
7147
7805
8729
9404
9708
9285
8433
7722
7282
7045
6686
5875
5351
5072
5480
6513
6846
8116
7958
8569
9159
9081
10183
9043
8737
7527
6386
6088
5677
3731
2928
255
-1618
-2098
-4111
-4872
-7129
-9600
-11435
-11809
-12387
-12014
-12354
-13768
-13695
-14111
-13561
-12603
-13342
-13891
-14941
-15387
-14200
-13580
-12979
-12237
-11883
-10239
-7739
-5218
-2630
-873
223
1559
3026
4147
5127
4809
3904
3203
2304
2504
1970
1572
1251
212
450
1018
1235
1992
2172
1556
1576
1905
2575
2537
2580
2041
1651
2039
2756
3126
3335
3711
3500
3670
4520
4977
5332
5193
4824
5187
5498
6381
6483
6087
6261
6355
6736
7168
7283
7016
6801
6323
6465
6421
6460
5998
5309
4545
4437
4635
4210
4430
3685
3380
3485
3849
4099
3797
3151
1665
-634
-1601
-3749
-5821
-7596
-11111
-13568
-14798
-15650
-15580
-15370
-15281
-14947
-14290
-13018
-11603
-10364
-9883
-9823
-10238
-9531
-8352
-7700
-6802
-6312
-5706
-3966
-2040
-49
1876
2905
3871
4768
5797
6788
7377
6741
6146
5033
4507
4527
4015
3155
2140
1490
919
1487
1423
1249
1205
1128
901
1605
2331
2666
2585
2482
2556
2860
3715
3759
3401
3149
2953
2789
2767
2841
2543
2153
2117
2150
2680
3238
3806
3677
3940
4169
4520
5015
4899
4779
4190
4150
3744
4191
3685
4018
3610
3172
3511
3215
3659
3377
3084
2560
2780
2337
2692
2457
1979
778
-294
-2496
-3820
-5233
-7436
-8786
-11423
-12972
-13213
-13218
-12390
-11253
-10718
-9267
-8133
-6806
-5343
-4455
-4267
-4646
-5364
-5346
-4958
-4897
-4679
-4613
-4338
-3039
-1354
214
2177
3367
4414
5394
6156
6836
7543
7226
6622
5748
4685
4469
3659
2713
2251
1121
397
724
104
788
1133
671
1041
1320
1888
2369
2216
1756
1194
373
125
-632
-1331
-2018
-3006
-3558
-3428
-2874
-2326
-1605
-1128
-243
1051
2230
3579
3968
4333
4532
4422
4681
4490
4353
3782
3492
2914
3115
3113
3258
3316
2866
2884
2702
2835
2698
2873
2138
2311
1896
1958
2694
2513
2375
1858
586
-612
-1112
-2608
-3491
-4963
-7183
-7930
-8372
-7879
-7169
-6759
-6476
-5807
-5449
-4632
-3696
-3732
-4004
-5001
-5731
-5381
-4964
-4549
-4017
-3816
-3165
-1602
-247
1997
3449
4189
4978
5223
5868
6686
6847
6696
5906
4731
4144
3814
3300
2791
1991
831
175
-388
-750
-779
-1299
-2163
-2640
-3020
-2798
-2699
-3055
-3254
-3818
-3855
-3694
-3573
-3439
-3544
-3899
-3923
-3616
-2941
-2136
-1785
-1337
-958
-58
1008
2054
2753
3142
3432
3467
3736
3633
3757
2999
2888
2059
2364
2249
2588
2892
2886
3549
3555
4746
4258
5330
4559
4786
4933
4766
5131
5021
4603
4068
3708
1990
1296
-273
-2235
-3087
-5367
-6629
-7214
-7406
-7104
-6371
-5771
-4726
-3876
-3767
-3182
-3255
-3350
-3698
-4890
-5308
-5202
-4907
-4235
-3149
-2315
-523
1085
2615
4316
5246
5771
5940
5433
5260
4891
4261
3655
2787
2195
2158
1941
1789
1372
143
-785
-2270
-3025
-3890
-4949
-6074
-7078
-7310
-6800
-5874
-5027
-4246
-3995
-3584
-3482
-3243
-3403
-3914
-4672
-5457
-5546
-4848
-4036
-2853
-1953
-1000
496
2072
3535
4787
5417
5448
5427
5198
5457
5453
5480
4980
4810
4825
4969
5793
5465
5744
5050
4636
4703
4345
4274
3975
3373
3482
3928
3943
5501
5694
5900
5783
4865
4144
2635
1118
-1018
-2584
-4592
-6241
-6900
-6990
-5966
-5383
-4149
-3057
-2084
-1409
-1053
-1385
-1534
-2679
-4076
-4866
-5567
-5278
-4747
-3997
-2871
-1590
-34
1597
2974
3810
4079
3668
3120
2431
1936
1489
1055
399
208
4
-140
-312
-973
-1993
-3077
-4329
-5771
-6443
-7602
-8148
-8101
-7768
-6775
-5506
-4223
-3063
-2203
-1602
-1298
-1329
-1606
-1985
-2454
-2496
-2072
-1372
-68
1246
2776
4290
5605
6623
7100
7172
6777
6130
5256
4365
3513
3020
2768
2812
3080
3153
3841
4067
4464
4703
3906
3718
2717
2311
2042
1660
1492
1831
2062
3268
4533
5505
6828
6983
6809
6342
5165
2811
1153
-1494
-3162
-4522
-6176
-6580
-6169
-5629
-4560
-3479
-2697
-1617
-1868
-2283
-2700
-3594
-4303
-5192
-5959
-5536
-5213
-4249
-2796
-1577
-421
396
570
738
642
49
-441
-1352
-1999
-2134
-1840
-1296
-470
-27
445
671
-347
-986
-1928
-3275
-4241
-5854
-6847
-6565
-6075
-4720
-2883
-1254
763
1957
2971
3787
3868
3353
2121
700
-144
-744
-661
-393
311
1224
2077
3129
4026
4678
4713
4361
3438
2784
2202
1884
1762
1605
1746
2044
2572
2924
3201
3264
2913
2507
1824
1666
1467
1499
1393
1625
2622
3080
4498
4996
5456
6264
5849
5969
5793
4736
3609
2444
89
-1045
-2244
-3241
-2998
-3970
-4523
-4247
-3873
-3497
-2848
-3424
-3327
-4228
-5738
-6364
-6831
-7345
-7564
-8367
-8046
-6952
-5935
-4303
-2901
-2144
-1431
-1127
-937
-251
-134
-18
16
-106
330
1405
2406
3512
3940
3928
4017
3438
2872
2181
1189
-25
-1109
-2270
-1940
-1916
-1203
-404
-199
572
667
633
697
226
-591
-1505
-2572
-2972
-3057
-2779
-2157
-1668
-1003
-146
261
918
1029
853
582
218
12
266
493
984
1535
1972
2715
3142
3484
3641
3370
2807
2412
1664
1375
1409
1212
1618
1870
2374
3259
3930
4801
5629
5896
5972
6030
5479
5811
4865
3750
2592
743
-1101
-2337
-3631
-4205
-4857
-6516
-6736
-6476
-6073
-5136
-4939
-4649
-4311
-4932
-4995
-4645
-4638
-4799
-5025
-5242
-4198
-3369
-2362
-884
-113
610
1293
1797
2549
3330
3475
4110
4032
4099
4667
5151
5553
5439
4764
3979
2953
1450
455
-944
-2236
-3690
-4814
-4518
-4134
-3438
-2998
-2513
-1978
-1710
-1704
-1757
-2109
-3006
-3939
-4590
-4620
-4255
-3697
-3058
-2000
-836
269
1248
1664
1945
1770
1571
1365
1182
1452
1630
1997
2294
2780
3178
3369
3183
2846
2329
1321
478
-459
-589
-645
-415
-47
483
1287
1555
2597
2821
3288
3504
3204
3317
3467
3449
4122
4791
4523
4900
4272
3231
2931
1452
729
-26
-1828
-3094
-3243
-3359
-2677
-2384
-2474
-1655
-1904
-2154
-2004
-2291
-2781
-3556
-4579
-4321
-3546
-3460
-2553
-1775
-1199
20
422
964
1696
1383
1596
1702
1505
1721
1651
1671
1817
1767
1457
1269
251
-1073
-1858
-2984
-3779
-4653
-5600
-5598
-5355
-5129
-4269
-3385
-2787
-2331
-2237
-1748
-1263
-1277
-1338
-1425
-1248
-765
-247
468
1291
1739
1972
2214
2215
2024
1802
1181
818
591
351
557
423
328
359
183
-5
-411
-844
-1254
-1614
-1880
-1828
-1164
-522
324
1208
2228
3351
4312
5017
5702
6444
6631
7663
7856
8669
9458
9611
10550
10489
10107
9552
7739
5849
4303
1988
929
-765
-2540
-3321
-3487
-3101
-2533
-2431
-2825
-3202
-4330
-5586
-6310
-7309
-8337
-9052
-9581
-8187
-6651
-5395
-3783
-2618
-1394
-506
-189
117
366
-218
-620
-654
-304
508
1054
1405
1989
1951
1733
1363
397
-856
-2446
-4033
-5001
-5547
-5609
-5411
-4926
-4274
-3582
-2384
-1643
-1232
-1553
-1906
-2074
-2205
-2406
-2504
-2472
-2106
-1652
-892
185
830
969
785
688
669
498
17
-275
-368
-224
106
853
1548
2104
2448
2542
2916
3043
2956
2879
2627
2521
2935
3434
4384
5288
5725
6329
6990
7221
7570
7460
6929
7148
6991
7211
7680
7803
8102
8621
8251
7724
6607
4208
2399
146
-1751
-2700
-4235
-5612
-5753
-5814
-5064
-4569
-5203
-5605
-6388
-7510
-8322
-9048
-9771
-10084
-10293
-9640
-7777
-6180
-4966
-3802
-3325
-2538
-2159
-2210
-1691
-1376
-1044
-333
654
1983
3554
4260
4749
4814
4075
3040
1490
-259
-1864
-3396
-4619
-5016
-4855
-4249
-3319
-2591
-1901
-1338
-1368
-1530
-1920
-2578
-2966
-3382
-3469
-2783
-1932
-610
590
1760
2789
3481
3742
3638
3516
2891
2566
2280
2432
3021
3611
4269
4975
5479
5720
5637
5025
4216
2997
1655
604
-209
-660
-727
-621
-191
324
851
1273
1582
1578
1171
724
150
-133
-255
-122
266
829
1558
2469
3406
4242
4880
5077
4960
4538
3983
3226
2519
1660
847
170
-407
-923
-1417
-1915
-2570
-3220
-4031
-4968
-5904
-6893
-7682
-8163
-8421
-8309
-8031
-7539
-6810
-6092
-5334
-4829
-4471
-4303
-4056
-3701
-3260
-2536
-1778
-718
433
1580
2614
3468
3991
4176
4155
3878
3681
3400
3229
3193
3261
3395
3561
3673
3669
3595
3264
2863
2355
1850
1455
1163
973
1007
1121
1307
1574
1676
1617
1402
983
514
78
-368
-703
-1006
-1109
-1039
-801
-610
-585
-701
-1089
-1499
-2087
-2625
-3101
-3455
-3583
-3462
-3109
-2589
-2004
-1571
-1175
-1069
-1052
-1148
-1380
-1562
-1686
-1640
-1406
-980
-378
315
982
1528
1901
2068
2027
1809
1458
998
611
312
206
238
321
527
679
878
982
912
757
468
196
-19
-145
-208
-141
33
317
723
1121
1506
1782
1910
2024
2084
2125
2212
2358
2561
2839
3146
3429
3774
3959
3993
3847
3574
3173
2723
2236
1773
1322
913
595
330
159
-77
-252
-477
-658
-916
-1222
-1468
-1713
-1897
-2088
-2257
-2417
-2560
-2673
-2793
-2861
-2915
-3037
-3027
-3006
-2894
-2784
-2620
-2412
-2201
-1987
-1876
-1766
-1728
-1700
-1686
-1758
-1817
-1931
-1992
-1944
-1830
-1604
-1348
-1036
-729
-424
-122
111
270
340
389
401
319
227
135
32
-58
-191
-332
-413
-481
-494
-409
-286
-94
104
401
707
918
1103
1220
1301
1328
1271
1173
1091
1060
1114
1209
1450
1715
2111
2580
2996
3415
3650
3877
3936
3894
3753
3573
3316
2995
2764
2539
2499
2463
2507
2621
2682
2775
2805
2782
2714
2482
2146
1809
1411
947
443
-68
-524
-947
-1412
-1833
-2240
-2636
-3035
-3402
-3683
-3828
-3959
-4040
-4050
-4062
-3971
-3955
-3991
-4020
-4108
-4183
-4262
-4347
-4350
-4274
-4161
-3989
-3832
-3640
-3440
-3246
-3097
-2962
-2777
-2620
-2334
-2077
-1708
-1299
-898
-431
-43
338
680
966
1205
1455
1605
1758
1906
2142
2382
2610
2878
3065
3276
3324
3308
3184
3007
2713
2298
1912
1498
1196
972
815
780
804
795
863
997
1040
993
885
668
563
463
330
238
70
67
226
501
911
1316
1627
2041
2451
2712
2866
2840
2675
2592
2639
2656
2584
2573
2521
2500
2470
2299
1933
1446
1051
599
321
150
-77
-238
-313
-407
-620
-929
-1470
-2090
-2623
-3146
-3593
-3888
-4097
-4197
-4173
-4068
-3964
-3936
-3957
-4029
-4075
-4078
-4022
-3935
-3774
-3595
-3453
-3251
-3043
-2888
-2695
-2523
-2327
-2113
-1897
-1616
-1317
-1020
-744
-490
-224
87
425
720
1005
1226
1365
1515
1630
1693
1726
1696
1626
1635
1579
1585
1563
1531
1541
1468
1425
1364
1426
1522
1703
1839
1917
1996
2031
2093
2108
2076
1946
1871
1810
1842
1894
1991
2084
2123
2226
2261
2299
2292
2189
2004
1829
1718
1591
1437
1240
988
827
723
548
374
271
203
185
53
-133
-298
-448
-509
-678
-751
-852
-875
-773
-676
-546
-373
-371
-425
-557
-797
-1117
-1461
-1831
-2156
-2241
-2157
-2015
-1779
-1589
-1511
-1421
-1447
-1586
-1862
-2191
-2467
-2632
-2561
-2320
-2052
-1592
-1135
-752
-353
-102
32
108
167
228
363
603
855
1147
1459
1661
1750
1776
1622
1398
1106
762
418
75
-281
-605
-861
-1047
-1175
-1245
-1268
-1313
-1328
-1387
-1433
-1406
-1396
-1406
-1319
-1193
-929
-515
-106
221
509
712
824
889
879
826
709
597
514
568
755
944
954
853
612
301
9
-350
-670
-938
-1110
-1223
-1194
-1084
-922
-761
-655
-568
-457
-268
-53
193
501
851
1255
1789
2298
2742
3089
3271
3379
3557
3641
3833
3949
4009
4098
4200
4338
4463
4477
4319
3926
3377
2737
1934
1304
685
46
-303
-548
-730
-589
-586
-683
-867
-1127
-1534
-1725
-1840
-1992
-1954
-1847
-1650
-1267
-833
-538
-426
-533
-802
-1156
-1406
-1587
-1781
-1823
-1798
-1780
-1585
-1456
-1464
-1560
-1785
-2180
-2544
-2912
-3255
-3509
-3650
-3719
-3723
-3618
-3556
-3455
-3376
-3411
-3499
-3521
-3474
-3284
-2906
-2456
-1974
-1470
-1031
-651
-313
-127
-152
-305
-496
-654
-704
-653
-578
-444
-278
-77
156
373
550
627
666
725
818
1007
1241
1431
1653
1895
2145
2426
2642
2799
2918
3033
3134
3281
3448
3616
3805
3977
4167
4319
4438
4490
4541
4506
4426
4350
4253
4274
4348
4354
4358
4251
4124
3944
3717
3472
3184
2950
2781
2575
2358
2026
1487
934
270
-386
-961
-1571
-2117
-2520
-2846
-3040
-3256
-3591
-3991
-4496
-5041
-5557
-6031
-6409
-6620
-6710
-6619
-6361
-6038
-5676
-5343
-5107
-4896
-4711
-4559
-4331
-4103
-3868
-3558
-3242
-2803
-2280
-1750
-1164
-657
-220
162
457
651
771
714
642
550
550
553
525
478
301
130
-95
-263
-299
-287
-184
41
332
760
1152
1370
1462
1355
1153
939
728
640
696
875
1122
1508
1917
2306
2616
2776
2880
2991
3095
3221
3300
3354
3316
3150
2878
2546
2106
1724
1284
891
656
529
523
620
813
1012
1276
1453
1558
1650
1659
1558
1380
1135
925
771
655
563
547
615
696
639
532
330
34
-294
-721
-1113
-1384
-1523
-1606
-1620
-1679
-1819
-2034
-2330
-2684
-3040
-3303
-3468
-3383
-3130
-2718
-2241
-1826
-1507
-1313
-1248
-1283
-1347
-1402
-1350
-1158
-840
-477
-77
290
583
755
794
710
566
366
152
-14
-102
-124
-100
-28
84
179
209
171
75
-68
-270
-465
-586
-618
-570
-403
-152
203
557
860
1094
1234
1245
1126
952
810
722
710
766
927
1139
1308
1408
1456
1421
1254
910
559
243
0
-213
-423
-551
-542
-527
-501
-419
-389
-339
-288
-203
-87
100
209
325
481
641
749
804
798
793
756
695
582
458
385
415
458
519
550
558
576
549
486
350
175
-70
-281
-496
-638
-735
-730
-675
-573
-382
-202
47
310
504
694
801
874
966
1094
1177
1279
1360
1461
1555
1612
1571
1418
1250
1020
827
657
515
444
422
449
470
436
332
130
-165
-507
-924
-1329
-1744
-2100
-2304
-2398
-2389
-2318
-2223
-2089
-1944
-1847
-1804
-1794
-1801
-1817
-1841
-1888
-1885
-1849
-1767
-1676
-1560
-1430
-1331
-1197
-1095
-975
-845
-723
-577
-401
-183
-21
149
228
266
265
211
209
224
286
376
569
784
1023
1258
1408
1515
1469
1395
1247
1193
1114
1049
1062
1068
1117
1088
1067
1028
1036
1014
965
938
899
932
938
1018
1114
1253
1373
1450
1530
1542
1552
1547
1494
1433
1356
1288
1238
1255
1276
1389
1476
1557
1595
1582
1530
1352
1190
968
825
638
472
362
247
158
62
-76
-259
-456
-739
-1030
-1302
-1570
-1848
-2078
-2213
-2334
-2401
-2491
-2602
-2604
-2639
-2646
-2632
-2656
-2676
-2667
-2644
-2598
-2519
-2454
-2374
-2256
-2160
-2081
-1996
-1928
-1855
-1753
-1672
-1528
-1383
-1206
-987
-799
-630
-484
-385
-307
-265
-283
-296
-300
-272
-180
-51
108
238
346
440
528
598
636
705
779
872
994
1130
1274
1403
1496
1563
1574
1545
1494
1441
1405
1384
1363
1412
1464
1525
1592
1641
1700
1735
1762
1760
1773
1750
1720
1710
1681
1633
1480
1330
1132
945
746
591
574
571
625
584
607
583
558
415
271
148
-43
-214
-465
-613
-762
-801
-817
-819
-883
-1023
-1161
-1355
-1458
-1587
-1641
-1684
-1693
-1643
-1554
-1444
-1397
-1377
-1480
-1553
-1691
-1799
-1908
-1968
-1962
-1884
-1752
-1567
-1351
-1218
-1122
-1063
-1034
-986
-880
-778
-613
-459
-268
-77
179
325
486
553
601
658
736
875
995
1208
1341
1554
1683
1807
1818
1793
1679
1520
1373
1224
1127
1007
958
876
877
834
763
651
437
200
-16
-213
-366
-461
-515
-542
-492
-472
-451
-458
-540
-657
-790
-876
-913
-852
-736
-550
-356
-120
74
233
286
286
194
85
-1
-57
-55
-45
-17
29
101
148
154
91
-10
-161
-306
-436
-532
-629
-688
-756
-777
-786
-764
-749
-712
-656
-613
-532
-489
-392
-317
-197
-111
19
163
312
470
551
661
688
748
787
833
880
877
909
888
913
912
946
940
979
1021
1079
1144
1176
1212
1211
1195
1166
1120
1057
1025
985
991
976
1033
1056
1088
1048
1020
899
824
712
637
620
549
531
439
416
278
187
-22
-216
-458
-659
-853
-995
-1073
-1159
-1175
-1230
-1228
-1286
-1334
-1431
-1517
-1582
-1627
-1658
-1634
-1605
-1521
-1444
-1353
-1267
-1191
-1138
-1081
-1027
-997
-924
-879
-784
-718
-606
-553
-455
-394
-309
-256
-188
-165
-119
-78
-26
57
108
221
322
493
585
714
754
814
830
861
892
928
1003
1058
1146
1214
1284
1327
1367
1370
1359
1326
1282
1222
1163
1100
1050
982
897
791
661
542
424
347
256
207
153
155
138
118
80
27
-30
-107
-125
-175
-139
-165
-143
-138
-126
-106
-108
-127
-180
-207
-249
-256
-244
-239
-209
-217
-230
-266
-305
-364
-426
-489
-591
-630
-720
-712
-728
-700
-665
-631
-578
-535
-474
-458
-404
-434
-445
-485
-455
-373
-294
-170
-61
75
199
312
395
467
475
481
463
462
449
453
496
567
643
707
751
787
792
776
740
679
651
588
551
490
463
416
383
333
277
208
106
5
-119
-238
-375
-489
-608
-736
-863
-987
-1088
-1164
-1232
-1260
-1286
-1276
-1261
-1228
-1191
-1171
-1124
-1106
-1050
-1010
-947
-903
-856
-816
-757
-698
-650
-578
-525
-436
-362
-271
-197
-126
-85
-86
-126
-173
-262
-336
-422
-491
-556
-595
-605
-617
-597
-578
-525
-496
-428
-355
-259
-224
-163
-160
-136
-120
-88
-39
32
154
275
450
607
790
912
1024
1092
1167
1233
1316
1387
1431
1484
1509
1564
1577
1568
1514
1443
1369
1308
1280
1245
1201
1163
1089
1048
989
942
871
809
690
574
445
325
223
101
-5
-106
-157
-220
-246
-316
-361
-447
-533
-622
-724
-826
-917
-977
-1008
-1011
-995
-973
-946
-941
-947
-965
-979
-989
-995
-960
-917
-817
-749
-649
-577
-496
-428
-366
-312
-262
-206
-155
-84
3
75
135
169
180
170
144
120
86
45
-9
-43
-75
-83
-106
-119
-129
-137
-171
-194
-217
-246
-310
-358
-384
-397
-390
-395
-393
-399
-366
-353
-325
-302
-258
-242
-191
-139
-47
42
128
199
235
267
245
232
205
199
178
183
183
216
248
301
343
373
381
393
391
395
399
416
445
469
501
494
499
459
442
413
402
385
395
414
429
450
453
471
455
446
394
337
248
173
88
25
-17
-44
-79
-136
-193
-256
-309
-376
-443
-525
-576
-615
-644
-668
-661
-646
-581
-518
-442
-368
-313
-249
-209
-170
-146
-117
-102
-75
-67
-49
-34
16
77
158
235
314
416
530
626
691
707
688
642
558
470
356
256
177
164
195
282
381
479
567
627
662
659
614
547
471
400
344
308
296
301
336
364
385
378
355
319
277
223
170
134
120
130
144
157
154
128
78
24
-49
-132
-214
-293
-353
-393
-421
-423
-409
-375
-345
-318
-312
-330
-341
-361
-386
-436
-492
-568
-619
-659
-689
-712
-710
-678
-624
-549
-492
-443
-413
-390
-384
-369
-370
-378
-394
-396
-375
-330
-247
-182
-101
-32
30
69
89
93
86
69
62
67
93
127
151
171
166
132
74
-9
-102
-194
-279
-357
-397
-418
-419
-397
-368
-334
-334
-340
-375
-408
-453
-478
-493
-471
-409
-316
-181
-60
83
190
307
412
522
621
704
791
867
943
1016
1087
1147
1176
1185
1183
1165
1161
1160
1168
1177
1176
1157
1135
1107
1063
975
860
727
597
470
365
283
238
210
199
182
165
129
67
-8
-110
-194
-262
-296
-302
-290
-283
-260
-233
-207
-214
-227
-264
-305
-344
-369
-373
-373
-338
-299
-224
-159
-110
-91
-86
-99
-137
-178
-242
-286
-321
-329
-318
-280
-236
-200
-189
-218
-257
-317
-394
-486
-588
-687
-753
-808
-852
-900
-958
-1014
-1066
-1107
-1150
-1202
-1262
-1303
-1324
-1317
-1295
-1249
-1201
-1156
-1103
-1053
-990
-937
-882
-818
-756
-680
-589
-480
-350
-205
-64
78
234
379
507
592
652
686
718
743
767
806
854
930
1006
1085
1151
1188
1208
1209
1202
1184
1152
1126
1108
1099
1094
1075
1054
1031
984
918
836
748
667
602
562
526
497
471
445
426
391
348
280
191
88
-13
-99
-169
-222
-244
-247
-229
-200
-178
-157
-154
-151
-156
-162
-175
-188
-187
-170
-147
-118
-94
-76
-57
-33
-13
-20
-35
-60
-71
-62
-47
-44
-45
-59
-72
-84
-105
-145
-199
-257
-295
-332
-372
-392
-409
-413
-419
-416
-429
-442
-454
-463
-465
-467
-472
-471
-476
-483
-481
-492
-490
-489
-484
-482
-474
-451
-417
-381
-341
-316
-297
-293
-282
-268
-259
-245
-234
-212
-193
-153
-116
-82
-61
-27
2
31
61
88
122
156
200
238
288
331
357
372
383
390
388
379
361
353
364
393
425
461
495
525
545
557
551
539
521
497
480
474
489
503
522
539
555
562
548
517
477
448
427
426
425
428
426
430
434
425
401
366
316
256
200
141
96
42
0
-35
-43
-48
-57
-73
-100
-135
-182
-218
-266
-309
-358
-403
-439
-464
-481
-493
-510
-535
-557
-578
-604
-627
-643
-649
-644
-627
-613
-602
-586
-570
-554
-539
-521
-512
-489
-473
-441
-392
-334
-279
-239
-203
-180
-149
-122
-94
-74
-58
-29
11
55
91
107
118
132
155
172
181
187
188
190
192
211
227
232
225
229
238
239
234
237
249
246
244
235
234
236
240
238
237
242
245
253
257
253
252
259
265
261
246
237
236
229
219
206
187
165
151
146
140
136
134
132
141
145
138
118
85
47
9
-16
-37
-58
-78
-92
-105
-113
-121
-134
-153
-172
-200
-219
-235
-243
-241
-241
-242
-246
-248
-256
-269
-279
-296
-312
-308
-302
-277
-241
-208
-188
-181
-168
-160
-158
-161
-178
-189
-173
-149
-117
-92
-57
-26
3
33
44
45
36
25
29
47
63
79
90
113
135
150
158
149
142
132
122
118
127
142
167
188
199
202
194
189
172
159
142
126
108
101
112
129
150
164
164
160
155
139
127
124
119
113
103
105
117
128
130
117
99
80
63
40
13
-9
-28
-44
-49
-41
-31
-28
-27
-36
-55
-75
-104
-141
-171
-195
-219
-236
-228
-213
-195
-173
-163
-158
-152
-157
-169
-188
-204
-208
-194
-174
-148
-126
-103
-91
-89
-84
-85
-82
-87
-88
-88
-87
-83
-82
-71
-69
-67
-66
-64
-63
-65
-61
-58
-48
-41
-21
-2
15
32
41
55
58
63
73
80
87
95
106
116
125
140
155
171
181
178
173
169
167
166
169
175
179
180
177
164
136
113
97
87
86
95
103
112
120
118
109
94
78
60
43
34
29
24
15
2
4
19
32
34
23
10
-2
-11
-22
-30
-36
-39
-36
-34
-38
-40
-41
-42
-47
-52
-65
-85
-102
-107
-110
-109
-99
-89
-67
-48
-35
-33
-50
-66
-79
-92
-99
-97
-88
-72
-57
-39
-14
4
11
4
-12
-28
-40
-36
-28
-17
-2
14
26
27
26
22
23
17
6
7
8
8
10
10
12
16
23
32
42
44
43
37
32
29
21
14
11
3
-5
-8
-12
-10
-13
-7
-2
-9
-18
-35
-36
-40
-45
-53
-62
-67
-71
-64
-66
-66
-65
-67
-64
-49
-38
-32
-27
-25
-31
-38
-36
-25
-2
30
52
65
72
78
79
71
59
45
43
52
62
69
79
84
88
90
88
83
75
65
60
57
54
60
59
56
52
54
53
53
61
64
58
53
48
39
22
5
-4
-6
-6
8
24
26
23
8
-10
-28
-45
-61
-76
-80
-67
-57
-47
-35
-29
-28
-31
-32
-38
-46
-56
-62
-67
-66
-62
-58
-57
-65
-78
-88
-95
-94
-91
-89
-83
-82
-81
-83
-86
-95
-102
-104
-105
-102
-92
-77
-63
-49
-47
-52
-63
-71
-71
-70
-62
-53
-44
-26
-11
9
30
46
58
60
58
47
41
37
47
63
75
84
88
102
109
108
100
85
69
62
69
73
81
90
100
112
122
129
123
113
94
72
56
48
42
39
41
50
65
76
80
73
58
45
33
19
13
4
-2
-10
-15
-15
-23
-32
-49
-66
-84
-94
-94
-98
-99
-95
-89
-92
-92
-88
-80
-71
-65
-63
-64
-64
-61
-60
-57
-49
-44
-38
-41
-48
-56
-61
-58
-51
-40
-42
-43
-37
-25
-17
-16
-24
-30
-34
-40
-46
-50
-48
-40
-26
-8
6
18
30
38
42
43
42
47
61
76
88
96
101
104
107
110
102
91
78
69
71
76
86
94
97
95
91
82
67
49
35
18
7
1
-3
3
3
1
4
9
12
7
-1
-4
-2
-2
-2
0
6
10
19
22
27
22
7
-7
-20
-33
-50
-61
-66
-63
-50
-39
-38
-46
-49
-52
-54
-53
-60
-66
-75
-80
-76
-68
-58
-50
-38
-27
-18
-5
-2
-1
0
4
7
13
23
23
19
18
21
18
13
6
-4
-9
-11
-17
-24
-26
-33
-38
-35
-27
-22
-8
2
7
8
9
15
24
42
51
61
65
68
79
82
88
89
91
92
93
95
94
87
75
68
60
61
56
54
50
41
37
30
24
12
-5
