6
5
4
5
4
4
2
3
2
0
-2
-1
-2
-2
-4
-6
-7
-5
-2
-3
-5
-6
-5
-3
-2
-2
-1
0
0
1
2
2
3
3
3
4
5
6
5
3
3
3
1
0
1
2
1
-2
-3
-1
-2
-2
-3
-5
-5
-3
-2
-3
-3
-3
-3
-3
-2
0
2
1
0
1
2
2
1
3
3
2
2
2
3
4
4
1
-1
0
1
2
0
-2
-2
-2
-3
-3
-2
-1
-2
-3
-3
-2
-1
0
0
-1
0
1
-1
0
0
0
0
-1
2
4
5
4
2
1
1
1
0
-2
-2
0
2
3
2
0
-1
-4
-4
-3
-1
1
1
1
0
-2
-1
-2
-4
-4
-2
0
2
5
7
6
0
-3
-1
0
0
-1
-1
0
3
2
2
1
2
2
-1
-5
-3
1
2
-1
-3
-1
1
0
-3
-4
-2
-1
-1
-1
3
5
5
1
-3
-3
-2
-2
-4
-1
3
7
6
1
0
0
-2
-4
-2
1
2
2
-2
-2
-2
-1
-1
0
2
5
3
2
0
-1
-4
-7
-5
3
7
7
2
-2
-2
-4
-7
-5
2
9
11
4
-3
-4
-4
-9
-12
-9
0
9
11
8
6
3
-3
-10
-15
-7
5
9
7
5
3
2
-3
-8
-6
-1
5
6
3
5
3
0
-3
-8
-7
-4
-2
0
2
3
5
3
0
1
-1
-4
-2
-3
-3
-2
0
4
7
7
4
-1
0
1
-2
-2
1
3
4
1
-5
-6
-6
-2
0
-1
3
6
5
-2
-6
-7
-3
1
0
-2
1
4
0
-6
-6
-1
7
12
9
6
3
0
-7
-15
-12
-1
7
11
8
5
1
-6
-12
-14
-7
7
11
6
0
-5
-9
-10
-12
-6
4
12
16
12
3
-3
-9
-12
-7
1
11
15
12
2
-10
-14
-12
-7
8
18
17
12
0
-13
-23
-23
-13
5
17
23
20
12
2
-12
-21
-18
0
21
29
25
14
-7
-22
-28
-28
-6
21
33
29
12
-6
-21
-33
-34
-18
1
20
27
14
-3
-17
-26
-27
-20
3
26
36
31
5
-22
-35
-37
-23
5
30
42
38
16
-10
-32
-34
-24
-5
19
31
33
18
-13
-36
-47
-41
-9
25
40
44
29
-4
-32
-49
-45
-17
17
42
46
34
10
-18
-34
-38
-17
13
37
46
35
4
-26
-44
-54
-40
-3
30
52
48
18
-18
-42
-43
-32
-6
28
47
51
32
0
-27
-35
-28
-3
34
56
65
47
3
-35
-57
-55
-30
9
32
44
38
-1
-42
-62
-62
-39
-2
24
32
26
-1
-31
-53
-60
-41
-2
35
59
62
39
1
-30
-44
-36
-2
36
57
59
39
2
-28
-38
-35
-14
22
45
49
30
-4
-42
-63
-64
-47
-10
25
46
45
13
-26
-47
-51
-34
4
36
51
51
24
-16
-36
-39
-24
10
38
51
56
37
2
-32
-53
-49
-24
4
29
37
25
-1
-28
-43
-37
-15
17
42
46
39
16
-15
-29
-32
-18
13
40
52
49
33
4
-20
-31
-33
-15
10
24
22
1
-29
-50
-55
-47
-25
0
12
18
6
-17
-35
-44
-39
-24
-2
18
30
32
22
6
-2
0
10
28
42
47
40
26
7
-10
-15
-6
6
17
21
14
7
-7
-25
-33
-35
-31
-19
-13
-13
-13
-19
-27
-26
-24
-12
6
18
21
17
7
0
-1
2
10
16
21
26
24
20
15
8
9
7
5
6
4
0
-6
-13
-20
-19
-14
-13
-7
-4
-2
-2
-5
-9
-8
-4
0
1
2
3
6
11
14
14
16
17
18
18
14
7
4
-1
-7
-7
-7
-9
-12
-15
-20
-24
-23
-20
-19
-17
-19
-20
-18
-20
-18
-11
-5
4
13
18
23
30
33
31
33
32
33
37
33
29
25
22
15
10
3
-3
-6
-11
-18
-26
-35
-42
-50
-51
-55
-56
-51
-45
-37
-30
-26
-23
-13
-4
5
19
31
37
45
49
52
58
62
59
62
66
66
62
51
34
18
4
-11
-25
-34
-45
-52
-58
-68
-79
-87
-92
-91
-80
-70
-60
-47
-36
-27
-16
-6
8
30
54
74
94
108
111
108
103
98
94
92
85
75
67
46
16
-14
-41
-59
-66
-75
-86
-97
-114
-131
-144
-151
-147
-130
-104
-74
-49
-32
-21
-9
12
39
70
102
131
151
162
157
145
133
123
120
122
120
106
83
43
-5
-48
-84
-111
-122
-124
-125
-132
-152
-179
-198
-197
-178
-140
-94
-52
-19
3
9
14
27
55
102
158
204
223
216
191
162
139
124
118
118
112
89
50
-8
-74
-128
-164
-177
-170
-157
-152
-158
-173
-193
-208
-207
-185
-133
-67
-1
51
84
92
89
94
110
150
211
269
303
297
245
164
90
47
41
65
86
76
25
-62
-164
-248
-287
-277
-230
-179
-157
-172
-211
-251
-263
-227
-152
-59
28
91
125
136
132
128
143
179
227
275
306
306
275
219
152
92
52
32
31
32
16
-30
-105
-195
-271
-310
-303
-255
-186
-134
-118
-143
-192
-225
-209
-136
-21
93
164
175
141
91
67
89
149
221
275
287
244
162
73
9
-12
3
27
34
4
-58
-129
-176
-188
-167
-133
-109
-106
-114
-116
-94
-47
4
34
32
8
-8
17
91
182
243
229
135
8
-86
-86
4
125
192
144
-8
-190
-304
-290
-161
-1
93
69
-49
-183
-254
-222
-103
45
152
185
137
53
-16
-27
38
157
264
295
227
89
-39
-81
-13
107
183
145
-3
-179
-276
-244
-112
21
60
-22
-169
-294
-319
-233
-82
57
125
105
16
-85
-134
-92
41
213
332
325
185
-12
-142
-117
47
235
305
192
-46
-260
-310
-172
47
190
152
-49
-280
-390
-299
-53
215
355
290
55
-217
-362
-261
75
480
716
606
157
-392
-702
-546
13
627
873
545
-192
-886
-1096
-688
62
654
710
221
-476
-925
-859
-360
234
581
535
202
-173
-372
-307
-38
299
557
626
475
164
-150
-278
-119
257
618
705
406
-135
-591
-667
-313
229
580
476
-41
-656
-993
-852
-340
217
492
350
-96
-571
-793
-632
-169
361
692
656
283
-206
-512
-427
20
569
881
753
255
-301
-558
-360
144
612
726
402
-166
-629
-706
-349
228
683
724
287
-417
-981
-1021
-431
504
1220
1193
318
-941
-1769
-1541
-295
1206
1946
1356
-246
-1810
-2269
-1279
510
1900
1985
754
-913
-1888
-1574
-271
1101
1672
1209
155
-756
-1008
-591
126
708
912
743
336
-150
-543
-667
-402
194
823
1071
670
-240
-1118
-1359
-734
400
1288
1293
348
-965
-1792
-1587
-491
787
1435
1075
-23
-1145
-1596
-1130
-63
970
1400
1030
132
-752
-1102
-728
135
973
1292
910
68
-716
-975
-571
215
889
1044
582
-231
-919
-1077
-588
306
1115
1341
760
-384
-1433
-1668
-778
831
2164
2238
776
-1431
-2936
-2608
-495
2064
3288
2215
-555
-3174
-3827
-2032
998
3186
3072
817
-1953
-3327
-2469
-113
2060
2667
1543
-318
-1601
-1593
-544
690
1362
1274
727
139
-269
-471
-470
-197
374
1039
1363
958
-115
-1245
-1625
-882
575
1747
1731
410
-1401
-2496
-2137
-578
1121
1824
1100
-520
-1938
-2254
-1327
194
1360
1548
774
-386
-1186
-1169
-398
632
1322
1317
686
-142
-655
-582
-21
654
1045
945
415
-273
-762
-781
-276
542
1239
1346
635
-632
-1713
-1807
-612
1300
2678
2374
259
-2461
-3907
-2868
180
3219
4034
1856
-1956
-4767
-4548
-1391
2526
4472
3153
-393
-3606
-4255
-2036
1327
3457
3060
734
-1663
-2485
-1403
526
1862
1863
864
-203
-637
-408
50
352
468
601
815
868
467
-328
-987
-900
48
1254
1768
1023
-628
-2093
-2311
-1083
729
1817
1380
-307
-2059
-2657
-1722
49
1423
1526
423
-1006
-1737
-1307
-88
1041
1355
768
-169
-731
-546
181
864
1018
621
67
-208
-75
242
423
374
282
383
658
758
348
-467
-1067
-765
500
1906
2222
816
-1621
-3359
-2907
-326
2606
3606
1686
-1959
-4707
-4441
-1247
2576
4228
2511
-1243
-4201
-4188
-1289
2263
3867
2529
-485
-2766
-2688
-552
1865
2786
1787
-74
-1298
-1147
-43
1001
1293
906
397
191
220
139
-167
-382
-91
701
1400
1280
149
-1349
-2113
-1465
219
1693
1781
302
-1737
-2871
-2258
-321
1547
2001
760
-1220
-2485
-2132
-434
1378
2048
1170
-536
-1790
-1699
-376
1198
1913
1337
-8
-1076
-1128
-259
783
1247
972
397
106
264
492
351
-133
-393
125
1281
2150
1711
-169
-2322
-3013
-1401
1531
3515
2753
-520
-4009
-5056
-2720
1355
4099
3393
-252
-4078
-5186
-2775
1291
3964
3377
225
-2911
-3680
-1724
1270
3072
2626
666
-1132
-1566
-657
649
1429
1456
1072
671
355
-1
-368
-410
167
1162
1829
1442
18
-1556
-2149
-1259
495
1761
1499
-189
-2104
-2865
-1955
-77
1410
1496
216
-1437
-2276
-1766
-310
1128
1665
1034
-289
-1390
-1505
-544
875
1817
1644
489
-804
-1300
-663
589
1507
1475
647
-221
-417
93
689
747
283
-55
315
1174
1604
819
-963
-2379
-2008
195
2568
2964
658
-2835
-4825
-3584
127
3480
3781
703
-3390
-5324
-3602
412
3610
3659
761
-2622
-3834
-2161
834
2836
2620
793
-964
-1396
-544
628
1247
1232
1026
912
771
367
-222
-447
181
1395
2219
1747
72
-1619
-2026
-841
993
1962
1178
-838
-2580
-2770
-1392
366
1171
554
-867
-1950
-1973
-1103
-75
508
523
176
-278
-651
-759
-453
239
1018
1376
968
44
-679
-558
382
1375
1597
896
-86
-408
282
1300
1562
689
-533
-817
320
1947
2430
887
-1743
-3234
-2089
929
3269
2697
-655
-4214
-5104
-2512
1554
3789
2369
-1537
-4780
-4797
-1660
2087
3571
1874
-1352
-3381
-2706
-125
2213
2706
1424
-231
-916
-400
580
1202
1286
1209
1231
1183
780
79
-367
34
1184
2181
2021
542
-1235
-1942
-1060
629
1662
1107
-679
-2342
-2658
-1547
-58
602
54
-1114
-1954
-1895
-1130
-316
40
-67
-309
-453
-520
-514
-306
186
799
1112
817
129
-326
-22
913
1687
1552
582
-336
-260
888
2105
2143
724
-1007
-1369
214
2447
3216
1464
-1667
-3528
-2369
920
3453
2833
-634
-4138
-4821
-2180
1518
3168
1449
-2143
-4634
-4083
-1135
1703
2289
470
-2004
-3029
-1922
200
1629
1574
605
-186
-254
165
578
832
1163
1653
1922
1540
586
-207
-10
1206
2480
2620
1286
-575
-1464
-686
988
1958
1221
-715
-2296
-2316
-945
451
536
-757
-2245
-2696
-1868
-620
-73
-578
-1504
-1915
-1424
-533
-50
-214
-544
-414
217
732
622
138
37
770
1893
2354
1589
230
-374
610
2549
3698
2795
329
-1666
-1309
1241
3726
3694
763
-2777
-3921
-1757
1675
3210
1366
-2337
-4817
-4197
-1256
1376
1506
-799
-3467
-4300
-2755
-299
1026
408
-1229
-2232
-1737
-305
854
1060
592
232
423
938
1331
1423
1386
1494
1750
1896
1764
1426
1176
1275
1601
1725
1348
623
60
13
289
395
48
-585
-1100
-1263
-1195
-1138
-1218
-1395
-1541
-1612
-1664
-1726
-1763
-1668
-1379
-1025
-831
-917
-1150
-1145
-644
145
686
641
239
103
596
1416
1910
1748
1276
1133
1577
2241
2494
2017
1158
674
1043
1967
2466
1703
-45
-1450
-1329
173
1522
1183
-886
-3140
-3785
-2411
-359
524
-518
-2606
-4073
-3818
-2120
-317
300
-524
-1879
-2529
-1925
-505
784
1287
1047
535
255
441
1040
1850
2559
2794
2438
1756
1245
1302
1906
2600
2804
2205
1038
8
-252
286
1028
1149
253
-1223
-2323
-2347
-1477
-644
-656
-1563
-2737
-3344
-2987
-1981
-1065
-876
-1457
-2217
-2439
-1807
-654
282
482
107
-233
-49
629
1374
1807
1875
1801
1879
2147
2337
2220
1863
1658
1979
2646
2920
2166
566
-716
-518
966
2191
1693
-533
-2908
-3639
-2326
-259
672
-470
-2865
-4663
-4527
-2656
-571
121
-963
-2729
-3586
-2786
-956
609
1059
485
-332
-557
82
1236
2248
2598
2306
1829
1641
1904
2369
2625
2537
2266
1976
1683
1350
1037
849
758
603
238
-342
-962
-1380
-1472
-1342
-1269
-1515
-2101
-2738
-2992
-2601
-1833
-1336
-1525
-2168
-2575
-2233
-1276
-314
126
4
-253
-183
317
1013
1580
1860
1976
2147
2407
2557
2351
1898
1768
2358
3258
3490
2392
472
-789
-336
1324
2495
1754
-686
-3079
-3732
-2395
-389
443
-755
-3128
-4868
-4688
-2876
-983
-435
-1382
-2762
-3325
-2634
-1227
39
629
552
183
-20
272
1052
1955
2561
2715
2563
2353
2236
2258
2455
2775
2994
2812
2153
1317
778
722
884
864
444
-309
-1162
-1823
-2030
-1797
-1504
-1613
-2237
-3016
-3400
-3141
-2482
-1891
-1710
-1938
-2271
-2331
-1856
-901
79
543
352
-35
51
837
1866
2478
2410
2027
1955
2422
3027
3170
2665
1986
1862
2480
3160
2898
1382
-424
-1011
77
1608
1759
-123
-2799
-4205
-3392
-1339
-20
-739
-2985
-4943
-5115
-3497
-1439
-506
-1199
-2639
-3427
-2815
-1212
328
1036
882
377
112
429
1318
2434
3234
3317
2728
2038
1950
2609
3426
3658
3078
2135
1482
1374
1555
1565
1118
339
-401
-871
-1108
-1302
-1600
-1990
-2384
-2703
-2876
-2953
-3049
-3150
-3136
-2914
-2541
-2255
-2209
-2230
-1979
-1277
-354
288
407
299
463
1130
2060
2737
2853
2578
2425
2765
3407
3763
3433
2662
2209
2535
3167
3106
1860
155
-595
129
1237
1163
-571
-2822
-3878
-3141
-1626
-923
-1848
-3765
-5128
-4880
-3335
-1802
-1462
-2344
-3346
-3368
-2290
-891
15
284
304
407
654
1064
1699
2519
3205
3383
3051
2642
2621
3048
3537
3664
3302
2618
1928
1519
1454
1510
1288
590
-311
-994
-1322
-1492
-1740
-2085
-2414
-2717
-3047
-3344
-3463
-3318
-3018
-2797
-2709
-2645
-2519
-2285
-1878
-1253
-474
154
339
263
451
1171
2170
2865
2900
2579
2508
2933
3585
3921
3585
2821
2305
2499
3135
3299
2278
490
-694
-341
891
1323
-29
-2435
-4066
-3783
-2249
-1174
-1685
-3438
-4991
-5150
-3977
-2505
-1790
-2116
-2853
-3125
-2585
-1510
-424
320
702
846
888
1059
1579
2432
3311
3766
3599
3111
2817
2998
3502
3860
3680
2985
2145
1573
1421
1441
1237
653
-143
-898
-1485
-1880
-2080
-2170
-2359
-2812
-3418
-3824
-3789
-3438
-3115
-3023
-3044
-2942
-2658
-2290
-1857
-1298
-628
-36
303
509
887
1492
2132
2611
2862
2986
3169
3437
3676
3725
3403
2861
2656
3064
3571
3244
1708
-120
-685
374
1619
1328
-775
-3223
-4182
-3233
-1642
-1046
-2076
-3977
-5305
-5135
-3754
-2290
-1778
-2356
-3232
-3457
-2739
-1505
-362
377
689
661
529
727
1568
2809
3743
3849
3295
2798
2892
3449
3959
4032
3602
2911
2263
1844
1673
1562
1235
630
-78
-750
-1357
-1880
-2231
-2342
-2378
-2662
-3288
-3946
-4193
-3876
-3294
-2907
-2888
-3055
-3100
-2829
-2226
-1395
-541
39
243
335
661
1332
2148
2796
3183
3419
3605
3750
3782
3637
3422
3414
3785
4201
3903
2523
740
-134
554
1875
2060
312
-2334
-4028
-3783
-2271
-1148
-1588
-3362
-5200
-5833
-4950
-3387
-2359
-2406
-3137
-3745
-3643
-2803
-1581
-377
486
746
470
220
671
1947
3396
4136
3901
3246
2929
3242
3910
4428
4438
3868
2977
2247
1991
2056
1996
1469
579
-296
-957
-1441
-1784
-2006
-2210
-2591
-3221
-3846
-4098
-3912
-3563
-3363
-3367
-3381
-3265
-3042
-2678
-2102
-1351
-612
-162
2
253
797
1512
2195
2694
3063
3434
3678
3690
3585
3444
3414
3738
4268
4397
3549
1795
257
269
1718
2835
1977
-734
-3403
-4093
-2698
-945
-630
-2168
-4455
-5898
-5669
-4195
-2666
-2116
-2725
-3830
-4461
-3999
-2569
-905
214
429
-47
-515
-202
1092
2793
3962
3989
3186
2550
2808
3818
4796
4988
4280
3241
2575
2544
2798
2749
2150
1214
303
-376
-848
-1199
-1449
-1742
-2325
-3145
-3836
-4104
-3951
-3676
-3612
-3771
-3932
-3928
-3681
-3202
-2569
-1932
-1442
-1051
-592
-21
576
1063
1474
2104
3001
3741
3968
3731
3416
3424
3785
4310
4830
4950
4127
2393
751
560
2015
3430
2850
124
-2920
-4097
-2907
-962
-257
-1508
-3927
-5925
-6255
-4917
-3020
-1938
-2390
-3857
-5007
-4831
-3329
-1358
61
404
-173
-952
-985
230
2254
3953
4313
3331
2152
2029
3171
4730
5558
5024
3561
2276
1980
2624
3368
3237
2019
441
-616
-889
-730
-691
-1127
-1993
-2949
-3651
-3920
-3815
-3576
-3430
-3487
-3725
-3961
-3940
-3494
-2707
-1933
-1463
-1236
-980
-489
189
810
1286
1822
2548
3278
3668
3585
3269
3125
3423
4140
4909
5117
4209
2319
682
729
2407
3888
3229
322
-2780
-3824
-2505
-511
134
-1284
-3810
-5787
-6082
-4760
-2969
-2026
-2461
-3799
-4950
-4971
-3737
-1853
-170
512
-60
-1160
-1558
-443
1866
3933
4443
3411
2035
1608
2553
4251
5590
5617
4205
2344
1390
1935
3302
3977
3007
1011
-653
-1230
-874
-349
-386
-1166
-2423
-3609
-4131
-3850
-3234
-2918
-3164
-3678
-4007
-3970
-3587
-2929
-2140
-1465
-1143
-1129
-1033
-469
484
1341
1817
2090
2424
2882
3290
3437
3368
3281
3348
3748
4361
4511
3550
1721
391
885
2702
3653
2165
-988
-3354
-3216
-1297
177
-283
-2363
-4532
-5433
-4829
-3437
-2317
-2165
-2923
-3968
-4493
-4001
-2672
-1137
-62
102
-500
-1125
-947
387
2332
3698
3703
2694
1757
1817
2970
4457
5229
4658
3126
1816
1658
2531
3407
3202
1866
350
-553
-761
-573
-439
-740
-1551
-2625
-3484
-3676
-3311
-2958
-2987
-3301
-3601
-3703
-3604
-3260
-2602
-1840
-1374
-1305
-1273
-826
59
881
1263
1457
1883
2536
3109
3352
3315
3208
3110
3164
3670
4449
4583
3301
1148
4
1099
3176
3689
1565
-1695
-3487
-2755
-880
124
-600
-2524
-4427
-5297
-4798
-3326
-1946
-1714
-2771
-4195
-4748
-3879
-2136
-538
215
-27
-876
-1477
-977
769
2848
3868
3231
1822
1148
1885
3480
4769
4849
3757
2365
1627
1962
2887
3358
2736
1339
81
-407
-310
-175
-360
-952
-1748
-2456
-2938
-3083
-2952
-2864
-2958
-3130
-3281
-3312
-3208
-2972
-2502
-1894
-1436
-1207
-1037
-693
-86
554
1015
1398
1861
2374
2793
2986
2959
2875
2908
3189
3752
4237
3928
2553
965
581
1815
3252
2999
732
-1887
-2874
-1875
-364
43
-1056
-2933
-4441
-4788
-3995
-2741
-1946
-2194
-3234
-4187
-4256
-3292
-1820
-577
-82
-427
-1128
-1337
-457
1321
2955
3361
2538
1586
1565
2602
3919
4576
4209
3210
2336
2124
2535
3014
2909
2063
971
196
-115
-205
-374
-745
-1302
-1984
-2610
-2986
-3041
-2922
-2941
-3172
-3355
-3343
-3201
-2994
-2738
-2360
-1852
-1405
-1091
-757
-332
153
651
1142
1696
2236
2543
2659
2804
3040
3269
3289
3167
3309
3693
3634
2660
1275
676
1430
2526
2353
523
-1687
-2656
-2005
-816
-401
-1245
-2872
-4289
-4663
-3894
-2637
-1860
-2144
-3155
-3950
-3852
-2858
-1497
-437
-66
-319
-793
-889
-146
1314
2730
3273
2763
1876
1558
2242
3507
4414
4289
3274
2155
1698
2082
2723
2829
2146
1014
-28
-588
-640
-465
-448
-932
-1933
-2975
-3468
-3220
-2614
-2328
-2688
-3405
-3910
-3769
-2975
-2025
-1482
-1544
-1912
-1913
-1141
50
966
1241
1092
1125
1658
2403
2981
3276
3341
3311
3220
3070
3076
3363
3595
3301
2376
1289
807
1144
1624
1379
142
-1515
-2568
-2431
-1521
-926
-1525
-3167
-4671
-4896
-3771
-2340
-1822
-2498
-3594
-4113
-3559
-2223
-876
-133
-125
-546
-814
-434
641
1993
3000
3192
2652
1988
1862
2551
3690
4469
4284
3212
1995
1477
1864
2590
2843
2174
831
-462
-1082
-925
-433
-304
-949
-2144
-3232
-3627
-3218
-2480
-2093
-2420
-3247
-3911
-3810
-2930
-1793
-1071
-1088
-1556
-1867
-1517
-405
975
1873
1916
1357
930
1270
2303
3377
3928
3802
3205
2531
2079
2095
2770
3705
3914
2735
578
-1048
-780
965
2236
1449
-1122
-3528
-3987
-2585
-967
-678
-1961
-3734
-4695
-4386
-3254
-2130
-1676
-1964
-2596
-3057
-2866
-1894
-541
577
929
451
-235
-273
740
2438
3774
3849
2733
1471
1267
2485
4233
5049
4164
2182
615
617
1959
3222
3086
1415
-701
-1885
-1628
-559
176
-255
-1757
-3399
-4173
-3699
-2523
-1695
-1909
-2992
-4082
-4252
-3250
-1729
-712
-796
-1671
-2277
-1748
-207
1407
2084
1623
827
666
1499
2874
3894
4044
3476
2633
2039
2094
2861
3963
4472
3488
1228
-767
-880
972
2925
2720
-32
-3322
-4633
-3195
-670
442
-897
-3556
-5475
-5420
-3813
-2030
-1221
-1682
-2865
-3855
-3904
-2786
-950
656
1144
392
-773
-1164
-65
2073
3902
4274
3123
1537
962
2011
3958
5315
4994
3196
1259
577
1486
3004
3648
2631
476
-1477
-2059
-1168
100
389
-814
-2876
-4432
-4485
-3269
-1956
-1663
-2618
-4004
-4717
-4219
-2830
-1405
-720
-994
-1783
-2239
-1624
39
1819
2609
2108
1121
871
1830
3352
4405
4460
3750
2882
2380
2563
3347
4150
4149
2876
909
-324
74
1424
2077
935
-1486
-3405
-3512
-2246
-1150
-1393
-2893
-4511
-5126
-4552
-3409
-2517
-2359
-2858
-3539
-3776
-3146
-1798
-377
412
288
-303
-490
250
1695
3115
3758
3431
2668
2242
2608
3631
4630
4856
4072
2755
1811
1811
2511
3078
2712
1333
-271
-1186
-1127
-564
-354
-1064
-2417
-3563
-3896
-3486
-2923
-2815
-3248
-3803
-4055
-3870
-3346
-2668
-2044
-1692
-1650
-1664
-1366
-579
492
1345
1676
1681
1755
2109
2707
3285
3637
3864
4023
3908
3419
2812
2626
3191
3985
3907
2398
266
-843
-110
1431
1874
277
-2409
-4164
-3867
-2330
-1274
-1685
-3277
-4897
-5459
-4794
-3510
-2414
-2126
-2710
-3576
-3888
-3163
-1633
-46
834
706
0
-378
203
1716
3492
4493
4116
2909
2044
2335
3738
5234
5571
4465
2718
1497
1522
2537
3483
3254
1617
-496
-1789
-1656
-600
80
-628
-2433
-4100
-4648
-3991
-2886
-2396
-2957
-4042
-4786
-4651
-3671
-2416
-1650
-1719
-2233
-2457
-1885
-559
822
1448
1247
920
1145
2017
3081
3688
3599
3268
3207
3463
3827
4053
3899
3348
2692
2316
2391
2662
2505
1439
-144
-1085
-747
150
290
-988
-3054
-4342
-3913
-2522
-1704
-2268
-3819
-5119
-5105
-3860
-2433
-1822
-2214
-2992
-3315
-2710
-1421
-189
475
565
353
292
791
1767
2720
3279
3340
3054
2872
3062
3412
3691
3846
3773
3373
2759
2183
1868
1881
1978
1688
821
-246
-1007
-1273
-1185
-1121
-1522
-2397
-3255
-3683
-3590
-3164
-2890
-3082
-3514
-3763
-3627
-3172
-2578
-2036
-1676
-1463
-1285
-1057
-609
152
978
1531
1780
1911
2118
2505
2926
3145
3280
3621
4062
4118
3490
2504
1986
2526
3674
4030
2668
331
-1234
-933
692
1760
780
-1753
-3931
-4339
-3100
-1586
-1273
-2512
-4322
-5366
-4992
-3595
-2238
-1827
-2442
-3305
-3525
-2824
-1498
-138
623
587
137
-109
385
1709
3194
3905
3516
2576
2036
2515
3758
4786
4721
3592
2240
1569
1910
2776
3157
2404
822
-671
-1279
-878
-167
-149
-1180
-2682
-3765
-3865
-3134
-2378
-2344
-3077
-3995
-4378
-3893
-2818
-1838
-1524
-1846
-2231
-2084
-1209
52
1042
1336
1149
1021
1287
1977
2840
3485
3741
3611
3138
2589
2466
3062
3988
4287
3310
1454
55
241
1602
2470
1603
-624
-2623
-3028
-1959
-843
-936
-2232
-3750
-4478
-4161
-3337
-2682
-2530
-2777
-3113
-3321
-3179
-2489
-1414
-397
121
-50
-491
-429
495
1912
3039
3260
2672
2036
2086
2891
3874
4321
3959
3125
2391
2114
2254
2473
2452
2006
1116
45
-766
-1013
-772
-547
-925
-2001
-3209
-3806
-3511
-2752
-2308
-2638
-3489
-4146
-4025
-3135
-2048
-1404
-1456
-1878
-1996
-1405
-271
873
1494
1502
1307
1356
1794
2519
3289
3831
3917
3451
2680
2239
2660
3692
4296
3569
1739
152
-2
1112
2082
1590
-283
-2208
-2950
-2372
-1395
-1111
-1862
-3145
-4189
-4429
-3815
-2821
-2103
-2116
-2798
-3530
-3569
-2624
-1104
101
342
-239
-853
-672
521
2068
3032
3028
2395
1865
1986
2681
3475
3962
3926
3360
2505
1775
1596
2063
2696
2704
1645
-51
-1296
-1311
-393
320
-166
-1784
-3410
-3908
-3176
-2113
-1742
-2401
-3522
-4174
-3881
-2910
-1943
-1534
-1729
-2088
-2078
-1479
-540
313
815
972
1022
1241
1659
2133
2584
2988
3279
3397
3304
3028
2761
2732
2975
3268
3252
2653
1542
465
106
591
1224
1063
-263
-2120
-3264
-2976
-1804
-1035
-1569
-3180
-4690
-4952
-3872
-2426
-1736
-2190
-3226
-3845
-3425
-2141
-759
18
29
-380
-605
-172
867
2039
2838
2991
2650
2296
2328
2806
3492
4031
4101
3589
2730
2013
1861
2269
2747
2630
1619
164
-885
-1038
-482
-15
-435
-1729
-3102
-3729
-3356
-2516
-2085
-2536
-3537
-4261
-4094
-3135
-2103
-1719
-2045
-2470
-2326
-1499
-445
302
545
525
663
1144
1818
2428
2771
2841
2848
2992
3285
3525
3465
3104
2736
2693
2962
3035
2406
1256
352
273
802
1024
205
-1334
-2535
-2714
-2103
-1574
-1868
-2892
-3900
-4257
-3866
-3138
-2635
-2628
-2961
-3244
-3121
-2524
-1670
-867
-390
-285
-297
-88
513
1421
2256
2655
2640
2523
2605
2982
3466
3787
3802
3544
3166
2825
2610
2538
2494
2276
1760
979
152
-383
-486
-430
-660
-1398
-2423
-3178
-3279
-2890
-2557
-2742
-3425
-4074
-4151
-3568
-2725
-2229
-2311
-2586
-2526
-1916
-980
-215
116
226
474
1007
1697
2241
2466
2529
2698
3090
3597
3889
3699
3142
2640
2635
3173
3670
3378
2133
593
-188
273
1270
1513
333
-1705
-3228
-3275
-2176
-1165
-1300
-2628
-4202
-4925
-4402
-3129
-2059
-1891
-2575
-3445
-3727
-3009
-1574
-219
384
87
-585
-750
33
1439
2723
3210
2822
2138
1855
2289
3229
4058
4220
3624
2662
1941
1871
2337
2815
2729
1844
530
-494
-754
-338
113
-121
-1163
-2457
-3257
-3180
-2523
-2004
-2142
-2884
-3696
-3963
-3498
-2635
-1907
-1701
-1975
-2264
-2145
-1514
-567
270
668
696
654
830
1350
2035
2583
2861
2926
2917
2927
2932
2905
2903
2980
3094
3054
2616
1819
1059
731
898
1191
984
38
-1220
-2113
-2235
-1756
-1348
-1595
-2502
-3534
-4040
-3755
-2987
-2347
-2282
-2755
-3268
-3307
-2701
-1699
-828
-486
-589
-723
-508
186
1112
1850
2175
2159
2063
2173
2567
3079
3436
3445
3176
2865
2678
2647
2642
2470
2111
1672
1205
759
374
14
-325
-645
-1026
-1496
-1971
-2340
-2527
-2572
-2616
-2769
-3013
-3200
-3169
-2926
-2612
-2359
-2232
-2136
-1892
-1467
-987
-564
-239
68
480
967
1378
1630
1785
2004
2385
2825
3114
3115
2875
2634
2601
2762
2953
2960
2580
1854
1099
666
703
983
942
209
-959
-1917
-2195
-1846
-1408
-1474
-2184
-3139
-3762
-3705
-3074
-2366
-2097
-2394
-2911
-3145
-2797
-1928
-956
-363
-297
-507
-583
-185
689
1664
2298
2400
2125
1889
2068
2690
3385
3689
3438
2866
2379
2261
2462
2636
2481
1965
1245
565
149
3
-50
-238
-731
-1492
-2214
-2556
-2478
-2285
-2334
-2737
-3261
-3523
-3334
-2884
-2513
-2396
-2449
-2434
-2147
-1610
-1045
-627
-343
-77
291
787
1288
1644
1875
2106
2408
2767
3064
3171
3097
2968
2892
2914
2984
2960
2701
2171
1543
1094
927
903
755
234
-600
-1384
-1823
-1879
-1750
-1797
-2241
-2902
-3421
-3554
-3281
-2845
-2583
-2631
-2851
-2967
-2768
-2217
-1501
-911
-619
-547
-471
-162
469
1241
1831
2084
2092
2088
2288
2709
3130
3319
3237
3009
2802
2711
2669
2546
2291
1942
1559
1167
774
380
-12
-394
-763
-1124
-1495
-1857
-2187
-2488
-2725
-2848
-2881
-2899
-2953
-3045
-3089
-2942
-2605
-2239
-1962
-1768
-1565
-1266
-843
-352
130
579
972
1251
1457
1720
2097
2549
2950
3133
3053
2880
2813
2914
3092
3165
2973
2508
1943
1494
1269
1212
1114
723
5
-784
-1347
-1566
-1547
-1590
-1935
-2534
-3112
-3415
-3354
-3060
-2811
-2814
-3014
-3176
-3082
-2672
-2074
-1534
-1216
-1059
-888
-563
-32
628
1212
1586
1786
1930
2148
2506
2919
3203
3263
3165
3043
3004
3022
2964
2715
2344
2017
1768
1489
1091
573
54
-319
-563
-854
-1289
-1802
-2254
-2528
-2614
-2664
-2814
-3040
-3210
-3236
-3113
-2897
-2679
-2503
-2308
-2041
-1726
-1381
-986
-565
-134
317
724
1043
1340
1669
2020
2388
2729
2950
3022
2997
2949
2956
3050
3136
3050
2708
2202
1737
1467
1389
1292
912
223
-520
-1053
-1276
-1314
-1455
-1877
-2461
-2972
-3231
-3201
-3019
-2908
-2966
-3136
-3257
-3167
-2806
-2260
-1751
-1449
-1317
-1186
-872
-275
467
1073
1406
1539
1647
1919
2399
2912
3259
3359
3241
3036
2924
3000
3162
3183
2914
2382
1769
1339
1175
1091
850
338
-395
-1102
-1515
-1628
-1676
-1890
-2351
-2922
-3313
-3348
-3145
-2958
-2951
-3096
-3213
-3093
-2709
-2232
-1820
-1515
-1299
-1080
-721
-182
426
955
1299
1466
1646
2013
2487
2873
3074
3108
3083
3108
3146
3108
3016
2916
2769
2485
2033
1529
1149
953
804
461
-166
-892
-1434
-1676
-1725
-1831
-2186
-2718
-3175
-3374
-3302
-3083
-2911
-2909
-3029
-3088
-2935
-2528
-1964
-1445
-1127
-966
-797
-468
90
785
1378
1695
1804
1898
2131
2534
2984
3270
3318
3205
3016
2850
2805
2841
2825
2654
2247
1626
1023
680
606
568
257
-445
-1294
-1881
-2001
-1852
-1838
-2196
-2809
-3332
-3457
-3195
-2838
-2665
-2736
-2908
-2939
-2668
-2159
-1608
-1186
-948
-801
-578
-163
409
991
1434
1692
1835
2010
2317
2691
2980
3112
3122
3086
3066
3030
2899
2689
2499
2354
2160
1796
1247
672
300
161
13
-403
-1076
-1752
-2165
-2250
-2219
-2357
-2731
-3172
-3457
-3451
-3204
-2928
-2789
-2779
-2788
-2671
-2324
-1789
-1223
-790
-535
-351
-56
437
1059
1620
1978
2148
2263
2450
2755
3090
3301
3323
3217
3067
2934
2821
2676
2474
2225
1917
1510
1013
521
149
-89
-316
-696
-1270
-1861
-2227
-2329
-2331
-2433
-2725
-3090
-3295
-3233
-2991
-2735
-2586
-2554
-2519
-2338
-1970
-1489
-1005
-634
-403
-198
126
589
1109
1561
1849
2000
2147
2365
2623
2857
3003
3025
2969
2881
2757
2601
2440
2281
2095
1826
1446
974
511
165
-53
-265
-606
-1117
-1693
-2117
-2265
-2254
-2310
-2550
-2919
-3211
-3251
-3033
-2731
-2519
-2458
-2470
-2403
-2116
-1609
-1042
-588
-318
-171
31
440
1027
1609
2011
2172
2181
2240
2488
2859
3161
3240
3065
2756
2511
2439
2469
2432
2184
1695
1107
638
399
282
88
-305
-873
-1451
-1824
-1944
-1963
-2050
-2301
-2677
-2968
-2992
-2799
-2564
-2423
-2433
-2479
-2364
-2041
-1618
-1222
-931
-730
-515
-197
215
636
999
1275
1485
1688
1924
2169
2365
2490
2560
2585
2588
2574
2507
2364
2192
2019
1831
1631
1386
1042
655
313
27
-205
-433
-758
-1167
-1560
-1849
-1984
-2026
-2105
-2290
-2543
-2730
-2723
-2539
-2304
-2148
-2108
-2088
-1951
-1653
-1256
-851
-516
-274
-79
155
484
895
1321
1652
1814
1866
1945
2122
2387
2616
2660
2507
2290
2154
2136
2141
2031
1734
1331
976
739
565
357
42
-357
-734
-1017
-1222
-1396
-1580
-1799
-2028
-2206
-2299
-2300
-2248
-2215
-2230
-2245
-2165
-1947
-1666
-1426
-1268
-1145
-949
-617
-224
116
352
510
682
954
1300
1615
1815
1892
1915
1979
2128
2293
2373
2312
2144
1956
1828
1769
1699
1539
1262
897
540
273
98
-48
-285
-660
-1080
-1412
-1580
-1624
-1693
-1888
-2149
-2351
-2410
-2326
-2184
-2092
-2057
-2012
-1920
-1739
-1464
-1151
-850
-584
-371
-180
66
409
804
1152
1371
1470
1548
1713
1972
2224
2349
2306
2156
2027
2006
2061
2070
1910
1583
1208
926
793
722
547
201
-243
-645
-876
-949
-1016
-1207
-1529
-1866
-2064
-2069
-1966
-1910
-1992
-2139
-2206
-2103
-1849
-1576
-1420
-1359
-1272
-1071
-746
-379
-86
108
269
473
761
1093
1384
1573
1662
1735
1878
2074
2241
2296
2212
2069
1979
1966
1959
1861
1616
1268
946
728
592
426
131
-279
-695
-1005
-1174
-1294
-1475
-1734
-2024
-2262
-2366
-2354
-2300
-2261
-2263
-2284
-2254
-2108
-1837
-1514
-1228
-1014
-849
-640
-305
115
514
832
1054
1227
1434
1698
1971
2203
2352
2394
2366
2334
2328
2330
2296
2181
1957
1674
1403
1171
962
741
459
105
-266
-594
-859
-1070
-1269
-1501
-1759
-1995
-2163
-2248
-2269
-2271
-2289
-2303
-2273
-2177
-2017
-1812
-1595
-1384
-1170
-938
-676
-377
-56
258
537
783
1028
1279
1530
1758
1936
2071
2182
2272
2326
2337
2304
2235
2138
2027
1890
1706
1461
1171
881
631
419
178
-154
-548
-910
-1177
-1344
-1482
-1686
-1963
-2225
-2393
-2433
-2374
-2299
-2283
-2313
-2303
-2193
-1961
-1641
-1336
-1109
-924
-713
-430
-47
370
720
975
1173
1368
1609
1893
2151
2313
2380
2387
2377
2388
2400
2353
2223
2025
1805
1582
1348
1094
807
509
221
-83
-413
-740
-1035
-1279
-1479
-1681
-1908
-2120
-2269
-2338
-2346
-2335
-2328
-2313
-2252
-2123
-1929
-1701
-1473
-1255
-1035
-782
-480
-147
175
460
705
939
1191
1465
1726
1927
2044
2110
2171
2263
2363
2388
2295
2125
1948
1821
1735
1606
1355
1005
651
368
172
0
-264
-633
-1008
-1303
-1483
-1587
-1714
-1907
-2118
-2280
-2347
-2310
-2216
-2129
-2082
-2041
-1950
-1768
-1496
-1190
-923
-711
-507
-262
44
396
727
988
1182
1353
1544
1765
1975
2124
2187
2188
2174
2159
2140
2093
1980
1798
1590
1373
1156
948
712
435
149
-140
-414
-664
-901
-1125
-1335
-1541
-1726
-1872
-1980
-2043
-2070
-2083
-2078
-2049
-1981
-1862
-1694
-1505
-1315
-1131
-942
-721
-451
-157
125
364
570
768
980
1215
1451
1645
1769
1830
1863
1904
1976
2042
2039
1943
1779
1600
1467
1370
1248
1065
807
499
214
-9
-183
-348
-565
-840
-1122
-1355
-1507
-1582
-1646
-1740
-1858
-1974
-2032
-1989
-1875
-1740
-1627
-1554
-1483
-1346
-1119
-833
-552
-331
-167
-2
221
507
798
1035
1197
1307
1415
1560
1711
1829
1890
1878
1821
1767
1713
1659
1579
1440
1252
1033
821
644
476
282
46
-222
-470
-659
-811
-955
-1122
-1311
-1474
-1575
-1618
-1633
-1652
-1678
-1693
-1666
-1577
-1450
-1314
-1186
-1062
-929
-764
-567
-346
-131
57
222
383
555
743
930
1099
1230
1316
1381
1446
1514
1575
1612
1605
1551
1465
1371
1285
1200
1098
968
802
594
378
188
16
-132
-266
-453
-695
-942
-1130
-1210
-1237
-1305
-1434
-1586
-1699
-1716
-1647
-1535
-1445
-1411
-1399
-1345
-1213
-991
-724
-510
-367
-255
-117
94
365
644
869
998
1066
1144
1288
1483
1645
1715
1694
1616
1553
1548
1560
1528
1416
1230
1012
815
669
552
405
195
-61
-312
-526
-688
-806
-923
-1077
-1261
-1437
-1538
-1562
-1549
-1538
-1563
-1609
-1605
-1524
-1380
-1221
-1092
-989
-880
-742
-546
-302
-72
108
250
389
560
769
981
1152
1266
1339
1405
1474
1557
1636
1670
1651
1575
1469
1384
1313
1226
1112
962
768
537
303
116
-31
-175
-351
-590
-861
-1087
-1229
-1302
-1356
-1449
-1594
-1737
-1821
-1816
-1725
-1599
-1510
-1474
-1450
-1376
-1203
-941
-654
-420
-275
-167
-15
228
546
855
1068
1175
1227
1312
1477
1685
1849
1908
1848
1736
1652
1635
1661
1640
1496
1251
975
750
616
513
359
113
-208
-517
-740
-872
-957
-1078
-1288
-1539
-1730
-1800
-1757
-1705
-1729
-1808
-1858
-1814
-1662
-1463
-1287
-1164
-1068
-941
-736
-460
-167
78
253
394
567
798
1064
1306
1471
1553
1604
1668
1771
1892
1965
1946
1839
1702
1585
1506
1438
1322
1129
875
596
334
127
-37
-198
-408
-692
-1003
-1263
-1419
-1478
-1515
-1609
-1772
-1957
-2066
-2023
-1860
-1686
-1589
-1587
-1596
-1497
-1249
-908
-585
-369
-254
-160
15
317
691
1016
1207
1260
1272
1367
1572
1815
1985
1998
1867
1703
1613
1635
1698
1674
1476
1153
831
625
544
482
321
23
-351
-670
-851
-920
-971
-1102
-1338
-1597
-1773
-1810
-1736
-1650
-1644
-1717
-1791
-1767
-1601
-1350
-1122
-987
-921
-842
-660
-362
-29
243
405
494
606
811
1088
1360
1535
1588
1572
1574
1654
1789
1895
1888
1755
1554
1383
1301
1272
1212
1052
771
433
146
-41
-130
-213
-401
-717
-1073
-1344
-1448
-1423
-1406
-1503
-1708
-1929
-2027
-1943
-1736
-1535
-1447
-1484
-1533
-1452
-1182
-793
-446
-262
-215
-174
-3
344
759
1078
1216
1207
1183
1295
1553
1832
1991
1945
1754
1583
1546
1625
1710
1662
1419
1072
762
595
561
528
359
29
-373
-695
-842
-862
-878
-1008
-1287
-1601
-1793
-1792
-1652
-1530
-1557
-1704
-1829
-1801
-1591
-1299
-1072
-975
-964
-923
-745
-426
-66
214
348
389
466
669
978
1288
1477
1510
1462
1452
1560
1747
1895
1901
1756
1553
1409
1372
1386
1352
1195
910
582
324
180
107
8
-214
-553
-895
-1134
-1239
-1257
-1308
-1461
-1688
-1898
-2000
-1949
-1810
-1692
-1663
-1715
-1747
-1654
-1418
-1103
-823
-655
-571
-473
-277
51
429
741
926
1006
1069
1220
1473
1755
1959
2006
1921
1815
1791
1872
1976
1976
1812
1529
1242
1053
970
911
774
493
109
-261
-513
-622
-672
-799
-1064
-1407
-1696
-1823
-1790
-1718
-1725
-1849
-2014
-2097
-2013
-1799
-1566
-1419
-1368
-1341
-1233
-993
-662
-340
-103
39
149
318
579
895
1179
1365
1453
1502
1585
1728
1893
2013
2044
1977
1865
1768
1715
1681
1618
1473
1243
977
728
527
367
195
-23
-305
-616
-896
-1093
-1223
-1332
-1480
-1679
-1879
-2016
-2054
-2013
-1954
-1927
-1932
-1925
-1849
-1678
-1449
-1214
-1018
-863
-696
-474
-191
122
411
637
815
988
1186
1415
1640
1812
1915
1957
1976
2005
2045
2069
2039
1936
1775
1595
1428
1281
1128
935
686
397
107
-141
-344
-533
-746
-996
-1254
-1472
-1626
-1727
-1808
-1893
-1982
-2061
-2087
-2051
-1963
-1851
-1743
-1642
-1517
-1350
-1138
-897
-657
-432
-211
10
245
501
751
975
1173
1340
1500
1659
1793
1894
1959
1990
2004
1998
1958
1886
1784
1651
1503
1342
1164
970
749
504
258
23
-198
-411
-630
-860
-1089
-1297
-1463
-1584
-1679
-1773
-1873
-1959
-2001
-1978
-1899
-1808
-1723
-1639
-1543
-1399
-1199
-972
-737
-517
-328
-139
79
324
589
832
1024
1175
1311
1450
1603
1744
1841
1893
1890
1852
1819
1787
1740
1664
1529
1348
1154
964
789
618
423
199
-47
-303
-528
-710
-867
-1019
-1193
-1387
-1554
-1664
-1711
-1721
-1736
-1772
-1803
-1796
-1720
-1586
-1439
-1305
-1188
-1070
-914
-710
-477
-241
-33
136
297
473
679
904
1099
1241
1337
1411
1500
1606
1696
1744
1739
1692
1629
1571
1510
1439
1338
1196
1023
834
653
486
322
144
-55
-270
-485
-685
-855
-998
-1131
-1263
-1403
-1544
-1648
-1698
-1708
-1697
-1688
-1689
-1670
-1608
-1498
-1347
-1186
-1036
-892
-744
-566
-344
-109
115
318
492
662
843
1031
1220
1384
1499
1575
1630
1683
1741
1775
1768
1718
1631
1525
1413
1297
1175
1031
851
639
413
206
31
-136
-317
-523
-749
-947
-1096
-1209
-1297
-1394
-1512
-1615
-1674
-1682
-1642
-1592
-1554
-1511
-1456
-1373
-1237
-1067
-891
-725
-589
-461
-290
-84
140
351
512
640
769
913
1083
1251
1374
1446
1484
1505
1545
1595
1621
1608
1543
1442
1333
1233
1138
1034
899
722
517
307
113
-51
-201
-370
-572
-793
-999
-1158
-1262
-1346
-1443
-1558
-1671
-1743
-1750
-1711
-1655
-1596
-1544
-1481
-1379
-1233
-1045
-840
-647
-470
-296
-106
117
357
587
791
957
1097
1241
1389
1532
1652
1722
1743
1735
1716
1697
1670
1608
1497
1346
1172
1010
860
701
517
297
62
-151
-336
-503
-672
-853
-1026
-1177
-1304
-1400
-1471
-1525
-1562
-1590
-1603
-1580
-1520
-1439
-1343
-1246
-1143
-1016
-867
-704
-527
-358
-195
-32
134
305
478
639
782
910
1023
1127
1224
1307
1374
1414
1427
1420
1405
1385
1347
1281
1187
1078
964
845
715
575
423
258
87
-88
-248
-391
-531
-686
-845
-995
-1111
-1188
-1253
-1325
-1392
-1449
-1471
-1441
-1388
-1333
-1274
-1214
-1131
-1004
-851
-690
-531
-383
-233
-65
112
298
481
644
786
910
1023
1139
1253
1343
1402
1428
1428
1415
1392
1358
1309
1231
1121
991
851
712
576
436
282
113
-70
-250
-402
-527
-644
-769
-902
-1031
-1126
-1180
-1215
-1244
-1266
-1282
-1281
-1253
-1206
-1130
-1035
-944
-865
-781
-672
-533
-380
-237
-117
-6
111
245
384
516
634
729
808
882
952
1025
1094
1143
1160
1149
1123
1106
1100
1085
1041
951
836
733
650
569
475
350
198
42
-100
-221
-322
-427
-554
-700
-842
-950
-1018
-1059
-1100
-1161
-1232
-1275
-1274
-1231
-1159
-1099
-1057
-1008
-932
-817
-664
-509
-373
-247
-124
11
168
340
507
647
751
840
935
1037
1140
1221
1258
1260
1244
1227
1215
1197
1154
1069
954
830
713
610
511
391
240
68
-96
-233
-334
-419
-534
-681
-821
-922
-974
-999
-1030
-1086
-1138
-1166
-1163
-1127
-1063
-1006
-956
-909
-859
-779
-658
-521
-394
-294
-213
-120
5
153
305
427
513
587
665
763
877
974
1035
1063
1069
1074
1096
1122
1129
1097
1026
938
854
784
722
637
514
372
222
79
-41
-151
-270
-398
-543
-693
-817
-902
-960
-1017
-1084
-1157
-1212
-1228
-1203
-1159
-1112
-1067
-1017
-949
-853
-732
-598
-459
-329
-205
-83
50
203
357
497
614
703
783
872
964
1043
1093
1106
1098
1083
1073
1061
1025
961
870
766
668
585
495
388
265
127
-2
-110
-205
-297
-396
-503
-603
-686
-743
-778
-812
-847
-882
-906
-905
-878
-841
-803
-765
-728
-679
-607
-523
-434
-351
-273
-195
-113
-21
76
169
251
323
387
451
522
589
642
679
701
716
734
750
756
746
719
681
636
596
556
508
445
366
276
193
126
66
-3
-90
-188
-282
-353
-398
-439
-493
-558
-622
-668
-686
-680
-672
-673
-683
-689
-669
-620
-557
-500
-451
-407
-355
-292
-212
-120
-34
41
101
153
216
298
379
445
489
516
543
574
609
636
647
644
625
595
569
549
524
486
430
358
292
236
186
128
58
-24
-100
-164
-215
-266
-323
-383
-435
-477
-506
-526
-545
-561
-570
-574
-567
-546
-518
-487
-457
-423
-379
-325
-266
-210
-157
-100
-36
26
84
138
191
242
295
341
376
405
432
455
474
487
491
487
477
463
443
419
395
368
331
290
243
194
151
114
73
24
-29
-81
-127
-164
-200
-237
-270
-306
-341
-370
-391
-405
-411
-417
-427
-439
-441
-431
-410
-386
-362
-342
-325
-297
-255
-204
-154
-109
-68
-24
27
81
140
197
247
290
328
368
410
449
479
501
510
514
516
513
501
485
456
420
375
323
272
224
171
105
31
-42
-108
-160
-211
-269
-335
-395
-436
-461
-480
-500
-522
-538
-537
-520
-494
-463
-432
-403
-367
-320
-263
-200
-137
-85
-39
7
61
123
181
227
259
280
300
330
361
383
389
380
365
356
353
351
340
316
280
245
219
202
185
161
130
91
56
31
12
-5
-22
-48
-83
-116
-140
-152
-155
-167
-197
-231
-256
-269
-267
-265
-279
-300
-322
-328
-317
-301
-290
-285
-285
-277
-253
-218
-177
-145
-117
-87
-49
-2
50
98
142
183
220
260
300
337
370
399
415
422
427
431
432
428
408
376
342
309
274
236
189
136
79
28
-24
-74
-120
-166
-213
-258
-297
-327
-349
-365
-383
-395
-402
-401
-391
-374
-356
-339
-318
-291
-257
-221
-184
-152
-123
-89
-53
-10
28
53
75
98
123
156
188
206
214
220
228
247
268
279
279
276
270
269
277
281
279
268
251
235
219
208
194
175
153
121
83
46
15
-12
-37
-72
-122
-172
-214
-242
-264
-289
-324
-359
-387
-404
-409
-404
-404
-401
-394
-383
-362
-325
-281
-238
-197
-158
-115
-59
5
65
121
166
208
255
304
348
383
409
426
435
443
448
447
436
416
385
351
319
283
243
201
151
97
49
-2
-47
-83
-123
-165
-205
-247
-275
-288
-298
-311
-324
-342
-347
-337
-319
-304
-292
-287
-275
-254
-224
-193
-169
-148
-129
-108
-78
-46
-21
6
31
49
71
96
118
144
171
187
201
215
232
251
271
281
283
283
285
287
290
284
272
255
235
210
190
168
140
107
67
21
-19
-51
-82
-115
-156
-202
-242
-270
-288
-304
-318
-339
-357
-367
-360
-344
-324
-303
-292
-277
-250
-209
-163
-116
-81
-53
-16
27
69
115
152
180
207
229
244
263
283
298
306
298
283
269
263
262
253
227
195
160
134
118
103
81
51
13
-21
-41
-55
-65
-76
-102
-133
-153
-164
-163
-156
-164
-181
-195
-208
-204
-187
-177
-175
-179
-186
-182
-165
-141
-121
-111
-110
-101
-83
-56
-25
-3
12
26
41
66
97
121
141
158
166
176
194
211
227
232
228
217
212
209
210
206
185
155
127
104
88
76
51
13
-28
-60
-79
-91
-108
-136
-167
-194
-209
-211
-208
-210
-219
-227
-227
-221
-203
-179
-159
-149
-140
-126
-102
-67
-33
-10
4
14
29
61
92
114
128
133
132
141
157
173
181
177
166
155
148
149
153
146
129
105
84
70
65
60
50
26
-4
-28
-37
-40
-40
-51
-77
-103
-119
-119
-106
-103
-115
-131
-147
-149
-130
-110
-102
-105
-113
-115
-102
-77
-52
-35
-35
-37
-28
-11
16
41
54
56
54
56
76
97
112
117
109
96
94
105
119
122
108
87
73
69
71
75
67
44
21
6
-1
3
3
-7
-28
-54
-67
-63
-51
-47
-59
-81
-98
-98
-81
-63
-61
-75
-88
-91
-82
-60
-43
-40
-48
-54
-51
-33
-13
1
5
0
-5
3
23
39
49
51
46
43
48
61
75
82
78
67
60
59
69
80
78
64
45
35
35
41
44
35
13
-8
-16
-15
-8
-10
-26
-45
-58
-62
-55
-47
-50
-59
-69
-77
-73
-60
-48
-44
-49
-55
-54
-43
-27
-14
-10
-15
-19
-12
3
17
22
23
19
18
22
31
40
45
43
37
33
34
39
47
48
42
35
30
30
33
39
36
29
21
14
13
16
18
15
8
-4
-13
-12
-6
-7
-16
-27
-36
-36
-35
-35
-39
-45
-49
-51
-51
-49
-49
-45
-44
-43
-42
-39
-32
-25
-17
-13
-11
-5
3
12
19
24
28
34
38
41
46
49
50
53
50
50
49
46
42
41
38
33
28
18
14
12
10
4
-7
-14
-17
-16
-16
-19
-26
-34
-33
-29
-25
-26
-30
-33
-30
-27
-26
-20
-17
-17
-18
-20
-18
-11
-6
-3
-6
-10
-12
-8
-3
4
6
1
-7
-8
-2
8
15
12
5
-1
2
11
23
26
20
12
12
19
26
29
31
28
23
18
17
23
30
30
21
8
1
4
12
15
7
-7
-17
-20
-14
-8
-10
-19
-29
-36
-32
-27
-22
-20
-26
-33
-36
-31
-21
-13
-14
-18
-22
-20
-14
-6
1
5
2
-5
-8
-1
11
20
20
11
3
5
15
26
31
25
17
13
15
24
31
31
29
22
15
16
23
30
31
22
11
4
8
15
16
10
-1
-10
-15
-13
-9
-9
-17
-28
-37
-39
-33
-28
-28
-35
-44
-48
-42
-33
-26
-25
-29
-31
-28
-21
-12
-3
3
4
2
3
12
25
33
33
29
25
28
37
45
46
40
32
26
30
37
37
29
20
11
8
11
11
8
2
-7
-12
-13
-11
-11
-14
-19
-23
-26
-25
-22
-19
-19
-22
-26
-26
-24
-19
-15
-15
-17
-19
-17
-13
-8
-6
-7
-8
-8
-4
1
3
3
2
4
7
10
10
12
13
15
18
18
17
18
19
23
23
20
17
18
22
21
17
13
11
11
11
6
3
0
-1
-2
-5
-8
-13
-14
-15
-15
-15
-17
-21
-21
-21
-18
-14
-15
-18
-20
-19
-13
-7
-5
-7
-9
-7
-3
2
1
1
4
6
6
4
4
7
12
13
10
4
3
8
13
13
10
6
6
7
8
10
11
10
9
5
4
7
11
13
9
3
0
