SAMPLES:	9584
BITSPERSAMPLE:	16
CHANNELS:	1
SAMPLERATE:	16000
NORMALIZED:	FALSE
-67
-54
-117
-115
-120
-130
-66
-43
-8
-24
-34
-35
-38
-27
9
43
3
10
17
-30
11
67
77
114
108
124
59
1
29
37
19
63
105
17
-17
-43
-44
0
1
51
52
-34
-13
-53
-31
17
41
6
54
-16
-56
-17
-39
-14
8
-15
30
-3
-44
24
-32
16
-1
-16
20
-4
-70
-80
-1
-122
-69
-16
-45
25
-97
-36
-141
-170
-80
-105
-33
-66
-68
-159
-133
-87
-112
55
-2
5
33
-27
80
45
71
138
35
63
43
22
47
56
113
157
196
190
176
96
19
33
11
10
103
80
5
25
26
-31
-47
36
93
-3
-32
46
-55
-69
-46
-40
57
-14
23
67
4
-8
-43
-18
-34
-2
-2
75
35
-34
45
-49
23
66
37
53
-3
-50
-70
-18
-8
-1
-14
-6
8
-64
-10
-68
-123
-65
-135
-103
-27
16
-49
46
29
-7
-7
-29
88
-24
5
83
63
31
87
66
40
126
86
92
123
73
103
19
88
113
52
132
12
56
65
-17
24
15
-68
63
-34
4
11
-27
51
-79
-11
25
22
-57
26
91
-64
39
-12
-38
2
-55
84
8
17
-26
-65
25
31
85
37
74
-4
-100
-3
63
19
11
47
9
-52
-22
33
14
-77
27
8
-109
-7
-19
-11
-60
23
1
0
-8
52
-13
-30
97
-75
36
70
-79
75
-34
58
22
-41
114
-8
-30
103
74
-23
50
9
-26
13
46
79
47
-64
25
-72
-60
36
-44
-16
-48
-181
-37
-1
23
86
47
182
-117
-119
-8
-151
-52
-40
52
54
-62
7
36
33
-39
103
71
-84
-34
-113
-57
-59
-58
234
0
-125
37
-88
36
15
7
-22
-189
-24
-107
-32
148
30
-90
-50
18
-42
-74
187
70
-195
-17
17
20
121
88
-23
-77
-9
52
77
67
160
13
-94
163
-20
-107
57
-30
-36
83
58
137
-41
-132
41
-17
-25
60
-14
69
-66
-195
104
-4
-15
122
35
-62
-51
-46
93
-110
-48
127
-156
-19
16
-183
69
-192
-266
-38
-178
93
-56
-98
5
-370
-160
-29
-163
-92
-39
36
-254
-13
-68
-94
-153
-61
111
-188
95
38
-141
19
-104
7
3
16
-26
-157
-92
-30
-22
21
267
53
60
-8
-49
-160
-141
-15
-139
-83
-95
17
-14
-9
67
-52
-8
-17
69
56
48
-1
-42
-54
-140
-16
-7
-34
10
62
69
109
162
7
133
107
3
191
-17
-104
21
-339
82
68
-172
109
-53
-38
44
95
-45
70
-62
-87
100
-116
136
50
-155
177
15
-68
138
-61
59
144
-49
-12
-38
-67
107
5
80
207
-121
87
32
67
62
14
-141
-222
-104
-11
152
-7
-56
-82
4
161
186
109
-31
-66
62
116
245
139
76
35
-185
-177
-72
-200
2
-27
-68
185
85
140
71
11
138
-44
-107
36
-88
-64
-22
69
-125
-32
28
29
118
12
187
-90
-75
11
-94
-23
139
101
356
255
112
114
-126
-135
-112
-52
200
178
158
45
-101
-72
10
-38
74
146
30
109
45
-99
-56
-63
-97
-9
-72
233
77
121
57
-29
-124
-102
158
174
553
315
89
-16
-156
-57
70
266
368
243
75
132
54
89
220
-45
-132
78
-43
-7
18
-248
-2
-228
-137
39
-369
-52
-68
-218
154
-19
-151
4
-27
164
59
-56
192
-247
-64
-18
138
253
-169
110
-146
-99
84
120
210
11
20
58
-78
-40
-54
159
-42
116
-118
-94
49
-36
-22
12
95
-1
66
119
-13
61
-89
48
94
-87
112
-23
-41
28
-61
230
175
37
84
74
13
120
25
30
-23
-83
-11
-262
-85
-125
-240
-62
-108
-41
-47
157
-8
-153
-171
-241
-205
-237
21
4
43
-248
-172
12
-168
17
131
-48
98
-130
-25
234
-46
280
-55
-58
145
-143
25
36
-67
-109
-25
77
-6
-100
-44
108
-106
-116
182
-70
-33
-106
-115
152
43
48
225
168
-69
94
149
-36
-149
-42
42
186
-76
216
176
-173
147
-103
-126
216
-110
127
-66
-29
-19
-396
-267
-180
-564
-254
190
-75
209
-339
-174
-211
-301
185
-49
110
-45
50
61
266
370
22
259
8
352
261
121
392
-165
-233
139
-50
394
140
482
515
168
352
-172
-84
-227
51
142
53
-275
-267
-395
-361
298
-190
108
-83
-352
-19
-250
10
-54
-379
-433
-165
-246
102
318
95
98
-203
-121
-379
-46
50
41
34
-189
2
-232
-96
-15
-203
-78
-132
40
-136
-144
1
-53
-187
-236
-179
-174
-200
-18
12
8
136
-80
33
-58
-23
181
153
382
174
-161
129
-80
39
136
283
188
60
176
-55
18
94
49
-116
-55
-19
-132
-104
-10
-121
-17
-120
-146
-85
8
-61
-13
-11
-236
-221
-363
-74
108
109
48
-118
-205
-119
66
189
263
-13
95
32
-71
-78
45
-37
-72
126
226
64
-139
-26
-251
-75
128
300
244
119
103
-32
174
102
122
291
30
-164
-268
85
148
471
484
599
400
132
33
119
-39
-13
244
-37
377
191
321
115
-322
164
-152
260
344
257
-54
-493
-140
-255
-170
-73
21
-341
-160
-66
-42
-141
-251
-82
-347
-79
113
-29
-256
-458
-326
-336
-96
86
356
-127
-210
-119
-617
-124
-66
182
385
145
162
-220
-399
-140
-37
-22
55
16
-361
-150
-158
114
332
308
717
-164
-87
4
-55
261
308
479
62
-263
-109
87
176
466
524
203
-49
-73
86
45
-8
416
24
333
457
359
97
-181
-42
-59
68
117
151
-230
-384
39
-222
185
231
-141
14
-263
26
-362
-355
-219
-492
-328
-72
-94
-170
-35
48
1
-183
-61
-228
-226
-253
-19
-152
-100
180
-166
146
-78
-142
78
-31
366
332
90
209
-18
-92
-107
20
51
395
333
488
166
-228
183
-228
-74
372
87
339
147
98
402
-20
676
486
357
387
194
159
173
151
-69
79
173
127
103
-151
418
-26
239
169
-211
121
-326
-24
-320
-64
-33
-145
-7
-154
-135
-201
-141
-224
-359
-237
-122
2
-49
-146
-282
-530
-202
-13
383
250
18
-120
-546
-283
-383
-145
-68
-63
-53
-456
-89
-236
-221
-41
-70
76
-85
37
-81
-243
-322
44
118
310
538
142
128
-146
-132
113
161
362
171
-206
-56
-222
66
190
229
437
290
369
256
326
176
205
79
-91
-77
-283
-241
-249
-113
-58
-134
48
-178
-259
-105
-169
-245
-280
-96
-184
-274
-72
13
-158
-81
11
-77
9
-94
175
-205
-314
-155
-276
37
-197
4
-7
-141
-186
-295
-47
-241
-149
-30
-61
-164
-124
-143
-207
-93
-129
121
360
351
164
223
136
162
13
164
381
31
152
224
268
234
182
126
301
332
439
519
113
173
-343
-200
42
-250
124
-55
-16
57
-27
213
-6
-162
-199
-286
-158
11
-121
-181
-64
-244
-285
-189
-330
-53
-127
21
72
-176
-161
-352
-203
-110
-104
-134
-299
-318
-370
-265
-187
-178
-259
-123
-118
-234
-160
-404
-259
-255
-148
172
-124
-72
-322
-310
-130
-83
309
296
261
152
434
300
329
200
15
57
-264
36
276
352
201
362
353
323
528
252
419
91
-65
55
-95
-41
-24
-21
-40
-58
-93
83
139
99
143
28
-102
-211
-162
-52
-54
-66
174
56
21
31
-52
-6
-235
-142
-36
-129
-131
-176
-268
-191
100
300
241
198
-3
-290
-159
-38
99
163
179
415
318
290
328
289
143
89
337
207
192
138
106
108
15
180
189
58
-33
135
99
112
176
139
225
-3
91
189
318
509
321
410
124
-18
-20
16
57
-22
46
-120
-60
-77
58
130
-44
4
-190
-54
39
-78
105
-48
-87
-184
-287
-225
-213
-103
-278
-176
-302
-442
-435
-488
-276
-335
-197
-186
-32
-56
75
216
-96
85
43
-54
-26
-85
-3
-51
-61
-54
201
246
409
421
431
501
255
236
286
219
135
128
196
26
12
158
225
98
93
186
68
101
51
71
87
43
122
103
76
92
191
309
28
83
1
-149
-162
-198
72
122
70
73
-19
-116
-62
-66
-74
-65
-170
-83
-188
-338
-288
-308
-215
-224
-156
-28
-104
-182
-300
-438
-607
-618
-582
-482
-412
-346
-224
-166
-60
-7
65
117
13
39
-57
-120
-55
-141
-87
-87
-131
-104
-34
103
96
163
275
497
561
470
486
256
150
77
68
165
96
246
199
285
77
-63
-114
-279
-72
60
263
259
216
277
224
394
487
509
487
317
297
163
262
25
-42
-58
-182
-82
-74
154
183
174
287
225
193
242
291
185
18
-77
-217
-367
-406
-444
-467
-421
-261
-200
-210
-137
-186
-123
5
154
284
288
177
-23
-116
-251
-189
-243
-302
-285
-432
-493
-509
-510
-467
-430
-418
-487
-462
-565
-602
-571
-599
-508
-474
-477
-474
-503
-579
-628
-662
-618
-647
-632
-592
-655
-627
-519
-402
-346
-143
-68
-101
-214
-363
-343
-423
-455
-323
-393
-349
-290
-293
-230
-321
-364
-421
-520
-447
-298
-152
-19
65
159
281
452
643
826
918
1146
1290
1363
1541
1553
1598
1606
1647
1807
1866
1960
2005
1987
2044
2029
2127
2329
2261
2449
2481
2370
2344
2065
1984
1779
1513
1426
1198
1074
944
871
928
898
865
759
693
483
384
153
-219
-681
-1282
-1848
-2471
-3127
-3612
-4132
-4556
-4797
-5173
-5279
-5364
-5333
-5148
-4897
-4667
-4434
-4257
-4191
-4057
-4027
-3884
-3758
-3658
-3399
-3232
-3000
-2617
-2211
-1670
-1065
-531
78
634
1056
1472
1882
2110
2342
2501
2589
2602
2508
2550
2415
2220
2197
2083
2010
2080
2329
2463
2694
2939
3116
3407
3676
4042
4306
4485
4564
4576
4526
4472
4362
4241
4178
4176
4202
4277
4319
4355
4398
4410
4380
4505
4519
4533
4225
3895
2911
2105
1227
32
-580
-2192
-3142
-4432
-5520
-5940
-6865
-6885
-7070
-7201
-6979
-6667
-6060
-5682
-5244
-5263
-5128
-5006
-4822
-4552
-4693
-4761
-4767
-4871
-4371
-4119
-3549
-3000
-2704
-2063
-1524
-740
-295
70
203
153
180
108
-10
-382
-819
-1165
-1530
-1472
-1383
-1437
-1269
-1244
-982
-489
84
715
1116
1552
1945
2354
2785
3203
3509
3611
3768
3842
3882
4168
4157
4316
4229
4345
4468
4583
4697
4805
5023
5200
5475
5542
5779
5714
5667
5615
5389
5411
4960
4920
4600
4280
4307
3829
3994
3509
3458
3347
3106
2941
2041
1306
300
-601
-1222
-2572
-3594
-4921
-6068
-6684
-7572
-7731
-8153
-8486
-8385
-8441
-7921
-7573
-7229
-7081
-7043
-6724
-6324
-5656
-5517
-5368
-5320
-5202
-4759
-4279
-3639
-2838
-2406
-1396
-575
278
1191
1464
1902
1688
1799
1568
1265
814
-22
-518
-1170
-1378
-1500
-1556
-1316
-1216
-761
-174
236
767
903
1024
1121
1172
1415
1345
1284
1221
1334
1710
2144
2707
3140
3643
4071
4550
5205
5670
5947
5977
5855
5503
5378
5078
4822
4460
4057
3797
3488
3396
3336
3368
3282
3326
3426
3414
3533
3477
3077
3115
2652
2559
2453
1630
1114
-135
-922
-1553
-2507
-2960
-4344
-4916
-5839
-6168
-6229
-6603
-6434
-6991
-6849
-6616
-6491
-5797
-5817
-5739
-5797
-5767
-5065
-4905
-4464
-4538
-4400
-4073
-3511
-2543
-1910
-1030
-427
309
1457
2247
3240
3655
3716
3495
2883
2450
1482
480
-857
-2109
-3144
-3970
-4185
-4518
-4331
-4108
-3584
-2642
-1834
-752
-68
334
575
442
357
45
-272
-612
-887
-985
-894
-316
310
1232
2200
3136
4347
5199
6212
6839
7123
7237
6827
6556
5982
5469
4997
4265
3931
3337
3322
3362
3339
3979
3887
4736
5055
5436
5873
5619
5795
5406
5237
4769
4039
2700
1387
-26
-1270
-1821
-3023
-3911
-4924
-5872
-6011
-6390
-6227
-6210
-6557
-6491
-6443
-6237
-5850
-5919
-6157
-6435
-6485
-6336
-5891
-5707
-5658
-5459
-5156
-4190
-3369
-2396
-1301
-515
500
1596
2548
3466
3872
4019
3877
3584
3074
2329
1307
-114
-1400
-2630
-3516
-4248
-4843
-4931
-4991
-4625
-3940
-3116
-2233
-1346
-504
29
475
658
690
431
84
-155
-477
-521
-432
-170
294
968
1810
2889
3961
4990
5891
6690
7255
7604
7604
7435
7052
6392
5906
5116
4462
3775
3222
3027
2733
3017
3079
3609
4063
4513
5231
5339
6065
6047
6269
6338
5740
5327
3611
2495
974
-269
-1331
-3250
-4594
-6451
-7142
-7737
-7980
-7778
-8024
-7759
-7610
-7033
-6215
-6017
-5740
-6054
-6397
-6289
-6313
-6004
-6318
-6519
-6380
-5946
-4734
-3713
-2278
-1133
30
1404
2693
4176
5071
5580
5691
5310
5060
4430
3641
2402
844
-391
-1523
-2261
-2858
-3525
-3962
-4264
-4089
-3718
-3080
-2487
-2080
-1519
-1225
-611
-309
-245
-159
-482
-349
-234
-160
142
208
578
1010
1738
2567
3360
4093
4735
5605
6090
6803
7000
6957
6928
6556
6523
5854
5496
4565
4008
3494
2909
2996
2341
2673
2542
2822
3555
3794
4578
5005
5368
5911
6066
6168
5448
4110
2871
991
-268
-2133
-3866
-5877
-7897
-8626
-9788
-9702
-9720
-9421
-8969
-8573
-7447
-6595
-5770
-5562
-5749
-6079
-6184
-6135
-6113
-6483
-6630
-6814
-6041
-4877
-3621
-1771
-565
1042
2531
4238
5956
6952
7414
7318
6743
6181
5378
4237
2677
811
-828
-2291
-3017
-3903
-4395
-4826
-5173
-4920
-4445
-3485
-2815
-2296
-1743
-1404
-795
-306
-30
-67
-294
-246
-241
158
632
928
1406
1789
2516
3454
4324
5175
5577
6118
6531
6871
6999
6935
6462
5965
5411
4813
4236
3384
2606
1627
1134
775
555
630
695
826
1402
1862
2825
3464
4142
4988
4993
5378
4661
3608
2561
1095
-189
-1868
-3604
-5454
-6872
-7879
-8083
-8374
-8217
-8037
-7735
-7140
-6244
-5313
-5031
-4651
-5221
-5270
-5540
-5535
-5546
-6025
-6078
-6032
-5213
-4044
-2556
-1194
262
1670
3403
5116
6753
7737
8144
8068
7548
7164
6182
5203
3420
1335
-418
-2013
-2978
-3855
-4737
-5398
-5905
-5699
-5048
-4386
-3730
-3401
-3021
-2659
-1953
-1377
-1195
-1173
-1657
-1614
-1625
-1128
-585
-347
262
646
1446
2404
3322
4170
4792
5398
5922
6173
6374
6219
5903
5432
4855
4322
3524
2840
1949
1274
689
337
248
-18
532
643
1431
2335
2919
4120
4454
5490
5868
6009
5939
4825
3688
2337
1098
-238
-1940
-3644
-5053
-6235
-6420
-6768
-6576
-6402
-6283
-5581
-5164
-4061
-3769
-3610
-4020
-4594
-4774
-5020
-4979
-5448
-5753
-5805
-5242
-4198
-2836
-1592
-191
1103
2675
4345
5751
6940
7307
7279
6849
6221
5550
4397
2714
944
-973
-2401
-3463
-4274
-5084
-5771
-6061
-6036
-5487
-4912
-4051
-3583
-3209
-2582
-2179
-1612
-1263
-1291
-1483
-1628
-1562
-1207
-848
-491
-71
256
964
1875
2756
3683
4371
4909
5458
5921
6101
6396
6133
5863
5363
4623
4143
3262
2775
1934
1510
826
866
895
971
2107
2121
3603
4200
5148
6346
6671
7706
7352
7118
5854
4796
3487
1943
761
-1721
-3104
-4617
-5780
-5785
-6274
-5928
-5621
-5540
-4661
-4258
-3524
-3298
-3514
-4054
-4729
-4982
-5562
-5753
-6503
-6925
-6779
-6406
-5302
-4206
-2912
-1428
-60
1557
3269
4537
5512
5776
5659
5181
4568
3796
2512
1000
-946
-2285
-3708
-4539
-5205
-6172
-6323
-6634
-6172
-5575
-4814
-3916
-3508
-2741
-2233
-1551
-1213
-971
-953
-1285
-1122
-955
-596
-205
143
732
1363
2406
3556
4591
5651
6416
7281
7935
8549
8813
8701
8357
7754
6971
6377
5409
4548
3581
2506
2112
1312
1634
1478
1786
2431
2804
3829
4487
5470
5917
6534
6296
5901
4816
3393
2551
466
-489
-2619
-4387
-5451
-6669
-6609
-6969
-6593
-6298
-6085
-5325
-4768
-4060
-3916
-4078
-4608
-5520
-5679
-6338
-6606
-7155
-7781
-7704
-7413
-6278
-5108
-3829
-2346
-1002
662
2358
3957
5092
5600
5803
5402
4886
4395
3269
2053
295
-1169
-2279
-3554
-3801
-4796
-5164
-5275
-5209
-4202
-3908
-2776
-2324
-1848
-1204
-742
-269
-390
-238
-819
-1078
-1054
-961
-542
-474
-22
685
1354
2740
3840
4829
5856
6576
7496
8004
8488
8412
8124
7445
6670
5904
5036
4189
3055
2374
1401
1236
900
1153
1535
1680
2752
3006
3906
4820
5139
5701
5329
4666
3534
2186
1170
-589
-2021
-3961
-5590
-6583
-7497
-7064
-7440
-6902
-6359
-6158
-4892
-4185
-3342
-3220
-3403
-3879
-4450
-4629
-5082
-5634
-6315
-6871
-6716
-6386
-5291
-4078
-3114
-1542
-316
1377
3010
4260
5286
5558
5616
5328
4886
4204
3130
1722
199
-1145
-2290
-3287
-4083
-4739
-5193
-5358
-5131
-4730
-4159
-3542
-2913
-2337
-1780
-1127
-734
-615
-567
-608
-896
-864
-854
-841
-605
-343
296
964
1797
2855
3784
4762
5906
6766
7548
8058
8144
8156
7718
7199
6593
5647
4580
3660
2696
1825
1439
1060
1261
1300
2008
2705
3236
4501
5150
6231
6298
6584
5636
4133
3468
1375
222
-1968
-4029
-5704
-7465
-7696
-8145
-8185
-7620
-7188
-6436
-5157
-4017
-3130
-2866
-2717
-3328
-3598
-3866
-4473
-5094
-6265
-6532
-6908
-6231
-5256
-4302
-2990
-1609
107
1846
3644
5072
5833
6083
6104
5589
5045
4000
2734
854
-886
-2196
-3754
-4357
-5235
-5721
-5811
-5977
-5145
-4869
-4067
-3353
-3189
-2484
-2220
-1600
-1546
-1432
-1395
-1837
-1608
-1661
-1233
-918
-472
275
728
1815
2755
3721
4748
5476
6373
6947
7516
7930
7847
7960
7649
7365
6883
6061
5551
4459
4140
3453
2852
2944
2312
2912
2829
3458
4144
4540
5672
5939
6803
6557
6613
5421
4144
3286
1225
243
-2158
-4051
-5636
-7255
-7495
-8063
-8155
-7881
-7774
-7041
-6282
-5327
-4675
-4404
-4424
-4946
-4871
-5173
-5399
-5857
-6614
-6619
-6469
-5548
-4533
-3520
-2325
-1019
605
2422
4099
5331
5931
6152
5972
5631
5089
4033
2677
781
-774
-2320
-3321
-4277
-5394
-5930
-6754
-6387
-6053
-5361
-4503
-4311
-3375
-2941
-2040
-1298
-914
-694
-893
-691
-673
-184
201
512
935
1259
2162
2961
3866
4830
5553
6395
7199
7812
8222
8288
8250
8062
7558
7237
6287
5523
4612
3597
3136
2008
2122
1347
1551
1863
1932
3122
3118
4566
4826
5765
6426
6035
6018
4090
3532
1674
283
-1000
-3749
-5099
-7033
-7878
-8036
-8477
-8058
-7997
-7604
-6607
-5795
-4607
-4352
-4005
-4574
-4755
-4693
-5171
-5217
-6244
-6647
-6731
-6197
-5035
-4072
-2774
-1492
19
1905
3782
5388
6408
6766
6838
6391
5984
5150
3809
2078
-66
-1542
-3202
-4155
-4996
-6167
-6399
-6914
-6407
-5741
-5160
-4102
-3728
-2881
-2075
-1273
-661
-456
-326
-732
-611
-437
-331
187
207
904
1421
2216
3586
4340
5444
6202
6936
7576
7943
8252
7961
7696
7109
6387
5547
4552
3538
2560
1769
1137
769
396
753
754
1355
2003
2825
3594
4564
5329
5716
6071
5466
4802
3223
2241
824
-627
-2232
-4274
-5536
-7006
-6979
-7477
-7346
-6849
-6747
-5822
-5331
-4364
-4082
-3859
-4216
-4554
-5056
-5158
-5552
-6092
-6661
-6760
-6424
-5622
-4341
-3454
-1915
-587
1232
3010
4498
5806
6334
6554
6435
5974
5109
4315
2529
913
-906
-2302
-3363
-4546
-5117
-6206
-6392
-6353
-5834
-5128
-4669
-3620
-3431
-2611
-1805
-1258
-759
-682
-487
-821
-662
-281
-10
324
668
1301
1989
2707
4145
4736
5756
6568
7112
7895
7923
8328
7905
7606
7017
6317
5511
4443
3679
2178
2020
809
701
740
290
1201
1012
2241
2796
3633
4749
5196
5673
5575
5361
3867
3179
1537
117
-1255
-3293
-4520
-6086
-6615
-6832
-7205
-6890
-6569
-6234
-5364
-4658
-3910
-3843
-3770
-4098
-4682
-4650
-5233
-5337
-6092
-6313
-6270
-5851
-4687
-3905
-2539
-1478
196
1737
3305
4705
5523
5869
5994
5775
5195
4591
3398
1886
190
-1268
-2700
-3614
-4610
-5518
-5929
-6571
-5939
-5791
-5141
-4263
-4001
-3064
-2423
-1537
-1021
-693
-453
-484
-364
-240
131
273
562
1043
1435
2211
3193
4089
5196
5954
6846
7593
8028
8445
8416
8320
7821
7235
6381
5478
4475
3455
2569
1817
986
839
855
719
1396
1659
2599
3296
4178
5143
5633
5751
5680
4595
3270
2554
692
-216
-2323
-4115
-5472
-6870
-6673
-7235
-6883
-6694
-6301
-5549
-4829
-3663
-3381
-3098
-3341
-3943
-4091
-4326
-4770
-5234
-6250
-6349
-6328
-5457
-4378
-3521
-2179
-1212
708
2222
3854
5149
5646
6047
5956
5673
5253
4262
2796
1315
-676
-1758
-3157
-4201
-5165
-6163
-6397
-6735
-6048
-5721
-5037
-4188
-3640
-2574
-2051
-1082
-837
-726
-445
-667
-383
-315
-7
186
330
1120
1638
2583
3799
4709
5802
6575
7532
8026
8426
8705
8489
8205
7539
6760
5830
4563
3789
2547
1719
1061
445
316
260
788
966
2116
2510
3585
4402
4762
5939
5050
5366
3814
2677
1801
-24
-695
-3154
-4439
-5947
-7044
-6857
-7271
-6886
-6622
-6513
-5471
-5173
-4119
-3727
-4098
-4011
-5019
-4760
-5267
-5479
-5906
-6957
-6621
-6694
-5459
-4557
-3445
-2095
-889
1070
2825
4296
5676
6169
6518
6535
6242
5864
4575
3351
1551
-47
-1285
-2578
-3627
-4958
-5604
-6076
-6186
-5562
-5277
-4759
-4070
-3442
-2511
-1872
-1065
-631
-718
-378
-397
-190
-156
180
307
462
1375
1897
2869
3696
4615
5533
6219
7205
7636
7901
8063
7818
7506
6793
6093
5021
3822
2981
1803
975
372
-447
-857
-752
-714
45
789
1469
2351
3006
4080
4916
5496
5529
5357
3964
2888
2225
374
-179
-2183
-3944
-5049
-6256
-5982
-6309
-6184
-5985
-6014
-5326
-4648
-3940
-3712
-4016
-4278
-5167
-5137
-5265
-5809
-6013
-7071
-6889
-6695
-5575
-4155
-3282
-1794
-511
1340
3173
4850
6056
6540
6807
6739
6470
5874
4838
3212
1363
-203
-1789
-2620
-3982
-4930
-5785
-6485
-5926
-6007
-5178
-4755
-4381
-3451
-2841
-1974
-1648
-1237
-1203
-1165
-1021
-777
-385
-428
-44
470
746
1924
2729
3409
4379
4813
5961
6447
6918
7167
6909
6698
6299
5794
4879
4077
3053
1966
1226
320
-284
-592
-1213
-765
-711
262
1253
1694
3269
3365
5143
5598
6449
6937
6008
5880
4113
3737
2121
1048
-491
-2636
-3561
-4875
-4789
-5051
-5398
-5185
-5454
-5035
-4216
-3920
-3424
-3847
-4268
-4735
-5330
-5016
-5811
-5896
-6886
-6960
-6544
-5747
-4209
-3328
-1749
-372
1502
3413
5138
6424
7004
7301
7310
7055
6512
5484
3862
2105
214
-1255
-2401
-3859
-4793
-5581
-6335
-5949
-6071
-5375
-4708
-4472
-3137
-2910
-2090
-1573
-1432
-1195
-1277
-905
-982
-612
-472
-189
417
733
1860
2461
3093
4217
4695
5642
6260
6537
6848
6470
6415
5934
5299
4661
3654
2915
1770
1132
558
-358
-330
-1005
-772
-423
131
1509
1740
3212
3827
5064
6064
7014
7400
6847
6545
4969
4704
2906
2399
684
-1664
-2497
-4223
-4094
-4568
-4829
-4975
-5550
-5083
-4620
-4301
-3880
-4461
-4799
-5447
-5983
-5584
-6520
-6405
-7582
-7729
-7291
-6494
-4780
-4274
-2512
-1666
340
2383
4025
5491
5938
6458
6591
6461
6241
5410
3851
2099
328
-944
-2261
-3121
-4404
-5601
-6071
-6282
-5785
-5372
-4903
-4602
-4099
-3377
-2520
-1994
-1623
-1470
-1569
-1420
-1099
-613
-451
47
296
794
1639
2349
3281
3841
4503
5090
5714
6187
6329
6402
6028
5797
5379
4705
4244
3179
2470
1823
833
572
-40
-366
-476
-77
345
1197
2185
2711
4094
4870
6273
7344
7509
7911
6860
5749
5272
3750
2939
1075
-1034
-2363
-4300
-4079
-4920
-5390
-5251
-6107
-5193
-5182
-4309
-4012
-4486
-4559
-5526
-5606
-5785
-6151
-6625
-7718
-7881
-7629
-6766
-5270
-4611
-3147
-2015
-185
2067
3617
5338
5895
6335
6585
6390
6254
5282
3842
2162
331
-858
-2176
-2988
-4614
-5749
-5980
-6702
-5670
-5878
-5278
-4940
-4885
-3315
-3192
-2252
-1746
-1833
-1505
-1402
-780
-472
-302
139
107
583
1331
2137
2765
3029
4029
4147
5060
5590
5674
5995
5553
5804
5306
4842
4313
3452
2558
1714
1222
199
-57
-675
-881
-471
-314
1045
1526
2534
3747
4890
6298
7446
8220
8276
7720
6712
6201
4599
3621
2027
-375
-1825
-3529
-3841
-4578
-5076
-5202
-5682
-5465
-4844
-4282
-4152
-4294
-4727
-5430
-6003
-5947
-6593
-7020
-7993
-8306
-8236
-7563
-6144
-5526
-4091
-3016
-1169
789
2690
4458
5213
5850
6204
6247
6052
5588
4370
2708
956
-366
-1678
-2657
-3772
-4997
-5641
-6310
-5699
-5578
-5242
-4488
-4558
-3459
-2941
-2126
-1541
-1596
-1122
-1244
-831
-328
-110
171
135
517
998
1698
2714
3150
3913
4245
5054
5860
6038
6753
6271
6557
6182
5958
5646
4549
3951
2735
2038
1333
797
126
-3
-349
305
1084
1847
3369
3639
5129
6179
7271
8129
8157
7779
6280
5682
4244
3121
1860
-698
-1998
-3902
-4838
-4448
-5684
-5443
-5927
-6371
-5328
-5379
-4303
-4724
-5054
-5578
-6484
-6103
-6837
-6874
-7866
-8508
-8204
-7915
-6368
-5400
-4297
-2923
-1561
629
2552
4268
5558
5874
6480
6468
6450
6125
4859
3616
1695
351
-817
-2081
-3054
-4338
-5260
-5525
-5400
-5081
-4517
-4301
-3749
-3102
-2481
-1486
-1109
-796
-513
-503
-388
52
64
172
446
432
1141
1670
2304
3113
3459
4193
4959
5469
6121
6387
6256
6276
6003
5635
5046
4269
3210
2150
1263
355
57
-848
-650
-784
-560
882
1219
3009
3653
4698
6488
6631
8144
7908
7176
6516
5019
4115
2769
1181
-486
-2283
-3539
-4347
-4453
-4966
-5125
-5091
-5531
-4695
-4461
-4127
-4040
-4970
-5377
-6204
-6448
-6713
-7340
-8028
-8524
-8489
-7669
-6514
-5156
-3968
-2592
-853
899
3085
4603
5817
6366
6443
6582
6345
5865
4999
3516
2117
763
-287
-1212
-2275
-3307
-4247
-4471
-4676
-4409
-3965
-4170
-3688
-3435
-2887
-2113
-1841
-1319
-1216
-1183
-772
-394
-215
-1
275
300
764
1420
1800
2406
2773
3233
4038
4433
5182
5593
5561
5774
5602
5437
4967
4462
3540
2799
1694
1132
169
-418
-607
-1426
-316
-635
955
2001
2257
4797
4666
6911
7792
7874
8989
7031
7058
5456
4167
3342
787
-537
-2910
-4250
-4456
-5745
-5200
-6127
-5956
-5571
-5725
-4304
-4797
-4480
-5075
-6092
-6062
-7142
-7043
-8111
-8842
-9102
-9219
-7900
-7031
-5636
-4217
-2869
-644
1296
3298
5212
5775
6652
6735
6780
6847
5928
5071
3308
1796
603
-579
-1246
-2500
-3494
-4152
-4596
-4310
-4171
-3817
-3765
-3750
-3049
-2818
-1962
-1883
-1415
-1444
-1688
-761
-875
-342
-153
-333
91
150
1077
1548
1841
2466
2795
3582
4068
4825
5106
5034
5395
5029
5093
4568
3984
3177
2080
1328
410
-64
-559
-1019
-885
-829
57
1518
2000
4018
4727
6046
7885
7998
9490
8744
7900
7301
5351
4555
2844
761
-1187
-3280
-4414
-5120
-5724
-5758
-6205
-5933
-5918
-5191
-4661
-4657
-4492
-5562
-5987
-6655
-7154
-7517
-8504
-9145
-9483
-9128
-7878
-6514
-4984
-3259
-1562
799
2854
5211
6823
7656
8324
8041
8158
7512
6720
5432
3340
1821
246
-845
-1688
-2977
-3381
-4387
-4328
-3957
-4079
-3224
-3483
-2955
-2777
-2730
-1919
-2235
-1921
-2214
-2147
-2040
-1947
-1264
-1436
-1061
-595
-76
822
1266
2037
2605
2943
3865
4290
4641
4791
4825
4512
4146
3894
3298
2777
1698
986
127
-456
-557
-790
-894
-537
10
708
2436
3320
4899
6109
6925
8804
8800
9869
9781
8232
7872
5990
4926
3664
1591
-42
-2097
-3388
-3945
-4428
-4693
-4971
-5125
-5429
-4934
-4769
-4849
-4998
-6165
-6902
-7607
-8185
-8364
-9156
-9494
-9767
-9227
-7863
-6420
-4639
-2950
-1188
909
3056
5037
6727
7451
7913
7679
7480
7069
6153
5074
3175
1677
92
-844
-1693
-2662
-3270
-3978
-4166
-4196
-3714
-3822
-3406
-3369
-3489
-2984
-2855
-2338
-2485
-2482
-2210
-2287
-1795
-1314
-923
-820
-269
402
840
1602
2264
2710
3140
3450
4162
4270
4494
4663
4041
3955
3208
3037
2370
1611
992
-27
-130
-817
-467
-751
-143
420
1069
3056
3889
5501
7013
8021
9267
10100
10723
10830
9527
8727
7171
5528
4370
2451
305
-1774
-3036
-4064
-4788
-4826
-5312
-5546
-5894
-5618
-5725
-5633
-5849
-6880
-8011
-8682
-9218
-9587
-9787
-10342
-10318
-9872
-8153
-6467
-4454
-2290
-412
1722
3881
6128
7617
8620
8944
8632
8137
7580
6640
5269
3478
1572
89
-999
-2101
-2831
-3763
-4558
-4709
-4978
-4440
-4450
-4349
-4108
-4445
-4179
-3808
-3582
-3484
-3454
-3265
-3066
-2454
-1727
-1193
-720
-290
667
1324
2149
2966
3165
3648
3891
4183
4537
4303
4204
3621
3081
2658
2148
1839
881
288
-516
-809
-907
-1117
-654
-785
243
965
2641
4065
5325
7460
7615
10078
10538
11408
12699
10849
10724
8909
7202
6656
4106
2582
-12
-2172
-3076
-4364
-4585
-5616
-5686
-6639
-7229
-6439
-7385
-7100
-8082
-9481
-9991
-11138
-10730
-11148
-11264
-11207
-10936
-9334
-7503
-5219
-2881
-990
1373
3263
5633
7733
8628
9540
9080
8769
8139
7175
6362
4462
2824
929
-367
-1157
-2058
-2916
-3813
-4462
-4791
-5001
-5019
-4965
-5562
-5430
-5852
-5933
-5443
-5456
-4753
-4817
-4136
-3227
-2622
-1211
-444
419
1053
2127
2942
3259
3963
3955
3993
4043
3844
4058
3445
3285
2999
2222
2104
1785
1453
1033
334
47
-297
-472
-282
-420
-21
283
1311
2617
3804
5553
7043
8454
10024
11850
12647
13493
13903
11762
11603
9379
7592
6629
2758
1345
-1945
-3993
-4376
-6260
-6371
-7159
-7543
-8202
-8265
-7564
-8769
-8385
-9781
-11074
-11217
-12142
-11511
-12015
-12054
-11090
-10427
-7924
-5671
-3067
-491
1872
4570
6269
8789
10168
10771
11089
10070
9389
8190
6705
5397
3200
1351
-32
-1475
-2016
-3036
-3397
-4029
-4434
-4474
-4942
-4523
-5426
-5457
-5914
-6801
-6074
-6529
-5994
-5459
-5096
-3676
-2929
-1321
3
1091
2118
3090
4031
4044
4681
4644
4004
4002
3318
3078
2555
2026
1902
1159
920
701
581
257
-74
-186
-759
-675
-622
-992
-232
-544
645
1561
2289
5032
5403
8152
9443
10656
13329
13134
15209
14631
13822
12680
10663
8886
6392
4475
1174
-1396
-3862
-5614
-6442
-7640
-7901
-8236
-9313
-9205
-9140
-9658
-9634
-10465
-11359
-12295
-12533
-12182
-11979
-11134
-10444
-8993
-7001
-4364
-1453
1241
3894
6262
7928
9842
11171
11886
11871
11067
9958
8220
7090
5443
3674
1972
64
-1134
-2291
-2839
-3519
-4160
-4739
-5392
-5809
-5989
-6456
-6717
-7269
-7832
-7575
-7656
-6903
-6053
-5354
-3868
-2679
-1306
429
1849
2772
3542
4218
4234
4553
4252
3911
3406
2428
2336
1899
1365
1524
1063
860
655
523
635
203
190
-574
-466
-1047
-851
-381
-768
662
786
2610
4158
5751
8457
9513
12234
13152
14835
16075
15506
16464
13661
12021
10241
6223
5190
1305
-1374
-3835
-6878
-7038
-8829
-8728
-9001
-9310
-9449
-10325
-9435
-10669
-10788
-11331
-13332
-13416
-14328
-13556
-12650
-11988
-9947
-8429
-5453
-2100
896
4322
6565
9182
10324
11601
12828
12199
12058
10269
8428
6781
4743
3706
1709
42
-1204
-2455
-2890
-3487
-3662
-4121
-4941
-5460
-6384
-6699
-7299
-7743
-8079
-8778
-8477
-8076
-6811
-5519
-4264
-2338
-1082
836
2506
3794
4822
4843
5021
4601
3992
3577
2835
2182
1339
1102
809
759
1161
1091
1169
980
760
683
280
-120
-600
-1247
-1403
-1700
-1135
-691
423
1704
2918
5440
6944
9639
11562
13027
14307
15169
15769
15361
14831
13165
10273
8002
5055
2242
372
-2647
-4290
-6775
-8108
-7942
-9114
-8530
-8892
-9552
-10243
-10908
-10944
-12272
-12292
-13639
-14399
-14415
-13918
-11990
-10380
-7951
-5312
-2915
766
3669
6658
9171
10564
11862
11486
11878
11175
10119
9031
6792
5190
3175
2171
1125
0
-860
-1933
-2595
-3272
-3777
-4097
-5238
-5990
-7094
-8136
-8296
-8843
-8603
-8557
-8383
-7199
-6127
-4020
-2301
-670
945
1904
3195
3803
4444
4220
3708
3175
1981
1618
979
740
506
-163
91
-39
290
757
664
490
-165
-615
-1013
-1249
-1560
-1720
-1711
-1525
-739
349
1662
3629
4969
6746
8505
9789
11608
12535
13500
13264
13589
13232
12454
12050
10098
9066
5676
4266
2332
-315
-696
-3777
-4587
-7109
-7915
-7917
-9845
-9032
-10513
-11102
-11865
-12519
-11872
-12743
-11653
-11779
-11245
-9452
-8266
-4945
-3307
-731
1604
2800
5714
6738
8486
9173
9187
9204
8048
8030
7118
6281
5278
3716
2720
1263
507
-113
-1496
-2239
-3603
-4519
-5257
-6168
-6171
-7321
-7456
-7916
-8100
-7318
-7088
-5683
-5204
-4247
-2789
-2024
-144
800
1824
2375
2423
2830
2604
2772
2230
1860
1348
526
487
-39
-43
-163
-811
-595
-1045
-1086
-703
-1185
-1014
-1412
-1259
-1044
-684
63
558
1532
2164
3370
4492
5644
6862
7710
8380
8893
9719
10069
10693
10817
10801
10859
10243
10440
9657
9108
8010
6858
3973
2336
489
-2366
-3128
-6186
-7319
-9377
-10787
-10155
-11627
-10651
-10455
-10371
-9958
-9643
-8308
-8256
-6641
-6246
-5824
-4451
-3930
-1799
-742
730
2468
2740
4647
5099
6039
6651
6654
6595
5202
4995
3713
3012
2318
824
38
-1563
-2176
-2748
-3489
-3616
-4315
-4698
-5212
-5734
-5551
-5657
-5146
-5204
-4887
-4377
-3991
-2686
-1765
-802
137
790
1614
1902
2352
2619
2276
2048
1545
1150
383
142
-288
-937
-1164
-1501
-1392
-1444
-1389
-1111
-1206
-916
-573
-397
64
448
840
1253
1673
2276
2838
3520
4264
4695
5341
5565
6357
6272
6845
7093
6943
7640
7374
7980
7477
8083
7812
7652
7760
6819
6946
4748
4505
1664
-358
-1321
-4323
-4338
-7108
-7303
-8471
-9194
-7822
-8462
-6960
-6552
-5799
-5423
-5550
-4454
-5059
-4451
-4399
-4937
-3933
-4128
-2688
-1915
-1237
552
607
2378
2678
3179
3666
3178
3511
2226
2007
1249
272
132
-943
-1092
-1690
-2105
-2164
-2738
-2720
-2976
-3143
-3269
-3604
-3479
-3450
-2927
-2396
-2126
-1286
-1180
-230
369
546
1226
678
771
223
-433
-648
-1356
-1473
-2012
-2205
-2244
-2224
-1730
-1519
-1099
-897
-764
-433
-657
-477
-422
-343
0
-12
622
937
1607
2398
2738
3360
3616
4072
4421
4618
4643
4459
4396
4230
4431
4470
4879
5138
5439
6098
5975
6563
6802
6565
6601
6113
5818
4925
4043
2932
819
-154
-1588
-2302
-2822
-3774
-3640
-4869
-4379
-3975
-4172
-3523
-4067
-4217
-5151
-5519
-5770
-6365
-6020
-6669
-6341
-5922
-4932
-3082
-2240
-696
99
606
1693
1743
2324
2139
1692
1292
396
402
65
304
523
201
337
-131
-4
-33
-292
-440
-1151
-1484
-2010
-2284
-2142
-2020
-1511
-1457
-1206
-967
-993
-563
-646
-875
-1369
-1968
-2242
-2771
-2727
-2577
-2531
-2075
-1788
-971
-740
-110
392
119
246
-235
-261
-592
-781
-676
-856
-350
250
899
1691
2368
2930
3181
3227
3204
2774
2636
2039
1709
1391
1202
1464
1861
2421
3292
3958
4578
5776
5807
6583
7023
7003
7483
6978
7018
7138
6387
6456
5784
4272
3283
2084
572
-148
-1522
-2673
-3834
-5286
-5502
-6037
-6352
-6163
-6540
-7295
-7566
-7705
-7596
-6991
-6780
-6677
-6299
-5772
-4531
-3141
-1667
-374
369
1038
1507
2267
2722
3281
3268
2785
2680
2330
2442
2579
2565
2115
1407
781
195
-76
-521
-1000
-1436
-2215
-2553
-2803
-2805
-2296
-2291
-2257
-2511
-2433
-2326
-2332
-1903
-2271
-2146
-2398
-2287
-1732
-1604
-626
-546
-232
6
131
484
586
824
651
296
125
-59
341
517
627
798
509
832
680
790
925
566
436
-122
-284
-234
-39
311
741
1072
1924
2536
3449
4451
4787
5878
5939
6706
7170
7368
8126
8070
8562
8466
8736
8636
8247
7728
6673
4944
2806
1426
-1075
-2242
-3545
-5141
-6005
-7462
-7422
-7758
-7721
-6938
-7241
-7453
-7755
-7894
-8068
-7537
-6762
-6500
-5550
-4553
-3364
-1508
-13
1709
2459
2981
3509
3351
3826
3756
3471
3011
2534
2318
1981
2356
2307
1878
1422
447
-365
-1045
-1682
-2210
-3047
-3435
-4028
-4049
-3577
-3112
-2427
-2305
-1785
-1822
-1646
-1259
-1509
-1244
-1465
-1751
-1726
-1695
-943
-524
-28
366
296
512
474
492
365
-116
-603
-1232
-1391
-1444
-1313
-1043
-1107
-899
-970
-608
-375
-195
191
-159
-131
-51
80
695
1363
1809
2531
3182
3901
4965
5648
6552
6738
7005
7187
6887
7666
7302
7831
7722
7245
7743
6678
7244
6473
5664
5025
2924
1181
-945
-2615
-4606
-5189
-6330
-7252
-7380
-8102
-7194
-6959
-6119
-5412
-5764
-5510
-5633
-5806
-5287
-4564
-4123
-3122
-1983
-898
581
2124
3097
3741
3859
3713
3376
3000
2858
2146
1702
1160
703
513
553
423
-33
-556
-1668
-2503
-3326
-3975
-4392
-4534
-4403
-4261
-3726
-2974
-2054
-1374
-694
-428
-636
-708
-1264
-1888
-2262
-2630
-2732
-2609
-2168
-1675
-1025
-452
104
380
284
53
-693
-1276
-1963
-2536
-2963
-3177
-2937
-2797
-2221
-1504
-912
-271
193
572
945
1243
1598
1802
2051
2295
2827
3241
3726
4420
4511
5195
5261
5530
5967
5865
6133
6061
5970
6177
5982
6182
6277
6037
6322
5570
5579
5013
4201
4009
2354
1863
25
-1626
-2464
-4539
-4079
-4985
-5040
-4614
-5354
-4628
-4645
-4170
-3744
-3638
-3539
-3681
-3422
-3394
-2813
-2348
-2036
-876
-516
433
1298
1226
1644
1099
689
423
40
29
-135
-76
-268
-434
-493
-747
-669
-1038
-1424
-1922
-2782
-2973
-3474
-3459
-3095
-2975
-2256
-1803
-1227
-499
-275
-158
-394
-947
-1493
-2025
-2271
-2526
-2283
-1918
-1437
-505
-351
183
295
-57
-61
-897
-1422
-1939
-2600
-2702
-2547
-2109
-1474
-530
181
955
1634
1683
1914
1517
1183
1073
739
972
1118
1446
1985
2489
3005
3431
3645
3571
3547
3285
3070
3025
2929
2877
3012
3033
3376
3703
3916
4187
4193
4257
3983
4242
3796
3989
4028
3393
3989
3255
3062
2676
1498
783
-104
-916
-1554
-1570
-2325
-2035
-2219
-2641
-1871
-2517
-2281
-2191
-2831
-2679
-3110
-3524
-3423
-3437
-3183
-2691
-2375
-1901
-1505
-1379
-1176
-1141
-1460
-1576
-1855
-2038
-1873
-1806
-1484
-1123
-917
-633
-503
-464
-477
-612
-730
-1016
-1136
-1261
-1153
-1071
-979
-720
-851
-694
-879
-1214
-1319
-1937
-2256
-2311
-2622
-2116
-1727
-1389
-469
-256
271
645
442
579
330
-21
-110
-176
-142
506
932
1519
2409
2464
2825
2868
2563
2616
2270
1988
1900
1452
1384
1264
727
814
448
-53
-513
-1316
-1538
-2028
-2033
-2003
-1699
-1396
-1072
-309
-54
632
894
1137
1443
1492
2177
2183
2670
2957
3269
3995
4164
5090
4963
5104
5071
4435
4268
3590
3159
2641
2014
1736
1110
836
528
360
167
-108
-405
-916
-1356
-1956
-2342
-2794
-3016
-3223
-3193
-2965
-2758
-2439
-2313
-2159
-2151
-2269
-2416
-2463
-2583
-2642
-2630
-2536
-2340
-2013
-1673
-1350
-1151
-1090
-1007
-1303
-1565
-1845
-2228
-2301
-2366
-2199
-1883
-1530
-1140
-865
-539
-492
-258
-244
-276
-117
-86
207
441
648
1016
1308
1630
2081
2362
2525
2702
2568
2412
2287
1876
1599
1213
690
342
32
-281
-450
-701
-1029
-1220
-1711
-1924
-2027
-2385
-2465
-2633
-2737
-2706
-2560
-2381
-1957
-1613
-1298
-667
-315
210
645
986
1347
1704
2186
2717
3280
3650
4059
4289
4357
4408
4225
3912
3573
3122
2629
2133
1593
1193
946
718
551
413
199
3
-200
-464
-683
-934
-1148
-1200
-1237
-1189
-928
-670
-349
13
281
594
876
1039
1129
1071
944
791
513
197
-53
-351
-582
-824
-1105
-1248
-1475
-1789
-2180
-2576
-2842
-3094
-3188
-3207
-3224
-3168
-3094
-2922
-2707
-2472
-2227
-2009
-1706
-1475
-1131
-734
-233
241
694
1269
1585
1817
1907
1851
1793
1566
1310
1139
873
761
625
489
347
2
-305
-668
-1081
-1382
-1448
-1523
-1764
-1812
-1817
-1717
-1550
-1417
-1084
-1016
-883
-604
-211
208
636
1066
1401
1851
2221
2722
3144
3276
3183
3013
2769
2589
2633
2408
2261
1903
1577
1497
1253
1241
1246
1085
891
624
315
181
-162
-559
-765
-964
-845
-489
-244
-52
188
473
741
828
1295
1860
1951
2017
2055
2255
2030
2297
2323
2326
2102
1314
993
108
-266
-570
-952
-1011
-1555
-1730
-2172
-2810
-3242
-3732
-4020
-4436
-4531
-4654
-4572
-4415
-4345
-4142
-4109
-3746
-3265
-2862
-2173
-1723
-1369
-908
-709
-476
-190
42
188
247
242
323
257
110
-180
-401
-271
-145
399
626
815
659
330
200
-217
-128
-82
8
-53
-58
162
416
939
1276
1720
2178
2594
2983
3059
3077
2888
2811
2754
2702
2919
3103
3189
2775
2304
1781
973
501
53
0
26
-96
-71
-429
-721
-870
-990
-1158
-1336
-1663
-1909
-1809
-1770
-1340
-1048
-484
128
432
952
1410
2021
2369
2699
2549
2326
2292
2248
2403
2421
2781
2761
2735
2802
2746
2701
2208
2147
1581
1105
868
444
280
-374
-539
-836
-1041
-1124
-1599
-1940
-2758
-3254
-3590
-3942
-3985
-4026
-3761
-3330
-2947
-2519
-2278
-2349
-2528
-2842
-3234
-3429
-3418
-3293
-2934
-2582
-2132
-1659
-1399
-1096
-1013
-982
-937
-1087
-1195
-1194
-1163
-891
-490
-52
360
629
992
1098
1108
1136
1053
969
877
1082
1355
1664
2049
2299
2592
2683
2642
2602
2058
1568
863
99
-217
-653
-481
-301
-198
196
171
156
127
-202
-416
-803
-1237
-1514
-1804
-1728
-1378
-1005
-445
93
457
881
1187
1271
1460
1384
1456
1608
1688
2143
2385
2726
2911
2824
2641
2409
2183
2075
1930
1784
1786
1697
1886
1795
2098
2163
2112
2256
1741
1700
1418
1096
1326
1149
1331
1646
1604
2069
2130
2163
2122
1527
580
-482
-1754
-3318
-3978
-4973
-4834
-4509
-4555
-3499
-3919
-3779
-4023
-4646
-4710
-5474
-5742
-6032
-6062
-5961
-5240
-4525
-3634
-2603
-1927
-1057
-689
-438
-225
-296
-350
-162
110
767
1577
2456
3417
3806
3828
3706
3173
2509
1931
1326
899
495
226
258
374
518
918
1067
1055
955
436
-48
-735
-1455
-1977
-2315
-2522
-2238
-1646
-1039
-264
163
446
429
149
6
-145
-292
-241
-40
32
346
631
979
1350
1463
1624
1678
1441
1265
1036
722
599
422
454
572
764
1055
1247
1332
1293
1219
1023
1030
1103
1295
1680
1994
2284
2474
2567
2701
2774
2873
2899
2617
2460
2059
1774
1604
1482
1563
1590
1717
1765
1492
982
340
-837
-1881
-3154
-4268
-5012
-5711
-5510
-5358
-4828
-4112
-3727
-3217
-3128
-2975
-2969
-3090
-3167
-3168
-3019
-2712
-2056
-1488
-670
-80
473
928
951
1058
872
610
442
186
159
286
480
912
1243
1472
1624
1362
1076
727
172
-255
-653
-874
-1027
-1026
-633
-152
302
793
1123
1211
1045
816
550
225
114
100
265
453
846
1294
1580
1890
1948
1754
1295
902
476
147
82
86
259
320
609
669
658
748
730
625
434
385
42
-77
-274
-264
-88
-109
106
-56
0
-93
-182
152
54
157
54
220
229
60
447
332
476
545
643
695
445
348
-140
-534
-935
-1087
-1156
-1242
-947
-988
-765
-598
-695
-567
-718
-754
-715
-810
-771
-675
-563
-394
-206
-2
284
525
615
722
669
620
644
524
532
544
480
442
374
216
-36
-345
-627
-826
-1026
-1138
-1169
-1203
-1171
-1157
-1139
-1015
-847
-623
-385
-98
190
422
514
590
548
486
609
739
1006
1308
1653
1926
2035
2118
2132
2009
1856
1778
1586
1424
1300
1249
1234
1189
1232
1212
1151
1002
738
449
147
-151
-343
-469
-552
-614
-659
-652
-694
-705
-735
-818
-935
-962
-1012
-1087
-1107
-1162
-1198
-1314
-1330
-1327
-1356
-1300
-1211
-1169
-1248
-1292
-1328
-1374
-1430
-1383
-1264
-1205
-1017
-748
-439
-197
40
234
227
151
56
-4
-66
-49
55
146
271
422
607
741
809
882
882
832
760
684
593
512
399
309
227
118
8
-138
-320
-581
-833
-991
-1132
-1222
-1264
-1248
-1267
-1258
-1150
-1111
-1014
-926
-806
-738
-789
-717
-679
-598
-464
-328
-96
126
450
808
1183
1453
1560
1656
1576
1541
1467
1408
1452
1461
1567
1638
1721
1792
1914
1994
1932
1789
1573
1338
1108
975
940
894
800
675
597
421
388
320
129
-25
-354
-352
-432
-351
-269
-345
-389
-735
-816
-977
-1106
-1123
-1269
-1179
-1357
-1326
-1303
-1402
-1449
-1525
-1428
-1368
-1285
-1286
-1216
-1328
-1273
-1186
-1056
-961
-965
-700
-719
-449
-325
121
290
278
602
449
772
667
844
839
488
558
165
364
272
347
392
124
271
-10
308
68
-25
107
-71
199
-176
-64
15
-376
-297
-617
-550
-586
-642
-430
-669
-800
-768
-612
-386
-290
-328
-398
-547
-492
-350
-225
-161
-149
-102
-114
-147
-126
76
151
204
306
605
757
818
847
695
594
533
800
898
1000
995
1121
1183
1006
991
851
944
822
847
764
496
307
239
424
328
476
398
275
83
-154
-100
-241
-205
-182
-222
-244
-368
-304
-385
-461
-656
-807
-745
-782
-624
-632
-536
-530
-557
-402
-431
-354
-326
-166
-76
-97
9
58
239
302
367
293
160
165
50
11
-52
-37
15
2
47
43
45
76
102
130
86
140
200
299
382
398
454
383
403
355
370
418
442
539
491
482
367
319
288
208
123
17
-44
-189
-239
-332
-399
-426
-458
-444
-551
-577
-586
-528
-416
-292
-85
-3
103
128
123
128
106
213
236
378
517
680
818
884
932
813
741
643
606
544
466
450
347
319
291
239
230
114
74
-59
-197
-289
-402
-348
-370
-285
-268
-273
-259
-386
-395
-598
-677
-790
-899
-865
-936
-818
-837
-747
-701
-680
-605
-657
-585
-709
-736
-837
-943
-890
-952
-834
-797
-724
-644
-675
-615
-696
-716
-757
-739
-742
-777
-659
-558
-310
-120
104
372
571
831
1000
1149
1223
1282
1418
1496
1664
1709
1824
1879
1826
1823
1559
1443
1186
1025
915
697
758
666
768
725
629
570
309
200
-95
-255
-394
-471
-370
-321
-150
-50
19
156
207
270
283
284
343
307
388
366
432
529
565
686
533
456
257
66
-49
-300
-457
-641
-762
-824
-854
-813
-751
-643
-562
-412
-412
-431
-413
-530
-516
-594
-560
-445
-413
-248
-204
-97
-17
-69
-130
-369
-568
-756
-904
-907
-914
-832
-719
-617
-486
-527
-538
-732
-944
-1153
-1453
-1480
-1662
-1545
-1453
-1340
-1089
-1054
-812
-845
-806
-868
-917
-821
-808
-552
-407
-126
96
282
513
583
745
748
768
683
586
527
447
559
558
703
754
816
897
884
927
833
783
683
626
571
533
511
517
566
628
723
759
855
841
848
790
724
716
678
790
816
954
994
1021
1046
897
814
550
375
147
-36
-100
-216
-185
-243
-229
-271
-392
-453
-582
-650
-692
-705
-627
-524
-415
-260
-133
-19
81
119
164
182
213
234
274
328
384
415
416
432
370
319
197
80
-81
-238
-344
-465
-536
-657
-717
-834
-903
-959
-1008
-981
-1037
-994
-1017
-1001
-945
-886
-742
-649
-504
-394
-218
-74
59
186
214
245
211
203
190
158
117
61
18
-41
-94
-158
-218
-293
-358
-391
-420
-437
-445
-395
-371
-331
-284
-275
-212
-209
-107
-77
-18
86
180
377
484
686
790
929
992
1027
1075
999
1031
959
960
958
905
891
747
673
514
385
266
129
83
-34
-39
-90
-120
-108
-186
-184
-267
-280
-264
-248
-141
-115
0
41
122
216
248
346
348
409
413
450
514
562
624
657
695
674
669
579
455
294
160
8
-124
-240
-359
-425
-532
-554
-632
-666
-681
-703
-664
-659
-587
-561
-517
-471
-401
-297
-185
-55
49
145
203
244
246
220
168
125
89
45
19
-5
-24
-66
-102
-165
-223
-314
-410
-489
-572
-614
-642
-632
-625
-584
-532
-468
-387
-323
-213
-127
-28
94
197
355
467
630
753
824
896
870
878
814
767
736
656
622
507
446
353
272
199
75
-2
-107
-148
-175
-186
-187
-216
-232
-266
-253
-228
-174
-87
2
112
210
293
377
393
384
364
327
327
303
355
380
396
390
334
289
183
121
10
-122
-262
-431
-537
-632
-659
-671
-650
-634
-619
-584
-578
-557
-561
-543
-523
-511
-480
-439
-403
-368
-330
-293
-238
-157
-47
59
148
177
166
149
120
97
58
11
-34
-82
-137
-184
-238
-298
-393
-511
-638
-724
-739
-684
-596
-504
-370
-239
-100
34
123
181
202
225
252
272
298
334
352
360
398
419
438
465
453
434
385
338
322
279
244
195
137
79
20
-36
-96
-150
-213
-275
-333
-369
-363
-336
-265
-157
6
235
496
733
916
1026
1065
1040
955
870
793
739
710
685
664
639
620
590
515
398
223
68
-78
-152
-181
-195
-177
-202
-237
-342
-448
-592
-750
-874
-960
-922
-840
-665
-489
-316
-174
-88
-46
-67
-102
-205
-310
-425
-478
-470
-445
-398
-404
-420
-496
-580
-673
-771
-840
-914
-950
-970
-937
-873
-794
-712
-658
-601
-570
-539
-478
-408
-316
-239
-141
-2
123
271
394
498
558
572
564
541
529
511
480
453
450
447
449
410
355
251
119
-15
-153
-236
-305
-322
-319
-271
-191
-116
-33
9
32
25
22
52
111
212
343
489
645
783
895
970
991
975
920
870
816
790
806
849
900
940
962
931
855
729
567
385
208
81
5
-28
-23
10
44
62
64
34
-18
-81
-150
-207
-247
-256
-204
-115
-15
85
139
152
137
75
-3
-112
-229
-341
-437
-504
-537
-531
-526
-496
-508
-538
-594
-683
-746
-818
-869
-905
-895
-830
-714
-573
-438
-302
-207
-129
-63
-19
13
43
73
121
188
280
391
484
542
546
501
407
293
157
21
-89
-169
-208
-221
-217
-217
-233
-268
-324
-415
-508
-582
-624
-632
-598
-523
-439
-333
-237
-128
-39
34
97
141
205
257
321
388
469
549
613
669
704
708
692
661
631
599
570
539
518
508
498
504
504
516
515
515
514
491
473
438
423
396
367
348
339
359
385
415
434
438
423
402
360
297
214
116
37
-25
-67
-105
-143
-193
-248
-323
-399
-476
-559
-621
-677
-717
-727
-711
-671
-616
-578
-536
-507
-471
-428
-390
-335
-288
-221
-153
-71
0
64
127
162
194
206
203
182
146
109
62
5
-44
-85
-119
-152
-176
-195
-223
-242
-278
-302
-338
-376
-403
-441
-447
-434
-393
-344
-277
-210
-149
-63
4
57
92
106
114
109
102
95
100
108
123
135
122
115
108
109
108
85
61
29
17
5
3
-5
1
34
61
100
119
157
182
210
232
230
240
248
271
289
323
356
391
406
387
347
298
246
175
108
35
-20
-66
-94
-120
-168
-215
-277
-332
-398
-454
-504
-542
-560
-551
-507
-463
-418
-382
-346
-324
-309
-289
-275
-253
-230
-182
-119
-51
20
68
98
100
91
71
48
34
15
10
7
18
35
36
33
-4
-40
-86
-125
-146
-169
-180
-185
-162
-144
-122
-99
-72
-33
-18
-15
-23
-18
-7
16
47
74
110
140
172
193
205
213
203
188
165
146
136
135
137
133
135
139
144
145
139
130
116
103
93
96
115
147
186
213
233
250
244
227
200
167
139
111
101
104
102
104
108
99
85
61
18
-22
-59
-89
-122
-148
-163
-159
-142
-132
-125
-123
-120
-116
-110
-110
-109
-99
-87
-69
-44
-17
18
44
64
83
91
75
56
33
10
-8
-29
-55
-89
-113
-124
-126
-129
-138
-160
-184
-204
-228
-255
-280
-303
-322
-329
-327
-306
-281
-254
-236
-225
-207
-196
-176
-167
-157
-153
-145
-125
-98
-72
-49
-24
-7
15
24
39
59
81
101
118
141
159
185
200
216
238
267
300
319
342
366
402
431
445
457
466
482
489
487
478
465
448
420
388
352
313
285
253
220
181
133
100
65
32
-4
-51
-89
-122
-146
-172
-189
-207
-212
-209
-211
-205
-203
-197
-200
-202
-201
-191
-168
-139
-120
-116
-112
-99
-77
-58
-45
-42
-50
-50
-49
-43
-35
-32
-32
-40
-45
-51
-57
-56
-51
-50
-48
-47
-42
-27
-7
-3
-13
-24
-33
-33
-41
-47
-43
-38
-33
-35
-41
-52
-63
-81
-101
-123
-147
-157
-164
-167
-166
-170
-171
-168
-164
-159
-156
-145
-125
-105
-83
-56
-22
13
50
84
110
132
156
189
218
245
264
273
283
296
305
316
316
308
293
267
243
225
203
183
152
124
109
98
90
76
45
10
-12
-30
-42
-54
-65
-66
-68
-60
-50
-44
-35
-29
-27
-19
-11
-7
-5
-3
0
-7
-13
-21
-28
-36
-52
-66
-80
-87
-94
-96
-95
-93
-91
-101
-116
-129
-129
-122
-119
-110
-98
-82
-66
-45
-23
-10
-11
-15
-19
-20
-14
-6
3
10
6
3
5
1
-8
-26
-47
-64
-79
-92
-106
-124
-144
-159
-168
-174
-175
-177
-176
-168
-152
-131
-115
-90
-66
-46
-28
-15
4
28
46
59
72
82
98
121
143
163
180
183
180
163
146
132
113
99
86
71
54
42
32
31
28
19
8
-6
-17
-25
-31
-29
-21
-8
11
33
53
69
81
79
76
72
70
68
66
66
66
66
68
64
53
32
5
-18
-41
-63
-78
-93
-108
-116
-116
-110
-104
-103
-109
-124
-139
-147
-146
-126
-100
-76
-53
-32
-3
27
50
51
42
26
20
19
22
29
36
43
45
42
27
4
-28
-64
-94
-122
-144
-159
-162
-153
-139
-124
-112
-101
-94
-89
-84
-79
-70
-63
-50
-24
11
46
79
107
126
139
145
149
146
137
125
115
106
104
100
95
81
58
33
8
-17
-41
-66
-83
-87
-84
-74
-64
-60
-56
-55
-47
-32
-19
-7
1
19
40
71
100
128
152
167
182
188
188
182
172
163
154
147
133
115
96
70
43
13
-17
-45
-69
-93
-112
-126
-142
-150
-161
-175
-181
-185
-180
-169
-155
-135
-114
-89
-68
-49
-37
-22
-9
5
15
21
32
42
51
58
64
68
70
68
64
56
42
23
6
-5
-16
-24
-30
-33
-35
-31
-23
-13
-4
2
9
17
32
51
69
80
85
86
95
105
116
124
129
130
129
123
111
96
75
57
37
21
10
-2
-9
-25
-40
-53
-62
-69
-77
-92
-103
-108
-105
-89
-74
-57
-36
-12
13
37
50
57
63
69
73
75
81
91
103
113
117
112
100
85
66
48
28
4
-21
-46
-60
-66
-69
-73
-79
-89
-92
-94
-91
-89
-90
-86
-79
-67
-52
-35
-21
-4
14
33
48
61
68
67
69
69
69
64
56
46
33
20
7
-6
-26
-44
-62
-73
-80
-83
-87
-101
-114
-122
-124
-116
-104
-92
-85
-70
-49
-26
0
20
36
47
47
53
59
67
76
83
90
99
106
106
100
83
63
47
26
8
-10
-25
-30
-30
-29
-35
-47
-57
-66
-70
-65
-60
-52
-36
-15
12
39
64
87
101
108
111
115
122
127
120
110
104
99
100
103
96
76
52
26
2
-21
-46
-70
-93
-113
-125
-131
-137
-147
-158
-166
-171
-174
-174
-167
-159
-143
-120
-92
-64
-42
-24
-12
4
19
25
29
27
26
32
45
49
48
45
39
32
26
18
5
-11
-34
-51
-66
-72
-70
-64
-51
-42
-31
-20
-18
-17
-23
-27
-31
-26
-11
10
27
45
64
79
82
79
69
51
32
17
7
-2
-2
4
9
9
2
-13
-32
-54
-73
-84
-98
-106
-105
-92
-70
-49
-32
-22
-14
-9
-2
6
14
31
45
63
82
96
110
119
125
130
125
113
97
81
65
51
44
35
28
22
19
14
0
-18
-42
-62
-85
-104
-115
-119
-114
-106
-96
-87
-84
-81
-72
-62
-48
-39
-30
-20
-9
6
20
29
35
39
39
37
32
28
25
25
28
29
25
20
13
7
1
-5
-8
-13
-14
-13
-13
-12
-15
-17
-13
-12
-12
-12
-8
-3
4
14
22
26
27
26
21
11
6
3
3
4
-1
-1
-9
-16
-19
-25
-34
-46
-50
-50
-45
-40
-39
-36
-26
-11
1
16
21
24
27
33
39
48
51
56
61
68
76
84
88
89
86
78
65
55
46
37
31
30
30
26
20
11
-4
-23
-40
-51
-59
-56
-47
-36
-22
-21
-17
-14
-15
-13
-11
-7
-3
0
3
10
22
33
44
49
41
29
19
16
17
17
18
17
15
15
16
11
2
-10
-21
