-2
-2
3
0
-4
-2
2
2
-2
-3
3
2
0
0
0
1
0
0
-1
1
3
2
-2
-1
3
2
-3
-2
3
-1
-2
0
1
0
1
0
-1
-1
0
0
-2
-2
1
2
-1
0
0
2
1
-1
-1
2
2
0
0
1
2
-1
-1
0
0
-2
-2
0
1
-1
-1
-1
0
1
-2
-2
0
1
-1
-2
2
3
1
-1
1
2
0
-1
0
0
1
-1
0
1
1
-1
-1
-1
-2
-2
0
0
0
0
0
0
0
1
0
0
0
0
0
1
3
1
1
0
0
-1
-1
0
1
-1
-1
-1
1
0
0
-1
-1
0
-1
-1
1
1
-2
-1
2
1
-1
-1
-1
-1
-3
-2
1
0
-1
0
1
1
0
1
0
1
1
0
1
4
4
-1
-1
0
0
0
-2
-1
-1
-3
-3
0
1
0
-2
-3
0
-2
-1
2
3
1
1
1
3
3
2
2
3
1
0
0
1
2
0
-1
-2
-2
-4
-5
-1
0
-2
-3
-3
0
1
0
1
2
1
-1
1
4
5
2
1
3
3
0
1
2
0
-3
-3
-1
0
-2
-4
-3
-2
-3
-1
-2
-1
1
-2
-1
4
3
1
1
2
2
2
1
2
3
-1
-1
1
2
1
0
-2
-1
-2
-3
1
2
-1
-2
-3
-3
0
2
-1
-2
-2
-3
0
1
1
2
-1
-1
2
2
1
4
4
1
1
2
3
2
0
0
1
-1
-3
-1
-2
-3
-2
-4
-4
0
-2
-3
-1
-1
0
0
0
2
3
2
3
5
2
1
4
1
0
0
-2
0
-1
-3
-1
1
-2
-1
1
-2
-1
-1
-2
-1
0
-2
-1
0
0
2
-1
-3
1
1
-2
1
2
2
4
4
4
6
5
4
6
4
2
3
-4
-7
-6
-9
-10
-10
-12
-13
-12
-12
-7
-2
0
4
9
9
14
21
23
25
24
22
20
16
12
10
0
-14
-21
-25
-31
-36
-42
-44
-38
-30
-27
-20
-13
-4
5
13
24
41
50
54
60
60
56
51
45
35
21
6
-6
-16
-29
-41
-51
-63
-72
-76
-78
-76
-71
-63
-51
-38
-24
-7
11
26
44
57
70
83
91
94
99
106
106
92
75
58
40
16
-13
-38
-59
-81
-99
-116
-131
-135
-127
-114
-100
-88
-74
-52
-27
-6
19
43
69
94
105
107
107
102
97
93
82
63
34
8
-12
-26
-39
-44
-43
-42
-40
-32
-13
17
44
58
57
42
21
0
-21
-37
-46
-55
-69
-89
-112
-129
-138
-142
-140
-123
-92
-55
-28
-2
39
102
164
209
230
237
239
227
204
169
123
72
20
-41
-109
-165
-196
-202
-195
-187
-172
-143
-90
-15
63
132
187
227
248
236
188
123
48
-43
-151
-269
-381
-472
-530
-567
-571
-532
-454
-346
-202
-22
186
409
624
812
955
1051
1090
1068
997
885
741
558
312
3
-329
-644
-916
-1142
-1327
-1455
-1497
-1456
-1349
-1182
-942
-623
-263
73
332
525
715
933
1134
1265
1308
1277
1180
1022
839
673
528
376
202
-2
-220
-420
-570
-646
-662
-664
-688
-754
-842
-900
-890
-794
-628
-430
-241
-82
56
188
323
469
597
662
641
549
422
321
272
265
256
188
51
-91
-190
-227
-203
-145
-79
-5
54
69
70
139
307
505
617
591
489
415
378
253
-78
-591
-1122
-1518
-1744
-1837
-1798
-1607
-1275
-814
-252
348
916
1394
1730
1910
1962
1919
1765
1465
1030
515
18
-351
-584
-772
-966
-1170
-1350
-1394
-1233
-935
-628
-422
-335
-244
-11
396
898
1357
1660
1783
1734
1480
999
378
-184
-613
-1080
-1772
-2621
-3293
-3381
-2794
-1915
-1127
-445
209
805
1311
1722
2180
2853
3536
3819
3589
3033
2431
1926
1366
614
-183
-930
-1774
-2835
-3903
-4556
-4491
-3822
-3085
-2764
-2772
-2627
-1943
-607
1109
2651
3619
3936
3753
3423
3228
3103
2788
2145
1260
327
-488
-1053
-1377
-1565
-1653
-1710
-1819
-1886
-1816
-1643
-1314
-796
-187
446
938
1034
831
704
799
989
1008
631
19
-447
-685
-871
-1045
-1085
-862
-372
155
396
286
149
357
921
1421
1363
642
-278
-776
-748
-532
-335
-148
34
228
426
568
694
850
936
830
475
-58
-544
-854
-1050
-1130
-970
-592
-310
-508
-1294
-2277
-2639
-1856
-389
754
996
557
238
768
2127
3607
4486
4535
3988
3095
1866
250
-1440
-2522
-2945
-3647
-5185
-6830
-7161
-5188
-1652
1356
2784
3249
3532
3924
4270
4015
2981
1663
482
-484
-1268
-1967
-2483
-2497
-1936
-1144
-551
-258
32
516
867
703
251
106
476
921
867
308
-105
169
900
1360
1197
750
303
-303
-1176
-2143
-2903
-3042
-2475
-1754
-1341
-1027
-393
733
2148
3206
3392
2839
2055
1412
901
259
-611
-1371
-1565
-1208
-811
-751
-843
-636
40
852
1277
1111
632
176
-212
-549
-773
-944
-1102
-1177
-1200
-1091
-609
160
845
1146
850
172
-299
-291
74
496
604
461
523
897
1248
1276
1002
727
585
313
-294
-1047
-1500
-1414
-1100
-1056
-1294
-1412
-1090
-363
360
708
791
888
968
806
355
-209
-597
-674
-651
-703
-636
-240
418
1079
1422
1349
1104
935
815
563
117
-334
-563
-530
-385
-378
-592
-709
-430
34
201
-215
-961
-1307
-897
-197
161
45
-231
-270
-9
227
269
317
470
599
616
487
305
324
571
727
580
206
-135
-181
33
193
87
-180
-314
-222
-199
-457
-806
-911
-637
-266
-180
-299
-286
-73
197
307
138
-39
101
428
655
684
476
150
-5
81
176
118
-80
-305
-362
-183
10
19
-72
-80
28
63
-112
-318
-283
9
298
339
175
31
-9
-5
-26
-84
-109
-77
-116
-217
-256
-243
-193
-37
144
201
109
-46
-90
119
423
503
328
138
58
24
-27
-99
-123
-41
35
-8
-95
-128
-130
-117
-87
-89
-171
-291
-338
-269
-112
79
200
222
216
185
124
115
141
137
113
67
16
5
-2
-42
-59
-71
-125
-150
-98
-16
54
89
80
82
123
138
79
-29
-125
-182
-220
-243
-234
-200
-130
-17
58
49
51
126
257
382
372
208
59
25
61
106
87
-35
-205
-308
-256
-80
43
-11
-185
-313
-281
-167
-145
-205
-204
-82
86
217
301
375
479
551
498
326
108
-65
-107
-88
-141
-240
-326
-373
-307
-184
-127
-64
57
116
109
104
110
152
149
-6
-204
-295
-262
-175
-150
-207
-201
-93
30
142
217
254
296
325
341
414
488
435
293
169
82
14
-98
-253
-303
-200
-132
-245
-465
-616
-590
-487
-460
-530
-611
-589
-432
-200
51
300
533
762
957
1037
1040
1042
1031
986
845
522
132
-118
-259
-431
-655
-917
-1136
-1193
-1119
-1055
-991
-833
-614
-383
-175
-32
121
368
613
756
810
807
818
878
892
777
560
331
171
64
-42
-190
-376
-499
-471
-387
-353
-339
-314
-246
-120
-51
-76
-72
-7
36
13
-105
-283
-397
-425
-450
-490
-489
-419
-268
-57
122
232
375
624
926
1147
1199
1131
1078
1095
1084
898
542
165
-165
-483
-852
-1326
-1799
-2057
-2080
-2015
-1943
-1848
-1579
-929
-6
818
1399
1833
2201
2505
2645
2475
2063
1605
1144
614
-12
-702
-1328
-1757
-2003
-2125
-2114
-1947
-1623
-1205
-799
-425
-15
474
977
1316
1415
1353
1202
1025
881
705
472
282
148
27
-72
-172
-279
-310
-260
-240
-312
-452
-584
-623
-570
-521
-520
-524
-492
-419
-309
-185
-80
10
118
238
332
372
367
373
449
597
739
815
859
899
894
830
711
552
396
181
-158
-533
-857
-1103
-1248
-1340
-1400
-1357
-1236
-1111
-953
-727
-469
-206
43
247
396
490
537
556
555
550
566
604
682
810
953
1084
1215
1350
1471
1535
1471
1254
925
531
76
-453
-1045
-1645
-2184
-2620
-2910
-3021
-2952
-2722
-2349
-1880
-1361
-799
-212
381
955
1460
1845
2117
2310
2432
2467
2415
2287
2117
1923
1695
1442
1183
930
659
313
-122
-579
-1030
-1509
-2040
-2617
-3162
-3539
-3690
-3625
-3366
-2951
-2378
-1604
-693
260
1198
2034
2706
3208
3505
3584
3465
3156
2713
2213
1654
1039
438
-73
-452
-715
-900
-1029
-1123
-1178
-1206
-1249
-1303
-1357
-1448
-1562
-1655
-1716
-1702
-1579
-1386
-1133
-805
-428
-33
369
759
1117
1409
1616
1755
1818
1798
1696
1543
1405
1328
1281
1261
1267
1262
1238
1180
1024
746
328
-261
-962
-1702
-2463
-3199
-3826
-4268
-4447
-4336
-3953
-3303
-2421
-1368
-207
954
2018
2924
3593
3973
4079
3917
3527
2994
2360
1685
1055
513
108
-87
-116
-74
9
105
143
67
-154
-525
-1033
-1633
-2285
-2941
-3516
-3922
-4106
-4016
-3619
-2939
-2024
-926
264
1453
2548
3456
4109
4473
4543
4331
3874
3221
2444
1614
806
79
-515
-957
-1262
-1462
-1554
-1558
-1511
-1444
-1403
-1410
-1436
-1469
-1515
-1564
-1611
-1633
-1568
-1393
-1126
-795
-426
-5
459
904
1284
1581
1786
1927
1991
1940
1810
1654
1497
1385
1325
1284
1254
1227
1193
1141
1025
796
424
-122
-811
-1587
-2428
-3260
-3986
-4549
-4884
-4924
-4668
-4089
-3196
-2071
-772
606
1942
3150
4138
4807
5131
5102
4734
4113
3318
2411
1474
573
-200
-743
-1034
-1111
-1014
-801
-528
-275
-157
-219
-453
-865
-1432
-2110
-2847
-3539
-4066
-4340
-4298
-3918
-3215
-2229
-1023
343
1757
3075
4185
5014
5481
5566
5281
4648
3745
2692
1577
501
-441
-1207
-1771
-2109
-2239
-2195
-2038
-1825
-1608
-1440
-1352
-1351
-1442
-1581
-1699
-1775
-1780
-1680
-1482
-1168
-723
-203
354
921
1427
1826
2109
2242
2233
2107
1886
1617
1357
1140
996
944
988
1104
1252
1392
1478
1439
1222
795
144
-683
-1621
-2620
-3599
-4457
-5117
-5495
-5504
-5114
-4357
-3280
-1952
-478
1014
2420
3629
4547
5122
5323
5139
4623
3852
2918
1939
1018
217
-406
-803
-964
-902
-682
-399
-118
100
173
52
-255
-748
-1415
-2202
-3015
-3734
-4245
-4481
-4412
-4017
-3284
-2254
-1009
372
1781
3082
4160
4943
5376
5439
5159
4563
3703
2685
1605
544
-399
-1168
-1730
-2065
-2188
-2173
-2063
-1900
-1733
-1586
-1478
-1443
-1489
-1583
-1685
-1742
-1713
-1591
-1377
-1054
-611
-87
448
954
1419
1804
2080
2226
2238
2141
1966
1741
1509
1319
1189
1133
1173
1276
1385
1460
1462
1352
1084
597
-128
-1023
-2016
-3053
-4057
-4911
-5508
-5791
-5713
-5234
-4370
-3186
-1761
-203
1375
2863
4109
5013
5548
5700
5463
4874
4019
3013
1963
938
41
-645
-1081
-1268
-1239
-1046
-757
-450
-209
-89
-130
-352
-747
-1291
-1928
-2583
-3180
-3643
-3888
-3859
-3547
-2949
-2102
-1061
107
1318
2459
3442
4197
4677
4857
4734
4330
3700
2897
1994
1077
222
-529
-1159
-1652
-1982
-2151
-2206
-2185
-2115
-2020
-1915
-1824
-1758
-1701
-1635
-1555
-1430
-1238
-987
-690
-344
58
501
935
1315
1624
1859
2010
2063
2022
1915
1778
1628
1482
1377
1322
1306
1328
1362
1376
1331
1177
875
404
-253
-1068
-1992
-2964
-3906
-4730
-5355
-5703
-5714
-5352
-4605
-3525
-2189
-684
882
2390
3731
4786
5494
5834
5793
5393
4698
3795
2772
1717
735
-82
-691
-1080
-1245
-1225
-1072
-860
-668
-553
-547
-698
-1023
-1490
-2052
-2652
-3213
-3656
-3906
-3904
-3640
-3108
-2317
-1301
-142
1070
2246
3299
4143
4715
4991
4965
4653
4098
3346
2466
1538
636
-194
-905
-1473
-1891
-2169
-2324
-2385
-2381
-2333
-2263
-2190
-2118
-2026
-1904
-1743
-1541
-1288
-975
-599
-178
268
717
1140
1507
1799
1996
2094
2085
1983
1825
1646
1465
1309
1209
1175
1207
1283
1373
1438
1435
1321
1057
614
-22
-827
-1750
-2732
-3710
-4582
-5255
-5654
-5726
-5434
-4776
-3776
-2496
-1045
471
1957
3307
4399
5156
5551
5576
5250
4633
3816
2888
1939
1055
304
-255
-593
-732
-720
-594
-421
-292
-252
-343
-611
-1063
-1662
-2352
-3046
-3674
-4171
-4446
-4426
-4091
-3444
-2518
-1371
-87
1243
2513
3617
4473
5032
5257
5148
4742
4080
3222
2270
1321
417
-385
-1035
-1522
-1862
-2063
-2151
-2161
-2131
-2093
-2081
-2097
-2127
-2152
-2143
-2059
-1907
-1683
-1345
-893
-369
194
768
1316
1810
2200
2449
2570
2570
2448
2238
1989
1735
1498
1312
1207
1175
1181
1193
1181
1107
930
591
52
-657
-1489
-2422
-3392
-4285
-5022
-5540
-5769
-5647
-5148
-4284
-3111
-1716
-193
1350
2790
4021
4964
5565
5793
5642
5153
4409
3494
2482
1498
645
-31
-518
-792
-866
-784
-618
-438
-319
-321
-482
-820
-1336
-1984
-2699
-3404
-4014
-4436
-4597
-4452
-3974
-3177
-2108
-841
538
1928
3215
4290
5075
5513
5583
5305
4723
3892
2896
1825
776
-184
-1000
-1633
-2068
-2319
-2407
-2378
-2286
-2165
-2044
-1962
-1929
-1930
-1949
-1959
-1926
-1821
-1613
-1299
-882
-353
245
856
1455
2003
2438
2748
2927
2961
2859
2663
2410
2130
1849
1602
1411
1264
1147
1040
881
637
283
-218
-878
-1662
-2547
-3479
-4380
-5162
-5742
-6038
-5996
-5584
-4799
-3669
-2253
-659
989
2587
4023
5180
5980
6387
6388
6001
5285
4338
3251
2114
1057
169
-522
-979
-1186
-1203
-1090
-903
-732
-654
-718
-953
-1370
-1939
-2611
-3307
-3937
-4405
-4629
-4563
-4171
-3439
-2401
-1132
268
1697
3048
4222
5107
5643
5810
5606
5058
4236
3222
2104
984
-56
-951
-1645
-2125
-2403
-2503
-2456
-2323
-2162
-2008
-1888
-1829
-1830
-1864
-1907
-1926
-1883
-1749
-1503
-1128
-633
-57
569
1215
1822
2336
2726
2976
3078
3038
2879
2637
2351
2060
1787
1553
1364
1205
1055
877
632
287
-197
-834
-1603
-2466
-3380
-4279
-5080
-5685
-6021
-6033
-5679
-4960
-3898
-2546
-994
635
2244
3709
4915
5777
6256
6328
6019
5381
4502
3478
2402
1378
492
-197
-657
-893
-955
-885
-743
-621
-595
-705
-980
-1428
-2027
-2726
-3435
-4068
-4544
-4783
-4720
-4324
-3591
-2565
-1315
85
1524
2887
4071
4988
5568
5780
5615
5111
4332
3349
2257
1153
117
-774
-1476
-1985
-2290
-2398
-2359
-2230
-2062
-1903
-1783
-1726
-1741
-1807
-1891
-1952
-1947
-1861
-1668
-1341
-878
-315
321
988
1638
2218
2682
3000
3166
3169
3037
2806
2502
2159
1820
1503
1228
1004
806
605
371
68
-341
-875
-1525
-2258
-3048
-3844
-4564
-5130
-5485
-5559
-5306
-4708
-3776
-2570
-1164
353
1870
3272
4462
5359
5904
6065
5841
5281
4477
3503
2440
1396
484
-236
-740
-1028
-1118
-1047
-883
-701
-582
-582
-729
-1054
-1557
-2180
-2856
-3520
-4076
-4438
-4537
-4329
-3799
-2968
-1875
-581
812
2186
3440
4481
5232
5634
5668
5354
4735
3873
2840
1731
642
-341
-1172
-1815
-2254
-2489
-2548
-2477
-2334
-2156
-1978
-1846
-1770
-1743
-1753
-1778
-1779
-1721
-1575
-1320
-954
-483
74
679
1290
1858
2344
2723
2966
3058
3013
2857
2613
2314
1987
1667
1380
1123
899
687
457
180
-167
-615
-1173
-1826
-2549
-3303
-4025
-4650
-5109
-5340
-5289
-4920
-4233
-3251
-2024
-627
840
2282
3589
4671
5456
5890
5954
5673
5087
4267
3294
2254
1245
360
-352
-865
-1169
-1283
-1255
-1142
-1018
-945
-972
-1135
-1449
-1899
-2442
-3017
-3554
-3976
-4198
-4173
-3869
-3267
-2387
-1279
-15
1306
2583
3731
4662
5296
5596
5552
5182
4525
3648
2631
1563
518
-428
-1225
-1843
-2267
-2508
-2599
-2568
-2464
-2336
-2214
-2119
-2062
-2032
-2012
-1985
-1915
-1779
-1555
-1225
-789
-269
310
917
1514
2054
2499
2827
3021
3079
3012
2850
2618
2349
2069
1796
1545
1319
1107
881
622
297
-121
-648
-1288
-2015
-2794
-3581
-4317
-4928
-5345
-5514
-5394
-4957
-4212
-3186
-1934
-539
899
2292
3543
4566
5289
5682
5734
5465
4922
4170
3286
2357
1462
670
30
-441
-748
-906
-959
-959
-960
-1012
-1151
-1403
-1773
-2243
-2763
-3273
-3705
-4000
-4102
-3963
-3558
-2900
-2012
-942
243
1456
2610
3614
4408
4935
5161
5083
4724
4124
3338
2436
1494
572
-269
-989
-1565
-1982
-2243
-2385
-2434
-2412
-2354
-2292
-2240
-2201
-2160
-2100
-2017
-1897
-1706
-1419
-1046
-599
-86
470
1036
1582
2069
2471
2775
2969
3043
3010
2890
2702
2469
2209
1946
1681
1406
1115
794
420
-15
-538
-1149
-1826
-2549
-3295
-4005
-4618
-5081
-5340
-5349
-5080
-4514
-3670
-2598
-1349
7
1378
2672
3805
4709
5324
5622
5602
5278
4707
3960
3089
2171
1308
546
-84
-556
-865
-1033
-1103
-1121
-1133
-1186
-1313
-1534
-1858
-2264
-2702
-3131
-3498
-3739
-3797
-3641
-3247
-2618
-1780
-771
341
1471
2547
3494
4245
4741
4958
4895
4556
3981
3224
2346
1422
513
-330
-1058
-1645
-2076
-2351
-2491
-2524
-2475
-2374
-2249
-2129
-2018
-1912
-1814
-1708
-1575
-1395
-1163
-861
-481
-49
415
911
1407
1866
2263
2587
2817
2942
2969
2904
2754
2548
2299
2002
1681
1340
973
577
134
-357
-897
-1487
-2125
-2785
-3427
-4016
-4511
-4861
-5019
-4947
-4628
-4059
-3247
-2226
-1045
213
1477
2682
3740
4570
5142
5425
5412
5125
4599
3888
3059
2198
1368
605
-26
-493
-819
-1022
-1121
-1162
-1197
-1266
-1397
-1622
-1935
-2318
-2753
-3183
-3540
-3781
-3857
-3722
-3348
-2738
-1920
-928
170
1309
2412
3391
4183
4741
5021
5013
4728
4202
3490
2644
1728
810
-42
-792
-1417
-1889
-2204
-2382
-2451
-2442
-2375
-2283
-2184
-2084
-2004
-1924
-1821
-1709
-1562
-1346
-1059
-709
-305
155
645
1128
1591
2002
2335
2595
2763
2832
2820
2734
2585
2383
2142
1875
1583
1259
895
485
23
-503
-1087
-1713
-2358
-2996
-3598
-4115
-4500
-4712
-4718
-4500
-4046
-3362
-2487
-1463
-351
787
1879
2856
3665
4255
4594
4697
4562
4213
3712
3106
2445
1787
1187
672
245
-76
-298
-466
-603
-739
-916
-1155
-1472
-1863
-2309
-2774
-3208
-3577
-3831
-3913
-3796
-3462
-2908
-2150
-1224
-191
887
1936
2894
3695
4284
4634
4725
4564
4176
3592
2866
2062
1234
428
-319
-953
-1457
-1847
-2111
-2266
-2344
-2356
-2331
-2285
-2225
-2154
-2066
-1969
-1849
-1667
-1442
-1162
-811
-407
39
514
995
1459
1877
2240
2522
2710
2821
2849
2787
2663
2484
2256
1980
1667
1322
937
510
32
-494
-1066
-1670
-2283
-2885
-3444
-3916
-4270
-4469
-4481
-4286
-3875
-3264
-2474
-1534
-516
530
1552
2487
3279
3876
4261
4416
4341
4083
3659
3108
2515
1908
1316
788
347
1
-269
-472
-624
-770
-933
-1135
-1399
-1722
-2088
-2486
-2879
-3222
-3462
-3574
-3526
-3278
-2831
-2199
-1404
-491
489
1480
2410
3216
3852
4285
4481
4436
4167
3696
3075
2347
1553
763
15
-659
-1233
-1685
-2018
-2242
-2368
-2416
-2413
-2374
-2310
-2239
-2154
-2043
-1907
-1745
-1536
-1256
-922
-539
-94
386
879
1368
1824
2223
2555
2809
2962
3012
2983
2864
2664
2406
2099
1755
1375
956
508
27
-494
-1050
-1634
-2225
-2800
-3343
-3819
-4196
-4432
-4504
-4386
-4065
-3534
-2804
-1925
-941
109
1159
2147
3020
3729
4240
4522
4576
4407
4048
3563
2978
2336
1708
1114
585
143
-211
-481
-688
-867
-1037
-1237
-1472
-1748
-2080
-2439
-2792
-3119
-3376
-3525
-3525
-3353
-3001
-2457
-1747
-908
22
983
1914
2763
3469
3996
4313
4406
4279
3946
3436
2792
2075
1319
562
-136
-757
-1285
-1705
-2022
-2235
-2362
-2419
-2422
-2393
-2333
-2241
-2137
-2006
-1836
-1627
-1378
-1083
-732
-338
81
524
964
1383
1776
2108
2373
2574
2697
2738
2706
2613
2464
2262
2015
1723
1392
1025
610
150
-356
-902
-1474
-2068
-2651
-3188
-3655
-4020
-4255
-4326
-4209
-3903
-3403
-2729
-1911
-990
-14
957
1878
2697
3378
3873
4167
4267
4173
3909
3519
3037
2497
1937
1396
900
458
76
-247
-526
-784
-1040
-1311
-1606
-1919
-2252
-2599
-2925
-3198
-3394
-3475
-3420
-3203
-2815
-2272
-1583
-786
88
985
1846
2626
3280
3765
4063
4156
4046
3752
3297
2715
2050
1346
642
-29
-636
-1158
-1585
-1910
-2147
-2296
-2364
-2376
-2337
-2262
-2156
-2011
-1848
-1658
-1431
-1171
-872
-545
-197
169
541
908
1251
1558
1832
2047
2197
2293
2327
2310
2246
2135
1988
1797
1570
1306
1001
652
261
-180
-664
-1181
-1717
-2248
-2750
-3190
-3540
-3778
-3869
-3797
-3554
-3136
-2565
-1857
-1048
-183
694
1532
2283
2921
3407
3711
3843
3811
3622
3307
2893
2419
1919
1423
956
530
156
-168
-461
-731
-988
-1247
-1523
-1818
-2125
-2431
-2729
-2986
-3167
-3252
-3216
-3037
-2711
-2232
-1617
-890
-88
746
1577
2348
3007
3527
3878
4047
4021
3809
3437
2922
2312
1637
931
240
-404
-983
-1479
-1886
-2193
-2403
-2530
-2577
-2553
-2477
-2352
-2181
-1978
-1739
-1468
-1168
-844
-501
-145
213
570
919
1241
1529
1771
1968
2117
2209
2255
2261
2218
2134
2009
1844
1641
1398
1111
774
385
-47
-526
-1042
-1571
-2095
-2597
-3039
-3399
-3645
-3755
-3715
-3509
-3146
-2635
-1985
-1243
-438
399
1206
1946
2585
3092
3456
3654
3687
3582
3338
2988
2571
2103
1622
1157
709
299
-73
-401
-693
-969
-1231
-1486
-1748
-2013
-2280
-2529
-2742
-2910
-3001
-2997
-2890
-2649
-2282
-1792
-1184
-492
259
1030
1778
2467
3057
3511
3813
3938
3883
3659
3277
2768
2159
1482
784
90
-564
-1147
-1652
-2053
-2344
-2541
-2637
-2649
-2586
-2458
-2290
-2080
-1838
-1582
-1307
-1019
-727
-422
-111
199
507
811
1102
1374
1619
1838
2020
2158
2252
2303
2307
2262
2169
2025
1824
1575
1272
910
500
50
-445
-971
-1513
-2046
-2547
-2996
-3365
-3625
-3761
-3756
-3595
-3281
-2818
-2217
-1511
-735
74
881
1644
2321
2890
3319
3589
3699
3656
3472
3175
2784
2337
1857
1367
893
453
53
-298
-609
-892
-1151
-1395
-1638
-1880
-2117
-2344
-2552
-2725
-2841
-2874
-2809
-2634
-2334
-1918
-1389
-760
-73
652
1384
2064
2664
3143
3476
3656
3660
3497
3185
2734
2186
1568
910
266
-342
-887
-1349
-1727
-1996
-2167
-2258
-2259
-2196
-2087
-1939
-1775
-1594
-1398
-1198
-987
-775
-559
-329
-96
143
393
643
892
1123
1333
1528
1691
1819
1923
1981
1999
1983
1917
1810
1664
1465
1218
916
554
151
-304
-792
-1290
-1800
-2283
-2719
-3092
-3356
-3501
-3510
-3359
-3073
-2640
-2073
-1420
-683
87
838
1551
2179
2692
3081
3315
3410
3365
3187
2914
2555
2144
1717
1284
868
479
118
-202
-498
-777
-1033
-1288
-1545
-1801
-2053
-2288
-2495
-2652
-2738
-2742
-2644
-2436
-2118
-1690
-1159
-553
96
762
1405
1997
2497
2883
3139
3248
3205
3024
2716
2301
1816
1284
737
199
-302
-747
-1127
-1425
-1636
-1781
-1852
-1863
-1834
-1761
-1660
-1539
-1400
-1255
-1099
-935
-764
-576
-378
-171
47
267
491
709
918
1121
1304
1457
1587
1682
1741
1773
1768
1719
1634
1505
1327
1105
837
524
168
-229
-654
-1095
-1538
-1958
-2339
-2655
-2889
-3027
-3048
-2949
-2722
-2362
-1904
-1355
-737
-90
562
1187
1750
2238
2619
2880
3021
3038
2948
2766
2499
2178
1818
1433
1047
661
294
-50
-385
-703
-1011
-1311
-1594
-1868
-2122
-2343
-2524
-2647
-2699
-2670
-2538
-2305
-1973
-1545
-1039
-471
135
747
1338
1880
2341
2698
2936
3046
3030
2890
2639
2295
1876
1413
925
436
-31
-463
-844
-1166
-1435
-1643
-1785
-1876
-1917
-1913
-1874
-1797
-1690
-1556
-1391
-1198
-982
-744
-493
-224
53
331
603
860
1100
1313
1489
1632
1741
1811
1844
1837
1788
1703
1583
1424
1229
994
723
415
70
-304
-694
-1095
-1491
-1870
-2211
-2497
-2710
-2836
-2860
-2773
-2574
-2268
-1869
-1386
-837
-247
353
937
1480
1960
2355
2651
2844
2931
2911
2793
2591
2319
1992
1629
1244
850
456
66
-309
-664
-1000
-1314
-1605
-1871
-2105
-2303
-2456
-2553
-2588
-2551
-2437
-2244
-1965
-1608
-1183
-697
-169
377
921
1433
1902
2302
2612
2825
2927
2915
2800
2583
2278
1905
1479
1019
550
82
-363
-771
-1134
-1442
-1694
-1889
-2025
-2103
-2129
-2103
-2027
-1908
-1755
-1567
-1345
-1093
-818
-529
-227
85
392
688
971
1235
1470
1671
1831
1951
2028
2058
2040
1980
1877
1724
1523
1282
998
680
326
-59
-461
-875
-1294
-1693
-2062
-2384
-2642
-2824
-2913
-2900
-2782
-2558
-2225
-1799
-1301
-746
-159
435
1013
1544
2009
2392
2671
2844
2911
2873
2741
2527
2244
1912
1547
1164
776
395
30
-318
-644
-953
-1240
-1506
-1747
-1966
-2156
-2313
-2426
-2480
-2472
-2397
-2239
-1996
-1676
-1279
-823
-312
230
775
1299
1789
2211
2547
2783
2910
2928
2837
2635
2340
1978
1561
1105
635
168
-276
-686
-1056
-1376
-1635
-1839
-1992
-2087
-2127
-2124
-2072
-1978
-1841
-1659
-1445
-1201
-923
-625
-309
21
351
669
972
1254
1500
1709
1872
1990
2067
2092
2063
1997
1886
1729
1539
1304
1033
731
385
12
-374
-781
-1192
-1595
-1976
-2310
-2586
-2793
-2906
-2914
-2817
-2612
-2299
-1890
-1403
-852
-267
324
900
1425
1883
2262
2539
2711
2779
2742
2620
2425
2164
1864
1541
1206
866
535
217
-87
-379
-661
-936
-1202
-1461
-1713
-1941
-2143
-2310
-2420
-2470
-2446
-2333
-2133
-1843
-1468
-1025
-527
11
555
1086
1577
2003
2349
2596
2731
2761
2686
2506
2240
1910
1531
1120
695
277
-118
-479
-807
-1091
-1320
-1507
-1650
-1745
-1800
-1818
-1797
-1745
-1655
-1528
-1373
-1186
-971
-732
-473
-201
74
346
610
859
1082
1279
1442
1573
1671
1733
1759
1757
1719
1647
1543
1397
1219
1005
743
443
110
-257
-645
-1045
-1438
-1804
-2134
-2405
-2599
-2701
-2701
-2598
-2386
-2076
-1682
-1215
-704
-172
364
866
1323
1713
2019
2243
2377
2417
2388
2292
2132
1935
1708
1464
1210
946
680
414
138
-146
-435
-731
-1037
-1346
-1642
-1920
-2163
-2357
-2487
-2536
-2498
-2370
-2137
-1815
-1415
-939
-421
118
660
1170
1631
2023
2321
2522
2616
2607
2498
2297
2027
1702
1337
951
559
185
-164
-486
-766
-1003
-1195
-1346
-1459
-1535
-1572
-1581
-1563
-1515
-1439
-1337
-1209
-1060
-886
-691
-480
-258
-30
204
434
654
858
1042
1209
1352
1459
1539
1595
1614
1600
1551
1470
1353
1193
994
759
483
175
-162
-521
-887
-1249
-1591
-1898
-2154
-2339
-2448
-2467
-2389
-2220
-1956
-1611
-1205
-748
-263
221
689
1120
1496
1799
2023
2168
2232
2220
2143
2012
1839
1636
1407
1172
931
686
437
186
-72
-336
-612
-895
-1183
-1466
-1736
-1982
-2189
-2335
-2411
-2408
-2314
-2122
-1838
-1472
-1034
-541
-16
512
1022
1486
1886
2201
2418
2533
2542
2452
2273
2020
1710
1357
989
616
251
-91
-398
-668
-897
-1089
-1242
-1354
-1435
-1490
-1509
-1503
-1468
-1405
-1319
-1204
-1058
-890
-701
-497
-279
-53
170
380
579
765
924
1054
1164
1250
1310
1349
1367
1365
1349
1308
1240
1151
1030
875
679
442
170
-134
-469
-819
-1169
-1506
-1809
-2061
-2250
-2351
-2361
-2275
-2093
-1815
-1459
-1041
-578
-96
382
833
1235
1572
1832
2009
2100
2109
2047
1925
1758
1556
1337
1112
889
669
459
260
61
-139
-345
-561
-787
-1025
-1266
-1501
-1724
-1915
-2064
-2155
-2175
-2114
-1966
-1735
-1425
-1044
-608
-138
345
818
1257
1649
1968
2207
2357
2415
2385
2275
2089
1844
1556
1235
895
547
204
-127
-439
-730
-993
-1222
-1417
-1580
-1700
-1779
-1809
-1794
-1732
-1624
-1467
-1270
-1039
-784
-514
-234
40
295
527
735
908
1045
1151
1226
1279
1312
1330
1337
1338
1329
1311
1273
1213
1126
1001
827
607
340
32
-313
-686
-1066
-1432
-1768
-2053
-2271
-2403
-2434
-2365
-2199
-1943
-1601
-1193
-749
-288
173
610
999
1328
1586
1772
1891
1936
1917
1851
1751
1624
1473
1310
1147
980
804
617
418
206
-24
-281
-552
-836
-1123
-1404
-1668
-1896
-2072
-2189
-2234
-2201
-2083
-1880
-1602
-1265
-875
-447
-1
440
857
1240
1577
1853
2059
2191
2254
2251
2180
2045
1857
1627
1360
1060
732
395
53
-291
-627
-947
-1235
-1487
-1699
-1862
-1964
-2003
-1983
-1904
-1769
-1576
-1340
-1077
-794
-501
-206
76
336
567
771
945
1090
1203
1292
1365
1419
1455
1479
1486
1476
1442
1379
1282
1151
977
757
491
189
-138
-488
-850
-1200
-1524
-1808
-2039
-2205
-2292
-2296
-2216
-2056
-1828
-1535
-1187
-808
-415
-16
371
732
1056
1335
1570
1752
1878
1955
1983
1967
1909
1810
1671
1501
1301
1068
807
518
213
-105
-436
-763
-1081
-1378
-1642
-1865
-2037
-2149
-2194
-2170
-2078
-1919
-1695
-1418
-1099
-747
-374
10
383
737
1068
1363
1611
1809
1952
2039
2072
2047
1963
1828
1646
1421
1157
861
544
211
-126
-456
-773
-1063
-1321
-1536
-1701
-1814
-1869
-1866
-1810
-1706
-1548
-1356
-1134
-891
-636
-373
-116
130
361
572
763
932
1076
1194
1292
1369
1421
1451
1460
1445
1401
1328
1230
1098
932
735
506
252
-23
-314
-614
-909
-1189
-1443
-1662
-1837
-1955
-2012
-2004
-1931
-1793
-1594
-1343
-1045
-716
-367
-11
343
679
984
1256
1486
1665
1792
1868
1894
1869
1796
1683
1531
1345
1130
890
628
354
71
-218
-504
-781
-1040
-1276
-1485
-1655
-1780
-1860
-1886
-1858
-1779
-1646
-1465
-1240
-979
-691
-382
-63
254
565
856
1120
1353
1545
1692
1793
1843
1842
1788
1685
1538
1345
1115
854
570
275
-31
-333
-621
-887
-1122
-1323
-1479
-1589
-1650
-1662
-1627
-1546
-1427
-1272
-1092
-889
-673
-450
-225
-5
208
409
596
766
918
1053
1168
1260
1331
1376
1398
1389
1352
1282
1182
1048
881
687
465
223
-36
-304
-571
-832
-1072
-1288
-1470
-1610
-1701
-1742
-1733
-1667
-1551
-1386
-1182
-943
-676
-392
-98
193
473
738
976
1186
1357
1489
1580
1631
1638
1603
1530
1422
1279
1107
910
692
458
213
-38
-290
-535
-770
-988
-1186
-1353
-1489
-1590
-1650
-1668
-1639
-1567
-1452
-1292
-1096
-865
-608
-329
-40
255
546
821
1073
1296
1480
1621
1712
1751
1740
1676
1560
1400
1200
966
709
432
151
-130
-401
-654
-883
-1079
-1243
-1366
-1448
-1490
-1492
-1455
-1383
-1280
-1147
-991
-816
-626
-427
-222
-16
186
383
568
739
892
1025
1137
1224
1285
1316
1319
1292
1236
1150
1036
896
733
549
346
130
-91
-317
-539
-752
-950
-1128
-1278
-1398
-1480
-1522
-1521
-1478
-1392
-1267
-1100
-902
-677
-432
-172
89
349
596
824
1028
1202
1339
1440
1500
1522
1505
1451
1362
1240
1091
916
720
509
284
52
-186
-420
-651
-867
-1068
-1244
-1391
-1508
-1582
-1619
-1610
-1554
-1453
-1308
-1122
-900
-649
-374
-88
204
493
764
1014
1233
1414
1551
1641
1682
1671
1612
1504
1354
1167
948
707
450
184
-83
-339
-579
-799
-990
-1149
-1273
-1360
-1406
-1416
-1389
-1326
-1232
-1110
-965
-802
-622
-433
-238
-44
148
332
506
667
811
936
1041
1121
1179
1210
1217
1198
1152
1080
983
862
720
557
376
182
-22
-231
-441
-644
-841
-1015
-1166
-1289
-1378
-1428
-1438
-1405
-1329
-1211
-1056
-868
-654
-419
-173
78
321
555
767
954
1110
1231
1317
1368
1382
1360
1305
1221
1109
973
817
644
457
259
54
-157
-365
-567
-761
-941
-1101
-1236
-1341
-1414
-1449
-1443
-1395
-1307
-1180
-1015
-817
-590
-347
-89
170
427
670
891
1085
1246
1370
1449
1485
1476
1426
1337
1207
1047
862
657
434
206
-22
-244
-454
-650
-822
-968
-1089
-1176
-1232
-1256
-1248
-1209
-1142
-1048
-929
-790
-633
-465
-290
-109
70
246
411
565
705
826
925
1003
1060
1093
1100
1086
1045
986
903
799
676
538
384
215
36
-148
-331
-511
-685
-845
-985
-1098
-1184
-1238
-1254
-1234
-1176
-1083
-958
-803
-624
-430
-226
-17
189
385
566
726
866
979
1065
1122
1150
1152
1128
1077
999
903
786
649
496
329
155
-24
-207
-389
-560
-720
-863
-984
-1082
-1148
-1183
-1188
-1159
-1097
-1004
-884
-741
-578
-397
-208
-15
179
367
546
708
850
970
1064
1129
1163
1165
1136
1076
987
871
729
571
398
215
26
-160
-338
-503
-655
-785
-890
-968
-1020
-1044
-1039
-1007
-950
-871
-772
-657
-528
-389
-249
-105
39
176
307
428
536
632
712
777
825
857
873
871
850
813
760
690
602
499
383
257
119
-26
-175
-322
-466
-603
-726
-830
-914
-974
-1010
-1017
-993
-941
-863
-763
-638
-497
-343
-182
-16
151
311
461
599
722
826
909
967
1001
1013
998
956
890
802
693
566
423
266
104
-62
-227
-386
-536
-668
-783
-881
-954
-999
-1020
-1015
-983
-927
-846
-742
-623
-487
-337
-177
-11
155
316
474
619
747
857
944
1005
1039
1044
1017
965
884
776
648
504
344
178
6
-164
-325
-476
-610
-728
-825
-894
-937
-959
-953
-918
-863
-786
-690
-579
-456
-324
-188
-51
85
215
337
445
542
628
694
745
780
798
799
782
748
702
643
566
478
379
269
154
32
-92
-218
-341
-459
-566
-663
-746
-812
-857
-879
-880
-860
-815
-745
-661
-554
-428
-290
-146
3
153
305
450
580
695
794
874
926
950
952
928
876
797
699
581
447
300
143
-9
-157
-306
-444
-563
-666
-752
-818
-862
-881
-880
-861
-823
-765
-688
-594
-490
-368
-234
-100
39
187
330
463
588
697
787
856
897
915
905
870
808
723
617
495
357
212
70
-73
-215
-349
-466
-571
-657
-726
-770
-791
-794
-777
-736
-678
-601
-513
-414
-303
-187
-78
30
138
237
322
395
457
509
543
563
574
574
566
549
521
486
451
402
346
292
233
161
82
2
-81
-172
-263
-351
-437
-521
-591
-654
-702
-729
-737
-725
-690
-630
-555
-459
-347
-221
-86
50
189
323
446
554
649
726
782
815
824
814
778
721
647
558
453
336
209
78
-51
-179
-306
-422
-524
-614
-691
-752
-790
-809
-810
-788
-747
-685
-606
-512
-401
-275
-141
-4
136
277
407
526
630
716
781
821
836
824
788
731
653
555
448
328
202
74
-53
-175
-288
-392
-481
-554
-612
-654
-673
-674
-660
-624
-572
-510
-436
-353
-266
-179
-91
-6
70
140
204
258
300
341
376
401
422
443
458
465
468
469
461
446
421
384
334
275
205
123
34
-60
-162
-267
-367
-462
-547
-620
-676
-714
-731
-728
-700
-650
-580
-488
-382
-263
-137
-6
125
251
370
477
570
645
701
737
754
753
731
688
630
557
469
369
261
144
27
-90
-206
-318
-419
-508
-587
-650
-694
-724
-738
-732
-704
-662
-605
-530
-440
-337
-223
-104
23
150
276
395
500
593
671
727
759
767
755
717
660
586
493
387
273
158
38
-79
-190
-289
-378
-455
-517
-560
-583
-592
-585
-560
-521
-473
-415
-349
-280
-210
-145
-83
-24
32
79
121
164
204
238
270
303
340
375
402
424
446
460
461
453
436
406
361
305
237
158
71
-21
-117
-214
-310
-404
-485
-557
-613
-655
-677
-676
-658
-621
-563
-485
-393
-288
-175
-58
61
176
289
394
485
559
620
668
696
702
690
663
618
554
473
382
285
177
67
-46
-154
-257
-352
-435
-505
-564
-611
-640
-652
-652
-640
-610
-561
-500
-428
-344
-246
-135
-23
90
202
312
410
494
564
615
646
656
649
622
578
517
448
372
287
192
95
4
-83
-170
-252
-325
-385
-432
-469
-491
-496
-489
-470
-437
-399
-355
-304
-250
-197
-143
-93
-43
5
54
98
143
191
234
274
312
347
373
395
408
412
408
394
372
348
314
267
215
162
101
30
-46
-125
-203
-283
-364
-438
-497
-543
-577
-590
-581
-555
-512
-446
-367
-276
-178
-78
27
131
224
307
389
458
511
548
573
581
572
546
504
448
379
296
208
120
30
-60
-139
-211
-277
-329
-370
-401
-420
-434
-443
-438
-424
-406
-382
-343
-297
-247
-185
-117
-49
26
98
164
228
280
320
356
384
397
401
400
392
375
351
319
282
240
186
122
60
-7
-82
-149
-210
-266
-312
-346
-368
-372
-367
-356
-334
-301
-266
-233
-195
-152
-114
-74
-33
6
49
91
127
163
200
226
246
264
275
277
279
274
265
257
245
227
211
193
161
127
87
36
-20
-80
-146
-211
-270
-325
-372
-402
-419
-423
-410
-382
-346
-296
-235
-173
-104
-32
38
108
177
238
294
345
383
406
423
420
401
373
333
278
216
152
82
17
-41
-98
-144
-181
-213
-238
-252
-263
-270
-269
-265
-259
-247
-228
-209
-179
-145
-114
-75
-34
3
39
75
107
134
159
180
198
217
231
239
248
254
248
239
223
198
163
124
75
23
-27
-82
-131
-169
-205
-233
-250
-257
-255
-247
-232
-213
-188
-159
-133
-102
-64
-31
0
38
71
100
127
149
168
183
186
184
181
175
162
147
134
121
104
89
70
53
37
12
-14
-36
-61
-92
-118
-140
-158
-175
-185
-190
-186
-176
-163
-146
-118
-93
-67
-33
1
33
66
96
126
155
175
188
197
201
194
176
154
128
95
60
25
-9
-37
-63
-87
-99
-108
-115
-117
-112
-106
-98
-90
-79
-66
-53
-42
-31
-16
-2
6
17
27
34
38
40
42
46
46
45
47
50
51
53
54
56
57
54
50
43
36
26
11
1
-11
-24
-36
-45
-52
-58
-63
-67
-66
-63
-62
-60
-51
-42
-33
-22
-11
4
17
31
41
54
62
66
67
68
66
60
52
43
36
27
17
8
1
-5
-14
-20
-25
-31
-36
-40
-42
-42
-44
-42
-38
-32
-27
-22
-17
-9
-2
4
9
15
21
25
29
36
41
44
46
47
47
46
38
30
24
13
1
-9
-18
-27
-34
-39
-41
-43
-40
-38
-35
-28
-23
-18
-12
-7
0
6
11
17
24
27
31
33
35
35
31
27
23
16
8
2
-2
-7
-11
-14
-14
-13
-14
-12
-12
-8
-7
-7
-6
-5
-4
-2
-1
0
3
4
5
7
8
7
4
3
1
-1
-4
-6
-7
-6
-5
-3
0
4
6
8
9
12
12
10
9
7
6
3
1
0
2
0
0
1
0
-1
-3
-5
-6
-9
-10
-12
-13
-11
-9
-7
-4
2
5
8
8
12
13
12
10
10
7
5
1
0
-2
-2
-4
-4
-4
-5
-6
-7
-8
-7
-6
-5
-5
-1
2
4
5
8
11
10
10
9
8
5
2
0
-4
-3
-4
-3
-4
-1
2
3
1
1
2
-2
-5
-8
-11
-13
-15
-16
-15
-12
-7
-4
0
7
12
14
17
19
21
19
16
16
15
10
7
6
2
-2
-5
-9
-11
-14
-17
-20
-22
-21
-20
-20
-16
-10
-5
-2
3
9
15
16
16
18
18
16
14
13
10
9
6
4
3
1
-1
-5
-8
-7
-8
-14
-16
-13
-12
-12
-9
-5
-1
1
4
7
9
9
9
5
2
3
0
-5
-5
-3
-1
-1
-1
4
6
6
7
7
7
6
4
1
1
-1
-4
-5
-4
-4
-4
-5
-4
-2
-2
-6
-6
-6
-3
-4
-5
-2
1
0
2
3
4
5
3
1
2
2
0
-2
-3
2
4
3
5
8
10
11
10
9
10
5
1
-1
-4
-6
-11
-13
-11
-11
-15
-14
-13
-12
-9
-10
-10
-6
-5
-2
2
5
10
13
15
20
23
22
21
19
17
15
9
3
-2
-6
-8
-12
-16
-16
-15
-15
-18
-13
-13
-12
-9
-7
-3
-2
-1
1
4
7
9
7
6
11
10
6
4
5
5
2
1
2
3
0
-1
2
2
3
1
-1
2
1
-3
-4
-6
-5
-4
-6
-7
-4
-3
-3
-3
0
2
1
-1
1
3
1
0
0
0
2
1
-4
-2
