SAMPLES:	10033
BITSPERSAMPLE:	16
CHANNELS:	1
SAMPLERATE:	16000
NORMALIZED:	FALSE
-16
-20
-16
-12
-18
-19
-16
-12
-16
-18
-18
-23
-25
-21
-22
-32
-38
-37
-28
-19
-18
-13
-15
-25
-24
-27
-28
-22
-14
-15
-16
-17
-21
-17
-9
3
6
0
-4
-2
-1
1
7
14
16
20
18
10
1
-10
-13
-6
6
16
22
21
16
13
7
1
0
8
18
22
20
18
14
13
5
2
2
1
5
4
5
12
21
26
27
20
12
12
10
13
9
6
9
15
20
18
12
11
11
12
18
28
36
31
22
14
12
8
4
10
21
24
27
28
24
19
9
12
19
15
15
7
-2
8
8
10
9
-4
-9
-14
-22
-26
-26
-14
6
2
0
-16
-27
-25
-34
-28
-19
-6
-10
-15
-17
-25
-30
-30
-23
-29
-31
-38
-45
-50
-53
-39
-24
-11
0
-5
-10
-29
-42
-30
-12
6
6
-13
-9
-2
2
1
-4
1
5
9
14
16
12
14
15
20
27
22
10
-10
-28
-18
-18
15
27
7
25
1
-1
30
10
24
20
-2
19
1
2
8
9
9
43
34
27
47
10
20
20
19
26
14
-2
1
-1
-10
-9
-21
-2
12
31
7
-3
-28
-31
16
-8
-7
-9
-21
-19
12
-5
-13
6
-30
-22
12
-22
13
-4
-33
24
11
26
10
7
-31
-39
0
-40
-24
-28
-71
-54
-9
-56
6
-11
-65
44
63
-9
44
7
-110
67
-20
12
111
-83
20
65
-54
65
65
-96
37
-19
-99
94
-77
-91
106
-85
30
119
-101
67
46
-109
91
14
-124
102
-51
-38
156
-114
20
95
-91
76
81
-122
138
-4
-153
198
-186
-43
113
-216
106
4
-113
114
-42
-120
122
-117
-19
107
-189
99
-55
-84
64
-91
22
30
-77
65
-3
-58
95
-78
40
5
-56
64
-73
10
-26
-40
19
-86
-19
-42
-75
40
-30
-5
52
-56
12
36
-62
75
2
-39
86
-90
87
-33
-41
6
-77
58
-25
80
-50
17
-28
-37
24
-69
2
-39
-21
-32
27
-28
-11
-21
-31
-1
15
-39
-41
29
-112
79
23
-60
144
-37
115
90
25
115
-33
87
-70
105
-68
76
36
-100
186
-91
30
75
-87
89
5
-128
201
-98
99
110
-21
119
-28
99
-38
50
-40
-15
25
-22
148
-44
12
15
67
102
-153
135
-40
-147
172
-116
54
85
-183
167
-150
-65
45
-138
-5
-29
-8
-86
139
-111
-104
36
-108
31
-92
-12
1
-109
-21
-29
16
-55
-81
-142
-1
-149
-67
-114
-71
-34
-181
49
-157
-41
-208
-51
-6
-215
89
9
-21
-61
40
9
-94
-21
-7
-11
-78
80
9
8
48
-106
103
49
-172
194
-109
-117
225
-170
138
24
-65
94
-49
34
51
-29
-29
-25
59
94
-120
291
-88
-99
132
-10
-93
154
85
-21
182
44
201
-103
91
162
61
20
119
141
-28
179
103
110
68
106
21
64
117
76
165
22
293
115
-71
314
76
-143
259
44
-98
314
-204
203
142
-228
290
-131
40
-74
166
-125
-99
193
-311
171
-84
18
61
-52
50
-138
128
-171
265
-260
38
102
-274
76
-51
-16
-144
272
-298
314
-222
-37
187
-465
350
-192
-155
228
-147
-130
234
-165
-168
218
-284
117
-135
-166
309
-415
96
197
-382
194
-93
-222
169
-207
-104
154
-76
-113
89
-204
144
-255
-18
68
-247
184
-259
147
-110
-144
73
-44
-78
-15
95
-168
194
-5
-167
381
-228
158
-42
3
122
-39
-80
36
281
-289
196
-7
201
-185
-131
392
-228
-121
600
-430
196
259
-486
528
-207
-136
203
-220
340
-156
63
363
-179
-9
204
-43
-112
60
-222
328
-330
206
326
-498
399
-46
-104
174
-278
198
-192
64
104
-174
168
-190
6
62
-82
-337
491
-302
-302
775
-560
406
3
-87
80
-276
135
-261
398
-526
323
230
-445
497
-93
-430
472
-327
-46
538
-463
202
554
-455
57
576
-830
824
-243
-232
874
-926
448
339
-633
389
-105
-236
428
-177
-253
333
-247
73
-29
84
394
-579
481
-183
-344
149
-531
288
-201
-344
348
-323
146
110
-261
-31
-89
82
-420
419
-243
-109
-24
-272
514
-943
604
-464
-86
287
-651
884
-778
199
152
-447
510
-448
179
129
-211
150
190
-203
55
417
-438
360
342
-711
922
-475
-65
666
-616
162
2
246
-333
589
-92
-5
288
-51
36
77
12
-182
468
-213
-146
431
-323
-251
438
-386
-36
474
-315
126
119
-217
228
-301
269
-155
185
-121
140
197
-481
429
-288
104
-338
400
-53
-606
832
-716
364
-27
-565
861
-759
124
457
-373
98
299
-511
378
189
-547
513
-367
-71
371
-595
570
-135
-291
163
-100
55
-7
-197
176
102
-854
1060
-665
-160
596
-945
535
-59
-636
463
-432
-148
85
-193
41
19
-160
-329
542
-624
72
135
-466
530
-711
490
111
-852
1138
-1019
716
-200
-443
857
-874
641
-522
546
-200
204
176
-635
889
-656
58
157
-120
157
-185
443
-152
35
148
-230
419
-245
-202
357
-525
-39
220
-213
308
172
79
354
-100
354
-246
-130
371
-751
301
-108
-162
600
-430
33
372
-210
118
353
-330
-115
586
-464
75
509
-812
466
-185
-213
506
-731
735
-123
158
187
187
222
-373
507
-501
103
47
-115
394
-387
207
322
-445
220
31
-27
1
-282
182
92
-35
-247
408
-43
-472
543
-311
-167
-3
1
138
22
-235
323
47
-370
163
-166
-415
50
-9
-175
210
-533
328
167
-427
352
-240
-182
125
-322
107
12
-537
614
-360
-527
858
-1019
220
184
-327
406
-124
343
195
171
-452
475
-373
-165
223
-795
721
-917
580
238
-478
639
-347
320
275
-127
-217
351
-528
473
92
-249
106
-210
98
42
83
-299
84
-28
507
-122
119
-241
-159
535
-1008
903
-718
-64
498
-769
568
-316
489
-593
542
-645
259
368
-955
1131
-1121
528
-181
-43
375
-495
420
-455
387
299
-255
230
427
-546
450
-115
-242
589
-560
133
228
-372
102
659
-826
605
367
-504
1014
-749
245
327
-711
756
-103
-320
336
43
-144
478
-44
20
303
-252
570
-93
-252
210
-84
-134
164
-200
101
26
-7
-125
-156
365
75
47
111
-128
333
-284
113
206
-683
-74
311
-515
340
-169
-369
613
-572
699
-113
19
-64
274
-545
450
-214
-612
444
-500
661
-513
303
364
-514
-35
725
-718
703
29
-829
970
-1023
723
123
-588
183
112
-282
634
-329
-382
978
-858
872
-167
-364
280
-316
13
-181
-136
-220
311
82
60
164
-340
775
-299
115
-265
52
-123
-237
470
-764
267
-123
-215
-9
-267
-428
596
-552
619
-186
-375
566
-559
355
-306
-89
-364
77
-455
347
-141
-265
544
-537
483
-135
-244
421
-438
132
-56
-55
-121
118
-285
-107
204
-172
456
-293
50
287
345
-112
-292
206
-362
62
44
-808
631
-500
286
232
-170
532
-464
598
-265
32
-63
153
47
-362
268
204
415
-635
703
-540
136
363
-262
501
-688
345
181
-74
-200
454
-867
141
645
-961
1173
-631
143
815
-735
743
-4
-358
85
43
320
-286
273
-322
211
-3
-240
404
-413
468
-385
347
-36
285
551
-627
173
263
-405
490
-95
-317
493
-130
243
-80
235
-461
227
161
-262
692
-1009
820
-467
-220
609
-623
258
-48
-260
513
-373
273
285
-483
746
-449
500
-401
-1
-144
-98
473
-1038
1087
-995
277
605
-932
1205
-1204
993
-655
-186
794
-1241
1600
-1639
998
-195
-529
1351
-1430
1513
-1204
1093
-541
-104
701
-953
1009
-1492
1246
-1199
537
-265
-692
1032
-792
240
236
-93
-426
1066
-1493
988
-1018
561
-396
-73
218
-594
1281
-1705
1564
-1139
307
-59
-224
533
-637
687
-412
533
-630
220
41
-358
432
-161
-55
145
-104
108
-154
-490
599
-683
229
289
-914
1242
-739
221
82
-282
386
-750
788
-1568
1494
-991
848
48
-810
1746
-1467
1052
-917
404
-454
274
324
-623
799
-410
516
-244
-3
-319
304
-561
604
-99
-430
1291
-996
900
-525
-2
64
199
276
-332
855
-852
1662
-1117
354
290
-977
1408
-912
480
229
-663
353
22
-148
411
-330
449
-296
255
-289
-288
273
-991
724
-106
-14
309
288
-566
269
28
-176
348
-24
125
-177
707
-609
549
-874
465
-584
482
214
-168
711
-1233
976
-1113
601
-286
-23
-275
390
-193
-298
568
-803
509
-556
658
-764
1026
-94
-41
469
-539
327
222
-389
-233
725
-991
777
4
-593
351
-650
49
24
12
-431
361
708
-1102
1213
-1175
37
-80
-393
280
-463
461
-1039
1504
-1291
489
295
-1546
1268
-984
391
-482
30
-224
-21
226
-697
802
-645
361
-167
312
99
-275
502
-523
66
305
-438
351
261
-868
1571
-799
295
1260
-1353
696
-104
285
-750
1015
-688
201
666
-1116
1187
-890
148
63
569
-1151
1568
-588
-608
1224
-1333
1272
-750
421
-664
572
-668
569
6
-500
732
-761
1042
-1130
843
-237
-883
1607
-1444
1275
-65
-280
406
-168
711
-1125
1803
-2094
1580
-500
-455
1536
-1833
1579
-1301
1322
-1431
1359
-624
-506
803
-1222
1530
-1313
1370
-1555
1601
-1157
412
1137
-1786
1407
-464
-94
107
588
-1625
1532
-977
-365
1598
-1630
1069
385
-917
764
410
-1117
1106
-870
28
432
-350
383
28
-105
-253
569
-326
-79
358
-763
452
232
-523
-163
480
-842
407
465
-733
674
18
254
-54
83
-31
-239
4
-164
9
-698
598
-525
448
-459
56
423
-1307
1474
-1389
592
16
167
-87
167
-645
443
-77
-934
1421
-1414
874
-70
75
-167
89
-252
34
198
-415
291
-745
822
-917
828
-704
-153
832
-1208
877
-578
-270
515
-527
235
-365
226
-147
264
-138
-563
413
-1093
1094
-966
701
-988
559
672
-1319
1657
-1547
920
-515
83
30
-470
935
-1095
806
-258
-260
1022
-1535
1622
-777
289
425
-48
535
-1181
1681
-1970
1794
-1135
210
736
-951
1769
-1173
1249
-1338
1509
-1258
1196
-458
-138
1198
-1497
1874
-1220
1138
-1043
940
-391
436
-282
480
220
-879
1220
-1179
283
392
-419
-203
454
-262
479
-86
-117
-33
33
-543
575
-169
-183
-122
507
-709
428
-83
-823
603
-727
612
-919
1051
-1628
1380
-958
-65
996
-1783
1646
-1703
1281
-1028
744
-917
-23
690
-1648
1550
-1215
522
-681
824
-897
156
264
-1124
1194
-1189
390
33
-298
-363
415
-491
-421
586
-613
36
459
-1222
1383
-810
-517
904
-1006
665
-787
381
-601
1148
-1056
776
360
-1185
1504
-1368
787
-549
528
-627
685
357
-912
1459
-1134
692
-1
29
85
892
-471
556
262
-390
1076
-1348
1402
-982
684
-621
1322
-615
242
1029
-1615
2111
-1540
1472
-1204
1417
-839
581
543
-884
1467
-1475
1464
-971
1646
-1626
1194
-594
-215
842
-685
638
-1157
1432
-1122
956
-367
426
-429
329
-91
17
98
-534
919
-818
955
-1060
787
-859
502
-531
-175
33
-170
918
-1030
1376
-1947
1710
-1652
459
-126
-1057
1406
-2024
2226
-2438
1466
-1742
-63
1177
-1890
1580
-1386
1042
-1002
1325
-1091
-732
526
-1358
865
-505
-42
-395
-189
141
-1158
848
-1368
-127
413
-1199
1952
-1502
321
61
-1026
371
-163
-434
333
672
-570
736
-229
-337
-315
782
-1435
636
193
66
310
-671
234
-399
1160
-1249
901
-537
518
338
154
516
-1034
845
-770
738
-200
-479
859
-591
-245
1093
-695
585
-554
677
461
-958
975
-319
319
327
374
-746
1222
-45
-330
1129
-1194
862
710
170
-238
210
-300
3
880
-282
-206
597
-531
347
457
-644
429
-1227
648
-367
662
-167
144
525
-1159
1780
-1354
258
51
-111
26
574
319
-921
1851
-2134
534
572
-1375
1101
-788
16
253
222
-820
383
204
-1772
1535
-881
13
934
-442
613
-12
37
-532
369
-658
466
-321
-399
284
-190
41
-623
264
-728
471
-170
-405
-870
360
-335
-211
413
-1368
1285
-1028
-252
810
-354
-330
1417
-101
-289
1304
-1668
1185
-415
-55
795
-205
507
692
182
-219
468
-808
-61
150
-509
-143
787
-962
869
290
-566
555
1
-212
247
198
409
595
-300
1003
-517
85
386
-491
941
-545
-380
895
-989
668
-445
-819
272
-502
475
253
-620
-74
724
-1412
159
-439
-314
-448
397
-120
-868
583
-992
406
792
-416
-262
503
-1387
1184
-746
-930
835
-931
422
424
-127
-1004
583
-283
327
559
-205
-71
280
-103
568
236
-555
1107
315
461
923
-271
-847
1243
-673
305
696
-73
704
-75
1050
-603
277
-82
14
771
-128
119
759
404
26
975
-1210
-66
806
-1262
810
236
-515
1180
25
237
186
-770
336
-89
-729
481
408
-678
-119
86
-229
28
104
-513
-273
714
476
890
-145
-652
549
-732
-250
1233
-456
398
421
-590
-300
160
-380
-156
6
-131
602
-571
539
-12
-594
-847
522
952
-84
283
-476
-528
-183
440
54
140
-486
537
731
402
654
-267
-866
-570
274
-844
767
388
-891
195
-197
-381
465
-348
-271
129
-535
321
-101
-650
-179
-89
-676
-80
-161
-288
-317
-579
-465
81
798
-111
-98
-414
-654
260
114
-24
-78
-828
-457
519
-36
231
-176
-427
450
302
99
119
261
-304
221
244
116
720
530
177
-618
-129
-227
19
170
-436
94
-230
-244
-24
141
-417
33
-267
-322
489
380
1018
514
-449
36
210
-724
-129
-164
-256
596
195
-60
271
-909
-863
32
-126
402
100
-514
-464
-83
32
222
-17
-226
-500
-253
303
436
540
244
-62
-596
143
745
547
956
916
124
700
667
318
-3
-659
-187
383
559
851
848
442
561
-14
1011
710
-10
660
-39
167
634
990
729
570
438
341
799
787
862
789
80
216
31
196
339
547
286
-14
281
-62
643
-105
-316
-448
-390
450
-85
57
-815
-1142
-957
-624
-1152
-1203
-1280
-1830
-1123
-2103
-1554
-1532
-2083
-1960
-1895
-1687
-1456
-1405
-2050
-1931
-2132
-1827
-1260
-1164
-1398
-1076
-1473
-1141
-826
-1137
-480
-134
406
207
643
-103
-50
213
-57
339
480
1604
2269
2828
2433
1613
1179
1221
2270
2539
3298
3783
3642
4353
3552
3201
2834
2462
3437
3874
5026
5494
5350
4870
3757
3091
3170
3167
4017
4078
3309
2436
203
-265
-1683
-1908
-1757
-2720
-1591
-1469
-3190
-3843
-5789
-7514
-7511
-8685
-7325
-6746
-7438
-7099
-7642
-7794
-7645
-7566
-7222
-6118
-5607
-5046
-3637
-3922
-3800
-4061
-3578
-1901
-1037
-275
574
967
59
647
875
889
1527
1198
1499
2205
2130
1628
1380
1136
937
1808
2641
3584
3829
3080
3626
3722
3885
4355
4813
5694
6512
7198
8052
7850
7714
7559
7498
9153
9303
9922
11245
11209
12428
11435
3986
199
-1846
-1818
3707
3277
1191
2286
-1865
-6158
-7049
-10461
-9039
-9277
-10034
-4892
-3287
-5587
-8341
-12540
-14298
-11619
-9643
-5175
-1150
-3874
-6228
-6013
-5838
-4391
-4241
-4626
-2195
-740
391
3511
2140
-1868
-3899
-4421
-1681
2255
2433
1136
70
-3824
-5597
-4258
-3492
-1896
-1599
-1355
107
534
-324
-1236
-1786
-1521
1942
5236
8144
8646
6910
4946
3871
5465
6851
9162
10092
9803
10572
10629
9668
9483
7000
8185
9142
9418
13728
13330
12670
8786
-1809
-5573
-5754
-3837
3129
1408
-295
-571
-6871
-10255
-12532
-14559
-11883
-11509
-8718
-2380
-1658
-4880
-10477
-14532
-13311
-9226
-3978
1843
3538
-80
-4392
-5756
-4949
-3362
-2134
-1230
734
1599
1846
2487
-775
-5049
-7229
-5555
-959
2540
2399
-171
-4211
-8949
-10074
-7527
-3886
-1746
-1284
-1406
-1369
-1757
-2691
-2616
-1065
1189
5832
9870
11631
11182
7341
5114
5644
8110
12200
14787
14447
13168
11750
9710
9712
9071
9864
11202
10946
13287
14086
14328
10406
1187
-8099
-9175
-5593
-143
3588
445
-2644
-7674
-13058
-16288
-15255
-13348
-11185
-9101
-5671
-1855
-4711
-11047
-15001
-15374
-10177
-3065
2755
5754
2357
-4540
-9082
-8010
-3770
-148
1892
2975
1258
-724
-1869
-3786
-6021
-8049
-6496
-2111
1891
2621
-1408
-6610
-11578
-13601
-10027
-3646
905
1444
-1014
-3419
-4166
-4586
-2613
955
4263
8206
10720
11566
10329
7652
4759
5481
9591
14715
17033
16270
14010
10570
9076
9287
10557
12846
14928
12826
12916
12784
13114
8560
944
-7000
-8713
-2907
1406
3155
-213
-5409
-10560
-14175
-17173
-12944
-10765
-9829
-8137
-6485
-4074
-6196
-11697
-14200
-11834
-6592
232
5306
4927
683
-6463
-8317
-3978
-112
2461
2432
979
-1689
-3615
-4699
-4277
-5522
-6948
-6151
-3217
-1835
-3341
-6758
-10326
-11537
-11200
-8158
-2769
-1176
-3282
-5270
-6488
-5201
-2820
-256
3537
6759
8230
9496
9440
8768
7381
7005
9994
13845
17488
17274
14589
11228
9831
9496
12008
14884
15816
16159
13393
10815
12373
12413
6258
2926
-6723
-6228
-307
-556
2299
-1197
-8902
-10231
-13923
-15111
-8899
-11217
-9226
-6787
-7562
-3977
-5726
-10503
-9565
-8660
-5022
2982
5055
3709
756
-5231
-3596
781
3626
5833
2692
-3694
-7532
-8325
-5399
-2366
-4906
-7680
-8633
-9131
-8404
-8700
-10379
-11202
-12294
-10300
-6173
-3986
-5165
-9599
-10639
-8046
-4926
325
3382
3407
3930
4038
6567
10237
10317
10719
11068
11763
15113
16538
15477
13383
10217
9480
11719
13760
16055
15483
13001
10220
9233
10521
12463
13874
9640
3146
-7409
-10577
-4765
-421
1936
-986
-5089
-6605
-11356
-15837
-12471
-10649
-8314
-6416
-3813
1131
-2362
-10574
-12734
-9870
-3787
2974
6378
7333
2454
-5568
-5944
-761
4401
6086
3320
-411
-6023
-10680
-10675
-9020
-7229
-7599
-7944
-6458
-7535
-10422
-13155
-14332
-12701
-9522
-5116
-979
-2422
-6832
-10056
-10180
-6204
-678
4158
6793
7242
5673
5468
6900
8954
11151
12306
13807
15981
15779
13871
10572
9147
9478
12405
15003
15416
15234
11149
9857
9068
9005
10620
13584
12936
8332
-3749
-12239
-7765
-4020
519
1592
-862
-1973
-8009
-16018
-14741
-11280
-9282
-6599
-4459
722
-665
-9597
-13616
-11634
-7175
-703
4684
7003
5271
-3275
-7708
-3858
1303
4789
4325
949
-4784
-10647
-13874
-10601
-6314
-6063
-6169
-6492
-8118
-9683
-12753
-13985
-11300
-9810
-5878
-1762
-2350
-5125
-9351
-10668
-6687
-1623
2747
6710
7320
5806
4331
5044
8916
12006
13278
13818
14774
15105
13737
10942
11204
12111
13481
15168
15289
15808
14310
11037
11022
11972
12803
15367
10550
6293
-3301
-10778
-6050
-2181
2390
2665
-3213
-6138
-10016
-17694
-15021
-11648
-7917
-4328
-5603
-3349
-4817
-11908
-14049
-10396
-4640
2433
4587
4163
2474
-5345
-7838
-3309
2556
5800
3761
-2099
-5267
-9538
-11418
-7181
-5026
-3878
-5510
-8251
-8845
-10151
-12919
-11966
-10299
-7814
-5680
-5429
-5670
-7870
-9515
-7827
-3660
264
2802
4405
5050
5309
5206
7338
10388
12570
13479
12757
13530
13926
12776
11918
13195
14582
16243
15760
15020
14292
13290
12804
12422
14367
15514
12615
6958
474
-8318
-7423
-3407
1010
4280
-1119
-6372
-10410
-16003
-16496
-13016
-9380
-4120
-4960
-5948
-5735
-10785
-13513
-10919
-6005
1232
5067
3431
1935
-2908
-6870
-3042
2120
6991
6661
-119
-6008
-9004
-11061
-7299
-3270
-2351
-2980
-7587
-11459
-12063
-11932
-10823
-8593
-7220
-6095
-6889
-8532
-9651
-9453
-7985
-4285
-197
1515
1795
1731
2956
5323
8133
10393
12673
12965
11359
10915
11941
13245
13178
13509
15081
15489
15529
13701
12752
13739
13627
15537
16197
16887
10601
4380
-4282
-9184
-4495
-340
5119
3907
-3999
-9512
-13999
-18499
-14032
-10452
-5599
-3191
-7225
-7374
-9193
-13734
-12980
-7909
-1985
4179
3743
920
-1474
-6486
-5294
1190
7039
8841
5358
-1870
-6754
-9167
-8154
-2589
1183
-204
-3813
-9224
-13253
-12937
-11468
-7914
-4901
-5638
-7717
-9902
-12166
-11929
-9447
-5682
-1595
276
-206
-1348
-1098
1237
4562
8864
11573
13013
11939
9128
8791
10538
12980
14840
15569
15912
15991
13594
12002
13346
13811
15438
17015
16953
16153
9894
1877
-5974
-6709
-1815
3306
6772
2567
-5545
-12066
-17195
-17397
-12360
-7197
-2749
-4342
-7796
-9802
-12986
-13914
-10435
-5078
656
3067
211
-2925
-5397
-6757
-2290
3533
7087
7097
2045
-4361
-7366
-7342
-2891
2328
2479
-401
-5517
-11570
-12787
-10492
-7414
-3523
-3960
-7181
-10370
-13291
-12971
-10067
-6455
-3248
-1888
-2575
-4356
-4317
-2057
2487
7016
8744
10204
9733
7607
7578
9205
12733
15266
15106
15015
14998
13673
11966
13139
15270
17990
17663
16700
17212
12519
6787
-1852
-5623
-791
3375
6257
5030
-2298
-8858
-14979
-18227
-13120
-7892
-4296
-4116
-8080
-10605
-13279
-15702
-12094
-6459
-2210
427
-2071
-3870
-5505
-7448
-3915
1645
5214
5066
457
-3378
-4424
-4528
-838
3381
4108
1175
-4428
-8322
-8304
-6637
-3682
-1685
-2871
-6389
-10920
-12733
-10936
-8000
-4365
-1626
-2888
-5312
-7528
-6578
-1315
3436
7223
7498
6657
4907
4249
6797
10507
14689
16082
14878
13051
12413
11702
13980
14951
17710
19252
18749
17047
12210
6134
-1384
-1117
2613
7733
8627
3941
-2642
-8684
-14281
-15091
-10106
-5827
-3717
-7274
-10380
-12509
-15292
-15254
-10846
-6183
-4150
-4951
-7284
-7483
-8668
-7965
-3521
1029
1887
526
-1441
-2636
-2971
-2787
1390
4580
3640
507
-2996
-4734
-4379
-3414
-837
709
-1819
-5676
-8865
-8970
-7103
-3861
-1140
-1224
-3760
-7032
-6866
-4327
583
4500
6812
6360
4104
2538
3319
7646
11128
14488
14795
13532
11871
11839
12818
14811
17976
17122
14586
5869
1331
3386
7139
10896
9842
5995
1171
-5485
-11355
-8901
-5516
-2445
-3051
-6231
-8793
-12881
-16398
-13447
-8334
-5518
-4856
-7802
-8658
-10656
-11821
-7798
-2323
-74
-1530
-4131
-5565
-5088
-3738
657
4471
4380
1040
-2008
-3364
-2581
-713
1612
2656
155
-3852
-6621
-6278
-4303
-1238
910
113
-3325
-6728
-7509
-4238
718
4131
5342
2937
154
-620
779
4053
7836
10379
10322
8876
6562
7330
9001
11018
13727
15226
15005
12924
7574
1670
522
2462
8285
11659
9738
5678
468
-5323
-7569
-5580
-794
2412
-178
-3691
-7610
-11220
-12285
-9875
-4967
-1650
-3217
-6531
-8690
-10726
-10065
-6328
-1665
771
-1251
-4998
-7152
-8017
-5552
-1007
2462
3098
346
-3055
-4991
-4375
-1784
1938
3388
1154
-2453
-5281
-5802
-4170
-1387
854
477
-2499
-5540
-6474
-4538
-940
2331
2984
1594
-1205
-3083
-2246
565
4538
7319
7296
4490
2169
915
2242
4940
8073
9285
8398
5756
3852
4330
6056
8464
10859
10895
4398
596
-1474
1930
7170
8265
8014
5432
-65
-4222
-4074
-1339
3896
2936
1401
-747
-5118
-7337
-6623
-3504
316
30
-3300
-4727
-7814
-8464
-6670
-3135
-1002
-2486
-5562
-6896
-6796
-6322
-3327
-751
45
-2023
-3965
-4512
-3226
-1748
511
1939
288
-2758
-4567
-4198
-2934
-423
1321
1974
-291
-3630
-4816
-3755
-1030
1615
3001
2292
-368
-3117
-2740
-631
2173
4565
4293
2196
-32
-1107
63
2509
4591
5796
4795
2662
1213
1137
2861
4744
5712
5828
4606
2837
3018
4335
5760
6506
4862
3302
1508
814
2622
4376
4433
4163
2149
356
-484
-1125
735
1843
1603
613
-1138
-2644
-3492
-4085
-2485
-1335
-1587
-2282
-3767
-5100
-5702
-4997
-3249
-1873
-2011
-2766
-3610
-4196
-3918
-3052
-1679
-1151
-1812
-2616
-2773
-2544
-1718
-667
-304
-899
-1890
-2582
-2421
-1560
-794
-315
-751
-1858
-2725
-2793
-1888
-855
-180
-43
-708
-1403
-1181
-583
417
1355
1586
1095
306
-111
61
605
1072
1685
2146
2241
1937
1747
1985
2414
2667
2891
3199
3055
2530
2359
2514
2687
3057
3143
2988
2539
1877
1662
1648
1567
1735
1907
1729
1279
575
335
464
681
913
777
287
-333
-566
-362
215
426
200
-172
-820
-1199
-938
-407
-46
134
-165
-651
-934
-1163
-943
-671
-716
-775
-1095
-1735
-1886
-1771
-1434
-874
-1004
-1308
-1694
-2374
-2640
-2366
-2053
-1708
-1834
-2139
-2264
-2579
-2542
-2068
-1735
-1508
-1395
-1504
-1510
-1721
-1872
-1386
-694
-232
22
311
541
849
1213
1905
2255
1735
1094
788
1082
1757
2459
2943
3014
2437
1420
679
703
956
1519
2054
2023
1591
527
-564
-949
-644
-57
357
83
-496
-1038
-1457
-1048
-169
453
659
187
-448
-591
-496
-109
493
781
530
98
-406
-444
132
415
706
718
290
-12
-107
116
790
1105
840
438
-242
-573
-374
-52
492
607
143
-387
-648
-432
108
668
954
871
437
87
-60
70
471
819
1092
1160
1172
1160
1250
1397
1431
1449
1377
1229
1157
1096
996
837
603
472
516
571
467
348
-20
-318
-622
-797
-735
-805
-1034
-1190
-1244
-1462
-1517
-1679
-1653
-1679
-1847
-1752
-1557
-1291
-1086
-966
-977
-861
-787
-748
-691
-711
-562
-304
-310
-312
-370
-376
-266
-361
-484
-567
-634
-826
-709
-544
-415
-443
-810
-823
-744
-804
-651
-542
-457
-211
-200
4
193
-43
-128
-126
-16
207
317
446
556
426
353
661
1094
1635
1864
1680
1504
1165
1067
1401
1817
2165
2217
1968
1606
1294
1148
1247
1458
1448
1283
1001
694
578
531
615
680
549
373
201
-59
-243
-153
65
278
378
298
137
-80
-285
-208
9
165
201
70
-131
-256
-432
-576
-556
-510
-429
-390
-566
-772
-1082
-1362
-1387
-1350
-1226
-1079
-1138
-1370
-1675
-1986
-2005
-1759
-1479
-1262
-1136
-1227
-1479
-1578
-1514
-1180
-849
-705
-623
-719
-871
-975
-829
-407
71
230
229
226
167
299
585
909
1174
1163
1113
1140
1080
1044
1073
1196
1307
1373
1357
1329
1216
980
868
779
718
808
922
994
1062
932
851
939
963
1105
1229
1214
1272
1341
1298
1303
1244
1164
1060
885
837
883
882
810
708
504
242
47
-62
-118
-126
-208
-227
-209
-371
-551
-831
-1148
-1404
-1563
-1547
-1427
-1458
-1664
-1822
-2005
-2117
-2040
-1747
-1419
-1307
-1595
-1970
-2017
-1979
-1688
-1309
-983
-790
-911
-1057
-1007
-820
-509
-174
47
212
179
80
144
318
500
669
686
680
681
680
683
699
711
772
780
754
896
935
906
854
719
636
666
724
929
1283
1473
1481
1295
1036
864
778
845
1042
1181
1084
867
577
366
166
-25
-1
100
66
-61
-185
-268
-309
-353
-446
-502
-637
-898
-1094
-1177
-1206
-1181
-1221
-1255
-1239
-1222
-1175
-1170
-1121
-1035
-1007
-968
-825
-639
-391
-208
-137
-46
84
186
264
424
613
757
891
988
1012
1070
1099
1143
1235
1255
1205
1093
997
972
1036
1111
1154
1144
1026
887
768
691
708
722
701
628
451
263
170
209
323
415
351
171
-101
-345
-413
-332
-191
-178
-367
-635
-872
-1072
-1110
-1066
-981
-940
-1012
-1141
-1289
-1402
-1448
-1463
-1448
-1430
-1481
-1458
-1447
-1495
-1501
-1510
-1462
-1394
-1284
-1132
-1012
-943
-924
-896
-854
-821
-736
-579
-407
-281
-200
-77
46
162
262
418
624
820
1039
1284
1443
1448
1343
1238
1239
1237
1248
1296
1329
1340
1308
1222
1215
1257
1289
1269
1193
1062
899
827
838
877
845
794
697
634
644
645
666
652
525
353
202
111
105
70
23
-33
-128
-262
-347
-444
-532
-579
-621
-609
-600
-637
-714
-833
-999
-1106
-1156
-1217
-1221
-1207
-1159
-1098
-1075
-1071
-1068
-1111
-1178
-1195
-1174
-1141
-1071
-985
-893
-778
-735
-691
-645
-618
-541
-398
-153
95
244
263
227
197
187
253
392
512
589
617
651
720
739
713
748
799
862
907
906
924
904
864
809
750
731
740
736
718
667
626
588
628
640
598
620
611
613
607
561
525
497
392
270
165
11
-96
-153
-208
-241
-303
-418
-508
-596
-720
-791
-888
-969
-1032
-1115
-1084
-1035
-999
-978
-975
-1017
-1099
-1136
-1063
-924
-788
-742
-667
-584
-576
-566
-485
-285
-122
17
138
289
411
496
572
630
698
771
830
925
943
866
803
727
707
691
649
653
632
562
501
449
350
260
176
146
142
111
47
0
-11
-30
16
125
233
263
182
27
-66
-84
-67
35
105
84
-48
-244
-393
-458
-442
-342
-290
-345
-495
-646
-755
-794
-802
-867
-902
-947
-1012
-1007
-969
-907
-814
-778
-801
-807
-820
-763
-624
-535
-391
-254
-196
-123
-82
-76
20
92
148
239
355
538
668
764
810
842
852
822
826
805
756
771
791
829
870
836
807
757
690
671
691
618
519
420
361
399
443
471
435
380
285
200
162
217
285
283
207
97
-27
-118
-183
-202
-139
-148
-185
-265
-351
-365
-350
-285
-223
-287
-442
-617
-707
-677
-616
-558
-501
-467
-514
-555
-578
-567
-530
-580
-628
-673
-721
-626
-471
-336
-239
-257
-307
-330
-415
-459
-398
-331
-237
-155
-111
-40
13
27
66
78
115
138
93
56
41
54
108
154
177
221
225
261
273
259
218
190
266
328
392
432
431
386
332
326
415
513
524
514
453
372
345
367
415
459
393
378
361
276
234
146
125
173
138
173
188
131
43
-101
-206
-244
-229
-196
-122
-54
-26
-81
-71
-231
-412
-475
-581
-530
-395
-328
-124
2
-28
-78
-381
-544
-670
-801
-667
-649
-466
-156
45
310
281
133
-104
-357
-534
-642
-544
-350
-13
234
342
384
236
-57
-624
-1064
-1100
-941
-532
47
525
1012
1194
1142
850
95
-457
-852
-890
-621
-336
193
570
918
1129
1094
1023
634
209
-231
-551
-514
-262
198
593
787
927
836
650
481
193
-9
-128
-200
-95
111
321
525
554
411
225
-25
-214
-189
-107
-37
-3
-46
-88
-117
-78
117
208
186
75
-105
-192
-343
-384
-203
-28
184
260
142
150
-25
-320
-365
-559
-412
-195
-8
458
687
827
810
430
75
-279
-514
-390
-312
-151
-66
56
260
196
175
36
-127
-186
-394
-457
-409
-301
-41
73
214
93
-145
-314
-496
-460
-382
-189
-40
15
88
36
27
-74
-168
-236
-308
-275
-171
93
241
188
140
23
4
-369
-755
-902
-1362
-1408
-1333
-1013
-183
346
1063
1443
1391
1257
586
-22
-321
-637
-359
-243
60
534
489
793
757
734
647
262
166
129
-22
203
268
436
448
100
371
541
406
438
96
-135
-112
-567
-542
-620
-436
201
576
779
701
463
247
191
-58
-134
-429
-667
-718
-829
-470
49
591
1019
1031
678
291
-317
-1010
-1460
-1765
-1561
-903
-390
175
333
469
586
300
116
-317
-401
-351
-205
272
325
381
258
-18
-16
85
-64
-174
-365
-427
-203
-33
210
547
743
645
556
139
35
-418
-686
-494
-603
-375
-150
-202
278
312
361
707
344
565
284
177
425
-17
-29
-174
-104
174
608
1296
1476
1127
1074
280
66
121
-522
73
-329
-131
422
-259
58
-363
-856
-165
-943
-480
-377
-585
303
-207
-92
-474
-1334
-1264
-1578
-1603
-857
-25
795
1299
1388
954
275
-225
-837
-739
-779
216
-2
217
1165
934
914
563
-62
-893
-1008
-1163
46
305
752
1269
866
560
482
217
-337
-563
-495
16
-66
954
1112
671
583
-148
196
785
-24
-16
538
-271
804
2002
681
556
1381
556
801
432
-591
-701
-1718
-294
-723
-457
453
-205
1388
847
441
566
-1255
-826
-760
-1215
-586
-1581
18
321
629
-81
103
-437
-1156
-1025
-1174
209
-1112
-7
-187
-823
246
-40
-369
146
-811
-434
600
-174
-225
132
-742
-263
920
-1044
735
-350
353
1392
-70
1489
-533
-789
593
-242
10
1234
-355
2271
-1087
1712
1474
-1942
2364
-1508
883
368
-129
500
447
-534
1094
630
-441
907
-2279
2181
-265
-171
1068
-1545
-838
92
3
798
-170
-554
344
-858
1082
-1780
846
-417
-1315
545
-839
188
-685
739
479
823
-1340
355
-912
-1341
182
-919
854
-596
141
1046
-394
-81
7
-943
-716
-368
-2257
868
-132
-468
2669
-767
238
375
-1235
1224
-1575
41
312
-164
1840
-873
722
568
-93
758
1439
-2375
1217
-608
604
1097
-588
3159
-1549
1901
-644
-707
361
-388
923
-313
-293
800
713
496
-450
-913
69
-624
1373
-1819
431
829
-797
1631
-1233
-160
308
-1444
1782
-1308
-472
713
-1898
1005
-493
-8
-536
655
123
-584
-449
-1374
-778
-88
-44
-348
53
-459
407
-997
1292
-513
-834
795
-984
423
214
-871
-166
116
553
-162
-475
1217
-993
757
640
-307
482
-1080
736
-386
463
1338
412
236
-332
460
-189
-239
82
-138
-469
1515
409
289
277
-1341
1153
-860
380
1303
-1893
574
1947
-3044
1679
-1031
-369
1044
-1716
2161
-1150
-608
2212
-2080
-308
326
-2655
2990
-1393
-215
1033
-2854
3448
-2069
-127
356
-2288
1187
-46
352
-1488
1043
-615
1230
-880
-677
674
-1822
2083
-709
-59
288
-1437
1049
-249
-1206
1209
-1617
818
811
-1269
1517
-884
833
841
-717
1335
-1620
-186
1459
-2719
2983
-1422
1927
-454
-420
2354
-3713
3258
-2084
81
1334
-1310
1674
-150
409
-171
-1053
130
392
520
47
1148
492
-507
2796
-2479
1516
-732
-1081
1590
-718
1146
-1046
43
875
-1117
492
1338
-772
611
-482
620
-87
-892
574
-1451
537
471
-1491
1374
-1121
678
-673
-390
-174
-377
1354
-2147
580
-936
-252
2119
-2158
555
-191
-1077
1433
-1329
-355
-416
-1985
1595
562
-494
1846
-1660
-252
488
-1674
818
-785
-2190
1991
-234
450
1249
-2294
574
-435
-1107
1373
718
-1732
1564
-1557
462
754
-1319
1386
-1588
-85
237
-348
-591
-298
656
-233
1383
347
589
396
-1570
201
-984
-647
496
-1660
1495
588
-1156
1714
-1188
-581
-99
-382
393
6
-104
1458
-1973
1331
-616
-462
1037
-1924
1073
-325
-560
783
-74
538
1392
-1168
1244
-877
1203
-1177
-389
533
-1003
1351
331
932
-536
1657
-2139
2484
-1745
471
51
-1966
2154
-908
1130
638
-640
732
-302
55
-266
-913
1908
-1855
1607
-303
-634
2229
-2314
906
-331
-918
1183
171
-244
397
308
142
1811
-1730
-365
532
-872
1414
-1608
1006
-82
-105
641
187
-309
-587
1204
-1394
1142
78
-1035
1565
-876
9
-129
-26
798
-294
517
73
-132
-140
788
-1071
1050
43
-79
1785
-1920
1577
-1265
-589
1285
-1423
979
594
-891
2024
-1794
-435
753
-1955
2320
-1163
-90
1475
-1998
430
449
-1730
1125
-752
267
1537
-2274
1150
-1049
-65
879
-563
765
-1037
-555
202
-161
-1062
752
-756
1050
-378
-385
1132
-1747
1460
-1153
-912
1791
-1592
1319
113
-1614
1850
-1025
-249
1237
-2055
1455
-67
-1591
1817
-1265
-98
-163
-948
1141
-905
-292
338
-1042
1353
-1368
1180
-1029
1075
-247
-233
991
-2087
2452
-2459
2373
-764
-293
2084
-2237
2014
-1069
-1052
1861
-1710
1019
336
-1127
1686
-767
738
470
-582
-930
2083
-2238
935
-215
-1007
2155
-1453
1658
-823
975
-1074
334
766
-1558
1583
-822
677
638
-419
1868
-1256
402
384
-1653
1700
-1150
928
326
-158
-2
939
-900
738
-717
-822
1653
-2304
1866
-1351
733
-605
-87
748
-707
169
-1988
1634
-1755
872
74
-1440
2512
-1667
-231
1034
-1985
709
5
-810
1732
-1310
1814
-1081
-143
-36
-802
1792
-2072
1735
-1281
-56
1044
-1153
969
-412
-1274
1385
54
-644
902
-2351
1859
-1921
1386
174
-743
798
-956
1062
-1711
2119
-1752
217
-25
-154
1221
-953
1223
-730
314
643
-451
174
-937
-151
1368
-1316
2479
-1171
1014
395
-1439
2299
-2616
1367
-94
-455
1129
-793
-386
1370
-1924
1411
-627
-1278
3123
-3816
2735
-1566
914
1289
-3226
3381
-2980
208
742
-1433
1704
-827
-69
721
-629
968
208
-1165
1585
-2579
1611
-172
-1302
3341
-5052
4262
-2724
477
1488
-3250
2838
-1543
1265
-148
-219
-109
-411
-278
650
-1401
1491
-944
280
607
-832
866
297
-830
1725
-1240
272
570
-1939
2798
-2808
2286
-697
331
1179
-180
705
-231
1292
-1719
1645
-1767
478
893
-1078
1447
69
-458
1507
-1704
247
270
-299
380
-358
282
153
314
-364
826
-1618
536
-691
9
260
-484
-113
782
-471
179
312
-1197
1152
-1697
30
234
-1255
865
-531
-45
635
-1213
311
-127
-1275
1428
-2120
1063
94
-1833
2172
-1996
1485
-1201
1023
-876
-102
571
-831
473
-171
-161
629
703
-1019
1886
-1712
525
722
-1142
1603
-1137
855
170
165
756
-350
370
-314
561
86
-633
1381
-1439
1386
-44
57
347
-1468
1649
-1844
576
194
-1360
1272
466
-1279
2375
-1615
211
904
-2607
2567
-2442
1679
145
-1076
925
-1574
1411
-655
-551
910
-1188
81
923
-383
-608
-554
-521
922
331
-380
570
-1217
969
-667
345
-525
231
-633
324
780
-991
1715
-2444
1480
-697
-364
856
-942
1127
-550
385
64
179
-309
1111
-854
659
-88
-346
689
-680
164
1422
-1656
1848
46
-1424
1613
-1966
1816
-1489
1910
-754
433
508
-1081
1376
-1972
1640
-1593
477
871
324
-1095
1478
-1026
-276
385
-685
853
-1889
1819
-998
927
-24
106
122
110
-464
402
-637
-525
1693
-1801
2493
-1953
653
512
-1096
1246
-1825
1036
-923
743
1141
-775
-477
715
-1767
1711
-1595
-678
2057
-3013
2892
-817
-1339
1021
-10
-1382
1927
-1501
633
671
-1400
1365
-450
-910
1555
-673
-927
2328
-2846
2382
-1073
-572
1315
-1632
1600
455
-1264
1522
-437
-1253
2826
-2703
765
1489
-2346
3118
-2211
158
2583
-4021
4572
-2844
1152
803
-1304
910
-592
485
216
33
360
974
-2163
3493
-4106
3199
-2041
-128
2535
-2722
2817
-1543
-967
1911
-2170
588
1696
-3934
3864
-2614
784
1335
-2458
2901
-2667
798
1110
-2378
2541
-1532
534
455
-1363
2532
-1776
70
865
-1660
1134
215
-213
4
-418
395
-816
307
1
-99
-500
1183
-234
230
-181
-293
-249
-462
1555
-2403
2742
-2326
1341
1130
-1827
2612
-2840
1297
-266
-878
2022
-1566
-325
2372
-2223
1891
-948
-1075
821
-1274
1813
-616
-428
1031
-551
-754
1815
-2956
1752
-782
249
1082
-1477
1220
-1018
441
668
-1943
1267
-210
-1078
1444
-1551
1307
-484
-66
676
-166
-1052
946
-614
-872
2181
-2291
2881
-2282
425
1574
-2054
2378
-1831
180
374
168
-272
186
-36
-1482
2888
-2279
1323
-566
-640
2336
-3386
2593
-917
-794
2038
-1867
1184
209
-846
2359
-2907
1725
-742
-1441
3138
-2477
1577
-1064
487
886
-1611
835
-182
-1205
1435
107
-158
498
-923
991
-1810
1867
-1976
1124
-378
-548
2209
-1570
683
-277
382
-886
1599
-1773
173
590
-793
1141
-390
-74
250
527
-969
1341
-1467
854
9
-591
642
-340
415
-436
247
-433
143
-165
118
112
-434
415
17
187
-378
219
-731
296
516
-1249
1257
-1047
638
-457
517
347
-1479
1226
-592
-532
1485
-1657
890
204
-1995
3207
-2569
372
887
-2050
2193
-1015
-188
1348
-2136
1717
-562
-387
457
-1321
1330
-1161
1239
-201
-744
1073
-710
398
-596
834
-1034
505
166
366
386
-507
478
-1135
854
-1099
426
363
-707
1434
-998
747
605
-1757
1583
-1123
-291
873
-1636
1915
-1536
1638
-387
-1183
1032
168
-721
633
-489
560
934
-447
-161
374
-752
541
523
-1171
1066
-2370
3308
-2070
431
860
-1068
883
-96
932
-1536
789
-898
1640
-945
730
-525
-991
1507
-1493
1212
-666
628
-243
-871
1317
-1240
-588
1017
-309
-645
1128
-964
-319
243
-968
1129
-197
-589
1963
-2294
1822
-784
-853
1341
-1092
263
-411
1579
-2246
1881
-592
-506
1851
-2486
2747
-1444
-898
2091
-2405
1352
878
-1714
1325
-1058
645
-522
179
112
-1847
1474
816
-807
-43
-215
-62
-225
-806
1512
-1609
615
421
-396
129
-1146
1283
-818
472
281
-651
535
-988
1918
-2386
551
750
-1061
2503
-2425
1490
-1272
457
93
-175
1117
-1552
785
-211
125
-62
47
-727
-832
2008
-977
199
702
-1762
1830
-1868
1152
-334
-1173
1553
-1755
1795
-1510
1571
-1151
-776
1700
-1573
1287
-392
-460
-30
182
-229
496
-835
745
-458
-126
1717
-2540
2025
-1216
408
302
-716
1333
-1328
503
1498
-2325
1624
-1417
262
870
-1709
3205
-2958
2139
-1244
876
9
-1292
1211
-368
1161
-533
-341
-214
1126
-939
699
-1086
915
791
-1183
425
101
-701
743
-132
-585
2533
-2594
2189
-912
-1999
3433
-3765
2568
-1807
-10
2484
-3204
2521
-1138
-844
2000
-1969
1892
-565
-1823
3204
-2876
1718
-104
-2000
2635
-2373
1590
-756
-964
1556
-1501
1964
-253
-801
234
-504
28
-447
666
338
-1743
1566
-221
110
-1611
726
691
-1329
1904
-1139
93
543
-13
-166
10
-1209
1655
-765
276
644
-1115
1858
-1104
-42
-435
1083
-1029
-212
756
-943
2389
-1617
-289
1231
-2239
2030
-1038
959
-482
-1191
3132
-2912
2533
-1111
-465
1704
-3203
3658
-1300
-2012
3395
-1499
394
843
-1151
673
-1031
547
286
-122
1323
-1107
157
850
-669
-195
157
429
-696
625
664
-1417
162
545
-265
-329
411
585
-1384
1099
-897
-601
1088
-1434
767
-446
1058
-357
-911
883
-429
-155
-539
929
-1067
769
278
-151
-5
-1466
1561
-1374
1208
-594
-967
1802
-463
-223
993
-1431
28
1389
-1907
3103
-2672
1442
1005
-2212
2212
-2154
634
590
-1800
1873
-716
-728
1777
-2251
394
1894
-2304
504
1508
-2945
3147
-1416
-1103
3627
-3968
2406
454
-3120
1941
-636
-93
608
-488
657
-107
496
-813
293
-1034
-396
1525
-1131
477
1133
-959
1166
192
-1933
1520
-1534
740
-248
908
-101
499
378
-1310
1360
-1858
643
399
-106
31
924
-1001
646
-516
-1018
1632
-1826
906
594
-950
478
20
140
-108
-524
1359
-915
-559
855
-660
-330
1284
-506
291
403
-1050
872
-1066
463
601
-1731
2392
-851
-142
1039
-2654
2035
-2197
1594
-364
-344
1378
-1050
1312
-1081
606
-1758
1331
-1097
835
-624
955
529
-1182
1468
-3121
2114
-1609
870
438
-943
2298
-1679
1029
-264
-1733
1014
-415
-219
1243
-1808
1318
-577
571
-13
-1027
599
-393
-31
-701
695
-804
1395
-2067
2732
-1990
353
2066
-3633
2402
-783
-1613
1605
-855
-90
1284
-1410
2375
-2035
375
462
-2049
1210
-818
1512
-340
469
1171
-1746
766
-236
-1738
1476
-1889
1205
1056
-285
1176
-1279
-189
-193
-614
983
186
-311
951
919
154
-1093
660
-1791
791
198
470
1279
-1468
1405
-1143
330
-493
-452
-102
813
220
636
69
-751
1001
-1910
1492
-753
-258
1453
-487
700
85
-1015
1096
-1105
-122
1128
-1379
2036
-1045
549
45
-703
110
-82
-734
831
55
744
-164
-825
1793
-2392
1009
-45
-1776
2317
-1208
1049
905
-1939
1292
-664
-180
314
-1000
477
109
931
-27
-649
688
-1481
705
-186
-249
-151
2
1649
-1610
1321
-773
-538
372
-722
773
-588
-100
613
-370
-762
1293
-1023
978
-464
-838
150
-1231
1250
282
-194
322
74
213
335
-380
-1030
-868
1279
-730
1824
-895
-233
1113
-2243
2302
-1288
-926
1176
-944
978
441
-1170
1531
-2215
1403
214
-1846
1807
-680
-671
1271
-458
261
1308
-2698
2602
-2149
795
258
-1103
537
-533
841
-33
-79
-722
1111
-921
1359
-1162
-382
790
-1118
613
510
-479
-641
1846
-1666
1063
-15
-1426
2126
-1925
881
373
-1826
2759
-1816
1000
443
-1999
2778
-1540
22
910
-612
766
-151
259
185
-680
713
249
-2188
2932
-1857
-312
2248
-2290
1900
-376
461
554
-597
-44
-108
-26
567
663
-1231
1002
333
-1111
1099
248
-1006
790
335
-558
497
-901
-352
350
-793
1601
-611
-7
688
-855
1084
-1432
1272
-454
-1024
1920
-1765
995
-247
-933
1303
-1303
817
79
-1338
1266
-416
500
-374
317
-642
-467
553
-681
-101
-240
421
135
694
-373
-244
436
-1054
267
407
-1400
1426
-1235
377
924
-1901
1473
-1108
-1332
2455
-1711
562
1038
-1398
1030
-1351
436
-546
-311
1076
-563
878
352
-1451
1294
-722
209
429
-1605
2210
-1458
905
91
-1578
1283
-1106
422
-429
-305
1253
-676
481
888
-458
440
-210
-1405
1138
-385
597
1061
-1283
1687
-701
322
1039
-2009
1016
-57
-142
877
-493
1019
-597
179
-231
-200
-144
561
84
70
637
447
858
-1485
679
-1338
57
497
139
-439
755
79
222
1202
-1500
-82
137
-229
109
847
-1382
993
-270
462
-1198
136
178
-965
938
-1047
1362
-650
-368
1121
-1556
73
1125
-1631
1095
-961
367
98
397
-311
-600
554
-1382
2174
-1217
-136
556
-964
1044
-438
91
36
-731
1056
30
-597
-223
301
-1180
894
-210
649
-187
223
944
-2010
1846
-1519
210
-189
-168
199
289
1351
-1031
1096
-1178
-328
724
-1096
-683
749
-619
1591
-488
471
-413
-804
1168
-1788
1029
-1390
1288
-846
523
1086
-1643
1448
-62
-827
945
-1768
769
411
-1252
1698
-1312
1498
148
-810
658
-1215
-276
801
-351
291
205
-109
1242
-1090
49
349
-507
64
1250
-1679
961
525
-1428
2415
-1762
289
724
-1154
424
-481
-501
1642
-86
11
155
808
-1244
-204
435
-2430
1922
-349
667
326
-662
1652
-1219
-338
57
-1466
1039
-85
-321
1176
-1879
2106
-334
-550
41
-1290
362
-57
254
289
59
463
1487
-1474
1033
-817
-1135
496
-872
50
277
1446
-683
516
125
-797
1315
-456
-702
-308
-724
924
361
-656
-167
1208
-817
1269
-76
-1568
531
-1244
790
342
338
-129
1295
-617
237
-919
-601
188
-1557
1095
572
-101
380
1397
-1608
-314
361
-768
-241
58
2
-422
665
511
42
-1303
834
-611
137
519
-638
114
-823
1663
-474
-95
593
-886
36
228
-289
290
-551
962
-218
1083
-1005
-111
895
-1200
263
-917
653
-858
1180
-735
484
354
-195
676
-1451
-127
181
415
-512
707
-369
760
-324
1009
-1795
-407
793
-708
1263
-306
261
500
-72
-6
496
-1634
528
-201
142
-395
468
173
341
-735
182
445
-2019
1816
-1105
247
136
0
218
185
502
-13
111
-523
383
-903
740
290
-368
156
446
348
-14
-385
2
-407
174
962
-1093
515
-124
-187
386
847
-1525
687
-133
-1475
1404
-634
57
-106
477
467
-467
125
123
-1764
557
-576
165
1253
-918
1534
-1887
169
808
-1765
1342
196
-1595
1005
-689
387
783
-1269
139
-144
356
882
-628
-952
1013
-1244
1209
822
-1421
946
-682
156
-130
307
-384
-458
-192
1395
-1281
63
1074
-1895
940
-202
928
-621
543
-286
-1003
-2
775
499
-1088
513
-175
-101
1092
13
-546
18
-945
1980
-1255
545
-81
-1805
1082
-360
994
-777
831
-1189
-76
720
-664
449
-195
-1150
1163
284
-811
1020
-1596
354
-436
857
1314
-1222
-122
821
-418
802
-287
-364
-91
-60
342
-340
274
-799
1267
-395
380
464
-28
-897
199
-472
-385
1801
-636
713
212
-535
261
-437
-705
413
-1223
667
566
128
675
-1008
1658
-1361
-257
1229
-2300
1726
583
-1953
1914
-524
167
179
-287
183
-1999
1054
-187
-479
755
-11
309
313
-161
90
-380
-398
-558
-92
319
666
316
-4
-155
-421
509
141
191
-1082
747
248
385
220
-1121
1286
-1342
611
1146
-1673
634
203
-961
1364
-281
-235
1612
-2135
780
344
-1410
490
550
-861
772
1372
-676
346
-273
-475
218
-569
102
869
-1015
1652
149
-731
451
-463
-815
-352
360
-398
1199
572
-231
-364
415
-1056
197
-706
-709
925
-943
1958
-567
141
-7
-1302
1625
-1821
-20
740
-997
1298
-593
78
546
-963
1548
-869
-219
466
-907
1105
-1315
-222
435
-86
560
365
-414
-530
-126
-323
-203
-345
332
248
847
491
-1075
904
-964
-651
764
-1460
1136
374
273
896
-1594
1086
-398
-1079
1668
-1442
803
46
166
682
-593
139
-81
-241
452
-376
-859
901
-406
222
392
450
-53
-81
228
-628
-87
-274
76
331
-364
971
644
-995
1336
-734
-63
391
-995
1353
-396
773
738
-828
568
-935
182
263
-1001
717
-571
346
665
-542
445
-784
-204
77
-277
86
-517
681
-15
-173
747
-38
493
-749
-367
144
-631
484
-118
39
666
-14
570
-143
-188
-833
-465
191
-790
1351
-229
169
807
-1348
649
-429
-619
623
-1005
686
648
-177
969
-741
-812
585
-271
397
210
-875
311
321
308
1
-1217
585
-513
-487
1153
-737
-548
451
-788
714
7
-563
911
-1149
5
671
-538
-176
345
-647
497
450
-499
512
168
-1077
437
323
-820
850
-883
-11
279
182
-42
42
108
-862
542
-1018
876
252
-1195
1456
-55
-399
785
-540
-43
-592
-156
1533
-504
570
493
-379
182
-474
960
-987
-245
968
-159
630
-97
6
244
-910
265
561
-547
1013
-374
-265
156
187
-650
-600
813
-554
631
304
-261
137
-550
-170
851
-1190
375
701
-279
740
-332
192
-342
-134
436
-230
104
54
-337
600
-140
-454
529
-637
-311
52
-193
328
161
-498
530
-117
233
335
-887
311
-383
118
136
-621
1080
-152
521
826
-753
407
-213
-409
-25
-214
775
-439
380
925
-1025
544
-583
-744
115
-334
-146
-245
288
263
76
-20
328
-172
-206
332
-289
157
691
-353
512
-33
606
92
-800
275
-1168
-155
377
-202
-389
451
402
-486
593
-500
-662
216
-47
470
241
1006
-241
-207
728
-277
167
-661
-27
-537
-127
1182
-525
-228
332
-722
684
-452
-140
-84
-725
819
101
457
90
142
-671
96
-55
136
-501
-14
568
-663
478
-257
-182
-495
111
44
223
-537
622
26
-1221
1120
-74
-608
517
-597
-277
498
-539
587
-206
22
346
-538
128
130
-955
695
22
-958
573
849
121
-910
473
-848
-202
301
-552
759
-389
396
1260
-677
262
-746
-701
1119
-824
735
1079
-738
1240
-185
17
-314
-865
431
-630
250
490
-578
530
503
-712
477
-91
-85
-148
-103
894
74
158
468
89
126
-131
81
-983
-992
655
-348
304
763
-771
83
-381
-134
-129
-376
239
195
688
988
357
-395
-110
151
325
-248
589
312
-303
361
-191
-403
-494
-269
-163
-289
147
206
-297
-317
202
-671
197
515
-323
688
-210
180
461
-1282
334
392
-660
1171
-258
363
157
-865
443
-959
-747
863
210
-259
644
-196
167
-477
-460
-263
134
-67
264
330
-350
732
-184
-115
-288
54
-262
316
-445
112
711
-189
439
-76
-79
49
-90
-391
85
-224
539
411
157
1128
299
-732
340
-385
-899
372
-708
512
560
741
1492
-950
-591
-286
-1247
192
-265
-43
757
524
264
337
-849
-1051
-141
-653
639
772
167
267
-170
6
452
-314
-617
129
-375
-214
346
229
-426
260
743
-574
646
-534
-878
83
-1078
887
539
135
1253
-630
-377
654
-663
-372
353
160
230
20
974
210
-60
200
-244
-608
-493
1016
-839
-167
1239
-246
392
369
-688
-368
-976
-131
-209
-483
1383
-356
-332
481
-374
-241
330
-607
-408
276
273
268
92
1058
-688
-905
864
-323
-964
30
-128
-237
172
978
183
-1190
352
43
-664
-98
-405
-146
-564
326
548
316
948
186
-1009
-119
-301
-253
-81
-54
1106
-159
1385
241
-1256
-517
-353
75
329
90
383
529
-285
868
-347
-355
-563
-430
430
50
-35
210
903
-320
134
-275
-1179
-220
49
122
377
-75
-82
382
-130
-210
-514
-145
38
-201
48
-119
366
-51
-72
636
47
-170
-324
-618
-229
130
36
196
-453
372
632
1
-40
-518
-53
-149
59
-213
-240
545
250
-33
270
-62
-29
-550
-547
311
-343
712
766
535
106
428
-155
-413
239
-462
211
-86
772
792
-87
416
-299
-602
13
-396
-6
114
-370
167
39
-50
126
-525
-759
-61
-925
264
325
-549
489
171
591
83
-203
-602
-471
-25
76
-112
15
-92
-470
215
-27
125
-447
-91
-341
-471
70
-9
-874
-254
702
236
166
-98
62
-875
-465
-160
-376
553
807
720
357
7
74
-695
-816
161
-175
476
954
508
347
51
-276
-421
-360
-248
300
382
342
349
310
-95
-142
-89
222
191
-241
455
625
242
400
258
-467
-341
117
246
-58
-102
126
50
499
354
44
-328
2
346
-146
-106
-226
-280
351
620
253
-268
-401
-304
-191
71
-10
146
193
5
-29
9
-103
-24
-9
96
85
-324
-128
-159
-175
197
659
524
389
139
-629
-542
-211
42
96
429
427
453
190
-150
-319
-959
-351
81
39
473
740
360
256
35
-357
-343
-510
-255
-148
100
177
357
251
52
101
-301
-118
-254
-338
142
263
166
-112
-102
186
521
-108
-670
-520
-423
-114
79
-53
-103
-119
353
455
-421
-656
-666
-313
161
309
-8
59
-117
166
226
-466
-129
-611
-243
222
-124
-62
-111
-29
-137
-82
-114
81
-180
-421
-95
-416
45
472
-22
351
194
273
484
-151
-113
-377
-525
318
360
222
760
222
184
79
-294
3
-449
-504
-27
-99
393
1067
577
-65
-212
-342
-62
229
-95
46
-75
312
860
76
-132
-375
-454
171
197
227
-78
-442
-29
-99
150
194
-98
159
11
260
-27
-412
-165
-528
-143
273
126
304
-34
-75
0
-418
-65
-179
-400
158
307
358
448
29
-348
-755
-646
-154
-133
377
333
221
222
234
168
-480
-497
-361
-333
363
176
-78
28
-144
430
356
85
172
-349
-146
-43
-274
111
-20
342
722
701
579
-75
-375
-570
-723
-223
222
338
650
703
431
-25
-215
-542
-773
-471
-18
397
686
756
398
-103
-269
-253
-624
-316
-65
-46
378
475
367
88
-89
-248
-421
-318
22
36
-170
66
158
-27
192
212
-109
-123
-258
-220
-212
-304
-189
-160
-84
293
275
143
90
-279
-382
-273
-204
-107
146
366
267
241
189
-9
-201
-348
-242
-213
9
415
381
338
262
-82
-293
-413
-328
-206
51
390
406
424
235
-110
-305
-363
-133
-4
182
417
243
74
80
-120
-116
-84
13
132
57
180
137
-4
147
-169
-251
-113
-224
12
-4
89
80
-88
121
-50
-118
-33
-190
-59
61
167
213
-25
-10
-124
-174
136
-41
-128
-30
-101
-41
55
85
59
-165
-104
53
-218
-35
29
-63
-29
71
189
40
121
138
57
-88
-64
-63
-39
173
262
224
50
-44
-158
-227
-252
-218
-33
199
267
239
-2
-96
-183
-149
4
-16
190
141
145
99
26
40
-129
-106
-25
-63
4
116
-17
-21
35
-3
5
-59
-66
-52
-123
-32
-30
-47
75
21
30
-15
-112
-43
-34
-125
-38
52
96
168
79
0
54
-76
20
-7
-182
-67
-42
106
85
-30
-5
-59
21
124
25
11
-44
65
179
79
112
40
-31
55
9
2
-84
-183
-113
-86
42
172
178
112
27
-72
-155
-157
-143
-77
104
154
245
176
119
54
-48
-17
-5
-17
-76
-53
-63
40
94
95
38
-97
-77
-141
-140
-49
-33
-83
-87
-62
-38
-2
3
91
85
63
19
-170
-178
-184
-131
45
131
182
194
0
-184
-285
-350
-225
-77
41
196
235
130
79
-192
-286
-297
-262
-93
-50
134
203
185
130
27
-47
-122
-197
-121
-81
47
162
50
52
-17
-56
-39
-55
4
-21
-5
28
27
29
62
112
58
124
133
-15
-33
-72
-81
0
43
175
167
116
92
-23
-111
-77
-37
42
116
172
194
119
62
-32
-1
-41
-62
15
46
43
114
141
120
100
15
-1
-108
-114
-62
0
52
89
166
115
35
0
-115
-97
-18
19
170
136
138
137
56
-1
-52
-57
-47
-10
35
106
50
-2
-30
-46
-36
16
43
32
-2
-94
-42
-40
23
74
94
156
140
14
-67
-128
-244
-139
-134
36
135
118
150
-24
-112
-193
-203
-177
-126
-47
-11
36
14
-40
-47
-102
-132
-67
-102
-48
-31
-74
-61
-36
19
52
19
-14
-42
-94
-80
-75
-23
16
100
108
103
52
-66
-115
-115
-54
-49
5
63
117
104
68
2
-58
-101
-57
37
0
76
96
90
58
14
9
-16
-27
-5
10
-17
25
17
41
97
99
45
-23
-70
-78
-22
19
93
91
55
58
-9
-73
-104
-108
-44
7
63
65
21
5
-56
-90
-115
-111
-49
-21
17
37
48
39
7
-5
-39
-62
-53
-56
-27
21
31
42
44
14
11
4
-14
-2
-44
-12
-9
37
59
35
97
49
22
19
-17
-62
-87
-40
42
68
67
95
46
10
3
-18
-24
-17
12
34
62
107
74
18
-12
-12
8
-26
-36
-39
-11
6
12
22
2
28
34
41
42
40
64
31
12
-16
-55
-28
-7
24
27
15
19
0
-26
-14
-42
-33
32
71
115
69
38
7
-27
-1
-25
-1
30
34
76
41
34
21
-36
-40
-49
-21
-26
-17
4
7
-7
0
27
2
-11
-35
-20
1
29
46
50
50
15
-24
-42
-13
-6
20
49
72
68
27
23
-33
-63
-30
-27
17
15
-9
3
-34
-46
-57
-77
-62
-52
-7
28
32
60
32
-4
-58
-122
-113
-79
-21
63
61
65
35
-32
-50
-119
-92
-70
-62
-17
-8
-6
2
-28
-18
15
-14
9
-17
-46
-53
-65
-29
17
51
71
56
33
-13
-70
-75
-78
-38
12
42
82
75
41
45
18
-4
-3
31
51
45
54
40
39
14
13
12
-2
3
-21
-8
5
15
25
29
27
36
-7
-34
-48
-68
-38
-37
-14
22
23
36
15
-2
-12
-34
-30
-20
-13
14
3
3
9
-36
-58
-61
-50
-36
-29
29
47
67
68
30
16
-33
-65
-77
-51
