1
0
-2
-1
2
2
3
1
0
-1
0
2
0
-1
-1
-3
-2
0
0
0
2
2
2
1
0
0
-1
3
4
2
0
-1
-2
-2
-1
-1
1
2
2
2
2
5
3
3
2
1
-1
-1
-1
-2
1
1
0
-2
-4
-4
-5
-2
-1
-1
-3
-3
-3
-5
-4
-4
-2
-3
-2
-2
-3
-4
-3
-3
-1
-3
-2
-2
-1
1
0
2
2
3
2
1
3
3
4
3
1
0
0
-1
-1
0
0
0
-1
-3
-1
-1
1
2
2
2
2
0
1
2
3
2
3
4
3
3
2
2
4
6
5
8
7
9
8
6
5
5
4
5
4
4
2
0
0
0
1
1
1
2
1
0
-1
0
2
3
2
3
5
4
6
6
6
7
10
11
12
14
14
11
10
11
10
7
6
5
4
4
6
5
6
8
7
7
9
7
6
5
4
3
0
-2
-4
-5
-5
-6
-8
-10
-9
-10
-10
-11
-11
-11
-12
-11
-11
-11
-12
-14
-13
-14
-13
-13
-12
-14
-16
-14
-15
-13
-12
-10
-11
-12
-11
-12
-10
-10
-11
-10
-10
-9
-8
-8
-6
-5
-4
-5
-4
-1
0
1
3
7
7
5
8
9
7
7
6
8
6
6
10
8
7
6
5
4
3
2
1
1
1
1
0
2
1
-1
-3
-5
-7
-6
-5
-6
-4
-7
-12
-19
-21
-22
-23
-23
-23
-22
-22
-21
-18
-17
-15
-10
-11
-8
-2
1
7
9
13
13
12
16
17
16
15
15
15
16
19
16
13
14
12
11
13
11
11
10
10
13
14
14
9
5
3
1
2
4
1
-4
-10
-15
-21
-26
-30
-29
-33
-31
-28
-28
-25
-28
-32
-35
-32
-28
-24
-16
-9
-6
-5
0
2
-1
2
4
6
10
15
19
20
20
20
16
15
17
20
21
24
23
26
26
26
26
23
21
17
13
12
8
6
5
3
-3
-10
-16
-20
-24
-23
-19
-20
-20
-19
-20
-23
-26
-25
-28
-28
-25
-23
-21
-20
-18
-17
-17
-18
-18
-21
-19
-21
-17
-15
-12
-11
-12
-10
-10
-12
-14
-11
-9
-6
-2
3
6
8
12
14
17
19
21
20
18
20
23
24
25
26
25
26
27
27
28
30
30
27
27
29
25
28
30
30
30
28
26
21
18
16
12
10
9
6
-1
-2
-1
-7
-10
-10
-13
-17
-17
-15
-17
-16
-16
-16
-19
-19
-20
-19
-16
-13
-10
-8
-7
-7
-8
-4
-7
-5
-3
-5
-3
-4
-2
-1
1
3
4
8
6
6
7
6
11
15
22
19
14
9
9
8
9
15
19
20
18
17
13
5
4
3
1
6
5
3
1
-5
-8
-16
-14
-13
-16
-18
-14
-14
-13
-11
-17
-25
-31
-31
-27
-23
-18
-15
-15
-13
-14
-12
-7
-11
-8
-4
1
4
5
9
8
2
3
8
6
6
11
13
12
10
8
12
15
14
19
26
23
18
25
29
27
24
23
20
10
13
15
12
15
21
27
34
42
41
42
40
40
36
47
59
49
54
54
42
38
37
41
30
19
23
18
22
21
17
20
20
22
23
38
47
41
47
59
46
45
44
39
36
15
17
11
-1
-1
-16
-24
-35
-33
-29
-35
-37
-53
-49
-56
-69
-58
-71
-82
-85
-77
-85
-92
-76
-72
-71
-57
-28
-18
-12
12
19
26
41
55
53
58
80
92
92
103
112
66
44
61
51
53
58
72
63
40
67
61
47
82
127
132
133
168
170
138
150
149
79
57
56
20
-19
-48
-87
-183
-223
-261
-331
-368
-347
-306
-320
-282
-239
-257
-264
-240
-230
-234
-188
-129
-90
-77
-66
-52
-83
-98
-99
-111
-106
-66
-44
-23
4
20
55
93
179
202
236
313
334
337
315
347
333
308
389
423
331
283
280
201
112
126
186
113
143
210
154
100
50
46
-46
-54
41
23
26
56
-29
-159
-206
-236
-309
-344
-277
-282
-299
-234
-218
-284
-354
-319
-306
-294
-194
-109
-113
-123
-94
-103
-163
-205
-198
-226
-226
-186
-175
-195
-254
-287
-303
-317
-285
-246
-217
-156
-100
-52
-16
27
43
61
114
145
212
214
234
250
179
170
196
240
221
220
250
203
148
147
182
134
126
186
210
166
152
165
70
7
18
16
10
51
55
20
28
22
36
47
43
44
2
-2
-5
-16
55
41
35
55
-59
-165
-235
-210
-228
-268
-144
-141
-186
-117
-114
-139
-192
-122
-67
-142
27
105
93
97
48
37
-45
13
9
-68
-60
-68
-51
-52
-30
-64
-166
-219
-183
-198
-152
-136
-195
-161
-206
-162
-155
-170
-142
-155
-99
-72
-46
-26
-20
-100
-100
34
78
86
161
196
148
224
346
381
364
423
474
340
395
485
366
253
302
195
-15
120
192
15
-130
-3
-116
-319
-6
106
-61
-34
189
142
-38
132
198
-57
63
342
208
148
257
192
-95
29
214
87
112
206
147
-1
174
273
115
115
188
119
54
94
73
-76
-170
-67
-192
-372
-417
-572
-701
-719
-657
-602
-618
-636
-580
-591
-560
-463
-433
-380
-328
-273
-204
-135
-123
-110
-82
-54
-87
-127
-168
-228
-260
-239
-156
-197
-176
-114
-49
-3
56
224
285
422
641
745
716
691
679
591
548
579
547
396
313
272
178
99
193
208
103
184
343
418
414
467
446
340
427
582
629
672
724
775
707
692
783
639
605
624
376
85
-94
-155
-231
-242
-286
-585
-892
-978
-984
-1051
-1044
-926
-840
-839
-757
-630
-603
-595
-562
-510
-438
-319
-168
-47
-25
-156
-192
-108
-199
-296
-326
-404
-481
-535
-395
-352
-583
-594
-520
-607
-639
-465
-439
-712
-501
-86
-35
169
357
170
-111
190
684
630
911
1341
1149
944
1081
1101
716
717
1072
798
579
822
693
358
240
415
379
261
563
522
268
149
235
281
157
313
268
117
130
240
399
388
372
389
387
480
511
536
522
300
208
52
34
-28
-264
-369
-498
-581
-888
-1012
-1162
-1443
-1397
-1249
-1313
-1518
-1403
-1108
-1134
-1243
-873
-651
-658
-527
-220
-49
-140
-37
44
39
-37
7
92
55
-4
-119
-178
-260
-470
-828
-1080
-1104
-1086
-862
-367
-348
-862
-867
-480
-473
-347
275
548
448
604
918
725
332
641
863
742
903
1124
1089
942
923
952
913
1045
1308
1358
1383
1259
1057
966
902
837
619
620
806
777
646
617
504
179
127
304
259
168
200
279
129
-164
-38
96
-38
118
355
407
372
650
831
460
404
410
131
-279
-680
-981
-1176
-702
-233
-445
-988
-1608
-2144
-2395
-2163
-1705
-1422
-979
-500
-516
-740
-902
-847
-801
-582
-209
99
351
436
422
104
-281
-426
-323
-205
-245
-276
-202
-163
-185
-346
-773
-1068
-969
-521
-431
-550
-315
-355
-322
5
13
-469
-592
-9
148
120
458
550
147
-73
215
124
-114
447
797
477
499
890
906
579
627
805
763
1032
1560
1510
892
472
383
256
198
439
580
601
841
1049
783
549
713
930
1313
1649
1903
2111
2112
2196
2145
2020
1816
1479
1157
462
-194
-456
-558
-745
-1248
-1840
-2675
-3545
-3571
-3216
-2902
-2436
-1910
-1411
-1359
-1548
-1402
-1116
-781
-241
231
582
716
815
854
527
252
145
99
57
31
-65
-423
-728
-816
-1080
-1459
-1483
-1164
-868
-734
-648
-743
-826
-564
-137
185
198
193
116
-160
-73
182
169
93
43
-172
-502
-568
-405
-424
-398
-186
-103
-150
-265
-256
-321
-320
25
234
349
522
676
725
695
851
1042
1098
1197
1340
1446
1539
1760
2012
1979
1914
2020
2077
2195
2346
2410
2357
2369
2612
2520
2376
2320
1945
1329
773
552
456
590
706
-86
-1442
-2269
-2247
-1884
-1926
-2215
-2820
-3516
-3427
-3112
-2838
-2433
-1811
-1173
-1117
-1260
-1220
-1016
-693
-463
-311
-185
-44
286
397
140
-243
-511
-323
-74
-116
-416
-684
-625
-555
-694
-980
-1096
-860
-564
-421
-496
-661
-575
-368
-339
-513
-851
-972
-820
-676
-630
-654
-559
-465
-467
-365
-299
-186
56
222
323
308
506
837
918
872
754
780
942
1102
1264
1242
1085
1103
1250
1328
1290
1311
1447
1513
1593
1870
2242
2492
2796
2979
2792
2708
3162
3583
3594
3674
3578
2930
2216
1672
1054
590
597
667
130
-898
-1832
-2635
-3395
-3315
-2767
-2960
-3347
-3623
-3949
-4063
-3756
-3076
-2589
-2236
-1823
-1701
-1678
-1337
-512
5
-218
-280
-206
-98
160
249
42
-364
-658
-762
-853
-869
-802
-750
-706
-722
-669
-751
-805
-489
-422
-785
-917
-635
-222
-64
-270
-623
-984
-1006
-717
-542
-540
-373
-178
-343
-559
-486
-257
94
459
623
592
546
749
941
929
886
930
1087
1083
902
744
757
999
1268
1480
1555
1457
1627
2023
2275
2467
2762
3096
3285
3483
3594
3498
3665
4225
4446
4104
3530
2879
2226
1737
1737
1717
1184
362
-748
-2032
-3061
-3442
-3225
-3014
-2992
-3110
-3417
-4079
-4896
-4951
-4234
-3109
-1835
-1056
-1099
-1684
-2009
-1826
-1497
-872
35
729
773
173
-417
-787
-899
-736
-633
-624
-526
-348
-370
-637
-999
-1194
-1024
-657
-286
-308
-721
-991
-1050
-1005
-873
-738
-707
-796
-1011
-1452
-1720
-1383
-781
-423
-489
-653
-725
-713
-550
-359
-61
406
875
1140
1066
894
916
1107
1527
2013
2192
2124
1923
1620
1458
1497
1699
2110
2445
2543
2556
2549
2567
2639
2792
3170
3748
4284
4350
3982
3484
3097
2909
2990
3338
3446
2851
1714
394
-688
-1018
-891
-1302
-2496
-3376
-3753
-4033
-4224
-4511
-4824
-5031
-4910
-4516
-4103
-3475
-2507
-1755
-1647
-1747
-1457
-787
-76
229
50
-149
84
568
637
94
-611
-792
-459
-260
-310
-568
-777
-656
-527
-770
-1400
-1859
-1666
-975
-381
-115
-217
-788
-1432
-1645
-1465
-1006
-214
467
303
-537
-1134
-1076
-645
-166
213
292
128
257
521
504
501
747
1138
1387
1544
1595
1545
1547
1601
1703
1789
1832
1921
1995
2106
2398
2759
3041
3295
3497
3443
3339
3446
3711
3787
3834
4064
4127
3884
3559
3052
2378
1929
1815
1864
1582
1125
392
-795
-2001
-2964
-3619
-3756
-3379
-3158
-3697
-4996
-6022
-6109
-5492
-4890
-4456
-3760
-2915
-2227
-2162
-2501
-2529
-1924
-987
-447
-393
-318
-98
-46
-281
-550
-583
-259
381
777
460
-276
-778
-749
-730
-1043
-1489
-1443
-617
83
-205
-1165
-1864
-2023
-1838
-1374
-765
-240
-33
-446
-1159
-1620
-1343
-454
210
404
232
77
289
725
1114
1341
1557
1817
2075
2236
2180
2115
2292
2457
2277
2039
2089
2225
2197
2240
2562
2984
3447
3816
3734
3425
3331
3489
3837
4263
4463
4251
3900
3174
1805
1120
1898
3152
3946
3490
1425
-1173
-2258
-1750
-1303
-1338
-1415
-1585
-2632
-4566
-5855
-6190
-6062
-5367
-5134
-5358
-5288
-4541
-3553
-3659
-4401
-4263
-2916
-1324
-509
-591
-1113
-1411
-793
-56
139
225
552
1120
985
170
-230
-132
149
75
-556
-1413
-1909
-1357
-570
-421
-793
-1384
-1561
-1464
-1442
-1319
-1044
-393
52
-142
-700
-1231
-1117
-610
-269
-108
16
240
526
753
875
951
1282
1837
2286
2506
2562
2696
2773
2759
2744
2517
2416
2568
2655
2763
2939
3160
3441
3683
3857
3905
3795
3811
3962
4065
4337
4639
4664
4437
3947
3343
2873
2942
3226
3273
2960
1231
-2229
-5345
-5771
-3233
-285
36
-3334
-8153
-10934
-10793
-9017
-6796
-4364
-2888
-4193
-7506
-9370
-7789
-3936
-837
-261
-1188
-1812
-1292
-345
11
-75
397
1717
2860
2790
1669
429
69
629
1119
914
451
475
402
-902
-2729
-3120
-1494
419
813
-393
-1983
-2743
-2607
-2193
-1410
-101
1096
1274
180
-1192
-1815
-1319
58
1562
2195
1833
1062
262
-260
-258
492
1876
2993
3208
2637
1639
823
641
1045
1789
2580
3021
3033
2669
2356
2302
2493
2855
3472
4321
4779
4586
4009
3721
3711
4026
4603
5097
4902
4030
3058
2519
2336
2459
2700
1541
-1565
-4683
-5186
-3294
-804
-249
-3203
-7590
-10266
-10313
-8787
-6685
-3902
-1983
-3378
-6838
-8856
-7405
-3699
-674
1
-856
-1551
-1279
-693
-613
-589
352
1958
2854
2439
1199
252
405
1234
1642
1110
551
981
1448
646
-934
-1735
-1218
-225
54
-239
-506
-917
-2176
-3712
-3899
-2505
-293
1210
762
-1290
-3110
-3155
-1451
881
2415
2182
723
-615
-1371
-1313
-153
1842
3399
3472
2191
664
-116
84
1046
2183
3187
3765
3564
2885
2195
2038
2513
3240
4177
5399
5952
5396
4540
3813
3582
4076
5190
6120
6159
5314
3914
2468
1774
2124
2496
928
-2028
-3902
-3269
-1105
62
-1778
-6149
-9580
-9880
-8181
-6364
-4879
-3893
-4351
-6969
-9156
-8306
-4840
-998
211
-1236
-2776
-2625
-1016
156
122
277
1403
2741
2906
1743
307
-208
721
1847
2055
1394
916
989
409
-905
-1812
-1226
219
611
-303
-1605
-2227
-2201
-2233
-2385
-2188
-1266
-338
-658
-2090
-3289
-2941
-1180
614
1452
976
-35
-512
-644
-673
-256
1066
2788
3437
2502
805
-386
-316
625
1814
2779
3319
3229
2320
1291
1256
2417
3996
4799
4817
4666
4403
4523
4903
5200
5301
5490
5619
5540
5047
4334
3836
3404
3248
3342
3485
2202
-714
-3581
-4025
-1994
449
546
-3012
-7425
-9608
-9054
-7504
-6162
-5247
-4683
-5782
-7739
-8390
-6826
-3863
-1865
-1978
-3135
-3199
-1540
102
-57
-1246
-1257
533
2448
3014
1999
803
634
1280
1620
1474
1580
2142
2387
1238
-404
-1206
-997
-484
-310
-376
-420
-694
-1829
-3562
-4449
-3755
-1991
-719
-1021
-2431
-3617
-3481
-2272
-911
-88
169
45
-301
-621
-453
466
1897
2914
2908
2372
1924
1743
1739
1796
2203
3003
3674
3682
3095
2671
2719
3243
3922
4617
5215
5357
5228
5141
5019
5041
5103
5142
5221
5214
5088
4613
3799
3003
2721
2637
1179
-1356
-2841
-2277
-550
368
-1314
-5035
-8241
-9017
-8170
-7262
-6065
-4831
-4888
-7157
-9421
-9163
-6388
-2859
-1228
-2086
-3371
-3177
-1621
-474
-598
-531
465
1819
2583
2352
1610
1191
1680
2282
2287
2037
2095
2336
1789
299
-869
-1122
-602
-116
-418
-1013
-1653
-2405
-3356
-4015
-3491
-2115
-948
-1050
-2336
-3591
-3758
-2755
-1225
25
488
75
-561
-953
-910
-24
1437
2742
3098
2435
1665
1383
1572
2090
2548
2947
3348
3531
3287
3099
3343
4027
4551
4626
4634
4960
5570
5987
5972
5447
4926
4999
5337
5476
5384
4656
4026
3326
2920
1674
-885
-2820
-2750
-1076
221
-599
-4003
-7714
-9209
-8265
-6896
-5748
-5384
-5887
-7775
-9633
-9266
-7021
-3998
-2490
-3294
-4728
-4575
-2383
-124
352
-323
-741
-18
1227
2318
2691
2504
2423
2510
2372
1916
1622
1598
1775
1595
1047
334
-145
-648
-1110
-1554
-1783
-1849
-2021
-2402
-2996
-3199
-2776
-2122
-1916
-2217
-2759
-2865
-2324
-1391
-681
-348
-259
-212
-110
135
805
1648
2308
2645
2714
2545
2513
2541
2577
2723
2935
3207
3448
3675
4128
4713
4916
4590
4285
4413
5020
5759
6193
6132
5686
5133
4672
4389
4396
4765
5073
4519
1959
-1543
-3523
-2666
-98
1379
-362
-5168
-9301
-9912
-7901
-5687
-4645
-5166
-7079
-9726
-10904
-9488
-6493
-3479
-2881
-4829
-6875
-6534
-3713
-790
431
472
370
739
1398
1681
1540
1742
2960
4582
5104
4185
2624
1307
633
602
1172
1892
2271
1777
171
-1776
-2890
-2769
-1633
-600
-534
-1455
-2483
-3068
-3084
-2545
-1941
-1185
-654
-520
-752
-1063
-935
-481
-38
574
1223
1843
2395
2558
2339
2042
2125
2505
3061
3614
3780
3310
2773
2877
3768
4608
4974
5016
4679
4701
5129
5632
6019
6202
6108
5841
5437
5243
4948
4669
3829
1168
-1408
-2240
-912
857
587
-2947
-7903
-10707
-9704
-7025
-5087
-4863
-6318
-8887
-11280
-11441
-9683
-6785
-4499
-4375
-6025
-7455
-7051
-4878
-2738
-1620
-1041
-230
1033
2079
2146
1393
1284
2482
4173
5000
4628
3770
3392
3175
2515
1573
1050
1154
1672
1938
1237
7
-743
-985
-1049
-1020
-1008
-729
-562
-763
-1487
-2132
-2009
-1148
-461
-454
-764
-903
-805
-471
-29
471
1113
1590
1857
1780
1793
2094
2780
3530
3943
3785
3165
2595
2656
3408
4446
4942
4789
4532
4306
3912
3782
4574
5493
6104
6132
5440
4647
4330
4727
4824
2546
-301
-1502
-619
1348
2004
-686
-5892
-9518
-9363
-6988
-4741
-4100
-5482
-8259
-11108
-11492
-9862
-7101
-4691
-4775
-6970
-8878
-8343
-5739
-3082
-2034
-2338
-2491
-1423
169
1118
1013
1211
2170
3466
4305
4109
3333
2857
2910
2972
2805
2610
2529
2215
1768
1117
438
128
517
731
325
-358
-692
-623
-627
-946
-1449
-1430
-824
-105
31
-552
-1143
-1392
-1118
-356
387
1017
1347
1327
1092
838
855
1478
2710
3907
4427
4059
3205
2669
2857
3695
4572
5255
5523
5201
4340
3696
3938
4846
5793
6052
5412
4346
3802
4167
3778
1524
-322
-693
562
1935
974
-2718
-6849
-8351
-6867
-4798
-3824
-4475
-6634
-9479
-11150
-10482
-8542
-5754
-4474
-5596
-7934
-9393
-8340
-5714
-3471
-2561
-2810
-2723
-1723
-707
-359
-482
353
1919
3689
4440
3864
2836
2395
2533
2796
2884
3063
3163
2982
2497
1399
504
645
1581
2069
1662
686
-34
-260
-101
-92
-212
-163
280
400
-102
-742
-1107
-686
111
765
924
649
582
899
1113
1123
1076
1668
2678
3297
3040
2257
1923
2465
3545
4394
4401
4094
3686
3293
3247
3506
4401
5161
5277
4678
3710
2953
3077
3589
2684
537
-812
-525
988
1953
192
-3494
-6963
-7129
-5019
-3044
-2344
-3683
-6112
-8673
-9567
-8931
-7434
-5346
-4443
-5596
-7552
-8680
-7641
-5537
-3758
-3086
-3492
-3194
-2157
-1256
-1145
-1263
-584
773
2264
2978
2639
2101
2017
2387
2524
2244
2038
1999
2276
2587
2177
1601
1475
1569
1561
1300
1338
1656
1922
1666
653
-328
-288
581
1437
1526
813
-211
-924
-751
-67
778
1473
1824
1689
1120
490
502
1300
2520
3399
3386
2735
1925
1570
1863
2659
3362
3745
3750
3255
2766
2869
3114
3561
4054
4011
3627
3193
3124
2849
1415
-155
-829
-357
949
1357
-431
-3676
-5841
-5826
-4442
-2832
-2456
-3472
-5373
-6852
-7037
-6786
-5894
-4887
-4890
-5680
-6825
-7242
-6465
-5076
-3731
-3352
-3530
-3296
-2689
-1984
-1606
-1234
-428
696
1808
2174
1805
1491
1448
1733
2070
2199
2403
2555
2498
1930
948
511
1139
2295
3024
2771
1729
847
668
1118
1687
1968
2035
1856
1502
1064
623
419
624
1159
1657
1678
1453
1135
832
730
801
1167
1779
2236
2182
1660
1020
842
1240
2005
2508
2408
1922
1358
1219
1713
2568
3346
3581
3247
2558
1954
1833
1615
1215
805
637
766
565
-388
-2033
-3565
-4112
-3652
-2744
-2195
-2404
-3411
-4933
-5702
-5541
-4765
-3756
-3466
-4008
-5126
-6004
-5818
-5057
-4177
-3556
-3494
-3443
-3121
-2600
-2076
-1672
-1258
-774
-308
176
699
1081
1258
1286
1021
909
1239
1734
2128
2087
1646
1253
1267
1756
2286
2418
2332
2097
2038
2204
2420
2538
2372
2189
2003
1934
2166
2292
2220
1790
1228
984
942
1314
1714
1640
1234
677
325
337
658
1144
1347
1152
666
171
172
691
1431
1788
1459
933
590
906
1843
2618
2935
2644
2051
1450
823
782
1136
1359
1340
597
-645
-1677
-1990
-1639
-1271
-1279
-1705
-2379
-3167
-3558
-3328
-3015
-2800
-2964
-3664
-4488
-5099
-5007
-4339
-3770
-3543
-3738
-4096
-4201
-3974
-3508
-2979
-2503
-2062
-1891
-2009
-2018
-1745
-1100
-486
-279
-460
-748
-594
-50
559
836
653
442
647
1259
1973
2419
2439
2217
2096
2237
2560
2885
2992
2915
2721
2603
2695
2863
2994
3004
2884
2751
2580
2476
2503
2530
2516
2331
2000
1719
1598
1797
2028
2169
2144
1783
1449
1505
2018
2628
2868
2591
1907
1430
1646
2261
2638
2229
1565
1083
1017
1358
1371
858
21
-729
-1085
-1348
-1587
-1758
-2117
-2743
-3420
-3879
-4279
-4488
-4595
-4695
-4932
-5414
-5693
-5768
-5684
-5353
-5080
-4930
-4863
-4885
-4810
-4626
-4158
-3591
-3129
-2757
-2559
-2525
-2427
-2128
-1649
-1055
-535
-295
-417
-485
-194
343
868
1191
1200
1062
1159
1631
2279
2743
2931
2865
2685
2719
3014
3391
3646
3736
3651
3502
3565
3883
4243
4464
4419
4139
3747
3578
3808
4157
4416
4435
4144
3708
3344
3161
3184
3226
3270
3141
2735
2348
2190
2284
2487
2380
2029
1375
693
561
579
608
472
-13
-587
-1307
-1902
-2268
-2806
-3223
-3653
-4055
-4365
-4620
-4945
-5595
-6180
-6511
-6590
-6605
-6671
-6735
-6865
-6952
-6792
-6481
-6048
-5599
-5183
-4832
-4437
-3912
-3324
-2669
-2037
-1493
-1175
-837
-398
-69
182
269
356
699
1198
1763
1939
1699
1646
1684
1945
2348
2441
2389
2169
2174
2463
2690
2943
3099
3161
3336
3477
3560
3655
3785
3995
4058
4125
4234
4335
4471
4565
4557
4479
4346
4327
4384
4477
4700
4732
4558
4216
3819
3562
3414
3380
3343
3048
2643
2236
1803
1276
638
79
-374
-609
-750
-1077
-1801
-2716
-3435
-3949
-4228
-4420
-4683
-5187
-5832
-6251
-6717
-6980
-6864
-6865
-7012
-7471
-7864
-7868
-7755
-7169
-6549
-6235
-5986
-5780
-5412
-4959
-4420
-3729
-3120
-2529
-1800
-1219
-685
-266
157
650
1102
1675
2213
2618
2837
2908
3006
3083
3294
3446
3423
3382
3157
3004
2974
2965
2944
2735
2465
2362
2414
2672
2818
2772
2711
2780
3067
3352
3584
3660
3596
3616
3737
3862
3936
3951
3962
3886
3806
3765
3729
3789
3932
4085
4116
4022
3944
3773
3545
3318
3094
2854
2201
1492
870
273
-74
-508
-1069
-1898
-2824
-3423
-4064
-4701
-5084
-5295
-5449
-5762
-6084
-6672
-7291
-7483
-7492
-7479
-7673
-7833
-7843
-7849
-7461
-7009
-6697
-6312
-5971
-5505
-5018
-4407
-3556
-2803
-2096
-1450
-1202
-988
-595
5
720
1323
1859
2134
2346
2728
3134
3483
3751
3929
4062
4239
4428
4446
4318
4124
3967
3855
3721
3640
3412
3074
2822
2530
2357
2331
2350
2355
2264
2262
2289
2251
2300
2373
2386
2402
2529
2737
2807
2804
2772
2668
2589
2601
2755
2946
3126
3391
3547
3621
3632
3460
3274
2819
2388
2067
1593
1239
680
26
-682
-1620
-2381
-3168
-3921
-4368
-4847
-5185
-5656
-6088
-6502
-6979
-7180
-7377
-7537
-7737
-7883
-7900
-7939
-7734
-7515
-7307
-6987
-6685
-6253
-5842
-5296
-4480
-3708
-2920
-2205
-1723
-1226
-702
-146
378
810
1305
1775
2234
2721
3056
3292
3515
3730
3957
4346
4739
4925
4974
4907
4849
4713
4635
4666
4570
4429
4254
3845
3371
2941
2766
2776
2763
2749
2504
2171
1955
1901
1945
2024
2114
2194
2126
2002
1930
1878
1977
2179
2410
2553
2579
2635
2657
2772
3072
3236
3434
3210
2809
2506
2147
2106
1880
1461
937
48
-708
-1421
-2242
-2869
-3558
-4094
-4738
-5364
-6028
-6836
-7424
-7847
-8119
-8437
-8735
-8875
-9004
-8894
-8584
-8272
-7924
-7635
-7241
-6817
-6376
-5715
-5046
-4323
-3504
-2777
-2112
-1513
-917
-278
340
1031
1651
2117
2548
2851
3188
3541
3962
4324
4552
4680
4650
4709
4806
4950
5107
5104
5129
5068
4917
4854
4640
4470
4362
4270
4207
3947
3650
3279
2901
2648
2451
2313
2180
2023
1906
1740
1615
1593
1569
1613
1648
1666
1785
1878
2047
2174
2282
2478
2519
2592
2696
2518
2316
2105
1916
1824
1609
1440
1039
388
-145
-810
-1496
-2043
-2577
-2988
-3620
-4251
-4925
-5759
-6417
-6843
-7310
-7761
-8158
-8468
-8652
-8769
-8692
-8556
-8359
-8088
-7715
-7370
-6892
-6292
-5609
-4913
-4336
-3762
-3206
-2573
-1768
-1053
-394
201
700
1377
2020
2623
3140
3508
3865
4123
4431
4763
5011
5224
5331
5417
5389
5348
5359
5317
5285
5203
5113
4933
4733
4651
4569
4490
4353
4140
3879
3574
3378
3143
2853
2593
2334
2152
1997
1797
1637
1460
1357
1373
1336
1308
1319
1342
1433
1525
1588
1626
1618
1517
1325
1206
1155
1128
972
737
368
-174
-626
-1042
-1512
-1973
-2495
-2805
-3349
-3952
-4444
-5126
-5646
-6117
-6510
-6978
-7540
-7888
-8155
-8324
-8330
-8298
-8248
-8184
-7924
-7578
-7231
-6860
-6378
-5820
-5202
-4448
-3769
-3174
-2605
-1992
-1309
-617
183
902
1504
2047
2597
3141
3667
4196
4600
4862
5114
5338
5547
5759
5918
6006
5927
5951
5886
5783
5711
5553
5369
5152
5014
4943
4801
4672
4489
4178
3951
3729
3527
3306
3043
2822
2542
2352
2213
1954
1785
1650
1579
1577
1544
1546
1468
1433
1493
1494
1488
1453
1227
900
719
591
482
315
31
-422
-1009
-1464
-1954
-2416
-2849
-3265
-3652
-4192
-4597
-5056
-5637
-6018
-6314
-6625
-7061
-7477
-7733
-7990
-8014
-7930
-7891
-7865
-7744
-7485
-7209
-6850
-6389
-5908
-5426
-4808
-4201
-3680
-3149
-2555
-1978
-1358
-645
80
817
1470
2067
2576
3015
3623
4162
4692
5108
5338
5536
5662
5946
6197
6357
6488
6409
6281
6149
6014
5919
5794
5723
5583
5349
5077
4780
4481
4220
4052
3832
3555
3256
2918
2610
2311
2090
1926
1695
1548
1393
1264
1182
1084
1059
987
926
940
876
841
662
355
164
-56
-158
-328
-552
-809
-1318
-1710
-2188
-2778
-3245
-3742
-4008
-4447
-4888
-5289
-5854
-6264
-6632
-6880
-7142
-7401
-7485
-7567
-7572
-7454
-7337
-7202
-7014
-6735
-6396
-5994
-5550
-5035
-4518
-3988
-3398
-2887
-2403
-1907
-1368
-795
-221
367
909
1474
2063
2664
3199
3678
4090
4449
4876
5216
5557
5787
5925
6085
6115
6254
6313
6214
6172
6004
5872
5708
5587
5526
5301
5063
4777
4417
4042
3749
3528
3296
3020
2760
2484
2155
1917
1738
1571
1425
1359
1314
1186
1121
1058
1004
1018
1012
1040
861
691
514
126
-95
-325
-512
-777
-1167
-1454
-1951
-2381
-2718
-3184
-3648
-4139
-4443
-4800
-5196
-5502
-5943
-6342
-6630
-6837
-7037
-7322
-7440
-7460
-7448
-7260
-7103
-6925
-6686
-6356
-5928
-5500
-5039
-4505
-3988
-3443
-2848
-2330
-1785
-1289
-761
-216
277
853
1312
1779
2264
2728
3242
3632
4008
4331
4575
4875
5078
5299
5446
5547
5648
5609
5594
5477
5382
5362
5315
5298
5169
5004
4834
4623
4542
4411
4258
4052
3754
3520
3213
2940
2665
2359
2176
1998
1834
1692
1461
1303
1166
1133
1192
1122
1165
1127
1060
950
738
637
236
-44
-224
-504
-670
-1065
-1398
-1857
-2438
-2744
-3194
-3583
-3979
-4343
-4602
-5000
-5214
-5551
-5922
-6175
-6458
-6624
-6882
-7027
-7039
-7076
-6922
-6758
-6632
-6469
-6226
-5846
-5414
-4955
-4408
-3857
-3354
-2742
-2155
-1585
-1027
-489
77
500
992
1476
1935
2396
2796
3229
3505
3784
4082
4339
4661
4814
4947
5001
4986
5110
5108
5093
5036
4912
4867
4730
4583
4445
4230
4089
3967
3880
3769
3583
3412
3175
2959
2786
2594
2411
2181
2027
1889
1704
1615
1488
1395
1310
1226
1252
1174
1103
1070
1049
1073
1034
939
781
519
112
-151
-384
-595
-796
-1137
-1472
-2030
-2543
-2869
-3251
-3547
-3887
-4188
-4527
-4908
-5111
-5416
-5713
-5963
-6205
-6419
-6631
-6697
-6774
-6789
-6701
-6586
-6445
-6290
-5969
-5662
-5285
-4737
-4190
-3680
-3207
-2681
-2143
-1632
-1014
-395
79
554
1059
1572
2090
2564
3052
3457
3784
4196
4538
4830
5071
5214
5298
5301
5322
5305
5245
5189
5116
5029
4842
4667
4467
4267
4168
4037
3919
3692
3455
3235
2959
2789
2611
2390
2187
1939
1763
1590
1463
1446
1335
1296
1249
1213
1211
1174
1246
1246
1226
1274
1237
1171
1003
854
609
185
-66
-287
-458
-715
-1066
-1444
-2073
-2520
-2767
-3093
-3351
-3749
-4057
-4434
-4811
-4988
-5289
-5609
-5921
-6147
-6332
-6515
-6568
-6609
-6620
-6544
-6400
-6198
-6038
-5745
-5375
-4993
-4482
-3988
-3449
-3018
-2551
-1913
-1347
-741
-166
301
759
1231
1805
2423
2892
3420
3875
4190
4551
4808
5127
5317
5458
5592
5557
5526
5420
5270
5157
4956
4764
4507
4168
3935
3693
3524
3346
3103
2841
2537
2238
2012
1806
1602
1400
1158
939
750
622
513
409
344
370
427
494
529
546
497
553
650
731
861
814
814
717
606
597
345
75
-151
-338
-370
-543
-820
-1229
-1793
-2028
-2141
-2326
-2619
-3135
-3509
-3885
-4046
-4148
-4458
-4819
-5191
-5344
-5426
-5486
-5516
-5684
-5697
-5531
-5262
-4881
-4653
-4415
-4204
-3878
-3360
-2894
-2388
-1948
-1502
-983
-479
100
522
860
1310
1771
2369
2922
3346
3683
3818
4105
4423
4677
4955
4966
4966
4869
4790
4777
4601
4445
4224
4004
3788
3523
3225
2856
2552
2279
1979
1672
1351
1058
778
591
455
266
36
-143
-296
-350
-283
-211
-158
-216
-218
-139
-116
11
115
165
209
244
437
518
504
585
571
617
690
762
688
391
223
110
48
-54
-206
-476
-905
-1160
-1355
-1638
-2006
-2377
-2645
-2922
-3119
-3239
-3559
-3913
-4185
-4328
-4390
-4485
-4477
-4531
-4554
-4417
-4185
-3957
-3792
-3569
-3287
-2912
-2440
-1931
-1509
-1191
-825
-396
55
543
998
1396
1715
2012
2353
2650
2968
3275
3528
3694
3757
3819
3812
3752
3712
3664
3582
3388
3151
2869
2542
2255
2019
1828
1557
1291
1047
752
488
291
169
34
-97
-190
-305
-442
-532
-579
-606
-590
-560
-502
-462
-401
-290
-267
-219
-156
-87
50
225
410
552
638
686
699
729
818
943
998
968
961
805
658
598
523
474
315
161
1
-292
-479
-653
-964
-1256
-1475
-1624
-1845
-2071
-2221
-2427
-2642
-2722
-2705
-2801
-2930
-2945
-2895
-2810
-2648
-2397
-2239
-2219
-2067
-1783
-1542
-1252
-912
-616
-385
-94
269
562
742
1008
1287
1478
1747
1967
2093
2089
2065
2115
2089
2074
2089
2003
1829
1642
1478
1282
1026
809
642
499
386
284
121
-141
-351
-461
-522
-556
-578
-597
-686
-799
-820
-811
-788
-719
-627
-527
-500
-445
-372
-342
-241
-74
143
297
396
493
551
658
813
992
1111
1128
1230
1287
1311
1396
1451
1513
1537
1574
1637
1568
1497
1453
1374
1337
1281
1193
1036
818
630
462
214
-10
-218
-404
-560
-705
-845
-1080
-1305
-1455
-1555
-1624
-1733
-1817
-1931
-2022
-2008
-1996
-1976
-1986
-1943
-1880
-1791
-1633
-1500
-1383
-1272
-1100
-919
-795
-688
-614
-551
-466
-322
-202
-173
-150
-127
-126
-105
-70
-24
-3
-19
-17
-36
-88
-115
-148
-188
-204
-204
-176
-160
-179
-178
-183
-161
-104
-49
11
36
53
61
64
106
184
272
328
351
372
401
435
507
631
732
813
911
990
1053
1117
1195
1283
1341
1435
1571
1671
1752
1842
1936
2014
2150
2340
2468
2555
2582
2621
2644
2651
2703
2642
2483
2340
2148
1978
1794
1577
1340
1021
742
483
211
-47
-322
-644
-984
-1292
-1558
-1820
-2105
-2361
-2626
-2862
-3013
-3116
-3207
-3313
-3369
-3347
-3306
-3191
-3061
-2959
-2847
-2723
-2511
-2343
-2179
-2021
-1906
-1762
-1605
-1400
-1217
-1079
-950
-855
-765
-648
-495
-356
-268
-195
-138
-69
5
56
95
87
107
169
202
234
247
270
318
356
400
433
438
473
524
587
629
667
720
759
793
835
895
949
1008
1084
1157
1234
1297
1368
1432
1499
1600
1730
1890
2033
2155
2286
2404
2552
2733
2916
3064
3164
3262
3307
3340
3318
3283
3255
3135
3035
2884
2656
2412
2118
1828
1537
1199
889
521
134
-263
-672
-1057
-1457
-1853
-2257
-2624
-2968
-3269
-3531
-3782
-3999
-4187
-4291
-4325
-4322
-4272
-4219
-4130
-4031
-3896
-3746
-3579
-3371
-3161
-2926
-2733
-2573
-2403
-2248
-2023
-1778
-1553
-1350
-1226
-1104
-969
-805
-613
-455
-350
-287
-230
-145
-35
67
123
173
214
285
402
474
548
588
634
740
836
961
1054
1094
1150
1200
1267
1363
1423
1513
1577
1644
1744
1792
1868
1921
1995
2101
2178
2269
2331
2401
2489
2565
2637
2676
2687
2705
2750
2820
2855
2868
2859
2805
2786
2774
2762
2696
2569
2431
2293
2141
1975
1791
1553
1321
1100
864
603
309
14
-248
-502
-748
-1009
-1315
-1594
-1841
-2043
-2247
-2475
-2714
-2964
-3161
-3290
-3369
-3461
-3569
-3681
-3767
-3811
-3801
-3751
-3745
-3763
-3757
-3727
-3656
-3560
-3464
-3387
-3324
-3235
-3097
-2958
-2805
-2642
-2467
-2278
-2076
-1843
-1670
-1493
-1330
-1138
-900
-701
-459
-265
-88
128
319
538
747
947
1176
1381
1607
1826
2000
2180
2337
2505
2687
2847
2976
3062
3118
3177
3245
3308
3358
3365
3355
3334
3306
3290
3230
3179
3075
2964
2870
2717
2576
2397
2218
2035
1807
1626
1405
1182
996
810
651
448
287
139
-4
-95
-192
-267
-363
-453
-495
-537
-549
-568
-571
-587
-620
-632
-645
-636
-621
-610
-594
-597
-621
-660
-709
-768
-831
-893
-965
-1049
-1179
-1304
-1457
-1592
-1720
-1860
-1974
-2124
-2235
-2358
-2475
-2537
-2619
-2670
-2723
-2779
-2798
-2830
-2822
-2797
-2781
-2718
-2641
-2525
-2409
-2294
-2126
-1957
-1749
-1506
-1250
-1000
-765
-507
-234
29
293
561
801
1027
1267
1524
1753
1955
2158
2349
2506
2658
2827
2964
3069
3150
3222
3255
3244
3233
3182
3074
2930
2775
2605
2398
2189
1999
1773
1523
1300
1083
849
599
402
200
-19
-199
-368
-519
-716
-893
-995
-1096
-1165
-1215
-1245
-1287
-1321
-1271
-1214
-1102
-1009
-946
-850
-794
-683
-547
-455
-391
-349
-257
-176
-115
-25
8
37
44
75
168
191
197
194
167
163
137
131
108
40
-11
-59
-87
-122
-187
-216
-278
-320
-334
-356
-365
-421
-416
-423
-447
-467
-474
-478
-498
-496
-474
-464
-454
-412
-362
-319
-301
-252
-205
-151
-74
-8
47
89
116
146
198
253
278
298
321
344
356
358
368
355
327
291
271
248
202
145
57
-24
-86
-169
-256
-338
-424
-497
-589
-654
-709
-740
-751
-781
-774
-763
-766
-753
-729
-625
-545
-466
-357
-278
-193
-137
-12
150
230
344
480
573
647
755
879
941
1025
1082
1170
1179
1157
1214
1232
1220
1181
1159
1144
1038
980
915
820
747
643
586
483
392
354
277
197
144
108
73
11
-6
-24
-72
-105
-89
-108
-168
-155
-129
-133
-116
-78
-70
-110
-82
-20
-7
-19
-10
-5
-25
9
36
11
-84
-109
-114
-150
-187
-248
-296
-391
-434
-427
-486
-562
-644
-712
-752
-806
-849
-910
-1002
-1069
-1116
-1139
-1176
-1202
-1215
-1284
-1299
-1281
-1235
-1202
-1214
-1164
-1103
-1022
-918
-838
-748
-638
-519
-370
-233
-93
47
166
301
460
626
758
882
1013
1147
1245
1324
1384
1417
1456
1518
1572
1588
1556
1518
1480
1398
1347
1296
1239
1156
1054
957
869
783
690
588
475
391
327
262
207
133
62
7
-33
-50
-76
-81
-112
-150
-160
-167
-158
-167
-187
-191
-270
-288
-298
-340
-310
-320
-391
-480
-528
-553
-619
-687
-747
-801
-850
-914
-981
-1058
-1132
-1202
-1250
-1266
-1304
-1356
-1415
-1475
-1513
-1519
-1473
-1461
-1467
-1465
-1460
-1463
-1454
-1388
-1337
-1288
-1164
-1069
-996
-925
-812
-860
-984
-552
-212
-125
-10
1
148
366
394
501
858
1103
1258
1255
1114
1319
1557
1810
1968
1765
1532
1344
1809
2118
2095
2189
1898
1538
1367
1439
1710
1640
1729
1802
1232
1257
1240
887
907
807
1004
1048
842
1057
373
-320
-380
8
651
576
182
-237
-692
-615
-329
-76
223
202
236
-146
-147
18
-141
-152
-212
47
350
167
-98
-426
-762
-765
-693
-439
-257
-463
-762
-1138
-1305
-1365
-1288
-1257
-1466
-1446
-1480
-1561
-1531
-1710
-1731
-1659
-1693
-1486
-1357
-1310
-1310
-1458
-1428
-1251
-1072
-869
-681
-514
-540
-542
-399
-278
-6
199
409
368
347
495
604
664
695
687
786
844
976
1152
1084
1132
1051
1038
1107
1183
1429
1471
1438
1490
1423
1401
1362
1363
1466
1408
1409
1321
1223
1214
1142
1180
993
843
893
743
677
744
768
744
634
493
346
268
294
363
419
196
48
26
-24
4
30
-59
-194
-266
-318
-328
-361
-346
-430
-577
-722
-797
-838
-850
-757
-796
-891
-957
-989
-917
-976
-1071
-1045
-1138
-1138
-1181
-1166
-1244
-1444
-1433
-1449
-1390
-1259
-1266
-1428
-1463
-1344
-1237
-1192
-1104
-1025
-1071
-997
-800
-681
-590
-507
-445
-375
-302
47
215
264
393
394
522
588
734
907
955
1081
1071
1060
1077
1103
1149
1014
1098
1110
1039
1064
912
836
647
520
545
506
512
491
323
55
-100
-179
-224
-197
-258
-488
-579
-480
-454
-296
-472
-882
-975
-879
-607
-231
-64
-265
-495
-781
-851
-619
-224
91
219
122
16
94
5
-37
-36
43
400
603
618
238
-187
-242
-247
64
169
197
111
-155
-177
-191
-69
12
-61
-220
-372
-253
44
91
-43
-183
-454
-188
116
293
407
118
182
201
381
652
728
867
732
735
721
669
893
989
1047
1093
1057
1097
989
874
761
755
876
989
930
730
384
154
246
318
384
369
153
-154
-224
-282
-285
-226
-372
-490
-623
-722
-801
-792
-840
-908
-963
-1117
-1195
-1205
-1122
-1166
-1129
-1220
-1358
-1252
-1253
-1104
-933
-844
-884
-1008
-1130
-1138
-840
-594
-370
-259
-308
-294
-235
-222
-263
-27
165
365
578
494
468
460
486
657
513
550
783
959
1157
1171
1169
1092
1061
932
870
939
1242
1646
1589
1259
789
659
887
1132
1209
1072
873
708
689
726
718
693
646
276
7
-51
-70
189
201
-95
-300
-457
-484
-365
-358
-523
-547
-610
-675
-632
-729
-738
-814
-965
-1029
-1109
-1074
-1016
-937
-956
-1040
-989
-1138
-1213
-1298
-1199
-1013
-979
-898
-1141
-1202
-1126
-1066
-906
-884
-907
-829
-868
-829
-737
-649
-407
-369
-392
-441
-397
-170
-51
114
164
29
127
190
193
403
582
712
691
520
379
386
524
796
1005
1084
982
796
686
510
648
951
1128
1290
1265
1068
934
795
910
1063
1293
1450
1335
1266
1145
1146
1304
1329
1197
1136
1097
1113
1220
1327
1112
953
896
679
629
664
748
826
569
252
-118
-232
11
169
226
24
-318
-427
-568
-688
-785
-926
-817
-802
-814
-849
-1110
-1235
-1283
-1462
-1546
-1509
-1342
-1137
-1093
-1232
-1494
-1653
-1709
-1674
-1596
-1470
-1362
-1202
-1248
-1456
-1521
-1558
-1415
-1208
-1120
-1075
-969
-796
-705
-660
-680
-715
-619
-470
-365
-93
138
164
187
122
61
222
498
619
740
826
725
718
726
721
998
1193
1320
1334
1021
817
678
775
1074
1294
1443
1409
1204
913
695
633
797
1113
1363
1333
1143
877
610
445
314
450
631
744
878
746
463
372
351
271
367
507
482
483
415
181
69
193
277
266
160
-3
-41
-58
33
75
65
285
336
228
4
-260
-311
-167
-24
89
26
-164
-293
-403
-490
-475
-361
-148
-123
-230
-255
-435
-561
-591
-540
-459
-273
-112
-217
-533
-686
-639
-496
-221
-85
-48
-47
-134
-187
-280
-452
-221
84
298
420
293
127
-181
-235
-47
106
508
707
501
203
-155
-199
6
192
181
145
104
69
120
-39
-228
-356
-359
-292
-272
-200
-225
-218
-289
-652
-859
-861
-794
-614
-518
-562
-658
-822
-966
-1010
-1063
-912
-646
-553
-671
-789
-890
-888
-755
-679
-601
-605
-599
-428
-355
-356
-344
-424
-422
-371
-188
33
133
126
-91
-289
-364
-219
126
323
323
165
-10
-99
-57
86
227
395
459
449
443
387
384
346
370
448
643
786
771
775
697
649
740
946
931
856
979
1026
1126
1316
1280
987
861
895
912
1125
1356
1219
1024
811
490
517
743
980
989
781
490
152
89
90
150
245
290
290
66
-116
-263
-458
-404
-526
-506
-414
-342
-223
-371
-567
-960
-1101
-912
-789
-534
-401
-414
-434
-681
-916
-1108
-1055
-801
-564
-375
-487
-656
-863
-1031
-1039
-885
-523
-321
-353
-591
-890
-924
-731
-496
-439
-631
-672
-587
-514
-325
-272
-379
-458
-530
-563
-363
-28
183
220
31
-334
-490
-314
-47
319
570
540
350
118
-16
39
332
702
818
696
470
325
394
544
618
540
489
496
535
594
597
418
382
319
263
395
373
450
372
185
97
-56
-16
56
-3
-44
-95
-207
-303
-361
-368
-269
-203
-179
-353
-599
-772
-814
-619
-471
-393
-318
-499
-638
-693
-774
-602
-469
-441
-362
-398
-375
-284
-199
-150
-186
-116
-144
-148
54
277
533
644
564
318
174
365
719
1018
1103
1082
906
882
991
1023
1152
1173
1232
1290
1309
1382
1413
1380
1253
1123
1107
1258
1456
1538
1332
1052
920
841
981
1068
1067
1042
864
756
507
254
255
329
354
326
214
-77
-301
-374
-517
-540
-445
-523
-637
-785
-979
-1179
-1268
-1297
-1399
-1420
-1393
-1526
-1617
-1675
-1797
-1886
-1921
-1988
-2004
-1923
-1811
-1801
-1894
-1950
-2041
-2043
-1962
-1897
-1790
-1672
-1597
-1645
-1702
-1600
-1445
-1256
-1120
-1128
-1131
-1042
-912
-724
-625
-582
-475
-400
-250
-180
-85
91
209
324
361
352
440
598
737
855
966
1099
1125
1180
1210
1110
1283
1488
1685
1864
1892
1929
1882
1869
1898
1874
1947
2047
2119
2224
2240
2214
2091
1928
1799
1718
1817
1968
2080
2109
1985
1785
1515
1296
1243
1283
1423
1490
1417
1240
957
711
459
320
374
432
420
246
-36
-232
-331
-419
-485
-643
-701
-697
-747
-798
-991
-1139
-1230
-1293
-1326
-1355
-1292
-1276
-1391
-1468
-1578
-1557
-1363
-1333
-1410
-1629
-1722
-1523
-1321
-1175
-1214
-1377
-1498
-1466
-1314
-1178
-951
-756
-843
-1035
-1238
-1222
-853
-476
-390
-651
-862
-918
-715
-342
-186
-170
-243
-343
-431
-394
-131
135
307
236
10
-112
-27
247
432
452
398
336
381
412
443
544
651
772
773
685
619
655
792
873
889
859
837
859
885
889
856
800
735
626
575
615
716
774
708
501
333
292
268
312
297
263
183
116
76
-44
-140
-196
-274
-323
-350
-332
-284
-351
-428
-464
-496
-473
-379
-419
-534
-590
-586
-506
-316
-145
-103
-161
-341
-527
-530
-272
29
286
293
65
-130
-199
-60
204
415
490
406
286
183
242
436
525
568
493
395
401
471
605
580
432
333
272
334
429
521
525
408
291
99
-59
2
195
391
472
303
6
-271
-315
-176
-38
96
53
-85
-178
-259
-265
-274
-323
-355
-428
-411
-318
-211
-188
-344
-530
-670
-654
-516
-415
-408
-504
-630
-658
-668
-651
-635
-619
-613
-615
-620
-670
-695
-670
-662
-699
-716
-753
-766
-691
-654
-703
-728
-750
-799
-747
-618
-508
-402
-356
-404
-493
-512
-433
-275
-73
53
107
104
57
52
105
191
331
513
664
752
758
699
639
670
787
909
1035
1115
1095
1053
1004
960
964
1061
1205
1262
1307
1232
1058
961
904
934
992
1076
1110
986
835
643
511
536
620
686
654
542
374
219
133
110
149
202
123
-33
-177
-343
-395
-349
-353
-365
-410
-504
-631
-744
-788
-802
-726
-669
-713
-760
-856
-931
-944
-950
-928
-895
-843
-798
-805
-787
-777
-771
-789
-786
-711
-621
-490
-454
-503
-557
-556
-454
-322
-231
-222
-237
-248
-242
-175
-73
47
129
128
37
-38
-16
74
239
335
337
315
280
254
242
305
415
512
540
464
376
361
441
538
531
465
431
437
503
533
504
457
375
340
323
336
364
374
340
226
113
103
171
222
222
118
20
0
44
68
18
-19
-58
-109
-156
-240
-306
-291
-254
-293
-378
-443
-462
-411
-380
-423
-503
-544
-547
-557
-541
-504
-477
-470
-540
-656
-714
-649
-487
-357
-336
-376
-434
-435
-357
-339
-302
-221
-145
-52
-38
-66
-49
11
72
99
111
176
294
405
425
376
347
367
455
534
574
602
651
686
661
610
606
662
763
828
795
720
665
667
692
717
711
675
683
651
621
626
596
574
538
436
338
314
350
389
375
308
163
57
40
30
35
38
-1
-69
-143
-221
-296
-328
-303
-306
-352
-413
-499
-532
-509
-484
-493
-544
-607
-658
-656
-620
-605
-605
-606
-634
-662
-685
-685
-648
-586
-569
-594
-608
-607
-561
-492
-441
-425
-423
-410
-391
-379
-351
-290
-229
-186
-184
-193
-176
-114
-30
36
63
46
55
76
140
221
293
340
335
327
300
286
346
433
500
531
519
500
483
490
510
530
558
572
566
543
546
553
539
513
446
409
423
461
513
524
484
407
325
262
242
273
317
316
258
173
91
38
27
23
25
17
5
-29
-83
-141
-173
-185
-196
-219
-247
-247
-252
-263
-310
-371
-402
-383
-336
-291
-292
-315
-323
-346
-359
-351
-319
-299
-266
-270
-305
-316
-301
-278
-251
-219
-212
-189
-159
-142
-121
-98
-85
-96
-102
-85
-46
15
66
70
41
25
13
58
120
161
194
199
170
146
157
179
203
210
186
132
119
162
217
245
233
189
145
107
109
137
168
186
164
110
50
31
47
82
81
44
10
-9
-15
2
12
-12
-49
-87
-139
-175
-156
-121
-103
-121
-189
-244
-246
-194
-131
-116
-158
-241
-299
-301
-262
-199
-167
-178
-227
-292
-312
-281
-195
-121
-108
-150
-199
-213
-176
-99
-54
-49
-67
-88
-79
-41
17
65
89
71
40
35
78
148
222
245
199
143
129
173
255
335
345
305
242
197
211
283
367
407
392
322
241
215
257
324
368
343
271
191
154
177
229
262
239
178
99
45
54
96
124
105
41
-47
-109
-106
-71
-44
-55
-104
-171
-214
-210
-182
-160
-162
-197
-256
-301
-307
-285
-249
-226
-255
-316
-361
-358
-317
-272
-250
-279
-318
-337
-326
-278
-218
-179
-180
-216
-256
-256
-202
-116
-55
-50
-83
-117
-120
-65
8
65
91
91
74
73
101
149
215
255
260
239
230
244
285
335
343
335
326
324
340
371
390
393
374
350
320
315
334
356
368
333
269
210
193
200
206
196
152
100
61
42
36
27
0
-54
-112
-163
-177
-165
-150
-161
-217
-296
-370
-398
-383
-364
-365
-389
-437
-478
-506
-518
-509
-500
-493
-524
-562
-589
-580
-530
-493
-487
-518
-550
-559
-531
-486
-441
-414
-403
-404
-407
-387
-346
-280
-226
-203
-221
-223
-190
-125
-43
8
34
47
64
83
115
177
244
300
332
338
342
370
418
461
492
516
531
553
582
607
635
646
642
627
608
620
642
679
694
669
629
595
581
581
583
573
555
522
476
435
402
385
375
352
308
253
206
175
153
130
90
44
4
-37
-72
-104
-130
-153
-190
-234
-280
-315
-331
-343
-364
-399
-433
-458
-475
-488
-500
-519
-533
-545
-560
-568
-566
-559
-556
-559
-575
-582
-571
-549
-525
-508
-504
-502
-490
-476
-462
-437
-406
-380
-353
-337
-313
-278
-243
-209
-186
-160
-125
-81
-43
-14
10
33
60
94
134
172
206
227
244
260
276
314
355
382
395
396
396
403
423
445
452
463
468
464
463
465
470
468
464
449
427
415
419
426
420
404
373
342
316
299
291
282
266
248
226
201
177
160
149
129
101
75
47
26
8
-5
-29
-58
-82
-102
-114
-115
-116
-127
-142
-165
-187
-205
-212
-211
-215
-223
-240
-259
-273
-273
-265
-263
-259
-258
-258
-257
-256
-251
-241
-223
-211
-200
-192
-187
-173
-157
-146
-132
-113
-90
-69
-55
-43
-39
-29
-12
7
25
37
48
55
59
60
64
71
80
82
83
84
91
94
92
95
83
75
68
61
57
54
52
48
34
15
-4
-14
-15
-14
-13
-20
-39
-60
-76
-88
-92
-94
-97
-105
-120
-134
-147
-152
-150
-148
-150
-157
-164
-172
-174
-173
-170
-165
-165
-166
-162
-156
-149
-138
-130
-125
-120
-114
-104
-86
-66
-48
-39
-36
-27
-19
-6
11
23
40
59
82
102
109
117
125
137
152
171
196
214
227
236
237
238
249
265
284
295
302
302
298
296
293
295
305
312
309
300
284
272
268
271
268
259
247
230
216
198
181
165
155
141
122
103
85
68
55
42
24
2
-13
-25
-41
-57
-77
-92
-109
-126
-146
-164
-177
-188
-197
-208
-221
-233
-243
-252
-259
-266
-274
-277
-283
-288
-291
-291
-292
-289
-286
-288
-284
-279
-270
-265
-261
-251
-241
-226
-216
-206
-192
-174
-154
-136
-124
-116
-105
-89
-71
-52
-34
-18
-5
8
19
28
43
57
67
79
88
103
118
131
146
154
163
172
183
191
197
198
200
198
197
200
202
205
207
204
200
192
185
189
190
188
180
168
156
141
130
119
114
103
94
81
68
55
39
26
16
3
-12
-20
-30
-42
-57
-70
-82
-90
-103
-117
-127
-136
-143
-149
-154
-159
-163
-170
-176
-186
-189
-189
-186
-178
-171
-169
-173
-173
-172
-167
-158
-145
-136
-122
-112
-104
-95
-81
-69
-59
-46
-36
-20
-3
17
33
48
62
73
82
96
114
132
151
162
171
181
192
202
212
221
226
233
242
249
252
254
251
244
239
237
236
234
231
224
212
195
185
173
165
157
149
136
119
102
80
61
42
28
9
-10
-26
-46
-66
-87
-110
-129
-147
-160
-174
-188
-203
-221
-240
-258
-274
-289
-300
-309
-316
-321
-327
-334
-343
-352
-357
-358
-354
-352
-350
-351
-349
-346
-339
-323
-312
-300
-286
-274
-260
-246
-230
-211
-190
-169
-149
-131
-116
-99
-79
-61
-36
-8
18
39
61
84
103
124
143
166
189
211
232
251
269
282
294
309
323
340
356
370
384
390
391
396
400
404
410
414
411
403
398
388
382
375
366
356
345
330
314
302
284
268
248
230
212
193
174
153
132
107
85
60
40
19
0
-20
-42
-66
-91
-110
-131
-150
-165
-182
-200
-220
-236
-251
-262
-270
-276
-286
-297
-309
-319
-326
-330
-333
-335
-336
-337
-338
-335
-333
-328
-323
-318
-309
-300
-291
-277
-268
-260
-251
-240
-224
-209
-192
-175
-157
-140
-121
-108
-94
-78
-62
-45
-27
-9
9
28
44
59
72
85
98
111
129
146
160
175
186
192
198
202
210
217
226
230
229
232
233
235
235
232
227
220
217
212
209
207
200
190
178
166
153
140
130
122
109
97
86
77
66
52
37
22
9
-1
-8
-16
-23
-32
-40
-49
-61
-71
-82
-86
-89
-92
-98
-105
-109
-116
-119
-121
-122
-124
-126
-127
-128
-128
-125
-120
-116
-111
-111
-105
-97
-92
-84
-78
-72
-64
-60
-52
-47
-38
-28
-19
-10
-4
1
5
12
21
26
33
41
46
54
59
66
75
83
88
87
88
87
90
92
94
98
98
99
98
96
92
86
82
81
79
77
74
67
62
53
45
35
29
26
18
11
4
-2
-8
-15
-24
-31
-38
-41
-48
-53
-56
-63
-69
-73
-79
-83
-85
-85
-83
-85
-84
-86
-86
-85
-84
-83
-80
-78
-73
-72
-69
-66
-63
-58
-55
-50
-47
-42
-39
-35
-32
-26
-18
-8
0
6
13
18
25
31
35
38
41
45
50
57
61
63
66
70
74
77
81
86
89
90
94
94
95
92
87
84
80
80
77
75
73
69
64
59
53
49
45
42
35
31
24
13
2
-6
-13
-19
-23
-26
-33
-39
-47
-54
-60
-68
-76
-81
-84
-84
-83
-88
-94
-101
-104
-106
-104
-99
-92
-90
-91
-93
-96
-95
-88
-79
-71
-67
-63
-61
-57
-52
-47
-41
-32
-24
-16
-10
-9
-5
-1
7
15
22
29
36
44
47
53
56
61
69
79
86
93
100
101
101
104
109
114
118
116
114
116
113
115
114
109
104
100
100
100
102
100
94
89
78
69
64
62
57
48
38
29
19
10
1
-9
-20
-29
-38
-46
-54
-57
-64
-73
-85
-94
-101
-106
-107
