SAMPLES:	10148
BITSPERSAMPLE:	16
CHANNELS:	1
SAMPLERATE:	16000
NORMALIZED:	FALSE
12
14
17
15
14
8
3
-2
-6
-7
-5
6
9
11
11
7
1
-5
3
13
18
14
5
-2
-6
-2
1
0
3
0
-2
-3
-7
-9
-11
-8
-9
-12
-15
-20
-22
-22
-21
-20
-18
-17
-18
-17
-16
-20
-21
-21
-18
-18
-13
-9
-2
1
0
0
-5
-4
-5
1
7
14
17
13
10
7
8
7
3
4
9
14
18
14
11
7
5
3
5
6
1
-1
-6
-12
-12
-17
-16
-13
-8
-4
-8
-9
-13
-12
-15
-14
-7
2
4
5
1
-1
-8
-9
-14
-9
-4
-2
13
3
6
-9
-14
-10
-5
4
2
2
7
3
0
-7
-8
-7
-7
4
-2
9
2
-2
-5
-12
-1
-1
7
5
-2
-1
-10
-7
-6
-9
2
-5
1
-12
-11
-10
-18
-7
-12
-3
-3
-3
3
3
10
9
-1
4
-10
0
-5
7
4
-4
6
1
17
8
5
4
-5
-4
-5
-3
16
14
27
13
10
10
5
13
1
8
2
10
16
14
14
11
5
5
-7
-1
-9
-1
10
10
30
10
13
-6
-7
-5
-6
4
-4
-11
-17
-22
-15
-22
-8
-9
-12
-5
-20
-7
-19
-10
-15
-19
-18
-26
-17
-19
-19
-25
-35
-22
-20
-8
-2
-5
1
-15
-12
-23
-17
-16
-12
-1
0
-6
-13
-19
-8
-11
-1
0
-2
9
5
16
1
-6
-9
-7
4
13
5
17
9
21
5
15
16
15
28
12
15
-3
-5
-5
-15
-3
-2
7
21
8
4
-15
-14
-11
-1
7
-3
-1
0
9
14
7
12
3
10
9
22
29
24
21
13
11
4
-5
-4
-1
11
14
18
12
3
2
1
11
9
16
9
-10
-15
-15
0
5
7
7
-9
8
7
16
1
1
-11
-3
2
19
14
15
12
-7
8
-11
19
4
29
29
16
26
7
18
-15
0
2
4
18
21
18
-9
-10
20
22
33
15
20
5
-3
3
-4
14
-6
10
4
18
4
-13
-6
-28
8
-4
19
6
-4
23
8
37
16
13
6
-16
11
-12
19
29
23
47
-11
26
-2
20
31
-6
26
-15
4
-11
-8
32
19
67
43
17
17
-11
28
-5
5
-4
-36
18
4
57
17
28
21
-17
32
10
40
21
5
28
10
38
38
28
32
-24
-16
-24
-10
10
-28
27
-32
8
-4
-7
1
-40
11
-7
5
-7
-2
-11
30
18
36
6
-9
5
-7
9
-22
-26
-11
-50
-48
-51
-77
-39
-57
26
-27
-26
-24
-73
-4
-53
-7
-20
-61
-14
-105
-22
-29
-46
21
-60
12
-51
7
55
-21
43
-27
47
3
27
38
-21
1
-63
-23
-60
-30
-52
-15
13
-4
20
-38
21
-23
-17
32
-41
50
-39
90
58
57
75
-33
53
-89
23
-61
-51
-22
-95
9
-29
20
20
-23
59
29
49
28
36
15
-29
-16
-39
-1
-72
9
-64
0
-46
-48
24
-40
48
-51
43
-43
-37
1
-18
5
-40
-15
-20
-53
-15
-44
-29
-53
-22
-21
-21
12
-47
-5
-74
-23
-27
-15
-6
-51
-30
-55
-26
-14
-32
-15
-26
-3
-8
-38
-18
-48
-53
-10
-58
0
-67
-20
-32
-45
-6
-74
-33
-58
-5
-16
-19
-34
-32
-52
-28
5
20
37
-1
60
-5
35
-6
-31
2
-56
34
-24
6
8
-15
8
27
16
86
33
92
17
60
15
33
-8
8
19
-48
73
-81
82
-27
61
26
-21
2
-47
-10
43
1
17
-33
-18
-70
-2
43
-51
44
-76
95
-28
38
76
-27
23
-37
-15
35
-42
80
13
20
44
-38
155
-25
164
71
32
82
-29
101
-64
46
44
-5
33
-22
46
-39
-4
87
-105
76
-83
-5
37
-87
63
-112
8
13
-59
65
-58
-23
35
-46
86
-43
65
-62
-119
42
-88
44
-37
40
-81
-139
33
-103
16
26
-18
39
-133
86
-66
-48
43
-91
61
-111
66
-31
-9
54
-41
98
34
28
72
12
21
40
-36
52
-22
45
48
33
3
44
-9
40
68
28
66
25
42
81
84
91
96
1
127
4
119
63
76
55
-2
60
-16
57
45
82
43
13
68
-32
-3
24
26
31
-19
64
-67
52
-16
80
54
24
105
-69
33
-28
7
54
30
57
14
11
70
-63
137
-53
42
8
-13
89
-67
59
48
-78
102
-31
39
-19
11
63
-121
86
-85
43
-85
8
58
-79
36
54
3
40
25
-54
52
-6
64
46
-43
-25
-59
-110
14
-65
-75
23
-146
-14
-78
-84
-2
-52
3
-68
-40
-18
-50
-42
-92
25
-98
59
53
-56
130
-91
47
82
-74
131
-101
105
57
18
122
32
-5
55
35
29
88
50
47
-64
25
-58
3
-60
61
-44
-33
51
-36
35
-55
10
-65
-54
-22
-51
-105
26
-114
-22
-104
-69
-68
-61
-24
28
-61
-82
46
-151
75
-35
31
-31
-5
0
-74
-37
-7
-36
23
-23
22
-5
-59
133
-108
117
-54
46
15
-39
63
-65
-90
-22
-95
3
-109
-47
56
-127
134
-23
40
-87
-56
80
-170
43
-47
-82
36
-149
147
-160
13
-29
-131
54
-148
70
-112
-158
-81
-146
-55
-86
-43
-50
-39
-56
-23
8
-18
14
21
25
24
-40
85
114
-57
82
-28
73
43
5
119
80
64
54
74
-39
110
-66
113
17
-144
27
-172
5
-4
-30
9
-55
-53
-61
-6
104
-99
-21
-67
-15
-116
42
-37
1
-54
63
-7
-78
103
-119
116
-94
29
-29
-67
-32
-138
76
11
-89
87
-127
76
-60
45
65
-109
105
-129
32
-97
37
-87
64
-93
-83
-41
-91
139
-77
120
33
-37
131
-62
178
-75
-9
13
-168
92
-205
125
-97
-54
-19
-77
82
-29
-98
-26
-88
-78
-66
-7
-52
-47
-113
-95
-18
-172
-35
-77
6
-74
-38
-120
27
-129
-108
224
-86
71
14
-21
114
-139
169
145
-84
103
-35
133
62
68
22
64
57
128
156
75
149
2
37
215
91
103
76
105
93
117
207
93
0
5
32
170
128
161
125
95
9
167
143
82
91
48
89
38
58
106
32
-17
136
41
94
75
49
63
2
111
-29
115
16
-91
75
2
26
-123
117
-8
7
88
73
92
-62
39
13
27
-3
-22
11
-25
-62
26
12
25
-13
73
59
18
-8
5
-23
-22
-106
-15
-19
-144
-70
-114
130
-118
-131
76
-225
124
-170
101
47
-374
228
-148
164
-83
-126
237
-281
201
2
88
-11
-100
93
-53
82
-159
167
-160
63
-15
0
12
-74
3
226
163
82
149
74
8
207
-40
112
-10
-94
80
4
158
109
141
46
297
2
211
94
-122
111
-118
-79
50
-141
106
-19
-95
58
59
-73
-146
-142
35
56
-216
-31
-107
-189
5
-57
134
-16
-88
74
-99
137
-27
-52
185
-165
21
175
-131
95
-287
244
-5
-131
296
-165
264
-404
183
18
-67
160
-112
187
-131
-34
51
-127
7
-51
37
44
-20
235
-57
14
-80
34
-168
58
-111
95
-142
-247
41
-208
-18
-65
-43
-75
-362
-78
-51
-203
-99
-73
-152
-167
-91
15
11
-208
-103
-236
-74
-149
-52
22
-122
-58
-382
65
-158
102
0
10
31
-166
181
58
263
71
152
-39
107
28
80
195
-119
-66
51
-198
178
-133
191
144
-25
348
-78
111
-4
-66
121
-42
-229
52
-344
85
-142
1
140
-187
316
-236
171
46
66
54
-188
-8
-105
-86
99
-87
67
-153
22
-82
-125
176
-258
226
-103
3
0
-127
-136
-77
-159
101
-265
-5
5
-223
121
-205
152
-103
-14
30
-147
95
-119
-175
11
-235
190
-2
249
85
45
135
-13
189
-81
-8
-264
-168
-223
-149
-71
-118
-78
-30
160
-46
77
5
-123
64
-166
72
-114
-87
13
-129
214
125
188
79
292
42
178
194
122
134
-72
73
-128
-44
88
45
84
31
-49
5
81
86
102
87
35
-53
-42
54
-78
86
-156
84
-58
-33
27
-181
55
-236
-132
-8
-58
89
-86
-98
-297
-364
-222
-268
-41
-220
6
-180
29
1
-132
31
-184
-85
-221
-329
-512
-848
-758
-815
-205
29
232
613
589
710
456
455
349
296
149
55
-3
-262
226
-121
394
666
300
929
491
796
480
-164
760
158
-485
590
143
824
259
-69
548
-610
-105
222
-82
-36
-473
-246
-214
56
-597
-15
103
-414
632
-285
586
-378
-571
264
-639
108
-199
-233
-490
-357
-160
-159
462
-258
125
-362
24
303
-357
520
-160
41
348
-62
612
-14
251
279
-71
173
-205
59
-193
317
128
61
372
-267
503
-21
318
545
-127
429
-216
156
336
337
381
183
215
67
298
98
333
-95
-61
261
-289
430
-145
62
-1
-201
169
10
160
12
-145
65
-178
-218
-343
-180
-376
-353
151
-191
43
34
3
100
-277
-163
130
-456
-127
-315
-389
70
-366
-40
-4
-425
-45
-157
-379
31
-539
-178
-261
-282
197
-310
227
-112
59
80
-143
291
-446
382
-193
26
100
-285
529
-312
192
115
106
249
-118
148
-219
-3
-156
-45
391
-318
145
-97
348
118
83
319
-237
111
-29
133
221
-344
-57
-12
-15
560
83
449
-15
-78
257
-30
597
-26
275
-87
-134
106
-106
276
134
132
324
-97
163
136
34
126
-111
-10
-451
-177
107
60
198
-208
85
-202
17
545
-212
262
-343
-387
101
-483
453
-330
189
38
-462
565
-375
165
-148
-98
26
-317
74
-344
-128
-72
-138
364
-314
28
-417
-177
-36
-407
260
-265
37
-68
-190
341
-142
275
-209
-112
35
-281
223
-28
245
-165
-118
-43
-127
261
-16
348
172
-273
-158
-74
-60
-356
89
4
51
-387
88
-82
-108
70
-80
236
-160
4
-240
-289
-268
-530
-17
-45
-188
-175
-191
169
-308
22
-167
-238
-159
-129
173
-301
71
-411
-96
169
-76
277
-333
13
-242
-12
296
1
101
43
-7
236
3
408
-81
55
22
139
466
115
397
23
202
138
52
104
109
-63
401
-14
471
39
87
198
-138
428
145
232
-57
-211
-141
-135
257
10
294
122
-256
316
-301
66
-126
-317
408
-372
387
-402
-21
270
-408
507
-327
90
-33
-427
282
-276
-25
143
-337
102
-70
261
174
-10
112
13
189
21
-79
106
-179
246
124
-33
197
-240
271
207
44
70
-129
47
41
247
12
232
194
-225
130
10
76
124
-435
-162
-331
-294
345
-308
-19
-506
-305
-53
-95
199
77
-3
19
-31
125
3
-76
-349
156
69
153
339
-547
297
-589
232
-49
91
259
-660
437
-63
309
216
-98
339
-404
352
121
-71
278
-460
87
-283
265
136
-6
410
-271
-75
-353
-184
27
-187
261
-27
-18
-11
-114
387
105
89
0
-21
80
-72
139
-310
-191
-498
-160
-93
-43
2
-374
46
-227
33
177
16
-14
-203
317
92
108
-115
-68
207
-148
501
29
53
72
-310
266
143
30
150
53
277
-41
353
238
243
-120
-83
105
-269
96
-40
-127
388
-113
-15
79
-60
153
12
237
-140
71
-280
307
-521
-83
87
-235
240
79
28
105
-66
-265
18
-321
104
210
-285
223
-282
-723
459
-284
364
271
-113
235
-105
85
100
-2
-47
285
315
58
599
-429
-171
350
-345
624
-249
38
101
-453
420
83
-3
286
-273
2
191
61
98
-191
-278
-261
-221
-23
127
-226
-68
-117
-56
52
-404
-25
-272
-375
-116
145
-106
92
-101
-52
-189
-165
105
-250
-229
-325
-337
-104
-68
4
39
354
233
-52
-63
-212
-3
-178
360
-251
-46
-74
-194
-138
40
160
214
33
105
120
52
359
-86
-98
-9
0
150
209
196
3
-20
430
-231
237
-88
45
-42
-91
489
-342
98
-83
-356
159
-138
611
-6
-170
62
-857
328
-186
10
257
-480
177
-412
-59
207
-213
-258
-279
-20
119
180
39
-122
-181
-271
192
-13
75
-142
-16
-134
-219
-14
1
-115
-172
-32
148
197
-146
-44
244
111
413
304
-45
-46
-399
182
-272
11
39
230
463
383
238
-147
294
-186
402
88
274
74
-73
343
-83
26
-113
101
-72
-195
80
-73
-203
-638
-489
-222
75
178
164
-42
-344
-177
-113
447
-89
16
-36
-458
-137
-413
-68
-35
-204
112
134
418
476
241
233
-8
9
-241
-102
167
-268
163
101
259
352
-61
337
-129
-106
-143
-221
112
-82
267
-11
42
157
54
603
162
159
44
39
-107
-41
191
-43
418
125
91
378
6
247
-78
-327
-23
-444
18
107
-64
20
-272
-56
-119
101
28
-166
-82
-261
-201
-165
90
-66
-388
-236
-411
-16
71
61
319
-1
250
169
495
323
-17
441
226
-60
84
-8
227
-259
280
50
57
-66
-181
498
-136
386
-29
-35
297
-486
76
-13
-25
80
-108
329
-122
-70
-233
106
66
121
500
128
392
105
-9
188
-407
-164
-355
-338
92
-356
222
-90
-242
-100
-272
153
-339
118
11
53
118
-373
-32
-489
-179
-16
-108
138
-405
53
-70
152
463
332
438
157
287
-84
27
20
-53
142
-108
364
274
55
299
-164
263
87
160
112
-359
-176
-312
-7
85
-74
-105
-511
-164
-372
-302
-14
-375
8
-257
136
58
-106
139
-198
-170
-136
102
-27
-456
-280
-566
-218
-32
-16
61
21
28
60
255
30
148
-205
-269
-214
-583
-206
-213
7
11
-231
154
163
242
236
327
221
158
514
506
654
295
93
107
-110
522
453
488
349
-2
151
247
525
318
-104
-75
-253
-32
65
200
22
-363
-216
-392
-175
-116
-266
-198
-496
-347
-124
-95
-14
-129
-111
-111
-160
-182
-289
-226
-125
80
274
322
271
-95
-237
-23
-143
54
-48
-386
-403
-624
-103
-186
-155
-184
-395
-130
-290
67
-64
-202
-143
-343
119
-16
-126
-99
-370
-115
-138
59
40
89
207
365
862
677
543
110
-147
-64
-174
131
120
-36
41
-42
152
48
154
52
-42
213
-36
-63
-337
-400
-430
-354
-49
36
119
96
118
99
227
362
292
490
383
394
490
268
282
26
203
233
73
74
-235
-227
-582
-325
-259
-101
193
-51
416
103
65
-48
-394
-143
-522
-186
-203
-208
-211
-413
-26
-162
168
233
256
360
55
325
33
33
-110
-195
104
-182
-45
-178
-290
-228
-494
-204
-298
-426
-353
-552
-246
-366
-305
-350
-346
-181
-239
93
-85
-48
-278
-414
-317
-343
66
147
362
580
485
765
429
595
274
174
338
28
376
-12
206
18
-111
126
-123
141
125
94
125
-117
-19
-284
-103
-165
-38
170
144
515
290
444
588
628
801
768
930
1007
1124
1221
1188
1322
1281
1419
1293
1164
1070
945
1003
768
790
688
634
664
412
324
138
-98
-269
-433
-473
-416
-664
-545
-711
-793
-744
-874
-786
-989
-1088
-1109
-1203
-1133
-1278
-1114
-1273
-1290
-1385
-1572
-1431
-1649
-1526
-1633
-1729
-1689
-1800
-1825
-1910
-1967
-1972
-1956
-1865
-1847
-1650
-1646
-1455
-1456
-1317
-1241
-1115
-993
-837
-605
-422
-94
-26
231
410
569
835
857
1119
1335
1412
1571
1585
1813
2002
2163
2435
2522
2631
2647
2704
2914
2909
3067
3169
3067
3379
3335
3635
3744
3532
3789
3781
3914
4030
3902
4037
3900
3795
3894
3683
3800
3688
3473
3258
2567
2077
1435
597
-144
-1387
-2407
-3532
-4438
-5151
-5685
-5997
-6353
-6512
-6607
-6417
-5959
-5886
-5494
-5653
-5555
-5318
-5236
-4870
-4965
-4770
-4810
-4650
-4372
-4066
-3633
-3322
-2890
-2313
-1818
-1110
-688
-293
44
365
500
653
466
338
78
-199
-453
-794
-999
-1262
-1260
-1196
-908
-583
-294
162
608
1184
1780
2180
2638
2815
3073
3303
3401
3607
3673
3728
3906
4101
4514
4880
5231
5624
5765
6180
6415
6762
6821
6961
6941
6820
6936
6682
6577
6191
5884
5780
5321
5375
4939
4375
3427
2208
1596
3
-494
-2508
-3818
-5206
-6645
-6890
-8037
-8130
-8379
-8847
-8222
-8165
-7138
-6755
-6459
-6255
-6452
-5665
-5783
-5021
-5517
-5401
-5382
-5395
-4601
-4395
-3536
-2777
-2222
-917
-146
1079
1852
2231
2372
2233
2187
1475
942
-532
-1432
-2699
-3642
-3929
-4886
-4613
-4663
-4110
-3144
-2327
-871
-80
845
1377
1804
2125
1956
1806
882
648
79
-2
268
255
1182
1738
2841
3910
4797
5934
6566
7177
7415
7642
7789
7566
7197
6566
6145
5553
4936
4762
4062
4236
3906
3783
4248
3945
4925
4856
5345
5634
5482
6075
5432
5237
3587
2453
1314
-755
-1114
-4096
-4922
-6824
-8248
-8001
-9667
-8594
-9186
-8998
-8290
-8346
-7000
-7045
-6333
-6791
-6657
-6248
-6399
-5505
-6374
-5910
-6005
-5909
-4647
-4633
-3137
-2445
-1514
79
1158
3044
4012
5004
5373
5671
6017
5519
4931
3410
2055
474
-969
-2120
-3513
-4402
-5169
-5361
-5106
-4413
-3514
-2798
-1661
-854
385
1040
1519
1538
1143
1018
513
189
-294
-691
-881
-801
-236
541
1543
2445
3467
4427
5595
6561
7014
7225
6975
6693
6290
5489
4748
3759
3003
2423
2041
1941
1798
2274
2314
3369
3655
4719
5375
5709
6605
6680
7204
7066
5900
4905
3481
2282
1245
-639
-2526
-4192
-5705
-6473
-6835
-7521
-6948
-7529
-7045
-6558
-5964
-4992
-4917
-4983
-5476
-5242
-5462
-5135
-5785
-6144
-6176
-6271
-5442
-4847
-4073
-2674
-2019
-489
923
2410
3996
4700
5361
5479
5858
5585
4945
3783
2133
636
-1171
-2680
-4043
-5580
-6267
-7098
-7226
-6528
-5984
-4664
-3825
-2552
-1439
-324
598
969
952
660
288
-349
-836
-1339
-1747
-1743
-1752
-1119
-91
993
2495
3553
5007
6234
7291
8014
8389
8345
8213
7777
6784
6044
4762
3988
3073
2503
2050
1820
1845
2156
2796
3659
4827
5649
6513
7461
8103
8905
8601
7787
6323
4938
3474
1789
-304
-3014
-4736
-6953
-7497
-8466
-8741
-8245
-8931
-7993
-7605
-6333
-5207
-5125
-4966
-5652
-5254
-5428
-5498
-6192
-7075
-7300
-7761
-6943
-6374
-5477
-3935
-3155
-1126
572
2765
4770
5833
6715
7130
7482
7541
6721
5411
3823
1830
103
-1620
-3070
-4325
-5402
-6186
-6653
-6348
-5681
-4881
-4010
-3324
-2278
-1447
-501
-140
-208
-224
-749
-923
-1529
-1812
-1952
-2129
-1936
-1524
-629
657
1817
3218
4545
6061
7369
8245
8707
8690
8770
8151
7627
6474
5511
4385
3374
2659
1722
1765
1024
1610
1496
2274
3588
3828
5400
5528
6720
7946
7836
8808
6742
6138
4630
2481
1841
-1804
-3169
-6116
-7662
-8312
-9527
-8958
-9362
-9060
-8563
-7822
-6012
-5912
-4863
-6031
-6272
-6071
-7051
-6366
-8178
-8170
-8706
-8821
-7471
-6820
-5214
-3882
-2553
-467
1724
4245
6087
7417
7932
8488
8887
8445
7992
6051
4410
2373
212
-940
-2940
-3949
-5030
-6085
-5630
-5566
-4395
-3610
-3270
-2137
-1702
-419
-19
139
-12
-459
-577
-1120
-1110
-1515
-1462
-1337
-1110
-80
918
2208
3345
4356
5787
6976
8048
8637
8735
8806
8493
7823
7027
5618
4591
3269
1987
1349
267
220
-59
-180
646
795
2289
2531
3643
4191
4983
5843
5536
5340
3642
3318
1528
343
-1361
-3984
-5155
-7358
-7772
-8256
-8961
-7702
-8607
-7185
-6733
-5262
-4118
-4035
-3779
-4670
-4159
-4688
-4850
-5708
-6708
-6774
-7262
-6522
-5584
-4853
-2979
-2122
-167
1810
3889
5883
6908
7608
7967
8362
8076
7460
5878
4322
2393
517
-1068
-2625
-3836
-4960
-5576
-5850
-5385
-4456
-3873
-2726
-2184
-1092
-241
105
644
-87
-35
-626
-1082
-1340
-1975
-1721
-1915
-1318
-531
478
1886
2880
4293
5458
6735
7727
7980
8224
7890
7722
6957
6022
4941
3655
2833
1835
1108
469
-1
-56
-39
668
1270
2083
2822
3400
4467
5242
5699
5904
4476
3750
2807
942
415
-2575
-4099
-5701
-7374
-7099
-7987
-7598
-7049
-7067
-5761
-4927
-3271
-2969
-2293
-3054
-3136
-2840
-3799
-3506
-5122
-5561
-5589
-6115
-4754
-4521
-3513
-2039
-1257
911
2470
4490
5753
6748
7112
7455
7623
6763
6017
4037
2629
1020
-1207
-2285
-4016
-5154
-5387
-6312
-5709
-5488
-4800
-3794
-3330
-2256
-1373
-1050
-570
-531
-766
-763
-1098
-1544
-1774
-2126
-1975
-1601
-1573
-518
68
1165
2463
3384
4868
5921
6586
7354
7436
7602
7623
6655
6103
4839
3978
3293
2216
1672
1046
761
859
1188
1705
2563
2946
4071
4363
5673
5994
6403
6347
4400
4798
2467
1952
588
-2723
-3194
-6344
-6503
-7124
-8460
-6978
-8267
-6603
-6432
-4659
-3489
-3107
-2040
-3438
-2081
-2944
-2917
-3272
-5233
-4829
-6017
-5691
-4750
-5043
-3151
-2657
-906
836
2529
4542
5462
6536
6654
7048
7016
6213
5105
3277
1714
165
-1946
-3099
-4642
-5847
-6000
-6753
-6421
-5900
-5436
-4045
-3584
-2374
-1264
-1107
-278
-466
-550
-668
-1215
-1556
-2305
-2500
-2459
-2100
-1766
-1009
61
1074
2620
3724
5079
6401
6887
7842
7898
8146
8232
7240
6702
5421
4508
3816
2574
2043
1115
1035
799
1484
1823
2700
3592
4288
5685
6435
7104
7702
6711
5653
5030
2778
2244
-247
-2555
-4171
-6489
-6930
-7286
-8432
-7137
-7750
-6644
-5715
-4575
-3475
-2864
-2676
-3415
-2777
-3788
-3451
-4682
-5980
-6154
-7192
-6777
-6052
-6099
-4175
-3496
-1779
97
1831
3736
5005
5811
6205
6487
5848
5598
3451
2277
463
-1437
-2661
-4522
-5316
-6132
-6572
-6154
-6145
-5122
-4388
-3330
-2539
-1644
-773
-611
167
-375
-1
-459
-792
-868
-1625
-1346
-1217
-951
-180
169
1421
2531
3683
5080
6155
7314
7921
8494
8521
8752
8329
7541
6872
5258
4953
3460
2795
2181
874
1735
616
1944
2044
2496
3909
3491
5479
5497
6130
6634
5506
4731
3668
2329
874
-698
-3257
-4933
-6659
-8051
-7665
-9238
-8343
-8259
-7949
-6558
-5386
-4304
-3438
-3160
-3864
-3290
-4087
-4015
-4622
-6110
-6026
-6777
-6606
-5386
-5430
-3687
-2730
-1263
606
2391
4092
5406
6243
6447
6958
6248
6183
4612
3083
1818
-366
-1743
-3479
-4713
-5530
-6402
-6305
-6459
-5715
-4903
-3787
-2726
-1887
-547
-388
558
343
428
230
-469
-588
-1364
-1447
-1336
-1476
-754
-438
686
1846
2977
4382
5391
6629
7156
7929
8016
8339
7858
7224
6453
5011
4385
2998
2276
1261
810
558
513
1218
1576
2948
3327
4713
5726
6446
7577
7334
7184
5572
4993
2887
1477
-282
-3478
-4238
-7328
-7351
-8172
-9109
-7579
-8516
-6880
-6348
-4894
-3705
-3165
-2538
-3405
-2686
-3664
-3664
-4352
-5833
-5424
-6747
-6030
-5320
-5151
-3019
-2385
-330
1536
3472
5492
6706
7684
7922
8194
7681
6763
5522
3342
2169
-72
-1799
-3097
-4973
-5321
-6339
-6477
-6107
-6015
-5000
-4472
-3631
-2729
-2046
-1363
-1146
-933
-1040
-1107
-1551
-1764
-2295
-2504
-2195
-2308
-1617
-1073
-321
1036
1958
3530
4746
5778
6732
7212
7381
7785
7277
6772
5968
4683
3953
2877
1980
1357
514
549
570
836
2096
2467
3858
4708
5729
7056
8078
8235
8873
7117
6608
5390
2979
2470
-846
-2867
-4615
-6935
-6886
-7887
-7949
-7291
-7280
-6102
-5119
-3538
-3401
-2006
-3264
-3001
-3049
-4237
-3672
-5628
-6191
-6384
-7167
-5852
-5319
-4518
-2649
-1712
577
2599
4530
6025
7154
7430
7715
7795
6947
5824
3898
1754
218
-1985
-3470
-5032
-6688
-7192
-8066
-7663
-7590
-6780
-6074
-5415
-4375
-3536
-2343
-1852
-1542
-1342
-1612
-1299
-1476
-1591
-1805
-1995
-1583
-1277
-560
402
1517
2691
4019
5381
6713
7740
8437
8776
8945
8897
8497
7772
6295
5171
3945
2730
2022
881
294
115
-171
885
1286
2383
3599
4153
5807
6723
7783
8254
8324
6736
6016
4441
2440
1392
-1774
-3671
-5634
-7662
-7016
-8530
-8017
-7467
-7587
-6101
-5146
-3840
-3354
-2830
-3785
-3699
-4237
-4609
-4953
-6730
-7194
-7483
-7825
-6165
-5835
-4495
-2757
-1580
1079
3110
5155
6692
7514
7756
8250
7852
7378
5877
3437
1847
-299
-1996
-3370
-5290
-6652
-7547
-8021
-7622
-7260
-6656
-5852
-5291
-4377
-2785
-2390
-1264
-1282
-1564
-1232
-1532
-1101
-1551
-1804
-1855
-1466
-800
201
1141
2215
3504
4771
6298
7728
8454
9062
9022
8934
8760
8081
7065
5389
3836
2630
1587
581
-67
-848
-1038
-692
60
965
2297
3135
4606
5328
7007
7682
8038
8214
5734
5980
3154
2246
822
-3165
-3293
-6831
-6757
-6776
-8278
-6324
-7408
-5635
-5399
-3840
-2671
-2904
-2070
-4183
-3180
-4629
-4691
-5102
-7587
-6730
-7998
-7243
-5698
-5765
-3247
-2444
-439
2045
3729
6211
7094
8005
8041
8291
7985
6981
5588
2825
1465
-540
-2332
-3026
-5671
-5886
-6977
-7331
-6158
-6732
-5309
-5008
-4633
-3227
-2847
-1692
-1291
-1401
-1474
-1434
-1228
-1262
-1345
-1900
-1636
-1156
-555
635
1034
2256
3319
4311
6025
6882
7731
8043
7718
7850
7393
6846
5871
4225
3106
1878
1029
364
-727
-731
-1247
-483
243
879
2703
2889
4909
5488
6992
8429
7914
9213
6185
6374
4737
2358
2569
-2372
-2445
-5445
-6519
-5637
-7786
-6090
-6910
-5918
-5272
-4386
-2751
-3548
-2311
-4303
-4020
-4195
-5368
-4678
-7332
-7040
-7321
-7629
-5421
-5429
-3530
-2014
-588
2064
3854
6163
7221
8051
8153
8146
8227
6946
5845
3160
1332
-285
-2492
-3173
-5388
-6324
-6933
-7748
-6764
-6885
-5923
-5027
-5052
-3733
-3108
-2270
-1490
-1658
-1753
-1577
-1531
-1406
-1328
-1675
-1473
-913
-435
854
1633
2701
4044
4772
6223
7389
7819
8584
8076
7896
7655
6762
6173
4548
3337
2371
1223
669
50
-537
-209
-520
657
1225
2344
3731
4135
5823
6461
7854
7828
8069
6671
5101
4834
1773
1644
-1124
-3718
-4039
-7351
-5895
-7170
-7247
-5809
-6741
-5274
-4800
-3582
-3521
-3079
-3858
-4769
-4328
-5761
-5369
-6667
-7757
-6804
-7870
-5887
-4829
-4296
-1725
-975
1440
3666
5270
6873
7504
7708
7671
7615
6859
5661
3976
1356
189
-2118
-3093
-4286
-6222
-6216
-7634
-6965
-6553
-6452
-5217
-5318
-4207
-3397
-2771
-1628
-1843
-1618
-1789
-1351
-1546
-989
-1149
-1399
-550
-409
822
1743
2397
3771
4442
5575
6973
7307
8090
7874
7522
7426
6721
5994
4877
3410
2317
1418
566
283
-716
-476
-719
-183
1223
1562
3579
3644
5269
6149
7125
7865
8020
6900
5220
4801
2007
1738
-680
-3516
-4148
-7164
-6333
-6854
-7539
-5836
-6999
-5473
-5287
-3720
-3787
-2947
-3921
-4769
-4397
-5702
-5056
-6426
-7355
-6909
-7509
-6012
-4698
-4111
-1821
-1018
1039
3068
4984
6480
7425
7487
7323
7333
6555
5624
3905
1441
-27
-1965
-3386
-4487
-6260
-6453
-7677
-7080
-6919
-6357
-5347
-5010
-3887
-3544
-2419
-1530
-1492
-955
-1350
-754
-848
-488
-176
-528
522
691
1602
2414
3092
4343
5063
6080
6992
7564
7989
7887
7692
7319
6954
6093
4967
3690
2316
1600
610
-52
-634
-1041
-708
-711
621
1075
2242
3638
4035
6073
6710
7197
8242
6351
5615
4997
2266
2254
-749
-3061
-4354
-6907
-6788
-7066
-7692
-6646
-6595
-6250
-5180
-3938
-3935
-2721
-3762
-4582
-3975
-5693
-4778
-6338
-7442
-6823
-7683
-6185
-4924
-4290
-2208
-1100
673
2906
4714
6251
7168
7389
7207
7509
6611
5915
4202
1721
663
-1587
-2778
-3646
-5946
-5833
-7199
-7152
-6249
-6570
-4771
-4762
-3964
-2839
-2184
-1073
-658
-427
-628
-12
-128
110
391
-304
747
679
1537
2556
2624
4024
4408
5185
6524
6827
7434
7378
6990
6770
6456
5636
4814
3436
2267
1619
457
-9
-590
-1137
-774
-664
263
1169
2294
3305
4016
5803
6432
8011
8021
7748
6077
5346
3763
2220
657
-2444
-3959
-6316
-7096
-6920
-8142
-6944
-7049
-6736
-5394
-4661
-3365
-3436
-3111
-4526
-4169
-4890
-4943
-5545
-6947
-6758
-7038
-6249
-4589
-3814
-1966
-453
1066
3307
5107
6875
7721
8149
7821
7645
7140
6089
4529
2355
712
-1139
-2590
-3629
-5436
-6016
-6751
-7315
-6190
-6628
-4979
-4887
-4444
-2960
-2836
-1428
-865
-955
-500
-536
-87
-26
116
20
223
737
1007
2119
2089
3106
3505
4016
5347
5595
6283
6406
5808
6017
5427
5218
4247
3066
2119
1123
278
-167
-906
-1429
-1073
-1205
-292
865
1543
3216
4063
5290
7247
7840
8824
9149
7144
6764
5636
2840
3031
-1048
-2732
-4617
-6860
-6329
-7352
-7277
-6517
-6639
-5851
-4535
-3572
-3605
-2431
-4395
-4260
-4301
-5723
-4762
-6998
-7190
-6865
-7303
-5233
-4324
-3224
-1159
29
2093
4399
5968
7261
8049
7692
7591
7559
6210
5391
2953
916
-707
-2536
-3524
-4926
-6271
-6894
-7208
-7371
-6270
-5884
-5341
-4374
-4317
-2907
-2269
-1832
-803
-1840
-871
-918
-805
-118
-527
-199
63
562
1383
2025
2444
3143
3630
4179
5282
5620
5838
5983
5109
5433
4913
4225
3743
2265
1578
901
-83
-167
-773
-1313
-485
-875
429
1318
2629
3726
4906
6494
7756
9277
9224
10075
7655
7537
6130
3417
3125
-1049
-2391
-4522
-6515
-5304
-7586
-6193
-6603
-6358
-5271
-4542
-3183
-3843
-2752
-4923
-4485
-4980
-5969
-5466
-7683
-7222
-7304
-7385
-4850
-4720
-2895
-1178
-115
2530
4161
6110
6797
7471
7082
6992
6598
5311
4263
1670
-138
-1398
-3590
-4007
-5384
-6923
-6787
-7752
-6873
-6496
-6062
-5000
-5064
-4271
-2961
-2642
-1600
-1341
-1204
-883
-330
-44
485
322
509
1279
1016
2249
2489
2657
3512
3551
4350
5125
5075
5609
5167
4815
4837
4344
3798
3134
1867
1224
448
-262
-505
-949
-1242
-1029
-315
55
1901
2547
4108
5461
6517
8482
9431
9790
10610
8474
8120
6755
4281
3725
19
-1737
-3802
-5972
-5688
-6880
-7077
-6362
-6931
-5726
-5199
-3905
-4279
-3380
-4862
-5145
-5051
-6480
-5535
-7577
-7578
-7384
-7800
-5640
-4791
-3448
-1284
-135
2317
4146
6049
7132
7802
7637
7383
7167
5747
4886
2350
476
-852
-2685
-3423
-4656
-5755
-6229
-6485
-6059
-5894
-5051
-5086
-4400
-4060
-3514
-2039
-2349
-1264
-1453
-1181
-209
-152
832
569
805
1245
1252
1929
2176
2433
2461
2835
3011
3565
4179
4033
4298
3877
3738
3999
3276
3136
2336
1332
1362
249
155
-114
-550
-228
-52
700
1841
2961
4131
5385
6938
7875
10169
9827
10850
10447
7835
9035
4840
4726
2289
-1293
-1785
-5578
-5248
-6237
-7218
-6171
-7210
-5869
-6080
-4169
-4650
-4116
-3792
-5960
-4284
-6437
-5673
-6297
-8065
-6933
-7934
-6509
-4933
-4496
-2331
-1282
768
2734
4715
5971
6705
7355
6353
6839
5600
4595
3087
577
-475
-2230
-3386
-3964
-5529
-6120
-6190
-6276
-5559
-5186
-4814
-4399
-3824
-3119
-2047
-1730
-1066
-818
-693
-49
521
884
1187
903
1161
1563
1614
2361
2034
2277
2583
2645
3318
3439
3514
3878
3357
3608
3485
3217
2858
2298
1603
1158
840
165
-54
-414
-648
-165
423
789
2546
2971
5044
6306
7198
9580
9795
10486
11608
9154
9147
7440
4776
4379
412
-868
-3356
-5597
-5758
-6925
-7285
-6859
-6934
-6951
-5947
-5010
-5459
-3744
-5640
-5567
-5553
-7187
-5707
-7943
-7545
-7599
-7834
-6006
-5130
-3777
-1881
-296
1339
3489
5343
6256
7226
7054
6858
6770
5443
4854
2593
903
-342
-2261
-3161
-4222
-5363
-5755
-6211
-5752
-5627
-4850
-4246
-3755
-2881
-2406
-1130
-1061
-294
5
95
767
860
1267
1278
1056
1487
1183
1407
1523
1469
1694
1650
1945
2297
2521
2759
2899
2847
2867
2755
2460
1961
1436
758
369
-470
-869
-1065
-1431
-904
-736
12
1556
2269
4158
5631
6806
8766
9831
10674
11342
11118
9231
9339
5956
5145
3302
-602
-1085
-4883
-5581
-5801
-7784
-6513
-7194
-6922
-6377
-5440
-5002
-4580
-4033
-5982
-4837
-6569
-6092
-6148
-8157
-6952
-7930
-7301
-5306
-4965
-2841
-1270
201
2345
4244
5909
6955
7664
6850
7185
6068
5156
4123
1389
296
-1555
-2911
-3430
-4622
-5555
-5356
-6079
-5298
-4726
-4790
-3432
-3934
-2814
-1780
-1808
-108
-479
67
727
637
1618
1342
1590
1422
1572
1207
1551
1335
1099
1590
818
1569
1692
1635
2595
1989
2284
2537
1959
2160
1640
909
842
-361
-504
-1073
-1457
-1285
-1268
-658
44
1956
2584
5219
6250
7859
10292
10576
12720
12052
12623
10875
9089
8203
4478
4279
-280
-1731
-4314
-7248
-5650
-8873
-7305
-7765
-8019
-6576
-6791
-4746
-5430
-4260
-5733
-6132
-6361
-7481
-6595
-8581
-8353
-8216
-8375
-5573
-4927
-2729
-517
895
3636
5315
7577
8410
9018
8664
7763
7313
5728
4582
2107
55
-1399
-3020
-3804
-4592
-5492
-5755
-5638
-5517
-4319
-4016
-3268
-2785
-2963
-1821
-1520
-705
-352
-551
-95
28
740
938
1396
1170
1477
1665
1579
2274
1927
2171
1925
1651
2176
2068
2257
2009
1465
1279
979
818
300
-327
-952
-1553
-1720
-2116
-1829
-1741
-1514
-846
-39
1662
2979
4832
6453
7490
9862
10632
12416
12856
12603
13096
9693
10163
6724
5192
3524
-722
-1358
-5265
-5388
-6131
-7759
-6352
-7866
-6651
-6914
-5919
-5387
-5912
-5017
-7684
-6668
-8110
-7995
-7782
-9433
-8090
-8624
-6794
-4555
-3704
-751
734
2947
5351
7056
8855
9181
9662
8503
7903
6829
5034
3466
491
-919
-2767
-4004
-4191
-5657
-5641
-5727
-5833
-4552
-4612
-3573
-3370
-3298
-2476
-2513
-1666
-1378
-1267
-1087
-718
36
287
1127
1064
1329
1909
1773
2439
2169
2277
2434
1861
2123
1975
1765
1725
1110
820
282
146
-470
-712
-1417
-1819
-1768
-2346
-1698
-1859
-1187
-729
106
1331
2568
4238
5874
7443
8863
10563
11794
13060
13507
13602
13058
10606
10286
6899
5303
3274
-776
-1820
-5459
-5708
-6763
-7703
-7229
-7965
-7422
-7463
-6445
-6593
-6701
-6834
-8989
-8372
-9554
-9282
-8858
-9742
-8552
-8140
-6172
-3784
-1944
865
2605
4911
6757
8657
9972
10130
10469
8719
7946
6553
4590
3079
255
-1365
-3255
-4175
-4857
-5335
-5633
-5779
-5543
-5296
-4718
-4110
-4003
-3765
-3894
-3880
-3301
-3065
-2660
-2439
-2076
-1249
-571
578
1186
1696
2443
2324
2905
2827
3027
2833
2132
1700
1159
915
549
254
-399
-937
-1198
-1541
-1624
-1907
-2002
-2120
-2236
-1814
-1612
-857
-441
385
1435
2630
4478
6142
7824
9604
11107
12409
14494
14191
15470
14916
12210
12512
8564
7350
5210
671
-242
-4571
-5594
-6409
-8242
-8114
-8762
-8733
-9464
-7965
-8813
-8452
-8296
-10861
-9750
-11339
-10826
-9788
-11085
-9269
-8853
-7188
-4130
-2228
606
3029
5272
6931
9210
10364
10798
11250
9307
8624
6989
5203
3936
1098
-593
-2333
-3648
-4314
-4762
-5358
-5503
-5281
-5555
-4630
-4521
-4347
-4100
-4742
-4240
-4091
-3763
-3249
-3353
-2724
-1789
-825
596
1603
2270
3332
3607
4025
4421
4062
3929
2956
2110
1648
719
267
-402
-1282
-1534
-1726
-1902
-1824
-2086
-2028
-1757
-1842
-1417
-1213
-945
-382
237
990
2583
3437
5428
6802
8499
10585
11975
13876
14672
15560
15801
15463
13258
12256
9112
6506
4513
-114
-1898
-5462
-7688
-7959
-10469
-9664
-10191
-10352
-9947
-9789
-9266
-9410
-8793
-10772
-10220
-11189
-11087
-9837
-10616
-8850
-7865
-6182
-2956
-865
2165
5096
7018
9105
10738
11776
12153
12033
10269
8842
7029
4744
3250
291
-1514
-3048
-4751
-5120
-5798
-6150
-5794
-6043
-5675
-5613
-5267
-4733
-4879
-4758
-5026
-4784
-4365
-4115
-3265
-2697
-1470
-312
820
2128
2974
4376
4484
4936
4686
4340
4090
2850
2218
1065
179
-325
-1057
-1299
-1647
-1631
-1723
-1794
-1627
-1633
-1122
-1458
-1117
-1077
-808
133
567
1571
3101
4074
6193
7862
9401
11817
12860
14870
15345
16277
16337
15705
14121
11212
9690
5585
3670
438
-3655
-5090
-8805
-8931
-10379
-10851
-9828
-10801
-9853
-10432
-9435
-9690
-9435
-10027
-11681
-10944
-11753
-10464
-9678
-9103
-6844
-5304
-2293
728
3524
6811
8795
10671
11672
12783
12991
12301
11190
8638
6727
4631
2413
507
-1637
-3245
-4628
-5558
-6004
-5959
-6052
-5919
-6034
-6278
-5961
-5884
-5757
-5988
-6179
-6159
-5553
-4995
-3938
-2674
-1772
-112
1116
2451
3936
4759
5264
5159
4710
4329
3760
2762
1759
702
-319
-775
-1218
-1584
-1490
-1777
-1723
-1587
-1715
-1372
-1267
-1343
-1366
-1138
-898
-125
646
1389
3207
4097
6325
8073
9832
11981
13315
14777
15351
16458
15760
15807
13948
10352
9402
4391
3023
-114
-4393
-5210
-9573
-9322
-10450
-10959
-9985
-10732
-10132
-11041
-9776
-10593
-10251
-10445
-12703
-11490
-12713
-11137
-9777
-9326
-6299
-4922
-1658
1581
4389
7612
9630
11354
11876
12916
12647
11847
10861
8054
6186
3915
1873
371
-1645
-3016
-4283
-5177
-5634
-5534
-5814
-5966
-6076
-6929
-6588
-6743
-6789
-6593
-7166
-6760
-6216
-5248
-3849
-2433
-1175
433
1792
3134
4593
5131
5455
5352
4394
4187
3452
2585
1857
455
-39
-613
-774
-854
-846
-1192
-1184
-1323
-1377
-1191
-1528
-1345
-1773
-1600
-1191
-482
464
1403
2812
4120
5918
7764
9603
11484
12475
14203
14239
15214
15156
14087
13937
9958
8616
5389
2265
1081
-3189
-4725
-7484
-9298
-9277
-10568
-9861
-10326
-10153
-10893
-10813
-10356
-11415
-10393
-12339
-12388
-11913
-11796
-9170
-8174
-5821
-3432
-1146
2129
4985
7688
9733
11187
11541
11761
11775
10729
10075
8119
5902
4182
2264
991
-367
-1741
-2961
-3900
-4832
-5106
-5469
-5998
-6027
-6981
-7329
-7302
-7437
-6908
-6809
-6568
-5850
-4820
-3426
-1902
-560
656
1816
2748
3795
4558
4706
4758
3937
3152
2763
1954
1506
712
-44
-531
-851
-1002
-1038
-1257
-1572
-1690
-2180
-2333
-2310
-2649
-2378
-2264
-1973
-757
-91
1529
2790
4134
6076
7172
9229
10261
11434
12488
12744
13502
13145
13349
12759
11432
10881
7495
6281
3677
1029
18
-3832
-4916
-7471
-9055
-9041
-10413
-9834
-10284
-10420
-10712
-10833
-10102
-10733
-9481
-10518
-9909
-8831
-8210
-5338
-4295
-1723
492
2383
5235
6985
8853
10048
10579
10301
9826
9338
7987
7160
5040
3156
1629
-236
-919
-2496
-3318
-4424
-5346
-5882
-6291
-6329
-6924
-6713
-7620
-7604
-7301
-7408
-6171
-6287
-5269
-4326
-3557
-1427
-507
986
2244
2930
3888
4294
4553
4550
4145
3264
2555
1745
1006
794
-179
-485
-801
-1392
-939
-1338
-1280
-1203
-1653
-1545
-1635
-1465
-1046
-801
-274
392
1369
2324
3654
4695
5918
7076
8011
9020
9659
10605
10764
11484
11307
11094
11578
10565
10016
9235
6406
5228
2748
256
-885
-4062
-5617
-7387
-9465
-9395
-10117
-10185
-9660
-9919
-9962
-9697
-9103
-9187
-7864
-8252
-7759
-6458
-6107
-3479
-2281
-356
1587
2720
4435
5837
6963
7784
8174
7427
6799
6217
4954
4290
3055
1328
311
-1141
-2078
-2563
-3409
-3862
-4516
-5338
-5503
-5586
-5676
-5356
-5772
-5929
-5561
-5564
-4619
-4115
-3320
-2473
-1601
-70
822
2233
3155
3627
3905
3888
3756
3166
2564
1413
494
-522
-1079
-1355
-1876
-1805
-1796
-1933
-1484
-1367
-1265
-781
-1070
-874
-809
-740
-276
-4
640
1111
2052
2886
3732
4959
5365
6812
7056
7457
8677
7999
9165
8960
9031
9452
9106
9422
8949
8140
7509
5558
3496
1869
-772
-2247
-4535
-6583
-8084
-9403
-9396
-9487
-9061
-8327
-8022
-7389
-7267
-6186
-6166
-5202
-5092
-5449
-4523
-4392
-2869
-1888
-815
417
1239
2497
3592
4345
5238
5327
5039
4580
3846
3356
2395
1607
188
-838
-1778
-2579
-3110
-3671
-4018
-4261
-4461
-4600
-4503
-4500
-4078
-4044
-4012
-3611
-3395
-2583
-1843
-1007
-201
816
1619
2410
3032
3282
3236
2757
2161
1174
481
-570
-1347
-2193
-2678
-2645
-2715
-2325
-1919
-1521
-1072
-697
-391
-259
-124
-402
-370
-402
-268
210
499
1062
1771
2545
3442
4469
4838
5809
6024
6250
6661
6544
6949
6697
7103
6721
6939
7233
6751
7513
6462
6163
5554
3585
2257
385
-1613
-2684
-4219
-5839
-6283
-7368
-7294
-6538
-6624
-5343
-4729
-4733
-4288
-4442
-4411
-4010
-4120
-4695
-4267
-4504
-3585
-2425
-1800
-237
608
1422
2600
3102
3705
4210
3661
3002
2255
1333
589
-32
-1157
-1856
-2320
-2889
-2734
-2942
-2832
-2558
-2688
-2757
-2688
-2787
-2517
-2118
-2304
-1904
-1528
-1094
-100
350
1126
1724
1850
2242
2146
1880
1681
782
-62
-780
-1571
-1769
-2182
-2376
-2320
-2168
-1708
-1213
-921
-488
-316
-471
-512
-540
-654
-399
-503
-433
151
553
1635
2325
2959
3483
3983
4211
4459
4630
4388
4445
4124
3941
4386
4437
4808
5628
5376
6425
6564
6775
7412
6485
6510
5411
4071
2420
1050
-421
-1588
-2369
-3855
-4028
-4670
-4620
-3925
-4364
-3520
-3714
-4087
-4344
-5044
-5195
-5620
-5785
-6579
-6198
-5981
-4996
-3473
-2436
-901
235
1153
2104
2586
2854
3046
2449
1697
1037
484
54
175
-276
-245
-133
-417
-67
-355
-309
-489
-926
-1478
-2092
-2345
-2355
-2207
-2012
-1825
-1377
-890
-409
320
600
740
723
49
-347
-867
-1321
-1551
-2013
-2204
-2181
-1950
-1611
-1098
-724
-334
-91
-212
-214
-248
-415
-420
-557
-605
-220
74
618
1210
1643
2169
2533
2592
2743
2580
2496
2049
1832
1466
1495
1808
2060
2826
3299
4310
5042
6042
6536
7262
7663
7290
7976
6912
6799
6333
4925
4040
2289
1337
144
-265
-1644
-1978
-2987
-3792
-3540
-4614
-4414
-4735
-5835
-6225
-7375
-7830
-7819
-7601
-7717
-7051
-6529
-5649
-3901
-2852
-1203
-93
524
1405
1575
1911
2418
2378
2143
2008
1640
1573
1998
1926
1967
1948
1250
1046
382
-150
-540
-1153
-1746
-2212
-2483
-2643
-1893
-1620
-1285
-582
-1007
-502
-550
-886
-529
-1145
-1335
-1674
-2188
-2016
-1784
-1352
-979
-530
-501
-233
25
-123
177
-120
-533
-686
-1200
-1080
-898
-723
-131
0
315
603
728
1022
911
794
261
-91
-515
-626
-485
-313
100
406
1312
1856
2905
3948
4395
5436
5489
6166
6405
6879
7486
7600
7926
7695
7773
7457
7123
6835
5141
3876
2203
-30
-594
-2822
-3643
-4962
-6251
-6475
-7129
-7077
-6746
-6863
-6977
-7276
-7487
-7519
-6826
-6746
-6234
-5387
-5004
-3256
-2109
-432
1183
2200
3082
3521
3785
4080
4462
4102
3842
3159
2463
2253
1884
1744
1593
1027
520
-295
-853
-1504
-1719
-2258
-2800
-3176
-3703
-3513
-3420
-2916
-2560
-2359
-2016
-2092
-1786
-1640
-1373
-1265
-1413
-1294
-1470
-1102
-853
-492
-299
-191
-158
-283
-146
-258
-181
-398
-567
-662
-838
-615
-581
-451
-223
-416
-335
-484
-429
-474
-506
-517
-636
-432
-204
337
830
1515
2190
2718
3739
4265
5248
5910
6258
6865
6787
7337
7476
7682
7942
7900
7818
7698
7321
6718
6091
5047
3268
1461
-405
-2365
-3349
-5020
-6009
-6888
-7821
-7679
-7892
-7621
-6858
-6924
-6579
-6873
-6810
-6638
-5784
-5141
-4337
-3087
-2353
-608
703
2237
3634
4423
4921
4961
4606
4439
4147
3645
3266
2534
1934
1562
1436
1138
963
389
-324
-1103
-2053
-2722
-3338
-3655
-3870
-3950
-3832
-3388
-2794
-2158
-1422
-981
-650
-616
-796
-1118
-1313
-1447
-1507
-1362
-1250
-824
-354
104
688
870
968
768
279
-166
-928
-1457
-1990
-2423
-2743
-2864
-2701
-2351
-1759
-1338
-827
-494
-187
174
340
695
872
1110
1371
1620
2094
2564
3232
3843
4398
5077
5389
5844
6174
6279
6530
6660
6622
6747
6539
6598
6539
6316
6233
5370
4767
3483
2321
454
-1279
-2669
-4379
-4769
-5908
-6339
-6393
-6682
-5786
-5665
-4889
-4307
-4291
-3888
-4264
-3996
-3852
-3085
-2541
-1795
-811
-22
1285
2308
3091
3639
3675
3514
3202
2557
2188
1530
1070
631
167
-138
-251
-432
-821
-1170
-1986
-2611
-3215
-3673
-3942
-4038
-3876
-3488
-2822
-2039
-1146
-542
-11
220
157
18
-411
-874
-1345
-1638
-1774
-1607
-1174
-686
-159
245
466
433
227
-375
-1082
-1983
-2868
-3399
-3848
-3706
-3420
-2796
-1829
-920
38
932
1491
1824
2102
2024
1951
1825
1584
1618
1720
1944
2502
2913
3666
4177
4544
4967
5103
5235
5043
4779
4072
3591
3413
2944
3365
3301
3458
3842
3724
4160
3726
3582
2801
1688
461
-845
-1902
-2733
-2775
-3328
-3387
-3316
-3409
-2692
-2450
-1850
-1800
-1869
-1995
-2576
-2545
-2596
-2188
-1890
-1360
-812
-368
457
909
1032
1080
647
53
-461
-974
-1339
-1656
-1684
-1851
-1572
-1326
-1031
-914
-1070
-1184
-1722
-2003
-2360
-2631
-2734
-2598
-2419
-2025
-1340
-805
-192
158
270
107
-245
-656
-1253
-1752
-2218
-2410
-2531
-2235
-1821
-1476
-824
-653
-396
-342
-632
-973
-1507
-2036
-2198
-2241
-1950
-1225
-709
342
1208
1899
2735
3056
3217
3226
2913
2552
2279
1914
1724
1658
1614
1793
1960
1888
2014
1748
1584
1511
1198
1241
1202
1295
1367
1758
2070
2664
3473
3806
4749
4769
5140
5335
4828
5065
4099
3638
2713
1804
1282
722
794
313
408
-131
-548
-652
-1505
-1647
-2420
-3160
-3622
-4477
-4732
-4929
-4910
-4638
-4093
-3548
-2773
-2053
-1723
-1477
-1510
-1734
-1808
-1768
-1678
-1174
-885
-391
64
368
821
1023
1147
1092
833
306
-227
-812
-1283
-1460
-1569
-1443
-1233
-1065
-926
-912
-1243
-1694
-2367
-3113
-3483
-4036
-4144
-4049
-3920
-3200
-2451
-1547
-455
245
874
1222
1168
1125
743
439
324
315
679
1225
1856
2571
3154
3576
3604
3419
2868
2141
1400
494
-119
-745
-1071
-1202
-1249
-1063
-989
-883
-855
-853
-855
-871
-741
-659
-357
92
720
1531
2371
3316
4043
4781
5293
5652
6016
6215
6503
6668
6836
6943
6923
6799
6403
5783
4805
3624
2259
870
-407
-1483
-2333
-2868
-3183
-3313
-3294
-3285
-3301
-3399
-3601
-3971
-4334
-4700
-4993
-5006
-4927
-4531
-3955
-3306
-2491
-1818
-1172
-630
-309
-69
76
63
80
20
-160
-215
-354
-442
-441
-548
-609
-681
-931
-1118
-1393
-1790
-1949
-2202
-2270
-2191
-1996
-1724
-1359
-996
-723
-362
-242
-43
95
206
459
709
1021
1383
1767
2087
2459
2607
2642
2601
2287
1939
1425
868
346
-143
-611
-983
-1303
-1564
-1718
-1838
-1924
-2011
-2096
-2199
-2279
-2358
-2481
-2497
-2486
-2394
-2070
-1695
-1141
-435
200
970
1660
2247
2847
3264
3601
3852
3967
3980
4062
3986
3923
3844
3603
3431
3158
2827
2515
2143
1707
1330
876
500
208
-59
-270
-405
-555
-695
-754
-913
-897
-877
-814
-638
-522
-265
33
361
764
1118
1379
1626
1789
1825
1787
1583
1257
886
384
-106
-598
-1059
-1438
-1774
-2044
-2266
-2421
-2632
-2755
-2930
-3113
-3263
-3453
-3579
-3616
-3626
-3499
-3291
-3040
-2683
-2296
-1796
-1303
-781
-284
134
510
744
917
959
992
998
903
856
736
679
562
438
305
155
82
-116
-245
-447
-582
-704
-872
-972
-1091
-1104
-1118
-1031
-977
-853
-679
-453
-140
235
633
1052
1466
1846
2235
2548
2821
2985
3075
3050
2966
2812
2595
2345
2039
1781
1505
1342
1201
1112
1017
915
866
817
770
664
474
235
-22
-306
-461
-598
-631
-616
-500
-296
-62
277
527
791
961
1059
1111
1078
1020
871
725
558
460
399
354
280
112
-127
-437
-778
-1138
-1557
-1991
-2421
-2775
-3001
-3169
-3291
-3388
-3425
-3404
-3384
-3325
-3240
-3162
-3047
-2933
-2716
-2505
-2241
-1943
-1681
-1389
-1128
-894
-679
-478
-388
-283
-280
-297
-279
-254
-167
-49
99
187
320
355
392
380
279
262
181
170
163
168
235
328
514
674
919
1128
1383
1700
1939
2241
2485
2676
2803
2837
2782
2689
2533
2369
2163
1924
1692
1418
1184
970
808
644
514
357
215
32
-86
-319
-424
-634
-798
-952
-1323
-1343
-1644
-1550
-1358
-1196
-599
-252
392
887
1173
1519
1390
1452
1308
1344
1443
1502
1718
1803
1995
2054
2050
2003
1752
1437
1028
623
370
72
-33
-158
-163
-162
-237
-304
-603
-827
-1175
-1426
-1636
-1823
-1773
-1707
-1447
-1219
-1080
-982
-986
-1086
-1359
-1600
-1854
-2019
-2090
-2140
-1954
-1832
-1657
-1428
-1430
-1308
-1421
-1564
-1739
-2070
-2233
-2500
-2525
-2476
-2309
-1904
-1442
-871
-401
-45
193
298
422
412
431
443
527
817
1079
1420
1596
1731
1883
1900
1856
1773
1626
1539
1370
1274
1192
1032
1053
1001
1103
1179
1106
1126
852
632
344
24
7
-64
135
364
727
1030
1293
1598
1694
2003
1984
2178
2160
2193
2268
2183
2258
2192
2293
2322
2414
2529
2483
2509
2324
2102
1953
1590
1502
1206
1073
977
701
654
344
256
28
-117
-286
-610
-824
-1308
-1579
-1823
-2073
-2050
-2285
-2320
-2377
-2488
-2493
-2734
-2872
-3039
-3122
-3172
-3152
-3184
-3175
-3175
-3144
-3075
-2988
-2940
-2921
-2915
-2991
-2988
-3064
-2979
-2901
-2610
-2231
-1783
-1239
-851
-454
-253
-173
-103
-104
-15
86
119
289
386
646
897
1211
1554
1800
2049
2039
2019
1866
1639
1425
1161
944
845
711
739
674
663
632
499
492
372
399
367
399
462
506
650
808
985
1273
1495
1784
2087
2247
2526
2588
2654
2694
2577
2658
2606
2622
2711
2583
2628
2385
2172
1881
1384
1133
696
562
484
322
443
332
380
471
340
483
236
143
-67
-476
-661
-1136
-1328
-1539
-1629
-1453
-1438
-1217
-1286
-1549
-1753
-2272
-2480
-2651
-2778
-2564
-2567
-2408
-2349
-2427
-2384
-2501
-2537
-2610
-2721
-2823
-2924
-2931
-2909
-2685
-2343
-1809
-1142
-580
-88
120
116
-37
-222
-302
-277
-91
141
429
706
892
1054
1111
1220
1270
1154
1091
785
579
334
41
27
-90
64
266
355
507
288
-2
-389
-850
-1127
-1357
-1383
-1268
-1024
-679
-309
44
316
507
627
676
671
598
591
625
794
1104
1437
1883
2219
2522
2689
2647
2553
2283
2043
1840
1606
1584
1438
1497
1542
1601
1744
1723
1785
1694
1606
1478
1322
1226
1110
1079
1081
1116
1188
1219
1275
1239
1201
1091
942
783
543
373
129
-24
-202
-409
-569
-842
-1083
-1409
-1770
-2084
-2454
-2658
-2851
-2921
-2962
-2961
-2849
-2768
-2577
-2475
-2337
-2271
-2239
-2248
-2241
-2255
-2208
-2098
-1965
-1684
-1469
-1136
-923
-684
-503
-395
-233
-192
-53
-14
41
57
-5
-21
-85
-77
-102
-196
-238
-445
-530
-699
-835
-795
-857
-621
-463
-192
158
245
456
362
281
250
61
154
107
280
522
767
1139
1397
1726
1968
2205
2366
2415
2363
2221
2056
1948
1826
1800
1753
1690
1655
1559
1510
1416
1345
1283
1225
1168
1106
1071
1060
1016
952
884
812
767
692
660
612
528
455
356
290
254
221
241
215
148
84
-91
-225
-450
-655
-833
-1074
-1192
-1383
-1461
-1503
-1578
-1555
-1666
-1659
-1655
-1603
-1432
-1368
-1145
-1013
-840
-724
-667
-580
-586
-476
-479
-404
-323
-288
-127
-99
15
82
73
168
92
102
4
-166
-267
-475
-512
-569
-589
-518
-579
-516
-539
-559
-544
-656
-634
-674
-655
-582
-542
-394
-298
-175
-44
18
164
232
308
391
387
458
450
525
644
780
959
1030
1094
1031
926
838
670
589
497
465
515
544
684
772
856
948
996
1091
1081
1046
913
721
558
391
364
376
466
565
653
754
763
758
658
544
451
348
297
232
204
161
113
77
-1
-97
-223
-392
-545
-726
-882
-942
-996
-899
-874
-794
-732
-786
-755
-826
-775
-731
-718
-622
-626
-524
-411
-307
-134
-127
-60
-115
-189
-218
-355
-419
-594
-727
-795
-849
-729
-672
-567
-544
-614
-633
-750
-769
-810
-839
-859
-877
-846
-740
-592
-402
-200
-66
16
30
21
12
8
50
101
199
330
410
508
500
481
430
345
322
272
279
271
291
317
348
410
493
652
798
912
973
943
889
806
766
760
792
894
998
1155
1274
1370
1389
1334
1236
1097
984
822
659
441
221
51
-46
-37
20
84
85
39
-96
-275
-445
-609
-730
-812
-857
-844
-807
-738
-659
-645
-654
-689
-765
-793
-826
-850
-851
-854
-776
-678
-558
-459
-409
-359
-357
-351
-376
-443
-493
-598
-625
-645
-639
-575
-550
-486
-457
-451
-463
-576
-695
-849
-970
-1017
-1044
-978
-863
-650
-385
-114
124
317
442
497
491
414
312
162
56
-30
-22
78
199
347
420
467
450
359
236
59
-87
-192
-272
-245
-172
-28
154
328
520
651
749
793
793
777
729
711
709
792
965
1187
1463
1687
1881
1964
1930
1805
1584
1311
999
737
522
392
302
277
273
269
256
195
122
-18
-180
-368
-537
-650
-703
-662
-548
-372
-196
-38
55
58
-4
-146
-310
-488
-649
-759
-819
-804
-730
-628
-519
-425
-376
-385
-450
-578
-719
-853
-950
-1000
-999
-913
-791
-628
-475
-364
-308
-333
-393
-467
-547
-588
-614
-560
-446
-254
-11
236
462
610
709
738
708
612
479
315
183
91
71
80
112
162
158
122
30
-110
-273
-467
-645
-772
-851
-867
-839
-754
-638
-532
-451
-402
-368
-380
-383
-361
-330
-229
-73
142
409
645
865
1015
1131
1202
1196
1171
1081
1002
932
887
899
909
944
942
934
904
833
738
582
429
259
124
52
28
95
183
300
427
518
585
599
577
523
450
357
279
232
212
240
276
316
350
317
261
154
17
-147
-340
-505
-647
-710
-736
-725
-684
-664
-630
-623
-640
-669
-733
-775
-793
-782
-727
-644
-524
-399
-242
-109
-13
56
61
70
37
7
-9
-26
-7
8
36
51
42
6
-49
-127
-228
-364
-534
-670
-777
-832
-840
-821
-783
-733
-651
-571
-511
-478
-491
-492
-479
-426
-334
-217
-68
85
259
417
558
668
731
771
774
781
783
775
781
781
759
716
663
606
538
464
376
289
208
151
115
103
107
121
147
170
220
256
284
295
297
295
300
299
322
353
383
424
431
458
451
419
348
242
126
-18
-153
-296
-425
-547
-659
-761
-856
-930
-985
-1024
-1047
-1071
-1077
-1070
-1056
-1013
-952
-852
-745
-611
-465
-309
-144
0
135
246
343
428
487
529
565
582
592
590
567
527
482
413
340
261
171
68
-45
-151
-252
-330
-405
-467
-509
-526
-539
-537
-528
-512
-468
-436
-373
-290
-196
-79
37
164
268
373
463
542
590
601
599
561
526
478
437
392
368
343
340
335
301
259
187
137
60
-4
-55
-116
-157
-197
-204
-178
-128
-59
12
94
175
259
333
380
412
409
400
381
353
326
282
235
179
99
26
-66
-173
-286
-417
-526
-635
-736
-824
-899
-967
-1019
-1046
-1059
-1064
-1068
-1065
-1046
-1006
-947
-860
-771
-659
-526
-377
-224
-83
69
191
324
452
569
683
764
830
876
900
892
845
753
625
487
350
218
117
39
1
-14
-18
7
9
7
-21
-72
-146
-212
-258
-293
-295
-276
-230
-152
-55
50
145
207
239
237
205
153
106
68
52
50
67
86
97
98
79
48
-13
-77
-146
-201
-233
-229
-174
-101
6
125
245
368
463
529
568
598
636
679
740
818
903
993
1078
1138
1166
1151
1087
983
853
698
546
413
291
194
112
46
-6
-75
-159
-263
-381
-502
-632
-743
-845
-911
-943
-933
-874
-813
-733
-679
-640
-614
-610
-607
-615
-607
-595
-553
-504
-446
-384
-342
-307
-300
-306
-323
-349
-368
-398
-421
-431
-430
-415
-402
-379
-353
-325
-292
-250
-196
-131
-43
49
155
272
375
474
556
614
667
709
737
765
783
800
816
820
829
806
766
709
619
528
422
317
207
105
14
-70
-126
-177
-207
-233
-245
-252
-257
-253
-262
-256
-234
-201
-146
-85
-17
59
125
190
237
276
299
321
343
355
369
367
361
357
340
314
283
236
183
122
51
-8
-63
-100
-124
-140
-140
-134
-128
-123
-111
-99
-76
-49
-29
0
27
57
86
110
135
137
130
113
75
28
-33
-100
-175
-236
-288
-340
-385
-429
-461
-496
-534
-569
-619
-667
-715
-749
-773
-776
-754
-707
-633
-546
-452
-361
-268
-178
-90
-4
80
153
223
297
365
424
473
503
518
515
497
468
419
367
305
246
184
121
70
17
-24
-62
-89
-116
-146
-164
-170
-169
-164
-157
-138
-114
-80
-33
8
62
112
159
206
246
292
327
363
397
428
446
447
441
419
395
360
318
272
212
152
102
56
16
-11
-27
-25
-10
14
38
54
72
75
74
64
60
59
56
59
67
83
103
122
132
129
118
100
72
26
-31
-92
-152
-204
-259
-310
-368
-427
-477
-536
-588
-647
-701
-749
-785
-798
-794
-767
-737
-698
-637
-574
-506
-446
-394
-356
-334
-309
-292
-270
-244
-202
-154
-101
-43
12
55
78
87
78
60
39
14
-11
-23
-28
-21
-7
8
26
43
63
79
94
108
125
145
174
211
253
307
362
412
450
472
487
501
507
514
516
521
525
527
529
526
522
511
485
441
387
325
261
198
151
120
107
102
103
110
118
116
99
79
53
29
9
-5
-2
8
29
61
101
137
163
169
164
138
102
62
21
-22
-64
-102
-136
-153
-171
-191
-214
-248
-283
-330
-379
-429
-481
-523
-552
-560
-555
-542
-524
-500
-473
-449
-429
-417
-415
-415
-409
-393
-367
-332
-292
-249
-203
-167
-135
-115
-105
-100
-102
-113
-130
-137
-133
-116
-91
-58
-19
11
38
60
71
81
89
105
123
143
168
204
252
292
332
366
387
393
394
390
375
354
335
317
304
295
290
286
277
258
235
191
141
92
45
12
-12
-29
-28
-21
-10
3
15
32
55
75
91
103
114
140
167
198
237
272
306
336
360
372
374
363
347
337
323
313
307
300
288
268
248
227
198
163
123
79
30
-12
-48
-76
-100
-116
-129
-135
-140
-153
-171
-195
-216
-235
-249
-262
-272
-278
-283
-290
-296
-308
-331
-354
-386
-417
-447
-471
-480
-482
-490
-493
-490
-483
-469
-454
-445
-437
-428
-409
-379
-345
-305
-260
-212
-156
-95
-33
25
72
111
141
168
192
213
239
267
300
331
361
383
397
406
407
397
377
346
314
284
260
240
218
211
209
203
200
192
182
166
148
133
129
122
117
112
108
111
115
121
124
120
114
109
99
89
79
71
70
72
73
66
58
45
34
22
3
-17
-37
-49
-53
-54
-50
-43
-34
-19
0
18
24
16
1
-12
-24
-36
-49
-56
-57
-53
-46
-43
-40
-40
-52
-71
-97
-136
-179
-216
-249
-276
-302
-316
-317
-306
-297
-292
-287
-280
-277
-275
-276
-282
-283
-280
-262
-238
-212
-179
-141
-107
-67
-26
2
21
30
35
44
51
61
71
76
85
97
108
121
136
146
155
151
146
142
134
126
113
105
103
105
109
116
124
134
146
153
161
165
161
152
137
122
111
101
90
81
72
67
57
44
31
17
4
-8
-19
-30
-39
-50
-53
-55
-54
-49
-38
-26
-14
-2
11
28
38
45
53
58
61
60
58
59
60
64
70
74
76
74
66
56
40
21
-1
-29
-57
-83
-108
-125
-136
-143
-146
-153
-158
-164
-166
-166
-168
-171
-183
-192
-201
-203
-198
-194
-185
-170
-151
-134
-112
-92
-76
-67
-64
-62
-63
-65
-63
-58
-45
-26
0
37
73
106
136
159
175
188
199
204
207
212
220
233
249
263
277
293
306
313
313
306
286
261
233
201
170
139
112
84
63
43
29
13
-1
-19
-40
-59
-78
-93
-103
-109
-115
-116
-113
-104
-85
-69
-56
-41
-27
-14
-1
8
19
31
37
46
55
66
72
77
79
76
71
61
50
33
13
-17
-48
-74
-96
-110
-123
-130
-133
