-5
2
4
-2
-5
-2
-3
-5
-6
-4
-5
-5
-1
-1
-6
-9
-2
3
-4
-7
-4
-5
-8
-7
-4
-7
-11
-6
1
-2
-9
-5
-1
-2
-7
-8
-4
-5
-3
-1
-2
-4
-2
1
-2
-4
-2
1
3
5
8
5
2
4
7
7
3
3
5
7
8
8
4
2
4
6
2
-2
3
9
6
4
6
10
9
7
10
10
7
10
12
10
7
8
13
6
0
5
9
5
1
7
10
5
4
6
5
0
1
6
2
-4
0
6
2
-8
-7
-1
-1
-5
-4
-1
-5
-9
-7
-5
-7
-6
-2
-4
-8
-9
-5
-3
-5
-1
3
-1
-7
-3
3
1
-1
-2
-1
-4
-6
-5
-1
-4
-3
-1
1
1
0
2
-1
0
2
3
3
0
-5
-5
-2
-2
-7
-8
-6
-3
-5
-7
-7
-4
-1
-1
3
1
-2
-4
-6
-3
-5
-4
0
3
3
3
5
2
2
5
8
8
6
9
5
4
4
8
10
6
7
11
10
5
5
8
7
4
7
11
6
5
5
7
3
1
3
5
0
-1
3
6
4
5
6
5
4
3
4
6
5
6
6
4
2
4
7
6
5
6
6
4
6
7
11
11
11
10
8
8
8
7
6
6
6
6
3
2
1
1
0
2
3
0
0
2
1
0
-1
1
2
1
2
-1
-2
-1
-1
-2
-5
-5
-4
-3
-6
-6
-4
-4
-3
-1
-1
1
1
2
3
2
2
-1
-4
-4
-3
-3
-3
-3
0
-1
-4
-8
-9
-5
-4
-3
-2
-3
-6
-7
-8
-8
-5
0
2
1
1
-1
-1
0
-2
-1
2
3
2
0
-1
-1
0
-1
-4
-5
-5
-5
-4
-4
-5
-2
-2
-3
-5
-8
-4
-3
-2
-5
-7
-7
-6
-4
-4
-6
-8
-7
-5
-2
-2
-2
-3
-2
-1
-5
-7
-6
-5
-6
-7
-5
-6
-6
-7
-6
-2
-3
-3
-3
-3
-4
-3
-2
-5
-2
3
-1
-4
-6
-5
-4
-6
-4
0
-3
-6
-5
-3
-6
-10
-10
-7
-8
-10
-10
-7
-6
-4
5
6
3
0
0
-1
-2
4
11
13
11
5
3
1
-4
5
5
5
2
4
5
1
0
-1
1
-1
-4
-10
-21
-26
-26
-22
-23
-27
-28
-28
-33
-34
-28
-19
-11
-9
-5
-3
-3
-10
-16
-19
-19
-21
-22
-23
-26
-29
-28
-22
-17
-16
-10
-7
-3
-3
4
15
20
23
25
27
23
15
9
11
10
14
22
25
23
11
5
7
9
12
11
10
4
3
7
7
4
-6
-7
-6
-6
-8
-14
-2
11
29
35
45
69
71
78
76
75
71
72
79
70
52
28
21
20
23
23
24
31
31
43
36
29
13
6
6
-13
-12
-29
-35
-34
-28
-15
-15
-12
-9
4
8
22
49
61
67
62
67
61
50
56
62
64
46
46
36
29
10
-7
-2
-2
10
17
40
45
47
50
45
37
25
29
21
16
-5
-20
-39
-48
-52
-57
-51
-59
-54
-52
-52
-54
-65
-63
-65
-70
-76
-86
-88
-102
-102
-90
-74
-75
-70
-58
-43
-32
-28
-11
6
15
20
38
52
53
68
80
93
70
54
30
0
1
-16
-8
-17
-34
-39
-47
-40
-44
-33
-32
-38
-27
-17
-11
-8
3
15
24
32
48
72
77
92
77
82
67
35
3
-142
-193
-253
-211
-253
-281
-275
-291
-239
-225
-188
-201
-201
-223
-253
-283
-375
-432
-398
-307
-195
-100
44
139
264
324
431
530
610
703
750
781
762
769
789
834
873
859
891
884
873
802
703
611
489
396
274
199
78
12
-64
-103
-108
-147
-162
-205
-249
-286
-368
-396
-456
-457
-452
-420
-352
-317
-276
-296
-303
-361
-410
-470
-528
-570
-627
-659
-686
-705
-712
-718
-684
-649
-586
-524
-472
-410
-383
-355
-352
-339
-307
-275
-232
-199
-160
-101
-65
-3
88
150
208
250
280
285
309
329
348
364
362
397
439
482
532
597
667
720
805
890
1010
1117
1216
1311
1376
1465
1553
1646
1736
1794
1826
1880
1888
1861
1866
1826
1822
1807
1740
1715
1602
1482
1323
1065
831
511
167
-175
-619
-1035
-1476
-1855
-2200
-2569
-2853
-3167
-3416
-3599
-3765
-3836
-3926
-3932
-3865
-3810
-3623
-3433
-3138
-2826
-2531
-2178
-1837
-1396
-1025
-674
-351
-160
55
196
322
440
460
459
390
287
161
1
-112
-249
-369
-466
-585
-626
-663
-681
-632
-567
-452
-273
-79
173
415
646
896
1130
1391
1608
1800
1970
2116
2232
2319
2415
2436
2442
2416
2367
2333
2244
2198
2145
2067
2021
2020
2050
2125
2220
2313
2492
2572
2724
2867
2962
3157
3256
3345
3349
3235
3070
2813
2382
1797
1200
434
-356
-1209
-2334
-3265
-4191
-5064
-5725
-6440
-6910
-7208
-7426
-7434
-7318
-6976
-6482
-5859
-5217
-4448
-3522
-2603
-1555
-568
341
1247
2026
2752
3400
3814
4139
4277
4233
4103
3777
3373
2904
2293
1577
846
-30
-889
-1719
-2633
-3326
-3956
-4493
-4757
-4874
-4795
-4537
-4150
-3540
-2798
-2018
-1255
-484
252
938
1561
2036
2481
2805
2990
3134
3175
3120
3018
2822
2582
2301
1899
1515
1087
592
153
-313
-755
-1061
-1309
-1453
-1468
-1398
-1160
-825
-362
176
754
1383
2096
2798
3508
4152
4782
5341
5807
6264
6376
6650
6673
6431
6375
5730
5140
4466
3138
2088
744
-602
-1545
-3047
-4411
-5587
-6746
-7376
-7937
-8370
-8501
-8430
-8259
-8000
-7334
-6532
-5427
-4358
-3542
-2324
-1235
-56
1284
2099
3061
3853
4365
5069
5304
5401
5363
4927
4519
3874
3028
2222
1274
194
-989
-1987
-2927
-3754
-4531
-5352
-5774
-6104
-6019
-5621
-5109
-4368
-3631
-2751
-1688
-579
397
1219
1883
2263
2547
2709
2685
2674
2442
2008
1678
1307
1057
801
414
128
-238
-487
-638
-802
-979
-1212
-1356
-1446
-1286
-975
-763
-366
-55
363
959
1584
2356
2918
3506
4106
4632
5333
5822
6402
6811
6786
7139
6923
6731
6710
5969
5756
5092
4255
3711
2398
1473
304
-1053
-1795
-2931
-4126
-5281
-6299
-7072
-7668
-7966
-8400
-8407
-8165
-8231
-7736
-7040
-6086
-4874
-4235
-3154
-1979
-1065
196
1039
1789
2627
3102
3606
3907
4042
4012
3759
3395
2867
2275
1570
799
-80
-1205
-2206
-3026
-4013
-4787
-5621
-6298
-6329
-6306
-6015
-5376
-4614
-3617
-2555
-1485
-238
920
1813
2672
3167
3559
3977
3925
3953
3855
3377
3045
2639
2243
1853
1327
904
442
5
-335
-605
-827
-1013
-1014
-1000
-847
-509
-281
42
404
705
1167
1684
2186
2802
3350
3871
4546
5131
5759
6398
6734
7140
7267
7090
7238
6673
6299
6012
5053
4526
3503
2209
1294
-94
-1347
-2237
-3479
-4732
-5823
-6921
-7712
-8088
-8636
-8805
-8551
-8323
-7756
-7194
-6468
-5141
-4183
-3308
-2123
-1221
-127
846
1454
2171
2782
3266
3650
3754
3675
3445
2970
2375
1807
888
-15
-743
-1789
-2761
-3619
-4462
-4980
-5554
-6042
-6080
-5950
-5481
-4894
-4263
-3257
-2184
-1177
-26
996
1804
2607
3240
3533
3755
3844
3629
3423
3051
2478
1898
1287
791
240
-371
-766
-1158
-1529
-1699
-1739
-1742
-1615
-1493
-1295
-878
-491
5
454
841
1380
1829
2404
3030
3609
4132
4582
5144
5450
5879
6145
6178
6326
5957
5844
5762
5178
4974
4638
4087
3885
3323
2351
1551
739
-319
-1105
-1987
-3331
-4342
-5355
-6179
-6571
-7142
-7275
-7097
-7072
-6630
-6230
-5735
-4618
-3673
-3104
-2182
-1196
-315
632
1316
1883
2627
3142
3553
3737
3665
3576
3107
2609
1987
1167
436
-389
-1256
-2110
-2923
-3456
-4017
-4463
-4908
-5308
-5045
-4881
-4640
-4022
-3496
-2627
-1853
-1151
-302
359
1046
1528
1732
1924
2037
1809
1674
1499
934
537
172
-314
-570
-965
-1276
-1333
-1593
-1609
-1481
-1441
-1180
-975
-745
-325
27
448
777
1288
1671
2065
2631
3064
3627
3980
4354
4859
4952
5433
5578
5305
5648
5335
5098
5055
4849
4312
4223
4245
3555
3348
2508
1470
1140
-76
-685
-1583
-3157
-3640
-4833
-5568
-5709
-6250
-6327
-6021
-5874
-5672
-5073
-4283
-3470
-2534
-1999
-1231
-158
438
1214
1790
2134
2838
3040
3124
3286
2827
2610
2063
1247
630
-186
-957
-1664
-2412
-3230
-3748
-3991
-4348
-4587
-4708
-4745
-4338
-3974
-3607
-3034
-2456
-1586
-927
-392
298
714
1091
1488
1562
1381
1570
1418
1026
961
348
-7
-104
-561
-787
-1197
-1397
-1415
-1631
-1537
-1444
-1210
-889
-575
-167
270
886
1378
1991
2523
2911
3714
4218
4658
5395
5339
5766
6146
5917
6419
5817
5814
5811
5036
5293
4569
4138
4372
3836
3899
3289
2186
1676
719
-72
-816
-1904
-3327
-4179
-5269
-6272
-6351
-6857
-7002
-6625
-6643
-6142
-5494
-4911
-3779
-3064
-2476
-1390
-629
253
1221
1507
2093
2696
2996
3192
3088
2710
2202
1644
744
-46
-846
-1800
-2387
-3167
-3879
-4145
-4585
-4727
-4772
-5062
-4910
-4492
-4135
-3613
-3124
-2591
-1782
-1147
-459
194
534
1125
1436
1448
1659
1569
1428
1462
1252
918
732
560
307
47
-204
-465
-407
-573
-671
-529
-665
-316
-79
27
665
1069
1625
2297
2667
3373
4101
4706
5457
5878
6045
6371
6403
6190
6097
5738
5163
4847
4129
3582
3437
2830
2711
2500
2014
1779
696
16
-613
-1508
-1858
-3156
-4284
-4990
-5920
-6209
-6478
-6587
-6286
-5988
-5565
-5258
-4602
-3689
-2672
-1827
-1294
-395
415
1187
2023
2331
2724
3201
3191
3141
2659
1931
1270
330
-584
-1518
-2512
-3256
-3864
-4379
-4728
-4802
-4690
-4487
-4175
-4091
-3603
-2791
-2277
-1507
-974
-548
294
892
1513
1799
1947
2271
2166
2264
2045
1595
1468
1184
827
415
210
53
-149
-225
-442
-337
-178
-166
-56
-113
-56
125
247
345
638
909
1296
1846
2390
3029
3807
4684
5355
5932
6164
6444
6467
6208
6196
5298
4949
4382
3267
3263
2494
1954
1942
804
-172
-888
-2116
-2861
-3183
-4395
-5369
-5898
-6824
-6652
-6623
-6727
-5687
-5310
-4766
-3987
-3757
-2743
-1552
-1118
-467
382
771
1676
2434
2804
3642
3980
4213
4473
4137
3510
2675
1513
282
-921
-2541
-3658
-4489
-5436
-5756
-6105
-6030
-5511
-5250
-4389
-3695
-2963
-1805
-1161
-256
750
1200
1714
2384
2654
2609
2646
2488
2117
1738
1042
389
-211
-615
-1101
-1711
-1704
-1805
-1914
-1547
-1170
-687
-383
131
483
528
1002
1001
1103
1302
1099
1194
1368
1810
2405
2849
3752
4419
5001
5762
6001
6481
6409
6096
5987
5124
4731
4303
3435
3324
2684
2159
2123
1476
542
-277
-1206
-2330
-2650
-3805
-4980
-5350
-6290
-6572
-6380
-6598
-5969
-5444
-5124
-4263
-3892
-3255
-2131
-1579
-908
-138
230
1067
1933
2441
3083
3779
3994
4235
4130
3303
2716
1650
239
-821
-2400
-3702
-4542
-5504
-5888
-6144
-6419
-6014
-5650
-5390
-4737
-3985
-3179
-2152
-1419
-734
406
1190
1971
2704
2848
3174
3392
3138
2910
2324
1573
959
429
-334
-995
-1329
-1663
-1672
-1683
-1314
-726
-428
212
577
736
1353
1488
1525
1650
1474
1504
1677
1936
2310
2774
3399
4074
4729
5224
5906
6190
6299
6600
5851
5988
5699
4801
5223
4046
3682
3800
2522
2656
1103
-334
-740
-2973
-3449
-4363
-6126
-6586
-7453
-7854
-7727
-7346
-6993
-6399
-5263
-4935
-4080
-3221
-2464
-1219
-1017
-286
397
695
1933
2405
2864
3715
3698
3944
3898
3221
2497
1263
60
-1239
-2695
-3922
-5086
-5558
-6103
-6582
-6398
-6319
-5698
-5266
-4888
-3742
-2896
-1918
-901
-66
1205
2127
3046
3921
4181
4287
4329
4185
3632
2959
2009
1043
387
-615
-1380
-1736
-2118
-1993
-1915
-1630
-929
-246
391
926
1295
1641
2174
2131
2078
2171
1856
2106
2381
2495
3026
3484
4045
4687
4990
5390
5675
5713
5788
5179
4788
4844
3883
3481
3452
2466
2799
2603
1689
1312
104
-993
-1704
-3094
-4132
-5089
-6570
-7198
-7677
-8179
-7550
-7149
-6894
-5733
-5202
-4557
-3476
-2905
-2219
-1429
-1175
-570
152
773
1690
2327
3007
3795
4166
4461
4324
3754
3078
2000
630
-789
-2024
-3321
-4237
-4726
-5415
-5498
-5557
-5454
-5012
-4919
-4142
-3579
-2853
-1868
-1399
-314
500
1320
2501
2958
3318
3607
3700
3301
2814
2230
1110
524
-304
-1238
-1663
-2175
-2168
-2017
-1696
-1065
-583
317
962
1264
1794
2133
2313
2333
2275
2115
1931
2117
2261
2504
3127
3552
3993
4747
5041
5432
5744
5755
5741
5623
5443
5125
4903
4520
4400
4013
3539
3318
1896
559
-294
-2418
-3482
-4590
-6292
-7036
-8078
-8579
-8227
-7870
-7262
-6266
-5312
-4489
-3708
-3081
-2251
-1444
-1287
-760
-262
73
1014
1641
2384
3430
4001
4396
4627
4263
3600
2701
1429
-131
-1619
-3076
-4402
-5243
-5729
-6063
-6117
-5727
-5289
-4928
-4293
-3452
-2984
-2168
-1636
-1248
-307
246
907
1717
2285
2656
3064
3365
3194
2837
2150
1403
748
-435
-1177
-1898
-2602
-2636
-2840
-2695
-2046
-1406
-589
227
865
1545
2077
2369
2540
2611
2511
2620
2691
2833
3144
3541
4123
4444
5003
5322
5567
5719
5610
5506
5089
4927
4819
4592
4451
4438
4201
4335
4360
3656
3170
1964
586
-598
-2423
-3361
-4908
-6396
-6914
-8032
-7926
-7686
-7473
-6541
-5768
-4972
-4364
-3658
-2966
-2334
-1499
-1111
-563
79
819
1699
2451
3242
3731
4097
4288
3926
3099
2172
969
-471
-1977
-3416
-4462
-5185
-5669
-5984
-6094
-5673
-5372
-4909
-4260
-4013
-3396
-2821
-2470
-1774
-1188
-442
331
992
1667
2020
2630
3026
2953
2656
1983
1396
617
-400
-1274
-2065
-2601
-2850
-2941
-2770
-2008
-1439
-793
242
936
1556
2033
2303
2400
2329
2433
2354
2436
2824
3020
3437
4076
4739
5097
5625
5975
6001
6062
5832
5421
5086
4725
4271
3977
3975
3659
3451
3747
3140
2653
1852
453
-382
-1819
-3129
-4082
-5491
-6197
-6869
-7357
-7047
-6681
-6083
-5227
-4405
-4057
-3284
-2657
-2375
-1339
-902
-651
109
754
1618
2316
2861
3481
3760
3687
3412
2782
1760
602
-802
-2018
-3052
-4181
-4734
-4849
-5105
-5188
-4958
-4626
-4352
-4179
-3758
-3490
-3000
-2280
-2024
-1189
-431
30
1012
1664
2102
2573
2898
2717
2242
1810
950
213
-464
-1293
-1944
-2481
-2459
-2545
-2311
-1672
-1268
-384
349
689
1318
1703
1815
2117
2208
2310
2411
2777
3153
3415
4011
4536
5058
5448
5822
5836
6175
6068
5606
5801
4987
4842
4945
4014
4470
4137
3464
3802
2783
1941
982
-383
-1527
-2631
-4033
-5147
-5698
-6649
-6971
-6850
-6840
-6197
-5519
-4985
-4352
-4219
-3649
-2762
-2362
-1746
-1033
-438
566
1395
2277
3293
3860
4198
4269
4099
3159
2015
937
-808
-2307
-3690
-4783
-5337
-5877
-5741
-5514
-5258
-4539
-4127
-3796
-3118
-3227
-2776
-1848
-2092
-1500
-767
-416
570
1309
1992
2496
2897
3009
2714
2343
1521
780
-125
-867
-1692
-2415
-2432
-2678
-2408
-1861
-1300
-413
327
1085
1435
1815
2094
2195
2346
2230
2370
2581
2844
3420
3894
4585
5264
5701
6174
6395
6470
6267
6423
5453
5041
5080
3877
4245
3703
3403
3547
2463
2555
1263
-51
-766
-2619
-3102
-4512
-5776
-6149
-6839
-6924
-6672
-5959
-5771
-4839
-3981
-3877
-3138
-2926
-2437
-1624
-1693
-914
-375
127
1511
2162
3096
4016
4202
4628
4323
3325
2238
806
-776
-2467
-3741
-5010
-5782
-5638
-5694
-5337
-4528
-3995
-3328
-2829
-2399
-2221
-1849
-1375
-1537
-1111
-799
-645
397
922
1394
2090
2315
2389
2266
1936
1132
325
-377
-1395
-2257
-2858
-3134
-2966
-2793
-2134
-1391
-592
463
1044
1459
1869
2045
2048
1968
1969
1820
1851
2262
2614
3255
3771
4525
5394
5489
6095
6218
5920
6078
5277
5172
4622
4117
4418
3515
3774
3612
3156
3526
2279
1476
494
-866
-1934
-3028
-4220
-5528
-5868
-6521
-6913
-6163
-6376
-5669
-4623
-4641
-3818
-3325
-3100
-2054
-1484
-1098
-447
169
1248
2038
2714
3493
3933
4067
3948
3375
2372
1275
-69
-1580
-2737
-4077
-5081
-5082
-5252
-5181
-4524
-4148
-3476
-3206
-3103
-2574
-2622
-2181
-1608
-1627
-1180
-541
136
1073
1646
2127
2830
2845
2449
2229
1195
158
-431
-1503
-2356
-3017
-3440
-3310
-2973
-2368
-1578
-607
489
1321
1856
2106
2446
2410
2230
2166
1758
1847
1997
2178
2939
3429
4055
4821
5545
5931
5919
6317
6074
5796
5302
4752
4933
4140
4015
4112
3059
3579
3143
1678
1382
-74
-1772
-2439
-3735
-5328
-6034
-6966
-7365
-6936
-7137
-6679
-5346
-4916
-4115
-3292
-3079
-1960
-1414
-1215
-312
-351
330
1467
1814
2707
3148
3551
3963
3663
3047
2002
841
-600
-2045
-3231
-4737
-5494
-5656
-5953
-5675
-5191
-4634
-3990
-3482
-2952
-2688
-2184
-1216
-1067
-553
203
573
1667
2428
2820
3355
3522
3652
3264
2770
1745
642
-101
-1489
-2213
-3083
-3478
-3100
-3259
-2523
-1659
-811
437
1008
1724
2143
2197
2416
2448
2126
1734
1906
1975
1978
2634
3010
3638
4397
4742
5292
5284
5677
5470
5280
5038
4281
4284
3885
3859
3447
3427
3381
2816
2763
1323
170
-615
-2433
-3225
-4547
-5952
-6666
-7211
-7416
-7210
-6885
-6401
-5225
-4555
-3947
-3358
-2728
-1941
-1236
-817
-369
243
996
1856
2409
2999
3646
3787
3912
3657
2531
1736
626
-765
-1918
-3172
-3931
-4531
-4675
-4481
-4546
-4090
-3615
-3293
-3033
-2655
-2509
-2074
-1148
-1101
-579
361
918
1930
2852
3170
3641
3945
3643
3352
2390
1212
558
-561
-1613
-2548
-3000
-3104
-2986
-2601
-2133
-1243
-300
654
1135
1440
1930
1980
2035
1987
1470
1519
1685
1667
2038
2328
2920
3547
4087
4685
4947
5075
5218
5408
4629
4741
4673
3980
4657
4026
3781
4403
3437
3361
2597
522
-230
-1434
-3281
-4173
-5478
-7135
-7228
-7565
-7875
-7216
-6929
-6118
-4826
-4444
-3684
-2836
-2228
-1080
-694
-356
521
911
1687
2667
2904
3462
3880
3829
3661
2827
1729
683
-389
-1665
-2997
-3833
-4410
-4528
-4509
-4478
-4011
-3774
-3354
-3175
-3208
-2892
-2692
-2189
-1731
-1386
-561
275
1244
2236
2934
3521
3848
4093
3714
2838
1817
757
-176
-1385
-2350
-2960
-3413
-3052
-2640
-2280
-1419
-431
511
1224
1684
1885
1959
1935
1567
1278
1032
964
1239
1585
2176
2738
3602
4566
4879
5457
5752
5507
5839
5507
4835
4875
4416
3976
4245
3676
3553
3896
3231
2615
1585
32
-823
-2131
-3713
-4652
-6105
-7208
-7117
-7658
-7646
-6708
-6237
-5128
-4132
-3612
-2711
-1824
-1244
-464
-83
164
962
1598
2115
2713
3017
3463
3501
3184
2807
1799
778
-193
-1340
-2592
-3658
-4355
-4614
-4703
-4767
-4383
-4004
-3710
-3113
-2976
-2774
-2347
-1980
-1361
-1189
-727
195
838
1574
2332
2791
3143
3448
3331
2767
1970
980
189
-793
-1867
-2520
-2907
-3069
-2696
-2225
-1776
-793
92
682
1347
1678
1719
1817
1621
1185
916
842
846
1120
1407
1903
2775
3587
4235
4959
5400
5631
5867
5879
5607
5219
5226
4584
4718
4425
3696
4292
3522
3179
2762
1112
437
-869
-2492
-3422
-4840
-6099
-6601
-7014
-7498
-7072
-6669
-6022
-4861
-4279
-3637
-2765
-2201
-1254
-576
-441
267
641
1333
2150
2380
2965
3315
3205
3189
2516
1546
789
-191
-1465
-2579
-3303
-4212
-4414
-4424
-4789
-4318
-4211
-4167
-3410
-3413
-3345
-2640
-2349
-1897
-1229
-779
229
1004
1594
2403
2783
2959
3161
2852
2077
1414
424
-421
-1137
-2127
-2372
-2546
-2523
-2066
-1623
-891
-190
647
1163
1566
1726
1641
1582
1356
1161
858
890
1202
1493
2038
2776
3657
4343
5123
5562
5771
6182
5915
5879
5607
4899
4749
4459
3765
4073
3628
3150
3591
2319
1327
927
-857
-1821
-2573
-4409
-5381
-6139
-7040
-6930
-6885
-6964
-5777
-5131
-4586
-3535
-3139
-2406
-1371
-1045
-523
-57
194
933
1474
1917
2471
2676
2754
2914
2429
1630
837
-113
-1209
-2302
-3316
-4017
-4320
-4604
-4582
-4432
-4249
-3870
-3394
-3174
-3089
-2717
-2423
-1874
-1427
-1081
-248
298
1212
1813
2196
2769
2831
2912
2575
1724
774
45
-836
-1774
-2346
-2789
-2701
-2409
-2130
-1329
-595
241
1329
1687
1894
2138
1872
1727
1438
975
834
960
1201
1646
2287
3033
3934
4697
5339
5783
5770
5951
5743
5423
5000
4801
4362
4259
4471
3623
4289
4083
3427
3610
1833
717
-139
-1948
-2784
-4056
-5700
-6364
-6491
-6915
-6568
-5885
-5353
-4276
-3556
-3404
-2629
-2073
-1760
-1015
-1091
-745
-101
292
1233
1852
2289
2962
3135
3134
2779
1900
905
-106
-1236
-2548
-3445
-4127
-4697
-4443
-4437
-4436
-3909
-3686
-3143
-3044
-3079
-2718
-2615
-2055
-1945
-1715
-737
-343
505
1443
1651
2208
2618
2677
2353
1617
742
31
-687
-1693
-2178
-2465
-2579
-2130
-1769
-1085
-225
470
1296
1632
1711
1713
1443
1273
945
479
619
869
1141
1903
2597
3578
4387
5247
5940
5928
6269
6011
5685
5708
4811
4827
4561
4229
4294
3936
4309
3873
3701
2878
1322
358
-1034
-2222
-3276
-4733
-5781
-6316
-6497
-6531
-6057
-5353
-4606
-3771
-3208
-2987
-2469
-1975
-1492
-1234
-1273
-635
-249
584
1330
1701
2444
2898
3037
2984
2095
1297
469
-737
-1860
-3163
-3872
-4387
-4620
-4351
-4432
-4189
-3798
-3433
-3176
-3377
-3040
-3056
-2604
-2152
-2303
-1479
-878
-109
963
1342
1974
2474
2703
2436
1857
1038
16
-328
-1277
-1994
-2084
-2467
-1981
-1517
-1018
35
636
1541
1962
1873
1957
1689
1498
1188
724
642
776
1284
1854
2703
3583
4391
5579
5965
6446
6538
6225
6318
5722
5310
4973
4480
4566
4153
4098
4277
3924
3791
2702
1148
-161
-1616
-2805
-4148
-5681
-6703
-7435
-7320
-7124
-6670
-5641
-4651
-3756
-3259
-2817
-2237
-1719
-1135
-1142
-1101
-573
-195
843
1576
2056
2811
3302
3657
3473
2648
1640
526
-474
-2043
-3312
-4158
-4866
-4729
-4788
-4591
-3954
-3539
-2884
-2391
-2423
-2056
-1925
-1787
-1449
-1501
-1087
-400
382
1075
1583
2159
2631
3222
2942
2291
1589
533
-150
-1169
-2014
-2489
-2648
-2499
-2045
-1321
-565
370
1272
1649
1719
1831
1534
1286
872
264
68
334
911
1522
2409
3431
4537
5528
6178
6571
6405
6244
5842
5268
4555
4102
3904
3730
3805
3717
4276
4581
4516
3975
2697
1241
-142
-1638
-3281
-4786
-6211
-7143
-7468
-7498
-7199
-6282
-5248
-4275
-3438
-3198
-2804
-2438
-2021
-1724
-1987
-1677
-1280
-579
394
1193
2094
3079
3714
3853
3585
2747
1775
757
-570
-2166
-3235
-4008
-4435
-4294
-4338
-4018
-3539
-3035
-2660
-2786
-2596
-2761
-2704
-2582
-2777
-2535
-2029
-1202
-323
583
1409
2260
2998
3174
2991
2408
1497
779
-101
-1230
-2003
-2381
-2379
-1986
-1602
-702
215
1052
1902
2145
2233
2080
1709
1168
593
124
47
474
933
1615
2693
3783
4988
5919
6512
6698
6883
6406
5981
5506
4710
4668
4231
4234
4086
3970
4027
3656
2594
1249
-260
-2069
-3343
-4852
-6665
-7595
-8354
-8388
-7583
-7071
-6081
-4611
-3712
-2849
-2186
-1902
-1178
-925
-865
-699
-478
67
960
1770
2635
3290
3816
4180
3822
2986
1711
374
-1071
-2658
-3860
-4827
-5302
-5148
-4827
-4163
-3690
-3056
-2311
-2208
-2215
-2423
-2717
-2471
-2655
-2424
-1810
-1277
-6
1044
2226
3003
3535
3991
3617
2936
1639
436
-624
-1916
-2683
-3302
-3170
-2655
-1869
-600
356
1382
2252
2514
2653
2339
1565
1034
322
-40
-139
98
1046
1984
3044
4363
5324
6133
6750
6635
6294
5629
5241
4638
4142
4183
3662
4273
4499
4723
5125
4288
3436
1629
-34
-2008
-4004
-5454
-7197
-8318
-9017
-9046
-8136
-7187
-5899
-4657
-3920
-3183
-2954
-2492
-2030
-1983
-1711
-1658
-979
1
967
2458
3493
4497
5239
5303
5074
4186
2584
838
-1129
-2937
-4205
-5160
-5498
-5513
-5016
-4268
-3306
-2461
-1904
-1733
-2185
-2541
-3198
-3406
-3210
-3026
-2368
-1464
-200
1291
2935
4208
4906
5075
4593
3564
2200
900
-606
-1859
-2807
-3294
-3183
-2533
-1404
-284
771
1535
2025
2180
1931
1384
670
48
-473
-333
141
722
1953
3158
4314
5446
6065
6358
6487
6026
5394
4603
4140
3813
3858
4310
4529
5191
5717
5963
5895
5186
3689
1489
-957
-3342
-5345
-7016
-8327
-9065
-9176
-8739
-7806
-6531
-5231
-4100
-3550
-3460
-3624
-3615
-3404
-3138
-2767
-2222
-1185
226
2001
3670
5062
6126
6562
6352
5471
3968
2184
133
-2013
-3733
-5003
-5611
-5602
-5152
-4398
-3509
-2592
-1994
-1720
-2177
-2987
-3810
-4772
-4851
-4699
-4023
-2653
-1347
659
2583
4206
5581
5955
5674
4669
3017
1341
-257
-1700
-2680
-3116
-3219
-2606
-1523
-422
676
1395
1598
1411
971
446
-351
-979
-1034
-976
-190
1098
2486
4141
5418
6415
7069
6897
6601
5788
4837
4150
3168
3184
3469
3983
5160
6034
7106
7831
7918
7371
5570
3090
41
-2851
-5343
-7249
-8351
-9274
-9342
-8706
-7775
-6453
-5267
-4333
-3989
-4403
-5113
-5701
-5908
-5538
-4722
-3760
-2042
362
2697
5132
7221
8331
8925
8717
7425
5634
3310
735
-1583
-3567
-4784
-5157
-4842
-4200
-3503
-2671
-2177
-2043
-2464
-3616
-5006
-6629
-7707
-7824
-7141
-5713
-3719
-1286
1204
3654
5704
6951
7257
6349
4778
2791
626
-808
-1839
-2298
-2100
-1445
-313
763
1863
2326
2070
1377
118
-1222
-2476
-3415
-3806
-3502
-2386
-607
1669
3994
6033
7415
8108
8269
7541
6281
4988
3482
2497
2209
2411
3443
4767
6337
7728
8822
9363
9022
7763
5048
1591
-2097
-5284
-7302
-8561
-9245
-9339
-8936
-7894
-6578
-5302
-4313
-4019
-4666
-6015
-7394
-8372
-8109
-7092
-5908
-4098
-1616
1413
4692
7316
9093
10060
9795
8722
6881
4481
2104
-201
-2295
-3776
-4333
-3886
-2982
-1941
-1453
-1559
-1878
-2925
-4093
-5670
-7362
-8597
-9306
-8850
-7354
-4839
-1958
843
3434
5352
6495
6738
6014
4633
2578
436
-1276
-2191
-2118
-1540
-402
840
1957
2852
3109
2720
1657
-42
-1866
-3541
-4692
-5139
-4658
-3437
-1862
443
2956
5083
6821
7658
7604
7081
6058
4999
3899
3089
2667
2722
3273
4288
5590
6648
7646
8211
7960
7781
6957
5082
3605
709
-2075
-3479
-5093
-5500
-5397
-6079
-6168
-5989
-6235
-6020
-6150
-6369
-6650
-7655
-8707
-8939
-8397
-7295
-5296
-3631
-1613
1113
3241
4835
6317
7006
7163
6904
5988
4819
3279
2278
1145
293
34
-92
-145
-526
-1030
-1925
-3155
-4444
-6089
-7720
-8668
-9496
-9321
-8355
-6525
-4082
-1808
741
2475
3788
4507
3828
2807
1894
786
40
-579
-773
1
955
2020
2994
3566
3601
2954
1443
-444
-2042
-3469
-4543
-5104
-5186
-4355
-2787
-1109
790
2583
4167
5190
5657
5822
5512
5000
4629
4227
3944
4372
4777
5397
6204
6760
7230
7753
7552
7217
7059
6332
5758
4814
3177
1030
-1197
-2948
-4081
-4642
-5053
-5735
-6192
-6572
-6859
-6789
-6754
-6459
-6780
-7725
-8438
-8577
-7890
-6608
-4960
-3024
-674
1504
3243
4850
6077
6506
6751
6278
5378
4532
3098
1971
1066
490
546
634
381
-115
-833
-2091
-3683
-5359
-7245
-8838
-9997
-10859
-10350
-8531
-6085
-3154
-630
1253
2697
3495
3348
2660
1741
674
-58
-726
-743
250
1597
2845
3927
4544
4526
3913
2578
899
-894
-2491
-3945
-4829
-4911
-4278
-3125
-1852
-362
1128
2642
3627
4177
4489
4462
4218
3921
3788
3928
4626
5081
5750
6290
6756
7307
7266
7478
7044
6794
6633
6106
5547
4497
3038
752
-1187
-2750
-3789
-4468
-5284
-6042
-6650
-6773
-6833
-6587
-6215
-5989
-6475
-7558
-8313
-8168
-7360
-6204
-4813
-3067
-871
1128
2964
4218
5411
6037
6045
5669
4876
4299
3507
2764
2087
1819
1710
1424
884
89
-999
-2508
-4465
-6594
-8518
-9997
-10655
-10389
-8950
-6954
-4741
-2769
-1252
-208
780
1313
905
329
-333
-541
-350
260
1503
3098
4455
5458
5794
5560
4895
3638
2251
611
-560
-1400
-2131
-2329
-2124
-1571
-732
27
760
1403
1736
1854
1859
2072
2394
2642
2949
3629
4327
5207
6041
6563
6908
6986
6859
6653
6636
6572
6361
6367
6257
5323
4104
1971
-94
-1541
-2901
-4133
-5522
-6492
-6944
-6939
-7121
-6676
-6277
-6296
-6741
-7898
-8544
-8343
-7765
-7317
-6353
-4767
-2718
-595
1316
2871
4037
4607
4859
5091
5287
5586
5192
4433
3813
3614
3393
3077
2412
1231
74
-1652
-3412
-4946
-6363
-7603
-8681
-8888
-8169
-6762
-5121
-3943
-3335
-2791
-2221
-1847
-1480
-1460
-1474
-1176
-808
144
1443
2839
4061
4670
5051
5077
4616
4118
3479
2490
1776
1194
801
760
382
-71
-352
-559
-433
-165
30
224
377
619
1053
1413
1748
2273
2650
2821
3115
3506
3813
3988
4109
4368
4699
5059
5552
6025
6189
6049
5578
4344
2834
1167
-124
-971
-1705
-2257
-2833
-3039
-3106
-2975
-2895
-3028
-3612
-4895
-6478
-7580
-8088
-7980
-7361
-6778
-5842
-4685
-3419
-2278
-1133
-202
283
722
1286
1871
2385
2628
2527
2729
2913
2996
3066
3081
2820
2186
1623
910
231
-437
-1401
-2441
-3093
-3346
-3176
-2699
-2375
-2357
-2358
-2163
-2174
-2190
-2438
-2885
-3283
-3535
-3439
-2967
-2278
-1505
-684
-198
427
1203
1797
2282
2471
2348
2458
2145
1586
1704
1324
814
1261
1294
1466
2056
2424
2296
2224
2030
1331
952
37
-264
-795
-1236
-1367
-634
-371
332
1554
1136
1983
2469
1934
1908
2701
2169
1758
2194
2129
2050
2548
3127
3679
3884
3648
3528
3326
3511
3329
2676
2025
1373
781
430
116
71
-202
-797
-1484
-2424
-2751
-2784
-3306
-3650
-3933
-3967
-3849
-3795
-3683
-3519
-3726
-3953
-3939
-3981
-4039
-4003
-3848
-3548
-2890
-2371
-1411
-478
195
798
1302
1625
2019
2458
2279
2341
2401
2331
2318
1954
1283
799
288
-387
-808
-1035
-1406
-1908
-1996
-2369
-2644
-2347
-2377
-2681
-2448
-2550
-2730
-2255
-2089
-1681
-722
-245
460
1512
2146
3233
3212
3770
3413
2719
2865
1733
1336
783
517
130
-4
69
518
599
788
547
273
146
-398
-592
-1072
-870
-1324
-1160
-737
-427
-44
510
1247
1661
1995
2918
3353
2944
3770
3842
3735
4268
4230
4240
4280
4125
3521
3280
3585
3214
3027
3237
2863
2645
2385
2055
1587
688
-20
-1013
-2415
-3853
-4951
-5896
-6806
-7069
-6997
-7203
-7009
-6482
-6258
-5806
-5295
-4878
-4313
-3470
-3012
-2396
-1374
-642
-70
342
889
993
1410
1786
1410
1536
1596
1054
999
913
889
747
501
300
-172
-482
-654
-720
-1213
-823
-820
-667
-233
309
650
635
1311
1379
1073
1069
1767
549
229
1050
163
113
609
409
-394
-89
-128
-1091
-1146
-1139
-1519
-2149
-1846
-1704
-1906
-1558
-978
-664
-563
140
936
1172
1692
2044
2129
1886
2667
2444
2630
3149
3165
3454
2895
3758
3012
2907
3028
2869
2489
2646
3257
2900
3018
3221
2871
2315
2519
1719
1406
597
-285
-1121
-2143
-2407
-2943
-3209
-3357
-3062
-2958
-2670
-1866
-1399
-932
-452
-68
-206
-40
60
-163
-325
-647
-828
-682
-505
-890
-737
-773
-1271
-1524
-1919
-2457
-2558
-2997
-3680
-3560
-3624
-3727
-3358
-2943
-2610
-2225
-1400
-954
-545
-39
59
466
541
629
1203
1356
1298
1823
1477
1708
1679
1233
1260
1240
230
10
12
-987
-811
-1199
-1443
-1677
-1795
-2110
-1708
-1923
-1980
-1079
-1526
-1202
-131
-29
-112
925
1286
564
1526
2062
1780
2113
2463
2376
2361
2593
2642
3089
2803
2741
3648
2922
3399
4529
3383
3776
4585
3289
3109
3659
2052
1054
673
-732
-1784
-2449
-2919
-3228
-3849
-3479
-2743
-3211
-2490
-1505
-2015
-1807
-1448
-1340
-1808
-890
-675
-715
-247
910
1033
1009
2721
1957
2139
1970
1709
839
453
29
-552
-1084
-1320
-1065
-1688
-1444
-1210
-1443
-1774
-1278
-1652
-1923
-1392
-1633
-1893
-1433
-1327
-1214
-650
-844
-503
-211
-475
-394
85
-612
-220
-197
-1101
-361
-602
-816
-900
-306
-799
-1060
-153
-808
-549
-132
-188
-149
-63
404
16
636
282
297
762
-12
802
915
234
1127
718
175
1099
527
153
1323
902
830
2414
2247
2560
3740
3568
3092
4150
2889
2742
2503
1034
637
-239
-918
-1126
-1088
-1989
-1658
-1332
-1921
-1277
-1199
-1580
-1174
-1663
-2081
-1596
-1684
-1636
-1152
-632
-526
334
923
886
1352
1468
526
1095
878
-210
641
53
-704
156
152
-284
564
378
109
685
81
5
238
-156
-276
-219
-437
-496
-88
-407
-286
-337
-328
-640
-911
-511
-1382
-1660
-1179
-1852
-1980
-1728
-1581
-1855
-1656
-1190
-1228
-1485
-225
-661
-601
679
-238
1117
818
1271
1464
1071
1636
1238
1423
1267
1014
1414
501
629
945
101
205
408
372
-95
771
717
899
1432
1964
1644
2070
2272
1548
2041
1535
1028
562
487
-263
-755
-271
-938
-1075
-188
-978
-532
-100
-714
-225
-720
-621
-486
-910
-174
-190
-242
588
436
848
1053
1460
731
1117
601
434
128
195
-226
-454
-283
-578
-233
-552
-475
-143
-371
-692
390
-714
-64
151
-415
-95
679
-4
574
1051
435
396
990
433
-189
284
-691
-1236
-1213
-1698
-1953
-2143
-1970
-2217
-2168
-1779
-2254
-1363
-2009
-1435
-1537
-1548
-1121
-1032
-518
-882
184
31
-228
1106
570
103
964
222
-479
-306
-351
-1042
-665
-153
-597
-197
465
499
857
1462
1438
1339
1592
1715
527
1670
486
-20
725
-521
-424
-371
-768
-706
-653
-691
-377
-691
-33
-453
-209
51
73
-45
778
479
522
1274
1411
1502
1713
2477
2023
2842
2374
2771
2407
2208
1797
1342
1162
849
650
451
666
144
1048
-263
1096
115
31
417
17
-574
68
-348
-959
431
-707
-79
23
-55
15
-108
-335
-371
-1124
-1368
-1036
-1869
-1858
-919
-2089
-1828
-358
-2081
-911
261
-1644
-281
416
-894
-224
987
-251
-123
1441
-94
-78
769
-877
-460
-1115
-1166
-1855
-1415
-1512
-2009
-670
-2155
-275
-813
-1113
387
-471
-562
477
-144
-716
643
-308
-433
89
-25
-963
-230
-227
-1102
-609
-651
-963
-834
-241
-783
-342
178
174
-204
967
285
273
780
574
669
567
1056
1362
643
1410
2366
-247
2365
921
-280
950
187
-137
-57
955
-475
979
588
1003
772
1057
830
822
985
-74
1448
349
786
1179
1627
814
1636
1988
69
1781
565
-516
477
-383
-831
-844
-37
-917
-1060
309
-1473
-190
-429
-799
-371
-411
169
-493
774
648
1283
682
1297
1456
1
890
747
-838
-228
-226
-874
-823
102
-628
-955
838
-925
-135
-293
-523
-711
-833
-929
-979
-626
-1235
-13
-1081
-928
-833
-812
-2123
-1215
-1492
-3098
-1268
-2434
-2370
-1620
-1637
-1557
-1003
-517
-948
-377
49
-442
-86
743
-379
1135
1151
358
2036
813
1387
1144
894
1054
235
443
234
-293
405
198
-176
203
1
-543
-15
138
-973
380
88
-1033
1034
152
-409
1445
605
224
926
1328
-12
640
1550
-575
838
1010
-110
943
297
578
-180
488
161
54
645
-220
912
257
597
1114
645
1063
1250
752
915
656
187
533
-217
-118
-128
-314
-122
-306
383
-244
-6
60
8
302
-490
380
-265
74
-15
235
-245
152
263
-317
48
-322
-356
-1258
-289
-1190
-1333
-360
-945
-959
-512
-535
-893
-128
-217
-628
71
-275
-285
164
157
171
624
687
766
710
855
386
645
-73
-266
332
-947
-439
-313
-937
-940
-687
-906
-1146
-1360
-458
-2055
-646
-709
-1659
-164
-762
248
-817
1226
-110
58
1095
0
474
471
443
87
484
484
203
172
510
-131
396
-152
549
321
480
1268
408
1453
1137
1300
1322
1163
946
1046
213
604
393
-273
596
-184
-90
434
46
-230
259
-105
-239
-266
428
-569
343
70
282
464
19
1286
-388
659
361
-405
84
-378
-726
-628
-638
-732
-837
-706
-474
-712
-870
-153
-932
-660
15
-808
-240
30
176
3
924
688
118
1255
951
431
494
1223
-416
398
636
-488
23
428
-607
-1029
388
-1331
-1561
13
-1643
-1546
-457
-1719
-647
-1164
-727
-654
-912
-307
-784
-381
-669
-410
-504
-842
180
-544
-523
280
-383
-509
231
-509
-380
-115
-383
-56
190
485
291
984
806
1183
834
1589
1292
452
1269
1242
135
997
1420
-170
1566
674
401
1081
619
458
399
810
-82
637
163
450
388
182
692
239
658
543
-112
703
-175
-399
322
-1147
-190
-627
-927
-539
-788
-666
-897
-800
-468
-1139
-486
-24
-996
-4
166
-187
246
615
782
55
1386
438
484
952
472
663
310
226
33
-159
-186
-331
-968
-804
-1231
-1141
-1446
-930
-1403
-816
-500
-1233
-364
-380
-662
-528
-79
-819
-762
-99
-828
-741
-108
-459
-528
150
-487
37
-538
478
-764
-166
-152
-547
215
-735
729
-156
204
975
690
-157
1483
503
50
1198
571
-33
1143
764
66
831
914
275
868
1410
-272
1401
687
955
841
1065
1060
521
1742
207
1345
521
262
989
448
425
644
400
111
254
-254
-36
-579
-141
-767
-469
-850
-377
-403
-738
738
-782
145
445
-495
556
197
17
296
83
888
-692
917
12
-673
927
-479
-502
-265
-667
-1411
-708
-1705
-1431
-1796
-1181
-1447
-1484
-923
-1470
-660
-1070
-467
-781
-1269
54
-1396
-792
-343
-1189
-290
-454
-229
-318
-252
56
-301
-67
287
-499
127
247
-511
560
-46
259
1140
182
859
1227
538
425
1814
-367
1002
1252
-366
915
817
75
390
1014
-360
758
680
192
401
674
205
397
777
128
667
249
594
500
156
521
52
303
146
98
98
-587
-268
-281
-994
-365
-744
-88
-843
67
81
-463
499
929
-52
491
1523
-270
1305
972
459
739
1395
508
996
1148
568
841
427
573
-520
328
-584
-643
-81
-1409
-766
-758
-911
-1134
-641
-1031
-786
-677
-379
-1382
-401
-506
-1327
-255
-959
-718
-1048
-361
-822
-940
-157
-499
-761
437
-1399
70
-438
-1142
320
-916
-526
210
-484
-207
344
141
-99
441
538
-144
1131
-72
357
746
0
1102
339
280
904
365
675
901
734
475
1086
1097
463
871
1163
554
1146
1140
411
1187
552
1170
126
339
513
-381
538
-831
-159
-559
-825
372
-823
-515
349
-733
255
84
189
-312
496
19
95
778
-34
577
791
175
702
686
-136
893
-100
107
-304
-218
-82
-646
-535
-330
-1072
-262
-549
-1011
-473
-993
-417
-885
-500
-136
-555
-250
-297
212
-838
420
11
-907
399
-510
-461
-430
119
-729
-284
-259
-819
-163
-468
-884
-86
-657
-777
19
-670
-352
-108
-214
-700
282
-297
-360
589
-385
-13
577
165
295
217
277
493
-316
915
35
211
1289
-386
1007
828
252
1472
518
515
1328
19
599
817
-291
403
-187
52
-762
108
-610
-621
-140
-1071
68
-491
-487
-160
-362
-718
335
-5
-115
600
553
121
996
710
405
1196
450
687
993
395
790
876
537
555
317
578
199
425
-59
-344
22
-421
-444
-165
-317
-671
413
-171
-888
616
-678
-161
307
-818
-383
-328
-331
-678
-578
-94
-723
-406
-1
-737
-408
-437
-860
-397
-892
-672
-137
-1154
-249
-784
-834
-469
-248
-667
-28
-694
-386
214
-687
231
-85
-222
41
214
-510
343
108
326
243
257
723
98
731
516
259
554
298
943
26
195
648
-160
44
281
-274
-277
170
-436
-123
-361
-441
-83
-194
-676
109
-445
-482
416
-107
-482
757
74
-149
875
-127
321
479
302
432
524
165
990
715
266
827
358
-21
723
234
-553
1162
-646
78
969
-957
841
623
-84
523
902
-379
757
350
-8
268
329
370
80
937
-706
768
93
-389
843
-275
-461
378
-711
-625
93
-723
-569
-284
-660
-766
-534
-507
-523
-726
-359
-455
-454
-28
-454
-447
120
-407
-250
168
-687
-184
-351
-1
-484
15
431
-509
453
-93
375
87
134
340
-405
251
173
-15
184
-37
-116
49
-183
33
140
-780
107
-252
-731
263
-123
-636
174
-361
-379
312
-259
-307
160
-456
-442
425
-716
-53
99
-829
241
23
-328
563
-293
-264
362
-363
55
581
-304
307
440
-394
865
691
-14
526
973
-473
1135
952
-420
1875
205
432
1521
296
589
1566
-34
398
1175
-502
606
454
-205
68
-3
-356
-187
69
-584
-315
-220
-844
-153
-414
-604
82
-684
-105
48
-443
168
95
-573
147
1
-483
322
203
-729
659
-172
-343
598
-88
177
240
-266
-111
-47
-408
-207
-149
-324
-677
-318
-475
-382
-538
-112
-562
-251
-256
-227
64
-223
-93
91
-15
175
428
-30
531
132
328
561
-137
1077
18
58
456
-260
143
296
36
-160
162
-542
220
-51
-81
-118
-464
-129
-457
-8
-88
-563
171
-603
196
167
-26
471
158
606
-121
817
381
470
688
302
275
441
246
165
851
-172
353
685
-29
330
174
-332
-130
-182
-773
-164
-844
-559
-401
-858
156
-671
-334
-19
-594
-340
113
-532
-154
331
-631
335
443
9
540
975
413
494
1131
236
562
699
285
280
492
-130
-9
172
-779
209
-43
-874
85
-540
-1098
-129
-363
-1098
-3
-632
-583
68
-629
-97
-235
-44
-66
93
155
-173
282
-37
-294
491
-112
2
371
-27
-327
844
-506
139
824
-910
295
-97
-465
-129
152
-802
-207
-93
-685
27
323
-642
98
323
-717
602
275
-79
150
455
-182
44
975
-421
601
721
-223
574
814
-272
223
649
-718
256
478
-586
112
282
-878
401
443
-433
689
33
-729
191
-163
-570
-62
123
-835
-193
444
-555
584
336
-207
221
332
209
270
300
146
-211
251
134
131
152
-210
26
-161
-16
-86
-392
-174
-432
-586
82
-538
-245
60
-557
-135
-26
-151
250
-6
-268
-271
-10
-392
-207
474
-773
20
82
-696
262
-42
-300
-74
-128
-558
-271
-21
-315
-316
0
-460
-123
97
90
30
207
154
185
391
456
369
167
527
-3
457
454
151
450
389
-85
210
285
-135
327
75
-196
167
-150
-239
-15
-91
-403
75
-62
-201
176
-158
101
60
49
129
215
99
149
200
106
162
411
86
378
448
347
379
404
375
196
656
211
471
351
156
367
388
-73
411
-30
-90
237
-304
-20
-263
-65
-73
-81
-162
-171
-200
-86
-294
-124
-22
-180
-75
-179
-96
-387
-82
3
-305
-31
-338
-336
-181
-402
-241
-346
-236
-543
-571
-428
-663
-287
-414
-492
-255
-448
-464
-163
-439
-235
-166
-2
70
67
289
41
586
230
549
667
15
710
205
134
236
154
84
111
112
-73
121
-143
-191
79
-505
-96
33
-603
103
-170
-353
32
32
-198
337
196
-72
393
108
110
301
302
415
196
401
391
271
480
520
624
189
437
486
187
465
334
5
131
0
-75
71
20
-215
-132
-264
-162
-218
-115
46
-389
108
-332
-50
-19
-68
143
-226
105
127
-43
100
172
-11
-39
278
-171
-175
199
-390
-129
-5
-253
-126
-74
-240
-246
-320
-278
-254
-494
-221
-270
-617
-154
-71
-433
-141
122
-303
-75
194
-103
170
120
145
165
33
211
195
157
160
205
-200
269
132
-349
198
-68
-362
138
-107
-93
-21
-122
5
-46
22
88
83
-14
90
-2
38
227
203
212
201
243
183
236
398
143
342
362
158
206
257
130
-82
277
-41
-178
99
-298
-175
-202
-123
-249
-36
-98
-216
-79
-94
-137
-88
-58
32
-15
-51
164
13
117
115
143
224
257
71
143
99
50
165
-20
90
147
-152
45
6
-117
-201
-113
-249
-302
-121
-234
-298
-243
-156
-450
-58
-90
-365
120
-112
-145
-31
17
-89
-155
115
-106
72
64
4
129
-44
15
144
-101
88
-75
-173
8
-174
-35
-116
-64
-141
-56
-73
-154
49
-94
-39
103
-150
27
88
-85
-7
84
7
-51
106
-130
93
187
155
113
316
118
28
348
-3
152
126
-142
-37
90
-195
-102
-3
-173
-66
56
-180
-7
64
-311
161
48
-225
225
-9
-21
248
-17
48
333
-113
26
243
-40
86
88
19
67
162
-200
60
161
-315
197
-2
-324
206
-254
-272
167
-219
-262
114
-66
-297
214
-151
-127
182
-228
68
181
-289
149
89
-259
357
-85
-74
295
-155
-157
202
-114
-153
194
-100
-197
82
-174
-257
72
-279
-76
6
-235
83
-53
-168
25
6
-222
99
-16
-204
-61
-147
-134
-91
26
-10
13
78
104
-114
205
70
-37
292
40
-140
171
-67
-104
202
-109
41
21
-44
-20
-3
14
-5
7
-14
-64
-13
-95
-9
17
-113
6
29
-22
72
93
79
40
93
102
161
165
261
222
95
245
40
136
209
53
181
203
2
155
144
30
201
135
189
245
-1
121
45
-99
17
43
29
88
108
-58
172
79
-27
228
-68
11
114
-139
-37
-50
-248
-116
-22
-209
-146
-47
-266
-134
-13
-249
48
-30
-188
-69
-120
-198
-34
-79
-145
-27
-42
-28
-52
52
-96
3
-72
-18
5
-34
10
20
-20
20
86
-94
13
-82
-111
-107
34
-42
30
104
-41
-29
38
57
-39
123
58
-19
64
44
-24
83
16
16
108
-33
41
111
-18
185
165
92
265
90
15
70
75
-116
76
146
-75
144
93
-1
169
149
44
104
61
-17
62
57
-14
79
1
-5
48
-30
67
50
39
94
84
41
15
76
9
-43
82
-41
-85
91
-97
-26
41
-63
31
-27
-64
-18
-7
-69
17
-2
-7
-37
52
-120
-61
49
-202
50
-100
-174
-8
-77
-126
9
-34
-92
4
-70
-97
39
-73
-156
52
-150
-82
33
-111
-34
-45
-136
-14
6
-66
10
5
-102
-132
-55
-136
-79
-78
-137
-70
-123
-52
-39
16
-14
-42
29
-27
-14
-4
-18
58
-17
-5
56
-38
85
58
12
140
7
70
97
8
137
12
77
80
-3
86
42
35
71
133
34
126
129
20
105
74
-20
80
126
-20
80
53
-41
66
19
42
78
1
19
-34
28
-6
50
34
-1
29
-43
3
20
-14
-1
7
48
24
21
65
-17
46
19
-3
90
9
86
-17
-13
22
-75
27
-55
-54
-95
-133
-136
-85
-105
-38
-23
-55
23
-114
13
10
-122
46
-108
-110
-25
-162
-93
-131
-91
-84
-66
4
-79
-29
-56
-102
-22
-67
-59
-40
-66
-48
-79
-57
-52
-41
-31
-19
-50
22
-23
10
55
-36
66
-21
8
42
44
70
34
107
31
42
92
21
82
60
53
110
46
20
55
71
-2
91
-4
-85
48
-96
-77
43
-68
-14
47
-72
-1
-10
-42
24
-20
-21
-49
0
-51
-16
59
-60
101
42
20
113
19
99
77
35
87
50
44
46
35
-19
14
11
-26
65
-15
-85
3
-62
-97
55
-125
-43
-6
-172
-27
-76
-125
-32
-86
-141
-35
-110
-55
-1
-65
11
-81
14
-31
-45
12
-48
-9
14
8
-30
47
-43
-12
49
-68
35
20
-19
66
-4
29
57
17
66
53
-11
32
-12
11
26
14
27
12
42
3
73
58
81
107
61
87
50
61
68
43
32
19
33
27
22
62
9
0
61
-39
59
11
-19
69
-48
11
31
-24
20
6
-33
29
16
6
47
-4
4
7
10
20
-12
13
-21
-8
-6
-17
17
-25
-6
26
-10
13
26
-12
1
-4
-54
-17
7
-46
-2
-6
-102
-8
-24
-89
69
-57
-31
45
-68
1
13
-56
-52
-30
-56
-39
14
-77
-60
0
-96
4
-3
-61
18
-44
-18
34
-10
16
46
8
18
31
-23
30
-2
-36
28
-27
37
35
10
42
12
36
