SAMPLES:	11275
BITSPERSAMPLE:	16
CHANNELS:	1
SAMPLERATE:	16000
NORMALIZED:	FALSE
0
5
9
14
17
21
23
25
25
29
32
37
40
37
31
28
23
27
25
20
14
7
5
2
3
1
-4
-6
-8
-10
-16
-17
-16
-16
-15
-15
-17
-16
-16
-10
-4
-2
-3
-3
-4
-6
-2
2
5
11
11
7
2
-2
-7
-13
-12
-14
-15
-16
-17
-19
-25
-30
-36
-38
-37
-36
-35
-33
-31
-31
-32
-31
-31
-28
-24
-19
-16
-16
-12
-6
0
3
3
7
9
11
17
20
25
24
20
20
16
15
17
17
14
11
6
3
-1
-3
-1
-4
-12
-13
-12
-13
-15
-17
-17
-17
-17
-18
-14
-11
-7
-6
-5
-7
-10
-11
-7
-4
1
6
2
0
-1
-7
-9
-7
-8
-8
-9
-12
-16
-21
-24
-27
-29
-29
-31
-27
-23
-24
-26
-23
-22
-19
-15
-15
-19
-21
-16
-9
-4
1
1
1
2
3
7
8
9
12
13
13
13
15
17
20
23
23
20
18
15
14
18
21
22
20
16
11
6
3
-1
1
6
7
7
7
5
6
6
4
2
-6
-10
-13
-15
-14
-14
-11
-11
-12
-17
-26
-35
-40
-37
-32
-23
-22
-23
-24
-32
-34
-36
-34
-30
-25
-21
-21
-21
-23
-22
-17
-12
-6
-1
1
0
-4
-5
-2
2
7
7
5
3
6
10
15
19
19
20
22
22
24
23
21
17
15
14
14
14
17
18
14
11
6
4
4
6
8
7
5
4
3
5
5
0
-3
-5
-3
-1
-1
-1
-2
-5
-10
-17
-22
-20
-16
-12
-7
-5
-6
-3
-5
-6
-7
-6
-3
4
10
13
15
16
19
21
20
17
13
10
13
20
27
37
44
46
43
36
27
20
14
15
21
24
28
28
28
25
21
22
25
21
17
16
12
11
10
9
12
13
12
11
9
7
6
4
6
9
5
1
0
-2
2
4
6
6
5
7
8
11
10
4
-7
-16
-19
-20
-15
-14
-9
-2
-2
6
-1
-10
-18
-22
-19
-18
-13
-8
-1
-4
0
3
0
3
5
10
9
1
1
3
11
19
26
36
31
23
13
10
12
15
23
26
21
20
22
16
11
5
-3
-5
-1
0
5
1
1
-4
-11
-12
-17
-19
-17
-15
-8
-1
9
14
15
14
13
12
9
13
7
11
10
9
18
12
13
3
6
2
2
18
7
10
2
0
7
-2
-5
-14
-16
-24
-24
-22
-14
9
8
20
8
-5
-11
-28
-18
-6
2
8
10
21
9
15
11
10
2
-5
2
-10
-3
-6
-13
-25
-15
-13
1
16
25
28
12
0
-19
-26
-21
-24
-23
-17
6
-1
8
10
17
21
-2
10
-4
-5
-2
-9
-11
-48
-55
-76
-65
-47
-36
-19
-42
-42
-61
-52
-54
-58
-59
-64
-47
-43
-20
-23
-43
-38
-45
-17
-11
-1
5
-16
-15
-17
3
-2
30
50
51
46
21
45
31
38
51
46
43
21
8
11
4
9
7
33
9
8
-14
-24
-35
-49
-18
-22
8
2
-2
-25
-48
-42
-39
-20
-29
-25
-15
-43
-32
-31
-25
-9
-7
-9
-15
-29
-45
-58
-80
-56
-52
-42
-14
-44
-52
-69
-84
-82
-54
-33
-23
-30
-22
3
-9
-8
-8
-40
-22
-25
13
28
24
11
-2
28
29
62
34
36
-1
19
59
44
46
25
13
18
46
84
86
55
19
25
10
12
41
21
32
2
35
74
27
44
-6
-38
-29
0
52
58
34
-19
-34
-73
-38
-36
-11
23
-26
12
21
4
14
-23
-5
-28
-16
32
3
14
-47
-47
-44
2
44
11
6
-10
-44
-53
-48
-13
-4
69
48
29
-2
-11
20
-45
26
34
14
25
45
12
-9
-28
8
8
31
52
47
54
55
40
5
55
51
-11
35
65
49
52
49
57
26
14
78
93
-12
-6
-10
-49
22
11
24
9
-34
38
47
18
-29
-61
-78
-32
38
10
74
-14
-48
-40
-86
-1
7
16
7
-49
-28
-20
26
-19
47
23
17
60
-49
17
-69
-45
-7
24
47
21
15
-40
-3
-42
20
68
31
115
35
2
-12
-48
62
-1
19
126
8
7
31
78
10
33
167
65
6
54
47
65
35
76
24
26
60
101
88
39
20
-26
96
33
7
83
-1
8
-54
-39
-36
-64
-25
-32
-44
-119
-41
-51
-103
-54
-109
-84
-48
-98
-47
-121
-37
-127
-59
-130
-80
-76
-128
101
-122
-48
-88
-106
20
-61
97
-102
4
-4
-134
-11
49
102
-29
-8
42
-37
17
97
62
-60
8
63
78
51
72
56
-38
35
100
15
85
84
-6
54
55
23
42
-4
24
74
-80
124
54
-101
92
-110
-22
33
-43
87
-38
-82
32
-114
-153
63
-145
37
1
-91
-34
-258
-108
-59
-86
-49
6
-78
-61
-3
-76
-50
-59
-14
-32
-35
22
-17
-70
-113
-57
-127
-65
43
-27
-28
-11
-96
52
-43
-89
-2
-99
12
-44
4
36
77
-41
105
9
-45
50
-14
182
31
-38
123
-1
147
94
45
108
47
-7
102
67
137
75
58
88
-14
-5
6
49
0
-5
-52
-11
132
-34
39
-96
-180
-51
-45
120
-54
-62
-38
-174
-175
-39
-119
-57
-126
-34
-127
-96
-15
-88
-78
-178
-57
-63
24
121
-67
-31
-68
-83
33
45
19
-6
15
56
196
-38
171
51
-46
114
-38
252
-3
107
229
-23
54
156
116
41
132
260
54
165
80
179
-157
-29
285
-23
124
22
-15
-68
58
135
139
-15
-38
-57
-160
-118
57
-104
-42
-262
-158
-195
-159
8
-122
58
-94
-34
-75
-163
-57
-269
-109
-113
-70
48
-65
-58
-109
-169
-168
-6
21
-1
54
-103
-87
-21
-41
94
9
-69
138
26
92
183
-34
32
-48
-22
156
71
127
215
31
158
133
72
125
128
135
229
166
283
87
94
45
107
115
60
199
109
123
256
34
280
-37
-149
106
-106
115
19
170
-11
-139
30
-39
23
12
40
-65
-88
16
-130
91
-90
-68
-106
-22
103
84
80
0
-59
-61
-93
-32
-33
-15
-91
94
5
70
239
62
-10
-144
-23
-18
-51
282
74
-138
-12
-55
50
146
140
157
-61
23
22
42
-51
72
50
107
105
-61
164
21
80
47
12
-71
-44
-27
84
72
67
92
-81
-104
1
-104
132
25
12
-32
-223
27
-23
-82
-21
-94
-136
142
-30
109
-102
-325
-133
-106
35
22
-168
-154
-180
-131
97
-20
3
-55
-144
-211
-106
-97
-114
-240
63
-183
-71
104
-143
-76
-154
-102
86
-75
5
-156
-86
-17
56
123
74
77
-93
325
76
78
114
-154
79
45
209
176
70
31
-185
-74
78
129
31
121
-72
-111
-2
20
236
-72
-84
-108
-209
10
-228
-54
-279
-317
-133
-77
-115
-20
28
-177
-30
-97
-90
-2
-200
-35
-17
-73
212
18
62
-22
-40
-58
133
-155
-180
-65
-369
82
-80
109
147
-45
139
49
117
197
-173
-97
-15
-158
115
-37
-21
-217
-179
129
-54
313
299
108
204
-129
178
-11
132
-28
152
29
40
132
55
59
-128
-57
80
-2
-65
-57
-143
-158
-190
36
-136
76
-12
65
44
-98
-289
-338
-308
-251
-182
208
-80
-102
-231
-175
-156
-268
24
-182
-69
-104
48
-79
-74
84
-319
-13
33
-13
12
57
153
-164
77
102
82
41
132
193
86
99
140
-57
-122
-150
19
167
242
236
59
64
1
-85
188
-18
143
71
10
83
-2
-22
160
-89
-30
65
-221
35
-163
-93
69
-158
155
30
121
234
-121
69
-216
-142
-208
-58
-45
-49
83
-74
32
39
-15
38
-111
-51
-144
-159
204
88
-110
135
-63
-56
-7
9
93
22
119
83
6
-118
-159
-115
-77
175
-16
247
164
3
179
-70
75
-100
-168
-178
-158
-221
3
174
138
323
226
260
304
56
295
115
73
231
137
136
298
375
204
284
201
226
93
99
211
-266
-961
-1256
-1105
-437
172
818
1022
502
-90
81
-1
-77
-94
-147
-208
-354
-116
457
136
413
294
155
673
509
779
418
115
-28
-141
99
444
136
251
355
333
240
282
145
-191
-365
-386
-321
-292
-377
-341
-100
-224
138
125
62
237
-120
-45
30
-284
-272
-173
-403
-177
-56
240
202
98
283
227
143
179
-113
121
120
59
229
83
2
9
190
303
382
136
179
-299
-284
-34
-135
6
-52
-186
10
-232
145
159
-21
-186
-280
-218
-304
-40
-356
-34
-127
46
327
-93
48
-321
-218
-360
-302
-32
-176
125
-140
194
91
-78
249
-21
219
-108
84
-1
-110
66
-135
181
-88
419
104
282
469
209
514
116
162
129
136
320
106
28
12
133
78
505
178
234
1
-117
144
-310
218
-284
-155
31
-200
70
-154
188
171
96
228
63
106
-225
-30
-221
-344
-111
-225
-91
-119
-203
-66
-82
-260
-269
-303
-477
-18
-434
-293
-256
-599
-45
-364
-130
-152
-542
-90
-154
-143
-276
-17
-159
-82
303
14
462
-317
-6
-182
-261
172
190
422
130
273
442
263
499
214
209
113
34
326
364
345
-102
-139
-205
168
282
203
445
-268
-125
-274
-243
210
-243
342
-127
-153
-81
-205
141
-228
-146
-140
-255
-362
-326
64
-106
-219
-142
-314
-475
-329
-139
165
-75
-145
-407
-557
-425
-143
41
6
-27
-596
-102
-740
-222
-50
-325
217
-237
84
138
-117
130
-241
-143
35
345
531
119
89
-274
-270
-70
283
313
-204
-297
-381
-194
-33
88
369
-137
144
-204
-165
229
-217
75
-244
-22
49
197
78
112
-315
-419
54
50
334
96
-232
63
-284
-127
219
167
105
63
150
-42
369
262
320
257
-474
221
-408
-154
561
-178
267
-320
-239
125
138
149
107
-106
-183
165
-104
344
225
27
45
-23
150
163
420
249
146
-58
-211
76
-77
-115
175
-270
180
95
-244
330
-359
29
388
-96
256
-177
-36
56
-251
-220
31
-240
-134
19
-347
-41
48
-85
151
155
-22
-82
67
-62
14
120
2
2
-247
-89
180
-35
241
430
-157
177
-222
-14
228
-297
-122
51
23
69
17
-28
80
-338
197
463
81
385
-174
122
-37
-164
70
-76
11
-138
-78
246
-93
-190
-49
5
-30
298
451
284
-87
-620
132
-225
346
440
187
6
-101
-96
158
60
266
213
-95
232
208
-13
472
136
329
302
-69
360
-22
116
247
134
174
124
-65
80
104
239
70
-20
-185
-224
-172
84
203
240
-44
162
96
-18
201
153
-1
81
-303
9
-176
-114
63
-66
-132
-196
-414
-128
30
89
362
-87
-47
-325
-167
23
-298
112
-80
-109
-59
-13
53
-96
-213
134
-36
-309
-47
-222
55
286
66
291
-10
-122
222
37
428
268
-18
59
-120
-95
64
213
209
33
394
318
515
192
-54
-174
-261
73
-242
365
70
11
75
-92
8
-184
-77
50
-276
127
357
-459
-125
-373
-105
-248
44
353
225
-177
-61
-341
-14
-65
-224
347
-217
-204
-12
-524
0
-124
-85
236
-197
355
-174
127
169
-15
-157
-359
-88
-580
-125
366
257
207
-26
-55
-264
-38
444
246
143
-87
-28
-154
126
408
-7
186
-284
-102
26
197
266
18
-239
-116
180
50
282
91
-106
231
-122
157
223
-223
-10
-597
67
-211
-110
303
-172
7
47
-167
247
-120
153
92
115
200
-35
-442
-210
-301
-245
84
-16
-81
-249
-249
193
-78
-24
6
-403
-49
-151
-5
91
27
82
82
-67
-342
-123
-762
-146
-123
-409
130
-653
-84
228
-166
225
392
-166
31
-91
-34
-14
-269
-148
-60
-240
57
153
11
112
76
-43
185
59
-120
-21
-121
-275
42
-81
103
450
-62
232
16
-89
-171
-282
92
-165
-141
-306
-301
-503
142
480
425
615
177
208
29
-59
-224
-225
-405
-189
107
111
328
236
91
-62
-295
48
64
54
197
171
-263
-139
-156
-310
-8
103
421
82
-135
-264
-232
-277
-241
200
77
206
144
198
28
-45
223
91
191
187
87
-10
-155
-129
65
70
-122
-278
-113
-45
-1
397
174
13
-324
-217
-34
48
21
-80
78
56
-40
57
-230
-79
-249
-258
156
187
437
268
-164
-283
-127
-211
220
-234
-76
-39
-548
131
-9
143
-51
-309
21
112
210
596
-128
31
-62
-110
-10
-166
90
-78
405
246
479
168
-107
-101
11
230
236
122
-176
26
-238
34
230
-136
353
145
59
138
-301
168
-425
-86
-229
308
6
88
426
44
414
-146
180
117
-64
140
175
-194
-75
-258
-394
-123
-60
489
327
166
512
-95
-94
32
-108
252
-62
-105
-427
-373
-499
-333
-227
31
148
472
427
257
-12
-188
24
-34
461
203
27
187
-6
357
-37
101
235
53
409
494
329
227
-65
-267
-124
-39
211
418
179
283
96
-93
-31
-340
-227
-79
-34
-32
6
-176
-202
-52
-10
280
259
154
340
-106
124
178
-188
35
-436
-90
-84
176
369
168
127
-278
85
-1
217
184
-82
-356
-163
-69
6
69
-71
-132
8
103
409
308
124
-218
-448
95
223
249
334
269
184
-219
20
-154
-357
-247
-386
-379
-365
-144
-392
-317
-261
-289
69
-236
163
-64
-276
-43
-324
-136
-226
-465
223
-78
388
60
-185
28
-182
271
302
479
135
-4
-173
-35
270
138
521
191
232
255
-66
100
-556
-357
-539
-324
133
123
297
0
-14
-36
235
474
528
315
202
255
116
-117
174
-72
115
-36
249
602
325
523
355
500
310
131
264
-33
-138
-110
-345
-106
-171
-143
58
97
111
151
-211
-175
-346
-368
-206
-292
-371
-448
-389
-241
-135
-94
52
-79
-112
-176
-190
-301
-528
-513
-444
-363
-321
-586
-657
-842
-804
-612
-652
-630
-925
-891
-579
-494
-431
-357
-461
-381
-383
-371
-181
-556
-598
-239
-257
-49
92
232
166
126
417
504
840
697
574
586
34
-149
-226
-300
-129
-266
87
201
130
227
339
272
443
626
332
318
107
277
491
496
994
1161
1300
1387
1441
1585
1541
1419
1339
1288
1197
1274
1484
1326
1335
1107
984
1134
969
1061
915
612
522
366
311
9
-92
-235
-365
-389
-516
-624
-909
-857
-928
-904
-996
-1146
-1233
-1352
-1260
-1436
-1649
-2027
-2309
-2286
-2387
-2173
-2308
-2551
-2800
-3179
-3364
-3303
-3349
-3157
-3111
-2884
-2517
-2332
-2118
-2120
-2198
-2153
-2008
-1827
-1556
-1483
-1329
-1013
-814
-295
158
205
464
599
838
1040
1215
1573
1641
1879
1871
2167
2063
2135
2092
1859
2121
2309
2781
2856
2808
2932
2904
3352
3542
3671
3930
3774
4001
4052
4356
4467
4472
4361
4301
4094
4323
4106
4097
4240
4019
4200
4020
4018
3826
3758
3597
3697
2905
2263
1722
540
186
-859
-2320
-3337
-4882
-5326
-6072
-6669
-6741
-7191
-7066
-6893
-6213
-5982
-5168
-5236
-5473
-5427
-5678
-5379
-5714
-6039
-6250
-6392
-5889
-5491
-5015
-4700
-4181
-3599
-3085
-1953
-1744
-949
-867
-842
-323
-621
-223
-492
-621
-968
-1115
-891
-1019
-705
-852
-280
-213
361
1032
1026
1651
1818
2230
2777
2928
3441
3415
3616
3664
3518
3916
3595
3766
3736
3896
4041
4212
4547
4496
5054
5276
5834
5705
5769
5858
5714
6366
6234
6764
6573
6357
6512
5957
6341
5845
5600
5495
4885
5224
4894
5020
4486
3051
2849
923
803
-301
-2145
-3290
-5950
-6407
-7455
-8590
-8459
-9543
-9337
-9557
-8948
-8564
-7964
-7507
-8012
-7068
-7568
-6397
-6172
-6385
-6040
-6656
-5743
-5012
-4616
-3425
-3305
-2192
-1518
-449
324
540
1041
423
779
121
90
-405
-1386
-1622
-2456
-2237
-2279
-2214
-2021
-2164
-1426
-1041
52
342
769
1397
1221
1947
1887
2245
2320
2092
2511
2697
3481
3988
4607
5029
5332
5897
6180
6408
6291
6240
6304
6170
5842
5857
5207
5139
4729
4656
4587
4484
4569
4668
4760
4768
5570
5300
5796
5579
5155
5236
4720
4959
4868
4409
4615
2602
2332
885
-499
-606
-2869
-4361
-6253
-8157
-8040
-9454
-9599
-9899
-10837
-10433
-10319
-9376
-9401
-8168
-9063
-8604
-8220
-7945
-6290
-6811
-6423
-6612
-6403
-4717
-3899
-2830
-1749
-1276
161
1647
3212
3862
4707
4329
3865
3549
2234
1861
-57
-1442
-3091
-4530
-4642
-4994
-5102
-4903
-4535
-3584
-2107
-912
-317
690
704
1088
1187
915
941
133
126
43
221
1237
2129
3128
3993
5058
6079
6845
7550
7172
7270
6908
6459
6320
5361
5012
4470
3795
4073
3324
3651
3828
3834
4628
4699
5381
5755
6074
6302
6418
5973
6086
5903
5642
5934
5306
5524
3484
2973
1766
155
1036
-2346
-2604
-5350
-7021
-6755
-9240
-8806
-10187
-11000
-10854
-11215
-10307
-10152
-9029
-9876
-9379
-8706
-8342
-6186
-6812
-6198
-6280
-6439
-3843
-3782
-2078
-1183
-660
1329
2311
4471
4603
5541
5156
4484
4257
2345
1986
-443
-2211
-3775
-5807
-5624
-6309
-6340
-6027
-5711
-4354
-3006
-1430
-680
290
704
725
1131
203
438
-242
-572
-264
-387
824
1785
2788
4230
5202
6579
7580
8418
8601
8592
8359
7861
7286
6200
5578
4653
4199
3863
3188
3372
2864
3391
3652
3552
4943
4232
5610
5608
5644
6408
5935
6484
6154
6341
6301
5910
4441
3086
2320
65
1090
-1579
-3656
-5198
-8305
-7636
-9535
-9761
-10068
-11709
-11136
-10967
-10371
-9454
-8804
-9182
-9824
-8787
-8938
-7074
-6763
-7577
-6738
-7416
-4805
-3408
-2166
-112
-101
2077
3531
5550
6220
6835
6837
5349
5704
3793
2998
1672
-1109
-2098
-4503
-4689
-4749
-5484
-5041
-5200
-4308
-2986
-1471
-887
62
592
398
1208
515
650
291
-542
-145
-471
469
1456
2360
3589
4714
6209
7173
8448
8700
8918
9025
8416
8286
7432
6369
6007
4876
4703
4279
3402
4022
3253
3827
3817
4130
4505
4570
5172
5135
5239
5601
5811
5870
6379
6276
6250
4110
3087
1637
-600
-68
-3206
-5440
-8000
-10368
-10025
-11670
-10800
-11351
-11990
-11420
-10824
-9801
-9042
-7704
-8717
-9276
-8755
-8847
-7436
-6858
-7657
-7282
-7699
-4856
-3183
-1435
780
1148
3384
4970
7268
7737
8172
7884
5880
5535
3658
2432
831
-2064
-3659
-5946
-5951
-5390
-5793
-5018
-5048
-3844
-2238
-559
323
662
890
262
576
159
116
-140
-1090
-773
-795
318
2051
3168
4664
5600
7089
8254
9365
9905
9481
9118
8332
7849
7121
6308
5590
4767
4142
3984
3574
3828
4105
3915
4198
4416
4880
5217
5517
4953
4785
4879
4873
5568
4925
5126
2770
910
446
-2248
-1801
-3613
-6090
-8453
-10863
-10704
-11607
-11678
-11376
-12661
-12609
-11869
-10506
-10003
-8599
-8337
-9572
-8415
-7830
-6471
-5145
-5581
-5314
-5880
-3922
-1565
-234
1928
2448
3750
5368
7733
8920
9045
9483
7667
7036
6259
4839
3908
1172
-1176
-4171
-5724
-5786
-6476
-6542
-7178
-6896
-6095
-3873
-1855
-1399
100
21
292
815
1102
1142
53
-709
-1291
-1580
-535
773
1628
2492
3642
5171
6869
8928
9524
9560
9195
8793
8358
8109
6930
5698
4126
3078
2449
1859
2754
2054
2331
2620
3217
4466
5221
6214
5482
6058
6507
7142
8070
7465
6648
2257
1609
-1159
-2765
-2591
-6666
-8458
-11917
-12406
-11359
-12225
-10177
-10922
-11270
-10381
-9295
-7895
-7561
-6499
-8587
-9368
-8385
-8031
-5755
-5528
-5700
-5290
-5014
-868
812
3221
4765
4929
6622
7885
10271
9753
9936
8570
6052
5457
3352
2552
271
-2066
-4464
-6779
-6687
-6789
-6755
-7075
-7387
-6771
-5784
-3353
-2826
-2217
-1338
-1977
-938
-627
51
153
-519
-186
-598
139
1360
2284
2859
3335
4464
4955
6435
7311
7254
7523
7051
7038
6822
6194
6015
4676
4060
3187
2566
2514
2389
2699
2091
3198
3505
4954
5720
6001
6649
6216
7886
8039
9192
8945
7866
5487
3282
2081
-64
-576
-4604
-7430
-10883
-12594
-11727
-12487
-11467
-11877
-12023
-11107
-9306
-7898
-6571
-6386
-7382
-8272
-7804
-6773
-5487
-4727
-5534
-5062
-4426
-1203
1961
3741
5769
6123
7601
9477
11289
11476
10845
9193
6623
5165
3378
1680
-221
-3480
-5744
-7737
-8435
-7487
-8249
-8479
-8878
-8983
-7529
-5958
-4913
-4603
-4324
-4163
-3178
-2372
-1360
-529
-1015
-496
24
746
2099
3140
3536
3919
4367
5122
6238
6714
6860
6799
6488
6501
6439
6056
5934
5338
4544
4487
3368
3377
3316
2905
3326
2497
4187
3701
5405
6080
5931
8039
7148
9974
9726
11168
11571
9773
8316
5741
4078
1521
437
-4385
-7411
-11193
-12673
-12825
-13435
-12287
-13395
-11997
-11824
-9237
-8464
-6978
-6924
-8710
-8817
-9290
-8000
-7487
-6640
-7933
-7150
-5987
-2570
526
2738
4899
5564
7976
9747
12039
11807
11599
9414
6952
5314
2995
1231
-1352
-4613
-7668
-9103
-9778
-8917
-9227
-9502
-9738
-9368
-7247
-5650
-4316
-3983
-3798
-3764
-2740
-1480
-867
-51
-276
-7
569
1824
3692
4791
5473
5933
6283
7386
8543
8973
8825
8132
7551
7129
7212
6419
6146
5105
4321
3924
2794
3414
2406
2834
2000
2420
2866
2867
5360
4176
5993
5897
6927
8472
8698
11142
9780
9802
6917
5890
3304
1366
627
-5192
-7184
-11468
-12493
-12636
-13025
-12143
-13057
-12431
-11375
-9893
-8269
-7277
-7468
-8807
-9432
-8978
-8764
-7064
-7174
-8105
-6830
-5973
-1905
591
3374
5025
5806
8394
10144
12137
12080
11461
9287
6864
5429
3078
1226
-1006
-4849
-7144
-9193
-9581
-8829
-9544
-9198
-9877
-8883
-6977
-5208
-4134
-3904
-3637
-4085
-2518
-2024
-1199
-803
-1265
-708
133
1493
3616
4797
5449
6352
6685
8325
9252
9824
9262
8517
7531
6966
6973
5570
5352
3789
3131
2966
2326
2716
2290
2009
1542
2038
2027
3702
3979
4541
5535
5292
7771
7988
10549
9734
10316
8132
5878
6195
1771
3153
-1874
-4638
-7308
-11085
-9695
-11747
-10641
-11657
-11661
-11167
-9980
-8080
-7393
-6716
-7488
-8961
-8524
-8461
-8127
-6535
-8460
-7345
-7285
-4550
-1076
1008
3950
4441
6758
8298
10936
11828
11671
11041
8619
7273
5761
3613
1728
-1308
-4901
-6573
-8695
-8246
-8808
-9386
-9635
-10043
-8510
-7299
-5609
-5487
-4807
-4910
-4235
-2850
-2559
-1638
-1942
-1916
-1270
-211
989
2611
3250
4084
5256
6261
7983
8905
9216
8959
8828
8248
8467
7741
6680
6448
4723
4650
3982
3103
3081
2064
1816
1450
1897
1887
3385
3626
4063
5792
6171
8033
9690
10086
10679
9403
6638
6904
2777
2622
643
-4381
-5595
-10337
-9553
-10983
-10233
-9794
-11097
-9305
-9912
-6928
-6769
-5591
-5824
-7990
-8188
-8290
-8579
-7148
-7980
-8769
-8017
-6941
-3098
-1105
2374
3142
5138
7138
9357
11693
11067
11520
8899
7165
5911
3914
2221
-161
-3239
-6016
-7660
-7964
-7831
-8321
-8741
-9339
-8831
-7543
-5602
-5395
-5024
-4869
-4807
-3514
-2708
-1974
-2080
-2210
-1927
-1010
102
1628
2882
3021
4139
4991
6345
8035
8703
8725
8806
8670
9102
9130
8380
7738
6748
5846
5576
4855
4049
3721
2428
2316
1866
2700
2526
3593
3984
3846
6040
6418
8657
9453
9776
10430
7512
6954
5146
1802
1357
-2738
-5648
-8933
-11225
-10251
-12052
-10039
-10835
-10617
-9145
-8553
-5924
-6402
-4999
-6450
-7912
-7630
-8376
-7990
-7950
-8820
-9172
-8426
-5905
-2650
-609
2340
3390
5242
7970
10076
11187
10685
10083
7917
6425
5336
3016
1495
-1404
-4055
-5816
-7788
-6792
-7974
-8373
-8532
-9465
-7859
-7169
-5827
-5824
-5784
-5236
-4835
-3392
-2971
-2267
-2262
-2164
-1101
-494
578
1997
2265
3404
4214
5213
7026
7759
8750
8744
9191
9684
10106
10007
9415
8868
7836
7116
6758
4725
4553
2898
1867
2164
430
2176
1260
2461
3029
3527
5368
6360
8316
8490
9437
7932
5825
5483
2022
626
-1334
-5806
-7695
-11221
-11491
-11298
-11753
-9793
-10885
-9180
-8457
-6405
-5246
-5244
-4568
-7446
-7321
-7981
-8378
-8076
-8577
-9629
-9060
-7854
-4508
-2030
575
2853
3923
6907
8870
11198
11313
10831
9695
7347
6791
4945
2935
897
-1894
-4722
-5796
-6576
-6584
-7008
-7995
-8317
-8251
-6727
-5509
-4763
-5048
-4655
-4440
-3636
-2263
-2466
-2048
-2389
-1929
-1024
47
1264
2179
2719
3321
4710
5882
7705
8539
8994
9089
9699
10130
10647
9848
9151
8245
7013
6976
5080
4788
2664
1731
1758
-3
1760
785
1866
2375
2283
4652
5185
7043
8531
8132
8857
6988
5367
4992
514
984
-3414
-6227
-8114
-11721
-9781
-12054
-9911
-10356
-10423
-8575
-8359
-5837
-5973
-5212
-6180
-7649
-7678
-8130
-8639
-7947
-9334
-8935
-8462
-6505
-3178
-1832
1645
2196
4644
6932
9112
10853
10482
10752
8971
7984
7146
5348
3512
1531
-1538
-3139
-5218
-5681
-6071
-8126
-7683
-9171
-8351
-7418
-6748
-5870
-6353
-5063
-4545
-3225
-2459
-1817
-1696
-1971
-730
-592
382
1304
1745
2239
3083
3837
5672
6883
7975
8902
9223
10546
11025
11382
10757
10140
8974
7875
7159
5106
3959
2382
877
470
-498
325
404
1416
2039
3096
5017
6154
8616
9096
9634
9990
7950
6640
5568
1446
1243
-3135
-5861
-8216
-11407
-9509
-11638
-9458
-10011
-9548
-8004
-7666
-4861
-5980
-4782
-6259
-7700
-7943
-8826
-9277
-9199
-10342
-10166
-9310
-7482
-3692
-2243
1260
2467
5169
7603
10392
11847
11732
11831
9685
9285
7676
6251
4336
1626
-1123
-3575
-4910
-5736
-6246
-7571
-8101
-9123
-8441
-7269
-6459
-6187
-6136
-5737
-5401
-3862
-3102
-3016
-3008
-3092
-2531
-1651
-715
686
840
1771
2842
3975
6167
7776
8687
9459
10075
10912
11636
11637
11042
9830
8793
7971
6724
5340
3620
2112
800
-196
174
-938
374
40
1414
2736
3521
6022
6261
8590
8784
9432
9195
6686
5960
3513
875
540
-3880
-5429
-8298
-9838
-8771
-10402
-7937
-9183
-8248
-7380
-7081
-5152
-6305
-5495
-7913
-9038
-9747
-10119
-10517
-10193
-11490
-10592
-9635
-6786
-3769
-1808
1610
2212
5843
7662
10397
11696
11481
11538
9430
9076
7644
6051
4049
1002
-1601
-4208
-5073
-5664
-7133
-7757
-9069
-9510
-8393
-7696
-6236
-6637
-6234
-5721
-5229
-3906
-3136
-3060
-3297
-3102
-2561
-1711
74
816
1781
2722
3671
6001
7679
9507
10521
10962
11715
12391
12641
12372
11477
9712
8378
7121
5512
3874
2599
504
173
-948
-1103
83
-1402
1358
726
2476
3808
4413
6977
5826
9041
7082
8041
5485
4377
3218
-493
1016
-4561
-4626
-8050
-8076
-8436
-8692
-7120
-8830
-7116
-7880
-6144
-6621
-5882
-7134
-8554
-9954
-10453
-10382
-11343
-9836
-12103
-10250
-9438
-6337
-3782
-1453
1304
2255
5725
7482
10160
10846
11247
10817
9750
9051
8291
6645
4440
1955
-1215
-3139
-4305
-4987
-6572
-7631
-9206
-9426
-8580
-7602
-6533
-6941
-6516
-6114
-5413
-4144
-3270
-3420
-3534
-3323
-2796
-1627
-190
620
1505
2354
3745
6104
7768
9832
10455
10928
11868
12306
12574
12247
10704
9298
7528
6499
4592
3074
1444
-492
-547
-2466
-836
-2087
-1143
-304
129
2062
2463
5346
4624
7232
7352
7662
8648
5443
6193
2962
1578
1517
-1965
-3054
-5623
-6595
-6644
-6964
-5826
-6760
-6572
-6167
-6606
-5183
-6275
-6403
-7822
-10091
-9925
-11024
-11013
-10502
-11734
-10730
-10044
-7346
-4757
-2388
434
1658
4754
6866
9304
11048
11255
11474
10633
9811
9283
7660
5931
3484
543
-1402
-3254
-3761
-5515
-6682
-7544
-8669
-7304
-7530
-6239
-6711
-6747
-6184
-5925
-4701
-4530
-3886
-4511
-3912
-3476
-2319
-1115
-143
1120
1882
3651
5268
7500
9046
10334
10877
11587
12033
12399
11879
10721
9325
7329
6392
4513
3196
1648
-449
-567
-2430
-1422
-1898
-1879
-566
-1375
1350
819
3412
4048
4743
6543
6682
7785
7522
6106
5495
3670
2131
2816
-1415
-1314
-4629
-5072
-4682
-6167
-3623
-6715
-4805
-5953
-5650
-5098
-6343
-6276
-8688
-9484
-10168
-10424
-10646
-9744
-11294
-9633
-9113
-6113
-3812
-1783
1239
1558
5238
6777
9333
10428
10669
10707
9687
9596
8593
7328
5304
3084
147
-1316
-3357
-3659
-5454
-6800
-7074
-8746
-6981
-7350
-6477
-6759
-6897
-6246
-6185
-4709
-4800
-4177
-4368
-4106
-2990
-2075
-699
765
1230
2634
4113
5291
7851
8497
9728
9824
10427
10893
10788
10322
8923
7431
5943
4951
3486
2540
230
-122
-1900
-1876
-1818
-2687
-655
-2830
460
46
1575
3777
3660
6467
5677
8580
8162
8596
7034
6563
4460
3410
3381
-215
-538
-4249
-3118
-5382
-4327
-4393
-6403
-5246
-7158
-5667
-7187
-6512
-7901
-9333
-10383
-10676
-10947
-10838
-10037
-10978
-9694
-9032
-5849
-4402
-1440
476
1916
4994
6659
9468
9980
11186
10826
10208
9959
8881
7680
5564
3529
904
-1406
-2546
-3704
-5816
-6583
-8131
-8887
-8359
-8372
-7527
-8434
-7680
-7384
-7044
-5434
-5231
-4445
-4531
-3564
-2630
-1761
22
955
1656
3190
4250
5827
7319
8422
9137
9164
10193
10320
10295
9933
8678
7351
5967
5046
3647
1994
751
-1030
-1694
-2601
-2927
-2714
-3255
-2322
-2029
-230
981
2335
4606
5124
7002
8622
9114
10331
8473
8022
7004
4124
5503
1367
91
-1953
-4045
-3159
-5184
-3318
-5621
-5627
-5315
-6394
-5368
-6531
-6913
-8499
-10256
-10476
-10912
-11767
-10438
-12151
-11238
-10440
-8478
-5466
-4135
-693
-9
3139
5653
7903
9822
10273
10837
10121
9902
9284
7917
6046
3900
1373
-866
-2595
-3542
-5178
-6713
-7362
-8235
-8008
-7449
-7142
-7254
-7235
-6847
-6043
-5542
-4757
-4534
-4440
-3916
-2710
-1911
-725
680
1092
2364
3738
5039
6540
7826
8313
8843
9168
9788
10047
9229
8724
7061
5526
4727
3235
1828
132
-1097
-2473
-2999
-3008
-3512
-2849
-3211
-1693
-1191
783
2922
3551
6037
6562
8136
9728
9957
11163
8900
8262
7878
4648
6166
2342
1163
-812
-2885
-1800
-4478
-2594
-4631
-5173
-5145
-6511
-5873
-7174
-7446
-8845
-11019
-11149
-11490
-12421
-10730
-12442
-11061
-10464
-8338
-5251
-4162
-330
148
3448
5372
7726
9560
10055
10937
10015
9900
8963
8071
6346
4738
1739
-83
-2034
-3397
-4244
-6363
-6904
-8427
-7963
-7937
-7687
-7168
-7343
-6681
-6140
-5214
-4572
-3775
-3519
-2880
-2254
-1387
-65
668
1442
2261
3277
4335
6145
6986
7838
8392
8776
9411
9550
9288
8319
6958
5435
4139
2453
1167
-503
-2092
-3268
-4233
-4189
-4332
-3607
-2992
-2743
-958
700
2414
4605
6022
7225
8379
9985
11086
10865
11673
8776
8803
7042
5372
5801
1603
1790
-1641
-1988
-2366
-3297
-2951
-5116
-5084
-6898
-7135
-7357
-8536
-9875
-11298
-13285
-13278
-13415
-13331
-12449
-13433
-11446
-10636
-7301
-5041
-2277
142
1353
4922
6458
9259
10505
11119
10938
10337
10081
8990
8089
5973
3846
1269
-594
-1681
-2760
-4258
-5501
-6668
-7529
-7031
-7011
-6694
-6900
-6735
-6639
-5947
-5200
-4455
-3962
-3969
-2945
-2561
-990
195
1013
1983
2602
4089
5190
6861
7770
8130
8588
8874
9041
8970
8093
7062
5164
3808
2485
859
-102
-1784
-2738
-4090
-3948
-4300
-3355
-3553
-2294
-1732
-614
2466
2242
6286
5367
8209
9228
9665
12167
10640
12399
8883
10241
7838
6656
6923
3022
2474
-704
-931
-2441
-2866
-4178
-5344
-7107
-7737
-8393
-9489
-9910
-11908
-12549
-15030
-13762
-14777
-14172
-13213
-13736
-11880
-10783
-7269
-5415
-2228
-264
1877
4633
6820
9317
10503
11279
11118
11331
10300
10164
8754
7077
5231
2540
1147
-719
-1818
-3626
-5091
-6524
-7420
-7171
-7612
-7279
-7531
-7456
-6855
-6151
-5395
-4505
-4256
-3771
-3016
-2404
-1021
-231
677
1433
2235
3458
4691
6151
6852
7333
7771
8127
8448
8378
7721
6498
5032
3853
2330
940
-453
-2107
-3457
-4382
-4883
-4703
-4736
-3885
-3249
-2536
-29
995
3639
5025
6667
8496
9201
11637
11605
12422
12550
10374
10796
8687
7634
7186
3793
3137
-21
-801
-1424
-3586
-3172
-6200
-6533
-8065
-9445
-9192
-11893
-11865
-14046
-15571
-15233
-16251
-15154
-15029
-14472
-12973
-11727
-8090
-5891
-2723
-75
1691
5033
6813
9573
11087
11555
12530
11838
12121
11477
10460
9422
6571
5393
2335
1169
-256
-2751
-3565
-6218
-6437
-7341
-7287
-7004
-7802
-7243
-7501
-6586
-5987
-5470
-4792
-4803
-4178
-3194
-2496
-1214
-363
272
1431
2452
4242
5478
6802
7233
7912
8260
8477
8762
7687
6949
5240
3733
2363
608
-671
-2349
-3796
-4760
-5761
-5222
-5309
-4355
-3415
-2818
-551
587
3349
5018
6764
8656
9511
11494
12144
12872
13349
11775
11414
10213
8223
8344
5398
4212
1657
-304
-640
-2873
-2432
-4906
-5896
-7444
-9126
-9379
-11494
-12056
-14055
-15855
-16383
-16995
-16464
-15859
-15171
-13869
-12545
-9300
-6481
-3348
85
2133
5345
7437
10289
12112
13166
13900
13389
13290
12214
11538
10140
8069
6027
3849
1843
441
-1062
-2830
-4317
-5970
-6483
-7274
-7565
-7708
-8445
-8357
-8412
-7873
-7465
-6987
-6313
-6086
-5163
-4095
-3106
-1658
-617
562
1940
3291
4964
5934
6875
7406
7499
8011
7723
7358
6324
5065
3762
2115
943
-674
-1858
-3172
-4259
-4562
-5333
-4334
-4476
-3126
-2253
-1143
1473
2077
5367
6047
8318
9935
10921
12665
12820
13468
13269
12118
11287
10186
8133
7945
5182
4085
1652
139
-450
-3018
-2469
-5543
-6348
-8334
-9959
-10979
-12923
-13562
-15615
-16534
-17414
-17141
-16786
-15278
-14258
-12310
-10491
-7283
-4010
-1184
2465
4271
7157
8914
11142
12625
13032
13697
12894
12325
11519
10605
9545
7958
6227
4390
2317
704
-20
-2578
-3824
-5214
-7476
-7910
-9111
-8705
-10385
-10213
-9761
-10369
-8910
-8455
-6644
-6700
-5104
-3385
-3125
-948
292
1375
2197
3096
4309
4879
5678
6581
5908
6436
5975
5887
5422
4512
4060
1983
1544
153
-970
-1749
-2847
-3299
-4185
-4036
-3161
-3269
-1567
-382
1030
2867
4903
7311
8083
10797
11461
12538
13424
13773
14057
12637
11988
10618
8524
7504
6469
3871
1962
-31
-1369
-3446
-4051
-5151
-7831
-8779
-10854
-11993
-13644
-14276
-15435
-17214
-17427
-17533
-16735
-15424
-13346
-11818
-9980
-7059
-3634
-1015
2475
4938
6569
8552
10280
11872
12375
13113
12880
11848
11337
10425
9628
8493
6948
5372
3027
1728
441
-1988
-2803
-5310
-7287
-8363
-9912
-10326
-11661
-11264
-11906
-11808
-10599
-9671
-7789
-6892
-4678
-3457
-2595
-232
724
1829
2640
3044
3546
3591
4441
4567
4601
4816
4576
4870
4447
4931
4547
3580
3150
1705
760
-231
-979
-1968
-2859
-3167
-3393
-3108
-2134
-847
258
2035
3837
5664
7803
9880
11456
12667
13462
14475
14282
14423
14147
11945
10298
8549
6323
4691
2729
834
-2097
-3817
-4725
-6777
-6843
-8658
-9663
-11498
-12870
-12948
-14778
-14504
-15656
-16390
-16518
-15772
-13972
-12723
-10202
-8462
-6352
-3338
-211
2867
5459
7350
9276
9864
11540
12353
12523
12530
11338
10526
8722
8164
6906
5512
3875
1736
305
-1771
-2044
-3926
-5195
-6519
-8449
-8982
-10217
-9800
-10554
-10918
-10368
-10562
-9128
-7839
-5985
-4621
-3690
-1686
-818
800
2167
2713
3024
2659
3190
3208
3507
3953
3471
3406
3044
3392
3442
3207
3263
2067
1269
696
-99
-526
-1338
-1606
-2399
-2287
-1665
-851
455
1499
3153
4261
6364
8033
9963
11221
12158
12754
12824
13576
12892
13254
11730
10912
8650
6685
5951
2944
2834
-234
-1451
-4107
-5471
-5706
-8047
-7603
-9978
-10626
-12154
-12876
-12614
-13881
-13333
-13968
-14007
-13063
-11552
-9458
-7686
-5769
-3519
-2131
1046
3284
5414
6977
7559
8892
8494
9785
9501
9114
8386
6861
6316
4568
4290
3239
1897
753
-801
-1646
-2603
-3597
-4618
-5610
-7113
-7542
-8574
-8890
-9235
-9065
-8839
-8628
-7237
-6656
-4747
-3525
-2153
-660
-1
1571
2184
2816
3090
3090
2815
2608
2630
2309
2123
2148
1597
1699
1519
1638
1932
1486
1680
911
940
730
663
659
272
730
378
1232
1973
2517
3746
4550
5463
6641
7621
8658
9911
10142
11029
10774
11304
11135
10622
10691
8722
8024
5235
4595
2204
444
-418
-3528
-4662
-7202
-7337
-9058
-9303
-9739
-10839
-11200
-11732
-11074
-11600
-10491
-10350
-9875
-9293
-7786
-6465
-5021
-3291
-2241
-963
-38
2299
2807
4539
5056
5788
5888
6330
7015
6559
6969
6039
5722
4292
3668
2800
1758
760
-577
-1749
-3262
-3705
-5210
-5473
-6192
-6959
-6931
-7480
-7084
-7072
-6260
-5394
-4743
-3771
-2728
-1585
-848
105
885
875
1328
1445
1287
1099
791
679
293
274
362
526
863
1055
1418
1474
1991
2234
2252
2403
1978
1815
1467
1366
1219
817
1051
798
1262
1671
2318
3429
3754
5165
5789
6724
8157
8566
9955
9438
9867
9797
8941
9223
7810
7191
5127
3101
2331
-383
-555
-2280
-3685
-4901
-6640
-5984
-7794
-6681
-7205
-7920
-7648
-8813
-7759
-8730
-7952
-7857
-8607
-7882
-8025
-6861
-6162
-4892
-3623
-3160
-1439
-183
1099
2876
3545
4795
4690
5219
5484
5076
5386
4651
4024
2794
2142
1388
507
75
-757
-1763
-2297
-2717
-3126
-3192
-3519
-3256
-4020
-3579
-3569
-3701
-3343
-3206
-2843
-3277
-2471
-2496
-2211
-1849
-1620
-1336
-1318
-683
-548
-445
-264
-42
-62
146
297
519
721
971
1108
1097
1555
1507
1703
1587
1732
1439
1534
1696
1531
1635
1629
2227
2263
2902
3381
3974
4402
4968
5676
6028
6660
7058
7628
7412
7873
7352
7894
7371
7279
6977
5776
5182
3032
2945
725
376
-954
-2526
-3162
-4866
-4253
-5503
-5050
-5625
-6182
-6432
-7261
-7138
-7788
-7829
-8121
-8550
-8529
-7956
-7531
-6151
-5426
-4074
-3287
-1969
-466
375
2081
2354
3402
3295
3621
3806
3464
3735
3082
2920
2275
1918
1820
1431
1269
1065
445
449
-117
-608
-990
-1583
-1863
-2693
-2926
-3514
-3795
-3887
-3690
-3641
-3722
-3204
-2981
-2495
-2128
-1552
-1496
-1307
-1169
-1041
-922
-942
-642
-652
-521
-364
224
685
1080
1475
1578
1927
1989
2160
2161
2069
1818
1724
1578
1393
1373
1425
1648
1688
1879
2259
2594
3023
3770
3923
4803
5004
5687
6418
6365
7431
7153
7901
8097
7844
8300
7357
7786
5819
5247
4077
2145
1976
-241
-721
-2655
-3275
-3859
-5028
-4957
-6128
-6051
-7332
-7998
-8588
-9528
-9537
-10029
-10356
-10175
-9863
-8752
-7449
-6260
-4504
-3496
-1293
-286
1361
2519
3246
4503
4323
4905
4729
4771
4840
4696
4535
4125
4061
3874
3804
3337
2712
2339
1446
413
-398
-1511
-2433
-3402
-4113
-4963
-5388
-5486
-5558
-5383
-5464
-4930
-4654
-4207
-3510
-3210
-2797
-2299
-1755
-1490
-1042
-524
-278
291
676
1113
1460
1725
2233
2132
2257
2336
2243
2044
1843
1643
1312
1225
1186
1043
856
897
701
768
755
948
1006
1193
1481
1814
2538
3220
4162
4959
5642
6817
7473
8306
9059
9084
9687
9064
9408
8562
7922
6663
4587
3870
1116
641
-1313
-2779
-4030
-5640
-6059
-7464
-7389
-8315
-8610
-9504
-10239
-10682
-11035
-10892
-10764
-10481
-10070
-8695
-7770
-5608
-4046
-2125
-614
1020
2466
3364
4930
5331
6164
6243
6445
6559
6521
6653
6537
6025
5559
4993
4087
3378
2098
1077
-500
-1405
-2797
-3810
-4519
-5283
-5498
-5934
-5616
-5704
-5376
-5296
-4932
-4944
-4467
-4155
-4090
-3462
-3359
-2512
-2134
-1029
-351
449
1180
1480
2129
2140
2759
2376
2345
1974
1482
1205
840
781
273
195
-180
-196
-520
-357
-445
-520
-527
-771
-539
-721
31
244
1084
1780
2573
3855
4510
6015
6447
7704
8070
8512
9257
8776
9694
8857
9220
8672
7960
7777
6274
5584
3266
2159
-73
-1711
-3303
-5437
-6604
-8403
-8823
-9805
-10035
-10164
-10378
-10242
-10506
-10070
-9886
-9217
-8457
-7625
-6732
-5196
-3824
-1868
-212
1521
3063
4231
5522
6057
6978
7127
7458
7175
6760
6386
5668
5343
4500
3755
2672
1765
760
-383
-1329
-2480
-3424
-4232
-4966
-5630
-6087
-6160
-6135
-5986
-5591
-5350
-4874
-4524
-3955
-3503
-3145
-2408
-1926
-1285
-668
53
815
1455
2108
2471
2750
2791
2660
2409
1903
1297
802
216
-313
-864
-1076
-1192
-1292
-1257
-1211
-1126
-1143
-923
-728
-719
-443
-157
133
486
997
1828
2565
3571
4568
5284
6295
6842
7929
8141
8791
8934
8750
9208
8432
8929
7971
7998
7070
6133
5349
3402
2053
-521
-1767
-4297
-5283
-6841
-8016
-8650
-9397
-8776
-9278
-8020
-8166
-7545
-7559
-7264
-6699
-6558
-5271
-5019
-3594
-2817
-975
327
2103
3633
4681
5812
6116
6577
6159
6239
5516
5020
4158
3370
2460
1584
1080
84
-316
-1342
-1944
-2974
-3759
-4438
-5114
-5185
-5638
-5398
-5557
-5147
-4679
-4282
-3205
-2966
-2148
-1867
-1730
-1195
-1128
-272
-159
476
994
1179
2063
2146
2798
2668
2505
2229
1161
842
-328
-916
-1637
-2288
-2374
-2852
-2377
-2396
-1879
-1465
-1204
-721
-709
-346
-516
-355
-176
53
605
1156
1849
2683
3629
4520
5532
6165
6788
6911
6953
6793
6324
6333
5803
5764
5443
5417
5311
5027
5341
4439
4380
3220
2298
770
-1132
-2015
-4292
-4299
-5429
-5534
-5618
-5788
-4582
-4801
-3025
-2928
-2396
-2252
-2538
-2182
-2470
-1420
-1407
-631
-38
656
1531
2315
3098
3129
3018
2536
1843
1091
708
-216
-566
-1197
-1424
-1643
-1839
-1580
-2289
-2289
-2976
-3490
-3925
-4268
-4379
-4608
-4240
-3966
-3272
-2462
-1442
-798
-214
215
67
167
-15
-211
-465
-620
-706
-648
-246
151
559
701
685
248
-163
-746
-1417
-2195
-2826
-3329
-3527
-3220
-2741
-2036
-1332
-537
3
574
929
1079
1169
1098
1149
1116
1386
1775
2233
2802
3342
3710
4074
4230
4336
4088
3812
3385
2773
2643
2251
2314
2161
2269
2346
2516
2971
3231
3693
3696
4118
3865
3945
4003
3539
3493
2423
2132
1106
779
895
235
473
-348
-385
-543
-504
-219
-1004
-1172
-2128
-2702
-3064
-3388
-3531
-3847
-3855
-4152
-3986
-3767
-3461
-3330
-3421
-3554
-3810
-3778
-3487
-3271
-2902
-2443
-2255
-1620
-1211
-561
-81
236
483
314
419
365
378
515
374
313
277
38
190
-341
-577
-1072
-1730
-1762
-2396
-2451
-2853
-2839
-2665
-2469
-1978
-2036
-1793
-1800
-1714
-1722
-1671
-1707
-1631
-1392
-1090
-484
167
1056
1696
2263
2602
2838
2910
2940
2778
2361
2104
1576
1467
1179
1041
851
464
277
-225
-459
-865
-1099
-1292
-1347
-1209
-938
-383
300
1070
1924
2643
3429
4092
4743
5635
6191
7173
7724
8364
8966
9153
9577
9262
8940
7768
6319
4901
3099
2189
859
-140
-1146
-2312
-2922
-3667
-4094
-4975
-5940
-7049
-8303
-9009
-9712
-9759
-9651
-9052
-8219
-7152
-5860
-4662
-3445
-2664
-1928
-1544
-1131
-672
-66
580
1322
2163
2741
3471
3864
4103
3983
3491
2672
1569
411
-580
-1436
-2082
-2383
-2863
-2798
-3079
-3029
-3280
-3825
-4016
-4794
-4752
-4956
-4806
-4284
-3725
-2518
-1405
-147
842
1660
2169
2656
2807
2945
2942
2859
2903
2879
3183
3278
3479
3295
2983
2370
1773
1080
303
-372
-1251
-1668
-2194
-2266
-2433
-2495
-2521
-2654
-2637
-2670
-2557
-2335
-1834
-1187
-131
829
2158
3403
4656
5966
6855
7774
8164
8513
8634
8685
8859
8877
9083
8955
8919
8607
8044
7353
5984
4473
2401
472
-1394
-2842
-3811
-4732
-5073
-5690
-5822
-5969
-6194
-6382
-6961
-7449
-7944
-8083
-7881
-7202
-6279
-4984
-3730
-2317
-1095
-145
609
752
906
594
409
219
205
398
685
1116
1329
1461
1210
786
9
-823
-1893
-2828
-3698
-4236
-4319
-4176
-3605
-3037
-2313
-1774
-1277
-1014
-963
-982
-1072
-1074
-842
-425
198
1052
1850
2639
3171
3394
3461
3142
2737
2246
1670
1242
852
614
491
319
142
-178
-638
-1161
-1760
-2272
-2711
-2908
-2922
-2644
-2151
-1515
-795
-117
561
1023
1459
1691
1832
1986
2051
2308
2583
2951
3498
3765
4109
4255
4202
4242
3865
3668
3141
2725
2499
2012
1914
1501
1288
971
501
143
-493
-944
-1468
-1806
-1989
-2031
-1842
-1581
-1118
-666
-151
329
715
1003
1169
1285
1335
1421
1521
1598
1756
1823
1884
1796
1533
1151
601
-8
-780
-1509
-2258
-2833
-3309
-3676
-3935
-4154
-4296
-4402
-4519
-4676
-4815
-4950
-4891
-4800
-4497
-4197
-3682
-3092
-2454
-1674
-1134
-499
-103
287
616
811
1053
1207
1384
1558
1691
1803
1821
1780
1639
1412
1182
772
456
107
-215
-421
-669
-773
-914
-919
-897
-822
-666
-538
-288
-63
287
639
979
1326
1621
1867
2066
2234
2282
2307
2205
2094
1968
1852
1807
1726
1692
1607
1453
1270
1003
661
319
-116
-492
-842
-1139
-1267
-1386
-1334
-1253
-1100
-866
-630
-378
-147
107
353
636
925
1215
1481
1764
2023
2241
2393
2472
2454
2380
2254
2071
1855
1630
1425
1211
1049
862
650
353
13
-414
-860
-1323
-1801
-2218
-2635
-2871
-3081
-3141
-3131
-3094
-2975
-2888
-2768
-2690
-2620
-2545
-2488
-2413
-2283
-2179
-1977
-1795
-1566
-1344
-1158
-988
-892
-829
-838
-851
-867
-847
-809
-762
-675
-559
-410
-239
-147
-63
-31
61
186
343
532
710
945
1195
1451
1703
1928
2080
2210
2269
2307
2353
2372
2366
2340
2306
2226
2108
1885
1632
1340
1019
701
321
29
-267
-466
-656
-817
-920
-1054
-1100
-1135
-1155
-1156
-1171
-1091
-1032
-914
-754
-538
-171
127
562
903
1259
1667
1906
2259
2392
2583
2745
2738
2856
2687
2756
2740
2655
2678
2382
2315
1974
1772
1561
1226
1060
665
457
145
-87
-301
-528
-671
-889
-1045
-1179
-1298
-1411
-1571
-1724
-1901
-2037
-2051
-2145
-2137
-2238
-2294
-2424
-2599
-2669
-2811
-2823
-2968
-3010
-3079
-3057
-3000
-2987
-2892
-2836
-2690
-2588
-2458
-2374
-2217
-1984
-1748
-1456
-1213
-853
-463
-68
306
573
870
1116
1379
1587
1735
1936
1998
2195
2267
2391
2517
2442
2440
2221
2061
1831
1582
1363
1079
985
831
699
590
363
242
-20
26
-158
-246
-308
-401
-233
-333
-84
-58
148
426
449
668
648
1006
1191
1368
1605
1619
1991
2082
2240
2308
2363
2556
2500
2370
2189
2007
2020
1905
1810
1593
1535
1537
1512
1430
1269
1174
1072
940
734
535
409
326
241
117
-23
-53
-129
-204
-359
-579
-797
-1103
-1406
-1772
-2151
-2427
-2652
-2841
-3021
-3207
-3334
-3434
-3585
-3781
-4041
-4232
-4325
-4368
-4288
-4209
-3978
-3653
-3275
-2884
-2583
-2214
-1866
-1454
-1102
-802
-482
-120
316
727
1180
1543
1838
2086
2198
2287
2203
2148
1996
1830
1758
1611
1557
1386
1188
923
522
227
-172
-448
-717
-937
-1092
-1231
-1211
-1221
-1182
-1159
-1134
-1118
-1052
-951
-828
-643
-445
-110
246
669
1116
1482
1821
2104
2314
2454
2505
2534
2522
2607
2743
2831
2960
2918
2894
2757
2566
2399
2107
1942
1724
1562
1454
1287
1219
1033
915
779
599
450
319
230
196
138
211
281
415
639
723
882
772
709
513
259
72
-344
-671
-1161
-1537
-1805
-2027
-2129
-2305
-2507
-2690
-2990
-3226
-3535
-3778
-3942
-4095
-4076
-4106
-3934
-3756
-3433
-3118
-2799
-2447
-2196
-1865
-1630
-1308
-988
-616
-204
206
644
1047
1409
1662
1815
1824
1752
1568
1371
1115
941
763
614
494
363
239
88
-85
-323
-534
-777
-949
-1096
-1148
-1110
-1069
-942
-787
-612
-386
-199
-6
187
371
597
774
1033
1255
1514
1741
1921
2097
2194
2280
2281
2290
2241
2214
2115
2051
1979
1897
1844
1669
1484
1250
1027
816
584
409
251
99
55
28
137
205
318
387
429
490
503
574
575
618
563
558
581
623
735
683
641
545
444
396
213
106
30
-75
-136
-332
-513
-680
-919
-1141
-1475
-1824
-2100
-2418
-2548
-2652
-2659
-2471
-2377
-2146
-2116
-2023
-2018
-2054
-2026
-2084
-2029
-1967
-1764
-1532
-1296
-1099
-840
-679
-521
-456
-473
-443
-461
-415
-407
-328
-210
1
211
409
538
552
519
421
281
190
131
151
305
439
636
787
972
1130
1162
1176
1130
1165
1230
1332
1491
1591
1725
1797
1774
1763
1622
1538
1435
1273
1239
1076
1094
1063
1105
1083
1019
997
864
825
612
527
349
211
185
55
46
8
78
200
174
205
60
114
83
-22
-37
-253
-136
-272
-220
-282
-426
-369
-559
-379
-490
-458
-487
-631
-561
-828
-821
-914
-848
-718
-649
-497
-486
-327
-327
-282
-360
-376
-391
-442
-410
-542
-540
-609
-632
-656
-764
-731
-830
-800
-795
-817
-819
-880
-833
-777
-687
-575
-505
-433
-408
-444
-417
-445
-389
-365
-306
-207
-66
144
264
447
544
648
734
768
843
840
833
827
753
747
706
695
688
651
695
660
786
801
924
968
949
1029
929
1106
1006
1051
964
910
1066
934
1116
930
1040
948
938
946
742
789
528
583
375
401
310
228
197
-11
-39
-371
-440
-735
-786
-932
-1091
-1113
-1354
-1301
-1500
-1429
-1446
-1368
-1264
-1276
-1179
-1178
-1117
-1076
-1036
-929
-832
-690
-584
-520
-439
-441
-421
-455
-386
-340
-238
-177
-117
-63
-107
-68
-180
-153
-226
-277
-265
-414
-444
-614
-641
-723
-788
-726
-744
-593
-508
-400
-276
-203
8
116
254
334
403
518
467
444
382
325
336
308
280
213
89
53
-77
-103
-173
-188
-186
-272
-285
-407
-302
-333
-224
-189
-74
125
206
470
468
679
806
993
1140
1171
1316
1391
1555
1691
1766
1875
1976
2014
2063
1925
1837
1668
1529
1331
953
791
514
412
161
-83
-267
-486
-529
-687
-681
-763
-781
-800
-833
-813
-839
-673
-596
-483
-528
-525
-483
-497
-443
-566
-502
-464
-345
-383
-438
-402
-426
-356
-414
-495
-619
-721
-842
-1000
-1097
-1096
-1102
-1101
-1179
-1229
-1185
-1163
-1171
-1184
-1178
-1189
-1089
-953
-752
-591
-299
-11
199
425
560
767
819
927
882
822
842
826
863
832
848
792
724
595
421
272
243
104
-45
-194
-317
-342
-422
-364
-487
-507
-553
-670
-742
-846
-746
-614
-342
-147
31
221
420
696
831
922
946
939
993
965
996
1062
1165
1257
1169
1067
878
745
586
336
115
-142
-181
-231
-266
-246
-271
-185
-239
-272
-335
-430
-354
-321
-190
-68
28
202
318
518
608
680
771
758
785
661
598
560
551
624
522
490
354
172
-54
-381
-528
-768
-864
-998
-1138
-1148
-1152
-1058
-1053
-1000
-981
-926
-893
-842
-785
-696
-540
-407
-207
-71
134
296
454
604
642
713
664
678
648
612
586
543
551
432
357
231
111
19
-130
-197
-400
-528
-640
-747
-714
-751
-634
-573
-478
-397
-390
-272
-209
-99
-25
20
118
231
397
540
697
893
988
1033
962
891
824
656
549
375
270
214
146
135
46
-3
-93
-206
-321
-481
-606
-710
-696
-665
-531
-336
-182
6
115
203
281
347
440
509
567
693
849
1009
1120
1172
1246
1221
1188
1018
789
581
308
156
-94
-286
-474
-646
-746
-932
-1065
-1206
-1313
-1375
-1421
-1429
-1462
-1383
-1302
-1281
-1204
-1176
-1008
-874
-713
-519
-384
-128
-6
159
266
390
523
504
547
454
423
396
321
312
243
257
200
137
39
-84
-158
-308
-350
-429
-437
-354
-245
-78
17
183
302
413
531
546
585
612
681
727
771
883
966
1061
1082
1090
1066
1010
947
739
574
328
179
24
-157
-246
-398
-428
-553
-610
-719
-809
-847
-905
-876
-868
-785
-693
-565
-422
-292
-145
34
186
346
426
545
657
729
826
840
866
879
932
919
859
776
645
453
244
65
-122
-289
-485
-647
-825
-933
-1028
-1108
-1207
-1310
-1348
-1366
-1326
-1294
-1224
-1127
-1008
-885
-753
-621
-467
-342
-222
-142
-54
52
169
354
478
572
523
478
416
329
253
102
-13
-150
-240
-325
-361
-390
-397
-364
-389
-393
-440
-462
-457
-395
-277
-184
-44
85
201
346
455
575
648
722
812
861
966
1002
1014
1007
924
885
777
682
553
405
299
115
5
-152
-213
-273
-363
-398
-541
-539
-598
-543
-458
-424
-309
-291
-198
-162
-61
85
239
474
621
773
866
925
1047
1084
1127
1074
988
920
822
785
657
600
528
461
376
217
127
-64
-239
-463
-662
-762
-822
-758
-754
-757
-784
-832
-807
-861
-834
-825
-795
-731
-721
-606
-582
-448
-349
-280
-221
-257
-234
-273
-275
-291
-339
-327
-350
-336
-337
-360
-328
-367
-397
-472
-542
-523
-541
-419
-300
-153
9
81
254
334
456
543
580
685
663
757
765
851
948
943
1041
1000
1084
1053
1015
893
682
564
333
181
-51
-206
-284
-351
-357
-395
-389
-372
-365
-363
-441
-520
-570
-587
-533
-427
-210
32
323
544
684
806
881
949
923
877
840
810
825
891
1010
1093
1108
1090
950
743
528
308
91
-116
-216
-230
-195
-145
-79
-129
-236
-334
-406
-493
-636
-671
-640
-532
-375
-191
14
139
202
185
73
-53
-178
-214
-250
-294
-311
-367
-365
-428
-486
-614
-723
-790
-894
-949
-1043
-1062
-1067
-1069
-1086
-1114
-1075
-1015
-968
-919
-848
-703
-468
-209
30
186
315
399
461
493
517
595
668
718
797
917
1024
1055
1003
897
723
525
311
151
1
-101
-164
-177
-171
-172
-164
-220
-271
-372
-436
-506
-473
-380
-255
-58
88
277
411
542
619
662
717
706
729
745
827
940
1032
1148
1193
1177
1045
838
637
424
289
132
50
11
-20
-49
-152
-203
-289
-365
-480
-587
-635
-651
-607
-527
-414
-298
-169
-74
4
64
63
8
-40
-31
5
40
93
100
72
-29
-226
-402
-557
-642
-733
-797
-834
-903
-944
-1009
-990
-1001
-1050
-1124
-1221
-1248
-1273
-1187
-1047
-817
-577
-391
-175
-27
136
203
233
287
306
417
491
607
709
761
795
727
649
497
433
350
220
116
-12
-68
-164
-176
-199
-249
-333
-486
-560
-661
-673
-617
-511
-378
-301
-165
-34
127
266
328
403
400
404
419
487
606
681
805
895
995
1046
1024
993
882
784
608
489
375
285
266
193
222
192
241
268
241
202
59
-1
-144
-241
-326
-370
-297
-205
-44
43
118
158
160
134
17
-73
-177
-291
-384
-477
-486
-465
-367
-306
-337
-386
-492
-580
-689
-809
-927
-1019
-1015
-996
-979
-918
-823
-668
-575
-486
-420
-380
-336
-348
-334
-346
-254
-143
-40
65
169
300
356
418
419
387
314
192
93
18
-24
-105
-153
-161
-151
-145
-158
-143
-159
-226
-333
-445
-530
-579
-577
-541
-438
-311
-187
-82
7
96
147
192
211
210
200
246
342
451
564
666
781
847
877
896
904
894
850
809
787
778
757
771
824
871
893
909
924
902
852
788
716
619
535
494
483
466
444
421
400
366
273
189
124
48
-51
-176
-268
-366
-412
-423
-452
-480
-508
-499
-556
-628
-661
-681
-714
-741
-676
-626
-590
-531
-445
-377
-363
-319
-268
-213
-183
-179
-141
-114
-90
-61
-5
65
69
57
34
-1
-57
-107
-131
-173
-199
-214
-210
-202
-202
-183
-193
-224
-281
-326
-335
-344
-346
-383
-385
-352
-329
-301
-272
-204
-173
-175
-181
-181
-187
-198
-166
-135
-127
-161
-148
-98
-78
-76
-58
-3
22
50
87
147
189
205
252
300
370
432
509
598
674
741
782
816
838
863
873
877
875
852
837
813
799
780
762
735
662
584
504
404
285
175
92
9
-54
-67
-42
-35
-68
-103
-145
-206
-296
-366
-382
-380
-352
-310
-232
-156
-120
-110
-81
-47
-103
-200
-281
-301
-321
-347
-307
-227
-171
-173
-163
-147
-161
-239
-349
-434
-500
-535
-564
-531
-457
-397
-342
-300
-237
-215
-253
-293
-296
-287
-335
-378
-378
-341
-331
-308
-214
-109
-56
-94
-116
-135
-175
-252
-336
-349
-354
-350
-347
-294
-202
-135
-104
-45
45
73
46
13
51
92
109
140
219
339
431
505
582
687
729
701
668
655
633
551
507
489
478
453
447
495
507
492
421
374
325
248
145
29
-8
-38
-60
-100
-69
8
58
83
88
128
110
48
-4
14
47
23
-5
-6
24
22
15
22
29
16
-49
-122
-185
-238
-320
-414
-443
-413
-415
-475
-499
-477
-484
-560
-610
-592
-587
-620
-641
-586
-501
-447
-428
-345
-232
-176
-181
-179
-109
-92
-122
-126
-51
7
1
13
64
109
89
50
24
5
-61
-137
-153
-119
-108
-132
-107
-40
-12
-26
-10
10
22
14
30
70
121
180
228
305
364
417
442
460
482
473
464
450
449
419
396
386
387
383
344
321
283
255
198
133
79
41
29
-20
-43
-41
-3
4
11
47
76
98
73
90
113
132
117
122
168
187
194
209
263
277
252
192
141
99
45
-10
-72
-100
-135
-168
-201
-216
-217
-234
-253
-285
-318
-364
-386
-387
-380
-363
-333
-271
-215
-170
-158
-145
-130
-114
-102
-115
-109
-94
-67
-55
-66
-74
-84
-112
-140
-170
-187
-221
-290
-332
-358
-364
-394
-406
-376
-350
-355
-384
-343
-289
-248
-243
-207
-116
-38
36
85
160
235
290
335
403
473
508
543
575
600
589
556
539
535
524
471
402
348
305
253
181
143
115
93
53
8
-4
-11
-31
-74
-87
-78
-66
-54
-31
9
59
99
136
186
237
279
313
350
377
402
409
418
422
412
384
343
302
235
177
116
52
7
-25
-60
-110
-158
-205
-261
-317
-375
-422
-444
-453
-453
-446
-447
-426
-397
-377
-364
-346
-311
-269
-238
-232
-213
-181
-148
-118
-95
-66
-48
-57
-86
-118
-135
-157
-199
-227
-229
-214
-213
-225
-223
-217
-236
-277
-276
-247
-217
-205
-183
-118
-64
-31
16
89
161
203
247
306
353
370
371
401
445
470
462
471
504
504
459
430
421
384
308
243
239
232
177
96
44
12
-33
-64
-63
-56
-65
-77
-76
-75
-74
-70
-40
7
42
64
71
97
124
124
134
154
184
187
169
157
140
111
57
7
-31
-69
-114
-148
-160
-171
-211
-263
-305
-320
-332
-346
-342
-341
-327
-316
-298
-271
-231
-169
-120
-74
-36
-8
9
30
56
73
94
125
149
155
156
171
148
93
42
12
-1
-31
-60
-78
-88
-108
-143
-174
-178
-179
-174
-152
-120
-108
-109
-100
-74
-44
-20
37
83
126
152
170
191
205
205
192
201
196
177
152
133
110
72
25
-9
-40
-69
-109
-154
-203
-240
-268
-302
-302
-287
-259
-236
-198
-150
-124
-109
-98
-67
-30
12
56
109
156
184
215
251
281
300
297
296
288
261
214
170
156
135
93
50
30
10
-41
-108
-149
-175
-205
-232
-236
-215
-198
-188
-189
-180
-176
-165
-146
-119
-85
-62
-30
0
41
70
101
139
175
176
148
127
112
91
51
36
27
23
2
-16
-28
-51
-74
-114
-135
-139
-137
-143
-134
-107
-84
-70
-62
-30
0
30
39
57
84
101
107
113
147
178
193
196
198
174
121
77
58
41
21
-1
-5
-11
-26
-60
-102
-131
-151
-160
-169
-154
-132
-129
-137
-116
-78
-55
-26
16
78
111
122
124
139
148
140
134
151
183
190
194
196
193
141
65
-1
-36
-55
-72
-78
-89
-93
-117
-133
-137
-137
-147
-170
-183
-200
-212
-215
-187
-135
-85
-28
22
69
93
88
68
34
11
-4
16
60
109
142
142
129
88
46
2
-29
-53
-70
-77
-97
-100
-94
-62
-43
-38
-32
-31
-31
-47
-41
-31
-10
21
68
112
146
175
187
185
153
119
93
87
106
128
131
109
78
36
6
-17
-25
-39
-59
-80
-93
-102
-105
-98
-106
-110
-122
-122
-111
-82
-52
-20
10
38
73
106
152
181
194
193
183
181
185
203
209
204
188
154
114
73
42
11
-27
-60
-86
-112
-141
-161
-175
-192
-212
-227
-234
-227
-215
-188
-160
-148
-141
-124
-85
-39
8
57
92
109
122
140
157
177
191
206
214
210
197
179
164
141
115
91
75
55
36
20
0
-20
-44
-65
-83
-95
-101
-109
-117
-116
-107
-93
-77
-60
-53
-47
-54
-72
-79
-77
-62
-49
-38
-20
-16
-26
-52
-73
-91
-112
-128
-133
-126
-121
-119
-112
-103
-97
-107
-111
-108
-102
-92
-85
-66
-45
-24
-9
12
42
64
87
106
122
129
142
156
171
179
186
190
184
176
165
160
151
141
120
100
83
69
57
36
12
-11
-23
-29
-28
-32
-35
-45
-62
-76
-88
-93
-90
-85
-87
-92
-95
-90
-86
-77
-70
-62
-56
-60
-59
-58
-53
-57
-60
-56
-42
-21
-14
-6
5
9
8
5
12
20
25
33
43
54
64
72
71
68
69
72
69
71
75
72
59
37
20
7
-5
-17
-25
-25
-42
-67
-87
-101
-109
-119
-119
-114
-112
-120
-126
-120
-113
-104
-104
-93
-75
-66
-59
-56
-39
-23
-9
-2
11
28
41
57
63
72
75
75
76
79
80
77
67
53
42
35
29
25
23
29
29
22
21
19
17
9
5
13
17
22
30
37
38
38
38
35
27
19
17
12
3
-3
-11
-15
-20
-21
-23
-31
-42
-58
-68
-79
-81
-80
-71
-66
-70
-70
-59
-41
-36
-27
-17
-4
10
25
41
54
70
81
94
102
119
122
121
120
116
115
105
97
88
72
59
51
48
40
21
-1
-18
-31
-42
-51
-62
-74
-83
-85
-82
-84
-85
-88
-99
-102
-95
-79
-65
-57
-47
-40
-35
-28
-16
-5
-2
5
11
23
36
47
54
52
48
45
46
38
37
40
43
45
45
48
49
43
34
30
28
24
20
22
27
28
29
25
26
25
19
2
-5
-1
-3
-3
-3
7
7
2
-1
-6
-14
-27
-38
-49
-48
-48
-43
-38
-37
-33
-39
-46
-53
-55
-54
-55
-48
-28
-6
3
4
2
-1
0
-1
5
12
17
20
23
28
38
40
42
40
40
40
38
37
36
35
30
28
28
28
27
21
20
17
10
8
6
8
11
10
11
7
0
-2
-4
-6
-8
-8
-7
-4
1
0
-1
-6
-14
-13
-7
-1
2
6
8
6
9
13
13
17
20
19
15
15
17
18
20
25
36
39
41
39
35
26
13
8
5
3
-1
-3
0
1
-1
0
0
-3
-5
-4
-1
-2
-5
-7
-11
-20
-26
-27
-21
-17
-13
-12
-13
-11
-8
-5
-9
-16
-22
-28
-26
-26
-20
-14
-13
-14
-16
-11
-8
-8
-10
-11
-14
-19
-21
-15
-8
-2
-4
-8
-6
-14
-15
-18
-15
-7
-8
-14
-17
-14
-11
-9
-7
-3
-7
-7
-3
0
-1
-6
-13
-20
-16
-14
-14
-14
-10
-6
-7
-6
-4
-3
-6
-10
-10
-9
-11
-14
-12
-6
0
2
3
9
11
11
9
8
8
4
-1
0
8
14
19
22
24
24
17
15
15
17
17
12
14
19
27
29
27
24
23
18
12
9
7
8
8
13
14
13
7
1
-3
-6
-13
-22
-26
-24
-17
-12
-9
-9
-13
-22
-32
-36
-40
-37
-30
-20
-12
-9
-8
-14
-16
-19
-20
-14
-8
-4
-6
1
6
8
8
7
3
-3
-6
-4
-6
-7
-5
-5
0
3
5
6
2
-2
-5
-10
-16
-20
-23
-18
-11
-3
7
12
13
9
6
3
2
3
9
15
14
16
12
9
7
8
7
10
12
12
10
4
-2
-6
-4
-2
-2
-5
-8
-9
-7
0
9
13
10
10
10
12
10
8
8
10
17
19
21
20
19
13
7
1
1
0
-2
1
2
0
-4
-7
-9
-12
-16
-21
-24
-30
-29
-28
-24
-21
-16
-13
-16
-17
-9
-4
-7
-5
0
3
5
9
9
12
10
4
5
9
10
10
9
11
8
5
3
0
0
-1
0
-1
-2
-4
-3
-3
1
4
5
5
0
-2
-2
2
4
5
4
6
9
12
18
21
18
15
15
17
14
14
14
15
17
19
16
13
11
7
10
8
4
5
7
8
8
8
5
3
3
5
8
11
12
13
11
13
17
17
23
28
26
21
14
8
9
10
11
9
2
0
-1
0
2
0
-7
-15
-16
-14
-7
-2
1
-1
-8
-11
-12
-13
-12
-12
-6
-4
-3
-1
1
3
5
1
-3
-2
-4
-5
-4
-3
-4
-7
-7
-4
-1
1
-5
-12
-16
-19
-17
-12
-6
-6
-5
-7
-8
-8
-5
-4
-1
2
5
6
4
5
5
5
6
4
7
11
8
8
5
2
2
3
9
10
9
0
-9
-14
-18
-21
-21
-18
-19
-21
-20
-20
-17
-17
-18
-16
-13
-11
-5
-1
-1
-2
1
-1
-3
-1
-3
0
1
1
-3
-3
-1
2
4
5
9
9
8
3
-6
-14
-18
-14
-8
-3
0
2
3
4
1
-4
-4
-5
-2
1
2
2
1
-2
1
3
5
8
12
14
10
4
-2
-7
-9
-12
-16
-18
-16
-17
-19
-18
-19
-23
-28
-28
-29
-28
-22
-17
-13
-16
-20
-20
-18
-12
-9
-12
-11
-13
-17
-19
-16
-10
-6
-3
2
1
-3
-7
-9
-13
-14
-13
-13
-12
-15
-16
-16
-14
-9
1
5
8
19
21
18
12
10
6
6
15
25
30
30
23
16
15
13
13
13
13
15
16
12
13
14
12
9
5
5
1
2
2
4
6
7
2
1
3
2
0
1
1
0
-1
4
11
11
10
9
2
-3
-7
-7
-2
0
1
-2
-2
-2
-4
-7
-14
-21
-22
-21
-20
-15
-12
-14
-19
-22
-22
-23
-21
-18
-15
-15
-19
-23
-20
-17
-11
-7
-4
-6
-11
-15
-15
-14
-13
-9
-9
-5
-5
-1
-2
-4
-6
-11
-10
-10
-3
-1
1
6
8
12
12
11
11
15
15
16
16
16
12
10
12
16
16
17
17
12
7
4
5
9
12
15
17
18
17
13
10
7
7
12
20
