SAMPLES:	11622
BITSPERSAMPLE:	16
CHANNELS:	1
SAMPLERATE:	16000
NORMALIZED:	FALSE
-8
-7
-6
-3
3
3
-1
-3
-3
-3
-1
0
3
8
14
16
14
11
7
8
10
9
13
9
-1
-7
-8
-4
2
4
8
12
13
14
12
12
10
3
-8
-13
-11
-7
2
2
-2
-6
-13
-8
-5
-8
-10
-13
-14
-13
-9
-9
-10
-5
0
-1
1
1
2
8
9
4
-3
-5
-7
-10
-10
-8
-9
-2
6
7
9
12
12
15
12
8
10
12
7
3
6
10
12
9
6
8
9
13
14
12
15
19
19
20
19
21
27
33
30
23
13
7
-2
-4
-5
-7
-5
-1
-1
-2
-4
-9
-10
-11
-10
-10
-11
-11
-11
-9
-4
0
1
-3
-11
-17
-17
-12
-13
-8
-8
-14
-12
-13
-15
-12
-5
2
5
4
0
-4
-8
-7
-2
2
6
9
5
1
-2
-6
-11
-16
-14
-6
-1
2
-3
-10
-14
-19
-13
-3
-2
1
-5
-7
-6
-14
-14
-13
-12
-16
-18
-17
-7
-1
6
8
5
5
1
-1
-5
-1
-4
-4
4
8
22
19
17
16
13
11
7
11
2
2
-3
-12
5
6
5
10
-1
12
12
6
6
-6
-2
0
4
17
18
12
8
1
2
7
4
6
9
1
7
3
0
2
-5
9
10
7
4
-13
-16
-24
-11
-10
-1
6
-1
-1
1
8
0
3
8
19
12
24
8
8
11
-6
35
21
29
26
6
21
10
18
14
-2
-9
-4
-12
9
20
21
29
4
0
-18
-39
-30
-35
-11
-1
-1
-4
-33
-39
-47
-35
-34
-29
-13
-16
3
0
-16
-18
-25
-13
20
-1
7
0
-31
7
-21
-5
14
-21
25
-12
1
1
-20
3
-15
-10
-6
-11
-9
4
-2
2
8
11
16
18
24
18
2
5
-19
-12
-25
-14
-5
-8
17
-5
22
29
-16
19
-37
3
19
3
58
10
17
18
11
2
31
-6
36
-7
-20
4
-43
-8
-22
-17
5
2
8
7
0
10
2
-19
-10
-34
-45
-18
-47
-4
-28
-8
-8
-21
-5
-63
-6
-40
-13
28
-39
21
9
-33
38
-36
-20
32
-57
35
-3
-68
40
-61
4
4
-84
44
-40
3
52
-17
29
19
-16
26
-17
-16
41
-31
57
3
0
20
-26
-3
-5
2
17
7
34
-8
-6
11
-50
5
-6
12
65
1
30
5
-21
6
-26
-11
15
10
54
79
-19
73
-3
-21
12
-70
-5
-44
-31
29
-21
27
35
-39
-28
-22
-47
35
-6
26
11
-50
63
-63
38
13
0
38
8
31
14
19
-40
25
-28
41
5
6
18
8
32
35
41
1
29
5
-4
13
-15
-39
-30
8
-28
35
10
42
29
-36
21
-69
16
-25
10
11
-21
30
14
-32
-8
-49
-35
-3
-27
104
-21
82
26
21
-61
-59
-46
-64
56
-41
82
-5
31
69
-106
-34
-45
-79
106
-9
50
31
-77
75
-124
9
-14
-78
83
-51
96
-4
51
66
-101
16
14
-35
70
-18
28
73
14
131
-34
8
-14
-16
75
-47
68
-73
-30
103
-155
102
-32
-22
12
-18
67
-92
-9
-42
36
-91
119
45
-156
193
-158
16
19
-80
80
-59
-15
33
-73
-50
86
-147
78
51
-41
69
-89
-78
-29
-98
-2
-38
-100
7
-68
13
-46
91
-71
47
-18
-54
-5
-56
94
-53
84
-28
67
-32
17
101
-128
123
-103
78
60
-109
114
-71
81
38
63
36
-60
118
-115
33
80
-41
107
33
112
20
5
-3
-98
-112
-11
-66
-36
146
1
211
-47
55
-85
-182
224
-266
214
145
-115
197
-86
-64
18
-193
67
-23
-84
229
-163
97
42
-112
132
-53
9
64
-8
39
56
-79
123
-103
82
-85
-19
25
-53
72
-112
142
-175
258
-67
40
67
-76
121
50
107
-34
131
-95
94
-117
-1
137
-123
301
-154
24
84
-42
116
-48
-7
20
-103
76
-72
-23
22
-80
124
-115
-4
-74
-120
111
-132
-25
127
-61
-7
58
-121
105
-218
38
-20
-259
197
-127
86
-137
140
-91
39
84
-275
204
-146
121
10
-130
13
-47
87
-28
100
-80
82
-207
-5
87
-119
222
67
-47
-87
101
-138
100
-88
-156
116
-108
-36
68
-47
38
33
-20
138
-199
74
133
-268
-69
238
-215
141
-135
-9
-64
84
146
-69
-71
176
32
-76
-17
-5
127
-174
116
-220
-164
295
-270
24
45
-225
263
-142
-38
138
-54
-139
245
-225
109
146
-228
191
-167
151
-44
-159
108
122
-123
134
-4
-73
26
147
-123
-40
218
-75
17
19
-77
241
-41
-74
239
-424
352
-26
-254
174
-41
-38
306
-177
97
350
-432
574
-437
190
170
-135
56
-111
353
-350
648
-373
243
-45
-121
349
-335
396
-40
21
204
70
-160
331
-140
-50
287
-195
128
21
-17
27
-111
168
-352
218
-73
-20
62
-38
30
-141
139
-84
-309
165
87
-436
354
-595
321
-316
10
86
-395
263
-54
47
-152
62
-16
127
-413
314
-145
-191
246
-184
-55
-37
-17
-9
163
-374
341
-311
-30
-51
-21
-115
-70
202
-415
586
-446
169
254
-484
464
-44
-173
226
-82
-211
379
-334
-91
366
-415
363
25
-217
527
-494
133
111
-327
122
101
-232
92
313
-423
355
-123
-267
386
-363
73
97
-199
197
-100
-134
98
-147
-110
164
-142
-40
210
-221
239
-229
-201
242
-185
52
36
181
-383
580
-504
42
401
-622
639
-567
153
434
-488
267
236
-605
518
75
-437
642
-375
18
571
-584
365
152
-419
523
-342
268
39
121
-128
65
-193
-26
252
-462
720
-398
-141
323
-193
-76
528
-600
111
386
-414
355
-370
136
-79
-41
172
-169
59
57
98
-209
234
-327
171
-323
344
-344
-17
481
-793
835
-442
44
331
-436
365
-232
-68
149
-156
449
-436
151
113
-296
375
127
-338
467
-166
100
97
-248
249
-533
607
-325
-226
612
-399
192
267
-652
914
-840
267
317
-788
476
104
-306
407
-218
-52
355
-746
752
-686
302
-120
118
-9
-219
311
-275
170
-78
44
-9
-4
-132
257
-136
-12
-121
-43
62
134
-324
157
-340
-7
391
-435
241
-261
-94
315
-329
282
-213
47
454
-676
443
-79
-422
615
-452
134
696
-1212
1259
-637
-78
776
-1037
813
-385
83
400
-612
410
144
-216
292
-289
78
223
-312
148
-173
20
144
-760
729
-528
70
300
-461
649
-737
299
310
-908
1175
-546
-207
850
-953
802
-662
318
120
-449
474
-240
-93
367
-385
7
3
-630
1083
-817
464
167
-359
589
-592
290
-389
405
-19
-536
738
-519
232
208
-630
752
-698
359
125
-591
429
-92
-410
115
95
-86
50
-20
173
-102
-85
-30
108
-445
675
-441
-361
666
-1099
1009
-619
-28
414
-73
261
-441
359
-129
-70
-255
367
-479
730
-485
254
376
-806
956
-341
171
232
-257
80
322
-420
611
-200
23
118
109
44
66
229
-357
376
-291
109
-12
85
185
-308
137
-95
60
236
29
-203
-164
116
7
508
-481
368
-405
-197
428
-585
180
-216
377
-268
-465
917
-1019
541
74
-643
978
-905
869
-454
-269
605
-271
-236
145
-138
-131
-174
-309
851
-776
653
-101
-557
481
-180
-177
-50
-124
104
271
245
58
-2
15
-139
-189
589
-75
-458
326
-721
449
347
-700
818
-841
372
419
-589
605
-497
249
272
-321
86
170
-715
673
-310
-70
437
-1023
661
-159
-357
114
-352
-171
794
-850
766
-314
-216
917
-1077
591
-763
377
109
-807
677
-443
101
592
-540
143
404
-548
740
-176
-238
418
-208
51
170
-385
321
-468
151
386
-292
476
-39
-71
296
-253
238
-48
-447
518
-230
190
222
-398
256
-30
-123
-91
46
-163
368
-454
81
126
-241
671
-282
-192
138
-37
-75
249
-255
160
-485
-156
626
-463
796
-371
-529
534
-720
786
-98
43
317
-150
55
175
-585
520
2
-337
601
-91
-29
217
-249
-306
-20
80
137
-335
596
-661
963
-842
966
-97
-142
496
-980
710
-565
223
-268
239
-393
1261
-714
201
-351
-629
1511
-845
192
53
-463
678
-654
371
-226
44
63
-57
65
48
85
-161
248
-428
763
-506
159
-570
321
-225
37
118
-180
474
-815
1047
-1233
-4
350
-201
697
-287
376
-1049
207
-166
295
-273
-670
232
-318
790
31
-221
-263
-369
198
275
-486
236
-461
151
224
14
-238
277
-448
103
-126
-163
355
-392
511
-626
377
-410
150
-39
-560
730
-360
-252
548
-1086
789
-130
-113
547
-647
529
-227
20
-236
174
-573
798
-12
-320
932
-1075
657
-559
255
-262
-182
963
-279
1106
-430
181
-618
-66
597
-553
272
-109
82
192
568
-256
183
-168
-83
695
-391
286
442
-553
1029
-366
-504
1317
-1373
764
39
-322
713
-627
734
-724
459
-243
-165
505
-373
423
-302
-39
141
240
-314
557
-717
-76
459
-831
1062
-725
521
-98
152
53
-152
-16
-53
-177
-23
407
-681
781
-534
629
-569
357
-340
218
-115
178
32
-157
484
-540
464
-648
-76
-214
317
172
49
-205
329
-411
60
551
-1055
800
-571
238
-47
-515
39
319
-481
87
452
-597
770
-810
229
58
-508
545
-981
548
104
508
-271
-140
21
-588
565
-1102
708
-358
489
272
59
239
-128
-461
-656
217
-1120
1185
-44
274
108
65
-127
-774
255
-1126
530
-240
622
282
-149
58
-374
-156
-838
602
-698
930
299
926
-373
-551
-192
-1131
1332
-884
1178
-1116
657
423
-666
896
-1700
1215
-572
542
392
-754
658
-189
-221
-77
-202
-265
764
-599
656
-869
-39
444
-565
1058
-533
314
283
-493
1016
-452
-533
553
-876
386
83
298
809
-60
-650
563
-836
-20
234
-434
1250
-346
1200
-181
328
-609
-504
279
-649
890
-605
1039
-445
776
110
-156
-157
-244
332
-808
804
-959
1174
-669
350
218
-583
1202
-1436
1054
-1120
883
101
-415
1021
-562
178
81
-536
-248
-18
-440
335
-12
345
490
-103
9
-396
-409
420
-502
220
328
319
-122
388
188
-1324
628
-386
-742
522
-693
253
534
172
525
-156
-757
562
-595
-436
1007
-1020
368
33
371
-52
-142
-230
-199
-69
-275
92
-522
610
516
173
-555
-103
-684
404
-411
215
-30
-314
803
-338
3
-923
-120
-11
-220
451
340
273
280
-65
220
-637
-320
-156
-862
767
201
895
-301
-5
360
-728
240
31
-1036
1202
-35
-389
897
-1275
974
-1041
-130
548
-304
897
-172
-123
253
-492
29
-140
-1192
1165
-767
735
460
-128
390
-692
617
-878
-346
-124
796
93
-151
412
-321
92
-454
416
-689
451
93
658
-126
-153
-638
-598
898
-168
673
123
-93
-111
244
152
14
-1114
393
-214
83
475
-636
313
109
603
-114
49
-288
240
278
-193
-81
-331
139
-22
-505
793
-90
-32
351
-396
-311
202
626
-430
481
-217
-92
443
-163
-170
51
72
595
43
33
171
-572
213
-655
-181
685
403
186
75
-227
-546
202
-79
391
-878
-129
104
-159
544
80
110
-573
480
84
-184
240
-517
246
18
527
7
-803
554
-665
-164
167
-150
456
785
-86
652
-1066
-977
925
-779
757
-13
114
685
-39
92
-276
-286
-407
-208
250
-168
711
-586
-413
432
-236
85
-342
-411
66
112
-110
-180
-368
461
-125
14
503
-330
-153
143
78
251
-201
-146
522
72
-4
-231
-608
359
-331
310
776
-94
-266
-380
200
44
-71
565
52
-553
31
-186
87
30
310
464
-20
39
183
-595
-386
-388
-620
656
-19
486
376
-322
123
-252
-971
-42
-32
-122
631
-445
533
627
-465
555
-720
47
43
-578
792
143
-93
252
-264
-212
102
-253
-536
-272
598
773
301
-751
-85
-452
-455
-113
-273
384
540
712
137
692
-602
-127
-46
-472
391
-254
593
-81
-612
-312
-306
-100
-100
-69
329
137
524
844
2
-25
98
-156
56
275
565
462
119
-600
-621
-161
-975
-218
-24
247
731
63
661
-400
-595
-200
-35
296
101
562
447
36
97
-135
-665
-380
-143
-214
305
467
230
109
363
-245
-346
-378
335
519
-35
-88
-31
258
154
100
-275
-223
-682
-476
222
-68
326
596
-7
316
-5
-111
312
-320
-133
440
285
80
-564
-696
101
-286
105
486
389
-169
-542
-568
-542
-93
-471
-28
258
148
471
354
-142
129
-214
-123
317
78
673
-137
173
412
-325
-246
122
71
16
190
-228
-4
-359
162
393
-237
-248
132
-16
115
10
198
60
7
432
-1110
-690
143
287
252
215
462
156
357
76
319
-93
277
443
72
-85
53
-6
-751
-487
-711
186
307
227
101
-469
54
-507
-680
-522
-247
212
426
-22
230
257
-502
-279
-451
-126
149
53
408
-359
-207
488
-176
35
0
-46
331
-2
-170
-403
-675
-288
-414
-371
-205
-69
338
-213
164
-7
323
-14
-513
221
147
219
42
-412
177
-33
46
-105
-784
-381
-381
-105
28
-137
-156
45
-116
-46
-115
170
535
544
626
638
564
40
-227
-332
-147
-253
-241
67
144
479
69
-32
-6
67
179
283
127
2
181
455
608
118
91
-234
77
15
-176
189
172
-6
22
118
105
142
-251
394
716
221
433
77
155
183
-40
-47
-405
-290
-189
-363
-330
-56
-322
-193
-164
-180
-144
-66
155
194
-42
-390
-592
-323
-143
134
395
-226
-84
-331
-373
-212
-574
-362
-166
19
183
271
309
53
-313
-80
237
200
278
478
513
220
244
-5
-76
-292
280
406
237
444
150
260
140
-6
-82
-244
67
214
181
157
-62
106
-277
-302
-146
-225
-35
41
-44
217
119
277
119
-24
256
-26
265
419
826
918
542
412
353
481
817
957
1282
1545
1790
2003
1888
1786
1751
1678
1563
2110
2371
3083
3404
3157
3385
2890
2583
1790
-578
-2401
-3827
-4227
-3774
-3725
-3945
-4584
-5643
-6596
-6886
-7375
-7115
-6600
-5859
-4310
-3198
-2558
-2829
-4010
-4722
-4583
-3910
-2383
-1005
-62
464
517
516
495
26
-188
208
936
2353
3490
3491
2613
1066
-152
-795
-1030
-338
209
811
1002
1448
1828
1927
1863
1707
2151
3476
5056
6412
6979
6939
6285
6307
6321
7052
8279
8313
10319
10830
12521
13625
9927
4653
-2192
-6043
-4168
-2683
-508
-156
-1533
-2693
-5990
-9143
-11435
-13453
-13327
-11136
-6727
-1788
752
-575
-4495
-7213
-8022
-5661
-2454
1058
4710
6695
7787
7838
6195
3564
-61
-2555
-1441
1704
5272
5823
3160
-1762
-9248
-12875
-14210
-12573
-9076
-8423
-5749
-4207
-4274
-4309
-8191
-11165
-10597
-7545
-617
4276
5944
5499
1207
-1987
-2213
-1173
1287
3590
5954
8303
9234
8369
5620
1454
-1032
-569
1424
4407
6038
5476
3742
548
-1134
-1742
-1370
420
2365
5317
7282
8890
8782
7105
6366
6561
7072
10099
11561
15149
16318
14162
6758
-4021
-8113
-7857
-2413
-787
-203
1404
-89
-3659
-9493
-15335
-15996
-15700
-11886
-4833
1344
5675
2864
-3936
-7769
-7524
-3646
522
4876
9832
12829
12651
9564
5802
1578
-2381
-4723
-3501
1493
5581
4725
-519
-7410
-12087
-15220
-17419
-18673
-16884
-14067
-9958
-5600
-4641
-5354
-9475
-12083
-10239
-5174
1990
6725
8168
8237
6817
5221
3030
883
693
2487
5504
7993
8802
6791
2485
-1899
-3938
-2529
-15
1843
1681
970
933
366
-323
-1553
-1159
801
4578
8043
10861
12173
10794
10785
10013
12230
14553
15140
17027
16137
16645
13158
-469
-9616
-15100
-11348
-3262
-4486
-3100
-4296
-8869
-12323
-20447
-21944
-17863
-14835
-7064
-291
5685
8881
2593
-4691
-6471
-2161
5829
12040
16257
18927
18747
13792
7760
2578
-1073
-3356
-5476
-3367
1287
2661
-2152
-11897
-20080
-22411
-21381
-17802
-12452
-7550
-5692
-6556
-8179
-9343
-9251
-9515
-7291
-1344
6880
13645
13796
8723
2766
-384
-446
1928
5506
8239
8856
5880
1839
-1840
-5148
-7444
-8030
-5936
-1504
2179
1744
-1574
-5271
-6530
-4786
-1498
2664
6608
9327
10776
10669
9984
9990
10903
12295
14775
17639
18612
19493
17020
14965
12471
9500
2118
-11220
-18305
-18310
-9936
-5240
-8872
-11191
-14417
-16717
-18779
-21159
-16582
-9615
-4247
2947
7550
11357
11018
3010
-739
2748
11544
19081
19197
16880
13799
9974
4941
-459
-3035
-4261
-6804
-9661
-9867
-8276
-9578
-16241
-23623
-24064
-18796
-11946
-7142
-3789
-696
809
1286
1645
3407
5657
6754
7919
10593
13773
14658
9052
1590
-3662
-5760
-5181
-5175
-4609
-3799
-3758
-4876
-6664
-8317
-8769
-8380
-6771
-3436
447
2892
2623
186
-1790
-1556
183
2486
4843
6754
8528
9780
9310
8123
6994
7045
7721
8355
9300
9167
7947
6572
4161
3820
4086
6016
7728
8494
9627
9073
3511
-11489
-21954
-23094
-13593
-2579
-1767
-1127
-2664
-6107
-9789
-15050
-13752
-5789
1216
9566
16307
18519
17252
5836
-4462
-5170
1538
10711
12985
11112
8281
4062
-2237
-9302
-13287
-13375
-12266
-10995
-7622
-2765
-1596
-7160
-15839
-18624
-13169
-4049
3382
7234
10029
10206
8821
5785
3336
3115
2892
3304
3160
5345
6025
1829
-6060
-12562
-13001
-10485
-8046
-7414
-7091
-6436
-5167
-4557
-4445
-4159
-3507
-895
1666
3967
5959
5586
3622
1950
2105
3966
5198
4830
3239
1863
1693
2346
2140
1726
2409
3633
4429
3900
3472
2290
2886
4720
6068
9521
10276
11955
12790
12254
12195
10219
5213
-8612
-17802
-18544
-9273
1147
-763
-3677
-6955
-10095
-11554
-15165
-13261
-4445
2252
9433
14259
14379
13088
4017
-4570
-3085
5264
14498
15722
10008
5082
1863
-2223
-6640
-9783
-9553
-8103
-8914
-8681
-6377
-5570
-9546
-16397
-17340
-9701
86
4830
4893
4506
4592
4849
3870
3449
4056
4442
2499
1163
830
734
-1325
-7734
-12294
-11517
-8434
-6350
-6983
-8774
-7122
-5688
-3920
-2211
-2437
-1314
-84
1108
2895
3690
3249
2136
968
1065
2800
4051
3698
2433
1536
1720
2408
2698
2234
2746
4677
5972
6032
5243
4651
5311
6037
7941
9498
9982
11200
11877
13091
13840
10999
8269
-3012
-17243
-20162
-16097
-2604
1303
-3616
-4368
-7333
-8738
-11085
-14564
-7920
710
6943
14780
15787
14908
10507
-1237
-4146
1232
10009
15529
10676
4794
1788
-1264
-5562
-10892
-13716
-11867
-10437
-9687
-7189
-5040
-6084
-11881
-15917
-11887
-2268
4694
6112
5790
6474
7666
6137
2019
-1497
-1593
286
1448
2109
1549
-843
-5979
-11423
-12092
-9672
-7182
-5648
-5193
-3436
-2104
-2533
-3994
-5503
-4687
-971
3453
5855
6264
4340
2146
1339
1335
2329
3205
3834
4216
4353
3094
1850
362
-1001
-115
1920
5600
7952
6816
5121
4423
5726
9053
9673
10039
11517
12250
14728
14919
11093
8523
-1702
-14585
-18837
-16593
-3635
1511
-3874
-5749
-8502
-9364
-10657
-14612
-9525
-872
5453
13095
14965
14079
10468
373
-4176
-64
8605
14457
11188
5032
1537
-944
-4820
-9908
-12767
-11724
-10685
-10034
-8069
-6012
-6563
-11503
-15741
-13129
-5051
2440
4926
4523
5067
4843
3962
306
-2210
-362
1128
2758
2872
2563
1265
-3628
-9395
-11714
-10121
-6705
-4069
-3205
-2065
-2009
-3031
-4787
-5852
-3990
-720
3321
5104
5445
4637
2307
1169
291
295
2148
3944
5044
5102
3715
2615
1146
154
883
3152
6534
8372
8182
7389
6089
6421
7842
8467
9197
9874
11387
12707
12443
9390
6247
-1705
-13709
-19066
-16928
-6701
-46
-2730
-4762
-6507
-8148
-9564
-12508
-9673
-1236
5145
11416
14442
13830
12107
4303
-2089
-658
5766
11891
11074
5574
1838
-456
-4148
-8958
-12953
-12836
-11368
-10980
-9154
-6502
-4863
-7296
-12063
-12131
-6262
1505
6017
6520
6027
5795
5208
3076
1459
891
1291
845
282
1063
949
-1934
-7966
-12160
-12112
-9182
-5955
-4347
-3340
-3247
-3791
-4474
-4701
-3864
-1881
580
3137
5585
6299
5084
2593
337
84
1300
3559
5564
6211
5440
3070
963
53
276
1999
4299
6026
7436
8030
6923
7008
5881
5776
7117
8307
11580
13035
12055
8606
3505
-6554
-15617
-18318
-13853
-4166
-1275
-2267
-3237
-5338
-8014
-11412
-12612
-7325
800
7133
12855
14354
13806
10341
2867
-1272
-17
5896
9766
8413
5431
3003
387
-5107
-11186
-13747
-12218
-10947
-9673
-7305
-4362
-2799
-6407
-10275
-9903
-5354
649
4216
5660
6773
7390
4870
1165
-1266
-1653
-263
-597
-531
1105
1122
-1552
-6941
-10928
-11360
-9366
-6353
-3754
-1912
-1269
-2068
-3581
-4504
-3805
-1757
486
2967
5384
6585
5969
3630
1151
30
233
2319
5053
6640
6542
4369
2084
810
1181
2782
4387
5637
7008
7915
8399
8267
7175
6859
6879
8541
11643
12500
11187
6861
-3876
-13977
-18282
-15120
-6750
-3862
-3699
-2684
-3314
-4984
-8767
-11793
-8898
-3724
2671
10514
14588
16338
13235
5523
256
-1079
2531
6338
6266
5560
5480
4351
212
-7028
-12281
-13461
-14034
-12558
-9080
-4553
-1114
-3467
-7879
-9752
-8231
-4348
-1399
644
3648
6457
6909
3849
266
-1206
-2016
-2172
-2045
-240
2227
1246
-2449
-6504
-8990
-9091
-8342
-7424
-5268
-2548
-626
-643
-2119
-3397
-3658
-2722
-1120
1723
4795
6155
5912
4362
2507
1624
1155
1483
3376
4952
6053
5919
4101
3600
3069
3152
4304
5897
8012
9635
9219
8604
8085
7917
8908
8382
7698
7083
4486
-3326
-11523
-15479
-12057
-6508
-5648
-5311
-4245
-3277
-4468
-7787
-8871
-6265
-2554
1369
6432
10732
14276
13070
7599
2727
905
3323
4610
3808
3778
5115
5800
2514
-3709
-8639
-11216
-13796
-14294
-11929
-6937
-2421
-3115
-5960
-7636
-6881
-5021
-4417
-3799
-865
3018
4882
4527
2486
1052
-613
-2709
-3112
-1526
917
1589
-76
-2112
-3079
-3855
-5030
-6501
-7064
-5586
-3215
-1227
-296
-419
-1198
-1761
-1601
-368
1522
3095
3977
4213
4453
4513
4290
3924
3672
4003
4464
5016
5703
6313
6420
6304
6765
6647
7545
7261
6442
6885
7628
9890
10562
8606
5883
1712
-6049
-12358
-14565
-11266
-5890
-5215
-4719
-3358
-3206
-4361
-7762
-9150
-7010
-3997
-289
4398
8342
12072
12176
8248
4511
1869
2563
3307
2375
3040
4837
5988
4335
-467
-4955
-8243
-11989
-13861
-12337
-7926
-3334
-2455
-4084
-5345
-5786
-5534
-5888
-6175
-4098
-1013
1495
2891
2759
2634
969
-2079
-3551
-2810
-471
840
36
-814
-948
-1084
-1572
-3243
-4805
-5524
-5549
-4123
-1964
-166
305
-722
-1699
-1712
-571
869
1785
2349
3040
4022
4920
5237
4832
4199
3098
2729
3686
5000
6413
6587
6453
7020
7324
7852
7446
6856
7313
8095
9010
9145
8313
5995
-419
-7858
-11350
-9686
-5328
-3820
-4148
-3072
-2002
-2348
-4842
-7371
-7130
-5938
-4489
-1557
2442
7345
9582
7235
3883
1860
1861
2008
417
120
2627
5267
6101
4266
1524
-991
-5255
-9484
-10942
-8932
-5044
-2837
-2746
-2811
-2810
-2998
-4361
-6444
-7255
-6372
-4594
-3212
-1464
821
1645
186
-2471
-3377
-2075
-893
-695
-806
-156
974
1314
837
-266
-1704
-3248
-4333
-4251
-2692
-640
483
293
-307
-341
28
328
194
-175
231
1032
2375
3587
3850
3521
2629
2323
2633
3666
4539
5361
5828
6417
7558
7657
8195
7575
7410
8047
8158
8578
8663
7498
2528
-3528
-7577
-7029
-4296
-3641
-3332
-2797
-1243
-1434
-3436
-5402
-6215
-6229
-6219
-4611
-1571
3517
6522
6022
3696
1463
1581
851
-771
-1441
561
3726
5121
4536
3395
2452
-884
-4763
-7286
-6822
-3994
-2630
-2149
-1963
-1343
-1157
-2628
-5130
-7206
-7950
-7942
-7348
-5955
-3069
-1063
-1012
-2059
-2771
-2012
-1711
-1980
-1877
-1111
375
1331
1573
1564
738
-942
-2744
-4016
-3824
-2781
-1564
-457
119
905
1420
1177
669
-293
-1028
-903
138
1884
3221
3350
2880
2623
2462
2813
3238
4221
5133
5919
6921
7446
7929
7793
7600
7742
8041
8763
9422
9290
6882
1320
-3669
-5983
-5081
-3036
-2217
-1431
72
489
-672
-3030
-5105
-5867
-6539
-6526
-4690
-1105
3386
5340
4199
1663
-185
-817
-1717
-2639
-1739
1127
3666
4421
3929
3751
2818
-635
-4452
-6291
-4819
-2398
-1518
-1398
-1034
-600
-1163
-2879
-4852
-5968
-6739
-7966
-8107
-6882
-4300
-2475
-2753
-3351
-2993
-1770
-1008
-1622
-2007
-1277
-488
250
833
1513
1903
456
-1763
-3245
-3586
-2837
-2052
-1487
-705
78
856
1285
855
84
-477
-655
-414
594
1950
3055
3078
2197
1862
2479
3346
3958
4486
5287
6211
6685
7121
7147
7487
7475
7180
7795
8714
9687
9286
5170
-812
-5174
-6167
-3639
-1610
-568
840
1626
1197
-1018
-3664
-4632
-5315
-6430
-6263
-4140
292
4167
4528
2793
180
-1325
-1904
-2972
-2839
-869
1681
3561
4041
4284
4830
2987
-1062
-4440
-5376
-3576
-2069
-1800
-1262
-638
-423
-1580
-3503
-4768
-5523
-6766
-8066
-8704
-7364
-4827
-3639
-3050
-2810
-1884
-965
-1320
-1914
-2356
-2191
-1731
-856
843
2528
2784
1263
-1449
-3446
-3634
-2862
-1598
-831
-78
711
1084
1472
1118
282
-552
-1154
-604
846
2078
3069
3205
2932
2934
3127
4013
4742
5233
5566
5900
6611
7530
8088
7921
8240
8236
9097
9401
8798
5918
-236
-4809
-6584
-4319
-1552
-581
293
1015
496
-1604
-3824
-5431
-5578
-6729
-7007
-4585
-609
4210
5211
3231
454
-1537
-2086
-2559
-2484
-664
2551
4298
5054
5124
5424
4335
-123
-3879
-5363
-3940
-2268
-1980
-1615
-1073
-1180
-2586
-4203
-5528
-6098
-7133
-8583
-8839
-7293
-4663
-3087
-2780
-2732
-1809
-1083
-1404
-2107
-2560
-2037
-1345
-302
1537
3185
3309
1309
-1534
-3473
-3716
-3008
-2010
-1157
-333
241
477
716
294
-350
-1087
-1382
-546
1028
2575
3741
4014
3923
3792
4015
4752
5328
6120
6314
6810
7539
8180
8918
9327
9351
9551
9614
8792
7129
1799
-3821
-6847
-6716
-3326
-1771
-1149
-468
-829
-2105
-4245
-6132
-6314
-6467
-6919
-5135
-1956
2813
5825
4792
2365
-433
-1234
-1025
-1011
336
3090
5502
6492
6148
5382
4697
1053
-3576
-6188
-6073
-3555
-2597
-2539
-2307
-2597
-3483
-5195
-6843
-7588
-8043
-9195
-8964
-7637
-4686
-1734
-1566
-1798
-2287
-1684
-882
-1332
-1325
-852
-213
691
1612
2713
3305
1450
-1287
-3637
-4391
-2932
-1580
-376
-90
-443
-271
-281
-188
-376
-871
-1049
-440
1094
3115
4511
4879
4716
4124
4427
5237
6480
7596
8037
8498
8621
9284
10159
10490
10505
9422
7873
5657
332
-4949
-7936
-7577
-4960
-4206
-4035
-3142
-3166
-4289
-6465
-7958
-7388
-6904
-6229
-3847
-758
3464
5873
5280
3689
1820
1401
1670
1433
2741
5407
7512
7930
6499
4955
3594
-42
-4130
-6347
-5928
-3841
-3021
-3255
-3524
-4288
-5698
-7309
-8535
-8229
-8046
-8482
-7812
-6810
-3282
-1000
-812
-1394
-2229
-1185
-220
221
1112
1891
2365
2271
1676
1778
1606
-38
-1831
-3519
-3302
-2174
-1372
-843
-1371
-1659
-1736
-1576
-1018
-719
-395
-61
793
2256
3901
4981
5596
5294
5494
6374
7822
9678
10772
11117
10683
10663
11079
11736
11611
10536
8352
3607
-3781
-9094
-10078
-7415
-4873
-5362
-5929
-5868
-6640
-8024
-9793
-9831
-8557
-7462
-5460
-1890
2583
6555
6847
4527
2578
2463
4331
5300
5412
6809
8136
8380
7027
5128
3937
1071
-4164
-8066
-8581
-6204
-4110
-4493
-5661
-6849
-8187
-9184
-9951
-9267
-8477
-8163
-7335
-5810
-2764
-111
-43
-1414
-2526
-1672
400
2165
3098
3655
3513
2744
1874
1487
1368
-76
-2276
-3906
-3547
-1644
-381
-525
-2099
-3742
-4279
-3496
-1795
-93
1166
1613
2042
3074
4696
6166
6367
6061
6114
8021
10324
12547
13832
12893
12258
11463
11520
12419
11638
10066
5616
-3075
-9854
-12245
-9982
-6174
-6641
-7575
-7610
-8728
-9615
-11557
-11867
-10044
-9041
-6374
-1892
2968
7698
8268
5785
3859
3293
5650
7698
7742
9070
10138
9893
8103
4935
2835
-119
-5681
-9956
-10491
-8004
-5517
-6227
-7990
-9336
-10773
-11392
-11123
-9912
-8159
-7138
-5792
-3137
-234
2392
2084
-219
-1507
-1120
1394
3767
4385
4521
3447
2042
1227
822
976
-97
-2445
-3866
-3532
-1617
-280
-1037
-2900
-4429
-4648
-3023
-940
1111
2431
2738
3292
4853
6766
8080
8237
7738
8279
10050
12848
15263
15593
14265
12758
11529
11917
11646
10556
6137
-3913
-11441
-14252
-11104
-6740
-7092
-8502
-10089
-12469
-13687
-13783
-12084
-8884
-7645
-5495
-1243
3332
8450
9084
6753
4483
3938
7188
9904
10873
11370
10601
8760
6121
2959
1083
-1781
-7529
-11469
-12468
-10342
-8045
-9347
-11454
-13445
-14351
-13560
-11475
-9030
-7058
-5487
-3605
-453
2774
5351
4654
2144
207
685
3938
5807
6010
4691
2598
598
-935
-1402
-1671
-2506
-4019
-4471
-3425
-1595
-687
-1807
-3908
-5407
-4324
-1863
629
2453
2878
3669
4719
6531
8675
10184
10851
10400
11370
12820
15305
16160
15060
13840
11672
11906
10597
8487
2823
-7884
-14355
-16043
-12068
-7630
-7830
-8879
-10395
-13111
-14463
-13781
-11689
-7929
-6343
-3108
2472
7045
11167
10038
6927
4950
5398
8998
11517
12013
11981
10679
7309
3988
877
-1223
-4472
-10601
-13361
-12765
-10332
-8851
-10809
-13146
-14606
-14905
-13047
-9739
-7431
-4715
-3306
-942
2861
5388
7425
5410
2838
1882
3170
6171
6995
5682
3053
40
-2195
-2785
-2726
-2609
-3443
-5134
-5229
-4205
-2370
-1754
-3096
-4411
-4539
-2269
1035
4042
5290
5258
5081
5619
7682
9582
11632
12622
13017
14355
15546
16351
15383
13412
11095
10362
9000
7140
2351
-9185
-15873
-18541
-14199
-8631
-9393
-9472
-11414
-14069
-15171
-14268
-10064
-4948
-2686
220
5004
8722
12647
11059
7851
6244
6198
10419
12475
12634
12005
8960
4701
262
-2929
-4503
-7357
-12884
-15191
-14062
-11459
-10074
-12371
-14027
-15270
-14416
-11366
-7317
-3513
-2410
-715
812
3597
6592
7497
5964
2984
1993
3870
6517
6524
4781
1756
-1474
-3432
-4176
-3213
-3176
-4509
-5828
-6073
-4801
-3203
-2529
-3106
-4127
-3401
-457
2353
4686
5504
5799
6648
7866
9960
11839
13080
12491
12830
14622
15599
16298
14302
11492
10329
8794
7263
5625
-3653
-14131
-18975
-18832
-11395
-9122
-9992
-9788
-12650
-14528
-15139
-12910
-7472
-3978
-1328
3606
8042
12194
13126
9516
7408
6373
9325
13547
13506
12632
9865
5486
1588
-2105
-4123
-5918
-11366
-16261
-16169
-13493
-10428
-11436
-14572
-15501
-15347
-12193
-8011
-3939
-660
-15
1779
4147
6819
8907
7233
4182
2165
2934
5993
7270
5499
1794
-2082
-4536
-5091
-4337
-3414
-3834
-5090
-5576
-4249
-1773
-989
-2163
-3829
-3868
-1117
2524
5171
6165
6409
6822
8141
10789
12768
13948
13515
12935
13570
15391
16309
15278
12672
9383
8249
6063
3607
-6867
-17637
-20289
-18117
-9712
-8134
-9488
-10202
-13945
-16243
-15791
-11776
-5488
-1501
186
4335
8017
11157
11526
7184
5487
5639
9271
13346
12953
11507
7917
2851
-1243
-3767
-4641
-6048
-11560
-16193
-15519
-12826
-9908
-11539
-14719
-15305
-14607
-11137
-6183
-1965
950
1410
1531
4167
7005
8893
7318
3373
2196
3034
5911
6944
4312
1108
-2923
-5397
-5713
-4394
-2927
-3316
-5091
-5691
-3899
-1568
-608
-1692
-2358
-1451
1236
4299
6159
6976
6856
6363
7332
9759
12593
14516
14102
13068
13461
14311
14576
14658
11790
10484
7822
5538
-132
-13827
-20275
-20549
-12998
-6515
-8360
-8945
-11130
-14905
-16986
-14998
-9054
-2301
333
3291
7831
9845
11210
7551
3577
3757
6547
11895
13662
11731
8718
4386
-622
-3877
-5052
-5318
-7842
-13909
-15602
-12787
-9790
-8736
-11966
-13764
-13093
-11180
-7113
-2023
-15
-481
486
1833
6399
8976
8102
4519
-533
-34
2809
5628
4795
1266
-1137
-3883
-4708
-3569
-2360
-2992
-4550
-5105
-2754
582
1455
1023
-1580
-2481
359
3956
6609
7341
6849
6406
7025
9473
12039
13638
14060
13308
13452
14322
14404
13889
12188
9379
7192
4974
-3697
-15698
-21005
-19995
-11272
-7549
-8431
-7835
-11098
-14680
-16504
-14076
-6828
-1094
2098
5904
8643
9960
9370
5294
2907
3265
6708
10920
10850
9391
6063
1261
-2615
-5026
-5390
-5688
-9715
-13977
-14194
-12111
-9606
-9341
-10806
-10804
-10053
-8280
-5338
-2465
-603
-590
1069
3829
6495
8099
5932
1749
-1070
-567
2489
4437
2654
142
-2000
-4078
-4701
-4025
-2683
-2628
-3335
-2934
-1047
1028
1305
689
-350
412
3386
6174
7771
7693
7568
7241
7478
9529
11789
13248
13880
12549
12870
11945
11939
11868
10362
10741
7277
4338
-7787
-18808
-19514
-15790
-7320
-7065
-8536
-7916
-10625
-13626
-13925
-10495
-5174
-878
2328
7647
10314
9754
7156
2157
1855
4734
8709
10877
7889
4324
1052
-2365
-4388
-4953
-5577
-7395
-11382
-13813
-11182
-9048
-8862
-9898
-10721
-8581
-6455
-4657
-2732
-2200
-2111
-161
2698
5636
6947
4999
1600
-1972
-1887
1022
3285
3435
702
-1488
-2668
-3616
-3457
-2846
-2497
-2413
-2071
-721
968
1869
1218
254
600
3081
5743
7122
7689
7052
7735
8708
10460
12449
12965
13789
13848
12797
11763
11411
10764
10789
8471
5796
-272
-12965
-18974
-17795
-11236
-5774
-8537
-9822
-10209
-12739
-12210
-10095
-5655
-1432
774
5177
9581
9747
8634
5363
2355
3948
7094
10502
9466
4126
-244
-3826
-6254
-6641
-6631
-7626
-10539
-14067
-13469
-10572
-9220
-8947
-9506
-7701
-4724
-2824
-450
360
-143
270
2149
5254
6759
5533
1912
-2151
-3375
-2084
366
900
-1007
-2481
-3470
-4287
-4430
-3636
-2301
-1553
-837
573
1951
1888
931
838
1893
4202
6651
7612
7829
8193
7980
8768
9917
10731
12215
12769
12537
12821
11606
10107
9173
8079
8002
5793
3185
-6408
-17274
-19028
-15175
-6336
-4038
-6512
-6815
-8671
-10281
-9058
-5347
-208
2616
4265
8527
10761
9712
6434
1764
254
2554
6262
8493
5575
114
-4107
-7224
-7869
-7294
-7175
-8170
-11627
-13319
-11088
-8366
-6656
-7052
-7227
-4868
-2741
-693
785
-101
-408
280
1994
4776
4633
2962
-590
-4840
-4836
-2996
-897
-1035
-3224
-3815
-4142
-4659
-4057
-2854
-1599
-837
41
1413
2252
2071
1568
1684
2509
4385
6067
7120
7107
7248
8067
9231
10414
11323
12390
12648
12417
10872
10143
9098
8206
7760
5430
4234
-2566
-14915
-19253
-16964
-8679
-3129
-5528
-5336
-6097
-9030
-8731
-6118
-1298
3036
4369
7890
10716
8663
6191
2046
-342
2082
5129
8018
6221
357
-3281
-5811
-7447
-7151
-6770
-6722
-8758
-12110
-11279
-8785
-8108
-7802
-7578
-5131
-2030
-1250
-874
-595
-1606
-205
2904
4570
5688
3156
-980
-3955
-5016
-2375
-254
-848
-2579
-3416
-3060
-3589
-4863
-4319
-2398
-720
1392
2860
3630
2915
1720
1758
3298
5410
6803
7420
7348
7837
8550
10048
11279
12316
13432
13981
12663
10498
8704
7299
7751
7289
5972
2079
-10752
-20573
-20194
-13708
-4652
-4445
-5625
-5111
-7676
-8709
-7178
-3692
942
3516
7000
12269
12338
9012
4309
-495
-68
3646
7063
7601
2664
-2744
-5734
-7429
-7315
-6731
-7222
-8443
-10912
-11232
-8509
-7939
-8875
-9294
-8139
-4070
-860
196
-72
-2297
-2386
562
3903
5876
3994
456
-2501
-4641
-3374
-1489
-1496
-2378
-3632
-3319
-2902
-3775
-3972
-3354
-2051
358
2189
3009
2825
1576
1403
2849
4906
7395
8607
7938
7669
8035
9690
11934
13630
15084
15128
14008
11480
9515
8399
7820
6488
4549
498
-11012
-20482
-21716
-16031
-7802
-6837
-7254
-6000
-7415
-8495
-7303
-3640
1386
4624
8579
13211
12827
8774
4002
233
1172
5044
7709
7226
2001
-3234
-5554
-7181
-7528
-7185
-7324
-8122
-10206
-10442
-8101
-7468
-8705
-9238
-6882
-3106
-683
-535
-441
-1145
-2143
491
3410
5152
4570
856
-2539
-4147
-3554
-805
-208
-1614
-2268
-2479
-3158
-4313
-4151
-2437
-1173
361
2660
3391
2420
712
505
2044
4120
6125
8080
8135
7655
8430
9083
10527
12095
14518
16011
15455
13598
10642
8740
6933
6998
6503
3913
-5906
-19091
-22100
-18736
-10648
-6732
-7515
-6610
-7899
-9840
-8540
-5334
-1277
2472
6181
11923
13921
10435
5264
199
-905
3377
8108
9592
5708
-1176
-5408
-6943
-7238
-6350
-6393
-7438
-9528
-10799
-8722
-7379
-8474
-10092
-9595
-6174
-2435
-1142
-829
-1111
-2963
-1025
2356
4637
4750
742
-2389
-4218
-4412
-1622
-477
-1353
-2097
-2796
-2881
-3976
-4543
-2797
-1187
273
2386
3605
3381
1749
451
1155
2604
4711
7443
8615
8513
9162
9306
10894
11901
13766
16293
16076
15523
12621
10012
9302
7890
6326
766
-12774
-20485
-19661
-14290
-7906
-8565
-8789
-7594
-10302
-10840
-7693
-4169
58
2671
7556
13579
12518
8335
3907
53
1274
5084
8074
8295
3244
-2046
-4564
-6545
-6648
-5979
-6462
-7615
-9362
-9760
-7632
-7827
-9437
-9431
-8415
-4902
-2545
-2400
-1951
-962
621
2892
4299
4278
2943
-405
-2734
-2845
-1773
-692
-1105
-1745
-1973
-2572
-3578
-4351
-3528
-1121
933
2532
3203
2973
2433
1222
1297
2735
4349
6137
7549
8139
8280
8491
9134
10922
13445
15253
16240
15060
13291
10931
9252
9743
8118
4366
-7690
-18747
-19178
-15403
-9667
-8821
-9585
-8130
-9476
-11367
-9636
-6824
-3200
445
5127
11859
13401
9057
4251
487
107
3980
6869
7279
4130
-950
-3373
-4983
-6264
-6615
-7213
-7592
-8648
-8786
-7439
-7121
-8908
-9871
-8197
-5910
-3259
-2860
-2828
-2307
-1339
1798
4119
4387
2921
433
-1988
-2922
-2027
-646
-794
-1670
-1760
-1565
-2983
-5016
-4727
-2519
-17
1962
3649
3925
3105
1756
1681
3143
3744
4758
5837
6934
8287
9348
9873
10446
11261
12642
14712
15461
14176
12377
10916
10149
8919
6195
-1778
-13908
-19063
-16656
-9954
-7078
-8872
-8603
-8833
-11131
-11109
-8396
-4500
-1379
1548
8125
12408
10472
6299
2378
993
2913
5890
7603
5689
733
-2904
-4158
-5166
-5852
-6644
-7164
-7948
-8662
-8140
-7284
-8390
-9965
-9358
-7022
-4065
-3025
-3312
-3264
-1926
591
3657
4737
3530
1244
-920
-1919
-1598
-479
-317
-797
-1272
-758
-1152
-3336
-4500
-3296
-722
1693
2901
3120
2915
1599
1077
2562
3995
4763
5630
6563
7640
8657
8809
9612
10725
11916
14236
15146
14240
12590
10712
10422
10225
7885
3312
-8174
-17253
-17263
-13034
-7721
-8220
-9439
-8043
-9046
-10643
-9419
-7322
-4586
-1338
4161
10662
11050
6792
2757
413
1264
4548
7017
6841
3022
-1270
-3045
-4154
-5931
-7296
-7734
-7609
-7643
-7465
-7012
-7613
-9951
-10659
-8005
-5709
-3908
-3920
-4028
-2762
-1403
1493
3953
3809
2154
763
-1096
-1707
-1069
-746
-130
-588
-649
-164
-2307
-4618
-4156
-2249
167
1766
2633
3144
2182
900
1378
2515
3280
4458
5838
7426
8343
8482
8942
10003
11223
13589
14974
14787
13320
11286
10783
11409
11275
8588
1224
-12357
-18257
-15941
-10328
-6578
-8868
-8753
-7463
-9189
-10081
-9120
-7669
-4552
-66
7344
12894
10526
4798
732
-635
1888
6124
7916
6607
2139
-1188
-1693
-3477
-5992
-7596
-7780
-6779
-6579
-6351
-6648
-9091
-11595
-10862
-7281
-5926
-5186
-5524
-3815
-837
-66
2166
2374
1338
922
229
-161
-484
-824
-6
620
351
286
-1309
-3914
-4764
-2722
-68
1054
1190
1577
2013
1763
1656
2145
2425
2814
4499
7088
8249
8063
7595
8278
10627
12652
15004
15492
14146
12664
11599
11606
11361
8592
4563
-5017
-15176
-16589
-13322
-8499
-8418
-9691
-7491
-7164
-9970
-11103
-9977
-7139
-2714
3325
10457
11588
6776
2324
250
498
3074
5628
6183
4214
995
-294
-1866
-5303
-7992
-8210
-6601
-5457
-5864
-6633
-7752
-9873
-10466
-8778
-6143
-5532
-6354
-4704
-2271
-137
861
1656
2653
1878
863
266
-997
-1383
-403
955
1966
1250
315
-1186
-3407
-3426
-1077
399
650
1303
2584
2800
1225
357
1131
1674
2908
5121
6740
6991
6276
7254
8590
10326
11233
12758
13749
13858
13615
12336
10960
10145
9718
7236
729
-11272
-17052
-15906
-11253
-7586
-7982
-7148
-6624
-9175
-11299
-10382
-8041
-3999
808
6902
11150
8866
4003
424
-875
1157
4412
6235
5722
3071
387
-1080
-3569
-5968
-6786
-6171
-4998
-4756
-5062
-5912
-7926
-9590
-9148
-6687
-5572
-6569
-6092
-3610
-622
543
1275
2134
1603
378
131
77
-376
-165
919
2387
2086
663
-977
-3272
-4313
-2408
381
1354
985
1006
1376
696
-90
473
1066
1441
2975
5218
6506
6276
6294
7278
8317
9773
11646
13131
12856
11832
11033
9901
9676
9629
8430
4707
-5359
-13840
-15335
-12624
-7799
-7038
-6812
-5355
-6766
-9305
-10204
-9184
-5855
-1625
3623
9299
9652
5257
857
-1543
-777
2086
4510
5707
4550
1884
107
-1970
-4257
-5585
-5750
-4363
-3487
-3849
-4850
-6456
-8166
-8619
-7219
-5554
-4855
-5541
-4871
-2295
-1179
-147
578
856
1142
457
647
557
-151
353
1637
2228
1667
557
-976
-2301
-2364
-712
926
803
397
954
1199
675
273
614
1120
1657
3085
4413
4899
5015
5124
6057
7524
9052
10618
11395
10942
10415
9569
8608
8277
8598
8228
5335
-2360
-11362
-14123
-11719
-7121
-5776
-5774
-4575
-5353
-8082
-9743
-8442
-6096
-3035
1337
6646
8403
4648
377
-1441
-1255
940
3461
5039
4642
2334
1069
159
-2004
-3959
-4526
-3570
-2631
-3118
-3941
-4718
-6247
-7368
-6831
-5610
-4900
-5503
-5162
-2653
-1170
-817
-450
199
584
284
506
709
85
60
1396
2225
1643
544
-329
-976
-1431
-630
713
366
-514
-74
835
845
356
596
998
1177
1878
3208
4045
4053
4302
5444
6944
8489
9411
9646
9287
9380
9382
8757
8142
8426
8789
6934
1903
-6815
-12393
-12441
-8343
-4856
-4584
-4511
-4493
-6252
-8843
-9020
-7441
-4896
-1819
2836
7127
5974
1687
-1490
-2234
-670
1546
3506
4598
3815
2727
2388
606
-1855
-3867
-4309
-3244
-2843
-2878
-3272
-4567
-6242
-7279
-7178
-6395
-6155
-6462
-4837
-2505
-1059
-777
-967
-718
-589
-175
474
712
416
824
1542
1545
1042
353
-30
-364
-159
1055
1227
-4
-359
488
1006
627
417
1005
1206
999
1950
2717
2815
3149
4389
6372
7569
8316
8796
8817
8211
8771
9328
9287
8946
9038
9784
8152
3258
-4933
-11160
-11584
-7735
-4511
-3998
-3894
-3485
-4991
-7955
-9003
-8343
-7177
-5035
-525
4699
5023
1591
-949
-2079
-1848
-842
1345
3484
3884
4031
4688
3693
559
-2402
-3703
-3344
-3085
-2829
-2136
-2521
-4090
-5678
-6154
-6461
-7137
-7581
-6395
-3839
-2182
-1312
-748
-662
-1156
-1775
-1437
-612
-63
595
2027
2868
2378
1251
51
-374
-117
889
1816
1665
1102
952
724
170
-140
268
1007
1426
1980
2508
2345
2242
2864
4129
5363
6048
6587
6816
6854
7284
7790
7703
7313
7352
8104
8577
7514
4077
-2568
-8355
-8862
-5670
-3339
-3674
-4038
-2624
-3147
-5748
-7176
-8043
-8665
-8215
-4456
1465
3501
1653
-53
-1068
-1577
-1664
-787
964
2071
3562
5991
6447
4145
537
-2147
-3183
-3922
-3961
-2725
-1189
-505
-1062
-2254
-4296
-7124
-9204
-8737
-6524
-4553
-2950
-1355
-436
-1472
-3246
-4102
-4307
-3387
-1064
2035
4084
3985
3033
1915
654
103
400
811
1086
1672
2695
2811
1706
665
174
-2
437
1352
2249
2708
3087
3603
3754
3524
3345
3274
3389
4201
5547
6585
6683
6475
6651
6758
6874
7565
8336
7698
3658
-2069
-4877
-3814
-1752
-1412
-1902
-1117
-1007
-3264
-5404
-6462
-7377
-8349
-7439
-3283
205
209
-897
-1343
-1564
-1986
-2266
-1951
-1775
-1456
781
3553
4040
2490
687
-359
-1427
-2705
-2460
-849
328
559
370
-121
-1824
-4587
-6274
-6187
-5520
-5207
-4601
-3280
-2322
-2338
-2671
-2969
-2983
-2611
-1559
115
1288
1777
1687
1188
924
879
496
118
-50
438
1126
1261
1297
1150
755
773
1361
1745
1522
935
744
852
898
1239
1470
1160
999
1342
2139
2730
2920
3534
4416
5350
6179
6758
6966
6954
6732
5262
2336
-146
-179
1575
2365
1709
1153
887
145
-870
-1164
-894
-1387
-2374
-2001
-621
-159
-1089
-2140
-2214
-1887
-1947
-2197
-2757
-3600
-4110
-3587
-2287
-1427
-1247
-1137
-816
-856
-1410
-1954
-1925
-1659
-1725
-1815
-1679
-1652
-2011
-2366
-2518
-2610
-2904
-3102
-2660
-2002
-1890
-1980
-1907
-1663
-1246
-1190
-1186
-1083
-1504
-1807
-1717
-1299
-735
-870
-1112
-714
-172
239
386
519
853
816
796
1253
1413
1099
735
1025
1892
2314
2132
1966
1970
2242
3032
4193
5233
5924
6325
6687
6943
6896
6939
7222
6602
4510
2447
1854
3000
4057
3366
2007
619
-341
-311
4
178
-563
-2001
-2176
-1230
-917
-1713
-3175
-4005
-3683
-3442
-3385
-3792
-4869
-5286
-4866
-3788
-2680
-2432
-2416
-2125
-1855
-1701
-1540
-1371
-1103
-1124
-1336
-1065
-997
-1371
-1576
-1609
-1646
-2077
-2652
-2426
-1957
-1905
-1979
-2053
-1791
-1414
-1280
-1188
-1302
-1840
-2328
-2407
-1936
-1364
-1207
-958
-410
129
365
308
215
78
62
548
1235
1556
1525
1455
1605
1622
1440
1535
1804
2282
2954
3697
4429
4949
5382
5781
5907
5899
6116
6503
7228
7426
5774
3421
1969
2290
3655
3693
2749
1758
571
280
538
595
-31
-1686
-2430
-1529
-982
-1672
-3233
-4467
-4130
-3691
-3774
-4071
-4997
-5503
-5211
-4276
-2888
-2293
-2344
-2138
-1782
-1510
-1480
-1556
-1311
-1020
-987
-992
-1111
-1226
-1196
-1342
-1620
-1937
-2218
-2236
-2014
-1750
-1746
-1848
-1624
-1135
-845
-1113
-1695
-2247
-2653
-2552
-1866
-1265
-1047
-984
-500
112
312
293
258
329
568
1065
1593
1704
1421
1305
1593
2041
2292
2346
2319
2397
2846
3490
4068
4627
5097
5408
5671
5801
6006
6376
6972
7632
6873
4429
2204
1623
2777
3917
3550
2496
1187
193
248
256
-357
-1500
-2663
-2283
-1366
-1370
-2236
-3805
-4473
-3882
-3542
-3744
-4608
-5435
-5240
-4575
-3677
-2860
-2801
-2880
-2540
-2000
-1704
-1790
-1893
-1631
-1374
-1379
-1253
-1335
-1510
-1531
-1714
-1871
-2238
-2423
-1989
-1635
-1515
-1529
-1657
-1416
-1130
-1009
-905
-1141
-1549
-1864
-1939
-1470
-977
-800
-612
-340
-68
-55
-55
221
480
642
883
1164
1280
1214
1282
1595
1932
2181
2460
2714
2906
3154
3398
3667
4085
4602
5212
5689
5982
6269
6539
6903
7280
6904
4770
2348
1465
2427
3990
3944
2665
1344
167
-100
-62
-415
-1128
-2238
-2324
-1260
-825
-1537
-3154
-4312
-3845
-3261
-3314
-3792
-4717
-5168
-4980
-4211
-3108
-2768
-2949
-2565
-1872
-1645
-2030
-2485
-2377
-1996
-1765
-1437
-1433
-1949
-2310
-2309
-2164
-2138
-2300
-2209
-1971
-1864
-1695
-1568
-1528
-1410
-1181
-892
-766
-1217
-1897
-2209
-1987
-1312
-858
-664
-419
-279
-69
280
565
665
582
743
1200
1418
1385
1439
1663
1991
2395
2696
2672
2442
2646
3471
4299
4677
4962
5242
5396
5689
5957
6325
6700
6846
7129
6168
3582
1485
887
2251
3805
3504
2593
1444
431
314
-146
-683
-1388
-2455
-1964
-774
-663
-1765
-3808
-4462
-3592
-3384
-3570
-4172
-4876
-4893
-4602
-3548
-2415
-2482
-2633
-2127
-1513
-1421
-2107
-2478
-2069
-1732
-1708
-1876
-2212
-2164
-1693
-1214
-1255
-2068
-2746
-2532
-1832
-1310
-1397
-1792
-1810
-1398
-877
-601
-1029
-2013
-2690
-2542
-1706
-1066
-1009
-970
-714
-241
259
532
545
310
287
741
1301
1553
1495
1497
1697
1909
2081
2297
2413
2567
2915
3338
3811
4043
4305
4912
5397
5710
5688
5358
5510
5794
6264
6176
4158
2024
1094
2006
4024
4166
2990
1660
336
174
126
-297
-816
-2006
-2094
-845
-501
-1380
-3332
-4547
-3796
-3189
-3134
-3495
-4398
-4694
-4447
-3544
-2476
-2571
-2838
-2319
-1542
-1402
-2125
-2669
-2428
-1824
-1265
-1042
-1357
-2056
-2283
-1752
-1437
-1813
-2494
-2679
-2101
-1686
-1747
-1876
-2038
-1811
-1372
-1111
-1035
-1714
-2547
-2495
-1840
-1061
-979
-1317
-970
-400
89
307
213
225
361
865
1596
1772
1491
1321
1535
2098
2391
2426
2430
2465
2977
3608
3907
3834
3594
3934
4795
5442
5683
5488
5285
5566
6005
6486
6164
4356
2384
1539
2347
3755
3594
2435
1346
519
254
-26
-360
-772
-1607
-1750
-941
-560
-1179
-2510
-3308
-2966
-2818
-3084
-3542
-4043
-4126
-3885
-3344
-2736
-2569
-2492
-2231
-2048
-2286
-2747
-2704
-1948
-1128
-861
-1072
-1594
-2096
-2201
-2020
-1885
-2222
-2533
-2335
-1827
-1691
-2233
-2847
-3000
-2578
-2003
-1597
-1601
-2082
-2552
-2449
-1876
-1531
-1563
-1539
-1104
-482
-134
-4
80
162
434
849
1207
1385
1396
1524
1837
2077
2212
2277
2330
2503
2600
2756
3013
3357
3846
4300
4704
4867
4778
4579
4586
4906
5223
5497
5672
5517
4373
2649
1640
1819
2753
3077
2585
1819
890
319
150
46
-241
-895
-1276
-941
-703
-1237
-2329
-3327
-3368
-3012
-2864
-2890
-3434
-4073
-4326
-4089
-3334
-2809
-2602
-2178
-1826
-1776
-1940
-1985
-1617
-1222
-966
-763
-917
-1496
-1927
-2018
-1924
-2014
-2240
-2163
-2021
-2144
-2354
-2479
-2350
-2128
-1874
-1504
-1389
-1680
-1992
-2048
-1805
-1574
-1449
-1098
-627
-329
-258
-354
-374
-217
214
977
1535
1640
1483
1440
1704
1958
2120
2313
2437
2457
2379
2329
2463
2750
3178
3654
3934
3936
4000
4113
4292
4421
4447
4676
4941
5229
5429
4755
3178
1791
1510
2548
3382
2961
1976
888
169
40
-75
-206
-833
-1619
-1537
-998
-1036
-1958
-3211
-3537
-3023
-2750
-2843
-3322
-3864
-4010
-3727
-3029
-2509
-2542
-2553
-2180
-1821
-1914
-2346
-2468
-2101
-1624
-1398
-1451
-1898
-2395
-2537
-2310
-2101
-2262
-2469
-2346
-2061
-2026
-2273
-2515
-2476
-2090
-1530
-1109
-1199
-1673
-1998
-1770
-1223
-883
-846
-845
-603
-129
303
482
442
436
776
1395
1887
1914
1619
1453
1688
2118
2431
2539
2480
2469
2567
2669
2737
2813
3074
3545
3930
3986
3802
3724
3813
4029
4174
4145
3981
3846
4054
4404
3994
2755
1685
1538
2247
2646
2196
1392
405
-154
-55
167
6
-910
-1733
-1556
-1083
-1127
-1851
-2778
-2983
-2725
-2412
-2193
-2489
-3090
-3455
-3321
-2755
-2416
-2525
-2486
-2288
-2124
-2155
-2261
-2125
-1867
-1655
-1538
-1639
-2002
-2186
-2033
-1683
-1608
-1920
-2137
-2024
-1776
-1678
-1798
-2006
-2063
-1809
-1298
-910
-1011
-1361
-1483
-1182
-725
-433
-381
-394
-296
-9
340
507
455
429
640
978
1194
1236
1246
1341
1524
1685
1783
1812
1871
2066
2264
2282
2046
1827
2048
2586
3036
3014
2610
2485
2719
3127
3411
3248
2939
2757
2948
3550
3756
2995
1944
1404
1727
2394
2294
1656
886
205
175
314
269
-164
-980
-1222
-895
-786
-1110
-1796
-2303
-2247
-2173
-2128
-2245
-2635
-2880
-2853
-2671
-2507
-2638
-2651
-2362
-2110
-2067
-2194
-2209
-2034
-1698
-1458
-1385
-1559
-1812
-1704
-1405
-1262
-1436
-1731
-1744
-1440
-1203
-1106
-1263
-1485
-1487
-1255
-849
-667
-840
-1003
-955
-750
-578
-588
-595
-557
-435
-178
-10
32
36
128
369
585
686
744
758
852
1015
1193
1340
1384
1459
1615
1779
1854
1822
1780
1841
2007
2289
2625
2810
2833
2783
2836
3026
3104
3080
3070
3075
3115
3183
3252
3131
2541
1912
1682
1817
2034
1848
1444
1057
661
482
395
211
-73
-475
-656
-601
-688
-969
-1393
-1710
-1743
-1794
-1862
-1983
-2159
-2237
-2314
-2323
-2190
-2090
-1978
-1871
-1807
-1788
-1847
-1778
-1580
-1483
-1497
-1548
-1537
-1455
-1410
-1460
-1535
-1593
-1524
-1358
-1261
-1342
-1542
-1662
-1568
-1355
-1178
-1174
-1293
-1366
-1336
-1294
-1285
-1355
-1404
-1346
-1180
-993
-935
-999
-1007
-858
-629
-471
-395
-349
-239
-89
76
214
323
475
687
916
1059
1144
1239
1433
1720
1975
2106
2139
2237
2521
2834
3005
3024
2999
3093
3267
3433
3471
3338
3187
3220
3367
3432
3169
2668
2389
2381
2535
2487
2153
1770
1432
1289
1286
1070
698
274
60
92
27
-319
-748
-1095
-1171
-1179
-1293
-1518
-1825
-2015
-1995
-1928
-1967
-2140
-2233
-2119
-1950
-1938
-2104
-2307
-2350
-2250
-2078
-2012
-2116
-2290
-2308
-2143
-1966
-1967
-2102
-2161
-2046
-1925
-1889
-1955
-2057
-2084
-1981
-1817
-1742
-1821
-1931
-1904
-1766
-1636
-1603
-1641
-1594
-1434
-1215
-1044
-981
-944
-827
-608
-396
-281
-228
-101
103
338
516
626
731
890
1157
1447
1625
1693
1756
1942
2222
2437
2518
2562
2649
2818
2993
3100
3074
2939
2888
2994
3184
3313
3261
3124
3002
2956
2954
2830
2623
2393
2254
2230
2181
2018
1737
1396
1208
1089
966
798
537
288
100
-46
-147
-314
-541
-711
-861
-987
-1135
-1325
-1470
-1622
-1732
-1770
-1808
-1858
-1927
-1994
-2072
-2138
-2166
-2190
-2225
-2288
-2349
-2410
-2431
-2407
-2405
-2461
-2522
-2527
-2474
-2420
-2407
-2421
-2443
-2442
-2340
-2204
-2121
-2078
-2069
-1989
-1864
-1742
-1629
-1535
-1449
-1319
-1149
-968
-791
-638
-471
-271
-64
112
254
373
499
664
843
1027
1186
1341
1497
1636
1767
1876
1981
2084
2202
2332
2458
2548
2613
2658
2707
2771
2804
2818
2817
2827
2843
2858
2848
2819
2759
2717
2673
2647
2572
2460
2334
2179
2083
1990
1852
1693
1508
1351
1224
1081
923
721
515
361
232
114
-45
-253
-448
-635
-779
-886
-1044
-1213
-1387
-1502
-1580
-1685
-1827
-1972
-2113
-2199
-2251
-2303
-2367
-2448
-2521
-2572
-2608
-2647
-2695
-2728
-2730
-2710
-2692
-2686
-2679
-2670
-2651
-2619
-2552
-2484
-2421
-2340
-2246
-2130
-2009
-1905
-1817
-1704
-1599
-1470
-1337
-1199
-1038
-873
-697
-524
-358
-193
-47
98
250
413
575
721
844
955
1075
1198
1339
1489
1621
1736
1849
1950
2043
2119
2189
2269
2358
2459
2557
2622
2646
2670
2699
2738
2779
2790
2790
2790
2793
2799
2777
2742
2699
2649
2601
2545
2461
2340
2179
2025
1912
1799
1678
1531
1366
1210
1048
895
738
556
384
209
35
-126
-309
-516
-696
-865
-1006
-1147
-1300
-1443
-1602
-1750
-1885
-2009
-2118
-2229
-2305
-2362
-2438
-2510
-2581
-2648
-2695
-2744
-2783
-2797
-2807
-2795
-2772
-2767
-2763
-2744
-2703
-2640
-2574
-2504
-2450
-2393
-2309
-2205
-2096
-1993
-1887
-1768
-1627
-1476
-1323
-1183
-1048
-902
-739
-575
-427
-289
-158
-8
139
283
437
591
748
891
1020
1142
1252
1377
1532
1684
1806
1905
1990
2083
2175
2264
2352
2411
2476
2542
2605
2657
2682
2687
2691
2692
2706
2720
2727
2721
2692
2657
2614
2559
2491
2407
2322
2229
2123
2011
1910
1798
1650
1495
1349
1222
1092
945
784
621
451
281
131
-16
-175
-348
-521
-674
-829
-975
-1123
-1272
-1404
-1526
-1638
-1761
-1871
-1978
-2065
-2137
-2199
-2267
-2348
-2418
-2478
-2522
-2561
-2588
-2592
-2606
-2613
-2603
-2589
-2568
-2540
-2499
-2467
-2425
-2372
-2313
-2246
-2169
-2079
-1984
-1904
-1822
-1720
-1603
-1467
-1331
-1211
-1096
-981
-851
-710
-573
-436
-309
-171
-25
126
265
396
524
653
781
892
1000
1103
1213
1337
1459
1575
1674
1772
1870
1965
2051
2110
2165
2230
2298
2360
2406
2439
2456
2464
2473
2490
2492
2471
2448
2420
2404
2384
2350
2300
2229
2163
2102
2039
1953
1851
1744
1629
1522
1415
1291
1152
1010
864
717
591
456
332
194
48
-100
-252
-390
-533
-679
-816
-951
-1077
-1205
-1339
-1468
-1585
-1681
-1785
-1903
-2006
-2087
-2164
-2239
-2289
-2320
-2372
-2467
-2500
-2428
-2384
-2450
-2530
-2498
-2425
-2408
-2431
-2421
-2353
-2271
-2204
-2149
-2082
-2006
-1931
-1857
-1762
-1646
-1531
-1428
-1323
-1201
-1068
-937
-813
-705
-581
-451
-339
-234
-118
39
205
333
440
561
696
811
933
1077
1205
1309
1415
1532
1634
1714
1782
1857
1934
2017
2083
2115
2160
2228
2285
2317
2339
2357
2359
2354
2336
2335
2343
2333
2294
2255
2224
2179
2115
2039
1959
1887
1815
1741
1658
1562
1466
1370
1279
1184
1064
922
780
651
536
419
291
159
31
-97
-226
-358
-498
-636
-770
-896
-1010
-1118
-1229
-1346
-1457
-1551
-1643
-1740
-1827
-1897
-1968
-2033
-2090
-2145
-2198
-2248
-2288
-2310
-2328
-2341
-2342
-2338
-2330
-2306
-2283
-2260
-2231
-2189
-2129
-2075
-2027
-1965
-1898
-1815
-1731
-1638
-1543
-1445
-1342
-1245
-1149
-1044
-939
-832
-716
-588
-455
-338
-224
-90
36
153
271
380
496
622
743
854
965
1088
1214
1316
1405
1502
1606
1706
1776
1837
1906
1969
2034
2097
2153
2187
2208
2237
2260
2276
2286
2291
2279
2272
2273
2258
2219
2168
2120
2074
2022
1963
1895
1823
1747
1665
1576
1486
1386
1275
1174
1077
970
855
739
623
490
358
210
61
-61
-180
-293
-414
-522
-635
-760
-879
-996
-1112
-1232
-1347
-1453
-1544
-1622
-1697
-1782
-1873
-1954
-2019
-2078
-2138
-2173
-2188
-2211
-2230
-2256
-2279
-2294
-2308
-2291
-2265
-2241
-2214
-2181
-2133
-2085
-2039
-1993
-1942
-1876
-1795
-1710
-1618
-1518
-1418
-1319
-1216
-1107
-993
-888
-788
-680
-551
-418
-289
-167
-60
53
173
291
405
516
629
742
857
963
1062
1150
1241
1344
1439
1533
1613
1679
1749
1818
1884
1928
1965
1992
2028
2061
2086
2103
2107
2110
2114
2113
2098
2078
2050
2023
1989
1949
1905
1848
1784
1723
1668
1612
1536
1459
1383
1297
1193
1098
1018
923
812
701
606
517
418
314
219
101
-35
-163
-279
-387
-487
-577
-668
-762
-847
-933
-1036
-1147
-1254
-1341
-1418
-1490
-1550
-1609
-1675
-1737
-1794
-1853
-1906
-1946
-1979
-2002
-2011
-2013
-2021
-2034
-2037
-2042
-2048
-2045
-2023
-1979
-1929
-1873
-1824
-1777
-1739
-1696
-1639
-1571
-1481
-1384
-1293
-1196
-1100
-1016
-935
-844
-746
-639
-532
-426
-315
-204
-91
18
113
210
314
422
526
633
742
847
941
1025
1107
1182
1257
1337
1426
1521
1610
1685
1741
1793
1830
1856
1889
1925
1964
1992
2019
2037
2040
2037
2028
2013
2001
1983
1956
1928
1894
1860
1823
1772
1712
1648
1586
1524
1453
1369
1274
1177
1088
990
880
772
678
581
486
393
296
189
77
-35
-151
-264
-375
-481
-585
-682
-785
-905
-1012
-1110
-1201
-1282
-1354
-1418
-1488
-1565
-1635
-1696
-1757
-1802
-1835
-1876
-1907
-1931
-1944
-1955
-1966
-1979
-1983
-1973
-1968
-1962
-1930
-1893
-1848
-1796
-1743
-1690
-1643
-1593
-1536
-1475
-1407
-1331
-1237
-1138
-1041
-952
-869
-787
-705
-621
-523
-416
-314
-222
-115
-10
75
157
242
334
422
518
621
721
804
885
956
1009
1061
1115
1179
1244
1305
1360
1404
1433
1453
1473
1497
1520
1539
1559
1573
1579
1570
1557
1543
1530
1506
1472
1440
1405
1366
1323
1279
1235
1177
1113
1047
991
942
888
835
781
717
646
566
483
396
313
237
166
100
28
-48
-124
-191
-262
-337
-399
-456
-502
-549
-596
-639
-694
-753
-806
-859
-903
-942
-962
-973
-991
-1006
-1026
-1059
-1092
-1099
-1091
-1087
-1072
-1047
-1024
-1014
-1010
-1010
-1007
-986
-952
-911
-871
-829
-788
-754
-723
-687
-646
-615
-573
-511
-449
-397
-351
-306
-252
-203
-160
-119
-81
-25
34
91
139
180
220
258
295
338
390
437
473
501
531
555
577
598
611
623
645
664
682
699
707
709
710
712
725
733
732
723
713
699
678
661
643
617
600
585
562
548
529
501
464
426
394
372
349
316
279
252
223
181
138
97
53
13
-22
-52
-73
-98
-125
-159
-209
-258
-295
-322
-339
-354
-382
-412
-446
-477
-502
-527
-544
-555
-557
-555
-564
-579
-596
-609
-615
-620
-623
-621
-620
-609
-590
-577
-559
-533
-510
-485
-477
-467
-439
-415
-383
-342
-306
-281
-261
-229
-187
-158
-126
-83
-53
-27
12
52
87
117
146
175
205
241
278
307
337
356
363
377
404
433
458
476
495
511
517
524
530
529
523
520
519
515
510
500
489
472
454
441
429
413
398
386
377
362
329
295
258
216
183
160
141
117
91
69
37
1
-31
-61
-90
-120
-142
-157
-178
-203
-232
-259
-287
-313
-333
-345
-360
-371
-381
-386
-393
-395
-403
-417
-422
-417
-403
-398
-400
-403
-402
-396
-385
-375
-362
-346
-332
-313
-291
-273
-259
-245
-226
-208
-195
-174
-152
-130
-106
-85
-62
-40
-17
6
18
36
61
80
92
108
135
157
167
173
190
212
229
245
263
283
290
290
300
300
295
306
319
325
327
324
314
293
274
264
251
247
252
252
246
231
211
194
183
173
153
134
121
107
95
79
60
36
11
-11
-18
-22
-34
-47
-56
-62
-71
-82
-94
-108
-120
-118
-107
-106
-120
-132
-141
-144
-148
-153
-149
-145
-144
-138
-136
-135
-126
-127
-131
-131
-129
-118
-112
-110
-99
-94
-93
-93
-86
-80
-76
-72
-67
-64
-58
-52
-53
-54
-49
-43
-39
-31
-22
-20
-20
-17
-11
-6
-3
-5
-16
-22
-15
-8
-6
-8
-5
-2
0
5
4
6
7
2
-3
-9
-10
-12
-15
-18
-15
-7
-4
-6
0
4
4
0
7
14
25
35
33
29
24
25
32
33
33
35
37
40
46
51
54
58
57
52
48
50
45
46
50
56
61
62
62
65
62
51
39
33
37
43
39
33
26
22
21
23
18
11
7
2
2
8
16
14
8
4
2
-5
-12
-13
-14
-11
-11
-11
-11
-12
-13
-14
-19
-22
-22
-16
-8
-10
-16
-25
-33
-37
-40
-41
-39
-45
-43
-38
-38
-41
-48
-49
-45
-41
-40
-36
-41
-48
-41
-37
-36
-40
-43
-43
-46
-45
-45
-44
-42
-37
-33
-28
-20
-15
-19
-19
-18
-21
-26
-26
-25
-19
-11
-2
1
4
6
8
10
10
10
15
27
32
33
35
39
39
37
44
43
39
44
47
45
43
45
44
33
31
36
39
41
40
48
56
57
54
54
54
45
36
33
36
31
22
19
19
18
13
10
10
6
-2
-2
2
0
0
-1
-6
-11
-10
-12
-11
-12
-13
-9
-11
-19
-26
-28
-27
-30
-28
-19
-17
-16
-20
-27
-26
-23
-18
-10
-7
-5
-7
-12
-17
-27
-29
-29
-31
-26
-19
-16
-22
-24
-25
-23
-26
-25
-18
-11
-6
-6
-4
-8
-14
-19
-20
-18
-17
-18
-12
-14
-13
-5
-4
-8
-9
-8
-4
-4
-3
-3
-11
-11
-13
-12
-8
-2
5
5
9
9
1
-3
-4
-6
-6
5
20
22
11
2
-1
6
13
23
28
35
37
32
27
17
13
13
11
13
18
17
20
22
23
22
20
24
22
15
19
27
24
20
16
12
8
-3
0
6
11
17
22
19
11
6
9
14
13
10
9
9
2
-5
-7
-15
-22
-19
-15
-17
-16
-11
-10
-12
-15
-13
-8
-3
3
0
-9
-14
-11
-8
-7
-4
-4
-10
-12
-9
-9
-8
-15
-11
-5
-4
0
4
3
-1
-6
-11
-7
1
8
11
13
8
1
-3
-8
-9
-8
-9
-12
-15
-17
-12
-8
-10
-12
-13
-5
2
4
2
-1
-4
-9
-9
-11
-11
-14
-13
-8
-2
1
6
3
-3
-2
0
0
-2
4
10
14
16
12
11
12
17
19
16
17
19
24
27
26
19
12
10
14
13
12
15
17
17
16
16
14
8
3
4
7
7
3
7
11
9
5
5
4
2
-2
-6
-10
-11
-9
-5
-2
-8
-16
-17
-15
-20
-17
-14
-10
-6
-4
-8
-9
-13
-21
-26
-28
-25
-23
-23
-21
-24
-28
-32
-30
-29
-24
-13
-7
-4
-4
-5
-8
-12
-19
-20
-17
-11
-9
-8
-6
-7
-8
-8
-8
-4
1
3
7
8
8
5
2
2
3
7
9
7
5
2
3
2
-2
-5
-6
-7
-3
10
15
17
19
16
14
13
12
11
13
10
10
15
20
22
16
8
7
8
12
12
11
13
17
25
27
29
32
30
25
21
19
18
20
14
15
18
22
24
20
17
12
3
2
9
22
33
30
19
12
4
-5
-7
-9
-13
-10
-6
-4
-8
-16
-20
-29
-35
-30
-23
-19
-20
-21
-18
-19
-20
-24
-30
-33
-35
-39
-37
-29
-23
-21
-20
-23
-28
-32
-33
-33
-29
-19
-14
-14
-14
-11
-8
-8
-6
-8
-5
-2
-1
-3
-5
-2
-5
-9
0
12
12
8
5
-1
5
11
8
6
7
2
-3
-4
1
8
9
12
16
11
5
2
3
4
3
1
6
11
15
17
13
9
11
13
17
17
12
9
5
3
5
8
9
8
9
10
8
3
3
4
5
7
10
15
19
19
18
11
6
-2
-2
0
2
8
11
7
5
5
10
12
13
11
7
8
8
4
0
-3
-4
-4
1
3
-5
-10
-6
-4
-4
-2
-5
-4
-1
-5
-8
-7
-9
-8
-5
-4
-4
-6
-10
-11
-13
-12
-14
-19
-18
-13
-10
-4
2
2
-3
-6
-7
-15
-22
-21
-18
-17
-9
0
0
-3
-6
-10
-18
-20
-14
-11
-8
-4
-5
-9
-10
-12
-13
-12
-11
-7
-2
1
3
1
0
-2
-4
-3
-2
-4
-1
0
6
8
7
10
13
12
6
0
-2
1
3
8
7
10
11
14
20
23
29
30
32
22
14
11
9
10
5
5
2
1
4
6
10
8
13
16
15
15
15
14
11
9
6
2
-1
-5
-8
-10
-14
-18
-18
-10
-6
-8
-16
-22
-23
-23
-21
-16
-14
-18
-21
-20
-17
-13
-13
-18
-22
-26
-23
-20
-19
-26
-29
-30
-30
-27
-20
-9
-2
0
2
6
0
-7
-4
6
7
8
9
6
1
-4
-5
-1
3
7
10
14
19
20
20
20
19
18
20
24
26
24
22
19
15
15
24
27
22
18
18
15
14
15
14
10
8
6
8
12
14
15
11
5
1
-2
0
3
9
6
6
12
10
9
6
3
0
4
3
2
-1
-4
-4
-7
-12
-15
-12
-6
-2
-2
-4
-6
-9
-10
-9
-9
-8
-11
-11
-11
-16
-14
-13
-8
-10
-8
-5
-11
-14
-17
-19
-20
-19
-19
-15
-15
-18
-17
-17
-18
-13
-11
-9
-10
-12
-15
-14
-10
-9
-5
1
6
3
3
1
1
-1
1
5
6
13
17
19
18
13
6
3
8
16
20
20
20
18
14
11
18
17
17
18
15
11
11
11
10
6
2
6
7
7
7
10
9
9
12
10
9
12
13
11
9
11
19
17
10
4
-3
-3
4
10
5
5
4
1
4
7
7
2
-2
-1
3
9
9
6
0
-5
-3
-1
1
1
3
-2
-7
-6
-6
-7
-8
-11
-13
-10
-6
-8
-7
-12
-14
-13
-14
-11
-10
-14
-20
-24
-20
-22
-23
-17
-10
-9
-13
-16
-13
-10
-5
-6
-16
-23
-21
-13
-4
0
1
-2
-1
1
2
3
-2
-3
-2
3
9
11
9
6
9
12
13
15
16
15
18
18
19
18
13
14
12
9
10
14
12
10
8
8
9
3
1
9
12
9
9
6
1
-1
-3
2
7
9
7
5
6
5
-1
-12
-17
-15
-14
-7
1
3
-1
-5
-5
0
2
6
7
5
8
6
9
10
7
4
-4
-11
-20
-16
-13
-9
-1
-1
-3
-1
0
-6
-9
-9
-6
-1
5
9
7
5
5
4
5
11
11
11
9
4
5
7
11
15
16
18
17
15
13
12
9
10
11
15
10
3
7
10
15
17
15
11
7
-1
-5
-2
-3
-5
-1
3
3
3
0
0
0
0
0
1
0
1
-2
-7
-8
-5
-1
2
-3
-5
-5
-3
0
-3
-8
-11
-16
-16
-10
-10
-6
-4
-8
-11
-10
-9
-11
-13
-10
-8
-9
-12
-8
-1
-1
-11
-19
-21
-20
-21
-23
-20
-23
-21
-18
-18
-13
0
8
4
-6
-9
-5
-4
-4
-1
-3
-6
-1
7
9
5
-5
-14
-14
-10
-6
-10
-17
-14
-5
-1
-2
-1
2
2
5
6
6
2
1
3
9
8
-1
-5
-3
0
3
2
2
7
9
9
11
10
8
8
7
5
9
18
17
7
0
0
2
8
13
15
11
7
8
14
17
15
13
9
12
14
13
7
4
2
3
11
19
18
13
11
10
6
3
8
14
18
11
2
0
0
-2
-4
-4
-7
-10
-7
-5
-10
-9
-12
-12
0
-1
-4
-6
-3
4
1
-2
-1
-2
-5
-8
-12
-12
-11
-8
-1
-1
-9
-20
-29
-29
-24
-22
-20
-17
-14
-10
-6
-2
4
4
-3
-8
-11
-5
-1
3
0
-7
-10
-11
-1
6
0
-5
-15
-18
-13
-5
0
6
8
8
4
2
8
7
0
-2
-6
-6
-7
-6
-2
-1
-3
-3
3
3
4
-1
2
8
6
4
5
5
2
-1
-6
-3
2
-1
-4
-6
-5
-3
-1
2
3
0
-6
-2
12
14
14
15
7
0
-5
-7
-2
0
0
4
5
4
4
0
1
3
0
-4
-8
-6
-2
2
5
7
7
3
0
0
-1
-4
-7
-12
-10
-1
5
6
4
-5
-12
-9
-7
