SAMPLES:	9782
BITSPERSAMPLE:	16
CHANNELS:	1
SAMPLERATE:	16000
NORMALIZED:	FALSE
-2
-6
-1
-8
-6
-6
-10
-1
-3
0
0
-12
-6
-11
-10
1
-7
5
9
4
11
-4
-6
-10
-20
-5
-9
-8
-2
-11
0
-1
-7
1
-9
-5
-1
-7
-3
-9
-12
-10
-9
-7
-8
-11
-10
-2
6
8
4
-5
-10
-10
-11
-10
-15
-17
-10
-8
0
6
5
-2
5
4
0
9
-6
-7
-1
-12
3
-2
-12
1
-15
-2
7
-9
10
-3
-8
15
-8
4
9
-7
22
2
3
20
-10
17
5
-18
16
-14
-7
14
-14
21
11
-4
20
-14
1
9
-18
17
1
-6
19
-15
-2
8
-18
3
-14
-18
4
-19
-6
-6
-26
-1
-11
-11
6
-13
3
4
-12
0
-14
-16
-8
-15
-1
-4
-2
10
-2
2
-2
-9
0
-6
-7
-6
-14
-5
-7
-1
11
1
10
7
8
20
14
21
22
14
19
9
3
8
0
13
18
10
17
15
15
18
9
12
10
6
11
5
4
7
6
9
11
6
6
6
6
10
5
3
3
-4
-3
-6
-16
-9
-18
-18
-7
-16
-12
-15
-22
-8
-12
-7
-1
-14
-8
-18
-23
-10
-14
-6
-5
-7
1
-14
-13
-11
-18
-12
-20
-16
-10
-8
2
2
11
19
9
19
9
5
12
-3
10
3
-3
11
-8
1
7
-10
11
4
11
29
12
27
19
3
16
-7
-3
3
-23
0
-13
-18
4
-20
-3
0
-14
12
0
7
20
-3
19
4
-6
15
-17
-4
1
-20
9
-5
-4
20
-5
18
13
-6
24
0
6
23
0
23
10
-3
16
-6
8
12
-10
8
-4
-1
17
-1
14
12
4
16
5
13
13
2
13
6
7
12
-3
0
-3
-8
2
-6
2
6
0
5
1
4
6
-2
2
-3
-6
-2
-7
-2
2
-2
-2
-8
-9
-9
-12
-10
-13
-11
-10
-7
1
0
5
10
10
11
10
8
5
-6
-8
-8
-9
-2
-6
-12
-11
-17
-13
-12
-15
-6
-10
-5
1
0
11
1
-5
3
-14
-4
-6
-19
-2
-13
-10
-1
-22
-6
-11
-22
1
-13
-7
4
-15
7
2
-4
11
-15
-4
7
-10
13
7
5
27
16
33
39
26
40
28
27
41
32
44
47
43
56
48
48
54
45
49
50
53
63
62
67
71
69
73
71
67
61
54
55
56
56
52
43
41
39
39
44
41
46
49
48
58
56
56
57
50
54
54
53
57
44
45
42
33
37
26
23
25
18
21
16
13
12
-1
-9
-15
-25
-34
-46
-54
-62
-67
-75
-92
-103
-116
-127
-134
-149
-152
-158
-160
-154
-162
-158
-164
-171
-163
-169
-162
-156
-167
-150
-152
-154
-137
-152
-139
-133
-135
-114
-122
-110
-98
-108
-86
-92
-90
-68
-86
-68
-63
-68
-44
-64
-53
-40
-57
-34
-42
-37
-1
-4
23
37
40
76
79
105
137
138
173
185
199
235
248
280
303
315
347
358
387
411
416
452
456
462
482
470
491
492
479
495
472
467
461
417
415
387
358
363
312
291
272
215
212
172
131
123
54
26
-13
-80
-85
-137
-184
-200
-270
-298
-339
-399
-407
-460
-491
-506
-566
-578
-609
-646
-654
-704
-721
-733
-780
-781
-806
-826
-815
-841
-841
-836
-849
-829
-821
-808
-778
-768
-737
-708
-686
-638
-607
-566
-502
-461
-401
-341
-290
-226
-172
-114
-49
14
85
152
222
292
361
438
512
587
654
720
790
850
920
983
1036
1098
1137
1194
1251
1276
1324
1352
1380
1430
1447
1466
1483
1478
1487
1479
1462
1450
1421
1387
1336
1281
1233
1168
1109
1022
921
832
714
606
489
349
232
87
-60
-193
-358
-508
-668
-851
-993
-1156
-1309
-1444
-1612
-1747
-1886
-2035
-2140
-2259
-2358
-2429
-2520
-2566
-2601
-2636
-2630
-2648
-2637
-2595
-2561
-2486
-2423
-2346
-2233
-2147
-2019
-1878
-1749
-1568
-1425
-1271
-1076
-911
-712
-525
-356
-151
24
210
400
550
727
886
1032
1199
1328
1462
1597
1708
1845
1953
2044
2157
2238
2321
2409
2465
2531
2589
2627
2677
2708
2729
2744
2739
2737
2729
2719
2703
2666
2625
2577
2517
2453
2380
2290
2192
2079
1943
1785
1618
1436
1250
1065
853
623
374
119
-126
-378
-625
-879
-1142
-1400
-1659
-1905
-2139
-2371
-2570
-2764
-2958
-3134
-3304
-3434
-3523
-3606
-3655
-3698
-3722
-3706
-3679
-3606
-3513
-3421
-3297
-3175
-3025
-2851
-2692
-2502
-2310
-2126
-1916
-1732
-1537
-1328
-1154
-959
-776
-615
-434
-286
-145
8
130
258
374
466
583
678
767
860
923
1008
1085
1141
1218
1273
1329
1396
1447
1514
1578
1640
1721
1791
1868
1944
2003
2079
2147
2217
2289
2338
2400
2457
2505
2555
2588
2617
2645
2658
2674
2679
2663
2647
2612
2570
2517
2439
2353
2254
2128
1982
1818
1644
1457
1248
1014
770
519
248
-43
-342
-639
-924
-1210
-1493
-1773
-2060
-2328
-2593
-2844
-3057
-3264
-3446
-3594
-3739
-3840
-3916
-3965
-3950
-3928
-3888
-3809
-3713
-3559
-3378
-3198
-2987
-2784
-2566
-2319
-2077
-1818
-1568
-1331
-1078
-831
-600
-390
-199
-15
153
312
456
579
692
782
859
935
984
1013
1029
1039
1059
1066
1050
1037
1016
998
992
984
978
975
970
971
986
1003
1028
1068
1113
1167
1210
1249
1308
1389
1478
1561
1636
1714
1800
1869
1942
2016
2076
2144
2203
2263
2327
2360
2382
2406
2418
2420
2399
2367
2334
2260
2154
2042
1910
1768
1591
1388
1194
961
705
447
186
-62
-329
-627
-907
-1193
-1492
-1775
-2055
-2301
-2544
-2795
-3006
-3208
-3385
-3522
-3634
-3690
-3735
-3786
-3784
-3744
-3662
-3571
-3476
-3329
-3179
-3018
-2832
-2638
-2408
-2192
-1983
-1731
-1496
-1279
-1094
-931
-736
-557
-384
-210
-82
44
150
243
357
424
476
534
577
626
643
660
705
738
774
792
814
870
904
945
993
1024
1092
1153
1214
1300
1363
1442
1518
1593
1713
1815
1914
2014
2084
2197
2293
2358
2443
2508
2583
2653
2680
2734
2777
2811
2839
2832
2852
2852
2803
2782
2732
2642
2516
2335
2190
2061
1881
1651
1401
1171
908
610
333
59
-234
-579
-932
-1224
-1530
-1868
-2202
-2502
-2751
-3015
-3281
-3497
-3680
-3828
-3977
-4073
-4097
-4143
-4153
-4098
-4008
-3882
-3777
-3622
-3390
-3173
-2964
-2761
-2527
-2256
-2031
-1800
-1532
-1276
-1038
-849
-645
-414
-233
-62
106
259
403
486
564
661
721
771
799
828
871
868
855
874
883
884
880
893
927
944
955
978
1034
1095
1129
1170
1216
1280
1354
1412
1483
1564
1639
1718
1796
1885
1973
2034
2097
2175
2250
2302
2337
2395
2465
2505
2523
2538
2564
2567
2545
2529
2498
2416
2268
2106
1973
1817
1607
1366
1136
928
678
370
79
-206
-524
-866
-1197
-1485
-1792
-2147
-2471
-2738
-2980
-3244
-3517
-3713
-3872
-4035
-4154
-4209
-4190
-4153
-4112
-3995
-3828
-3679
-3520
-3322
-3054
-2785
-2581
-2329
-2021
-1738
-1493
-1266
-977
-675
-440
-232
-13
218
399
514
646
775
849
896
927
957
956
904
868
856
820
773
725
676
623
557
513
510
499
462
430
417
430
434
419
440
475
524
591
645
733
840
941
1071
1190
1287
1404
1501
1620
1746
1840
1939
1993
2055
2152
2237
2332
2398
2445
2539
2614
2672
2723
2698
2632
2530
2435
2365
2213
1982
1758
1565
1388
1126
805
545
278
-33
-360
-665
-928
-1237
-1604
-1931
-2224
-2507
-2800
-3083
-3282
-3478
-3671
-3780
-3805
-3786
-3775
-3756
-3638
-3495
-3370
-3204
-3015
-2817
-2629
-2436
-2168
-1878
-1662
-1472
-1237
-967
-707
-482
-278
-82
75
223
381
515
593
608
636
700
693
625
562
517
510
475
413
394
350
296
273
273
315
312
267
271
274
270
268
262
319
367
397
479
583
725
872
1010
1188
1331
1450
1581
1711
1860
1956
2032
2148
2243
2345
2427
2501
2634
2758
2868
2958
3008
3083
3161
3200
3180
3069
2987
2924
2756
2552
2344
2160
1994
1715
1366
1088
839
506
130
-210
-522
-865
-1282
-1700
-2033
-2365
-2738
-3073
-3363
-3655
-3955
-4156
-4219
-4246
-4298
-4344
-4278
-4148
-4084
-3983
-3796
-3598
-3393
-3221
-2999
-2706
-2516
-2351
-2090
-1783
-1496
-1297
-1102
-823
-567
-359
-189
-38
108
174
241
355
403
404
397
392
429
426
378
373
370
356
364
380
421
451
446
453
465
475
496
525
572
634
709
819
944
1064
1208
1342
1483
1649
1805
1963
2108
2183
2279
2420
2546
2677
2788
2887
3013
3112
3193
3297
3401
3517
3608
3713
3819
3790
3697
3566
3411
3313
3107
2838
2673
2453
2198
1898
1489
1162
805
394
80
-285
-716
-1173
-1661
-2077
-2496
-2961
-3360
-3697
-3974
-4265
-4552
-4694
-4789
-4874
-4883
-4842
-4718
-4600
-4529
-4362
-4135
-3946
-3748
-3496
-3172
-2872
-2676
-2475
-2177
-1881
-1653
-1413
-1151
-875
-613
-403
-189
7
123
235
370
523
619
651
721
743
702
651
601
620
616
548
536
526
494
452
398
437
489
486
505
515
548
605
665
818
992
1125
1263
1380
1497
1620
1726
1888
2056
2182
2248
2273
2325
2392
2475
2585
2711
2865
2985
3044
3150
3252
3352
3476
3570
3653
3617
3418
3214
3008
2780
2572
2356
2217
2024
1651
1200
762
414
57
-312
-577
-895
-1374
-1911
-2475
-2914
-3283
-3736
-4073
-4342
-4675
-5000
-5258
-5349
-5332
-5347
-5288
-5094
-4874
-4688
-4552
-4303
-3949
-3633
-3314
-2973
-2658
-2406
-2221
-1953
-1552
-1231
-969
-685
-395
-109
99
265
506
721
869
1025
1137
1193
1185
1147
1166
1183
1135
1063
979
898
778
630
585
573
524
486
437
413
370
292
254
272
301
359
487
638
796
899
965
1077
1245
1432
1609
1754
1865
1924
2014
2123
2176
2259
2345
2457
2673
2810
2890
3040
3156
3319
3516
3642
3784
3850
3769
3625
3442
3269
3037
2851
2746
2565
2351
1943
1411
1036
609
159
-120
-452
-808
-1260
-1863
-2385
-2847
-3290
-3708
-4067
-4388
-4809
-5206
-5416
-5556
-5559
-5550
-5537
-5345
-5183
-5079
-4899
-4629
-4354
-4070
-3753
-3426
-3070
-2804
-2642
-2321
-1937
-1642
-1321
-1042
-743
-414
-166
130
433
660
826
900
1014
1084
1076
1112
1094
1077
1045
902
776
648
490
410
366
340
334
289
256
215
177
184
161
165
183
213
315
456
664
925
1114
1214
1333
1430
1578
1812
1986
2219
2441
2580
2741
2866
2988
3138
3322
3582
3748
3889
4098
4195
4386
4525
4537
4701
4726
4591
4508
4222
3817
3528
3320
3306
3189
2714
2064
1465
963
454
55
-235
-660
-1285
-1995
-2697
-3153
-3572
-4162
-4555
-4886
-5383
-5772
-6010
-6103
-6052
-6119
-6137
-5901
-5663
-5568
-5448
-5242
-4964
-4618
-4220
-3711
-3285
-3117
-3031
-2761
-2267
-1782
-1368
-890
-445
-103
146
376
708
1007
1160
1315
1432
1410
1369
1310
1303
1323
1220
1142
1097
959
804
629
581
634
589
606
612
564
524
385
361
424
412
506
630
795
1019
1135
1279
1474
1630
1796
1967
2179
2396
2557
2670
2748
2879
2969
3064
3221
3374
3551
3649
3737
3805
3853
4017
4149
4318
4504
4299
4044
3771
3186
2927
2810
2688
2748
2304
1567
991
378
-75
-428
-759
-1029
-1633
-2327
-3000
-3558
-3782
-4227
-4691
-4947
-5420
-5841
-6080
-6277
-6206
-6143
-6145
-5917
-5601
-5390
-5291
-5120
-4832
-4409
-3865
-3298
-2798
-2524
-2428
-2253
-1831
-1275
-809
-355
31
213
404
593
840
1176
1278
1320
1438
1443
1461
1366
1266
1290
1197
1142
1072
879
701
466
355
384
273
255
238
154
185
67
0
43
17
65
140
304
581
812
982
1126
1312
1577
1831
2027
2185
2314
2466
2655
2800
2991
3261
3435
3596
3782
3889
4090
4194
4224
4503
4775
4974
5006
4744
4463
4025
3527
3307
3116
3133
3011
2343
1760
1161
486
-24
-498
-793
-1178
-1901
-2620
-3355
-3759
-4104
-4660
-4963
-5337
-5755
-6062
-6332
-6367
-6387
-6426
-6273
-5919
-5506
-5391
-5331
-4990
-4688
-4265
-3647
-3098
-2535
-2349
-2396
-2128
-1700
-1205
-776
-417
-27
170
193
308
602
862
901
928
1036
1075
909
747
684
662
656
527
452
320
56
-146
-203
-164
-149
-194
-280
-240
-257
-397
-383
-339
-276
-153
-24
248
640
874
1135
1411
1682
2043
2302
2667
2913
2990
3210
3286
3573
4008
4157
4369
4529
4716
4997
5149
5379
5460
5557
5832
5671
5543
5408
4775
4059
3470
3273
3417
3452
2997
2064
1303
701
-89
-340
-460
-1005
-1678
-2798
-3856
-4375
-4643
-4915
-5236
-5533
-6037
-6446
-6369
-6420
-6513
-6469
-6614
-6277
-5681
-5309
-4887
-4720
-4534
-4159
-3633
-2643
-2113
-2126
-2125
-2294
-1966
-1511
-1230
-499
-38
57
107
-100
-125
-15
-151
-173
-198
-128
21
-85
186
324
217
441
395
276
223
108
158
348
518
573
803
1068
1203
1359
1305
1249
1298
1325
1607
1982
2375
2766
3018
3530
4199
4706
5192
5414
5394
5439
5207
5217
5514
5578
5919
6149
6085
6033
5951
5799
5453
5128
4702
3729
2919
2187
803
-1435
-3579
-4767
-5375
-5205
-4703
-4881
-5468
-5712
-5836
-5848
-4866
-4151
-4505
-4375
-4330
-4273
-3406
-2670
-2318
-1922
-1698
-1497
-743
-242
-562
-906
-1284
-1430
-857
-179
327
556
277
-118
-128
280
532
199
-314
-777
-1141
-1115
-838
-713
-608
-994
-1538
-1651
-2197
-2633
-2885
-3267
-3166
-2877
-2176
-1622
-1792
-1770
-1969
-1929
-1240
-849
-260
-24
-42
572
874
1462
2362
2296
2279
2301
1880
2068
2141
2101
2443
2443
2665
3017
3048
3148
2938
2662
2477
2042
2414
2868
3055
3570
3394
3325
3271
3222
3578
3753
4639
4535
4464
4994
5165
6081
5885
5820
4879
2746
1687
225
-1717
-4467
-5915
-6098
-5458
-3968
-3520
-3796
-4778
-4702
-4226
-3607
-1703
-1198
-1892
-1312
-1019
-1268
-741
-1118
-2058
-1961
-2209
-1893
-810
-1083
-1833
-2215
-2532
-2226
-1465
-1227
-751
-423
-325
437
1059
1592
1552
692
297
-142
-698
-725
-808
-744
-905
-1535
-2146
-3008
-3876
-4287
-4096
-3517
-2843
-2273
-1869
-1575
-1349
-1187
-947
-649
-550
-340
-80
250
503
349
135
10
72
146
85
207
458
545
952
1569
1758
2030
2174
2102
2324
2323
2163
2295
2713
3231
3455
3612
3839
3733
4108
4507
4524
4648
4826
5282
5706
6466
6780
6910
6474
5673
4841
3347
1846
787
-930
-5080
-6362
-5485
-4852
-2510
-1781
-3063
-4101
-3494
-2701
-1524
826
686
-563
-549
-970
-1431
-1758
-2866
-3959
-4226
-4366
-3783
-3054
-3486
-4209
-4610
-4577
-4199
-3321
-2456
-1377
-43
691
1015
1566
1823
1396
800
484
269
-212
-1343
-2962
-3234
-2929
-2750
-3120
-4167
-5415
-6596
-5320
-3472
-2336
-787
-430
-625
26
487
450
341
4
-150
566
1528
1936
1890
1171
259
-35
-175
-13
612
1180
2212
3035
3617
4257
4329
4655
4787
4503
4095
3432
3797
3877
4434
5197
4639
4802
4239
3894
4222
4740
5116
4805
5549
6425
6398
6675
6855
5784
4198
2625
861
-699
-1563
-5603
-9248
-8649
-7094
-5016
-3632
-3719
-5519
-5075
-2763
-2045
470
1491
-943
-1088
-448
-1124
-1291
-2232
-4249
-4561
-4276
-4212
-3103
-3596
-5183
-5581
-5399
-4455
-3002
-2158
-559
1166
1647
2322
2326
2136
1879
632
334
482
-366
-1217
-2501
-5746
-6959
-6568
-6419
-5208
-5048
-4610
-4817
-3266
220
374
1882
2983
1437
1782
1450
694
360
-502
-627
-219
179
545
546
301
235
-170
-98
235
801
2411
3731
4847
5846
5453
5174
4631
3625
3310
2787
3312
3838
3697
4315
4269
3910
3905
3672
3865
4172
5256
6408
6853
7861
8774
9141
8600
7350
5084
2234
792
835
-3518
-9075
-9422
-9288
-6404
-3168
-3409
-5091
-6055
-3906
-2253
247
2726
1020
-509
-104
-504
-1083
-1869
-3969
-5390
-5522
-5173
-4227
-4235
-5668
-6730
-6583
-5825
-4413
-2873
-1276
995
2433
3004
3372
3154
2618
1758
938
360
-437
-1836
-3608
-4258
-4589
-5279
-5926
-6502
-6408
-5934
-4262
-2263
-1124
222
1194
1833
2684
2646
1281
194
-531
-982
-321
-419
-605
-139
-840
-1056
-737
-1189
-861
-496
-78
1706
3010
3910
5035
5017
4899
4777
4145
3789
3531
3603
3737
3748
3812
3594
3649
4195
4682
4950
5502
5705
6370
7991
9190
10138
10445
10147
8805
7041
5489
2963
1490
43
-6765
-11538
-10933
-9080
-5065
-3646
-4981
-7000
-6737
-3487
-1563
1297
2786
-224
-1593
-1016
-2240
-2776
-3579
-6095
-6382
-6287
-6750
-5539
-5934
-7065
-6868
-6333
-4928
-3254
-1928
294
2427
3547
4175
4272
3999
3075
1734
539
-216
-1398
-2983
-3612
-3597
-3738
-4402
-5610
-6405
-6387
-5164
-2833
-810
13
927
1874
2096
2532
1912
661
-86
-1039
-1179
-1180
-1226
-786
-883
-669
-246
-271
-350
65
637
1511
2778
3677
4967
5675
5382
5493
4773
3823
3431
3175
3590
3560
3723
2999
2678
3553
3297
4004
4960
5375
6474
7170
8394
8694
10217
11786
9772
9156
6189
2653
1145
141
-4259
-11566
-12714
-11273
-7507
-3671
-3860
-6771
-7613
-3712
-1878
1141
4484
1387
-961
-1169
-2242
-2178
-2854
-5019
-6026
-6665
-7243
-6798
-7080
-7748
-7843
-7337
-6309
-4389
-2879
-1456
1224
3016
4002
4678
4323
3390
1999
479
-316
-1271
-2781
-3801
-4084
-4158
-4451
-5130
-5582
-5539
-4830
-2695
-703
482
2122
2874
3084
3765
3097
1548
654
-416
-1104
-1220
-1392
-1171
-679
-237
217
368
67
459
853
1520
2866
3732
4862
5916
5827
5382
4916
3842
2991
2878
2823
3424
3267
2992
2990
2831
3826
4134
3914
4985
6926
7635
9487
10306
10186
9656
9651
9287
5650
3914
537
-3395
-9693
-13925
-12310
-9398
-4826
-3901
-6440
-8025
-5216
-1648
675
4405
4384
1295
750
-143
-1262
-1900
-3525
-5344
-5862
-6488
-7176
-7502
-8653
-8439
-7710
-6783
-4952
-3462
-2406
-193
1653
2770
3964
4503
4799
3715
1996
730
-1061
-3525
-5298
-5566
-4734
-3723
-3762
-5199
-6884
-6557
-5119
-2481
440
1464
2592
3436
3603
3939
2861
1531
759
-562
-1088
-1393
-1737
-1659
-1532
-924
322
832
873
1241
1590
2481
3683
5017
6323
7058
6705
5501
4268
4112
4265
4289
4001
3918
3584
3181
4481
4465
3904
4841
5878
5640
7726
9644
9461
10388
10094
8321
5607
4512
3150
-764
-7691
-13243
-13892
-10037
-5864
-4863
-6037
-8499
-6195
-2768
-712
3627
3732
170
321
245
-357
-526
-2543
-4727
-5220
-6026
-6871
-7047
-8317
-8350
-7507
-6724
-4876
-3437
-2815
-750
971
1679
2946
3772
4079
3739
2673
2074
1211
-1159
-3925
-5929
-6728
-5329
-4434
-5142
-6094
-6739
-5459
-2769
-339
1050
1520
1992
2756
3372
3579
3129
2187
768
-270
-1144
-1835
-1981
-2362
-2058
-1020
-657
-67
572
888
2229
3262
4044
5045
5351
6079
6195
5145
4281
3805
4041
4846
5431
4809
3757
2952
3072
3873
5049
7601
7700
7515
9428
9582
9965
10134
8771
5873
3620
2349
-5416
-11968
-11334
-10294
-6817
-4095
-6336
-9132
-6678
-2964
-1099
2474
3289
666
-133
245
492
293
-1582
-3477
-4488
-5328
-5970
-6704
-8599
-9245
-8766
-7920
-5757
-4060
-3079
-1634
-118
1407
2238
2683
3108
2644
2351
2239
1900
657
-1600
-3092
-4636
-6364
-6210
-6476
-7208
-6812
-5787
-3790
-2059
-429
678
1221
2665
3358
3010
3355
3817
2655
1906
1715
750
346
-646
-1388
-648
-427
-303
-377
-320
1113
2300
3579
5039
5680
6013
5994
5717
5656
4940
4835
4720
4635
4807
4118
4323
3675
4148
4400
4483
6153
6893
8216
9027
8769
7801
6728
6402
5363
4997
-513
-10553
-13214
-11421
-7195
-3447
-4348
-8304
-9142
-4893
-2360
975
3646
1100
-819
-502
-475
22
-713
-2866
-3816
-3857
-4667
-5293
-6781
-8554
-8633
-8454
-7661
-5508
-3870
-2061
205
1156
1837
2392
2262
2085
2279
2562
2698
1672
-423
-1948
-3321
-4918
-6229
-7322
-7854
-7323
-6656
-5268
-3821
-3346
-1167
1060
2555
4227
3638
2768
3214
2904
2841
2859
2062
1603
879
-27
-75
-190
-664
-680
-799
-235
1131
2084
3427
5311
6234
6676
6375
5679
5440
5384
5500
5463
5358
4400
4215
3675
3672
4713
5360
5891
6423
7284
7351
8012
8664
6752
4995
4068
2660
-441
-7567
-11474
-10288
-6812
-4782
-5372
-8235
-9191
-4338
-1518
660
3425
1211
-1460
-314
-144
-498
-796
-3321
-5061
-4456
-4803
-4822
-5456
-7800
-8393
-8484
-8283
-6274
-4795
-3003
-48
1236
1988
2650
2467
2347
2400
2911
3666
3285
962
-1368
-2767
-3354
-3817
-5127
-6652
-7747
-7103
-5075
-3229
-2290
-1473
-170
1030
2673
3865
3450
3473
3584
3513
3607
2836
2056
1160
315
7
-396
-736
-456
-347
-297
553
1049
1272
2443
4227
5638
6315
6149
5591
5280
5188
4813
4825
4595
3988
4078
3644
4249
4851
4293
4367
5775
7786
7984
7726
5883
3911
3441
3726
1901
-6774
-12120
-11604
-8424
-3954
-3426
-7436
-10375
-6372
-2464
30
3469
1554
-1901
-1273
-100
848
633
-1841
-4415
-4771
-4749
-4375
-4982
-7380
-8209
-8070
-7543
-5752
-4543
-3568
-1394
104
909
1823
2122
1674
1972
3114
4284
3894
899
-2212
-3965
-4854
-4535
-5015
-6716
-7428
-7555
-6634
-4041
-2679
-2705
-1096
977
2484
4040
4003
3222
3410
3840
4297
4347
3790
2757
1633
1026
1084
915
551
873
1133
2102
2932
3068
4015
4901
5733
6065
5920
6398
6979
7129
6612
5455
4725
4176
3724
4973
5644
5354
4809
5111
6502
6097
5803
3720
1895
2138
2504
184
-7914
-12039
-11151
-7415
-3861
-4896
-9188
-11190
-6324
-2375
332
3883
1813
-1285
-10
1302
1240
-233
-2946
-4540
-3083
-2167
-1777
-3124
-6908
-8853
-9408
-8467
-5857
-4687
-3802
-1404
-167
-165
-11
559
1524
2055
2681
3787
3037
727
-1694
-3456
-3812
-3761
-4530
-6146
-7595
-7395
-6512
-5723
-4337
-3258
-1770
669
2292
3038
3105
3095
3133
3223
4129
4668
4580
4420
4146
3315
2021
1277
1349
1380
1711
2311
2675
3246
3521
4080
5460
6415
6357
6418
6703
6690
6805
6100
5144
5365
5358
5416
5652
5093
4458
4354
5572
4902
3848
2727
1433
1574
1326
-3933
-11120
-12133
-9485
-4714
-2786
-5678
-10302
-10769
-7027
-3839
-450
1786
-311
-1484
334
1308
1033
-560
-3268
-3519
-1320
-674
-854
-3667
-7110
-8117
-7685
-6081
-4173
-4110
-3757
-2571
-2114
-1758
-1456
-1333
-276
1641
3280
2985
1049
-110
-415
-231
-455
-1889
-4136
-5479
-5835
-5645
-4415
-4256
-5614
-5473
-4003
-1685
693
1845
2935
4324
4973
5330
5424
5187
4838
4773
5331
5351
5099
4511
3210
2455
2124
1588
1963
3381
4575
5196
6004
6068
5768
5975
6323
6622
7382
7855
6727
6743
6993
6297
6406
6872
6456
5234
4038
1207
-178
375
-88
-4709
-11877
-13541
-10339
-5151
-3375
-6539
-11895
-12791
-8411
-5293
-2156
-87
-2626
-2957
320
1300
144
-1964
-4104
-3188
407
1990
1496
-2045
-6472
-7578
-6028
-3647
-1964
-2747
-3133
-2573
-2386
-2108
-1574
-1856
-2087
-493
1182
1611
455
-707
-1218
-554
274
-84
-1080
-1939
-2681
-3245
-3146
-4118
-5543
-5499
-4186
-2865
-2630
-2298
-1545
-18
2063
3714
4700
4769
4580
5685
6693
7266
7582
6166
5469
5613
5850
4747
4365
3882
3088
4744
6314
5999
5139
5532
4902
4723
5901
5951
5647
7752
8036
7817
8279
7612
5370
3971
5226
4064
4640
3567
-768
-7894
-14757
-14623
-9532
-4280
-3831
-8086
-13102
-13299
-9557
-7758
-5445
-2967
-4080
-3167
-1214
-1878
-2900
-3311
-3321
-605
1796
1240
-555
-3682
-5687
-4899
-3750
-2962
-2647
-2657
-1293
-172
-1297
-3365
-4054
-3533
-1321
1461
2521
510
-3011
-4096
-2752
-489
1178
1018
-1016
-2342
-1689
-2048
-1888
-1459
-3223
-3246
-1787
-2467
-3766
-3605
-2378
-755
1042
2434
2920
3257
3790
4859
5925
6211
6553
6961
7667
8339
7561
6252
6061
6196
6445
7129
6940
6295
6552
5838
5386
5861
4655
4803
5522
6652
6597
6429
6778
5982
6266
5791
4019
3495
4366
4457
757
-7478
-12674
-11953
-6890
-3721
-5183
-10879
-15257
-13754
-11378
-8932
-5361
-5269
-7057
-5369
-4554
-4915
-4184
-3525
-2035
980
1512
297
-1412
-3097
-3016
-2048
-1553
-1306
-1460
-1343
-157
-295
-2293
-3445
-2988
-1821
627
792
-1311
-1865
-2088
-1664
-75
408
-509
-304
57
-682
-656
-545
-1630
-2408
-2166
-1945
-1601
-2043
-2934
-2774
-1870
-1039
-286
378
1648
3038
3027
3620
4618
5174
6004
6436
6588
6826
6949
7224
7568
7955
7709
7694
7965
8542
8814
7488
6787
6714
6710
6699
7140
7065
6386
6153
5463
4815
4082
3336
2894
3190
3976
1405
-6363
-10815
-9218
-4598
-1097
-2727
-9312
-15466
-15101
-12549
-8983
-4622
-4632
-8265
-9626
-10033
-9129
-6374
-4093
-2734
-1379
-1659
-2544
-2670
-2772
-2074
-1414
-1152
-244
847
901
738
-1008
-3442
-3405
-1665
536
2102
1275
-1604
-4872
-5041
-2688
-942
95
995
24
-1363
-1198
-1615
-1345
603
783
-324
-338
-734
-1888
-2556
-2064
-1307
-663
118
1004
1306
1481
1832
1801
2603
4476
5877
6192
6048
6239
5675
5533
6710
7740
8686
8979
8090
7445
7742
7931
7641
7829
7418
7557
8317
8497
8488
6812
4627
3631
4960
5188
4122
3778
2028
-2195
-7741
-10168
-7276
-1615
-313
-4284
-10253
-14823
-14431
-10900
-6526
-3334
-5045
-9815
-11791
-11980
-10388
-6599
-3759
-3373
-3667
-4865
-5166
-4103
-3819
-3348
-2393
-1560
-398
1208
1371
277
-1870
-3441
-1932
445
1401
1480
140
-2663
-3987
-3497
-2170
-660
-77
-185
-118
-641
-1837
-2096
-925
50
571
640
470
24
-883
-1388
-1486
-628
686
1743
2045
1552
1283
1771
2772
3771
4370
4990
5803
6082
5962
6196
6334
6363
7171
8268
8659
8112
7598
7483
7947
8148
8083
7303
7800
8563
7045
7752
7206
6323
6635
6849
5839
4699
4450
2889
1144
-5586
-9590
-6651
-2441
-1003
-3528
-10967
-16235
-14370
-11425
-6814
-2569
-5361
-11635
-13287
-13491
-10179
-5113
-3098
-3741
-5380
-7384
-6409
-4125
-3699
-3230
-3370
-3519
-1927
-152
131
-123
-2130
-3387
-732
1567
1925
1672
-651
-3340
-3676
-2582
-1106
-84
-421
-961
-885
-906
-1501
-1338
-88
438
93
248
749
922
252
-302
150
966
1819
2399
1934
1115
1369
2648
4024
4394
4398
4402
5015
5683
5711
5865
6277
6926
6980
6970
7443
7710
7597
7723
7095
6217
6133
6463
7148
8143
7064
6568
6124
6187
6283
7370
6945
4483
4156
3705
2871
-2952
-6005
-5717
-2726
-1185
-3944
-10172
-13856
-12955
-11241
-7943
-5276
-7484
-12396
-13760
-13388
-10223
-5773
-3717
-5173
-6832
-7654
-6100
-3688
-2811
-2963
-3404
-3603
-2695
-832
191
-346
-2204
-3008
-992
792
796
536
-352
-1869
-2037
-1155
-493
-148
-884
-1437
-600
-36
-935
-1125
-702
-554
-26
215
574
657
-611
-1133
-198
978
2372
2836
1835
1307
1693
2701
4115
4194
3787
4235
4913
5280
5875
6140
6244
6804
6864
6862
7393
7242
7524
7999
7381
6838
7219
6930
6581
7431
6057
5842
5681
5421
4771
5428
5210
3330
4163
5093
4099
-1656
-4543
-4237
-1109
736
-2140
-8164
-12485
-11938
-9808
-6892
-5217
-8095
-13858
-15448
-13828
-10227
-6401
-5339
-8212
-10188
-9261
-5914
-2276
-1921
-3101
-3892
-3400
-1451
515
750
-154
-1536
-2092
-455
803
326
-514
-1709
-3033
-3037
-1744
-887
-438
-1106
-1991
-1258
-382
-779
-734
236
-161
-425
-73
-381
-555
-420
-307
275
897
977
919
1063
1769
2954
3753
4092
4056
3925
4744
6087
6220
5999
6075
6381
6663
6604
7017
7782
7840
7503
7722
7474
7405
7761
7638
6364
5534
5753
6052
6714
5964
5147
4488
3915
3499
3608
3563
3813
1254
-5052
-5057
-1251
332
52
-3125
-10449
-11784
-8110
-7022
-5371
-5957
-12034
-14868
-12847
-10800
-7262
-6596
-9722
-11598
-10661
-8065
-4032
-3054
-4495
-4950
-4394
-2618
549
1481
159
-184
-605
212
1875
1270
135
-13
-662
-1474
-1831
-1868
-1825
-1788
-1724
-926
-1177
-2174
-2186
-1752
-845
-73
-293
-1119
-1256
-940
-520
204
683
157
-202
425
1118
2162
2920
2796
2853
3202
4204
5280
5392
5419
5646
5769
6402
6991
7159
7255
7473
7741
8526
8454
7607
7482
7670
7597
7258
6928
6833
6044
4479
4983
5549
5375
5195
3199
2334
2749
3014
-584
-4035
-3551
-2435
-1366
-2080
-6301
-10547
-9069
-7934
-7405
-6028
-7861
-12030
-12764
-11539
-9433
-7172
-8095
-10205
-10146
-8807
-6523
-4572
-5167
-5907
-6010
-4495
-1383
701
203
-550
-333
351
2012
3210
2479
1775
1669
771
347
853
-79
-729
-481
-747
-516
-948
-2561
-3047
-1961
-516
95
-787
-1564
-1742
-1529
-601
-42
48
29
-280
381
1553
2072
2088
2071
2586
3385
4361
4998
5034
4858
5065
5439
6680
7490
6807
6285
6573
7273
8267
7804
7219
7145
6935
7224
6407
6461
6592
5301
4664
5180
5005
5091
4825
4213
3834
3692
2707
1753
-1968
-3694
-1932
-749
-1444
-4558
-8506
-9805
-6779
-6883
-7216
-7023
-9805
-12554
-10720
-8889
-7912
-7879
-9750
-10201
-7659
-6125
-5356
-5031
-6600
-6516
-4118
-1860
-750
-901
-1970
-1241
91
885
2473
3052
2024
1580
1638
1408
1482
1393
780
733
1123
884
147
-627
-1553
-1604
-358
231
-864
-1904
-2052
-2185
-1928
-1053
-779
-1153
-1363
-992
-1
847
1003
1298
2057
2616
3077
3678
4273
4351
3809
4094
5205
5825
5731
5607
6291
7009
7017
6791
6529
6526
6817
7238
7250
6385
5731
5354
5205
6050
5921
5014
4751
5089
4705
4543
4508
2703
2269
290
-1901
-1013
-86
-2117
-4716
-6720
-8345
-6690
-6081
-7868
-8476
-9267
-11335
-9723
-8219
-8913
-8812
-9257
-9739
-7555
-6190
-6232
-5894
-6490
-5974
-3761
-2328
-2404
-2023
-2203
-2217
-779
289
1444
1907
943
959
2029
1954
1393
1423
1586
1658
1294
1028
883
289
-288
-21
447
159
-602
-1319
-1431
-1201
-1384
-1495
-1233
-1370
-1611
-1067
-544
-561
-286
400
1224
2055
2430
2775
3167
3260
3440
4215
4964
5270
5175
5239
5422
5590
5799
6005
6749
6345
6498
6496
6312
5915
5784
5145
5605
5847
5749
5730
5243
5690
5007
4831
3643
4181
4014
3429
-19
-2215
-1483
192
-1051
-3723
-5956
-7976
-6436
-6567
-7304
-7413
-8521
-10367
-8997
-7877
-8125
-8798
-9321
-9373
-7030
-5600
-6194
-5936
-6302
-5933
-3822
-2549
-2464
-2192
-2715
-2155
-628
-88
103
310
366
1177
1566
1002
840
1199
841
970
1559
1298
1179
484
-210
93
431
-159
-643
-885
-1148
-1037
-1278
-1837
-1971
-1697
-1632
-1058
-881
-1158
-214
529
994
1863
1881
2045
2609
2968
3665
4296
4356
4211
4608
5004
5243
5729
5947
5788
5782
5553
5766
6520
6789
5762
5039
5502
5550
5742
5582
4536
4129
4693
4604
5499
5185
3464
2646
3117
1204
-549
-518
-852
-748
-2642
-5078
-6431
-5401
-5787
-7071
-6940
-7177
-8214
-7631
-7260
-7358
-7290
-7949
-7695
-6478
-5647
-5673
-6009
-6198
-5577
-4293
-2861
-2649
-2647
-2589
-2470
-1654
-1097
-362
436
356
465
895
674
443
786
929
1150
1144
796
1221
1330
272
29
751
594
-65
-802
-1159
-986
-1265
-1834
-1847
-1475
-1754
-1892
-1145
-719
-588
-181
221
911
1375
1623
2542
2930
2422
2451
3029
3947
4346
4187
4393
4845
4912
4880
5616
6016
5930
5794
5959
6019
5896
6141
5690
5319
5070
4740
5115
5409
4908
3992
4136
3542
3386
3500
3049
511
-1709
-1128
-135
-344
-2311
-4876
-6180
-4720
-4874
-5573
-5549
-6534
-7690
-6414
-5663
-5834
-6258
-7060
-6548
-4987
-4360
-4986
-5321
-5873
-5338
-3627
-2597
-2853
-2867
-2757
-2473
-1502
-1249
-869
-129
-242
31
740
568
148
386
543
931
1178
792
534
258
-332
-363
81
-228
-806
-1129
-1261
-1474
-1702
-1963
-1702
-1296
-1406
-1199
-732
-729
-493
178
776
1143
1433
1489
1909
2127
2125
2437
2920
3268
3463
3889
4436
4521
4536
4715
5199
5737
5876
6008
6032
5932
5172
5601
5700
5186
5116
5202
4594
4090
4555
3807
4474
4757
3215
2794
3041
1934
-286
-117
-391
-449
-484
-2676
-4671
-4454
-4098
-4866
-4615
-5137
-5973
-5508
-5223
-5611
-5583
-5957
-6122
-5698
-4791
-5021
-5314
-5954
-6090
-4688
-3954
-3830
-3828
-3596
-3498
-2859
-2549
-1897
-971
-924
-812
-227
18
-167
130
515
736
819
670
600
363
-173
-461
-144
30
-736
-1323
-1121
-753
-941
-1382
-1533
-1491
-1171
-909
-537
-160
-321
-302
255
763
1037
1308
1499
1651
1772
2069
2461
2854
3007
3367
4137
4509
4771
5239
5556
5706
6058
5877
6488
6429
5997
5882
5206
4503
4972
5346
5009
4491
3993
3888
4303
4602
3194
3548
3664
2607
1144
134
-606
-166
-17
-1958
-2995
-4458
-4434
-4036
-4367
-4769
-5201
-5672
-5351
-5129
-5145
-5515
-6120
-6360
-5756
-4710
-5103
-5960
-6504
-6156
-5077
-3771
-3655
-3698
-3925
-4063
-2957
-1990
-1234
-1006
-968
-554
-41
188
208
426
514
143
437
860
349
-85
-436
-538
226
-25
-854
-933
-851
-832
-840
-1073
-1192
-1102
-1007
-732
-560
-615
-863
-498
46
387
857
946
1206
1521
1562
1968
2500
2723
3359
3970
4423
4859
4880
5225
5576
5917
6060
5947
5924
5566
5660
5451
5186
4749
4695
4625
4606
4370
3941
4317
3928
4233
3801
3823
3459
3246
1894
108
-301
-401
-81
-834
-2636
-4139
-4148
-4279
-4399
-4119
-4190
-5240
-5512
-5580
-5162
-4937
-6099
-6875
-6509
-5716
-5749
-5731
-6338
-6438
-5954
-4945
-3837
-3408
-3700
-4091
-3350
-2131
-1246
-805
-893
-805
-422
-162
73
38
-72
-79
206
608
805
354
-224
-481
-107
407
177
-496
-616
-648
-751
-978
-1175
-1167
-1190
-1278
-1234
-815
-777
-682
-342
128
489
785
1096
1604
2051
2205
2579
3221
3579
4027
4444
4765
5055
4929
4976
5249
5579
5483
5234
5165
4957
4912
4554
4897
4745
4844
4398
4015
4377
4528
4903
4510
4631
3487
3461
3179
3081
2146
507
-539
-333
192
-757
-1644
-3460
-3810
-3711
-3506
-3194
-3249
-4733
-5487
-5566
-4910
-4737
-5557
-6525
-7190
-6457
-6241
-5910
-6026
-6399
-6421
-5600
-4743
-3841
-3370
-3909
-3588
-3045
-2197
-1130
-966
-1130
-1299
-1329
-1001
-234
203
-143
-327
-171
-30
79
-38
-224
24
-117
-500
-267
-93
-367
-878
-1106
-955
-769
-993
-985
-740
-610
-574
-177
504
800
1137
1460
2097
2641
2614
2778
3447
3730
3999
4469
4574
4986
4737
4776
5132
5146
5106
5024
5250
5272
5174
4620
4862
4625
4951
4925
5068
5089
4792
4711
4406
4539
4446
3839
3543
3404
2462
1742
327
-310
-348
192
-663
-1511
-2896
-3786
-3907
-3728
-3329
-3313
-3883
-5172
-5816
-5933
-5639
-5522
-5844
-6406
-6525
-6628
-6636
-6393
-6154
-5965
-5601
-5139
-4558
-3921
-3706
-3519
-3015
-2377
-1792
-1104
-827
-762
-742
-1011
-789
-191
-74
81
298
278
149
-22
-126
169
319
123
53
-50
-314
-665
-834
-743
-630
-635
-741
-514
-349
-213
185
703
1169
1452
1792
2145
2589
2807
2858
3096
3333
3627
3840
3896
4060
3931
3884
4128
4329
4628
4570
4502
4356
4366
4311
4093
4020
4028
3797
3540
3410
3160
3143
2874
2735
2709
2978
2635
2296
1809
1616
999
383
309
-375
-3
-646
-1149
-1446
-1878
-2297
-2675
-2383
-2128
-2188
-2508
-2955
-3529
-3828
-4015
-3947
-3869
-4184
-5003
-5382
-5418
-5184
-4920
-4880
-4758
-4761
-4574
-4116
-3579
-3297
-3229
-3139
-2774
-2431
-2207
-1994
-2058
-1903
-1921
-1777
-1391
-1259
-1072
-983
-824
-693
-607
-388
-217
-239
-336
-282
-188
-142
-144
-121
82
71
124
442
975
1181
1147
1225
1505
1900
2049
2118
2290
2309
2080
2209
2460
2677
2713
2525
2684
2976
3196
3289
3335
3486
3457
3485
3639
3679
3635
3480
3394
3448
3343
3198
3146
3203
3334
3415
3496
3590
3559
3440
3460
3574
3574
3207
2559
2070
1946
1998
2046
1700
1052
269
-536
-735
-503
-349
-587
-1512
-2571
-3288
-3618
-3773
-4045
-4677
-5523
-6151
-6598
-6606
-6517
-6516
-6633
-6764
-6760
-6423
-5930
-5468
-5288
-5242
-5024
-4641
-4100
-3698
-3489
-3355
-3158
-2875
-2371
-1791
-1283
-994
-892
-614
-183
266
625
807
834
966
1081
1369
1675
1790
1807
1740
1826
1913
2048
2221
2337
2181
2065
1977
2198
2308
2225
2143
1979
1951
2015
2147
2415
2484
2381
2417
2573
2854
2877
2874
2889
2947
3035
3088
3048
2976
2825
2678
2843
2925
2965
2938
2899
3044
3180
3351
3558
3653
3544
3385
3269
3174
2873
2500
2219
2095
1988
1643
1078
543
-80
-508
-646
-708
-871
-1581
-2528
-3266
-3683
-3968
-4413
-4954
-5589
-6231
-6696
-6878
-6899
-6804
-6838
-6891
-6779
-6557
-6098
-5649
-5333
-5024
-4686
-4281
-3868
-3520
-3197
-2957
-2677
-2421
-2126
-1659
-1224
-846
-564
-350
-5
475
801
1103
1269
1400
1606
1783
1994
2121
2150
2107
2029
2048
2186
2200
2182
2058
1971
2022
2031
2030
1945
1807
1732
1743
1784
1837
1786
1691
1673
1667
1731
1814
1829
1800
1657
1554
1541
1666
1739
1638
1534
1507
1579
1679
1923
2186
2422
2487
2486
2743
3120
3452
3624
3624
3597
3459
3256
3126
3071
2912
2604
2258
2004
1834
1548
1161
660
231
-167
-478
-766
-1299
-2026
-2852
-3522
-3976
-4317
-4708
-5304
-5856
-6266
-6397
-6254
-6042
-5964
-5962
-5914
-5703
-5254
-4811
-4455
-4236
-4066
-3808
-3448
-3057
-2677
-2446
-2197
-1907
-1480
-1011
-643
-271
80
475
919
1263
1496
1811
1957
2052
2183
2284
2391
2289
2079
1904
1818
1757
1635
1548
1556
1508
1408
1374
1328
1304
1178
1006
988
962
862
714
575
542
549
529
523
506
469
521
637
761
866
976
1090
1305
1546
1717
1910
2092
2326
2599
2889
3090
3371
3562
3797
4013
4116
4231
4214
4272
4338
4352
4213
3870
3634
3482
3287
3040
2583
1971
1393
785
319
-1
-507
-1201
-2036
-2823
-3436
-3957
-4421
-4852
-5332
-5843
-6268
-6350
-6389
-6409
-6504
-6528
-6457
-6239
-5963
-5643
-5365
-5166
-4913
-4600
-4105
-3628
-3262
-2937
-2586
-2105
-1563
-1004
-547
-147
215
565
937
1324
1678
1824
1848
1907
2008
2138
2162
2113
1999
1922
1814
1727
1680
1613
1514
1337
1282
1174
1078
895
641
571
437
316
191
43
23
-22
-104
-27
82
174
280
387
615
872
1053
1269
1476
1662
1784
1874
2060
2305
2559
2696
2876
3108
3351
3630
3838
4043
4246
4482
4703
4833
4804
4655
4444
4284
4107
3855
3591
3152
2625
2081
1503
1072
642
112
-429
-1053
-1611
-2206
-2761
-3312
-3829
-4346
-4804
-5250
-5622
-5977
-6233
-6381
-6443
-6418
-6371
-6253
-6152
-5860
-5582
-5143
-4783
-4451
-4050
-3603
-3077
-2607
-2087
-1730
-1352
-922
-496
-1
407
728
963
1133
1349
1615
1845
1938
1896
1784
1759
1765
1766
1696
1472
1267
1039
888
852
701
513
352
112
-16
-95
-229
-295
-426
-600
-615
-630
-556
-456
-417
-267
-188
-59
135
324
553
721
842
1008
1158
1330
1556
1658
1811
1977
2198
2512
2730
2944
3188
3394
3662
3932
4158
4359
4502
4470
4518
4600
4485
4364
4112
3833
3604
3314
3036
2716
2286
1800
1330
900
499
-14
-557
-1090
-1693
-2183
-2721
-3248
-3700
-4322
-4792
-5152
-5467
-5642
-5851
-6028
-6022
-5982
-5849
-5616
-5472
-5226
-4965
-4624
-4155
-3706
-3343
-2994
-2664
-2249
-1834
-1414
-993
-674
-282
97
455
738
945
1112
1319
1490
1610
1624
1526
1427
1340
1310
1216
1052
774
518
334
175
41
-140
-300
-451
-589
-680
-772
-781
-855
-898
-898
-875
-764
-700
-622
-563
-421
-272
-111
49
243
489
688
853
999
1240
1523
1785
1986
2178
2387
2627
2863
3140
3432
3647
3824
3957
4126
4366
4516
4578
4612
4625
4686
4682
4596
4419
4197
3939
3680
3446
3170
2840
2375
1903
1412
989
559
67
-457
-1007
-1528
-2023
-2500
-2966
-3447
-3881
-4234
-4500
-4740
-4970
-5148
-5269
-5318
-5290
-5178
-5051
-4916
-4784
-4568
-4257
-3950
-3635
-3348
-3001
-2605
-2257
-1876
-1536
-1212
-867
-640
-341
-68
147
339
384
419
451
454
453
397
270
150
30
-80
-185
-357
-480
-612
-719
-773
-862
-897
-986
-1041
-1047
-1008
-960
-986
-968
-868
-685
-515
-357
-215
-15
174
409
661
893
1154
1328
1579
1847
2061
2266
2417
2588
2786
2927
3084
3224
3315
3487
3595
3727
3834
3885
3993
4098
4178
4228
4230
4241
4258
4248
4230
4111
3943
3749
3543
3380
3195
2933
2646
2242
1828
1490
1162
811
372
-149
-652
-1117
-1556
-1986
-2379
-2816
-3265
-3666
-3997
-4242
-4503
-4757
-4932
-5039
-5077
-5043
-5017
-4904
-4784
-4624
-4341
-4068
-3781
-3514
-3237
-2894
-2574
-2290
-1992
-1742
-1498
-1216
-1023
-744
-570
-484
-332
-255
-113
-42
-77
-95
-133
-211
-215
-253
-343
-429
-597
-626
-651
-696
-719
-777
-757
-695
-626
-530
-446
-363
-233
-76
123
344
549
745
931
1084
1267
1464
1640
1803
1912
2013
2142
2258
2368
2437
2466
2535
2585
2627
2666
2663
2687
2719
2755
2871
2980
3049
3133
3182
3293
3421
3469
3560
3624
3675
3742
3718
3736
3704
3577
3491
3353
3231
3065
2783
2451
2092
1653
1256
888
446
2
-522
-1040
-1516
-2010
-2444
-2907
-3333
-3759
-4160
-4470
-4739
-4948
-5115
-5238
-5317
-5333
-5310
-5219
-5085
-4938
-4716
-4491
-4245
-3943
-3654
-3360
-3089
-2809
-2502
-2180
-1843
-1574
-1317
-1111
-929
-773
-609
-446
-349
-286
-288
-283
-227
-195
-171
-193
-276
-310
-335
-343
-326
-331
-314
-307
-276
-199
-125
-50
26
68
146
250
313
459
528
625
759
840
980
1058
1119
1215
1293
1393
1493
1556
1631
1719
1802
1942
2050
2163
2288
2390
2592
2757
2924
3120
3267
3472
3676
3876
4090
4288
4418
4589
4751
4885
5004
5019
5012
4927
4790
4642
4436
4199
3910
3543
3137
2702
2210
1728
1220
628
67
-537
-1149
-1724
-2333
-2903
-3419
-3956
-4447
-4890
-5261
-5554
-5880
-6166
-6344
-6485
-6525
-6519
-6476
-6330
-6204
-5990
-5712
-5452
-5117
-4807
-4441
-4070
-3747
-3374
-2992
-2606
-2224
-1886
-1558
-1270
-1010
-745
-504
-260
-100
2
117
228
341
411
442
447
425
410
435
421
417
397
347
347
338
360
382
348
339
353
394
485
539
595
642
693
795
899
1003
1120
1202
1297
1394
1519
1681
1812
1932
2058
2208
2340
2478
2601
2742
2917
3090
3277
3445
3587
3732
3911
4055
4220
4329
4394
4480
4487
4522
4556
4493
4445
4289
4069
3885
3595
3338
3040
2645
2267
1802
1320
876
373
-98
-634
-1244
-1769
-2276
-2764
-3217
-3730
-4172
-4554
-4924
-5190
-5462
-5658
-5846
-5976
-6003
-5977
-5873
-5741
-5570
-5355
-5118
-4832
-4500
-4136
-3779
-3449
-3083
-2688
-2325
-1939
-1576
-1227
-904
-651
-345
-64
142
343
455
588
740
772
839
813
759
752
661
636
598
466
391
293
201
203
112
114
110
40
65
48
77
159
159
248
318
378
496
575
685
827
915
1060
1237
1347
1530
1635
1766
1934
2014
2170
2289
2377
2510
2564
2641
2750
2806
2907
2983
3061
3178
3213
3260
3309
3331
3401
3423
3417
3432
3388
3360
3293
3182
3106
2949
2759
2561
2335
2116
1869
1569
1276
956
599
266
-123
-478
-863
-1246
-1611
-1985
-2335
-2683
-3026
-3353
-3651
-3903
-4108
-4293
-4464
-4604
-4701
-4710
-4712
-4675
-4587
-4481
-4318
-4155
-3955
-3730
-3505
-3266
-3021
-2758
-2498
-2245
-2013
-1780
-1551
-1327
-1118
-934
-759
-614
-495
-394
-296
-219
-194
-178
-184
-167
-146
-154
-159
-198
-202
-205
-207
-173
-167
-135
-97
-57
44
140
247
375
496
653
813
955
1126
1268
1414
1578
1704
1859
2003
2112
2241
2321
2394
2496
2561
2619
2653
2640
2669
2664
2643
2644
2618
2627
2642
2606
2617
2584
2557
2584
2552
2579
2582
2545
2560
2539
2564
2597
2555
2534
2482
2420
2385
2263
2114
1982
1786
1619
1404
1149
919
615
307
3
-329
-642
-981
-1332
-1664
-1990
-2319
-2627
-2937
-3219
-3472
-3717
-3895
-4058
-4196
-4288
-4364
-4391
-4379
-4335
-4251
-4144
-4024
-3872
-3686
-3477
-3258
-3042
-2827
-2607
-2407
-2223
-2015
-1820
-1619
-1439
-1312
-1175
-1055
-944
-829
-774
-691
-638
-605
-545
-529
-487
-462
-446
-394
-347
-283
-209
-163
-75
15
108
242
331
475
614
732
885
1004
1147
1295
1416
1557
1640
1742
1855
1943
2040
2089
2138
2174
2180
2201
2196
2190
2174
2138
2129
2095
2081
2058
2023
2027
2033
2039
2065
2079
2113
2153
2182
2248
2314
2376
2441
2475
2543
2591
2643
2683
2677
2690
2649
2603
2520
2381
2256
2090
1922
1748
1506
1265
960
634
334
-5
-319
-666
-1042
-1383
-1740
-2061
-2356
-2701
-2993
-3283
-3531
-3716
-3931
-4093
-4246
-4367
-4427
-4486
-4472
-4469
-4456
-4405
-4355
-4238
-4103
-3978
-3829
-3707
-3547
-3349
-3187
-2989
-2811
-2631
-2409
-2233
-2042
-1858
-1709
-1537
-1393
-1233
-1050
-890
-738
-589
-425
-229
-53
109
256
400
585
749
921
1092
1230
1402
1525
1634
1777
1869
1980
2076
2152
2268
2335
2373
2405
2401
2432
2441
2420
2420
2395
2391
2370
2321
2286
2233
2178
2153
2105
2076
2059
2032
2034
2039
2058
2110
2138
2176
2233
2282
2349
2412
2459
2527
2577
2618
2657
2658
2671
2677
2645
2626
2569
2459
2346
2151
1969
1793
1566
1351
1087
785
502
150
-189
-522
-917
-1270
-1640
-2013
-2336
-2701
-3039
-3349
-3681
-3938
-4183
-4405
-4570
-4755
-4905
-4986
-5051
-5065
-5062
-5048
-4973
-4872
-4753
-4592
-4418
-4230
-4015
-3792
-3545
-3282
-3036
-2782
-2522
-2248
-1951
-1674
-1397
-1118
-881
-635
-396
-180
57
251
433
625
769
929
1074
1192
1335
1451
1544
1655
1726
1807
1889
1930
2001
2035
2051
2109
2119
2136
2158
2138
2164
2154
2132
2139
2103
2094
2090
2057
2065
2051
2033
2045
2024
2036
2052
2034
2061
2048
2044
2081
2089
2128
2167
2178
2202
2210
2232
2268
2279
2294
2297
2276
2261
2248
2206
2160
2091
2018
1931
1813
1692
1549
1385
1210
1012
813
602
374
136
-115
-371
-623
-876
-1117
-1385
-1645
-1898
-2161
-2385
-2604
-2806
-2986
-3203
-3363
-3530
-3663
-3751
-3865
-3931
-4001
-4057
-4056
-4065
-4055
-4011
-3986
-3904
-3822
-3754
-3617
-3513
-3371
-3201
-3085
-2887
-2722
-2562
-2350
-2180
-1970
-1750
-1563
-1334
-1125
-947
-724
-540
-351
-134
41
251
434
590
775
943
1107
1259
1378
1510
1639
1749
1861
1968
2045
2133
2198
2255
2318
2354
2398
2434
2448
2465
2464
2460
2455
2441
2428
2428
2413
2394
2388
2355
2346
2328
2298
2292
2247
2205
2185
2146
2142
2135
2091
2066
2016
1969
1950
1886
1837
1778
1703
1676
1591
1510
1445
1329
1255
1142
1020
928
791
668
542
372
249
97
-77
-210
-395
-551
-701
-895
-1034
-1206
-1380
-1515
-1708
-1875
-2042
-2228
-2362
-2515
-2668
-2791
-2940
-3046
-3152
-3260
-3348
-3437
-3496
-3538
-3583
-3618
-3649
-3645
-3629
-3599
-3542
-3493
-3422
-3341
-3256
-3128
-3013
-2876
-2720
-2574
-2390
-2226
-2055
-1848
-1675
-1462
-1231
-1031
-797
-597
-393
-152
48
271
480
653
861
1033
1207
1409
1562
1726
1863
1978
2120
2212
2319
2415
2486
2576
2615
2652
2684
2693
2721
2718
2702
2693
2653
2626
2597
2532
2498
2441
2383
2347
2261
2196
2132
2048
1992
1918
1848
1789
1696
1619
1549
1473
1411
1333
1251
1185
1109
1044
973
898
840
770
693
628
540
464
389
295
231
146
53
-35
-155
-248
-350
-466
-557
-682
-801
-910
-1042
-1147
-1255
-1374
-1475
-1602
-1730
-1832
-1956
-2053
-2146
-2262
-2344
-2430
-2502
-2562
-2629
-2682
-2725
-2762
-2780
-2795
-2805
-2793
-2777
-2734
-2661
-2599
-2509
-2409
-2300
-2169
-2037
-1904
-1751
-1596
-1426
-1251
-1064
-863
-673
-475
-270
-64
134
333
528
708
893
1064
1234
1404
1557
1695
1820
1938
2050
2146
2234
2309
2359
2394
2419
2425
2424
2403
2377
2354
2301
2252
2186
2117
2049
1952
1855
1761
1662
1568
1473
1371
1266
1160
1054
954
859
777
694
625
550
473
414
346
289
238
198
166
132
124
108
89
81
61
55
52
23
10
-2
-14
-15
-43
-53
-63
-102
-124
-159
-205
-243
-308
-365
-424
-491
-548
-638
-716
-802
-901
-972
-1068
-1158
-1230
-1327
-1403
-1473
-1554
-1607
-1671
-1743
-1787
-1832
-1847
-1850
-1859
-1857
-1854
-1841
-1809
-1763
-1702
-1634
-1565
-1478
-1382
-1267
-1160
-1052
-929
-813
-673
-522
-397
-252
-109
24
180
318
459
602
714
833
941
1052
1169
1251
1346
1419
1467
1536
1576
1618
1662
1661
1669
1668
1649
1645
1610
1577
1534
1474
1436
1380
1326
1256
1159
1075
988
901
831
747
666
595
517
448
378
313
250
182
122
54
-8
-52
-99
-139
-185
-229
-254
-282
-296
-305
-329
-344
-367
-383
-394
-412
-415
-428
-440
-444
-456
-466
-475
-504
-518
-544
-559
-565
-586
-598
-623
-662
-676
-703
-722
-733
-759
-775
-792
-815
-826
-846
-870
-880
-901
-907
-903
-903
-898
-886
-875
-847
-825
-803
-776
-744
-711
-665
-618
-558
-503
-438
-375
-326
-255
-193
-119
-37
46
123
194
258
337
398
476
545
613
696
749
799
858
896
949
990
1011
1054
1073
1104
1127
1128
1127
1117
1113
1109
1084
1073
1042
1009
981
938
903
867
818
779
730
676
633
565
506
448
374
325
260
187
146
72
21
-37
-113
-156
-213
-265
-304
-372
-415
-471
-532
-561
-615
-656
-690
-748
-769
-801
-849
-865
-909
-929
-929
-956
-967
-982
-1004
-999
-1017
-1013
-1005
-1009
-989
-988
-981
-965
-959
-931
-903
-884
-851
-831
-812
-779
-758
-719
-677
-640
-600
-568
-530
-488
-449
-409
-375
-331
-285
-229
-166
-117
-60
-17
42
92
140
190
235
275
321
362
404
453
490
544
601
634
680
716
746
790
830
862
900
924
956
986
996
1020
1021
1046
1065
1091
1108
1115
1116
1118
1113
1115
1123
1119
1120
1108
1078
1053
1026
1001
975
937
902
858
820
775
729
665
606
540
481
435
372
305
233
154
75
3
-78
-150
-211
-285
-342
-413
-484
-550
-626
-682
-740
-796
-852
-902
-949
-991
-1040
-1071
-1115
-1148
-1174
-1195
-1206
-1223
-1245
-1251
-1257
-1249
-1245
-1237
-1208
-1202
-1177
-1155
-1137
-1103
-1068
-1039
-992
-954
-906
-859
-824
-772
-724
-668
-603
-557
-498
-451
-398
-338
-290
-233
-178
-127
-66
-7
48
106
144
199
249
303
363
405
448
487
513
564
599
641
688
714
747
778
802
837
861
882
907
920
949
972
994
1018
1019
1019
1028
1015
1019
1021
1015
1012
995
973
956
933
914
890
863
837
787
745
699
653
610
556
508
458
409
369
317
265
209
141
78
25
-36
-86
-145
-203
-254
-310
-355
-405
-453
-500
-539
-577
-612
-648
-681
-716
-739
-765
-782
-789
-804
-816
-823
-833
-835
-834
-832
-824
-809
-790
-766
-756
-739
-716
-697
-661
-633
-606
-566
-534
-502
-463
-430
-386
-345
-309
-263
-228
-190
-148
-122
-78
-38
-2
45
76
117
155
176
209
232
257
300
329
356
388
401
423
439
450
479
495
510
530
539
558
567
565
572
573
571
571
564
558
555
551
541
529
517
500
484
463
442
426
399
381
351
314
290
255
228
204
168
135
96
51
18
-24
-61
-91
-135
-167
-208
-250
-273
-310
-340
-370
-409
-443
-478
-511
-525
-549
-567
-584
-613
-628
-647
-662
-663
-678
-681
-684
-692
-685
-685
-679
-672
-664
-649
-633
-615
-598
-578
-550
-521
-489
-460
-431
-394
-365
-327
-282
-245
-193
-153
-112
-61
-28
15
52
86
136
173
222
275
312
366
404
434
480
511
543
578
603
637
662
686
717
735
760
780
790
806
814
812
821
823
827
831
821
812
801
787
774
762
743
722
693
670
649
616
589
561
528
499
461
420
383
346
309
267
218
173
133
94
57
22
-25
-70
-116
-165
-204
-250
-303
-345
-390
-422
-455
-505
-542
-586
-627
-651
-689
-711
-735
-771
-793
-827
-846
-859
-889
-901
-919
-928
-924
-931
-931
-940
-944
-934
-932
-920
-901
-882
-862
-844
-820
-794
-770
-735
-699
-661
-613
-577
-533
-494
-461
-412
-370
-318
-255
-202
-141
-94
-46
11
64
119
167
217
269
317
363
410
459
510
557
603
651
691
728
761
797
828
851
880
897
920
945
953
975
978
977
992
980
981
977
963
960
940
916
902
871
846
817
780
756
723
692
667
620
580
538
485
447
399
346
303
250
200
161
112
65
11
-53
-102
-145
-196
-240
-291
-335
-374
-422
-460
-504
-544
-570
-610
-639
-662
-700
-720
-758
-789
-795
-821
-836
-844
-863
-863
-872
-886
-881
-880
-875
-860
-857
-849
-836
-827
-813
-797
-784
-756
-734
-715
-687
-667
-628
-587
-563
-517
-477
-439
-384
-350
-306
-260
-227
-179
-143
-111
-62
-20
35
92
133
178
218
252
299
340
381
432
465
498
537
557
591
620
639
673
687
704
726
730
748
758
757
768
766
762
766
755
752
751
744
741
720
709
697
668
649
614
575
549
516
496
472
439
407
365
335
305
272
246
211
181
149
111
85
41
2
-31
-70
-92
-126
-166
-198
-233
-253
-278
-310
-332
-359
-377
-391
-417
-427
-445
-467
-488
-511
-514
-520
-532
-537
-551
-558
-566
-575
-572
-569
-562
-553
-551
-537
-521
-514
-501
-492
-476
-461
-456
-440
-425
-412
-394
-377
-361
-341
-309
-284
-263
-241
-217
-179
-147
-120
-102
-83
-53
-24
0
20
41
67
91
124
150
180
208
226
255
282
307
327
331
347
368
382
415
436
446
458
455
465
476
475
485
486
479
478
468
466
465
449
444
433
418
408
385
370
369
352
338
319
289
268
239
217
199
165
137
105
78
57
29
2
-24
-48
-71
-95
-127
-155
-179
-200
-219
-242
-263
-289
-312
-324
-339
-354
-364
-382
-391
-402
-422
-420
-417
-413
-410
-425
-421
-415
-419
-405
-404
-399
-388
-388
-372
-353
-344
-324
-321
-312
-285
-276
-254
-229
-208
-177
-164
-145
-114
-92
-69
-53
-39
-18
-5
13
44
71
98
128
146
177
204
214
236
254
270
298
304
316
330
328
344
355
363
383
383
390
401
397
400
394
391
399
392
388
387
370
356
343
329
326
312
280
255
232
218
204
178
155
133
105
89
71
47
25
-2
-17
-31
-50
-62
-82
-108
-124
-146
-161
-171
-198
-216
-225
-239
-243
-258
-275
-272
-278
-288
-293
-301
-294
-291
-304
-297
-300
-299
-281
-295
-282
-271
-286
-258
-250
-238
-207
-226
-206
-187
-195
-159
-161
-154
-114
-117
-94
-81
-89
-57
-47
-38
-11
-16
-1
23
27
48
57
54
73
82
85
103
105
116
136
129
140
146
131
146
159
167
182
169
168
179
177
188
192
182
190
190
186
195
183
177
178
164
171
162
147
149
134
140
138
120
117
97
89
90
71
70
64
49
55
39
30
35
14
17
14
-9
-2
-19
-31
-25
-45
-46
-41
-58
-43
-42
-52
-38
-54
-50
-24
-44
-34
-32
-59
-36
-53
-75
-47
-73
-70
-54
-81
-53
-54
-77
-56
-75
-75
-59
-82
-73
-62
-91
-84
-90
-100
-77
-94
-107
-97
-121
-116
-106
-122
-102
-101
-117
-93
-105
-107
-80
-98
-84
-79
-105
-78
-79
-88
-58
-73
-67
-49
-67
-38
-30
-37
-3
-19
-18
7
-13
13
29
14
50
36
41
76
48
66
68
47
87
67
63
84
55
83
88
64
100
83
80
89
47
74
77
64
96
59
61
77
39
70
66
50
85
53
55
66
29
58
55
42
78
54
47
54
29
52
51
29
44
29
31
40
12
13
18
11
22
13
5
12
-2
-8
-11
-28
-29
-38
-51
-47
-58
-64
-66
-80
-82
-88
-99
-102
-101
-95
-85
-85
-92
-90
-90
-86
-87
-98
-97
-95
-87
-79
-83
-86
-82
-76
-67
-64
-60
-61
-57
-51
-45
-38
-43
-37
-27
-20
-12
-17
-20
-9
-8
6
15
12
24
20
28
39
31
42
46
49
68
62
58
63
53
63
60
51
65
64
68
74
61
64
66
61
78
75
73
72
44
43
47
40
50
43
33
40
33
35
42
23
34
34
23
35
18
16
26
13
26
21
15
26
6
10
14
2
10
2
-1
10
-5
-7
-4
-5
8
-3
-14
-16
-30
-23
-27
-34
-30
-44
-45
-47
-53
-53
-68
-73
-66
-67
-60
-66
-67
-62
-76
-78
-79
-80
-71
-76
-71
-64
-70
-60
-55
-56
-48
-53
-52
-48
-46
-30
-30
-24
-15
-16
-1
-1
-3
4
-8
7
15
10
27
19
26
36
23
42
39
41
59
43
52
58
51
73
59
57
74
55
71
70
60
75
60
58
65
59
69
62
56
68
64
67
66
57
63
61
48
45
40
46
56
43
39
27
14
19
14
15
20
12
14
14
9
9
-1
-2
-2
-10
-7
-12
-14
-16
-24
-21
-24
-38
-43
-55
-61
-61
-67
-57
-60
-59
-54
-69
-65
-72
-80
-66
-82
-75
-75
-91
-77
-85
-83
-64
-72
-62
-59
-66
-43
-51
-48
-33
-44
-27
-28
-38
-22
-25
-21
-11
-20
-4
0
-7
3
-4
3
16
10
18
19
25
39
31
33
37
26
38
37
37
50
41
49
46
42
47
41
51
59
61
61
53
56
51
54
55
52
62
55
50
55
46
48
47
43
53
40
39
49
43
58
52
39
39
24
21
19
10
17
12
5
13
6
8
14
6
5
-2
