3
5
5
10
10
4
4
5
3
-1
-3
-3
0
2
3
5
2
-2
-9
-11
-11
-10
-10
-10
-7
-6
-2
0
-5
-7
-8
-7
-2
2
1
-3
-5
-7
-9
-11
-12
-8
-5
-1
1
0
2
1
-2
-5
-2
-1
-1
-2
0
-3
-3
-1
-6
-3
-5
-8
-6
-8
-4
0
-2
-1
-1
-3
-5
-13
-13
-11
-7
-5
-6
-5
-7
-5
-3
-6
-7
-7
-6
-6
-5
-8
-8
-5
0
2
1
3
3
0
-4
-4
-2
-4
-4
-7
-6
-1
0
2
5
4
8
10
11
12
9
12
12
4
4
-1
-3
2
1
4
5
4
13
9
6
8
4
11
7
6
14
15
16
16
12
16
15
12
12
2
4
10
17
24
23
21
18
15
16
17
17
17
16
14
14
11
13
16
13
12
9
0
-3
-3
4
9
7
4
1
-2
-2
-1
0
-1
-1
0
2
3
1
-2
-6
-10
-10
-9
-9
-9
-8
-7
-12
-13
-13
-14
-12
-11
-10
-6
-9
-10
-10
-14
-8
-10
-10
-12
-18
-17
-18
-14
-6
-4
-4
-2
-7
-10
-11
-9
-6
-7
-2
-1
0
3
5
5
4
5
0
2
4
5
8
7
7
4
1
2
0
1
3
2
6
6
6
5
-2
1
2
3
5
-4
-5
-1
3
5
2
-4
-4
-3
1
4
-1
1
1
-1
6
1
-2
-2
-5
4
-2
-3
4
-1
4
3
-2
4
-2
4
6
3
11
6
7
7
4
7
4
1
1
-3
-1
1
1
3
3
4
7
4
2
0
2
1
0
3
0
-2
-1
-3
-5
-11
-9
-6
-5
-2
0
3
4
2
0
-5
-6
-10
-15
-10
-6
2
4
4
0
-5
-4
-3
-5
-2
-2
-2
1
-5
-6
-8
-8
-8
-11
-5
-6
-1
2
4
5
2
2
1
-1
0
2
0
2
1
3
2
-3
1
-1
-2
1
-1
2
2
-3
0
1
5
8
0
0
-4
-3
0
-4
-3
-6
-8
-3
-8
-8
-6
-12
-3
-9
-15
-13
-14
-1
0
-5
-4
-10
-11
-5
-11
-7
-8
-9
-1
-9
-5
-5
-15
-12
-18
-17
-8
-9
-4
-4
-7
-2
-5
-5
-4
-4
0
-1
1
3
0
1
2
2
2
2
1
1
-1
-1
2
0
1
1
-5
-4
-2
-1
3
4
2
3
4
7
5
-1
-3
-3
-2
2
3
3
6
6
10
7
3
4
3
5
9
3
3
3
6
12
6
6
3
-3
-4
-8
-9
-6
-7
-7
-9
-8
-5
-4
-2
-2
-1
1
3
2
2
1
1
2
3
3
3
4
4
7
2
3
2
-1
-6
-13
-11
-9
-5
0
4
11
14
13
9
7
3
-1
2
-1
-3
-2
2
10
9
10
12
9
11
7
4
3
-4
-1
-2
-5
-1
-1
-2
1
-5
-5
-3
-4
7
0
-6
-8
-12
-5
-4
-5
3
2
6
6
2
10
2
-4
-3
-14
-9
-7
-7
-1
-2
1
0
-9
-9
-12
-14
-13
-11
-9
-1
-1
4
9
4
10
3
7
12
-2
4
1
1
10
8
9
12
11
18
21
17
19
15
15
12
7
10
15
15
12
7
2
5
6
11
18
12
13
6
4
7
3
7
4
0
7
5
3
1
-6
-3
-2
-7
-7
-9
-12
-11
-14
-15
-12
-17
-12
-11
-12
-8
-13
-8
-2
-4
-4
-10
-9
-3
-9
-8
-11
-10
-9
-12
-8
0
4
7
8
10
12
9
5
2
-4
-1
0
-4
0
-2
3
6
5
9
5
6
11
6
13
12
8
13
4
8
5
0
4
-3
2
9
8
17
11
2
1
-3
-1
4
0
1
-1
2
1
-2
-1
-6
-6
-5
-2
6
9
11
12
7
8
6
-1
-4
-8
-9
-7
-13
-10
-7
-11
0
1
4
8
1
6
-1
-6
2
-9
2
5
-7
7
-1
-1
6
-4
13
14
14
26
15
17
19
1
6
-2
0
19
8
21
21
8
19
8
6
12
2
9
7
4
18
6
1
7
-10
-3
2
-13
2
-1
6
14
5
14
7
0
6
-12
-9
-7
-25
-15
-23
-32
-23
-27
-23
-23
-25
-20
-24
-17
-15
-25
-23
-25
-41
-32
-30
-33
-17
-13
-11
-6
-5
-6
-14
-7
-6
-18
-6
-7
-14
5
1
10
17
13
16
15
25
18
13
26
21
15
23
16
12
21
18
10
15
18
11
16
19
14
15
19
12
7
12
5
12
12
2
-6
-21
-25
-24
-15
-14
-11
-5
-15
-24
-24
-32
-30
-29
-38
-35
-32
-33
-26
-37
-31
-28
-33
-21
-34
-32
-22
-32
-18
-20
-25
-17
-21
-15
-18
-18
-6
-3
-5
5
-4
9
24
9
22
21
20
44
26
36
36
35
48
42
47
55
53
68
74
72
94
98
101
111
104
102
103
93
96
86
75
72
70
65
66
44
42
36
22
32
18
24
25
-4
-1
-28
-45
-49
-76
-85
-97
-111
-107
-117
-125
-118
-133
-134
-141
-164
-160
-149
-158
-147
-149
-157
-142
-156
-148
-143
-142
-107
-109
-93
-65
-68
-36
-30
-41
-31
-35
-11
6
11
28
28
49
70
73
84
89
89
87
91
93
98
107
101
98
94
75
74
63
53
58
44
52
44
24
14
-8
-24
-27
-48
-47
-63
-80
-74
-103
-108
-120
-135
-129
-142
-147
-135
-141
-128
-123
-124
-112
-111
-110
-93
-109
-77
-72
-57
-28
-28
10
26
48
91
108
143
161
172
194
210
234
257
277
289
304
286
309
321
329
345
331
343
349
324
340
298
275
256
237
233
209
176
168
144
111
81
36
19
4
-45
-78
-137
-163
-179
-200
-214
-257
-280
-318
-345
-370
-375
-382
-398
-413
-437
-458
-473
-484
-458
-432
-412
-401
-397
-411
-374
-367
-308
-250
-193
-130
-107
-87
-47
-16
17
73
100
173
207
248
376
388
482
534
546
627
593
584
572
586
629
617
637
624
588
577
521
451
463
420
435
487
476
510
447
338
239
109
63
-43
-53
-41
-147
-228
-400
-524
-545
-644
-674
-673
-650
-653
-713
-754
-778
-838
-847
-879
-844
-756
-770
-792
-834
-858
-825
-767
-647
-554
-534
-553
-610
-594
-550
-459
-335
-193
-103
-21
90
188
297
362
515
668
859
981
1089
1220
1211
1235
1192
1212
1164
1185
1200
1209
1215
1078
1113
1086
1044
1059
954
982
899
947
972
896
851
543
74
-276
-554
-429
-186
-113
-57
-260
-485
-732
-959
-866
-738
-615
-463
-563
-688
-881
-1114
-1128
-1069
-1012
-838
-719
-670
-747
-928
-1009
-1054
-1000
-953
-983
-971
-977
-1021
-1131
-1032
-850
-798
-903
-1044
-949
-712
-630
-737
-730
-509
-445
-554
-461
-368
-255
-249
-413
-292
-2
217
465
680
709
675
744
887
1048
1377
1648
1933
2064
1759
1263
1195
1386
1760
2274
2388
2475
2379
2122
1988
2007
2245
2202
2304
2304
1969
1511
170
-983
-1107
-576
27
120
-109
-477
-789
-1480
-1833
-1080
-175
190
2
-427
-722
-928
-1122
-903
-532
-440
-735
-997
-963
-1217
-1716
-2015
-1990
-1714
-1613
-1700
-1818
-1981
-2204
-2257
-1998
-1436
-956
-906
-993
-1107
-1229
-1133
-770
-388
-235
-361
-577
-583
-433
-570
-687
-488
-205
-85
-211
-301
-381
-206
37
301
694
786
680
543
807
1275
1727
2119
2024
1924
1968
2255
2450
2611
2670
2426
2474
2155
1973
1967
2119
2300
2185
2255
1996
2049
1941
1721
1563
1277
1013
873
1022
1012
843
200
-604
-914
-886
-639
-621
-784
-1173
-1406
-1566
-1795
-1574
-1517
-1674
-1922
-2073
-1960
-1919
-1972
-2197
-2246
-2262
-2311
-2265
-2122
-2164
-2387
-2426
-2367
-2284
-2265
-2257
-2048
-1972
-2022
-2028
-1880
-1743
-1802
-1790
-1575
-1192
-887
-830
-835
-854
-678
-220
412
911
919
869
1051
1458
1788
2067
2468
2776
2944
2857
2790
2900
3200
3476
3690
3973
3959
4145
4165
4520
4861
4798
4986
4918
5411
5000
3491
1816
934
1132
349
-553
-861
-502
-684
-2381
-3420
-2750
-2033
-2407
-2689
-2124
-1490
-1776
-2429
-2081
-1620
-1751
-2071
-1543
-685
-1125
-2091
-2521
-2336
-2318
-2695
-2798
-2536
-2525
-2996
-3259
-3097
-2617
-2361
-2376
-2060
-1602
-1397
-1560
-1410
-837
-362
-159
-38
286
299
-42
-251
131
504
120
-211
-22
296
-68
-695
-858
-502
-343
-414
-75
515
817
634
764
1565
2375
2618
2812
3184
3310
3263
3191
3297
3673
3607
3217
3088
2861
2344
1802
1730
1841
1718
1540
1413
1332
1133
504
357
702
847
1059
1176
1248
892
313
85
219
562
692
880
1164
1038
161
-1254
-2383
-2802
-2405
-1988
-2006
-2312
-2876
-3485
-4269
-4506
-3947
-3118
-2573
-2642
-3005
-3383
-3502
-3477
-3097
-2739
-2631
-2636
-2498
-2334
-2419
-2358
-2182
-1866
-1616
-1490
-1397
-1245
-1170
-1114
-517
230
871
1279
1383
1606
1763
2182
2905
3982
4886
5094
5076
4827
5062
5343
5692
5953
6363
6377
6069
5942
5500
5924
6066
6397
5891
4345
2787
1553
1396
-172
-1522
-1534
-675
-271
-1888
-3189
-2849
-2442
-3435
-3891
-2484
-1157
-1416
-2638
-2651
-2423
-3042
-3566
-2833
-1621
-2217
-3308
-3363
-2948
-3326
-4226
-4268
-3818
-3554
-3778
-3701
-3465
-3500
-3563
-3618
-3081
-2625
-2358
-2463
-2627
-2513
-2429
-1918
-1540
-1066
-954
-1401
-1496
-1290
-1185
-1612
-1490
-863
-612
-700
-971
-984
-906
-1069
-1075
-331
556
795
939
1110
1594
2148
2654
3223
3721
4344
4552
4891
5302
5447
5412
5108
5129
5339
5538
5926
6398
6599
6213
5765
5398
5007
4579
4381
5557
6899
6688
3523
258
-1922
-3960
-4017
-2513
992
2726
312
-4066
-6018
-5259
-5385
-4371
-1238
1166
-63
-3634
-5671
-4859
-4144
-4857
-3584
-1093
-730
-2451
-3580
-3074
-3544
-4170
-3503
-1786
-883
-2313
-4035
-4768
-4691
-4274
-3494
-3093
-3479
-4096
-4537
-4204
-3462
-2119
-1203
-1350
-1471
-1233
-859
-918
-810
-412
130
654
886
1185
939
-58
-451
132
895
1522
1894
2053
1807
1723
2317
3450
4754
5708
6602
7586
8285
8622
9040
9628
10184
10241
9994
9927
10105
9687
8232
6178
4323
2915
2504
2550
2118
-236
-5405
-8992
-8488
-5146
-2944
-3048
-3496
-3898
-5621
-8386
-7813
-2810
1181
356
-1872
-2619
-2514
-3294
-4014
-2466
-1153
-2524
-4032
-3276
-2209
-4154
-6887
-6739
-4701
-3537
-3482
-3457
-3695
-4984
-6152
-4948
-2810
-2076
-2879
-3250
-2487
-1584
-719
47
555
489
-478
-1236
-907
-317
-735
-1684
-1908
-1452
-1122
-1766
-2289
-2030
-1532
-969
240
1733
2261
1578
1223
2420
4304
5991
7328
8244
9392
10316
10502
10397
10307
10354
10950
11718
11374
11012
10273
8852
7522
6058
4890
3694
2623
1054
-81
-1733
-6560
-9972
-8516
-4036
-1380
-2827
-4734
-3740
-3999
-7410
-7883
-2376
2759
935
-3207
-4162
-3324
-4201
-5654
-3526
-967
-2918
-6032
-5095
-3050
-4308
-6898
-6173
-3316
-2466
-2828
-2751
-2585
-3479
-4805
-3844
-2208
-2187
-2692
-2655
-2511
-2679
-2082
-801
-289
-1097
-2330
-2595
-1434
-284
-407
-1309
-2034
-1877
-1188
-1065
-1342
-1273
-920
-687
-153
867
1433
1517
1971
3547
5551
7121
7991
8244
8881
9459
10316
11887
13281
13492
12630
11614
11487
11785
11543
10695
9484
7458
4075
1665
1709
1969
779
-3124
-8401
-10653
-9336
-5159
-2088
-3018
-5592
-6599
-6783
-8039
-7155
-1757
2362
59
-4539
-5856
-3344
-3166
-5197
-4334
-2374
-3846
-6044
-4897
-2887
-5006
-8145
-6611
-3007
-1999
-3347
-4140
-4177
-5650
-6185
-3482
-1973
-3712
-5547
-4454
-2713
-2683
-2504
-965
-478
-2508
-4058
-2179
467
364
-1462
-2289
-1994
-1773
-1873
-1534
-917
-990
-1529
-961
785
2181
2337
2384
3810
6063
7574
8535
9227
9823
10685
11976
13884
15261
15294
14677
14649
14182
12520
11247
11530
11902
11540
9557
5793
2829
1742
1367
808
-2506
-8882
-11996
-9501
-5079
-3144
-4771
-6720
-6577
-7672
-11081
-10067
-2195
3285
136
-5255
-6594
-4100
-4162
-5812
-3772
-1043
-3399
-6619
-4714
-1609
-4214
-8479
-7436
-3347
-2203
-3460
-3848
-3688
-5671
-7368
-4642
-1999
-3540
-6574
-6418
-4498
-3909
-3566
-2393
-1961
-3503
-4917
-3472
-775
-120
-1808
-3245
-3651
-3286
-2585
-1916
-1842
-2506
-2991
-2552
-568
1607
2247
1812
2120
3857
6076
7830
8919
10092
11218
12333
14046
16153
17219
16949
15783
14703
14723
14630
14386
13203
12442
11745
9002
4738
1662
1653
2472
580
-5387
-9728
-10222
-7496
-5353
-4851
-5461
-6028
-6315
-8951
-10183
-5925
-174
1251
-2580
-5876
-4905
-3501
-4775
-5120
-2919
-2634
-5316
-6347
-3316
-3070
-6461
-8255
-6264
-3166
-3491
-4343
-4047
-4748
-6570
-6681
-4992
-4982
-6436
-6001
-4007
-3973
-5403
-4608
-2169
-1828
-3655
-3461
-854
199
-1751
-3923
-3809
-2795
-2698
-2681
-2453
-2820
-3326
-2436
-47
1946
2246
1523
1895
3754
6097
8203
9493
10736
12475
14328
15914
16867
17847
19010
18397
16404
15402
16561
17461
15884
13814
12329
9677
4808
962
1658
2810
-2907
-11605
-13494
-8091
-4592
-7307
-10001
-7784
-6702
-11007
-14055
-7780
778
712
-4932
-6809
-4685
-4078
-5956
-4116
-343
-1659
-6324
-6251
-2011
-2045
-7091
-8556
-5177
-3063
-4257
-4937
-4198
-5390
-8346
-7768
-3679
-2702
-6531
-9700
-8224
-5285
-3152
-2048
-2558
-3394
-3922
-3644
-2031
-365
-392
-1721
-3413
-4787
-3876
-2180
-2142
-3369
-3884
-3896
-2933
-603
1266
1613
675
779
3435
7079
9228
9659
10569
12598
14602
17051
19113
19861
19757
19661
19513
19504
18750
17774
17418
16968
16114
12745
7732
3190
1477
1173
-3334
-11083
-12868
-6871
-2282
-6730
-13290
-11405
-7393
-10134
-14778
-9359
1585
1452
-7172
-9960
-5265
-3269
-6702
-5000
985
-386
-7595
-8461
-2773
-1703
-7148
-8387
-3818
-2921
-6048
-7057
-5050
-5715
-8781
-7232
-3391
-2655
-5962
-8996
-9886
-9903
-6466
-2108
-745
-2542
-4101
-4143
-5087
-6019
-3234
742
921
-1479
-2377
-1643
-3651
-5216
-3297
-989
-58
-733
88
1225
-147
-768
2314
6813
9470
10453
11782
13378
14192
15819
18022
20144
21678
22015
21966
21041
19967
18624
17921
18149
17451
15088
10719
5308
2296
768
-4430
-11887
-13569
-7292
-2153
-5522
-13999
-15784
-11554
-12040
-15334
-10649
-343
807
-7484
-12044
-7528
-3401
-5631
-5424
193
1150
-5670
-8392
-3322
-1765
-6198
-7740
-2853
-1066
-4893
-7372
-6263
-5829
-8372
-7463
-3550
-3201
-7301
-10712
-11238
-11075
-8990
-4004
-363
-1542
-4497
-5846
-5635
-4453
-1906
1311
2214
536
-1454
-3133
-4449
-4543
-2316
179
-210
-1343
-576
4
-515
270
3331
6986
9279
10673
12209
13636
14153
14929
17662
21213
22941
23086
22568
22206
22215
21470
20728
20757
20037
15785
9487
5412
5673
4101
-5336
-15104
-13984
-5310
-3068
-10802
-16538
-13343
-12167
-17972
-18650
-6849
2462
-3902
-12802
-11160
-4549
-4693
-7018
-1688
3187
-2307
-8349
-4264
1257
-2771
-8372
-5197
-92
-2684
-6653
-6365
-5402
-8810
-10772
-6057
-2833
-5446
-9532
-11126
-12494
-13454
-9063
-2853
-1462
-4392
-5867
-5139
-5522
-5312
-1760
1771
1404
-490
-1029
-2194
-5101
-5537
-2222
-187
-1152
-2003
-820
-756
-2289
-891
3636
7626
9248
10438
12414
13171
13182
15155
19395
23242
24624
24703
24027
23034
22748
23482
24297
23775
21254
16850
10709
6088
3400
-2038
-9571
-12400
-6330
-1028
-6887
-17307
-18620
-14024
-15881
-19254
-11543
902
-620
-12714
-16779
-8900
-3773
-5939
-3405
2784
255
-7811
-7213
457
360
-5469
-4660
1109
33
-6021
-6908
-4338
-6444
-10172
-6729
-2258
-5220
-11830
-14042
-13101
-13432
-11015
-4818
-1478
-4058
-7263
-7202
-6107
-4789
-1333
2379
2561
519
-441
-1269
-4187
-5105
-1071
1987
237
-2341
-2343
-2134
-2788
-738
4330
7861
7696
7913
10482
12047
11829
14298
19568
22767
23158
23838
25960
26688
24247
21822
23799
26482
24393
17455
10277
7612
4684
-4411
-12420
-9316
-265
-1477
-14333
-21678
-17651
-14780
-19758
-19842
-7828
-858
-9387
-17656
-14228
-7051
-7121
-6730
848
3479
-3528
-8484
-3006
1922
-2568
-5414
-167
2637
-2329
-6391
-4908
-4333
-8298
-8405
-3509
-2707
-7423
-11919
-13274
-13831
-12222
-6900
-3918
-6839
-9332
-6635
-4383
-6638
-6556
-525
3210
581
-1586
-264
5
-2860
-3578
-61
1608
-565
-1524
-526
-2003
-3792
-450
5753
8157
6672
6970
9425
10986
11460
14262
19301
22149
22596
23193
24359
25092
25021
25167
25357
25258
23569
19131
13273
8886
3453
-4565
-9279
-5439
1506
-1433
-13833
-20885
-17916
-16513
-19640
-17277
-6991
-3729
-12261
-18709
-15163
-8507
-7103
-4627
1430
1632
-5004
-6928
-1129
1541
-1677
-2546
2324
2896
-1999
-4788
-4065
-4251
-7046
-5349
-1922
-4045
-9619
-13909
-15335
-15768
-12997
-7079
-4711
-7898
-10242
-8832
-8107
-8721
-5196
1236
2951
135
-1285
-261
-921
-2845
-761
3058
3052
282
-393
-295
-2230
-1760
3445
8511
8610
6507
6707
8604
9883
11940
16379
20088
21152
20860
22116
23757
24785
25859
25996
25619
23834
20184
15370
11855
8062
33
-7453
-6087
1314
1565
-10172
-19721
-18088
-16237
-20666
-20785
-10705
-4687
-12753
-21329
-18600
-11437
-9824
-8202
-1666
850
-4756
-7588
-2073
1139
-2159
-3216
2037
3995
-353
-2965
-2037
-2911
-5975
-4183
-147
-2298
-8372
-11768
-12734
-14884
-14318
-8367
-5070
-8985
-12238
-9309
-6648
-8490
-7950
-1763
2433
951
-675
679
572
-1656
-416
3688
4254
1374
575
1293
-79
-711
3472
8898
9145
7078
7629
9404
10026
10581
14357
18331
19291
19829
21052
22585
22896
22954
24053
24566
23698
21106
16415
13328
10092
2833
-4775
-5137
2658
3594
-8108
-18223
-16870
-14148
-19335
-21494
-12014
-5273
-12599
-21197
-18857
-12049
-11705
-10642
-2766
148
-5429
-8252
-2554
942
-2961
-3323
2770
4399
-158
-2353
-37
-1100
-4985
-2862
1229
-1405
-7643
-10412
-11408
-14539
-14412
-9186
-7275
-11594
-13193
-8063
-6051
-10430
-10483
-3512
250
-1575
-1268
2618
2262
-2234
-2227
2443
4480
2751
3057
3951
1085
-533
4020
10087
10882
9021
9547
10374
9655
10690
14630
17759
17118
18297
22246
22986
20579
20590
23557
23999
19033
15471
17490
17772
9151
-2955
-6240
80
4938
-871
-10870
-14008
-12557
-16643
-22288
-19664
-11114
-8525
-14966
-20506
-19354
-16440
-14166
-9016
-3450
-4391
-8562
-7137
-2343
-1266
-2831
-1226
2603
2877
653
204
719
-1083
-2436
-17
1432
-1189
-4430
-7302
-11178
-14426
-12761
-8063
-7291
-9863
-10219
-8235
-8564
-10033
-7628
-3241
-1871
-1743
457
2135
464
-1729
440
3827
4404
4278
4746
4058
2258
3194
7634
11127
11077
10521
10571
10656
10871
12774
15659
16674
16441
17466
18562
20005
21460
21673
20895
18936
17942
16226
13819
11668
6093
-1456
-4702
256
5724
-1188
-13308
-15535
-11904
-14521
-20519
-17411
-8144
-10025
-19720
-23478
-18576
-14595
-13891
-8915
-4919
-8970
-12643
-7457
-976
-1472
-4313
-641
3451
1600
-369
1083
2009
-747
-793
3388
2971
-1902
-5175
-6688
-10197
-13012
-10155
-6451
-8385
-11500
-9523
-7027
-9155
-10240
-5816
-2088
-2577
-2366
885
1846
-894
-1464
2205
4946
4170
4427
5208
3253
2125
5744
10815
12090
10925
10574
10558
10358
11974
15693
17409
16087
15663
17801
18120
17626
18419
19439
19952
19674
19089
15015
9457
4097
-428
-3271
-1069
5759
5978
-6399
-18173
-17662
-14091
-15435
-16285
-10010
-7279
-16160
-25112
-23313
-16089
-13699
-11348
-6226
-6697
-12972
-13611
-6587
-2176
-3499
-2187
3205
3543
-781
-1852
820
1281
678
4291
6650
1867
-4097
-6364
-7420
-10428
-11035
-6510
-4008
-6533
-8972
-9526
-10997
-11342
-6603
-665
144
-1830
-1653
-983
-2799
-3597
1723
7645
7559
4697
2989
2037
2692
6867
12551
14839
12769
10754
10586
11192
12180
15756
19175
18597
16709
15945
16339
16380
16758
18339
19570
20002
18485
12922
7235
1579
-2093
-2038
490
5193
2782
-8447
-18103
-18398
-14489
-14186
-14373
-10111
-10140
-17666
-24626
-23487
-16187
-13272
-11471
-8624
-9947
-13675
-13864
-8742
-4331
-4281
-2204
1195
904
-1252
-2031
697
2196
2887
5683
5782
2011
-2305
-4428
-5226
-6611
-5603
-4519
-5960
-7855
-7140
-5495
-8355
-10833
-6827
-1586
-696
-2435
-1968
-13
-899
-1740
259
3918
5492
5246
5123
2970
1809
5722
10964
13125
12047
11035
11672
12370
13395
15577
17076
16758
16370
17446
17575
15681
16307
17609
17466
16845
17470
16967
11718
3909
-3663
-6408
-3951
2496
5631
-2293
-15490
-20263
-16769
-14983
-15674
-12765
-7868
-11549
-20558
-25377
-21034
-14738
-11137
-7910
-8870
-13851
-15520
-10710
-5385
-4831
-4684
-567
1792
150
-1829
-608
1628
2946
5920
8071
5188
326
-2644
-3648
-5781
-6063
-2169
-392
-3656
-7836
-8239
-7116
-7362
-5983
-2284
-709
-1815
-2795
-1911
-1908
-2173
902
4796
5259
2936
1868
2764
3932
6172
9476
11462
11023
10104
10620
11536
13047
16168
18817
17418
14442
13921
16106
17628
17076
17167
17798
17776
17180
15192
11191
6988
1420
-3325
-4808
-1464
3429
-177
-11237
-19340
-18553
-15380
-15217
-14400
-11720
-13597
-19409
-23841
-22112
-16959
-14120
-10540
-9554
-13370
-16400
-13571
-7151
-4441
-5100
-3291
-1162
-675
-1505
-1382
535
1885
4741
7726
6433
2258
-1621
-3633
-4620
-4438
-1289
706
-1074
-4510
-6048
-6339
-6791
-4738
-909
838
-493
-2784
-2933
-1826
-985
1427
4903
6168
4436
2800
2107
3188
6870
10988
12976
12644
10608
9672
10918
13248
15915
18146
18585
17878
16609
14091
12947
14904
18823
19743
18067
15904
14168
11219
7107
1736
-3193
-4194
-634
3840
-922
-12564
-20089
-17648
-14288
-15247
-16069
-13488
-13440
-18321
-23339
-23528
-18830
-14359
-9685
-9377
-14186
-17934
-14750
-8197
-4940
-4982
-3319
-1738
-1938
-2512
-1808
335
2442
5711
8052
6221
1868
-566
-1190
-1672
-2481
-1441
-310
-1162
-2175
-2850
-4372
-6159
-4939
-1198
627
-487
-1898
-1538
-811
-1093
-266
2883
5425
5797
4530
2274
1396
4528
9761
13090
13007
10193
9020
10480
12812
15484
17680
18035
16572
14729
14177
14969
17079
18429
17754
15853
14021
12787
11600
8788
2034
-4532
-5509
61
4238
-1859
-13678
-19268
-17564
-15874
-16498
-15605
-13054
-14799
-19990
-24246
-23635
-19433
-14554
-10085
-10847
-16319
-18216
-13737
-7897
-5812
-6295
-4572
-2549
-1670
-1281
-1097
-34
2177
5943
8277
5944
2703
1278
907
-778
-3148
-2746
-438
1387
1281
-1265
-4811
-6486
-4396
-355
1313
825
-259
-741
-1606
-2624
-1073
3672
7760
7737
4382
806
1288
6177
11805
14316
12796
9750
9158
11453
14273
15905
16860
17383
17120
16221
14495
13927
15306
16777
18015
16995
15216
12517
9167
6153
1126
-2987
-2761
1508
3666
-3422
-15315
-20287
-18214
-14501
-14211
-14848
-15336
-18891
-22287
-23903
-22509
-19329
-16109
-12523
-12858
-17767
-19039
-15447
-9668
-6144
-5665
-4689
-4300
-3664
-2139
-1458
244
2701
6360
8014
5000
2019
994
1607
1076
-1299
-2338
-853
1165
2218
-224
-3187
-4388
-2723
82
1240
1332
553
26
-979
-1966
-310
4360
8268
7906
3383
323
2111
7705
12464
13437
11453
9015
9368
12075
14702
16070
16638
17085
17240
15580
13982
13941
15829
17477
16649
14973
13850
12599
9663
6288
1670
-1882
-2674
46
1836
-3192
-12604
-17541
-15719
-14030
-15221
-16043
-15226
-16884
-19871
-22938
-22962
-20809
-17530
-13620
-13426
-17583
-20092
-17339
-12207
-8330
-6840
-6090
-6044
-5349
-3653
-1754
-125
2357
5352
7092
5363
3352
2673
3609
3299
-261
-2728
-1969
2032
4875
2616
-2399
-4633
-3484
-99
2352
3010
2269
1184
-6
-2051
-1254
3017
8010
9896
5905
944
950
5624
11444
14146
11938
8479
8135
11003
13891
15074
15268
15413
16180
15799
14424
13449
13731
15020
15601
14903
13654
12124
9589
6584
2726
-1287
-2559
-406
2537
-419
-9287
-15541
-15206
-13212
-13153
-14237
-14878
-16457
-19077
-20952
-21874
-20854
-18613
-15041
-13618
-17026
-20147
-18976
-15315
-10942
-8219
-7124
-7143
-7099
-5289
-3456
-1522
930
3726
5905
5261
3489
2110
857
1100
1602
2899
3713
3295
2001
-348
-1470
-666
1103
3182
4358
4000
1879
-185
287
1945
4277
6166
6739
5943
4159
3751
5662
8158
9982
10970
10560
8865
7824
9118
11821
14182
15457
15132
13480
11909
11138
12220
13373
14237
14452
13603
12243
10449
8435
6807
4835
1836
-587
-1694
-268
-552
-4788
-9666
-12177
-12680
-12998
-13165
-12745
-13795
-16364
-18401
-19731
-19476
-18302
-15807
-14408
-16532
-19009
-18985
-16957
-13924
-11458
-9766
-9290
-9075
-7090
-4848
-3445
-2108
-147
2384
3618
3597
2594
51
-1413
-1076
2083
5268
5793
3766
344
-1500
-231
2207
5052
6994
7215
5222
1883
786
2083
5748
8966
9592
7244
3601
2522
4966
7839
9152
8618
7883
7554
7374
7618
7934
9232
11584
13142
12738
10555
9023
9835
11184
13090
13398
13223
13159
12315
10605
7537
3703
1586
1616
2824
3097
350
-3998
-7895
-9032
-9345
-9220
-8477
-8397
-10046
-13219
-16555
-17455
-16253
-13877
-12238
-13459
-16483
-18199
-17087
-15124
-13747
-13078
-12554
-11759
-10451
-9102
-8254
-7975
-6253
-3471
-1017
-52
-1091
-3137
-4619
-3160
382
3042
3533
2444
1332
900
1432
3652
5472
6346
6611
5641
4070
2750
3841
6300
7509
6947
5429
4424
4829
5830
6629
6266
5705
6699
7883
7887
7048
6400
7417
9046
10628
11563
10805
10201
9884
10717
12257
13398
14210
13926
13563
12161
9470
6252
3222
3308
5492
7105
5756
1233
-2796
-4966
-5559
-5174
-4989
-4481
-5788
-8898
-12089
-14393
-14115
-12600
-11614
-12276
-15289
-17780
-17815
-16490
-15133
-15535
-16272
-16141
-15049
-13506
-13376
-13637
-12773
-10471
-6695
-4489
-4567
-6603
-8465
-6958
-3375
39
1372
860
326
214
1119
3187
4820
5864
6043
5911
5304
4444
5099
6644
7803
7626
6479
5892
6299
7055
7414
7187
7312
8100
9055
9189
8831
8518
8251
8684
9988
11140
11352
10805
10608
11005
11568
12565
13156
13222
12877
12242
11239
9229
7337
7235
8129
8646
6353
2917
711
-708
-1183
-1629
-2797
-3715
-4895
-5940
-7829
-10254
-11537
-12038
-12164
-13119
-14772
-16156
-17052
-17616
-17522
-17917
-18271
-18334
-17424
-16245
-16305
-16618
-16105
-14459
-11895
-9997
-9196
-9903
-10681
-9710
-7435
-5024
-3820
-3138
-2417
-1241
524
2478
3354
3801
4530
5336
6000
6232
6777
7380
7754
8199
8418
8513
8563
9126
9648
9516
9564
9849
10454
10699
10550
10381
10170
10162
10754
11403
11668
12012
12198
12788
12869
13356
13975
14124
14854
14668
13777
11455
9531
10068
10123
8945
6565
4753
4101
2441
719
-1423
-3144
-4130
-4704
-5348
-7305
-10208
-11929
-12414
-13396
-14977
-17005
-17883
-18416
-18487
-18089
-19124
-20342
-20273
-18886
-17703
-17832
-17795
-17783
-17288
-15597
-13331
-12099
-12606
-12571
-11149
-9818
-8874
-7333
-5625
-3956
-2353
-247
1270
1403
2135
3650
5312
6256
6882
7652
7860
8351
8944
9423
9749
10065
10960
11371
11434
11714
11807
11949
12234
12760
12975
12535
12626
12894
13023
13213
13605
14308
14630
14585
15043
15169
15602
15946
15371
14033
11989
11337
11194
10550
9018
7109
5763
4125
2052
24
-2381
-3927
-4596
-4686
-6399
-9531
-12342
-13597
-14205
-15160
-16579
-18262
-19585
-20411
-19672
-19554
-20456
-21421
-21072
-20012
-19272
-18621
-17892
-17869
-16981
-15381
-13772
-13541
-13433
-12154
-10918
-10084
-9215
-7711
-6036
-4454
-2573
-862
-480
149
1523
3649
5346
6166
6727
7094
7484
8426
9225
9890
10335
10729
11345
11784
12482
12857
12834
13308
13967
14269
14195
13949
14263
14380
14621
14985
15197
15578
16116
16584
16654
16409
17105
17968
17676
16211
13809
12596
12103
11722
10522
8284
6722
4894
2772
270
-2622
-4414
-5586
-5986
-7468
-10418
-13645
-15604
-16232
-16707
-18172
-20143
-21774
-22975
-22681
-22281
-22698
-23534
-23614
-22501
-21548
-20544
-19781
-19693
-18596
-16772
-14337
-13537
-13768
-13130
-11912
-10516
-9223
-7788
-6313
-4817
-2924
-1153
-584
-44
1300
3230
4897
5998
6877
7161
7610
8837
9718
10196
10430
11216
12035
12404
13009
13600
13937
14384
15248
15864
15488
15107
15550
16225
16705
16798
16753
16768
17000
17914
18773
18745
18786
19216
19193
17962
15500
13946
13156
12293
11026
9083
7763
5962
3331
337
-2799
-4419
-5405
-6152
-7609
-10805
-14063
-16242
-17117
-17873
-19522
-21476
-23022
-24370
-24438
-24434
-24786
-25467
-25508
-24396
-23538
-22558
-21549
-21178
-20134
-18089
-15455
-14041
-14121
-13369
-12003
-10586
-9354
-7803
-5965
-4161
-2253
-560
-172
152
1480
3700
5556
6485
7105
7369
7759
8730
9872
10573
11150
12054
12765
12915
13061
13574
14126
14605
15459
16134
15965
15366
15450
15961
16555
16831
17008
16968
16963
17857
18663
19070
19084
19767
20181
19020
16749
14442
13552
12745
11647
9827
8007
6601
4075
1377
-2146
-4728
-5881
-6276
-6845
-9609
-13378
-16502
-17850
-18463
-19717
-21776
-23855
-25493
-25883
-25341
-25638
-26733
-27127
-26102
-24484
-23447
-22190
-21625
-21017
-19089
-16220
-13870
-13438
-13018
-11840
-10430
-9242
-7610
-5754
-3926
-1911
228
1514
1664
2414
4233
6207
7595
8429
8796
8829
9617
10639
11173
11423
12021
12912
13205
13459
13752
13907
14123
14995
16063
16084
15325
14928
15212
15498
15916
16257
16351
16435
16702
17420
17521
17757
18431
19159
19366
18048
15844
13816
12461
12113
10902
8707
7154
5792
3617
315
-3229
-5461
-6673
-7175
-7753
-10462
-14177
-17404
-18781
-19572
-21064
-22982
-24688
-26241
-26389
-25982
-26472
-27660
-27985
-26614
-24987
-23756
-22558
-21926
-21259
-19339
-16401
-13896
-13325
-12867
-11787
-10361
-8796
-6858
-4873
-2987
-962
1155
2462
2951
3834
5272
7225
8951
9663
9613
9463
10281
11277
11456
11723
12465
13100
13223
13331
13474
13450
13741
14866
15861
15536
14751
14542
14726
14773
14955
15490
15527
15555
16162
16716
16823
16837
17355
18120
18188
17870
16337
13767
12029
11219
10932
9136
6922
5653
3543
951
-1816
-4367
-6188
-7805
-8096
-9322
-12508
-15899
-18186
-19269
-20417
-21977
-23357
-25109
-26290
-26003
-25945
-26521
-27229
-26397
-24918
-23936
-22592
-21340
-20700
-19586
-17271
-14106
-12658
-12230
-11348
-10421
-9026
-7005
-4434
-2272
-713
1381
3269
4117
4965
5732
7224
8925
10428
11319
10945
10906
11351
11893
12432
12855
13307
13186
13123
13510
13570
13401
13724
14413
14602
14186
13783
13540
13104
12934
13233
13469
13439
13762
14202
14386
14393
14655
15341
15918
16118
15757
13661
10912
9390
9131
8787
6880
4921
3735
1848
-623
-3175
-5581
-7304
-8409
-8425
-9821
-13040
-16227
-17914
-18841
-20015
-21311
-22775
-24434
-25297
-24816
-24567
-25331
-25660
-24653
-23534
-22320
-20668
-19203
-18670
-17627
-14856
-11851
-10745
-10318
-9475
-8261
-6879
-4763
-2288
-619
811
2846
4753
5609
6112
6821
8087
9701
11243
11973
11524
11248
11610
12105
12502
12855
13016
12626
12712
13164
13160
12507
12322
12905
12946
12600
12293
11983
11533
11223
11504
11783
11486
11593
12147
12381
12579
12649
13250
13765
14038
14084
12390
9731
7886
7674
7964
6435
4465
3114
1627
-400
-2775
-5135
-7310
-8880
-8898
-9181
-11779
-14945
-17241
-17971
-18862
-20062
-21384
-23162
-24203
-23475
-22627
-22895
-23850
-23346
-21988
-20737
-18865
-17247
-16669
-16195
-14016
-10665
-8892
-8654
-7714
-6616
-5232
-3634
-1368
497
1520
3234
5288
6357
6650
7013
7972
9124
10226
11178
11254
10926
11112
11395
11393
11231
11174
11236
10985
10908
10884
10506
10303
10520
10805
10642
10189
9935
9757
9529
9472
9549
9357
9503
10154
10743
11079
11039
11490
12153
12562
12848
12097
10096
7932
7120
7542
7082
5110
3419
2241
796
-1099
-3373
-5598
-7544
-8508
-8264
-9405
-11815
-14358
-15804
-16512
-17632
-18603
-19855
-21171
-21247
-20431
-20019
-20693
-21111
-20246
-19183
-17616
-15779
-14503
-13962
-12878
-10289
-7828
-7210
-6711
-5789
-4387
-2933
-1276
527
1343
2279
4194
5876
6510
6457
6686
7396
8316
9578
10217
9924
9484
9619
9834
9750
9620
9465
9158
9091
9283
9211
8501
8017
8264
8587
8674
8594
8270
7742
7463
7652
7972
7896
8306
8965
9474
9793
9979
10521
10899
11334
11587
10646
8582
7139
6988
6894
5665
3874
2840
1811
-5
-2081
-4535
-6268
-7460
-7299
-7261
-9243
-11724
-13639
-14290
-14888
-15839
-17042
-18525
-19385
-18630
-17809
-17938
-18892
-18899
-17846
-16333
-14306
-12547
-12029
-11602
-9829
-6963
-5244
-4952
-4357
-3490
-2304
-1017
519
1476
2051
3203
4995
5880
5808
5599
6060
7059
8159
9135
9039
8377
8153
8259
8135
7523
7157
7002
6835
6896
6698
6070
5480
5744
6284
6423
6076
5834
5717
5597
5920
6025
6054
6153
6920
7708
8014
8389
8975
9537
9959
10886
11286
10410
8180
6624
6590
6411
5978
4563
3451
2582
801
-585
-2937
-4531
-5435
-5459
-5262
-6951
-9097
-10843
-11680
-12410
-13504
-14805
-15948
-16900
-16571
-15952
-16043
-16476
-16337
-15141
-13784
-12429
-10744
-10309
-9918
-8629
-6226
-4275
-4055
-3684
-3247
-2763
-2054
-722
498
1222
2065
3552
4220
4080
4085
4441
5162
5810
6662
6761
5804
5395
5424
5501
5040
4593
4355
3899
3935
4211
4107
3520
3602
4404
4982
4998
4880
4663
4345
4598
5197
5816
5979
6389
7272
7768
8399
8988
9746
10343
11024
11707
11218
9473
7905
7677
7988
7712
6242
4965
4066
2937
1593
-422
-2168
-3350
-3653
-3238
-4364
-6529
-8715
-9868
-10482
-11220
-12128
-13530
-14949
-15011
-13942
-13556
-13994
-14412
-13824
-13020
-11813
-10046
-9073
-8974
-8156
-6215
-4464
-4274
-4405
-4200
-3883
-3071
-1634
-468
-80
185
1263
2331
2496
2533
2476
2831
3366
4032
4364
3790
3218
3044
2877
2502
2184
2041
1992
2187
2456
2402
2042
2282
3074
3514
3511
3387
3636
3921
4269
4688
4823
5083
5800
6906
7566
8021
8777
9726
10580
11316
12137
12391
11601
10019
9053
8996
9185
8692
7197
6280
5276
4127
2588
630
-631
-1792
-1841
-1867
-3223
-5165
-7066
-7705
-8364
-9552
-10871
-12289
-13213
-13004
-12335
-12157
-12620
-13017
-12535
-11806
-10527
-9019
-8562
-8542
-7723
-5866
-4680
-4767
-4695
-4463
-4511
-4261
-2944
-1900
-1704
-1589
-381
576
487
475
543
837
1108
1744
2168
1523
1005
889
887
605
294
123
-207
101
899
1266
982
984
1649
2292
2633
3133
3481
3453
3601
4365
5210
5666
6193
7052
7822
8487
9511
10496
11285
11834
12679
13334
13174
12337
10785
10196
10503
10658
9807
7743
6844
6010
4769
3237
1415
531
-432
-499
-794
-2281
-4468
-6104
-6923
-7680
-8680
-9816
-11029
-12089
-11941
-11320
-11357
-11964
-12400
-12044
-11312
-10078
-8617
-8604
-8818
-8216
-6520
-5629
-5932
-6144
-6150
-6151
-5518
-4288
-3526
-3445
-3164
-1951
-1366
-1333
-1453
-1625
-1447
-875
214
463
-213
-582
-823
-920
-997
-821
-710
-784
-184
687
924
723
1091
1954
2556
2999
3706
4132
4299
5010
6064
6782
6948
7566
8519
9289
10139
11274
12234
12682
13317
14315
14956
14793
13641
12242
11319
11355
11795
10621
8882
7735
7013
6028
4149
2679
1475
261
112
-272
-1466
-3716
-5477
-6109
-7132
-8406
-9726
-11045
-12055
-12009
-11403
-11362
-12245
-12666
-12557
-12147
-10905
-9724
-9582
-10073
-9516
-7778
-6993
-7277
-7574
-7678
-7754
-7034
-5553
-4841
-5140
-5098
-3918
-2904
-2452
-2482
-2605
-2602
-2110
-1077
-800
-1118
-1425
-1534
-1499
-1419
-1135
-1160
-1186
-609
373
776
936
1467
2162
2702
3335
4150
4645
4863
5347
6260
6866
7444
8199
8987
9713
10655
11730
12524
12992
13772
14703
15301
15603
15381
14046
12875
12335
12589
11948
9977
8849
8077
7442
6003
4236
2790
1380
672
916
86
-1726
-3972
-5293
-6050
-7051
-8204
-9644
-11457
-12198
-11903
-11547
-11917
-12916
-13073
-13290
-12585
-11149
-10210
-10689
-11274
-10348
-8800
-8496
-8704
-8884
-9021
-9257
-8445
-6947
-6472
-6645
-6378
-5172
-4288
-3941
-3607
-3601
-3528
-2786
-1638
-1033
-1367
-1603
-1694
-1605
-1402
-947
-716
-531
266
1318
1939
2083
2459
3096
3613
4314
5065
5597
5862
6274
7070
7689
8212
8932
9678
10619
11497
12487
13302
13677
14749
15326
15944
15980
15702
15397
13666
12711
12448
12298
11626
9756
9225
8616
7492
6004
4158
3152
1992
1700
1501
151
-2193
-4263
-5347
-6297
-7848
-9375
-10795
-12143
-12343
-11819
-11810
-12763
-13771
-13937
-13940
-13296
-11890
-11494
-12128
-12608
-11530
-10595
-10921
-11198
-11259
-11573
-11369
-9909
-8149
-7916
-8357
-7366
-6184
-5317
-4935
-4470
-4072
-4126
-3061
-1988
-1720
-1883
-1923
-1371
-1305
-973
-261
139
596
1398
2390
2979
3282
3965
4590
4752
5208
5902
6535
6967
7444
8303
8753
9234
10150
11052
11873
12555
13516
14407
14954
15764
16326
16572
16421
16003
15249
13938
13455
13439
13020
11587
10423
10063
9306
7886
6281
5048
3752
2474
1946
938
-868
-3151
-4594
-5592
-7148
-8761
-10340
-11738
-12716
-12760
-12607
-12959
-13921
-14569
-14967
-14723
-13772
-13088
-13416
-14022
-13729
-12696
-12369
-12425
-12443
-12417
-12167
-11113
-9546
-8667
-8681
-8369
-7118
-5971
-4907
-4443
-4006
-3915
-3538
-2481
-1776
-1381
-1415
-1283
-943
-697
-249
31
264
744
1405
2080
2604
3053
3485
3869
4225
4838
5307
5894
6356
6969
7604
8342
9318
10159
11093
11943
13070
13861
14665
15656
16433
16958
17064
17295
17618
17146
15949
14950
14566
14783
14139
12576
11565
10327
9442
8080
6461
5430
3441
2603
1591
167
-1836
-4236
-5343
-6624
-8086
-9639
-11476
-13121
-14083
-14273
-14082
-14763
-15761
-16551
-17076
-16554
-15421
-15088
-15641
-16384
-15337
-14039
-13496
-13359
-13434
-13275
-12989
-11364
-9509
-8779
-9019
-8556
-7239
-5842
-4845
-4000
-3773
-3984
-3404
-2069
-1044
-1102
-1409
-1315
-989
-442
-52
47
-176
-37
1040
1847
2488
2742
3026
3415
3984
5179
6201
6632
7086
7815
8858
9980
10907
11896
12469
13431
14767
15914
16723
17212
17991
18655
18885
19202
19390
19438
18415
17086
16257
15981
15724
14186
12609
11250
10112
8878
7070
5522
3846
2096
1099
-341
-2054
-4480
-6465
-7600
-9063
-10619
-12430
-14336
-15650
-16370
-16462
-16711
-17683
-18509
-19178
-18970
-18024
-17173
-17209
-17692
-17438
-16001
-14757
-14112
-13837
-13820
-13504
-12433
-10660
-9275
-9009
-8901
-8116
-6894
-5470
-4576
-4050
-4109
-3909
-3010
-2068
-1505
-1614
-1726
-1598
-1119
-473
-188
-239
-42
618
1645
2551
3311
3938
4410
5237
6519
7790
8668
9133
9944
10989
12179
13333
14178
14900
15432
16429
17452
18236
18792
19216
19730
20117
20268
20297
19995
19647
19197
17746
16465
15310
14915
14009
11795
10417
8866
7514
5519
3226
2055
34
-1327
-2729
-4550
-6546
-9016
-10118
-11204
-12634
-14387
-16053
-17536
-18196
-18439
-18275
-18722
-19565
-19925
-20155
-19492
-18332
-17497
-17478
-17817
-16886
-15201
-14216
-13776
-13537
-13058
-12571
-11380
-9768
-8688
-8689
-8399
-7579
-6439
-5670
-5023
-4381
-4427
-4077
-3422
-2342
-1799
-1738
-1226
-793
-123
407
953
1592
2119
3166
4342
5397
6222
6943
7904
8953
10099
11310
12274
12912
13646
14362
15385
16135
16887
17438
17583
18069
18518
19195
19552
19345
19481
19270
19233
19027
18672
18213
17323
15933
14360
13136
11929
11204
9133
7400
5776
4054
2717
371
-972
-2464
-4465
-5521
-7321
-8310
-10401
-12080
-12800
-13931
-15027
-16598
-17825
-18612
-19061
-19159
-18851
-19386
-19691
-20156
-19872
-18613
-17577
-16927
-17116
-17056
-15705
-14578
-13510
-13103
-12938
-12954
-12649
-11262
-9594
-8936
-9106
-8796
-8097
-6623
-5474
-4084
-3477
-3600
-2826
-1573
166
912
1276
1815
2364
3394
4520
5558
6101
6539
7450
8718
9947
10940
11642
12313
13082
14060
15074
15666
16079
16261
16481
16956
17229
17642
17414
17401
17321
17241
17345
17204
17201
16781
16297
15923
15359
14603
13839
12925
12183
10609
8870
7608
6346
5552
3617
2071
848
-580
-1487
-3224
-4178
-5465
-6909
-7599
-8804
-9550
-11290
-12583
-13376
-14212
-15037
-16217
-17279
-18195
-18541
-18614
-18210
-18669
-18991
-19453
-19271
-18264
-17509
-16905
-17046
-16972
-16149
-15240
-14139
-13717
-13477
-13357
-12721
-11232
-9677
-8559
-8127
-7456
-6458
-4785
-3138
-1487
-598
-100
807
2189
4010
5075
5712
6070
6603
7670
8784
9872
10394
10724
11167
11974
13142
14091
14557
14558
14650
15139
15736
16137
16162
15898
15453
15275
15185
15074
14611
14046
13666
13299
12989
12639
12287
11789
11174
10612
10268
9718
8889
8128
7184
6766
5680
4401
3396
2135
1835
190
-570
-1250
-2310
-2950
-4780
-5115
-5928
-6999
-7623
-8930
-9334
-10967
-12051
-12633
-13422
-14303
-15681
-16553
-17263
-17643
-18137
-17907
-18317
-18425
-18799
-18705
-17683
-17143
-16435
-16257
-15795
-14732
-13964
-12790
-11917
-11113
-10426
-9596
-8166
-6528
-5210
-4212
-3073
-2120
-403
804
2516
3720
4497
5491
6284
7886
8918
9696
10138
10523
11113
11677
12381
12823
13013
12817
13055
13467
13848
13853
13494
13359
13025
13043
12874
12625
12076
11273
10928
10497
10332
9804
9208
8540
7939
7780
7541
7261
6639
6229
5740
5469
5108
4724
4232
3389
3011
2557
2372
1477
393
-258
-955
-1109
-2009
-2559
-3368
-4289
-4822
-5818
-6110
-7096
-7964
-8698
-9454
-9916
-11138
-11921
-12618
-12992
-13617
-14196
-14755
-15218
-15460
-15586
-15022
-14964
-14835
-15011
-14704
-13733
-12941
-12055
-11600
-10995
-10111
-9181
-7757
-6721
-5926
-5436
-4551
-3164
-1568
-367
559
1298
2048
3404
4513
5926
6558
7087
7679
8332
9406
9875
10200
10267
10487
10837
11003
11165
11044
10847
10561
10573
10653
10478
10088
9621
9373
9054
8758
8439
7925
7308
6689
6378
6031
5631
5132
4647
4185
3841
3646
3382
3038
2599
2429
2226
2017
1836
1600
1333
911
642
494
121
-136
-432
-744
-1255
-1780
-1932
-2119
-2515
-2849
-3151
-3517
-3982
-4502
-4835
-5243
-5710
-6102
-6662
-7201
-7796
-8307
-8632
-8996
-9342
-9780
-10217
-10337
-10336
-10230
-9986
-9902
-9689
-9584
-9173
-8507
-7910
-7242
-6767
-6191
-5518
-4775
-3806
-3014
-2359
-1851
-1158
-209
863
1858
2581
3185
3667
4378
5176
5959
6516
6710
6875
7130
7600
7996
8092
7936
7772
7621
7544
7518
7403
7149
6574
6160
5946
5775
5479
4907
4371
3836
3331
3007
2578
2136
1545
1057
770
443
184
-107
-393
-624
-748
-638
-579
-766
-863
-774
-625
-631
-515
-350
-345
-408
-288
-13
211
219
280
395
464
559
551
559
471
399
300
80
-38
-328
-652
-1001
-1281
-1538
-2002
-2350
-2656
-2899
-3250
-3574
-3782
-3994
-4145
-4356
-4487
-4656
-4721
-4753
-4729
-4569
-4497
-4357
-4249
-3916
-3533
-3131
-2683
-2268
-1794
-1345
-816
-214
248
645
1014
1375
1815
2199
2550
2745
2797
2949
3055
3180
3284
3291
3233
3035
2943
2896
2793
2624
2372
2038
1725
1434
1163
886
489
188
-209
-468
-652
-871
-1054
-1335
-1301
-1288
-1289
-1243
-1189
-1078
-1128
-957
-682
-550
-504
-359
-168
-31
80
214
360
347
532
652
759
906
1005
1099
944
1139
1236
1206
1234
1127
1169
1067
1135
1026
1012
1016
920
971
762
857
863
849
885
853
968
934
1015
1081
1126
1161
1138
1168
1198
1287
1295
1245
1183
1100
1009
1051
1002
809
621
476
381
236
96
-110
-357
-653
-860
-994
-1250
-1550
-1896
-2063
-2295
-2580
-2865
-3126
-3314
-3542
-3594
-3651
-3723
-3858
-4003
-3994
-3859
-3722
-3636
-3582
-3523
-3374
-3088
-2751
-2473
-2343
-2177
-1998
-1652
-1301
-936
-690
-648
-372
-11
309
513
666
832
954
1107
1368
1577
1569
1483
1446
1473
1560
1572
1462
1294
1188
1200
1210
1079
1089
1075
779
759
907
1048
940
921
1264
1146
1286
1685
1889
2001
2157
2497
2649
2877
3233
3560
3773
3959
4317
4426
4592
4768
4875
4893
4810
4968
4922
4864
4721
4500
4209
3781
3480
3088
2666
2294
1790
1236
727
138
-341
-849
-1420
-1987
-2559
-2903
-3367
-3677
-4051
-4483
-4901
-5314
-5465
-5624
-5733
-5925
-6088
-6100
-6122
-6075
-6029
-5901
-5751
-5690
-5434
-5107
-4804
-4593
-4439
-4256
-3860
-3604
-3268
-3009
-2879
-2391
-2399
-2249
-1622
-1370
-1362
-1130
-837
-385
-171
-388
119
219
196
481
627
896
879
976
1062
1223
1323
1385
1529
1556
1838
1998
2191
2593
2721
2558
2570
2732
3082
3315
3066
3365
3480
3248
3010
2813
3055
2459
2339
2657
3171
3241
2657
2997
2961
2479
1967
2568
3187
2912
2620
2993
3361
2318
2141
2381
2337
2029
2041
2866
2942
2701
2282
2004
1411
785
1030
1292
1338
1273
1208
658
-259
-820
-1306
-1491
-1893
-1937
-1658
-1768
-2072
-2677
-3153
-3659
-4458
-4576
-3882
-3543
-3075
-3341
-3799
-4071
-5066
-5257
-4847
-4714
-4269
-4117
-3384
-2968
-3508
-3512
-3984
-4080
-3797
-3293
-1914
-1036
-1244
-1353
-1821
-2040
-2109
-1985
-1086
-363
51
305
678
642
174
-346
-315
351
842
1502
2201
2258
1766
881
438
602
1022
1394
2010
2505
2272
1989
1927
1861
2096
1997
2308
3206
3341
3436
3615
3950
3746
3558
3418
3662
4179
4363
4972
5423
5519
4979
4778
4753
4984
5404
5938
6261
5836
5072
4600
4891
4849
4686
4737
4463
3288
1861
848
1025
1052
-194
-466
-636
-1407
-2498
-3941
-3606
-3454
-4105
-3975
-3149
-3379
-4173
-5635
-5901
-4897
-5477
-4211
-3423
-2791
-3108
-4813
-4482
-4230
-4380
-3846
-3482
-2616
-2955
-4108
-3864
-3853
-4256
-4655
-4418
-3954
-3907
-4414
-4285
-4121
-5109
-5361
-5126
-4385
-4187
-4864
-4567
-4546
-4545
-4366
-3671
-2855
-3021
-3294
-3160
-2555
-2411
-2291
-1641
-1207
-987
-1099
-890
-532
-830
-976
-397
632
1146
1184
1253
2063
2500
2494
3139
3693
4320
4302
4596
5807
6489
6027
5592
5790
6354
6715
6832
7388
7643
7023
6467
7296
7978
8220
7430
7459
8297
8055
7544
7190
7166
7134
6902
6857
7847
7238
5676
5110
4477
4493
3830
2003
2556
1804
1495
1470
478
201
-2574
-3930
-4211
-2391
-1986
-2328
-3350
-5079
-5716
-7365
-6089
-5549
-5455
-6345
-6786
-5822
-6012
-6413
-7433
-7607
-7889
-7983
-7058
-5933
-5733
-7256
-7843
-7580
-6981
-6818
-7043
-6499
-6416
-6768
-6449
-5713
-5487
-6138
-6485
-5592
-4712
-4353
-4169
-3593
-3281
-3395
-2995
-2161
-1294
-1690
-1863
-1019
-419
-16
-286
1
439
471
415
992
1641
1662
1617
2055
3232
3891
3644
3695
4134
4466
4940
5518
6606
7176
6882
6441
6881
7241
7301
7776
8144
8894
8455
7947
7749
7917
7984
7757
8339
8092
8017
6886
7063
7336
6780
6328
4770
4878
4972
5173
5337
5173
3739
2253
1098
904
2347
2516
2479
1637
-484
-1592
-2324
-1918
-1320
-2167
-2374
-2720
-3633
-4181
-5018
-5209
-5127
-6943
-6407
-5951
-5995
-5690
-7633
-7170
-7868
-9145
-8426
-7722
-6609
-7368
-8313
-8739
-8375
-8851
-8510
-6568
-6369
-6592
-7949
-7826
-6732
-6572
-5873
-4977
-4566
-5148
-5452
-4489
-3296
-2984
-3360
-2702
-1762
-1088
-318
470
1027
479
34
996
2434
3541
3627
3285
3161
2623
2878
4136
4996
5292
4712
4002
4249
4220
4561
5371
5511
5464
5001
4511
4391
3760
3497
4008
4527
5020
4769
4126
3496
2622
2247
3018
3868
4425
4149
3571
3308
2747
2541
2341
3004
3366
3463
3837
3956
3771
2870
1681
1952
2683
3339
3695
3395
3389
2073
1242
1148
1931
2716
1795
1265
1392
1410
1228
999
679
562
-1237
-1868
-950
-16
312
-763
-1602
-2422
-3775
-4593
-2746
-2099
-1204
-2730
-4053
-3746
-5028
-4798
-4445
-2937
-3452
-4569
-5009
-5166
-4143
-5268
-4751
-3736
-4347
-4955
-5426
-4486
-3777
-4424
-4905
-3851
-4024
-4393
-4713
-4171
-3465
-4723
-4918
-4173
-3350
-3326
-4110
-3768
-3741
-4356
-4383
-3310
-2281
-2411
-3113
-3192
-2553
-2694
-2680
-1948
-1305
-1210
-1365
-717
168
182
87
190
866
1454
1847
2876
3642
3621
3157
3304
3610
4107
4497
5121
5943
6263
5980
5752
5794
5617
5638
6065
6874
7336
7086
6417
6249
5893
5786
5712
6101
6257
5862
5676
5760
5922
5407
4703
5100
4929
5001
4934
5034
5342
4518
3803
4355
4730
4347
4268
3967
4276
3200
2404
2910
3703
3547
2901
2523
1952
541
-454
88
1047
661
-382
-1523
-2251
-3801
-4596
-3816
-3642
-5066
-6966
-7520
-7041
-7157
-8181
-9003
-9867
-11689
-12623
-11124
-9956
-9140
-11320
-12972
-13330
-13612
-12208
-10609
-9253
-9546
-10943
-11125
-10258
-9009
-8315
-7939
-7100
-6886
-6360
-5179
-4142
-3551
-3876
-3718
-2564
-1149
95
734
1180
1017
826
1095
2205
3413
4052
4018
3998
4249
4505
4910
5653
6601
6978
6797
6662
7062
7543
7694
8018
8742
9061
8589
8333
8759
9341
9357
8801
8743
9028
9016
9141
9452
9633
9046
8069
7495
7553
7865
7863
7582
6648
6076
5509
5131
4822
3889
3037
2470
2134
2121
2369
1952
942
-513
-1950
-2023
-1531
-1455
-1870
-2814
-3672
-4429
-5001
-5051
-4981
-5444
-6211
-6544
-5706
-5477
-5789
-6283
-7135
-7010
-7402
-6354
-5352
-5454
-5982
-7478
-6993
-6822
-6555
-5671
-5553
-4981
-5085
-5352
-4622
-4605
-4964
-5168
-4571
-3099
-2266
-2830
-3965
-4738
-5270
-4545
-3224
-1375
-959
-2361
-4010
-4136
-2920
-1603
-346
186
85
-743
-1443
-648
670
1194
1065
1101
1753
2399
2473
2426
2528
2444
2766
3464
4780
5548
4872
4070
3510
3767
4431
5143
5845
5489
4776
4051
4262
4522
4560
4569
4556
4525
3981
3888
4054
3809
3344
2915
3131
3298
2929
2543
2155
1990
1667
1642
1938
1665
1011
425
101
210
-104
-196
-259
-739
-1256
-1568
-1349
-1181
-1568
-1977
-2145
-2311
-2184
-2071
-1751
-1611
-2083
-2249
-2655
-2733
-2653
-2440
-1743
-2001
-1889
-1818
-2252
-2298
-2563
-2148
-1235
-1628
-1426
-851
-1142
-829
-1254
-1197
-859
-1567
-1395
-825
-486
-280
-397
-488
-651
-1125
-963
-256
375
444
329
419
154
-331
-620
-192
137
317
313
125
527
-158
205
236
267
312
-309
237
186
810
733
790
361
-345
-104
-101
804
1081
954
644
70
21
582
933
894
1067
812
537
287
292
918
1173
422
459
847
965
935
443
759
803
433
589
1109
1290
815
306
134
257
122
349
659
359
25
-87
37
245
307
398
539
-50
-368
25
386
606
464
368
286
-415
-911
-427
313
524
282
-3
77
-329
-796
-313
129
188
-341
-567
-380
-709
-1153
-1122
-612
-955
-1600
-1663
-1450
-1535
-2240
-2074
-1414
-1270
-2003
-2633
-2502
-2649
-2988
-2540
-1843
-1501
-2316
-3340
-3223
-3199
-2697
-2188
-1571
-1260
-1885
-2273
-2125
-1842
-1709
-1287
-1146
-695
-529
-445
-66
-313
-616
-599
11
612
1507
1618
1450
1094
475
972
1545
2383
2683
2604
2354
1937
1937
2319
2740
2952
3020
2975
3268
3325
3196
3262
3237
2976
3211
3552
3966
4264
3692
3378
3317
3175
3452
3824
4155
4256
3645
3261
3305
3386
3385
3343
3352
3276
2756
2364
2483
2352
2175
1959
1723
1467
731
479
449
122
-287
-501
-627
-1186
-1836
-2296
-2099
-2482
-3028
-2957
-3322
-3750
-4463
-4686
-4306
-4539
-4917
-5123
-5057
-5335
-5649
-5692
-5534
-5509
-5876
-5756
-5556
-5175
-5258
-5496
-5524
-5491
-5134
-4893
-4333
-4025
-4018
-4286
-4168
-3824
-3287
-2920
-2768
-2281
-2384
-2248
-1871
-1479
-1168
-1184
-891
-446
-49
159
470
805
571
603
1279
1941
2310
2588
2744
2938
2958
3039
3705
4277
4247
4327
4623
4729
5104
5379
5487
5622
5517
5561
5830
6054
6200
6419
6089
5727
5683
5592
5690
5595
5519
5186
4534
3976
3797
3760
3480
3372
3263
2697
2021
1470
1117
821
397
207
393
16
-800
-1256
-2044
-2478
-2704
-2884
-2502
-2367
-2691
-3298
-4014
-4517
-4190
-4155
-3838
-3596
-3805
-4095
-4960
-4730
-4464
-4090
-3863
-3647
-3372
-3799
-3998
-3956
-3393
-3236
-2946
-2427
-2255
-2594
-2958
-2890
-2614
-2228
-1847
-936
-883
-1455
-1769
-1649
-1155
-867
-331
319
482
129
-96
56
451
518
862
1353
1543
1745
1795
2016
2069
2020
2076
2495
2817
2971
3121
3223
3174
2973
3026
3136
3337
3233
3100
3304
3268
2922
2746
2607
2587
2482
2273
2313
2213
1799
1158
1040
965
950
1008
648
350
-183
-703
-843
-637
-598
-536
-1032
-1421
-1330
-1662
-1595
-1666
-1824
-2026
-2277
-2270
-1871
-1742
-2164
-2342
-2701
-2748
-2643
-2434
-2073
-2236
-2491
-2686
-2697
-2571
-2447
-2490
-2348
-2201
-2107
-1834
-1957
-1993
-2071
-2332
-2148
-1668
-1265
-998
-951
-1099
-996
-1076
-896
-361
122
398
495
705
835
908
907
1185
1583
1902
1973
2161
2437
2328
2413
2471
2771
2894
2791
2966
3205
3409
3232
3133
3074
2996
2907
2973
3130
3009
2633
2221
2029
1896
1887
1997
1820
1525
1200
1025
1000
731
481
384
83
-40
27
110
-194
-756
-1060
-1213
-1152
-1030
-801
-776
-1123
-1666
-1794
-1794
-1579
-1379
-1391
-1434
-1657
-1584
-1571
-1683
-1789
-1685
-1664
-1761
-1678
-1492
-1342
-1567
-1745
-1536
-1209
-1318
-1382
-1160
-1034
-1044
-1114
-840
-391
-442
-581
-444
-372
-296
-380
-95
448
392
237
182
178
259
268
437
732
786
584
526
704
771
819
862
653
473
271
236
353
362
302
173
48
-116
-414
-499
-578
-649
-551
-532
-406
-514
-970
-1281
-1348
-1190
-1040
-900
-789
-885
-1042
-1244
-1192
-1126
-1084
-1052
-869
-676
-508
-430
-536
-510
-610
-374
-52
232
560
435
281
209
227
489
696
937
1096
1026
855
772
948
1050
1091
1198
1314
1319
1142
1056
1208
1332
1355
1513
1700
1700
1383
1350
1497
1562
1542
1659
2012
2004
1704
1673
1880
1781
1660
1749
2172
2166
1784
1639
1791
1635
1289
1350
1486
1568
1099
833
972
819
491
251
216
188
-85
-437
-414
-569
-995
-1177
-1211
-1154
-1396
-1647
-1735
-1990
-2341
-2571
-2393
-2278
-2539
-2691
-2650
-2690
-3020
-3338
-3137
-2983
-3188
-3290
-3145
-2867
-3127
-3445
-3275
-3119
-3019
-3074
-2732
-2490
-2607
-2665
-2672
-2406
-2310
-2141
-1808
-1630
-1587
-1458
-1226
-959
-773
-635
-314
-293
-130
110
609
880
786
995
1135
1440
1579
1898
2458
2652
2533
2595
2864
3095
3209
3410
3726
3743
3704
3803
3977
4055
3907
3993
4229
4135
4039
4038
3960
3706
3453
3411
3467
3427
3157
3002
2751
2247
1939
1847
1788
1646
1359
1100
800
419
134
-19
-141
-363
-558
-658
-929
-1281
-1469
-1635
-1636
-1788
-1995
-2023
-2247
-2510
-2643
-2620
-2640
-2734
-2919
-2972
-2958
-3073
-3056
-2995
-2912
-3032
-3025
-2941
-2861
-2829
-2936
-2863
-2885
-2769
-2659
-2436
-2285
-2456
-2366
-2329
-2223
-2034
-1750
-1365
-1288
-1393
-1392
-1180
-1060
-946
-641
-371
-208
-131
38
295
354
443
660
883
1102
1355
1554
1687
1774
1846
1985
2031
2217
2514
2582
2496
2495
2653
2611
2548
2645
2765
2790
2562
2528
2616
2490
2411
2463
2474
2282
2066
2038
1952
1725
1571
1521
1451
1273
1173
1128
870
571
391
372
281
168
224
126
-199
-498
-633
-661
-711
-811
-823
-890
-1121
-1287
-1357
-1425
-1496
-1471
-1497
-1565
-1605
-1671
-1726
-1856
-1874
-1819
-1820
-1900
-1923
-1893
-1947
-1902
-1854
-1703
-1650
-1719
-1637
-1596
-1513
-1465
-1411
-1227
-1104
-994
-911
-828
-736
-667
-549
-367
-148
-43
39
165
268
351
463
590
737
906
963
1091
1142
1184
1261
1255
1319
1425
1578
1598
1497
1441
1490
1460
1390
1528
1614
1533
1287
1186
1270
1204
1037
1015
1105
962
759
695
735
652
451
378
388
289
130
64
84
28
-58
-98
-116
-250
-375
-391
-388
-332
-361
-373
-425
-543
-619
-608
-530
-461
-460
-539
-584
-621
-692
-728
-654
-560
-586
-630
-566
-427
-406
-507
-515
-418
-382
-375
-326
-185
-213
-304
-259
-176
-71
-126
-38
67
97
98
108
252
233
162
158
201
262
215
243
288
291
246
158
189
202
178
148
134
151
71
-41
-90
-47
-13
-101
-173
-179
-209
-308
-369
-330
-280
-377
-493
-477
-476
-503
-554
-529
-514
-603
-680
-664
-611
-667
-733
-721
-685
-693
-726
-717
-651
-636
-659
-660
-623
-611
-641
-627
-522
-410
-377
-376
-358
-323
-356
-312
-219
-49
50
37
96
130
143
185
269
389
527
624
692
747
707
730
795
851
981
1131
1250
1231
1228
1288
1369
1403
1438
1538
1578
1541
1545
1630
1689
1635
1597
1604
1538
1460
1483
1555
1520
1391
1306
1257
1144
1000
945
920
769
627
580
507
351
175
60
-47
-219
-359
-392
-488
-689
-853
-916
-1023
-1182
-1260
-1289
-1356
-1539
-1656
-1675
-1753
-1899
-1969
-1933
-1979
-2110
-2128
-2054
-2063
-2172
-2223
-2122
-2066
-2083
-2067
-1989
-1919
-1943
-1927
-1817
-1691
-1574
-1484
-1354
-1270
-1231
-1149
-1071
-926
-816
-694
-584
-491
-369
-274
-145
-42
122
299
427
507
595
723
807
906
1014
1169
1320
1376
1445
1517
1567
1587
1623
1762
1871
1880
1892
1897
1891
1839
1842
1947
2008
1947
1841
1823
1785
1671
1596
1594
1585
1492
1348
1287
1227
1099
959
898
864
757
636
522
452
328
170
72
17
-44
-164
-295
-377
-452
-548
-653
-708
-742
-858
-988
-1058
-1091
-1147
-1237
-1258
-1230
-1279
-1349
-1383
-1351
-1348
-1427
-1420
-1374
-1325
-1361
-1351
-1268
-1274
-1287
-1284
-1207
-1158
-1153
-1088
-986
-905
-866
-810
-731
-678
-662
-562
-428
-317
-248
-195
-124
-83
-10
77
190
276
334
414
490
591
643
715
754
757
821
841
888
958
1025
1058
1059
1058
1062
1074
1078
1104
1131
1145
1121
1085
1049
973
895
872
856
826
803
742
684
612
516
433
366
312
262
221
143
56
-45
-147
-225
-269
-292
-347
-393
-447
-507
-586
-632
-655
-689
-723
-777
-797
-819
-845
-860
-882
-896
-930
-922
-902
-892
-875
-876
-875
-898
-884
-808
-734
-697
-675
-622
-574
-551
-513
-437
-377
-337
-298
-206
-125
-89
-58
-8
79
127
192
280
365
407
417
464
523
574
596
648
710
734
722
735
783
822
840
838
841
822
774
753
777
810
771
728
699
654
616
587
600
593
535
457
426
413
371
312
279
245
187
137
91
71
27
-37
-75
-90
-112
-158
-204
-227
-266
-307
-313
-312
-328
-354
-388
-402
-411
-436
-436
-425
-412
-431
-458
-466
-458
-432
-410
-371
-361
-360
-384
-386
-354
-316
-276
-267
-263
-267
-238
-211
-183
-149
-133
-106
-112
-91
-53
-15
9
15
49
71
89
112
158
193
211
218
219
226
217
223
241
241
237
227
221
208
184
169
158
145
124
123
122
108
83
60
42
24
16
0
-18
-47
-71
-88
-103
-129
-164
-199
-228
-246
-247
-249
-270
-274
-279
-283
-294
-308
-307
-310
-308
-307
-280
-258
-265
-271
-272
-253
-230
-200
-161
-127
-103
-94
-78
-63
-27
8
38
78
118
150
167
182
203
228
253
275
307
328
332
351
378
402
403
407
419
418
429
433
454
467
458
454
437
436
425
420
423
418
403
356
319
276
249
219
196
180
157
129
88
69
46
26
-1
-35
-55
-84
-117
-153
-185
-212
-245
-275
-293
-309
-319
-339
-351
-359
-378
-384
-399
-412
-432
-441
-443
-439
-436
-444
-434
-436
-434
-430
-411
-391
-375
-355
-335
-320
-322
-317
-298
-272
-256
-242
-231
-210
-200
-191
-158
-123
-88
-56
-22
7
24
32
51
70
90
111
133
155
159
168
182
201
221
235
263
287
298
302
312
327
339
352
372
383
375
353
342
344
348
353
357
357
337
319
297
281
268
257
266
272
260
230
198
169
127
103
94
86
71
40
20
1
-10
-19
-22
-21
-33
-60
-92
-108
-129
-140
-144
-141
-147
-178
-202
-217
-217
-214
-210
-196
-202
-215
-230
-227
-221
-227
-227
-241
-249
-252
-248
-231
-223
-214
-200
-193
-181
-169
-151
-138
-141
-129
-112
-88
-63
-59
-63
-54
-48
-38
-14
8
26
41
57
73
93
110
119
122
111
112
119
131
134
130
128
116
111
110
113
122
130
129
121
108
97
87
81
80
74
73
67
50
31
22
24
22
29
28
23
8
-6
-17
-28
-24
-25
-26
-28
-44
-53
-62
-63
-70
-74
-71
-78
-80
-86
-83
-77
-77
-77
-79
-82
-91
-97
-98
-103
-103
-97
-92
-92
-87
-82
-77
-68
-60
-55
-52
-45
-44
-37
-38
-41
-40
-37
-29
-21
-3
10
15
18
18
34
49
59
66
69
77
79
73
71
75
81
82
87
98
98
100
97
94
96
84
88
88
85
82
74
75
67
64
63
64
60
50
45
44
45
43
40
38
34
31
30
29
31
32
32
38
38
41
32
24
19
27
34
36
37
28
20
12
11
8
4
2
-2
-13
-25
-31
-32
-30
-30
-36
-45
-56
-62
-59
-54
-58
-67
-71
-80
-90
-99
-104
-103
-107
-104
-100
-98
-97
-91
-83
-76
-73
-70
-64
-61
-65
-73
-71
-71
-71
-67
-64
-61
-60
-53
-44
-36
-32
-29
-21
-16
-13
-16
-16
-15
-10
-2
5
12
20
29
31
30
34
42
50
52
56
64
74
81
94
112
120
118
117
125
142
146
150
150
151
157
165
169
164
156
151
157
164
165
159
145
135
127
119
113
106
99
86
77
71
68
59
52
51
47
37
15
1
-12
-23
-35
-39
-37
-47
-58
-74
-76
-75
-73
-71
-79
-85
-96
-100
-103
-106
-111
-118
-115
-121
-127
-134
-135
-131
-129
-132
-133
-129
-124
-122
-125
-126
-119
-109
-107
-107
-107
-103
-100
-95
-88
-89
-84
-75
-57
-45
-41
-37
-19
1
7
6
2
5
5
7
19
32
47
53
59
67
72
78
87
99
98
91
83
80
80
73
68
64
71
69
65
60
64
71
72
66
64
67
67
61
55
53
47
38
29
26
22
15
6
5
9
8
5
4
6
7
11
15
13
4
-7
-15
-21
-28
-33
-36
-31
-26
-22
-25
-27
-21
-24
-26
-28
-27
-28
-35
-46
-52
-50
-51
-50
-42
-29
-19
-17
-16
-22
-26
-35
-44
-49
-51
-50
-46
-43
-43
-41
-37
-29
-20
-11
-4
3
-1
-6
-10
-6
5
12
17
15
14
15
18
20
21
25
31
38
38
36
33
37
46
51
54
50
50
40
32
23
25
29
26
30
29
33
31
26
28
27
27
17
8
-4
-16
-18
-17
-11
-2
-2
-8
-11
-10
-8
-9
-12
-16
-23
-27
-31
-31
-26
-27
-25
-22
-24
-33
-46
-53
-51
-47
-52
-55
-51
-45
-47
-53
-54
-47
-45
-47
-50
-49
-44
-45
-46
-49
-42
-33
-26
-25
-26
-23
-14
-4
-1
-3
-8
-11
-10
-3
6
14
19
26
27
22
23
27
34
33
32
30
26
24
29
34
40
46
42
36
34
29
27
26
32
38
40
37
31
30
29
30
31
29
25
20
19
19
25
31
32
32
30
26
25
27
24
21
22
19
9
0
-5
0
8
13
14
16
15
10
7
3
-4
-12
-20
-23
-32
-33
-31
-27
-23
-22
-25
-33
-34
-30
-24
-27
-31
-34
-36
-29
-23
-20
-16
-11
-10
-13
-17
-18
-17
-9
-1
1
3
5
10
16
16
14
13
13
14
17
23
27
32
38
36
27
13
6
3
2
0
-4
-1
2
1
-3
-7
-7
-3
-2
-8
-11
-18
-20
-20
-18
-21
-25
-28
-29
-24
-18
-11
-10
-12
-14
-21
-29
-37
-41
-43
-40
-33
-25
-12
-3
-3
-7
-11
-16
-22
-33
-38
-39
-36
-31
-25
-14
-5
0
3
2
4
3
0
2
7
11
11
15
22
30
39
43
49
60
64
67
63
60
55
53
51
55
60
62
66
67
76
79
75
73
68
60
48
48
50
52
50
47
50
51
47
41
38
37
29
21
12
12
17
22
23
19
11
-1
-8
-15
-21
-22
-25
-26
-29
-28
-27
-26
-25
-26
-28
-39
-50
-60
-62
-57
-58
-61
-67
-65
-64
-62
-67
-71
-69
-68
-67
-76
-81
-85
-89
-87
-85
-76
-69
-57
-44
-37
-36
-39
-40
-42
-47
-50
-50
-41
-33
-21
-7
9
21
31
33
32
34
33
32
35
30
24
27
36
44
52
57
59
64
64
59
58
60
59
61
66
68
63
58
52
47
44
52
63
68
68
69
69
69
62
54
48
48
45
40
36
31
28
15
4
-4
-11
-12
-18
-18
-15
-15
-15
-24
-27
-36
-43
-53
-65
-69
-69
-60
-52
-48
-43
-39
-41
-55
-69
-76
-76
-75
-76
-70
-58
-49
-36
-28
-22
-17
-12
-11
-17
-25
-30
-30
-23
-18
-15
-8
-4
0
5
5
12
30
39
48
46
43
43
41
37
34
35
41
46
50
53
58
60
53
40
24
15
10
10
10
22
37
50
52
44
32
21
10
6
7
11
14
7
2
1
-7
-15
-21
-26
-26
-25
-25
-24
-21
-19
-21
-27
-35
-46
-52
-55
-53
-49
-46
-43
-45
-45
-44
-45
-45
-39
-36
-32
-29
-29
-31
-32
-34
-36
-37
-44
-44
-39
-33
-26
-12
8
21
26
21
9
0
-12
-19
-20
-17
-7
7
18
28
37
39
41
40
35
27
21
24
31
39
43
48
55
57
60
59
59
63
62
64
58
52
46
40
35
34
36
32
32
36
41
48
45
42
43
38
29
19
14
12
7
2
-5
-8
-10
-11
-13
-15
-21
-26
-27
-31
-38
-51
-54
-47
-47
-49
-54
-68
-79
-87
-87
-82
-72
-63
-56
-54
-56
-60
-62
-62
-65
-69
-68
-62
-57
-53
-49
-43
-39
-31
-29
-32
-33
-27
-14
-4
0
2
7
15
19
23
23
25
32
33
35
38
41
42
42
41
40
44
48
52
58
65
71
70
64
55
46
37
29
24
24
27
31
32
36
39
44
49
51
46
36
21
14
8
0
-1
2
6
8
5
-1
-7
-7
-9
-13
-12
-12
-13
-17
-25
-31
-36
-39
-47
-49
-51
-53
-45
-36
-29
-27
-24
-28
-31
-33
-36
-35
-37
-35
-34
-31
-22
-17
-13
-11
-4
7
9
6
6
1
-7
-10
-15
-11
-9
-10
-2
11
26
34
40
48
48
44
36
31
26
17
9
2
2
9
16
25
32
42
49
45
37
28
21
14
10
11
14
21
21
15
12
12
14
15
16
21
25
25
19
10
1
-9
-17
-23
-20
-17
-11
-10
-9
-9
-13
-20
-28
-34
-38
-40
-35
-32
-32
-36
-45
-49
-51
-50
-54
-54
-49
-40
-31
-21
-11
-14
-21
-27
-31
-35
-40
-37
-30
-20
-9
-1
10
21
23
16
8
5
3
3
4
7
17
24
28
37
44
46
42
35
27
23
23
22
26
30
30
31
28
28
30
32
32
39
43
48
42
36
31
19
9
-6
-3
7
16
26
24
21
17
11
-2
-12
-15
-16
-12
-5
5
13
10
6
1
-6
-14
-21
-22
-22
-18
-17
-16
-11
-9
-14
-19
-19
-20
-20
-15
-11
-9
-4
-3
-5
-16
-26
-28
-30
-27
-28
-33
-27
-16
-3
3
6
10
8
3
-3
-6
-5
-5
-4
-3
0
5
9
6
3
7
7
10
15
20
24
27
30
30
23
11
6
8
20
30
41
50
49
45
34
23
14
5
-3
-8
-6
-4
-2
1
6
7
13
13
5
-5
-17
-26
-33
-32
-33
-36
-38
-41
-39
-31
-23
-18
-14
-16
-19
-19
-20
-21
-25
-33
-40
-46
-52
-54
-51
-38
-24
-15
-12
-13
-14
-17
-22
-25
-24
-23
-28
-31
-29
-23
-16
-6
0
3
1
-1
0
4
8
14
17
18
14
9
6
6
17
32
43
49
50
50
44
38
36
32
29
22
19
22
27
35
42
52
57
56
48
42
39
30
24
21
21
17
11
7
10
19
24
27
30
29
22
15
12
13
8
0
-9
-23
-37
-42
-42
-35
-19
-4
1
-1
-7
-16
-27
-39
-48
-53
-53
-49
-48
-46
-42
-39
-36
-40
-42
-47
-48
-40
-31
-24
-28
-35
-41
-47
-44
-41
-33
-24
-17
-8
0
9
11
12
15
15
12
6
0
1
5
12
24
30
36
36
34
30
27
28
25
21
22
26
27
27
28
27
29
29
31
30
29
29
25
26
22
11
0
-10
-11
-9
-3
8
21
30
31
27
19
12
6
-3
-12
-20
-25
-26
-22
-13
-2
4
8
4
-8
-10
-12
-15
-21
-21
-19
-17
-19
-24
-33
-35
-28
-21
-17
-13
-11
-10
-13
-18
-20
-26
-32
-36
-39
-37
-25
-13
-3
6
17
21
12
-1
-10
-13
-13
-9
-3
5
12
14
14
14
17
22
23
25
29
30
28
29
26
23
19
13
15
14
16
19
28
39
43
47
50
46
37
25
16
7
5
5
6
17
30
33
30
24
16
7
3
0
-3
-3
-3
-6
-12
-16
-20
-23
-24
-25
-19
-11
-5
-3
-10
-26
-39
-56
-67
-71
-66
-49
-29
-13
-5
-3
-5
-11
-21
-28
-33
-34
-30
-26
-23
-20
-20
-15
-7
-1
5
11
15
20
23
24
18
10
4
-1
-5
-7
-7
0
6
13
27
32
35
34
30
24
17
11
9
7
8
12
15
16
15
14
14
15
18
18
19
21
23
25
21
18
14
9
5
-1
-4
4
14
25
29
28
20
8
-6
-17
-25
-28
-21
-15
-9
-4
-4
-9
-15
-18
-20
-19
-19
-21
-22
-22
-25
-32
-39
-44
-38
-27
-19
-12
-7
-2
2
2
-4
-19
-27
-29
-27
-17
-5
9
18
17
12
4
2
0
-2
-3
-6
-5
-4
-2
1
4
9
14
21
25
22
14
11
8
10
7
0
-1
3
9
15
18
23
30
31
31
33
31
25
19
16
18
13
9
3
0
4
14
22
21
16
5
0
0
3
14
18
18
12
-3
-23
-33
-37
-38
-32
-28
-23
-19
-11
-2
3
2
-5
-12
-27
-36
-39
-31
-24
-16
-9
-5
-4
-8
-12
-16
-15
-8
-4
-2
-4
-9
-13
-17
-20
-21
-17
-10
-3
1
7
8
9
11
8
3
-3
-13
-11
-4
3
9
15
22
20
17
13
9
9
7
11
13
15
22
19
14
12
6
3
4
9
18
25
32
34
25
15
1
-8
-18
-25
-21
-14
-1
12
19
16
11
5
-2
-13
-18
-13
-14
-15
-13
-14
-17
-26
-32
-33
-31
-20
-4
14
23
23
16
1
-12
-26
-37
-37
-28
-15
-9
-2
5
12
9
-1
-6
-6
-9
-8
-4
1
5
2
0
-6
-11
-14
-16
-11
1
13
20
19
12
4
-5
-12
-14
-8
0
8
12
18
16
11
6
5
5
7
6
6
9
9
8
4
0
-2
0
2
8
14
20
23
22
21
15
4
-6
-12
-14
-10
-5
4
10
10
11
10
10
8
0
-2
-5
-7
-7
-5
-1
2
3
-4
-12
-9
-10
-11
-5
5
9
10
1
-5
-17
-23
-19
-9
4
11
16
17
19
15
3
-7
-18
-22
-20
-18
-12
0
7
8
6
5
7
12
17
22
29
27
19
5
-9
-21
-23
-22
-13
1
14
23
28
31
28
16
6
4
0
-5
-7
-2
1
-2
-7
-8
-4
4
7
15
23
26
25
17
13
4
-4
-10
-13
-9
-8
-4
