SAMPLES:	9577
BITSPERSAMPLE:	16
CHANNELS:	1
SAMPLERATE:	16000
NORMALIZED:	FALSE
-6
-8
-11
-10
-9
-7
-7
-5
-6
-8
-9
-7
-2
0
5
6
2
-4
-2
-4
-5
0
-2
-2
-4
-2
2
3
3
2
2
-1
3
5
6
4
5
5
8
3
-3
-2
1
9
11
8
0
-3
-10
-4
6
9
11
8
6
4
2
3
1
-1
-1
-3
-4
-6
-11
-10
-6
-3
2
1
-1
0
5
11
11
11
7
3
0
-3
-1
2
2
1
0
-1
2
4
2
1
2
4
9
14
13
10
8
7
6
7
7
6
3
5
11
16
19
17
19
15
9
4
5
5
1
1
4
10
8
6
4
5
6
8
6
3
7
8
6
1
-3
-2
7
11
10
3
-1
4
5
1
-7
-10
-5
-1
3
1
1
-2
-3
0
0
1
-6
-14
-13
-7
-4
-4
-9
-10
-7
-9
-10
-7
-9
-19
-32
-35
-29
-25
-25
-17
-14
-19
-17
-15
-22
-25
-25
-27
-24
-18
-15
-13
-13
-11
-7
-3
-12
-19
-18
-23
-24
-25
-18
-8
-4
-5
-10
-10
-2
6
5
3
4
-1
-4
1
3
2
0
3
3
8
15
18
17
7
-2
1
3
7
15
18
9
5
7
9
7
-5
-7
1
2
6
11
13
11
6
1
4
10
15
15
12
10
9
7
4
7
14
14
6
1
1
5
6
4
-4
-9
-4
1
2
1
10
15
18
18
15
12
7
3
3
9
13
11
12
13
14
16
12
9
10
13
18
15
9
15
20
15
14
16
17
14
4
-3
2
6
2
-6
-7
-10
-6
5
13
17
8
-1
1
8
1
-11
-17
-14
3
1
-10
-10
-7
-6
-6
-11
-8
1
-1
-5
-5
-1
4
3
2
-3
-6
-8
-12
-11
-8
-11
-16
-15
-9
-2
-4
-7
-8
-4
3
3
-6
-10
-11
-4
-3
-7
-4
-4
-3
-4
-7
-8
-10
-5
1
0
-6
-14
-17
-11
-1
3
2
-3
-12
-10
-6
-12
-16
-15
-13
-10
-11
-12
-1
9
10
8
4
7
5
-1
-6
0
12
12
8
9
10
13
11
5
5
5
-1
-1
8
21
21
14
11
13
21
21
11
3
5
8
12
9
2
3
4
10
17
13
5
0
2
7
5
-4
-5
0
3
8
4
2
1
1
-2
-5
-1
0
1
0
-6
-5
-5
-3
-10
-15
-11
-2
8
4
-4
-5
-3
-1
4
4
1
3
-2
-3
4
1
-7
-6
2
8
11
7
3
12
14
4
0
3
3
2
-9
-10
-7
-12
-16
-15
-11
-8
-5
-9
-7
-6
-11
-9
0
5
3
-2
0
7
9
6
-1
-7
-14
-19
-15
-11
-9
-11
-13
-13
-12
-7
-6
-3
-8
-13
-16
-17
-15
-18
-15
-11
-9
-13
-16
-13
-8
-6
-11
-14
-11
-6
-4
-6
-5
1
0
1
1
1
2
-3
-5
-4
-2
-6
-13
-12
-3
0
-1
-1
1
5
3
-2
0
2
2
3
0
-7
-8
0
1
6
10
8
2
-4
-2
5
8
6
8
11
15
12
7
7
12
17
8
-1
-2
2
9
12
17
17
14
8
9
14
20
21
17
11
9
10
9
12
14
17
17
12
7
10
14
6
-2
-3
2
8
6
2
1
-1
-3
-3
-3
3
5
0
-6
-7
1
-2
-14
-18
-13
-9
-9
-11
-9
-5
-1
2
4
6
1
4
6
8
8
4
-1
2
7
7
4
-2
-8
-9
-1
3
-1
0
4
9
10
6
1
-2
0
1
3
1
6
4
2
7
10
7
3
4
2
0
-4
-6
-3
-7
-1
2
4
6
5
7
5
4
3
2
-5
-4
-3
-5
-3
-1
0
-10
-13
-10
-5
-1
-8
-12
-10
-3
-2
-4
-7
-11
-3
4
4
1
-4
-6
-6
-3
-2
-4
-4
-4
-5
-1
1
0
-2
-5
-4
-5
-3
-1
3
3
-5
-9
-12
-12
-6
-2
-2
-1
0
-4
-8
-11
-3
6
9
4
-2
-2
1
1
3
5
6
-2
-6
1
5
3
-3
-4
2
8
6
5
6
8
12
1
-9
-11
-5
3
7
4
-6
-4
-1
-1
0
-1
3
11
14
18
15
12
6
-2
-5
-8
-5
-3
-6
-9
-6
2
7
4
4
0
0
1
4
3
-6
-6
-2
-4
-7
-6
0
-1
-7
-12
-10
-6
-8
-8
-6
-10
-10
-9
-15
-18
-16
-15
-7
-6
-14
-17
-15
-8
3
-1
-12
-11
-4
4
10
7
0
4
10
10
7
0
3
11
16
14
12
11
13
15
13
6
1
3
5
6
12
20
19
13
3
-1
0
-3
-6
-1
1
-5
-12
-14
-10
-1
2
3
5
4
1
1
0
0
1
1
0
2
1
-1
7
8
1
-6
-13
-8
1
7
5
8
12
8
3
-4
-2
2
3
5
8
7
0
-2
3
6
6
1
1
11
13
11
12
10
8
7
5
3
8
13
14
14
9
5
0
-4
-5
-4
-9
-14
-15
-12
-8
-6
-5
-3
3
1
-9
-16
-14
-8
-7
-10
-12
-9
-4
0
1
4
5
4
3
-1
2
9
11
8
2
-2
-1
1
6
10
9
5
-3
-6
-4
2
0
-3
2
9
12
6
-2
1
1
-2
-2
2
7
6
3
1
4
4
4
0
-1
2
0
-2
-7
-7
-5
-10
-9
-1
5
5
2
-4
-7
-5
-3
-3
-1
-4
-12
-16
-11
-1
5
4
-3
-3
1
-1
2
4
2
2
-2
-3
3
4
1
3
10
13
14
11
10
9
2
-6
-14
-13
-4
1
1
-2
-3
-7
-7
-11
-6
3
5
-2
-13
-12
-4
3
1
-8
-7
-3
-4
-2
-4
-1
6
4
3
1
0
3
0
0
2
-1
-6
-15
-16
-9
-5
-2
2
11
13
3
-6
-7
0
3
0
-2
-1
-2
-4
-6
-1
4
7
3
-2
1
1
-3
-7
-9
-9
-3
-1
2
9
11
3
-5
-6
-4
-6
-7
-3
3
5
-1
-8
-6
1
7
2
-4
0
5
11
10
1
-4
-3
1
5
4
2
3
6
8
5
5
2
3
3
8
10
6
7
10
16
14
9
6
7
6
4
0
3
11
8
0
-4
-4
-6
-8
-2
8
10
-2
-12
-14
-6
2
2
-2
-2
-6
-8
-11
-9
-2
-2
-10
-14
-15
-17
-17
-18
-14
-6
-7
-14
-13
-5
-5
-6
-8
-10
-6
-5
-6
0
5
9
5
-3
-10
-13
-14
-13
-5
5
15
14
2
-9
-10
-1
3
2
-2
5
13
13
14
11
9
7
5
2
15
24
14
4
-7
-1
7
10
11
16
17
9
0
1
10
13
7
4
-3
-1
0
-2
-3
1
3
-2
-3
-3
-3
-7
-8
-9
-7
-9
-14
-13
-5
1
-3
-12
-14
-8
3
2
-12
-17
-15
-14
-13
-13
-9
-6
-6
-2
1
-5
-10
-8
-9
-6
-3
-4
-9
-12
-15
-16
-15
-15
-15
-11
-10
-14
-17
-11
-5
-4
-6
-3
0
-1
-3
-3
-3
1
-3
-10
-12
-8
0
7
5
0
-4
-7
1
9
8
12
10
10
12
16
15
7
4
15
30
30
17
4
2
6
7
2
-1
1
-3
-3
-2
-1
-2
-8
-12
-10
-6
-5
-14
-23
-18
-13
-20
-24
-27
-29
-22
-17
-27
-50
-63
-59
-48
-42
-45
-42
-38
-36
-34
-33
-27
-18
-19
-14
-10
-5
4
7
8
18
29
30
35
40
39
43
44
48
49
42
38
49
66
88
96
79
67
59
58
74
77
77
76
63
61
64
61
55
41
39
57
64
56
42
33
27
24
22
12
1
0
1
-6
-27
-35
-26
-23
-30
-43
-52
-50
-34
-31
-35
-44
-43
-41
-45
-37
-29
-23
-23
-23
-18
-28
-24
-14
-5
-2
-9
-2
9
28
42
40
40
38
50
63
72
67
53
43
39
56
64
67
72
76
76
78
76
69
62
58
62
67
57
43
30
23
6
-11
-25
-27
-15
-17
-25
-60
-82
-87
-103
-101
-101
-96
-94
-107
-129
-138
-122
-119
-117
-126
-131
-130
-127
-127
-139
-140
-123
-103
-92
-90
-100
-105
-98
-79
-50
-34
-26
-46
-59
-48
-34
2
24
32
35
30
40
54
74
84
98
115
140
159
160
149
142
152
160
146
129
123
117
116
123
128
119
113
106
99
75
65
61
60
56
30
5
-25
-56
-61
-70
-104
-119
-138
-146
-158
-176
-178
-175
-188
-213
-221
-227
-227
-209
-192
-200
-221
-240
-241
-233
-217
-202
-191
-191
-198
-187
-187
-161
-112
-71
-51
-43
-26
-2
25
41
74
93
121
157
199
238
234
259
276
309
360
390
364
375
401
429
446
417
423
445
395
406
410
378
387
369
376
361
306
292
289
247
258
203
154
137
80
24
-51
-140
-146
-144
-172
-178
-206
-295
-337
-338
-340
-333
-333
-305
-319
-389
-429
-438
-477
-457
-427
-456
-488
-518
-554
-575
-552
-507
-457
-456
-468
-433
-411
-385
-294
-209
-136
-102
-34
33
65
150
221
307
397
485
546
566
580
643
731
795
743
747
746
747
856
878
790
792
699
683
690
579
527
415
319
307
274
263
263
109
34
-144
-411
-443
-325
-203
-163
-355
-553
-569
-515
-555
-660
-630
-452
-347
-441
-484
-422
-408
-499
-526
-396
-257
-221
-281
-409
-399
-162
-98
-264
-400
-481
-487
-548
-600
-667
-689
-755
-735
-665
-742
-812
-825
-757
-668
-557
-535
-566
-517
-425
-300
-187
-17
139
190
285
424
658
790
877
1005
1085
1217
1238
1250
1301
1332
1458
1466
1369
1263
1137
1066
1014
934
933
956
810
774
610
547
718
610
529
457
196
-64
-198
-240
-70
-79
-364
-506
-590
-534
-488
-654
-672
-616
-589
-575
-595
-521
-385
-420
-497
-433
-398
-346
-399
-528
-513
-356
-246
-322
-483
-512
-486
-535
-625
-651
-628
-748
-958
-1021
-1016
-1037
-1117
-1332
-1293
-1086
-1003
-1173
-1429
-1322
-957
-757
-766
-684
-488
-402
-346
-62
230
415
449
479
687
1034
1354
1403
1405
1499
1685
1900
1822
1858
1884
1705
1661
1719
1812
1818
1590
1323
1319
1296
1284
1170
982
1066
1104
964
533
-524
-953
-608
109
414
-269
-1357
-1627
-1159
-900
-998
-1176
-1053
-1030
-1362
-1460
-1031
-515
-543
-719
-590
-183
89
-173
-563
-641
23
649
410
-175
-380
-81
208
122
103
242
60
-384
-666
-691
-633
-641
-728
-912
-1061
-1451
-1971
-1967
-1942
-1702
-1448
-1311
-1184
-1388
-1757
-1757
-1115
-227
30
-348
-395
-75
273
412
498
834
1121
1208
909
729
999
1558
1934
1764
1688
1917
1944
1619
1541
1752
2138
2353
2136
2083
2218
2299
2481
2414
2576
2889
2669
2241
1538
1171
1552
1548
803
114
-257
-170
-204
-940
-1660
-1811
-1581
-1583
-2046
-2328
-2012
-1768
-2133
-2240
-1824
-1334
-1304
-1796
-1640
-935
-411
-230
-465
-614
-121
496
557
337
276
610
827
448
77
54
0
-330
-693
-829
-910
-1057
-1375
-1681
-2044
-2536
-2948
-2962
-2331
-1928
-2093
-2555
-2792
-2286
-1663
-1407
-1043
-576
-394
-386
-331
139
618
831
888
960
1244
1496
1405
1181
1324
1757
1979
1821
1508
1521
1755
1881
1856
1964
2162
2051
1976
2071
2122
2461
2762
2619
2661
2237
1821
1799
1905
2329
2136
1473
463
-942
-1421
-866
16
171
-1062
-2610
-2978
-2618
-2350
-2413
-2453
-2081
-1963
-2273
-2578
-2198
-1509
-1248
-1117
-844
-241
30
-173
-301
-52
1005
1896
1597
822
419
583
888
782
602
672
420
-338
-1159
-1543
-1397
-1642
-2291
-3011
-3202
-2715
-2456
-2657
-3164
-3389
-3235
-2739
-2332
-2328
-2191
-1701
-949
-396
-278
-126
153
385
671
1026
1391
1925
1981
1944
2140
2484
3024
3104
2764
2519
2663
3178
3611
3422
3142
3010
3278
3437
3085
2880
2803
2952
2966
2549
2383
2708
2832
2301
1647
1218
560
-1389
-2444
-1373
529
924
-1470
-4102
-4165
-2343
-1543
-2509
-3191
-2356
-1554
-2374
-3127
-2064
-419
-264
-1185
-1211
-42
844
433
-347
-212
1316
2579
1860
122
-549
325
1107
585
-150
-190
-197
-986
-2040
-2365
-1864
-1791
-3498
-5386
-4966
-2891
-1892
-2803
-4530
-5389
-4378
-2632
-1910
-1953
-1744
-1362
-1195
-775
23
566
641
632
892
1558
2441
2629
2227
2086
2579
3443
3503
2732
2365
2468
2978
3683
3913
3469
2721
2780
3544
3718
3633
3195
3053
3485
3537
3319
2707
2518
2947
2919
2135
1395
1109
-75
-2461
-2674
-526
1500
385
-3597
-6059
-4200
-1276
-1329
-3924
-4635
-2601
-1683
-2953
-3865
-2498
-630
-882
-2138
-2049
-277
966
390
-805
-352
1950
2924
1189
-617
-261
1463
2108
904
-334
-262
22
-563
-1766
-2130
-2505
-4418
-4986
-4081
-2982
-2955
-4986
-6287
-4817
-2660
-2730
-4153
-3708
-1768
-1301
-1586
-817
237
827
428
-228
739
2814
3441
2182
1408
2621
4677
4612
2652
2055
3305
4457
4253
3277
3319
4227
4268
3730
3545
3955
4358
3757
3269
3695
4256
4051
3418
3102
4432
4744
2799
1378
1340
457
-2096
-2780
-841
2123
1342
-3988
-7739
-6132
-2117
-1506
-4655
-5990
-3653
-2011
-3626
-5407
-3964
-619
-542
-2720
-2927
-784
965
511
-800
-361
2253
3703
2184
-326
-813
1340
2871
1679
243
215
439
-330
-1768
-2393
-2005
-1989
-4946
-7197
-5966
-4484
-3540
-4518
-5946
-5715
-5262
-5188
-4538
-3164
-1651
-1466
-1974
-1009
-158
312
706
710
1699
2778
2746
1938
2089
3447
4490
4275
2962
2801
3685
3960
3560
3443
4037
4713
4455
3579
3563
4286
4517
3853
3328
4054
4411
4116
4060
3865
4419
4801
4411
3835
2914
1756
-1488
-3817
-1907
1837
3503
-409
-6535
-8268
-4806
-1595
-2513
-5420
-5246
-2989
-3267
-5461
-5795
-2672
-393
-2182
-4004
-2536
376
768
-893
-1398
1050
4015
3526
612
-1062
493
3115
3274
1350
519
1152
835
-1063
-2548
-2102
-1083
-2511
-6039
-7532
-6128
-4286
-4695
-6094
-6168
-5364
-5339
-6141
-5429
-3056
-1476
-1673
-1567
-590
15
102
6
1046
2700
3320
2477
1788
2857
4344
4658
3730
3287
3966
4338
3939
3501
4194
4916
4622
4078
3956
4391
4453
3536
3207
4173
5579
5575
4681
4378
4297
5137
5442
5164
5327
4542
3291
326
-4153
-3876
529
4496
2860
-4744
-9909
-7569
-3083
-2326
-5368
-6353
-3624
-3138
-6369
-7691
-4338
-820
-1695
-4559
-4186
-384
1174
-783
-2556
-673
3882
5289
1895
-1451
-750
2476
3952
2148
565
1279
1630
-453
-3096
-3380
-786
-739
-5305
-7852
-7173
-5736
-5444
-7654
-7764
-5095
-4711
-6409
-7220
-5553
-2709
-1531
-962
-384
-766
-751
-441
659
3102
4430
3162
1637
2106
3785
5064
4537
3412
4014
4963
4348
3367
3413
4656
5542
4229
3262
4304
5355
4963
3360
2976
4890
6530
5032
3719
5060
6358
7163
5907
4314
4931
5247
4481
-743
-5911
-3167
3476
6568
1377
-8185
-11147
-5532
-1427
-3376
-7135
-6071
-2533
-4331
-8898
-8405
-2645
63
-3346
-6505
-3846
1335
1314
-2194
-2750
1452
5914
4795
-11
-2015
855
4262
3908
1227
681
2244
1657
-1377
-3395
-1942
340
-442
-5369
-9825
-10208
-8752
-6298
-4430
-4164
-6391
-10307
-10714
-6715
-3294
-1993
-1646
-1545
-1677
-2168
-1362
1115
3259
3684
2179
1170
2911
5279
5321
4194
4364
5580
6350
4998
3386
3807
5361
6302
5084
3790
4807
6157
4892
2586
2178
4174
6537
6171
3880
3035
4950
6441
7272
6465
5039
4215
3235
1908
-2784
-4916
-1038
4600
4869
-3034
-11411
-10402
-3157
-659
-4561
-7456
-4797
-2661
-5803
-8785
-6101
-537
-260
-4582
-6095
-2211
1617
394
-2243
-1087
3125
5186
2257
-1686
-1254
2846
4947
2799
486
1322
2372
201
-2890
-3069
-474
1011
-1540
-5188
-6122
-6243
-7955
-9670
-7986
-4314
-3844
-6930
-9159
-8184
-5142
-2442
-1371
-996
-1078
-1667
-1714
356
3863
5330
3386
691
935
3483
5153
4872
3767
4230
5414
5030
4049
3593
4790
5905
5143
3747
4039
5415
4495
3357
3594
4659
5985
5367
3538
4123
5859
7516
8039
7169
5786
4958
4780
4953
-182
-6612
-4772
3320
8935
2788
-9920
-14365
-6968
-320
-2519
-7661
-6756
-2635
-5180
-11040
-9415
-1261
1796
-4451
-9509
-5747
1197
1825
-2386
-3317
1418
6088
4083
-1523
-2489
2479
6548
4355
368
755
3490
2716
-1518
-3600
-1064
1935
377
-4179
-6622
-5954
-7584
-10672
-9347
-4867
-2843
-6189
-10740
-11011
-7021
-3249
-1744
-1493
-1657
-2900
-3671
-985
3701
6006
3740
14
-270
2976
5487
5100
4107
4715
5963
5336
3408
3359
5155
6738
5206
3187
4073
5449
5468
3091
1987
4147
5879
5135
4186
3649
4743
6764
6702
6919
7575
6790
4930
3513
-1414
-5870
-2825
4698
8907
2732
-9196
-13876
-7599
-305
-699
-6295
-7286
-4073
-4973
-9090
-8452
-2089
811
-4095
-8661
-5649
93
1181
-1505
-2225
1674
5392
3508
-1014
-1741
2392
6132
4494
939
1341
3373
2496
-986
-2811
-536
1879
147
-3981
-6233
-6286
-7209
-9412
-8334
-4479
-3844
-7548
-10980
-9896
-5836
-3240
-2865
-2392
-2060
-2856
-3205
-903
3596
5629
2967
-316
-142
3186
5632
4979
3963
4967
6073
5353
3916
3948
5361
6442
5539
3685
4154
5415
4610
2977
2004
3349
5925
5280
4458
5157
5443
5537
5156
6337
9489
10066
6194
1484
-5202
-7496
-819
7185
9663
2238
-10289
-15054
-8269
-547
177
-4838
-6827
-5132
-6616
-9469
-7420
-1561
-45
-5224
-8820
-5310
-314
195
-2051
-1870
2326
4955
2331
-1428
-1122
2941
5585
3663
1624
3165
4469
1887
-2260
-2944
586
2888
431
-4197
-6637
-7938
-9986
-10234
-6593
-2162
-3368
-10119
-14448
-10994
-4476
-1778
-2303
-2519
-2830
-3914
-3498
48
4711
5749
1734
-1593
296
4773
6946
5564
4249
5479
6588
5438
4146
4928
6528
6786
5072
4497
6570
6869
4099
1261
2064
5183
7484
6311
3943
4686
6731
7232
5486
6534
8200
7458
3796
-5558
-9835
-1863
8366
10390
707
-12658
-14214
-6211
-1382
-2842
-6111
-4288
-2890
-8380
-12376
-7426
625
424
-7271
-9976
-3600
2032
46
-4414
-3212
3693
6873
2507
-2427
-1496
3769
5928
2548
348
3551
6145
2349
-3741
-4188
1009
3947
209
-5642
-8359
-9095
-9363
-8530
-5332
-2202
-5106
-11948
-13456
-8604
-3712
-2039
-2330
-2469
-2762
-3272
-2141
1018
4327
4490
1502
585
3249
5910
5714
4403
5140
7291
7351
5130
4356
5886
7562
6466
4254
4795
7385
7344
3511
511
2176
5871
7717
5954
3213
4119
6446
6889
7183
6479
5428
3136
-5741
-9920
-2459
7436
10666
496
-13520
-14588
-5870
-234
-2986
-7688
-4706
-1832
-7214
-11626
-7261
482
-176
-8280
-9704
-2272
2634
92
-4800
-4073
2726
7003
4195
-424
-621
3232
4258
1281
1330
5056
6247
1186
-5469
-5603
-293
2382
-855
-7033
-9860
-7909
-7017
-6945
-4730
-4094
-7291
-10596
-9704
-5378
-2432
-2251
-2726
-2619
-1561
-133
647
1781
3107
2967
2644
4047
6167
6807
5451
4461
5890
7945
7970
6752
5939
6456
7019
6243
5528
5276
6275
6867
4524
1999
3029
5888
6887
5239
3874
5625
6862
7343
6681
4210
-3575
-11574
-6579
5012
12458
6623
-9936
-17275
-9533
-1695
-1332
-5344
-4555
-1879
-7612
-13377
-9264
110
1903
-6671
-11357
-5589
949
384
-4064
-4773
992
5351
2865
-1435
-1113
3071
4809
1230
-1068
3572
7787
4159
-3192
-5753
-1147
3937
2490
-2458
-6263
-8874
-9795
-8397
-3616
1167
-2693
-12781
-15467
-9354
-3622
-1999
-1974
-2229
-4280
-5755
-3416
1313
4870
4122
261
-730
2651
6374
6493
3752
3723
6334
6371
4610
4532
5880
6802
5673
4236
5517
8186
8316
4969
2050
3097
6402
7127
6172
6373
7136
7295
4819
4440
10146
12717
8660
-3065
-14868
-9047
6858
15332
8803
-8967
-17956
-11682
-5380
-3881
-5017
-2840
-782
-9057
-17192
-11625
292
2558
-7331
-13322
-5631
2385
394
-5524
-5445
1985
7276
4081
-1095
26
4715
5690
1034
-991
5289
10768
6087
-3884
-7202
-1228
3500
-1994
-9413
-8492
-3520
-3474
-8593
-10771
-7012
-4775
-8169
-10681
-7887
-3226
-2628
-5139
-4317
-839
793
-629
-1915
719
4471
4676
3695
4162
6039
7254
5828
5388
7095
8001
7025
4990
4809
6983
7774
6028
4501
5509
7157
5828
3420
3310
5245
7085
6649
5306
6248
6821
7586
8425
6470
3343
-6350
-12706
-3561
8799
12152
1913
-13648
-16232
-9106
-4562
-4454
-5538
-1871
-1783
-10699
-15741
-8628
2045
1442
-8548
-10759
-2282
2881
-1192
-6008
-2918
4696
6839
1968
-430
2545
4909
3198
-1222
-10
7759
9680
2200
-5875
-6335
-1716
-1155
-4914
-6741
-5423
-4920
-7934
-11106
-8781
-4535
-5189
-9310
-10030
-6362
-3752
-3700
-2845
-666
-250
-1558
-1897
734
4445
5202
3390
3429
6088
7536
6109
4765
6215
8099
7073
5024
5221
7019
7773
5881
3620
4528
6974
6678
4282
3626
5072
6684
6165
4645
5992
8981
9215
6644
4234
4043
2882
-5234
-8712
-531
8573
8610
-2875
-14198
-12792
-5714
-3288
-5719
-6584
-2366
-3107
-11409
-14880
-7290
2021
-117
-8683
-8917
-1635
1366
-2245
-5078
-775
6001
6578
1844
-1026
877
4631
4848
1352
1705
6215
6002
-490
-6302
-7076
-3456
-1224
-3249
-5137
-6006
-8153
-11187
-11217
-6346
-2807
-5021
-8166
-8491
-6669
-4520
-2549
-261
407
-1202
-2306
-975
2643
6056
5837
4239
4789
6246
6220
5339
5922
7840
8042
6043
4943
5414
6363
6139
4745
4588
5405
6426
6529
4566
3431
4395
6661
8058
8251
8510
7430
5568
4256
4554
1794
-6294
-8142
-518
7221
6784
-4230
-13709
-12380
-7218
-5278
-7041
-5678
-1216
-4133
-12970
-15141
-6267
2067
-1765
-9372
-7999
-1223
1050
-2539
-3799
1306
6329
5187
1071
279
2997
5326
3167
-332
2268
7234
5910
-2063
-9787
-9304
-3734
-890
-1704
-4826
-8028
-10919
-12942
-10528
-5143
-2258
-3910
-7719
-8896
-6433
-3529
-987
1021
1013
-429
-1849
-398
4628
7918
7395
6063
5682
6596
7016
6658
7904
9097
8315
6951
5785
6419
7857
6546
4327
3796
5226
8063
8123
5341
3795
4481
6982
8770
8282
8121
6923
3906
1018
-5700
-10263
-4464
4568
8220
849
-11882
-15131
-10313
-6567
-6457
-6788
-2223
-455
-8457
-15651
-11366
-1168
1171
-5605
-8365
-2820
1014
-1745
-5033
-1998
5031
7236
3008
-330
992
4481
4961
667
-5
5285
7377
2250
-6419
-10459
-6068
-2208
-3586
-4582
-4808
-7194
-11514
-13494
-8843
-3149
-3076
-6023
-8026
-6859
-3811
-2552
-1042
1640
2380
828
-1199
354
5408
7809
7137
6901
7658
8162
6811
5399
6877
9603
10422
8812
6625
6153
6774
6591
5352
5085
7368
8559
6561
4525
4637
7225
9440
8607
8383
7925
5819
1078
-9565
-13314
-2903
8892
10968
-1574
-16099
-16992
-11117
-7554
-7388
-5080
1392
-788
-13126
-18924
-10240
1639
1133
-7243
-7624
-1266
13
-4994
-6749
-256
7704
7567
1073
-1496
1414
4625
3879
-82
1165
7286
7499
-109
-8151
-10165
-5940
-2510
-3937
-5366
-5665
-8857
-13024
-13191
-8066
-2944
-3575
-6310
-7506
-7014
-4627
-2438
252
2995
2532
390
-842
1137
5757
7465
6946
8140
9050
7908
6310
6257
8420
10107
9056
7926
8214
7721
6696
5462
4360
6234
8725
8743
6346
4249
6162
8525
7785
7760
8817
8886
5611
-6191
-16005
-10126
5071
14204
5937
-11674
-18567
-14715
-10356
-8700
-6344
1095
3024
-8647
-19694
-15721
-2011
3441
-4157
-8555
-2545
1992
-2216
-8207
-5082
5379
9986
4590
-1028
-378
3265
3824
19
-596
5130
8441
3496
-5075
-10446
-9008
-5243
-4583
-4251
-3267
-5736
-11948
-16074
-12568
-5551
-2362
-2960
-5642
-7601
-6910
-4744
-458
3486
3370
932
-1345
167
5558
8215
7607
7421
7822
7918
6856
6822
9456
11053
9517
7614
7313
8601
9363
7625
5438
5449
7690
9649
8247
5697
6581
8620
9226
8451
6876
6450
1265
-10056
-12811
-3435
8396
10285
-2637
-14472
-15196
-12193
-10865
-10308
-3370
4833
-678
-14337
-18608
-8955
1455
-563
-6407
-3938
832
-660
-5833
-5817
2229
8651
5976
283
-1484
1420
4701
2439
-654
2100
5784
3835
-3083
-7425
-5932
-5217
-7298
-8038
-5595
-3036
-6910
-13825
-13645
-7637
-4083
-4939
-5811
-4585
-4346
-5701
-3972
1736
5606
3698
-869
-1695
2738
6569
6968
7304
8680
8493
5895
4406
6955
10436
10770
8487
6725
7201
8271
8098
7261
6744
7222
8276
7927
6827
7130
8370
8328
7760
7591
7751
3481
-7997
-13565
-4983
7745
11302
619
-12393
-14802
-11837
-10759
-10467
-4401
4433
1319
-12689
-19726
-11146
885
673
-6104
-4979
1157
753
-6101
-7724
637
8636
6984
375
-1816
1014
3673
1914
-900
1654
6171
5229
-1681
-7533
-7188
-5095
-5692
-7229
-6734
-4353
-6122
-12415
-13998
-8830
-4296
-4621
-6292
-5515
-4460
-5044
-4367
48
4952
4948
754
-1471
1596
6118
7147
6654
7856
8525
6545
4604
6091
9618
10832
8659
6612
6949
8073
8670
8202
7408
7335
6918
6650
7133
7601
8894
8889
7564
6813
6317
3172
-6991
-13788
-6161
6695
11354
2005
-11781
-14632
-11222
-10234
-10341
-5265
4121
2984
-10855
-19244
-11940
447
1503
-5748
-5861
357
826
-5847
-7845
305
8841
7383
-391
-3317
-49
3666
3171
-765
-369
4029
4149
-1077
-6678
-7420
-5310
-6022
-7765
-7380
-5410
-5986
-11311
-13964
-9599
-4881
-4485
-6175
-6428
-5362
-4865
-3422
798
4802
4318
523
-1449
1548
6240
7291
6814
8272
8733
6498
4315
5883
9987
11175
9161
7302
7203
8246
8279
7143
6730
7506
8578
8700
7240
6551
8121
9710
9098
6671
5639
1510
-9543
-14576
-5136
9501
13465
-246
-15306
-16482
-10933
-8661
-9023
-2759
6374
1783
-13767
-19788
-8899
3289
1529
-5798
-4374
1590
116
-6831
-6547
2803
10008
6838
-130
-1671
686
2703
1233
-963
2106
5890
3583
-3351
-8635
-7878
-6081
-7198
-7671
-6235
-4976
-7711
-13518
-13743
-7554
-3502
-4452
-6220
-5566
-4787
-5660
-3862
2063
6585
5114
-146
-1943
2235
6372
6761
6943
9135
9981
7120
4135
5677
9420
10372
8739
7255
7432
8308
7967
6879
6665
7050
7750
8568
8078
7480
7999
8266
8033
7288
6644
843
-11221
-14592
-3568
9823
11469
-2163
-14575
-14594
-11203
-11120
-10512
-1561
7706
521
-16062
-20022
-7282
3644
-386
-7370
-3497
3295
-195
-8260
-6399
4231
10357
5645
-829
-543
2336
2605
-321
-1452
3187
6923
3539
-3984
-9405
-9677
-7172
-5496
-6083
-7024
-7667
-10497
-12913
-10803
-6725
-5096
-5290
-5256
-5837
-6340
-4504
-591
3105
4073
2377
694
1008
3091
4835
5718
7873
10104
9020
6139
5686
8134
10110
9243
7493
7947
8991
8288
7050
6984
7792
8062
7730
6977
6252
7349
9521
10141
8418
6352
3594
-5667
-14887
-11360
3128
14235
7910
-9900
-18562
-14171
-9075
-10020
-7921
3188
7555
-5664
-20563
-17088
-684
5703
-2813
-7602
-794
3611
-3131
-9049
-2594
8704
10624
3180
-1621
276
3208
2221
-1214
133
6121
7304
763
-7117
-10416
-9128
-6649
-6008
-6347
-5569
-6949
-12268
-14818
-11065
-5529
-3514
-4499
-5275
-5767
-5894
-4335
-460
4038
5328
2234
-784
323
4147
6035
6253
8451
10350
8737
5933
5777
8521
10515
9345
7684
7812
8446
8262
8054
8121
7473
6762
7089
7954
8848
9348
8949
8195
7506
4607
-4824
-14699
-12365
1588
12532
7929
-8108
-17566
-14462
-10145
-11144
-9219
2089
8890
-3379
-20217
-18419
-2170
5422
-2732
-8441
-1085
4838
-2190
-10278
-4831
7980
11466
3696
-1900
966
4493
2391
-2051
-738
6306
8469
2416
-4960
-8242
-8453
-8618
-7823
-5521
-3909
-5688
-11735
-15316
-11347
-5929
-4422
-5212
-4546
-4003
-6226
-6695
-1619
4897
6401
1875
-1785
968
5498
5995
4749
6835
10536
9917
5981
5224
8603
11097
9449
6632
7119
9776
10081
8208
7038
6919
7037
7342
7769
8536
9641
10412
9152
6599
4390
-3040
-13296
-13548
-634
12485
10727
-5874
-18843
-16855
-10152
-9428
-9646
-569
8544
-475
-19299
-21710
-4717
7475
105
-9756
-4489
4643
520
-9711
-7236
6752
13053
4973
-3018
-533
5156
4632
-816
-1540
5552
9417
3749
-4508
-7697
-5858
-5439
-7489
-7361
-5626
-5578
-9375
-13797
-11786
-6102
-4271
-6543
-7703
-5425
-4298
-5523
-3482
2466
6040
3035
-2324
-1641
4191
6499
4516
4671
8442
10149
6733
4066
6761
10687
10346
7145
6121
8046
9138
7813
7134
8486
9433
7664
5531
5618
7950
10521
11502
9474
6886
480
-11855
-17387
-7097
10503
16158
2471
-15907
-19809
-13035
-9431
-10537
-4664
7774
6436
-12899
-25130
-13633
4714
5094
-7011
-7997
2135
3803
-6884
-11781
-335
12296
9959
-267
-2864
2389
4833
372
-3275
2274
10047
8680
-750
-8065
-8745
-7304
-7169
-6418
-4132
-3326
-7313
-14083
-15109
-9242
-3850
-3302
-5159
-5251
-5223
-6626
-5293
570
6067
5284
-481
-3209
990
5752
5691
5001
7688
10331
8461
4600
5385
10021
11849
9299
6725
7739
9686
9259
7623
7519
8511
8467
7390
6736
7836
9630
10317
8769
6454
400
-10431
-15518
-7015
8453
14064
2089
-14643
-19108
-13434
-9183
-9280
-4652
5873
5540
-10878
-22796
-13958
3072
5611
-4834
-7407
1002
3108
-5728
-10510
-935
11298
10334
741
-2684
1595
4620
1518
-2207
1907
8807
8232
111
-6955
-8170
-7620
-7408
-5469
-2276
-1908
-7501
-15289
-15987
-8928
-2913
-2675
-4901
-4864
-5233
-8009
-6777
866
7753
6525
-958
-4214
850
6034
5843
4655
7223
10297
8223
3648
4171
9517
12223
9509
5821
6613
9797
9698
7505
6985
8379
8728
7186
5998
6990
8812
9416
7801
6263
1361
-9984
-16677
-8828
7634
14332
2417
-14659
-18418
-12831
-10217
-11159
-5382
6813
6570
-10928
-23220
-14262
2492
4945
-4881
-6697
1767
3592
-5556
-10860
-2000
10312
10477
1775
-1886
1586
4235
1458
-2324
1081
8061
8937
1992
-6007
-8514
-7054
-6411
-6379
-4983
-3497
-5391
-11252
-14377
-11223
-6086
-3525
-3987
-4372
-4476
-6029
-5898
-1188
4753
6149
1993
-1289
940
4352
4868
4993
7390
9963
8879
5635
5474
8591
10543
9466
7591
7965
9782
9572
7728
7328
8652
9090
7584
6193
7426
9486
9946
8189
6419
1714
-9576
-17717
-10405
7660
16488
4308
-16299
-21826
-13361
-8162
-10270
-7043
5522
7986
-9702
-25170
-17140
2500
7047
-4831
-9704
-563
4400
-4017
-11444
-4017
9351
11590
2565
-3000
382
4498
2591
-2079
51
7479
9650
3239
-5611
-10159
-9564
-6941
-4328
-2431
-2611
-6623
-12977
-14996
-11013
-5868
-3217
-3023
-3525
-5406
-7855
-6642
-625
5225
4963
-49
-2240
1366
5076
4657
4118
7042
10086
8587
4931
5310
9524
11737
9627
6900
7740
10368
10751
8467
6633
7537
9244
9441
8195
7436
7809
8570
8045
6351
-770
-12402
-16273
-5548
10162
13355
-1023
-16943
-18045
-11914
-10172
-10858
-3153
8634
4659
-14404
-23881
-11555
4678
4135
-6087
-6422
1853
2534
-6111
-9129
360
10526
9145
729
-1885
2278
5096
2293
-1342
1712
7952
9029
2645
-5581
-9748
-9426
-6958
-4108
-1342
-891
-5621
-12950
-15323
-11154
-4931
-1566
-1568
-3011
-5769
-8084
-6430
-36
5668
4954
-29
-2016
1159
4152
4253
4865
7642
9543
7681
4810
5569
9037
10819
9407
7428
8004
10021
10564
8448
6375
6908
9093
9985
8718
7418
7609
8331
7326
3773
-4774
-13130
-12108
-351
11079
9103
-6318
-18203
-16539
-10137
-8630
-8944
-1360
6423
-706
-16724
-20801
-7342
4978
1670
-6969
-5646
954
164
-6370
-6843
1947
9100
6373
-646
-2131
1584
4295
2186
5
2776
6777
6525
615
-6203
-9544
-8681
-5649
-2531
-476
-1585
-6862
-12835
-13497
-8897
-3515
-1145
-1526
-3233
-6332
-7861
-4565
2015
5793
2790
-2015
-1638
2200
4195
3890
4887
7776
8428
5826
4273
6321
9000
9005
7264
6694
8408
9657
9178
7310
5673
5760
7514
8998
9384
8250
6507
6151
6068
3104
-5818
-13377
-10013
3560
12401
6032
-10121
-17693
-12556
-6943
-8084
-8442
133
6096
-3085
-17929
-18592
-4208
5453
115
-7618
-5507
364
-712
-6219
-5476
2821
8578
5376
-1283
-2699
1201
4656
3458
1438
2871
5814
5721
240
-7413
-10477
-6845
-1308
1446
-250
-4919
-9118
-11021
-9963
-6420
-2261
469
-538
-4930
-8377
-7225
-1261
4538
4458
-143
-2689
68
3686
4058
3659
5657
8000
6922
3710
3845
7449
9972
8831
6366
6435
8488
9298
7950
6083
5488
7038
8512
8897
8576
7036
5869
5937
5592
477
-8479
-12509
-4652
7904
10873
-451
-14379
-16103
-9974
-6610
-8428
-5366
2893
2716
-9694
-19652
-13676
-62
3956
-3097
-7747
-4356
-911
-3302
-6132
-2270
5134
7463
2346
-2537
-1721
2607
4630
3140
2660
4342
5978
3412
-3524
-9112
-8659
-3600
1113
1477
-2895
-7978
-11075
-11000
-8190
-4451
-1135
-1039
-3994
-7625
-8813
-4842
1579
4380
1667
-2469
-2162
2065
4595
4409
5001
7207
8104
6106
4613
6555
9650
10383
8552
7377
8710
10293
9876
8014
6799
7825
9328
9544
9399
8610
7691
7806
7900
5946
-1871
-11823
-13344
-2030
11284
11402
-3848
-17685
-17508
-10514
-7587
-8160
-2690
4192
-381
-14936
-21856
-12256
1039
2918
-4242
-7777
-5011
-3025
-5042
-5535
-249
6006
6416
954
-2788
-1376
2537
4366
3876
3967
5301
5368
651
-6315
-9860
-6817
-127
3828
1683
-4843
-10990
-13094
-9920
-5062
-1310
-732
-3036
-6172
-9207
-8717
-3315
3216
4665
-187
-4439
-2117
3489
5916
5292
5738
7814
7720
5308
4725
7771
11015
10669
8380
7592
9085
10014
9336
7577
6993
8056
9545
9822
8882
6863
6284
7976
8935
4959
-5678
-14506
-11645
2163
12472
7921
-8417
-18498
-16276
-10095
-8200
-7084
-850
2917
-4751
-17727
-20139
-9073
1320
568
-6093
-8416
-5988
-4528
-5275
-4417
359
4932
4583
248
-2409
-912
2661
4242
4041
4652
6061
5222
-324
-6580
-8244
-4101
1652
3796
507
-5479
-10376
-11595
-8057
-3648
-811
-1643
-4419
-7032
-8827
-7213
-1987
2984
2881
-1719
-4214
-988
3553
5074
4972
6197
7653
6760
4748
5381
8908
11227
10288
8281
8038
9344
9460
8273
7224
7777
9439
10562
10001
8104
5833
5620
8087
10215
7337
-3698
-14437
-13320
567
12945
9551
-7323
-18430
-15819
-8787
-7239
-8182
-2995
2243
-3052
-14843
-18741
-9787
54
139
-5548
-7533
-5137
-3151
-3934
-4632
-1657
2975
5088
3016
-216
-994
1294
3369
3895
4446
5840
5762
816
-6118
-8934
-4589
2321
5025
996
-6081
-10671
-10015
-5922
-2605
-1288
-1987
-3453
-5828
-8223
-7117
-1766
3060
2108
-2575
-3914
67
3763
3837
3361
5209
7428
6838
4841
5367
8304
10189
9421
8020
8066
8834
8362
6726
5298
5684
8011
10240
10034
7038
3435
2283
5063
8535
9394
3139
-7933
-14128
-8396
5415
12592
3668
-11358
-16849
-11539
-5163
-5436
-5747
-1908
-333
-5916
-13342
-13555
-6826
-1917
-2687
-5238
-6079
-5240
-4374
-4636
-4258
-2046
1000
2899
2008
-615
-1829
-544
1872
3826
4846
4812
2428
-1671
-4919
-4320
-313
3291
3124
-1002
-5844
-7755
-5849
-2783
-966
-1144
-1938
-2915
-4883
-6113
-4460
-450
1901
569
-1484
-850
1512
2514
2364
3266
5520
6802
5762
4517
5007
6578
7233
6643
6211
6533
6246
4924
3482
3752
5773
7585
7128
4542
2005
1706
3677
5857
6917
6511
3269
-3411
-9135
-7926
1102
9778
8412
-2394
-11439
-11373
-5628
-2156
-2325
-2244
-1356
-2481
-6401
-9687
-9217
-6034
-2864
-1697
-2973
-5465
-7098
-7035
-5891
-3828
-962
1579
1645
-906
-3717
-3707
-853
2394
4075
3783
1886
-1011
-3147
-2690
351
3137
3116
578
-2441
-3914
-3492
-1633
95
606
24
-1012
-2171
-3383
-3588
-1833
1013
2647
2070
524
-102
513
1419
2344
3415
4278
4238
3306
2521
2453
2932
3976
4866
4379
2509
717
697
2690
4549
4916
4019
2777
1743
996
1391
3138
4437
4452
3736
3106
2970
2621
600
-2680
-3699
295
6132
7430
2381
-4086
-6243
-3454
-113
1051
491
-801
-2380
-3761
-4435
-4495
-4592
-4575
-3846
-3244
-3879
-5329
-5911
-4900
-3520
-2828
-2653
-2335
-1754
-1360
-1202
-1289
-1725
-1871
-496
1685
2521
1256
-1134
-2259
-1048
1064
2350
1856
348
-382
153
1063
1172
321
-149
241
668
455
-21
-85
168
152
-64
185
758
1017
699
96
-40
284
720
1086
927
278
-186
-1
657
1027
810
232
-344
-510
-191
478
829
578
110
-22
103
133
71
153
582
1184
1627
1718
1426
979
1118
1892
2490
2207
1412
1087
1548
2359
2751
2323
1432
756
567
772
979
949
936
1071
1184
1054
569
-49
-565
-895
-831
-185
541
465
-610
-1911
-2268
-1365
18
581
-210
-1601
-2408
-2040
-1179
-645
-329
56
81
-768
-2138
-2784
-2096
-957
-485
-905
-1704
-2327
-2679
-2910
-2769
-2208
-1670
-1544
-1830
-2186
-2212
-1875
-1471
-1312
-1431
-1370
-989
-530
-311
-413
-547
-553
-393
-283
-325
-391
-196
132
133
-177
-336
-50
243
153
-4
364
1066
1282
793
253
380
1057
1547
1477
1091
824
805
1072
1392
1556
1575
1532
1476
1327
1231
1351
1698
2009
2125
2073
1990
1844
1652
1716
2133
2642
2772
2347
1748
1469
1605
1978
2236
2055
1567
1135
926
795
653
697
1034
1262
793
-167
-785
-646
-171
-71
-354
-638
-765
-1020
-1499
-1864
-1767
-1274
-954
-1151
-1760
-2286
-2326
-2158
-2247
-2583
-2728
-2396
-1866
-1700
-2183
-2895
-3217
-2959
-2369
-1838
-1656
-1854
-2163
-2395
-2414
-2057
-1524
-1330
-1526
-1697
-1476
-1037
-788
-718
-532
-218
15
-13
-65
46
145
133
165
360
589
728
726
629
361
156
420
1086
1646
1688
1356
1133
1157
1241
1463
1985
2458
2337
1802
1476
1634
2026
2247
2257
2164
2048
1898
1773
1869
2129
2497
2812
2720
2050
1298
1236
1934
2607
2542
1944
1451
1374
1379
1146
894
961
1209
1195
729
69
-346
-308
-36
42
-207
-625
-896
-926
-821
-844
-1102
-1360
-1482
-1538
-1652
-1741
-1651
-1573
-1860
-2433
-2723
-2496
-2175
-2160
-2357
-2424
-2439
-2643
-2842
-2627
-2086
-1693
-1671
-1875
-1973
-1938
-1865
-1742
-1566
-1354
-1166
-1022
-1016
-1238
-1475
-1272
-540
68
-22
-449
-502
-22
495
672
704
803
821
677
637
889
1203
1243
1070
961
1032
1203
1232
1080
969
1248
1832
2141
1768
1034
723
1084
1664
1867
1619
1221
869
612
548
701
994
1217
1142
798
504
496
675
849
963
1017
902
621
328
214
380
610
670
539
288
45
-97
-78
89
295
375
249
-81
-482
-579
-215
313
468
24
-597
-844
-582
-107
211
199
-119
-567
-954
-1020
-715
-301
-149
-417
-842
-1170
-1326
-1230
-889
-618
-594
-699
-814
-950
-1168
-1210
-783
-229
-134
-585
-1121
-1265
-995
-573
-313
-321
-519
-747
-876
-887
-692
-236
291
452
16
-626
-830
-443
86
334
295
139
-59
-374
-668
-599
-142
386
631
480
98
-213
-234
50
448
660
605
462
355
211
90
84
197
370
455
429
422
401
281
159
236
597
948
904
563
318
362
482
416
319
465
797
914
619
257
166
287
464
580
596
569
542
546
505
324
115
156
425
598
515
332
263
249
183
214
426
546
367
32
-112
49
255
292
142
-113
-392
-535
-472
-325
-285
-322
-292
-267
-483
-848
-965
-718
-358
-216
-347
-609
-873
-1067
-1044
-794
-427
-176
-281
-676
-1014
-1023
-732
-361
-196
-272
-456
-636
-753
-755
-617
-419
-239
-197
-301
-480
-581
-510
-324
-133
-32
-9
-83
-201
-204
-9
284
411
190
-164
-297
-95
280
575
629
487
277
169
225
306
382
584
837
901
615
212
154
440
675
686
698
809
810
603
410
483
696
833
820
745
699
671
653
633
587
512
514
612
610
441
296
374
561
564
335
105
14
56
155
234
272
163
-126
-361
-360
-182
13
56
-57
-204
-308
-272
-160
-131
-184
-211
-186
-218
-325
-421
-385
-288
-324
-470
-587
-586
-602
-701
-737
-576
-396
-442
-657
-743
-567
-388
-419
-657
-782
-684
-583
-524
-515
-566
-640
-747
-715
-550
-478
-520
-597
-568
-422
-387
-434
-333
-144
-63
-170
-281
-189
23
149
182
191
175
156
167
273
409
483
499
513
515
447
362
411
562
677
701
629
497
345
266
404
671
789
716
539
401
358
313
280
350
479
576
567
405
171
9
70
337
520
465
233
63
39
17
-17
14
126
223
122
-131
-295
-305
-219
-126
-35
71
58
-158
-389
-415
-233
-7
-31
-254
-412
-454
-355
-242
-226
-284
-374
-453
-462
-454
-445
-380
-327
-325
-411
-478
-430
-368
-395
-473
-471
-346
-212
-203
-283
-350
-394
-321
-143
31
70
-13
-65
-27
26
53
99
184
284
265
212
257
372
397
260
124
175
389
558
555
401
255
232
285
372
409
381
319
231
184
213
284
337
230
152
368
531
319
-11
-69
249
618
631
251
-255
-264
406
914
669
-164
-724
-163
914
1200
289
-957
-965
426
1422
889
-673
-1385
-466
782
878
-254
-1155
-801
107
405
-148
-868
-938
-392
121
124
-339
-843
-882
-438
16
100
-261
-629
-572
-248
-14
-185
-516
-554
-232
149
144
-269
-604
-496
-46
331
239
-132
-341
-229
34
141
57
-93
-155
-32
188
273
122
-107
-184
-17
232
329
216
64
-20
11
185
316
263
107
51
106
122
85
75
159
232
210
64
-70
-52
20
40
-10
-26
-45
-26
-14
-47
-116
-171
-136
-83
-32
-59
-122
-177
-215
-234
-254
-222
-165
-163
-209
-235
-228
-193
-151
-118
-76
-58
-83
-92
-35
71
148
144
115
98
128
208
237
227
220
253
316
307
251
194
210
279
326
300
234
226
271
276
192
106
160
293
350
260
146
150
166
140
106
120
173
156
84
6
-52
-46
46
116
72
-69
-159
-133
-59
-7
-9
-8
-53
-151
-234
-229
-163
-137
-154
-184
-220
-272
-300
-280
-227
-222
-291
-344
-357
-337
-364
-404
-432
-429
-411
-418
-435
-436
-424
-422
-381
-318
-285
-342
-414
-372
-241
-149
-183
-259
-235
-110
-22
-44
-118
-113
-19
107
187
175
175
209
268
303
296
283
310
402
475
471
416
396
418
460
492
495
502
535
549
551
550
511
485
485
539
592
602
532
385
280
262
339
433
424
318
198
96
50
89
165
194
125
-15
-133
-164
-115
-41
-25
-96
-229
-344
-381
-341
-298
-312
-354
-381
-407
-455
-512
-521
-485
-435
-411
-442
-515
-572
-572
-533
-485
-437
-400
-396
-419
-478
-525
-487
-395
-294
-254
-278
-327
-343
-308
-218
-115
-69
-75
-108
-110
-74
0
71
123
168
217
223
187
173
236
339
386
374
344
338
387
465
526
523
483
462
468
509
552
580
586
555
511
456
422
422
417
396
391
393
366
300
247
274
309
281
163
57
37
55
73
48
13
-25
-66
-123
-167
-199
-218
-220
-215
-197
-219
-252
-277
-312
-322
-328
-341
-352
-372
-374
-366
-380
-411
-412
-407
-387
-390
-420
-413
-377
-324
-296
-306
-308
-270
-222
-190
-167
-165
-160
-147
-95
-31
3
-6
-45
-32
17
63
72
47
50
79
92
83
92
135
176
195
187
185
207
204
199
212
225
242
243
215
163
144
178
225
231
161
115
122
159
176
140
107
111
142
140
110
81
57
39
25
54
60
29
-6
-25
-31
-38
-30
-17
-9
-43
-81
-83
-59
-39
-39
-46
-52
-65
-91
-108
-101
-85
-75
-86
-116
-151
-165
-153
-122
-86
-86
-111
-147
-170
-157
-126
-92
-63
-58
-69
-69
-76
-68
-69
-69
-47
-10
42
51
30
17
38
81
95
63
34
38
66
95
104
102
108
97
90
89
102
138
149
125
79
59
75
109
136
137
122
97
65
54
72
103
101
59
23
4
3
7
10
25
32
34
14
-7
-17
-18
-12
4
17
-3
-33
-57
-47
-23
-21
-35
-61
-79
-76
-50
-35
-38
-51
-65
-54
-46
-24
-31
-52
-100
-95
3
61
10
-117
-156
-58
27
27
-40
-92
-46
36
46
-13
-56
-18
47
67
43
-7
-43
7
128
135
19
-75
-51
60
109
65
-6
-23
46
104
87
34
17
53
82
79
67
38
21
23
23
29
12
-13
-23
-6
16
6
-36
-49
-33
-27
-19
-7
-5
-5
-19
-25
-5
-14
-25
-33
-43
-41
-33
-41
-52
-44
-34
-33
-36
-56
-65
-54
-41
-26
-35
-51
-62
-64
-61
-57
-57
-59
-56
-51
-40
-40
-46
-61
-65
-48
-38
-33
-35
-44
-48
-41
-34
-22
-1
11
10
-3
-15
-19
-8
22
34
10
-17
-21
2
41
61
59
53
32
21
40
63
80
76
55
45
40
44
47
42
33
35
38
34
28
28
28
19
16
19
8
-13
-22
-13
0
1
-3
-11
-5
14
9
-12
-20
-16
1
15
16
15
2
-11
-24
-16
7
10
-3
-21
-33
-29
-24
-14
-16
-16
-19
-23
-22
-15
-3
-6
-2
-3
0
3
-2
-5
-2
4
6
0
-3
14
30
35
35
35
38
26
20
21
28
48
52
50
35
23
19
30
40
39
36
34
24
5
-4
-3
8
29
38
26
4
-14
-11
12
25
17
-3
-27
-27
-25
-28
-29
-29
-27
-37
-47
-51
-52
-47
-40
-33
-40
-41
-40
-33
-30
-37
-34
-35
-38
-49
-58
-58
-48
-37
-32
-34
-44
-48
-44
-34
-19
-11
-12
-23
-26
-20
-13
-11
-7
-7
-9
-10
-10
5
14
6
-3
-4
-1
5
11
13
16
15
9
6
22
40
43
39
36
42
49
43
34
39
43
32
26
28
28
26
33
42
48
41
28
16
13
4
7
9
21
38
20
7
2
0
6
10
11
2
-5
-14
-17
0
10
9
7
-5
-22
-21
-15
-18
-7
-12
-35
-36
-44
-62
-56
-30
-28
-37
-33
-40
-43
-41
-33
-34
-31
-10
-12
-33
-58
-63
-53
-34
-15
-15
-20
-19
-18
11
27
14
15
7
-7
3
12
6
22
21
18
27
24
20
22
38
60
65
53
44
36
27
33
46
40
12
11
30
32
38
26
13
34
46
21
16
41
33
26
36
22
-3
2
-5
1
12
0
-9
-23
-44
-47
-22
-14
-14
-3
-26
-37
-34
-30
-11
-14
-30
-45
-62
-57
-39
-24
-12
-22
-32
-33
-40
-29
-30
-16
16
6
-8
21
35
-1
-7
6
4
7
2
15
5
-24
2
27
24
20
9
-1
-3
4
20
22
30
31
12
-3
-3
12
45
28
10
16
10
14
8
2
22
26
-29
-29
-8
-1
2
-18
19
47
11
-13
10
53
26
-11
-1
4
7
21
35
28
12
-3
-6
14
24
5
-14
9
33
-8
-22
33
28
-11
1
33
27
-18
-59
9
63
33
-31
-71
4
66
-21
-115
57
-29
-636
-484
576
607
-303
-266
268
67
-192
-101
-82
27
-442
-475
437
298
-466
-314
-56
-199
-15
206
-262
-232
269
54
153
126
-385
-455
26
166
-161
-122
51
5
105
197
-82
151
-55
-432
423
294
-493
23
222
-305
248
121
-131
232
-198
130
274
-397
-128
186
36
258
97
88
-219
-494
299
0
-352
420
224
24
455
202
92
15
-52
16
102
228
387
197
29
120
-7
-163
-21
131
60
15
194
153
-49
111
240
-61
-106
210
5
143
237
86
131
26
137
107
265
282
155
142
221
160
192
381
145
91
120
195
177
103
131
87
-1
-59
159
66
16
67
-114
-30
91
50
-164
123
299
-41
81
153
71
-62
-115
-27
90
-12
-107
209
89
-127
-147
-163
-131
80
40
-100
176
-100
-195
-32
-109
-74
-67
-106
-196
99
-20
-249
-66
-229
-378
130
183
-136
-213
-225
-214
-160
6
-125
-56
106
36
-183
91
-46
-298
12
-114
-62
278
101
-502
-266
-401
-142
94
-567
-6
-47
-607
-59
46
-580
-274
-169
100
-28
-366
121
-200
32
291
-75
88
346
44
-64
36
-37
-14
-48
165
50
-180
-89
-135
-532
-159
-35
-383
-278
-290
72
-373
-479
170
-140
-151
-144
-69
147
146
154
100
171
233
204
-3
341
149
-284
98
61
209
212
-186
-252
-189
-160
-140
-15
-123
-354
-33
37
-405
-306
-177
-436
-143
152
-5
-98
-84
103
185
-90
-21
178
-176
6
357
110
139
-123
-205
-236
-230
499
177
-345
-105
-350
-335
185
-181
-181
-90
-136
303
227
87
-69
-153
-266
128
511
142
360
314
-131
-135
38
149
218
253
280
-102
-252
358
210
-210
51
211
-150
151
560
122
-21
-80
117
165
-4
241
213
7
100
269
-215
-152
326
-16
109
220
130
43
-56
73
389
9
-360
69
-90
242
354
11
-158
-428
147
313
-153
-176
98
-214
-301
370
548
-170
-315
-112
-336
-2
354
430
-110
-109
470
17
-371
322
-28
-616
184
273
-101
-250
-131
-234
-347
262
301
-315
-203
346
198
-160
-121
100
-66
32
213
-27
-117
-147
-207
-287
-87
176
60
-165
-117
66
109
-110
-285
-58
240
175
109
59
55
53
220
79
-239
-21
64
145
254
114
-128
-69
-88
-19
344
66
-223
-160
7
160
188
90
-201
-414
-105
209
117
59
4
-28
81
-32
92
155
166
387
98
176
163
-162
-118
-256
-151
87
132
56
-171
-264
-90
-81
-189
-68
127
183
52
32
-45
-32
-99
-120
-126
-263
113
31
-32
79
22
-84
146
192
-362
-128
393
206
-42
-1
-134
-4
-22
68
-156
-462
169
178
-137
16
100
-3
-51
-80
3
191
171
68
-101
-238
4
54
-104
-124
-144
-94
-55
-254
-205
207
7
4
-104
-169
-41
-110
162
102
42
195
274
-107
-148
-141
-209
82
-107
57
206
-95
-51
-196
-363
-157
-97
-139
58
83
64
128
42
-5
-188
-17
264
66
245
299
-81
1
82
-154
59
318
304
96
-312
-7
-99
-293
104
33
-3
-63
203
-2
-496
-21
424
-1
-82
303
-12
51
388
33
-380
-46
142
16
-47
198
408
-107
-132
136
-135
-122
92
22
-301
19
469
-255
-339
211
-22
-120
73
-86
-214
-53
157
17
-243
333
419
-70
-18
-3
-111
-45
-80
42
-38
1
327
0
-223
-2
-86
-212
14
91
197
173
-103
-193
-258
-87
96
-60
-183
-79
141
254
18
-116
-103
-171
1
27
74
137
-64
-176
-195
-51
187
183
113
8
-49
123
-3
-186
-186
152
131
28
192
-56
-103
-186
-146
33
-107
71
207
34
106
35
-92
1
130
189
59
1
55
122
-9
-153
4
102
72
14
-39
100
-19
-52
125
-138
-32
346
111
-79
24
5
-90
-186
90
184
-88
56
277
-31
-219
-23
-128
-156
153
216
-74
-136
148
94
-255
-46
43
-252
27
74
-130
64
85
-44
-111
-77
186
-20
-109
90
229
-13
-17
302
-61
-12
242
-31
-155
-6
78
37
100
140
-49
-126
-67
32
40
-122
-86
13
-92
160
75
-92
-24
-98
52
-22
98
123
-78
-98
-23
1
32
7
-22
7
82
98
33
-41
-123
45
65
63
255
18
-156
18
-42
-40
24
-33
-29
-66
13
216
-11
-290
-43
-69
-143
58
100
5
69
179
-5
-207
-112
51
-90
-107
97
3
-81
146
123
-141
-142
-66
56
-22
-121
78
-15
-93
-13
20
-235
-265
-53
-134
-129
77
24
-151
-175
-149
-138
-125
119
74
-149
100
51
-208
-83
-7
-9
-2
-97
-18
150
-16
43
-51
-310
-121
91
9
10
183
68
-71
-19
-30
-151
-60
-2
-52
5
-30
53
22
-49
-85
-113
-75
-61
152
123
-28
13
50
6
-48
66
124
59
127
-48
-95
141
-14
-45
64
35
137
131
-193
-111
92
-32
26
27
32
30
60
10
-42
26
85
111
-57
119
217
120
-17
-76
-1
-18
45
232
131
-18
111
61
55
74
80
128
-56
82
267
-73
44
168
-99
-26
30
69
69
-70
55
40
-39
132
110
-31
-30
14
-30
-33
90
175
119
-104
-20
-82
-250
52
112
10
135
133
-41
-95
-20
-69
-85
38
-1
60
66
-151
-133
-162
-143
24
25
94
180
33
-85
-76
-156
-196
23
107
14
52
29
-46
-208
-114
65
-84
-58
55
-73
-6
73
26
-114
-191
-25
-17
-39
21
8
-75
-94
-6
-11
-135
-24
84
-54
-44
-69
9
39
-39
41
-21
-113
56
130
-144
-85
-7
0
54
77
110
27
-87
-39
36
-83
19
48
-129
-97
54
96
-30
-100
12
-20
-84
12
27
-39
133
168
-63
25
29
52
46
-35
54
-94
-39
104
32
29
13
-110
-53
-65
-12
107
-17
18
3
-16
76
53
26
-19
-27
19
14
51
58
90
63
0
8
-79
-96
19
66
75
39
126
118
-88
-1
12
-163
-9
158
98
-3
28
33
-120
-16
133
94
50
2
128
37
-56
73
-38
-98
58
99
12
-93
-51
-37
-176
-38
98
33
99
156
86
-28
-42
8
26
61
62
66
107
1
-38
-64
-125
29
87
102
21
-41
-2
-54
-114
-72
-30
-46
66
44
-41
-65
-128
-53
-36
-6
125
110
-47
17
56
-89
-125
-52
-19
-57
49
72
-32
-48
-26
-21
-35
22
86
37
16
-3
-48
-83
-32
78
42
-17
13
33
-49
-40
48
-62
-50
113
81
9
36
19
-43
-71
-2
37
-36
24
114
17
-85
-18
-13
-49
-32
21
-2
-61
107
83
-96
-44
-36
-54
-22
49
81
-70
-27
22
-68
-11
61
50
-14
25
103
16
15
43
5
-32
-19
101
16
-34
84
0
-20
7
-14
19
-35
79
128
11
100
67
16
4
-17
29
31
60
49
-16
-12
41
67
69
49
43
24
30
37
-48
-65
-37
-24
-2
45
101
41
-34
-49
-85
-94
1
58
54
9
-13
-18
-129
-89
-17
-29
19
6
13
3
-12
1
-46
-64
-43
16
51
5
-44
-74
-158
-141
-53
-26
-31
-39
17
-48
-37
43
-7
10
-8
59
78
-17
29
-2
-91
-61
29
3
-44
-15
-19
-77
-67
11
-32
-79
33
100
-20
-57
14
18
-76
-76
23
13
65
123
103
6
-13
59
-17
-77
8
7
-69
-38
27
-1
-44
9
28
-28
-12
37
-13
-51
14
42
10
25
69
24
-74
-4
79
15
31
97
77
36
10
-5
-41
-20
53
19
-49
-67
-79
-115
-110
-33
-16
-34
-29
4
7
-44
-44
-41
-45
49
120
95
36
-8
-8
-40
-30
28
12
9
55
59
40
1
-44
-75
-68
-9
41
48
15
14
-6
-40
-22
-1
21
21
39
43
-3
-34
-21
-16
0
35
46
35
22
31
20
-15
-24
40
63
52
59
4
-56
-83
-50
-31
-26
31
15
-43
-59
-63
-27
-49
-35
25
-14
-11
10
-8
-39
-45
-37
-20
19
53
20
-51
-66
-65
-48
-17
49
57
16
12
-27
-63
-76
-54
-23
-33
17
65
33
3
7
9
-28
-11
55
47
24
27
4
-23
-27
-14
-42
-55
10
49
18
-17
-16
-26
-53
-15
21
-11
-4
26
1
-43
-32
13
-34
-37
48
23
-30
-3
19
1
9
28
8
-12
27
52
2
-12
28
45
28
34
36
-5
-40
-12
-1
-20
1
27
2
5
25
3
-39
-69
-36
-10
-10
32
33
-12
-11
-1
-14
-44
-45
-15
-23
-2
30
12
-24
-25
-8
-11
-19
-5
6
-6
3
28
9
2
39
42
24
17
23
24
22
