0
-1
-1
-1
-1
-1
-2
-3
-4
-6
-4
-1
2
3
3
0
-5
-3
-2
-2
-1
-1
-3
-5
-5
-3
-2
-2
-2
-2
-4
-3
-2
-2
0
0
0
-1
0
-2
-3
-2
-2
-1
-2
-2
-4
-5
-4
-3
-1
-1
2
0
-2
-2
-1
1
1
3
4
0
2
4
5
7
7
3
1
1
1
2
4
6
4
3
4
4
4
3
4
3
4
2
4
5
4
4
2
2
3
3
3
4
3
0
3
2
4
5
3
2
0
1
2
0
-2
0
-1
-1
-2
-2
-1
0
-1
0
1
0
-1
-3
-3
-2
-3
0
1
-2
-4
-3
-2
-5
-6
-7
-7
-5
-5
-6
-5
-5
-7
-6
-8
-7
-10
-9
-9
-11
-9
-11
-11
-10
-11
-9
-7
-6
-7
-9
-12
-13
-11
-8
-5
-4
-5
-8
-8
-6
-4
-3
-3
-5
-7
-8
-5
-4
-3
-5
-5
-6
-6
-1
-1
-1
-1
-4
-3
-2
2
0
-1
1
-2
-1
0
2
4
3
2
1
2
4
8
8
7
5
5
5
7
8
10
11
11
8
5
8
10
9
10
10
9
8
8
7
4
6
6
7
9
8
7
7
8
7
7
9
9
11
11
9
11
12
11
7
7
6
8
9
9
9
9
8
7
5
6
6
4
7
5
4
3
-1
-4
-4
-5
-4
-5
-7
-8
-12
-16
-21
-22
-24
-25
-26
-29
-33
-35
-38
-42
-39
-38
-39
-41
-42
-44
-46
-45
-42
-38
-38
-40
-42
-44
-43
-41
-40
-38
-35
-36
-32
-28
-26
-22
-19
-16
-14
-11
-9
-2
2
7
12
17
23
28
35
38
42
47
51
58
62
71
76
81
86
89
94
95
99
102
105
109
110
108
110
110
109
110
110
113
112
112
110
110
110
109
107
108
106
103
107
102
96
92
86
80
77
70
62
52
39
29
21
11
1
-10
-24
-37
-47
-57
-67
-79
-94
-110
-124
-135
-143
-151
-159
-168
-177
-187
-193
-200
-205
-207
-210
-209
-211
-214
-213
-214
-209
-210
-208
-204
-202
-197
-194
-188
-187
-180
-172
-163
-155
-145
-135
-126
-117
-104
-92
-80
-70
-54
-39
-23
-7
6
22
40
56
74
93
110
123
138
155
174
191
210
227
236
244
253
267
279
289
295
301
306
307
312
318
322
326
326
328
328
326
323
320
320
316
317
314
312
305
293
283
268
260
251
237
220
200
178
159
135
108
84
52
15
-20
-59
-97
-137
-180
-224
-270
-311
-352
-390
-423
-462
-501
-537
-567
-588
-602
-612
-624
-631
-637
-637
-631
-621
-611
-599
-583
-565
-543
-522
-491
-459
-429
-405
-379
-347
-316
-286
-261
-236
-213
-192
-169
-149
-129
-109
-91
-72
-58
-45
-32
-19
-5
7
23
38
54
70
84
100
115
136
158
182
208
232
257
282
311
345
375
402
429
452
478
503
527
548
571
596
615
634
650
661
672
682
693
698
703
703
694
686
671
655
638
614
584
551
517
481
444
406
367
324
278
230
180
134
87
31
-24
-82
-150
-214
-273
-337
-397
-460
-520
-571
-621
-671
-708
-739
-765
-775
-790
-799
-800
-803
-797
-785
-774
-759
-746
-735
-721
-701
-684
-667
-640
-619
-593
-565
-543
-510
-477
-443
-416
-390
-362
-334
-305
-278
-250
-221
-197
-174
-153
-141
-125
-107
-81
-55
-32
-4
14
37
59
83
109
131
155
169
187
204
223
239
255
272
286
303
325
344
369
386
398
409
420
443
469
495
520
544
562
582
599
616
643
673
701
725
744
757
768
779
785
799
806
809
799
779
760
737
708
683
656
623
576
514
446
383
312
245
177
102
29
-55
-146
-238
-325
-407
-477
-533
-577
-611
-645
-686
-718
-733
-728
-701
-671
-643
-623
-605
-588
-559
-524
-485
-454
-446
-450
-460
-465
-462
-444
-430
-422
-422
-438
-454
-466
-459
-443
-423
-408
-405
-407
-413
-404
-381
-347
-315
-294
-287
-282
-268
-243
-203
-157
-122
-95
-83
-75
-59
-32
5
42
72
84
80
80
90
115
147
179
200
210
215
219
239
271
314
353
375
388
395
403
420
445
479
510
532
543
543
543
555
578
613
641
660
676
683
686
689
701
713
720
722
706
681
654
621
592
565
532
487
423
339
234
133
39
-43
-109
-183
-274
-381
-499
-616
-710
-775
-805
-812
-813
-831
-857
-862
-841
-783
-703
-626
-568
-524
-499
-468
-435
-391
-338
-294
-277
-282
-300
-312
-297
-265
-233
-222
-226
-253
-290
-316
-326
-313
-299
-297
-303
-316
-337
-347
-327
-298
-261
-223
-201
-184
-170
-150
-120
-66
-12
30
60
70
74
83
108
140
175
202
214
221
225
235
252
270
285
301
304
297
295
300
304
319
336
345
349
353
356
368
394
432
455
471
485
500
530
558
576
598
626
651
679
711
738
773
819
858
888
908
907
913
917
908
897
866
815
755
665
532
415
310
205
119
10
-139
-281
-428
-582
-701
-777
-822
-830
-847
-889
-913
-920
-892
-816
-722
-636
-568
-546
-536
-511
-484
-438
-395
-364
-358
-365
-375
-364
-316
-271
-251
-267
-306
-355
-385
-397
-404
-420
-453
-499
-550
-583
-587
-576
-539
-501
-468
-455
-442
-412
-370
-328
-288
-254
-232
-215
-202
-193
-178
-160
-147
-124
-106
-86
-67
-37
-13
0
3
-10
-19
-26
-32
-16
6
18
31
34
48
60
68
90
119
148
174
208
246
268
308
348
373
412
449
478
508
545
585
636
700
762
817
864
900
950
981
1017
1041
1025
1028
1017
998
959
875
733
585
451
337
264
164
37
-119
-315
-542
-713
-821
-868
-858
-894
-964
-1026
-1048
-1017
-910
-789
-692
-602
-584
-577
-567
-531
-451
-373
-334
-311
-312
-314
-260
-198
-147
-100
-96
-118
-132
-157
-184
-190
-198
-230
-281
-356
-414
-445
-447
-424
-378
-337
-330
-339
-332
-298
-265
-230
-205
-198
-184
-171
-184
-189
-161
-132
-100
-77
-63
-33
-13
22
48
54
56
61
56
43
49
42
49
82
104
111
126
141
152
181
192
223
279
331
364
386
406
450
505
557
618
674
721
761
818
886
937
1004
1071
1122
1172
1242
1291
1303
1314
1288
1245
1246
1247
1202
1097
936
763
590
481
395
293
181
41
-167
-427
-612
-697
-710
-680
-699
-776
-833
-840
-810
-689
-538
-422
-349
-350
-349
-334
-278
-207
-112
-69
-64
-49
-52
-13
39
105
103
105
100
-56
-109
-92
-183
-233
-202
-303
-382
-366
-577
-686
-570
-607
-597
-481
-514
-519
-465
-446
-481
-504
-443
-461
-494
-426
-409
-437
-377
-353
-365
-349
-331
-291
-288
-299
-288
-314
-323
-273
-322
-335
-273
-289
-296
-279
-300
-310
-242
-169
-132
-94
-37
16
29
87
173
218
274
295
295
364
472
587
684
721
756
815
871
976
1103
1191
1277
1323
1324
1316
1354
1403
1456
1474
1442
1341
1133
917
731
620
587
573
441
252
51
-249
-531
-692
-758
-724
-693
-807
-965
-1050
-1053
-944
-778
-643
-558
-512
-502
-493
-467
-414
-296
-231
-243
-296
-353
-314
-211
-116
-66
-93
-187
-275
-322
-326
-317
-322
-371
-493
-618
-746
-841
-879
-853
-833
-828
-828
-891
-902
-837
-784
-733
-669
-632
-597
-589
-584
-564
-565
-565
-546
-528
-487
-445
-421
-406
-391
-378
-374
-382
-398
-361
-308
-251
-215
-189
-157
-158
-146
-111
-83
-13
53
86
135
185
221
258
326
402
444
455
467
525
615
737
823
857
903
948
1030
1147
1260
1378
1439
1462
1491
1544
1607
1728
1821
1863
1806
1628
1310
1190
1444
1330
982
630
471
230
4
-169
-527
-526
-892
-1542
-1733
-1586
-1709
-2001
-1820
-1603
-1505
-1026
-556
-305
-72
83
220
352
665
940
1240
1478
1468
1478
1421
1367
1149
728
334
-68
-515
-969
-1161
-1329
-1492
-1569
-1660
-1748
-2031
-2191
-2343
-2256
-1927
-1567
-1018
-616
-223
6
183
343
420
583
578
480
343
185
104
36
40
95
25
-178
-432
-738
-939
-1022
-996
-856
-701
-512
-426
-376
-318
-260
-217
-175
-129
-110
-23
79
285
525
753
912
981
1066
1004
1015
978
962
1110
1223
1385
1504
1614
1632
1601
1638
1619
1717
1837
1814
1926
2004
2057
2105
2087
2137
2144
1916
1246
484
-349
-1045
-1379
-1537
-1570
-1464
-1420
-1862
-2165
-2382
-2363
-1712
-1153
-493
194
787
1261
1532
2087
2495
2590
2418
1912
1393
940
547
383
396
338
181
-281
-824
-1266
-1658
-1849
-2048
-2206
-2197
-2158
-2061
-1833
-1509
-1186
-1037
-1006
-1186
-1435
-1493
-1526
-1194
-702
-326
11
144
105
-163
-313
-458
-541
-334
-309
-245
-187
-269
-450
-682
-716
-952
-1150
-1247
-1520
-1626
-1529
-1347
-1080
-748
-498
-368
-313
-275
-230
-107
-11
100
261
339
387
405
468
478
519
492
399
391
356
495
742
1067
1260
1376
1427
1317
1383
1360
1413
1647
1915
2132
2305
2336
2311
2313
2223
2134
2086
2035
1964
1962
1661
1653
1703
1379
602
-510
-1586
-2375
-2554
-2487
-2210
-1821
-1483
-1992
-2331
-2358
-2128
-833
-14
739
1679
2182
2631
2799
3068
3402
3222
2401
1397
444
-432
-869
-1243
-1376
-1380
-1589
-1930
-2203
-2431
-2641
-2484
-2442
-2342
-1835
-1421
-945
-353
128
520
704
644
367
-181
-642
-1125
-1697
-1527
-1604
-1466
-1075
-1302
-1526
-1803
-1944
-2349
-1862
-1391
-1223
-54
215
345
698
324
163
-52
-542
-772
-1116
-1472
-1491
-1560
-1462
-1141
-977
-794
-586
-649
-589
-412
-446
-210
64
141
352
521
601
827
911
877
980
978
1016
1270
1262
1525
1834
1807
2115
2116
2139
2250
2283
2187
2347
2474
2401
2817
2835
2731
3041
2884
2708
2910
2474
2360
2307
1994
841
-280
-1484
-2960
-2666
-2952
-2644
-1979
-1854
-1970
-2740
-2572
-2612
-1200
520
849
2346
3111
3452
4291
3986
4156
4186
2691
1359
78
-1096
-1407
-1582
-1877
-1871
-1987
-2622
-2901
-3211
-3340
-2661
-2321
-2056
-1439
-997
-433
277
724
1202
1463
1238
900
334
-188
-599
-1312
-1570
-1930
-2337
-2159
-2486
-2574
-2409
-2712
-2927
-2574
-2270
-1979
-906
-470
42
976
752
709
795
263
-54
-663
-1256
-1462
-1794
-1781
-1629
-1642
-1496
-1169
-1060
-955
-597
-382
-76
186
257
570
814
875
1216
1387
1374
1365
1181
981
950
1031
1057
1207
1194
1325
1500
1517
1856
1967
2177
2420
2439
2449
2348
2702
2949
3191
3531
3374
3403
3281
2956
2702
2287
1976
1626
173
-1389
-2827
-4197
-4016
-3729
-3450
-2958
-2272
-2716
-3450
-3016
-3029
-788
1400
1804
3676
4585
4764
5434
4697
4541
4501
2670
927
-617
-1848
-2125
-2235
-2551
-2586
-2738
-3304
-3462
-3765
-3571
-2430
-2030
-1529
-611
-240
558
1282
1541
2006
2007
1506
844
199
-316
-814
-1502
-2188
-2869
-3145
-2993
-3083
-2762
-2419
-2507
-2507
-2260
-2267
-1704
-439
223
1423
2271
1948
1930
1479
725
256
-590
-1271
-1768
-2280
-2281
-2203
-2225
-1821
-1353
-1106
-711
-443
-252
309
613
962
1406
1456
1686
1773
1759
1780
1615
1269
963
724
633
667
638
1005
1298
1405
1700
1705
1665
2124
2333
2602
2965
3048
3278
3633
3842
3973
3985
3634
3515
3136
2841
2576
2198
1580
-315
-1773
-3706
-4956
-4423
-4459
-3674
-2797
-2589
-3079
-3371
-3166
-2365
297
1760
2675
4233
4604
5284
5487
4781
5039
4055
1851
-7
-1880
-2881
-3051
-3147
-3282
-3319
-3610
-3972
-4014
-4080
-3358
-2328
-1818
-1138
-527
105
951
1554
1966
2176
1914
1194
219
-586
-1092
-1632
-2667
-3332
-3667
-4196
-3709
-3434
-3577
-2978
-2760
-3105
-2810
-2177
-1769
-253
1155
1357
2397
2601
1684
1477
732
46
-763
-1782
-2117
-2621
-2753
-2531
-2451
-2236
-1806
-1356
-1015
-515
-126
602
1142
1222
1847
1961
1811
2162
2058
1735
1643
1320
914
778
792
589
622
803
897
1552
1890
2108
2333
2533
2748
3017
3592
3540
3874
4266
4020
4057
4008
3741
3416
2854
2440
1815
1631
1041
-1073
-2554
-4421
-5248
-5110
-4753
-3609
-3025
-2234
-3147
-3429
-2780
-2220
969
2520
2891
4809
5372
5769
5928
5238
5174
3720
1140
-995
-2570
-3242
-3327
-3288
-3554
-3520
-3578
-4003
-3930
-3776
-2986
-1916
-1399
-622
180
1001
2017
2484
2556
2453
1889
880
-189
-891
-1398
-1833
-2425
-3294
-3709
-4065
-4151
-3761
-3457
-2988
-2616
-2318
-2358
-2061
-1273
-135
1366
2299
3005
2895
2386
1810
619
-7
-795
-1885
-2343
-2851
-3256
-3227
-2978
-2464
-1900
-1349
-800
-338
247
834
1346
1766
2001
2050
2131
2035
1801
1718
1341
928
813
606
283
460
385
429
1058
1433
1873
2444
2746
2733
3078
3332
3296
3585
3823
3882
4003
4066
3833
3553
3593
3082
2633
2338
1554
194
-1535
-3300
-5110
-4987
-4761
-4483
-3830
-3492
-3080
-3589
-3248
-2658
-1188
1394
2522
3697
5191
5757
6392
6037
5138
4713
2827
407
-1532
-2905
-3404
-3396
-3533
-3932
-3799
-3926
-4137
-3999
-3906
-3103
-2118
-1482
-566
293
1140
2073
2551
2444
2117
1448
235
-657
-1149
-1531
-1849
-2614
-3405
-3629
-3810
-3963
-3736
-3583
-3336
-2621
-2400
-2299
-1528
-763
461
1592
1940
2346
2484
2229
1667
1012
327
-619
-1596
-2351
-2676
-2969
-3176
-2946
-2522
-1959
-1336
-741
-66
531
1222
1796
1977
2170
2191
2215
2232
2103
1948
1539
1153
845
617
450
408
377
517
890
1460
1989
2275
2793
3008
3141
3472
3386
3431
3846
3827
4143
4098
3608
3533
3364
3077
2424
2414
1705
915
-387
-2899
-4409
-5146
-5296
-4559
-3899
-3677
-2784
-3430
-3743
-3150
-2566
479
2465
3255
5150
6363
6933
6791
5765
5280
4186
1648
-749
-2310
-3164
-3355
-3406
-3784
-3719
-3797
-4140
-4156
-4176
-3479
-2462
-1687
-561
405
1344
2387
2759
2680
2375
1642
635
-310
-1127
-1608
-2223
-2938
-3346
-3697
-3454
-3477
-3786
-3754
-3612
-3481
-2963
-2137
-1634
-480
560
1133
2067
2405
2181
2141
1586
791
0
-1063
-1774
-2360
-2774
-2967
-3206
-3310
-2904
-2232
-1606
-933
-317
447
1078
1562
2027
2143
2117
2202
2054
1873
1841
1401
1173
975
659
638
367
330
586
798
1319
1806
2257
2609
3123
3413
3518
3700
3276
3382
3503
3671
3939
3744
3505
3381
3008
2633
2537
1655
671
-1241
-3305
-4748
-5394
-4637
-3747
-3526
-3077
-3133
-4348
-3784
-3454
-2057
1341
2526
3895
5635
6153
6936
6445
5191
4714
2869
296
-1510
-2721
-3174
-3135
-3268
-3654
-3787
-4240
-4544
-4574
-4575
-3688
-2887
-2050
-577
524
1575
2351
2437
2113
1586
877
83
-533
-884
-1121
-1753
-2194
-3330
-3810
-3734
-4345
-3905
-3695
-3630
-3355
-2577
-2500
-2093
-404
-195
1350
2476
1814
2494
2064
1457
1361
151
-329
-1199
-2265
-2498
-3005
-3160
-3026
-2536
-1895
-1296
-553
112
829
1343
1865
2234
2312
2483
2503
2493
2454
2060
1652
1305
946
808
752
468
596
883
994
1843
2441
2677
3154
3283
3269
3656
3663
3607
4080
3853
4164
4553
3784
3783
3777
2635
2509
913
-2378
-3387
-5064
-5745
-4239
-3794
-3514
-2681
-3613
-5019
-4085
-4260
-2390
1522
2337
4379
6411
6241
7162
6771
5641
5335
3019
490
-926
-2115
-2700
-2851
-3161
-3468
-3568
-4348
-4777
-4712
-4745
-3980
-3105
-2122
-502
544
1334
2082
2163
2025
1707
1140
481
76
-318
-1022
-1562
-2440
-3228
-3397
-3876
-4180
-4042
-3966
-3880
-3434
-2772
-2353
-1470
-542
-67
804
1244
1009
1174
1344
1031
934
645
-48
-721
-1454
-1890
-2161
-2552
-2361
-2019
-1759
-1068
-696
-273
340
762
1277
1580
1629
2014
2279
2241
2469
2247
1843
1792
1498
1288
1073
790
802
899
1170
1619
2308
2583
3203
3622
3209
3358
3314
3496
3993
4344
4666
4266
4102
3992
3041
2930
3222
1384
-679
-2380
-5120
-4994
-4059
-3809
-2659
-2420
-3385
-4793
-4879
-4899
-3240
295
1831
3602
5275
5489
6463
6137
5414
5246
3518
1674
186
-730
-1352
-2066
-2548
-3127
-3662
-4534
-4905
-4782
-4786
-4177
-3575
-2737
-1097
-175
585
1370
1379
1519
1308
1068
1064
729
469
68
-674
-1668
-2459
-3048
-3602
-4044
-4309
-4345
-4235
-3399
-2773
-2344
-1524
-1164
-878
-139
232
361
1348
1630
1270
1486
953
7
-494
-914
-1203
-1514
-1700
-1585
-1736
-1684
-1340
-1192
-767
-183
115
664
1119
1241
1651
1858
2007
2251
2059
1746
1768
1562
1419
1428
1178
1059
968
1219
1516
1786
2301
2583
2832
3075
3156
3476
3574
3675
4100
4001
3726
3876
3425
3315
3118
2516
1675
-1010
-2817
-4391
-4999
-4019
-3046
-2491
-2681
-3124
-5140
-5136
-4653
-4028
-36
1759
2603
4672
4676
5225
5780
4853
4778
3777
1946
1007
226
-730
-1203
-1726
-2747
-3341
-4417
-5230
-4888
-4959
-4608
-3588
-2867
-1356
-506
-344
426
686
1000
1323
1365
1475
1342
1047
629
-45
-835
-1946
-2536
-3260
-4131
-3915
-4047
-3657
-3182
-3073
-3178
-2915
-2046
-1799
-177
577
614
1636
1146
1053
1110
378
283
-268
-795
-891
-1211
-1295
-1396
-1447
-1469
-1496
-1371
-1133
-548
-181
275
579
633
1133
1459
1753
2079
1955
1765
1675
1553
1624
1655
1672
1631
1660
1622
1666
1998
2131
2167
2448
2513
2605
3167
3731
4102
4035
4287
3786
3764
4001
3505
3364
2942
1443
-1099
-2322
-3966
-4165
-2806
-2945
-3061
-3021
-4375
-5638
-4660
-4744
-2696
1084
1723
3019
4155
3834
4933
5024
4456
4899
3755
2655
2023
796
87
-322
-1246
-2167
-3007
-4296
-4465
-4470
-5019
-4471
-3676
-2797
-1446
-1087
-917
-277
53
585
1077
1450
1744
1602
1330
839
96
-742
-1449
-1828
-2809
-3323
-3480
-3711
-3262
-3245
-3189
-3312
-2993
-2612
-2082
-697
-329
341
888
682
871
628
432
243
-130
-97
-399
-675
-825
-1071
-1089
-1153
-1048
-994
-933
-620
-502
-234
35
293
874
1327
1699
1762
1475
1348
1433
1574
1874
1963
2138
2120
1905
1911
1848
2204
2254
2682
2802
2446
2980
3048
3263
3737
3706
3922
3788
3340
3402
3071
2854
2658
661
-1096
-2613
-3819
-3145
-2419
-2302
-2373
-2585
-4709
-5385
-4494
-4547
-1140
1332
1355
2941
2964
3240
4333
3795
4100
4152
3253
2607
1776
1007
607
368
-765
-1839
-2694
-3640
-3349
-3840
-4350
-3562
-3413
-2527
-1635
-1844
-1361
-824
-506
59
538
1043
1378
1383
833
264
-227
-796
-1050
-1678
-2501
-2717
-2962
-2911
-2827
-3014
-3017
-3234
-2957
-2715
-1930
-821
-427
55
35
-236
-17
111
153
144
49
0
-331
-571
-819
-934
-721
-705
-577
-578
-527
-210
-282
-225
-102
177
914
1328
1400
1375
1206
1105
1360
1686
1926
2333
2662
2333
2219
2304
2184
2871
3245
3121
3108
3099
2983
3215
3703
3707
4021
4173
3759
3520
3200
2672
1650
-61
-1375
-2234
-2327
-1902
-1619
-2341
-2746
-3499
-5350
-4442
-4051
-2952
591
896
1047
2178
2076
3175
3744
3224
3580
3528
2850
2146
1602
1010
817
188
-1067
-1640
-2550
-2743
-2697
-3786
-3956
-3593
-3321
-2304
-2110
-2267
-1804
-1541
-1268
-823
-111
524
875
588
-192
-854
-1397
-1236
-1033
-1319
-1566
-2051
-2699
-3033
-3305
-3432
-2680
-2192
-1735
-1014
-1135
-1161
-1182
-1438
-1438
-1186
-713
-375
-335
-447
-701
-935
-857
-564
-240
316
640
216
-122
-427
-636
-243
-49
61
296
375
534
692
673
545
892
1039
1316
1616
1746
2140
2314
2660
2526
2567
2683
2694
3055
3002
2896
2768
2617
3130
3327
3709
4052
3371
3286
2918
2291
984
-422
-1606
-2380
-1588
-1518
-1668
-1938
-2554
-4032
-5005
-4129
-3698
-1259
953
70
596
1429
1568
2843
2855
2627
3017
2961
2772
2119
1892
1535
978
51
-851
-1109
-1305
-1028
-1716
-3206
-3288
-3167
-2868
-1861
-1962
-2009
-1662
-1636
-1531
-1189
-361
288
602
182
-475
-857
-1274
-885
-914
-936
-726
-1237
-1591
-2127
-2758
-3016
-2314
-2079
-1319
-300
-778
-620
-1007
-1645
-1360
-1363
-964
-559
-782
-759
-1048
-1176
-902
-447
234
661
882
570
370
32
-139
176
62
351
629
604
632
466
553
615
796
1001
1328
1460
1812
2164
2047
2630
2751
2765
3150
2810
2852
3112
2943
2977
3214
3076
3229
3480
3245
3263
3266
2848
864
-459
-1224
-1841
-949
-842
-1610
-2213
-2898
-4459
-4422
-3589
-3150
-712
239
-380
440
887
1591
2350
1956
2322
2695
2701
2588
2045
1730
1512
1031
86
-324
-430
-651
-547
-1414
-2352
-2248
-2226
-1998
-1829
-2183
-2004
-1627
-1702
-1689
-1407
-903
-422
-224
-548
-696
-655
-930
-890
-892
-1073
-967
-876
-1221
-1474
-1413
-1698
-1679
-1503
-1544
-1068
-750
-912
-1099
-1179
-1129
-1080
-1103
-1243
-1289
-1163
-1156
-1161
-1092
-671
65
394
573
444
199
580
707
609
554
479
507
642
543
323
532
584
715
853
954
1437
1767
2007
2259
2110
2362
2814
2792
2902
2886
2844
2911
3190
3232
3256
3663
3244
2792
2750
1493
265
-236
-737
-619
-377
-462
-1870
-2462
-3411
-4874
-3388
-3059
-2144
-100
-795
-661
153
626
1860
1930
1816
2192
2443
2487
2056
1898
1547
1461
871
23
269
-186
-300
-467
-1603
-1699
-1624
-1552
-1273
-1692
-1917
-1730
-1518
-1504
-1672
-1399
-1133
-914
-874
-1048
-1273
-1450
-1114
-981
-792
-509
-818
-1143
-1361
-1905
-1625
-707
-387
-109
-369
-1036
-1214
-1154
-1259
-1353
-1169
-1170
-1327
-1520
-1676
-1786
-1694
-1363
-1273
-968
-347
36
220
184
-41
16
403
745
820
752
668
434
114
119
314
625
974
1010
777
864
1259
1532
1902
2293
2209
2422
2871
2566
2724
2878
2729
2909
2981
2899
3090
3401
3136
2283
710
-596
-920
-328
-316
-555
-1409
-2475
-3068
-4329
-3595
-2839
-2129
-539
-1118
-1348
-301
556
1604
1661
1369
1882
2518
2525
1969
1874
1696
1503
1098
469
685
637
430
9
-1164
-1386
-1020
-809
-700
-1143
-1495
-1338
-1216
-1455
-1553
-1420
-1251
-1253
-1341
-1293
-866
-808
-988
-854
-1015
-621
-410
-613
-665
-980
-864
-594
-427
-288
-160
-150
-626
-953
-1148
-1183
-975
-1109
-1454
-1567
-1618
-1514
-1391
-1300
-1069
-903
-627
-472
-425
-260
-48
-2
38
231
423
587
770
639
375
477
381
431
678
825
1003
1358
1418
1416
1576
1533
1719
1795
1894
2244
2541
2594
2968
2806
2672
3108
2792
3077
3101
2607
1552
343
-244
-538
-32
74
-427
-1612
-2285
-3325
-3978
-2882
-2651
-1630
-647
-1587
-1244
-266
291
1072
963
1003
1607
1952
1881
1733
1711
1536
1346
831
629
762
495
406
-150
-923
-766
-568
-484
-624
-1108
-1256
-1170
-1324
-1547
-1313
-1299
-1281
-990
-1243
-1479
-1513
-1643
-1462
-909
-599
-390
-410
-826
-1082
-1208
-745
-183
-9
202
-154
-559
-364
-469
-618
-543
-799
-967
-991
-1226
-1502
-1514
-1460
-1317
-987
-653
-348
-245
-296
-421
-593
-345
3
143
434
343
251
348
284
294
496
617
699
942
900
1196
1364
1607
2012
2015
2176
2005
2010
1979
2032
2376
2576
2722
2816
2893
2821
3112
2498
1195
444
-178
0
147
-116
-934
-1878
-2492
-3544
-3230
-2683
-2443
-1359
-1802
-2144
-1170
-353
667
735
646
1230
1827
2033
1638
1583
1559
1537
1379
1066
1351
1214
769
221
-644
-551
-79
21
-124
-788
-1090
-938
-1008
-1286
-1487
-1454
-1338
-1322
-1530
-1416
-1042
-1120
-1180
-1108
-1007
-638
-255
-213
-441
-284
-234
58
389
189
379
242
-129
-320
-573
-593
-746
-916
-968
-1093
-1108
-1240
-1336
-1333
-1172
-955
-846
-572
-442
-294
-132
-118
-111
28
156
290
325
181
243
290
252
389
595
728
975
1044
1037
1161
1257
1435
1700
1856
1755
1892
2066
1996
2224
2288
2206
2316
2465
2388
2612
2611
1190
568
258
-203
298
245
-825
-1567
-2057
-3188
-2852
-2230
-2472
-1497
-1458
-2043
-1208
-616
-87
172
-95
394
1134
1533
1528
1359
1196
1190
1148
1034
1378
1205
758
500
-206
-302
152
86
-131
-492
-1023
-1007
-880
-1202
-1358
-1313
-1539
-1523
-1481
-1629
-1320
-1087
-1355
-1427
-1033
-1159
-865
-336
-731
-550
-264
-550
-328
53
-110
52
383
-110
-409
-283
-580
-716
-626
-791
-950
-1012
-1138
-1265
-1136
-923
-897
-667
-319
-328
-349
-154
-237
-242
87
188
320
500
483
355
253
150
181
505
730
928
1004
1096
1177
1281
1524
1632
1814
1842
1766
1848
1931
2078
2265
2169
2195
2146
2299
1860
982
551
-125
186
18
-261
-684
-1586
-2038
-2931
-2678
-2426
-2275
-1589
-2036
-2072
-1187
-616
25
53
-17
478
912
1072
924
1043
1000
962
857
798
1173
1148
859
440
-23
76
415
445
199
-264
-516
-515
-793
-1128
-1175
-1261
-1384
-1475
-1743
-1569
-1312
-1393
-1313
-1155
-949
-663
-426
-475
-340
30
263
440
481
319
337
396
231
104
14
-87
-345
-503
-534
-645
-693
-883
-1121
-1188
-1052
-907
-816
-698
-657
-541
-379
-306
-268
-153
-89
-48
98
305
555
693
614
570
705
830
967
1083
1084
1235
1446
1366
1543
1746
1634
1782
1822
1670
1834
2000
1983
2045
2019
2032
1990
1288
506
206
141
179
161
-675
-1227
-1611
-2574
-2200
-1973
-1953
-1249
-1552
-1711
-1181
-635
7
176
151
317
756
1123
952
1017
1101
1015
947
810
948
953
749
455
80
141
493
581
510
177
-253
-395
-616
-938
-1177
-1126
-1137
-1369
-1479
-1720
-1692
-1467
-1447
-1203
-699
-577
-499
-383
-531
-199
213
476
633
503
412
407
380
271
181
132
32
-137
-256
-311
-382
-595
-742
-821
-793
-593
-573
-683
-728
-794
-713
-571
-402
-219
-173
-129
-134
21
168
451
621
658
682
776
922
1006
1253
1142
1339
1347
1284
1481
1423
1492
1563
1629
1564
1565
1584
1505
1589
1682
1638
1205
490
-3
-220
-252
-29
-279
-1044
-1424
-2331
-2692
-2075
-2030
-1557
-1285
-1877
-1814
-1259
-715
-132
125
170
391
610
557
617
760
751
723
588
638
763
664
459
145
-94
1
222
312
196
-197
-532
-676
-834
-853
-716
-729
-1035
-1447
-1645
-1654
-1516
-1252
-1124
-924
-789
-751
-621
-433
-223
34
356
430
470
477
447
408
319
275
334
372
242
156
-92
-205
-292
-419
-341
-376
-471
-498
-605
-717
-639
-552
-497
-390
-325
-354
-293
-271
-231
-1
221
410
554
673
744
832
869
974
1091
1293
1406
1426
1606
1500
1547
1497
1414
1535
1547
1670
1596
1415
1273
752
288
-16
-278
-185
-127
-387
-967
-1510
-2294
-2656
-2229
-1977
-1338
-1040
-1494
-1536
-1421
-1085
-333
159
467
677
506
393
391
600
936
1015
931
839
705
487
376
193
93
248
293
268
243
-28
-351
-617
-926
-992
-996
-984
-1158
-1412
-1582
-1661
-1464
-1290
-996
-861
-740
-677
-757
-427
-204
-8
305
286
284
332
257
280
294
265
287
231
146
35
-47
-38
-48
-49
-39
-97
-156
-220
-322
-348
-411
-441
-443
-394
-301
-288
-196
-163
-132
-59
41
199
433
615
707
755
741
825
962
1074
1229
1415
1432
1460
1476
1482
1643
1776
1763
1788
1733
1611
1650
1576
1411
1002
572
70
-335
-229
-222
-268
-408
-1060
-1739
-1984
-2050
-1662
-928
-667
-610
-706
-988
-945
-565
-43
461
748
659
407
203
185
384
643
876
879
646
428
245
195
332
402
355
254
49
-162
-245
-306
-365
-391
-545
-747
-926
-1061
-1040
-931
-821
-708
-582
-528
-469
-382
-322
-171
-85
74
233
261
290
207
100
36
66
122
190
137
-18
-138
-212
-169
-119
-114
-182
-342
-446
-442
-415
-376
-397
-512
-583
-610
-563
-424
-297
-234
-237
-292
-318
-260
-105
74
146
209
215
205
279
345
458
589
647
709
789
883
986
1105
1149
1137
1089
1019
1014
1078
1177
1175
1069
802
467
217
69
48
79
86
-66
-355
-657
-916
-1029
-972
-843
-715
-615
-618
-662
-637
-568
-410
-233
-153
-163
-213
-228
-139
39
176
221
209
136
41
26
65
163
254
246
222
209
139
48
-57
-179
-251
-278
-298
-325
-355
-451
-496
-463
-371
-248
-156
-92
-144
-232
-238
-176
-78
13
29
-25
-90
-96
-96
-109
-158
-250
-275
-238
-162
-62
-11
-61
-139
-227
-292
-290
-259
-233
-195
-169
-183
-188
-184
-137
-78
-39
13
55
88
168
250
317
373
409
486
518
532
616
727
837
948
1034
1091
1169
1264
1339
1414
1456
1437
1409
1371
1274
1108
951
766
560
424
270
108
-36
-230
-502
-748
-954
-1094
-1120
-1088
-1005
-954
-971
-1001
-1035
-978
-821
-688
-591
-544
-598
-584
-464
-367
-242
-169
-221
-270
-322
-367
-272
-160
-113
-83
-128
-215
-233
-243
-289
-302
-374
-482
-568
-632
-669
-622
-549
-483
-461
-464
-457
-441
-369
-296
-177
-80
-60
-58
-69
-46
20
60
61
43
-23
-50
-58
-42
7
25
27
-4
-83
-136
-123
-104
-81
-72
-92
-73
-36
-10
21
48
87
181
250
336
411
438
471
468
513
555
639
697
731
757
768
812
870
999
1108
1140
1164
1150
1106
1132
1134
1122
1090
975
787
590
403
250
115
-2
-140
-317
-498
-707
-881
-966
-974
-972
-966
-950
-950
-900
-803
-730
-611
-488
-426
-337
-280
-258
-173
-77
-34
-1
-4
-36
-48
-65
-87
-55
-57
-62
-92
-174
-214
-234
-248
-263
-272
-305
-352
-398
-446
-478
-430
-332
-287
-252
-219
-208
-190
-145
-104
-57
8
41
41
41
52
107
142
137
133
103
77
65
94
136
162
196
186
146
101
60
47
66
71
68
104
92
100
116
127
154
193
244
307
387
425
442
477
526
569
621
677
723
776
832
840
869
909
919
976
1011
983
972
928
897
869
777
667
521
345
163
13
-99
-165
-248
-400
-607
-825
-973
-1056
-1026
-973
-951
-958
-995
-988
-917
-765
-607
-496
-430
-405
-364
-281
-166
-66
-5
5
-41
-71
-75
-56
-45
-63
-103
-149
-208
-248
-264
-283
-295
-370
-437
-471
-510
-528
-521
-506
-484
-454
-421
-402
-358
-304
-249
-181
-124
-75
-31
15
62
96
122
150
168
172
168
168
173
174
174
188
186
167
133
97
87
72
51
43
14
-23
-38
-57
-45
-16
18
13
24
69
94
177
241
285
335
388
408
445
494
532
599
638
676
717
756
807
845
857
857
841
809
808
784
735
674
561
431
267
109
-6
-120
-219
-329
-481
-636
-772
-879
-925
-912
-886
-856
-827
-799
-773
-714
-622
-519
-413
-343
-299
-265
-203
-131
-73
-30
-30
-66
-95
-109
-113
-84
-72
-100
-136
-190
-253
-294
-290
-293
-294
-318
-361
-403
-416
-389
-372
-344
-310
-291
-281
-235
-189
-143
-87
-36
4
44
80
128
164
197
223
233
235
233
228
226
225
209
189
167
159
153
138
115
96
80
57
70
78
87
109
96
72
57
69
101
147
188
207
235
260
286
327
385
448
503
553
585
612
662
713
738
780
809
830
827
808
787
745
710
657
590
506
389
257
134
9
-110
-200
-316
-452
-579
-706
-797
-832
-842
-835
-815
-786
-769
-728
-671
-600
-501
-405
-327
-267
-213
-168
-98
-39
-20
-8
-2
-22
-32
-37
-42
-45
-65
-90
-147
-204
-252
-288
-308
-333
-354
-383
-408
-417
-416
-393
-370
-358
-346
-330
-316
-280
-233
-184
-140
-116
-94
-80
-57
-33
-13
7
-2
-12
-23
-30
-23
-13
-22
-30
-41
-60
-64
-80
-93
-90
-79
-75
-71
-77
-75
-70
-64
-46
-26
3
38
72
99
143
197
253
330
397
448
499
547
597
675
740
791
825
826
835
849
861
856
847
800
740
678
593
534
470
373
271
156
18
-71
-143
-234
-295
-376
-462
-519
-560
-566
-543
-511
-489
-472
-450
-423
-363
-296
-227
-170
-124
-96
-68
-33
4
40
66
74
61
52
42
47
40
22
0
-51
-105
-145
-175
-200
-228
-258
-289
-310
-319
-324
-315
-307
-297
-292
-290
-261
-225
-176
-131
-118
-116
-113
-92
-58
-11
22
31
14
-9
-22
-12
5
8
2
-22
-49
-72
-91
-97
-107
-122
-127
-140
-145
-130
-128
-120
-105
-92
-55
-8
36
75
116
164
213
274
323
374
418
455
501
545
589
631
647
654
667
665
678
680
661
628
580
524
467
410
362
302
217
134
17
-80
-149
-226
-281
-332
-394
-452
-498
-540
-544
-525
-498
-466
-446
-425
-398
-348
-292
-225
-158
-106
-64
-35
5
50
87
116
128
122
117
117
104
95
76
35
-5
-41
-69
-103
-133
-169
-220
-255
-277
-286
-282
-281
-289
-303
-303
-293
-264
-232
-208
-180
-166
-148
-119
-97
-65
-45
-26
-17
-12
-17
-12
-3
-10
-5
-14
-16
-25
-44
-72
-88
-99
-105
-100
-109
-118
-122
-118
-102
-84
-64
-41
-14
20
57
106
167
233
288
329
372
414
457
517
560
593
617
627
629
619
611
602
588
563
519
455
395
323
259
216
148
81
-4
-108
-185
-249
-299
-330
-357
-410
-462
-506
-532
-522
-501
-468
-443
-426
-408
-385
-342
-290
-233
-180
-141
-110
-75
-44
-5
37
64
78
82
77
75
81
81
76
61
29
-7
-35
-63
-72
-83
-105
-123
-146
-166
-174
-176
-166
-157
-153
-144
-137
-125
-101
-87
-68
-48
-38
-26
-12
-7
2
14
20
23
17
5
-3
-8
-13
-16
-25
-39
-58
-75
-89
-99
-105
-107
-111
-111
-111
-108
-99
-87
-63
-42
-16
15
48
88
128
162
201
240
272
310
350
382
413
435
452
469
483
489
483
470
454
438
410
383
347
299
254
202
143
90
35
-20
-69
-119
-166
-204
-239
-271
-300
-319
-328
-324
-308
-300
-294
-280
-262
-236
-195
-160
-127
-89
-63
-37
-7
19
46
70
83
88
99
106
114
117
118
110
92
79
67
51
34
16
-9
-33
-53
-72
-87
-98
-109
-122
-131
-138
-140
-141
-138
-133
-128
-119
-112
-101
-91
-83
-70
-61
-50
-39
-31
-29
-25
-19
-13
-6
-12
-21
-31
-36
-46
-61
-68
-73
-73
-72
-77
-88
-88
-79
-70
-58
-45
-26
-8
12
28
54
83
113
136
154
173
193
223
251
270
282
293
299
298
298
299
297
290
275
248
230
217
197
172
144
111
79
45
10
-23
-52
-77
-96
-115
-137
-154
-169
-185
-194
-198
-187
-171
-163
-163
-158
-150
-134
-116
-100
-83
-75
-71
-66
-56
-45
-35
-29
-32
-40
-45
-42
-37
-32
-31
-38
-44
-51
-56
-57
-60
-61
-63
-65
-66
-69
-76
-81
-82
-81
-77
-72
-71
-70
-70
-67
-62
-60
-59
-59
-57
-57
-55
-48
-44
-43
-41
-43
-45
-46
-40
-32
-27
-21
-15
-11
-11
-7
0
8
14
23
32
42
56
67
78
91
105
116
125
132
142
149
156
164
168
167
166
165
163
164
163
158
154
145
135
127
118
109
100
90
79
69
65
57
45
35
22
11
6
3
-1
-3
-8
-19
-30
-35
-38
-36
