SAMPLES:	8452
BITSPERSAMPLE:	16
CHANNELS:	1
SAMPLERATE:	16000
NORMALIZED:	FALSE
-22
-24
-19
-17
-14
-7
0
3
6
4
-3
-10
-12
-10
-12
-14
-11
-9
-6
1
5
8
6
7
13
14
12
11
11
12
5
4
5
6
12
16
15
15
18
17
16
16
12
11
6
0
-1
2
7
7
2
1
5
11
17
14
12
10
8
8
1
-4
-11
-17
-12
-6
-4
-7
-8
-4
4
8
7
5
6
4
0
-2
-7
-14
-18
-12
-8
3
11
17
28
29
29
23
13
5
-1
-8
-18
-19
-11
-1
11
17
21
24
21
17
11
3
-5
-8
-10
-12
-6
1
7
11
12
9
9
3
-5
-11
-18
-22
-25
-22
-19
-11
-5
-5
-2
-4
-10
-16
-18
-22
-23
-23
-27
-30
-27
-22
-17
-14
-8
-2
5
10
10
5
-2
-9
-6
0
4
2
2
4
6
7
9
15
16
20
21
14
8
-4
-12
-13
-14
-13
-11
-10
-10
-5
4
12
18
16
12
0
-7
-11
-18
-19
-17
-18
-15
-5
-1
2
7
12
6
-6
-13
-24
-25
-25
-28
-28
-21
-13
-2
6
8
8
12
14
11
5
-4
-11
-14
-9
1
10
20
27
31
29
26
26
21
16
14
16
15
14
7
1
0
8
18
21
21
19
12
10
3
0
3
1
4
1
3
5
4
0
-4
-16
-23
-29
-38
-37
-35
-25
-17
-14
-4
2
7
13
18
8
5
4
-7
-13
-19
-21
-26
-27
-16
-5
3
12
13
12
11
5
0
-6
-12
-14
-10
-4
2
7
9
13
16
26
30
27
18
10
4
-5
-13
-16
-14
-11
-12
-15
-17
-11
-2
9
11
5
1
-8
-15
-20
-30
-34
-34
-33
-23
-12
-2
-1
1
-5
-9
-12
-19
-19
-26
-35
-39
-40
-32
-27
-23
-20
-17
-18
-13
-7
-10
-9
-11
-15
-16
-13
-12
-11
-14
-5
13
22
31
30
26
24
29
24
13
8
-5
-12
-12
-2
3
13
22
28
34
31
28
19
12
5
-6
-15
-18
-13
-6
0
-1
4
6
0
-4
-3
2
-2
-2
-14
-18
-15
-15
-10
-6
-4
-12
-13
-17
-5
5
12
22
28
28
23
18
14
1
-10
-15
-19
-15
-4
3
11
17
17
16
9
8
5
2
5
9
13
12
18
25
26
30
27
25
19
11
4
-5
-17
-17
-20
-19
-10
-4
13
18
24
25
28
25
16
9
-3
-9
-7
2
5
13
3
0
12
8
18
8
8
3
2
10
13
21
31
33
20
22
6
5
1
-8
-8
-21
-13
1
19
30
41
38
38
34
13
3
-7
-11
7
14
10
25
16
10
20
13
13
15
10
19
13
10
16
12
25
30
1
10
-17
-20
-17
-36
-12
-3
11
24
21
15
11
0
-35
-40
-69
-66
-25
-44
1
11
6
39
28
26
8
-21
-36
-45
-66
-65
-57
-53
-5
3
23
24
24
39
27
-2
7
-31
-44
-23
-43
-9
-44
-8
8
-3
19
-13
-3
-34
-26
-34
-33
-35
0
7
-13
38
-20
-10
-3
-53
-16
-42
-50
-4
-37
-9
30
-14
41
21
2
25
-42
-1
-30
-56
7
-10
1
94
38
88
123
-11
82
-30
-85
4
-115
-23
20
11
84
111
107
124
88
49
15
-11
-62
-7
-25
-20
27
23
46
68
53
21
20
-15
-12
-52
-42
-27
-17
24
46
33
71
31
12
3
-84
-70
-77
-85
-20
16
-19
103
28
90
44
-14
0
-101
4
-161
-32
-103
-77
54
-12
95
76
84
46
66
-28
5
1
-67
-9
-20
-37
32
66
-5
121
70
1
68
-101
-38
-13
-62
-39
97
-92
98
103
-65
224
-99
45
7
-99
18
-41
-73
63
-27
22
62
-107
15
-56
-109
47
-103
-111
101
-201
116
-10
-68
192
-103
49
8
-156
-79
-155
-123
-53
-46
15
1
66
13
42
35
-29
-27
-92
-103
-79
-23
-112
44
49
-37
177
-48
92
74
-130
100
-148
-24
6
-55
98
99
55
123
88
-31
103
-117
-40
-22
-179
-43
-19
-106
127
-66
140
88
-36
111
-60
49
-104
15
-46
-73
21
-7
47
40
4
94
-30
28
10
-143
-4
-110
20
-58
99
22
36
169
-125
221
-221
99
-96
-98
106
-212
128
-180
147
-138
186
59
-43
208
-193
76
-119
-108
29
-72
-38
89
46
-29
121
-51
111
-38
-23
112
-107
-18
98
-1
-38
82
18
30
-46
141
-21
-30
125
-108
187
-151
75
29
-132
99
-133
92
-93
-5
55
-166
106
-80
26
-27
52
140
-174
320
-311
163
-71
-220
326
-506
274
-136
-47
48
-104
89
-74
38
-226
228
-332
36
71
-281
219
-246
135
39
-183
241
-35
-80
167
-21
-102
91
-140
88
-162
-33
119
-149
-11
83
8
-159
189
-78
0
-12
143
-5
-50
208
-118
93
-240
243
-149
-83
225
-62
54
52
157
-64
26
153
-112
39
42
-104
95
-47
-68
85
-129
-103
241
-230
38
217
-431
397
-253
-130
311
-444
292
-174
-6
125
-235
280
-280
131
-19
-127
138
87
-146
146
-3
-190
119
-169
-45
24
-43
-16
108
-58
105
52
-4
78
-105
153
-144
115
-90
7
108
-127
217
-112
151
-19
59
-31
115
-19
72
109
-35
245
-152
286
-48
66
162
-176
269
-296
285
-114
-109
374
-411
420
-193
154
147
-249
403
-312
258
-91
-32
209
-252
291
-137
106
26
-80
272
-456
435
-288
-27
301
-519
610
-559
427
-202
-117
437
-534
548
-457
296
-161
-47
-3
-101
236
-488
707
-435
106
452
-563
479
-117
-111
279
-330
199
-133
49
-123
153
14
-281
498
-337
61
64
-75
-185
176
-48
-224
461
-506
260
37
-234
78
143
-388
297
-90
-304
364
-408
281
-287
412
-501
544
-303
-122
569
-911
833
-731
589
-577
340
-327
-34
326
-1082
1404
-1494
887
-465
-21
139
-442
463
-655
673
-918
912
-694
260
314
-629
780
-590
412
-496
577
-595
378
-123
-285
661
-897
928
-727
450
-334
285
-150
-78
469
-708
1005
-938
1042
-720
575
-453
306
73
-441
841
-1093
1254
-1045
807
-422
334
-235
256
-4
-204
649
-822
884
-615
352
-104
121
-283
300
-402
342
-235
2
245
-181
180
-206
364
-485
450
-398
320
-346
255
-393
380
-377
8
153
-365
350
-516
499
-673
388
-235
79
-213
421
-331
205
85
-213
520
-654
482
-170
32
-226
453
-549
465
-89
31
230
-425
742
-654
421
-105
-18
335
-192
76
483
-545
382
177
-551
441
-322
-37
165
-259
-46
345
-514
457
-20
-349
492
-503
272
-52
-384
497
-461
123
429
-750
817
-504
-43
507
-638
323
-118
-150
90
-61
-305
445
-601
206
187
-336
262
-251
257
18
-226
203
67
-260
506
-361
184
15
-270
446
-409
214
41
-163
43
72
56
-15
-23
206
-19
50
-34
176
81
-290
198
-103
5
-344
261
-216
-102
49
-176
233
-286
91
135
-149
-120
330
-322
14
206
-300
46
-51
19
-193
92
-126
128
-260
225
23
-437
630
-695
484
-364
187
153
-444
467
-281
-44
-48
84
-189
-82
41
-162
136
-89
101
119
-404
576
-529
339
162
-635
794
-821
599
-285
-259
527
-617
243
35
-121
183
-238
13
114
-243
272
-209
16
54
119
-75
-136
296
-95
-99
271
-168
-70
5
-9
-35
307
-481
368
105
-444
950
-840
495
-30
-156
376
-463
884
-863
771
-374
428
90
-636
973
-829
495
-130
283
-417
181
42
-79
325
-635
853
-693
299
364
-629
764
-859
656
-449
-124
98
-420
311
-458
614
-762
437
-464
319
-256
-39
253
-403
495
-632
836
-965
619
-478
-89
162
-104
-79
-371
668
-775
592
-453
315
-93
-118
330
-187
58
-4
-52
172
21
201
-83
-155
531
-311
288
-272
271
-134
49
251
-411
564
-538
646
-161
-65
545
-622
359
62
74
35
343
-393
299
316
-658
1021
-1308
810
-227
-209
168
-413
511
-596
830
-843
857
-594
471
-204
-346
750
-1030
960
-807
1015
-826
449
-49
-309
862
-1147
1195
-824
565
-321
640
-358
321
-29
-458
1036
-1472
1117
-676
342
-75
-211
118
223
80
107
411
-586
543
-268
55
181
-265
285
-456
269
-83
-355
655
-701
300
-39
-51
196
-558
487
-567
276
-241
322
144
-526
785
-529
120
-51
15
-396
367
148
-753
915
-787
230
210
-420
76
-315
445
-509
441
-505
658
-952
624
59
-58
-163
59
627
-1368
1636
-1664
1233
-961
247
766
-1041
1229
-1127
1657
-1480
1186
-763
164
221
-1054
1614
-1365
791
-301
300
-190
354
-182
-281
887
-860
615
-488
222
-367
422
-17
-341
85
-302
843
-1527
958
-225
-606
911
-847
663
-258
410
-438
182
-346
12
295
-983
717
-471
72
1091
-864
7
923
-690
-137
588
-333
-267
211
-413
557
-340
-609
1422
-1272
1140
-45
-280
362
-454
656
-183
216
-566
472
-316
343
-427
666
-241
-532
756
-275
430
-400
246
-303
-81
-280
340
45
-424
617
-667
1004
-951
382
190
-1157
1146
-923
681
-712
625
205
-379
-119
-34
290
-508
525
-152
-344
214
292
-573
500
-251
-424
495
-789
605
122
1
148
-361
534
-583
1558
-1403
1059
-317
-523
1308
-1578
1716
-1734
917
-202
326
-213
-254
1298
-1943
1997
-1088
-21
302
-189
519
-520
84
223
118
292
99
-204
162
-126
316
-234
-128
-52
-456
427
-552
695
-802
98
270
-932
1065
-449
322
-445
319
-610
467
-405
-104
518
-915
357
42
-669
645
-34
-640
631
-561
245
408
-421
316
-609
1148
-780
-347
395
-622
-270
-819
409
-408
679
-312
357
239
-304
1283
374
-234
58
549
-534
681
-637
-177
263
-296
404
348
-140
-12
299
-847
852
-673
362
-373
45
360
-946
578
-899
175
550
-300
570
-328
120
90
-311
-282
-123
136
44
558
-797
-65
-141
-696
892
-661
391
211
262
256
227
-531
301
179
-108
463
-8
-309
605
-270
-503
706
-1303
966
-630
381
970
-1028
437
-183
172
-319
577
-207
-85
26
115
297
-302
-263
-75
220
-431
988
-203
-141
101
193
-10
-36
-830
281
246
-1007
925
-1078
-43
141
317
219
-735
-191
670
144
613
-430
-83
774
-881
1093
-403
-183
58
-867
605
-410
54
148
-281
36
271
122
-831
352
-545
-263
616
-117
588
-697
337
26
-307
270
62
110
0
285
-194
13
-419
-180
-1
86
-257
771
-200
-502
853
-929
168
-247
-731
303
261
-6
511
-408
-785
213
-941
149
356
-890
716
-417
-460
480
-619
667
-179
-745
655
191
106
876
-754
-38
130
-518
720
289
-225
-103
-493
645
365
122
182
-482
252
-470
165
72
173
678
-295
1
-97
-99
359
12
-203
17
490
634
18
-327
-604
-313
231
715
-74
635
106
-208
108
-860
263
-518
-508
791
247
214
25
-830
3
-542
-164
326
-286
729
-156
101
-450
-66
120
-264
797
-70
556
185
612
-444
-234
599
-197
-79
55
422
-471
156
6
-784
-581
104
325
135
145
-213
409
-200
32
164
394
527
-114
557
-520
380
322
108
589
-355
-144
-17
188
147
175
-447
-26
-143
-450
112
-598
-244
483
735
187
-72
-946
-814
2
-186
367
-120
405
18
-63
81
-54
347
-98
393
411
320
457
-358
-210
-340
-341
526
16
122
74
-295
-350
-474
-126
115
-29
573
597
32
325
-275
-80
178
-601
-254
23
-109
635
-211
-471
32
-327
-69
-47
-229
203
611
-382
-383
-502
-188
519
-276
-699
-485
-356
-35
256
-302
-793
-532
-283
50
211
105
142
-125
100
205
-174
75
-212
-261
25
365
420
461
454
399
210
-27
331
326
498
548
21
-91
158
-173
157
108
-79
592
434
451
475
-306
-378
-162
153
455
355
446
476
136
74
-267
-605
-141
53
523
332
74
-275
-265
-283
-248
-45
-420
-221
-11
440
369
-297
-761
-566
-44
344
677
-67
-210
214
-61
218
-250
-557
-387
-685
-206
39
-87
-404
-378
-616
-387
-120
-149
204
-95
155
458
-28
201
-18
-25
0
-187
-42
-152
40
-57
-51
-166
-178
-23
-54
-17
-266
-243
-398
-516
-395
-417
-161
-310
-300
-120
-350
-259
-246
-348
-127
82
95
221
66
160
296
216
519
488
234
356
547
693
1351
1925
1796
1511
1056
666
926
1260
1663
1862
1889
1924
1901
1427
1392
1493
1197
1965
1368
1694
1491
603
677
-3
-325
-13
-508
-316
22
-574
-255
-1302
-2152
-2132
-2737
-2145
-2387
-2794
-2862
-3139
-3603
-3548
-3558
-3725
-3199
-3392
-2640
-2626
-2499
-2320
-2674
-2359
-2388
-1591
-1439
-1130
-900
-998
-774
-1031
-983
-988
-990
-676
-296
-253
20
-197
-463
-460
-527
-168
-10
158
549
920
1345
1936
1554
1781
1512
1863
2777
3181
4618
4953
4940
4791
4354
4551
5054
5378
5427
5751
6103
6971
7707
6939
6979
6122
6003
6917
6720
7642
6422
3980
-784
-6704
-8415
-8212
-5396
-4148
-4957
-5556
-6862
-7911
-8983
-10134
-10399
-8644
-5758
-1359
1941
2124
864
-2557
-4372
-2789
74
3350
4436
3412
2479
753
-768
-2629
-4893
-6075
-6275
-4737
-2949
-2783
-4907
-8132
-9694
-9202
-6383
-3870
-2753
-2388
-2651
-2442
-1874
-2047
-2235
-1775
-999
1079
2678
3504
3158
1815
1373
2058
3369
4900
5806
5057
4951
4593
4094
4387
3895
3893
3951
3312
4320
4566
4346
4640
4357
5577
6529
7436
7855
8239
8292
8197
9524
10058
12282
11940
5808
-3643
-9891
-9830
-4912
-902
-1779
-2842
-5648
-7665
-8529
-10834
-11478
-11205
-9703
-4524
1129
4503
4289
-790
-5321
-5203
-1241
4841
8565
8937
7797
6164
4544
2667
-360
-3523
-5461
-6041
-4220
-3411
-6676
-11463
-15187
-16507
-13435
-10197
-7684
-5372
-5107
-3932
-2728
-2724
-2180
-2057
-1636
453
2512
4002
3779
1363
-89
107
907
2726
3722
4065
4315
4295
4303
3576
2341
952
437
920
2645
3829
2975
1765
1119
1467
3732
5567
7792
9693
10193
10852
11463
11538
11732
11613
11146
13748
16627
16544
4062
-11344
-18915
-16267
-4998
-1151
-1608
-3689
-7868
-10837
-13963
-16658
-15128
-12891
-9020
-12
7140
11798
8999
-1331
-7358
-6367
2153
12172
16233
15985
12109
7486
3485
-475
-2961
-4996
-7007
-6795
-4688
-1952
-3500
-10808
-19908
-27771
-25760
-18144
-9118
-866
-57
-747
-1850
-2343
61
796
-188
1654
5326
10171
12997
8927
2456
-4317
-7092
-4143
141
3744
4608
3186
1139
-394
-785
-1114
-2558
-2640
-635
2428
5106
4468
2234
979
1260
4419
7882
10872
13178
14372
15228
14486
14127
13318
12648
11350
12588
14480
16264
6669
-13097
-23731
-25541
-12938
-3893
-5325
-7071
-11032
-13931
-14032
-15866
-15118
-10211
-7519
1386
10733
15522
16008
6131
-2722
-3130
4070
15650
20403
17754
11955
5365
1070
-2896
-7161
-9715
-12656
-14315
-12998
-10123
-8904
-13723
-21265
-25167
-21196
-12852
-5614
-2275
-463
730
2190
4088
5019
5391
4397
3784
4853
7678
9269
7061
2166
-2932
-4293
-3047
-1873
-952
-1134
-539
-280
-873
-1951
-2893
-3317
-3111
-937
1869
5130
6152
5473
4745
5753
8038
10858
12132
13202
15551
16279
17353
16353
13720
11907
9568
8827
10822
9655
5956
-4611
-19556
-24120
-21951
-13351
-7679
-10421
-12177
-12763
-12601
-10823
-10568
-10048
-6034
-1666
6750
14846
17039
15078
7100
1850
3444
9089
15261
14706
9294
3546
-1002
-3097
-6309
-11042
-15518
-18908
-18975
-15942
-12479
-11009
-13438
-16699
-15945
-10644
-3305
1157
3078
4469
5624
8152
10015
8819
5432
1651
-229
944
3339
4510
2886
-906
-4415
-4912
-4185
-3718
-3378
-3077
-1532
-138
525
-231
-1805
-2801
-2539
-248
2149
4696
6165
5984
6463
7535
9112
10581
11088
10940
11167
10831
11170
10890
8675
8191
7432
6591
7594
7293
9332
10209
6940
1974
-11625
-22623
-24526
-18332
-6450
-2791
-4248
-6062
-8628
-10838
-11688
-12651
-7814
-1233
5098
13799
16418
16535
11227
2241
-1127
330
6705
11749
10420
6221
644
-4764
-8635
-12705
-15487
-16293
-16798
-14753
-11214
-7333
-5854
-9489
-13547
-14099
-8954
-1406
4166
7875
9448
8943
8193
6754
4126
1998
7
-270
1320
3431
3816
623
-4647
-9151
-9605
-7768
-5285
-3097
-1757
-856
-407
-429
-960
-1083
-1333
19
2750
6107
9318
10293
8697
6445
5913
7018
9072
10425
11084
10023
9163
8311
7627
6862
6018
5648
5474
7168
9358
10930
9407
3578
-10008
-20786
-23530
-17762
-6779
-4996
-6463
-7896
-8632
-7790
-8625
-10225
-8371
-4897
606
10306
16045
18246
13854
4836
301
777
6411
10324
8797
5155
1400
-735
-2249
-6095
-10835
-14973
-18186
-16677
-12185
-7185
-4663
-7586
-11647
-12713
-8642
-2657
1299
3476
5056
7391
9354
10049
8419
4899
1037
-1465
-296
2437
4029
2232
-2951
-7929
-9894
-9295
-8096
-7437
-6832
-4841
-2276
110
1100
691
-264
-357
1291
4010
6609
7863
7481
6131
5409
6285
7222
7017
6324
6091
6981
8839
9151
8612
7600
5763
6043
5661
6949
8788
8970
8322
5905
-3243
-13432
-18786
-19125
-10902
-7526
-5866
-3897
-4385
-4365
-6666
-8782
-8557
-6533
-3656
3330
9287
13761
15031
10049
5340
1621
2710
6271
7151
6878
5651
4546
3068
-698
-5888
-9934
-14106
-15610
-14308
-11392
-7050
-6322
-7695
-9544
-9260
-6366
-3977
-1864
538
3347
6017
7222
6825
6359
4128
1271
-431
-733
1131
1502
-131
-2895
-5660
-6194
-5835
-5251
-4597
-3982
-3001
-1838
-1194
-543
-118
-158
446
707
1907
3099
3565
4061
3936
5004
5977
6676
6792
6814
7772
9194
10159
10542
10305
9352
8842
7906
7874
8168
8387
8082
4790
-4033
-12387
-16554
-15426
-10622
-9061
-7224
-5167
-4607
-5155
-6856
-8466
-8521
-7632
-5414
568
6539
12045
13775
11023
7532
4652
5152
6536
6601
6456
6040
5659
4816
2090
-1399
-5455
-10968
-14681
-15790
-13492
-9427
-7864
-8229
-9354
-9100
-7331
-5749
-4312
-3019
-1592
403
2784
4874
6188
5143
2685
972
725
1903
2628
1409
-820
-2352
-2615
-2031
-1724
-2560
-3686
-5040
-5626
-4544
-2689
-1179
-760
-1074
-1222
-265
885
1973
2488
3007
4413
6392
8299
9445
9171
9000
8610
8364
9059
9045
9691
9133
9279
9706
10066
9818
8073
4163
-4143
-10462
-13598
-10969
-6831
-5176
-4179
-4031
-4155
-5957
-7067
-8490
-8458
-8121
-6652
-1810
3003
7835
8859
7112
4257
2451
3370
4665
5215
4586
4316
3724
3766
3153
2014
200
-3950
-7737
-10717
-10374
-8439
-7185
-7158
-7802
-7252
-6446
-5652
-5659
-5433
-5637
-5630
-4344
-1987
1534
3421
3290
2132
1507
1711
2126
1658
20
-1066
-1638
-991
-148
-68
-620
-2051
-3444
-3796
-2576
-808
548
778
564
880
1512
2331
2508
2549
2844
3403
4339
5054
5998
6443
6321
6317
6210
6754
7168
7060
6992
7429
7954
8490
8804
8249
5009
-664
-5541
-7357
-5470
-3076
-1948
-1320
-1183
-1565
-2231
-3588
-5233
-6513
-8040
-7797
-5574
-2072
1738
3173
2510
797
-239
-168
39
-117
-210
369
1439
2721
3554
4367
3706
743
-3038
-5761
-5941
-4744
-3931
-3911
-3874
-3484
-2911
-2350
-2359
-3204
-4751
-6123
-6822
-5861
-3418
-1505
-574
-339
71
1145
1595
946
-54
-915
-1218
-807
26
925
1268
654
-497
-1486
-1395
-732
-301
-480
-1075
-743
267
1206
2032
2270
2061
1870
1802
2376
3257
3804
4077
3525
3379
3998
4898
6060
6248
6100
6139
6536
7511
8700
9272
9120
6858
1837
-2031
-3914
-3090
-1850
-2256
-2343
-1856
-1127
-927
-1441
-2778
-4231
-6350
-7833
-7063
-4882
-1472
440
938
877
699
1116
606
-840
-2031
-1890
-627
1553
3357
4464
4471
2093
-882
-3652
-4583
-4199
-3902
-3627
-3181
-2226
-1428
-899
-1255
-1942
-3581
-5360
-6476
-6989
-5760
-3924
-1953
-565
329
802
764
-123
-1129
-1907
-2323
-1740
-1002
363
1088
853
65
-803
-1289
-1386
-1107
-1163
-858
-420
580
1557
1854
2013
2051
2371
2377
2394
2237
1943
1986
2137
2632
3396
4213
4915
5155
5174
5254
5451
5879
6318
7520
8877
9780
7929
2565
-2595
-5395
-4761
-3164
-2367
-1800
-378
283
-118
-897
-2543
-3795
-6545
-8548
-7834
-4947
-559
1895
2025
1116
450
401
445
-577
-1390
-1492
-1128
801
3094
5540
6136
3556
-54
-3042
-3805
-3340
-2906
-3072
-2916
-2236
-1057
-220
-202
-1104
-3545
-5896
-8547
-8429
-6303
-3902
-1639
-1604
-1167
-726
-446
-439
-1139
-2604
-3483
-3022
-1368
1456
2292
1885
-44
-1624
-1405
-356
1064
904
285
41
536
1357
2295
2324
1729
1080
317
791
1589
2487
2772
2244
2142
2783
4140
5433
5700
5452
5425
6099
7256
8484
9625
9981
9450
6350
1340
-2416
-3845
-2705
-1746
-1870
-1499
-108
819
452
-1164
-3607
-5849
-8205
-8902
-7364
-4033
6
2124
2347
1257
283
-16
-397
-924
-720
201
1846
4119
5745
6720
5567
2284
-1194
-3729
-4122
-3533
-3036
-2890
-2802
-2614
-2299
-2257
-2505
-3428
-5160
-7541
-9664
-9111
-7130
-4399
-2325
-1496
-742
-234
-140
-295
-723
-1763
-1863
-1592
-190
1678
2530
2519
1199
-56
-782
-404
-133
-312
-512
-682
-266
394
1246
1684
1546
908
457
596
1446
2518
2934
3565
3935
4819
6043
6582
6873
6894
6756
7029
7944
9100
10090
10302
8395
2851
-2561
-5298
-4523
-1818
-1510
-1769
-1350
-1138
-1591
-2558
-4372
-6091
-8154
-9898
-8541
-5245
-587
2454
2587
1436
196
611
1030
1123
1351
1912
2713
3980
5376
6533
6566
3454
-822
-4496
-6014
-5183
-4114
-3564
-3594
-3682
-3732
-3589
-3425
-3950
-5640
-9050
-10647
-8911
-5167
-981
386
270
-568
-827
-175
435
379
-540
-1073
-922
808
2704
3702
2329
-635
-2598
-2568
-759
553
768
-52
-919
-949
247
1603
2288
2019
1171
1146
2328
4227
5130
4662
3567
3308
4592
6722
8108
8488
8114
7627
8252
9490
11012
12083
9383
2116
-4702
-8428
-6728
-2835
-2203
-2456
-2930
-3277
-3482
-4320
-5985
-7645
-10290
-11833
-9387
-4541
1743
4597
3902
1677
-358
589
1873
2548
2986
3420
4033
5374
6402
7094
6150
1481
-3626
-7337
-7550
-5723
-4428
-4334
-5137
-5777
-6149
-6310
-5943
-5893
-7044
-8224
-9689
-7217
-3000
-102
1005
-522
-1586
-1658
-429
688
1726
1295
555
636
1577
3433
3537
2351
-653
-2409
-1883
-102
1769
1458
264
-850
-962
-113
1560
2323
2290
2168
2442
4097
6083
7702
7182
6271
6130
6916
9317
10878
11467
11831
11651
11976
11771
11637
6719
-2480
-9830
-13447
-10072
-6132
-4232
-3126
-3446
-6013
-8335
-9724
-10683
-9694
-10697
-8787
-4218
1256
7012
8021
6176
2474
565
1530
3731
5787
7362
7434
6601
6697
5727
5279
1814
-4165
-8627
-11122
-9735
-7137
-5328
-5566
-7399
-9672
-10721
-10061
-8499
-6757
-6363
-5336
-4332
-1987
844
1645
1369
-407
-1195
-522
1655
3711
4293
3376
1362
697
867
1704
1518
365
-1001
-1631
-676
383
1151
339
-1110
-1929
-1105
676
2615
3816
3857
4227
4686
6830
8867
9736
10183
9475
10238
11501
12591
14107
15239
14509
13064
9487
-239
-8798
-15027
-15278
-10165
-9102
-7576
-6698
-7327
-8840
-11069
-12898
-12620
-11827
-10400
-4499
1732
8744
11603
9701
6528
2720
3332
4958
6769
8654
9364
8521
7062
4951
2210
-744
-7316
-12434
-14414
-12868
-9278
-7885
-8112
-10383
-12565
-13687
-12868
-9830
-6642
-4213
-3298
-1860
1071
3671
4646
2786
666
557
2409
4686
6681
6090
3638
1032
-1329
-795
474
1130
238
-1530
-2247
-1142
286
662
-515
-1682
-1108
114
3050
5748
7492
7848
7698
8167
10366
12827
14270
14135
13341
13944
14905
16657
16082
13464
10611
695
-12570
-19147
-20312
-12795
-8378
-10158
-9604
-10469
-11964
-12732
-14382
-14739
-12453
-10824
-4071
4747
11604
16461
12960
7997
3832
3641
8422
10803
11980
12394
10218
7646
4698
-174
-3980
-10157
-17046
-18343
-16847
-12078
-9114
-9822
-12172
-15198
-15716
-13561
-9382
-5283
-2687
-1156
1293
3640
6650
7610
4519
1899
636
2799
6185
7475
6308
3089
-344
-2616
-2242
-977
-216
-1377
-2503
-2497
-1234
896
702
-179
-1584
-894
2154
5701
8409
9363
10355
10876
12440
15175
16815
18322
17409
15478
15907
15956
14938
12701
5757
-8605
-18685
-24182
-19807
-11255
-11142
-10507
-12410
-14177
-14478
-14308
-12909
-10799
-9101
-5683
3278
10703
16879
15983
10135
5482
2591
7324
11699
13521
13460
9419
5134
1408
-2299
-5116
-9065
-16595
-20089
-18895
-14732
-10375
-10959
-12831
-15679
-16003
-13072
-8660
-3139
-1409
-254
2107
4421
7429
8143
5347
1953
515
1735
5121
6040
4380
1050
-2477
-3996
-3638
-881
783
593
48
-323
484
1647
1190
833
1283
2254
5540
8511
10795
12164
12461
12914
14078
16335
18778
19527
19179
17422
15120
13401
10917
4861
-8486
-20236
-24251
-19535
-11442
-9812
-10101
-11614
-14529
-16330
-15297
-12443
-8812
-5641
-1880
6288
12359
15657
14084
7329
2794
2056
7463
12912
13900
11674
6754
701
-4291
-7514
-9678
-11912
-16981
-19356
-16814
-13204
-10596
-11937
-14971
-16216
-14152
-8926
-1900
1207
2244
3020
2357
5058
6179
5919
3661
-485
-1086
1480
3662
2858
381
-3280
-4831
-4797
-2664
547
1127
621
-241
995
3084
4608
4584
3228
2956
5065
8432
11187
12684
12475
13054
12863
15891
18592
19364
20617
15641
14814
12781
8974
6645
-8015
-20669
-25568
-22813
-13144
-9753
-12046
-11913
-13010
-15258
-10452
-8471
-4020
-978
-612
8996
14615
17853
17184
9109
3634
1377
3897
9543
9547
5219
899
-5988
-9339
-10678
-12599
-12895
-17807
-19996
-16550
-12474
-8347
-8239
-10029
-10141
-7725
-2094
4967
8161
8451
4201
-969
-199
-522
1672
1873
-2042
-2928
-2430
-1362
-554
-3016
-7462
-7696
-6516
-2229
2672
4399
3706
355
-81
1798
4850
7047
6933
7128
7847
8257
9618
10581
10625
11109
13092
14542
17113
19079
16163
15731
12499
10571
9921
7461
3885
-10087
-21206
-24705
-18661
-10138
-9860
-10894
-10585
-9779
-9943
-5657
-3412
-1468
568
2405
11865
16321
16571
13361
5372
865
600
4444
6624
3295
-2666
-6632
-9196
-10290
-10480
-12263
-14003
-17612
-17345
-11513
-7402
-6072
-7672
-9254
-7385
-3438
987
4355
2768
-2569
-3316
-1107
2134
3983
1405
-1883
-4835
-5162
-2826
-1459
-3684
-6251
-6226
-3586
-190
2002
2959
1227
-375
911
4279
7196
8363
7787
7458
7921
8683
10505
10644
10417
11403
13224
15224
17732
17940
16001
14302
10517
10275
8612
7321
3538
-11520
-21426
-23701
-17005
-7325
-8351
-10651
-9262
-9738
-8437
-3713
-1994
731
893
2834
11905
14228
13339
9369
1555
-653
763
5057
7627
2360
-4157
-7828
-10491
-10561
-10340
-10982
-11168
-14007
-13309
-8790
-6754
-6735
-8614
-8720
-5352
-928
3339
6241
4276
349
-3314
-5094
-3541
-3135
-1925
-1934
-3871
-4357
-4006
-4425
-4809
-5795
-5631
-2381
-95
2456
4543
4184
3060
1961
2698
4809
6877
8537
9037
9033
8090
7414
7918
8999
11245
12895
14187
15078
15957
15842
13857
12329
10552
9666
7793
6257
-3076
-16129
-21369
-20657
-10141
-6057
-7463
-6536
-7297
-8885
-7583
-5169
-3065
-70
1308
8089
13091
11190
8715
2970
-839
-126
3059
7453
5751
-35
-4168
-7162
-9117
-10362
-11509
-10913
-11086
-11655
-9007
-6894
-7551
-8952
-9624
-7026
-2565
1139
3407
2891
55
-3341
-2539
-1649
-1810
-1481
-2871
-3777
-4157
-4033
-3798
-4104
-5746
-4884
-2088
-838
142
598
1178
1526
1840
4058
5856
6232
6724
7048
7307
7296
7422
8036
9334
11098
13018
13996
14000
14583
13794
13220
12036
10352
10718
8336
7774
1031
-12748
-19195
-19734
-10979
-4188
-5813
-5996
-5985
-8417
-7495
-4938
-3959
-1075
-69
5248
11409
9871
7287
2699
-1552
-800
2517
6563
6582
1093
-3112
-5129
-7029
-7760
-8886
-9183
-8773
-9597
-8171
-6397
-6940
-8022
-8194
-6344
-2345
828
2544
2541
-29
-1084
-1979
-1842
-1147
-1615
-890
-1587
-3396
-3708
-3766
-4411
-3559
-3171
-1812
-30
-511
486
1131
1452
1850
2612
3843
4785
5319
5511
5513
5375
5507
5939
7556
8737
10117
9831
10788
11085
12307
11889
10447
10651
9228
8387
6390
5194
-5160
-14692
-17867
-13263
-3988
-3996
-5230
-5322
-6381
-8044
-6319
-4175
-2831
-1572
1058
7749
9294
6276
3614
-86
-1298
570
4560
6777
3232
-1970
-4050
-4534
-5606
-6865
-7976
-7792
-7949
-8086
-6654
-6357
-7739
-8260
-7018
-3651
-89
1477
1764
1125
-411
-819
-1008
-772
-638
-1056
-675
-1861
-3369
-3836
-3867
-3295
-2425
-1952
-533
130
-314
842
1757
1997
2131
2592
3404
4057
3957
3919
4176
3963
4375
5229
6489
7282
8181
8315
9147
9997
10793
10901
9726
10053
8857
7359
6102
2952
-5264
-12150
-14187
-9260
-3239
-4270
-5236
-5613
-6641
-7548
-6523
-4114
-2315
-1395
2038
7108
7303
4604
2358
492
366
2314
5406
6377
2878
-1382
-2906
-3551
-5167
-6693
-7224
-6828
-7059
-7197
-6238
-6512
-7933
-8109
-6276
-2843
-45
775
1142
757
332
141
-520
-576
-1157
-1047
-507
-769
-1560
-2290
-2582
-2394
-1828
-1623
-833
-487
-183
924
1739
2001
1712
1961
2772
3371
3176
2987
3186
2918
3681
4984
5992
6705
7343
8020
9353
10241
10963
10724
10616
10731
9766
8665
6781
6085
-1264
-10749
-15019
-12161
-5646
-5232
-6624
-6890
-6717
-9096
-8778
-5666
-4549
-3287
-642
5640
8712
6258
3977
1841
270
1094
5151
8029
5973
1239
-1602
-2168
-4800
-7423
-8291
-8092
-7862
-8251
-7394
-7001
-9158
-10999
-9868
-6647
-3405
-1398
-180
313
-67
-121
878
4
-2229
-2404
-921
646
-16
-1271
-1542
-1710
-1698
-812
313
-234
-454
738
2149
2467
1606
1433
1557
1866
2948
3997
3795
2752
3411
5070
7133
8138
8535
9429
10839
12811
13869
14964
14223
13397
13040
13018
11691
9439
7724
138
-11114
-18145
-16009
-9488
-7571
-8635
-8769
-7702
-10109
-11352
-8682
-7234
-6432
-3380
4708
10169
8703
5748
2841
341
-23
3962
8317
7784
3786
830
-186
-3345
-7383
-9186
-8834
-7875
-7956
-6992
-6657
-9075
-11622
-11990
-9371
-6600
-4484
-2818
-1490
-1282
-1995
-1131
-1697
-3325
-2988
51
2418
1735
507
-182
-647
-1480
-659
928
373
-438
688
2441
1863
-53
-317
-195
-66
1360
3521
3751
2331
2617
4839
6522
6996
8505
9449
10311
11723
13163
14438
13996
12704
12295
12445
11148
9435
8383
5724
-2329
-12137
-15625
-12046
-7984
-7198
-7717
-6039
-6209
-9285
-9927
-8882
-7905
-7268
-2680
5076
8311
5973
3185
1066
-1070
-322
2976
5792
5348
3288
3276
2604
-1009
-4843
-6652
-6475
-6231
-5301
-3189
-3025
-5858
-8599
-8981
-8650
-8481
-7721
-5555
-2914
-2200
-2079
-1799
-2343
-3078
-2915
-1168
493
904
1331
2509
2549
1503
784
54
-32
368
1448
2760
2467
1401
852
326
-172
-117
468
1250
2071
3064
4298
4939
4705
4488
4519
5427
6896
8171
9017
9108
8774
8053
7102
6294
6215
6462
6345
5871
3660
-1179
-6039
-7378
-5204
-2478
-1996
-2217
-1546
-2479
-3513
-3126
-2768
-2995
-3859
-3096
-489
1021
789
342
-999
-2877
-3401
-2774
-2094
-2510
-3140
-2038
-944
-840
-846
-1347
-1993
-3015
-3663
-2934
-1947
-1241
-1106
-1309
-1363
-1546
-1802
-1977
-2030
-2249
-2410
-2376
-1924
-1078
-962
-1567
-2256
-2879
-2590
-1978
-1304
-740
-1072
-1659
-2014
-1837
-1413
-1293
-1435
-1444
-1115
-421
393
839
899
978
1246
2010
2690
2852
3119
3467
4104
4694
4951
4857
4207
3635
3604
4139
4575
4724
4821
4728
5199
5587
6103
6879
6559
4949
2673
1893
2772
4518
5192
4129
3248
1830
661
419
-99
-1149
-2918
-3836
-2773
-1402
-1622
-3198
-5256
-6287
-5613
-4965
-4661
-4702
-5252
-5494
-5412
-4577
-3681
-4040
-4387
-3983
-3388
-2477
-1538
-765
-450
-1034
-1406
-952
-746
-944
-1194
-1499
-1749
-2025
-1878
-1396
-1281
-1900
-2729
-3023
-2560
-1924
-1586
-1314
-1404
-1423
-1048
-503
116
273
86
200
340
470
870
1146
1298
1272
1427
2191
2952
3056
2774
2288
1902
2069
2536
3222
3618
3579
3570
3901
4845
5579
5794
6221
6875
7459
7809
6936
5037
3630
3192
4218
5148
4366
2726
502
-1213
-1881
-2222
-2129
-2503
-3475
-3669
-3299
-3373
-3850
-4915
-5662
-5531
-5354
-4847
-4476
-4776
-4884
-4653
-4240
-3481
-2877
-2340
-1557
-849
-299
-46
237
843
1130
774
69
-307
-303
-385
-531
-777
-1354
-2206
-2478
-1959
-1568
-1820
-2508
-2914
-2625
-2168
-1761
-1366
-1418
-1440
-914
-529
-647
-1058
-1420
-1506
-1402
-943
-108
402
398
538
997
1324
1126
741
891
1225
1524
2121
2780
3221
3130
2974
3372
4131
4701
5294
6195
6987
7815
8408
8680
8673
7223
4851
3440
3000
3307
3417
2187
937
-4
-728
-589
-695
-1292
-2058
-2807
-2327
-1552
-2031
-3062
-4072
-4382
-4135
-4403
-4591
-4536
-4998
-5162
-4391
-3396
-2535
-2355
-2226
-1585
-1498
-1582
-1407
-1038
-479
-302
-249
-326
-1158
-1944
-2064
-2050
-2196
-2441
-2257
-1416
-773
-636
-955
-1770
-2267
-2056
-1421
-1029
-1329
-1829
-1966
-1562
-918
-674
-1198
-1913
-2028
-1422
-530
18
148
-58
-54
473
974
1102
844
506
631
1403
2441
3184
3291
3078
3231
3892
4677
5443
6033
6423
6647
6755
6961
7131
6960
6458
5248
3328
2212
2132
2765
3494
2743
1413
350
-274
262
471
-148
-855
-1777
-1997
-1482
-1556
-2184
-3346
-4448
-4124
-3469
-3370
-3522
-4269
-4810
-4699
-4254
-3372
-2864
-2962
-3004
-2773
-2341
-2022
-1878
-1805
-1664
-1463
-978
-606
-884
-1345
-1789
-1897
-1510
-1041
-674
-664
-1093
-1674
-2199
-2227
-1922
-1724
-1557
-1471
-1607
-1839
-1862
-1498
-1201
-1230
-1307
-1253
-1092
-939
-750
-469
-194
219
910
1366
1409
1275
1171
1545
2257
2941
3306
3341
3445
3583
3773
4122
4357
4380
4307
4564
5223
5652
5851
6167
6678
6846
6306
4740
2852
2135
2438
3649
3948
2693
1580
661
398
273
-395
-1177
-2049
-2453
-1890
-1370
-1858
-2917
-4050
-4306
-3931
-4107
-4467
-4895
-5323
-4884
-4313
-3759
-3371
-3588
-3244
-2409
-1769
-1522
-1559
-1371
-756
-248
-87
-109
-615
-1234
-1525
-1671
-1480
-1429
-1614
-1409
-1208
-1431
-1793
-2239
-2322
-1955
-1836
-1693
-1743
-2103
-2133
-1831
-1246
-774
-772
-873
-799
-601
-140
416
749
923
882
909
1229
1389
1353
1150
901
1111
1555
1895
2284
2585
2783
3079
3516
4004
4395
4711
4953
5367
5772
5927
6204
6573
6901
6823
6013
4182
2398
1947
2469
3486
3249
1970
1123
280
-95
-344
-1006
-1763
-2626
-2784
-2086
-1821
-2543
-3512
-4045
-3886
-3619
-3818
-4058
-4329
-4453
-3825
-2943
-2144
-1841
-2064
-2015
-1771
-1688
-1767
-1597
-1231
-779
-538
-645
-757
-1289
-1921
-1993
-2053
-2040
-1819
-1516
-1074
-1150
-1701
-1887
-1854
-1840
-1639
-1457
-1315
-1377
-1615
-1378
-955
-1093
-1456
-1618
-1479
-1221
-1227
-1151
-916
-901
-723
-144
473
748
588
529
760
1019
1269
1724
2189
2414
2508
2612
3005
3349
3488
3721
4102
4559
4783
4950
5164
5287
5427
5642
6113
6237
5206
3192
1510
1331
2054
2908
2839
1806
811
-43
-191
57
-379
-1221
-1786
-1409
-355
-98
-956
-1979
-2638
-2743
-2570
-2878
-3393
-3879
-4207
-3724
-3076
-2757
-2662
-2887
-2644
-2026
-1728
-1586
-1560
-1472
-952
-333
-1
-118
-884
-1482
-1404
-1301
-1094
-940
-1144
-1164
-1280
-1453
-1536
-2106
-2523
-2519
-2346
-1906
-2001
-2553
-2770
-2627
-2103
-1592
-1490
-1540
-1603
-1622
-1257
-921
-806
-425
150
860
1318
1298
1228
1186
1332
1879
2245
2161
2057
2210
2578
2847
2912
2968
2984
3006
3246
3465
3569
3688
4061
4709
5395
5865
6006
5962
5365
4015
2476
1744
2402
3422
3590
2964
1960
925
247
71
-23
-431
-1180
-1389
-766
-409
-940
-1882
-2463
-2553
-2709
-2980
-3104
-3317
-3618
-3670
-3167
-2408
-2062
-1991
-1648
-1264
-1298
-1485
-1423
-1014
-635
-552
-525
-658
-1165
-1615
-1761
-1881
-2062
-2369
-2593
-2542
-2503
-2419
-2298
-2391
-2652
-2859
-2814
-2604
-2647
-2793
-2622
-2218
-1683
-1408
-1411
-1465
-1622
-1531
-1130
-765
-589
-508
-145
449
757
731
611
552
684
896
1155
1416
1511
1644
1950
2351
2687
2775
2849
3188
3655
3907
3867
3833
3987
4315
4730
5061
5190
5097
5175
5484
5295
4187
2637
1881
2296
3082
3397
2821
1796
919
495
559
521
-64
-855
-1140
-678
-185
-481
-1392
-2177
-2482
-2533
-2636
-2929
-3331
-3674
-3672
-3128
-2514
-2384
-2616
-2693
-2398
-2104
-1997
-1953
-1880
-1686
-1401
-1134
-1034
-1226
-1583
-1940
-2184
-2349
-2432
-2440
-2322
-2035
-1849
-1950
-2165
-2370
-2503
-2444
-2303
-2242
-2244
-2169
-1792
-1328
-1101
-1014
-1054
-1169
-1160
-945
-568
-183
142
531
937
1230
1388
1372
1241
1250
1418
1653
1909
2049
2063
1978
1923
2012
2075
2015
2044
2243
2460
2616
2721
2796
2890
3104
3496
3889
3980
3944
4008
4211
4587
4705
4215
3120
2009
1744
2193
2674
2564
1774
806
271
250
370
154
-469
-927
-916
-592
-373
-708
-1446
-2071
-2304
-2245
-2362
-2733
-3066
-3221
-3122
-2824
-2534
-2440
-2426
-2309
-2133
-2061
-2101
-1984
-1682
-1354
-1156
-1296
-1717
-2187
-2410
-2426
-2448
-2490
-2473
-2312
-2137
-2053
-2075
-2208
-2211
-1919
-1518
-1215
-1233
-1446
-1608
-1565
-1276
-980
-848
-840
-793
-672
-536
-435
-307
-110
130
464
801
993
995
891
890
1082
1357
1535
1562
1548
1627
1798
2002
2207
2314
2296
2262
2337
2454
2510
2513
2585
2830
3030
3113
3164
3116
3011
2906
2952
3239
3542
3857
4229
4072
3259
2344
1826
2186
2750
2770
2450
1718
1005
744
673
635
226
-494
-783
-709
-782
-1181
-1865
-2314
-2394
-2446
-2432
-2482
-2829
-3212
-3386
-3232
-2857
-2630
-2411
-2089
-1902
-1855
-1875
-1820
-1606
-1280
-986
-873
-1114
-1536
-1691
-1644
-1494
-1369
-1380
-1434
-1549
-1624
-1669
-1860
-2147
-2302
-2139
-1788
-1556
-1617
-1844
-1967
-1891
-1662
-1357
-1108
-1075
-1126
-962
-608
-398
-427
-457
-249
50
214
212
63
-75
-54
182
514
652
614
609
751
996
1199
1331
1410
1537
1713
1842
1923
1950
2043
2251
2523
2791
2850
2824
2905
3038
3151
3227
3345
3523
3723
3896
3900
3433
2648
2136
2135
2491
2617
2235
1665
1117
895
963
914
605
88
-281
-254
-101
-216
-737
-1331
-1580
-1523
-1460
-1601
-1933
-2275
-2418
-2274
-1958
-1765
-1810
-1847
-1784
-1652
-1557
-1537
-1505
-1472
-1397
-1314
-1328
-1490
-1717
-1837
-1823
-1787
-1809
-1880
-2023
-2132
-2210
-2327
-2405
-2429
-2363
-2228
-2194
-2257
-2348
-2461
-2433
-2262
-2034
-1818
-1703
-1554
-1354
-1162
-972
-815
-629
-398
-154
71
256
360
414
506
628
767
869
897
925
944
925
939
1005
1092
1206
1319
1391
1403
1355
1361
1464
1574
1643
1720
1878
2090
2363
2529
2529
2517
2606
2900
3221
3467
3613
3604
3656
3772
3815
3659
3336
3109
3109
3302
3323
3134
2736
2264
2052
1965
1887
1621
1198
885
683
527
298
-59
-472
-777
-953
-1106
-1292
-1578
-1875
-2069
-2181
-2228
-2312
-2452
-2549
-2621
-2682
-2772
-2871
-2905
-2873
-2845
-2870
-2981
-3157
-3264
-3266
-3219
-3150
-3109
-3091
-3045
-3009
-2999
-2992
-2980
-2898
-2750
-2590
-2444
-2357
-2295
-2196
-2024
-1817
-1640
-1470
-1284
-1113
-974
-834
-699
-533
-313
-95
78
181
224
287
377
489
612
705
784
891
1015
1083
1102
1111
1177
1324
1519
1741
1908
1992
2068
2198
2389
2556
2648
2733
2873
3049
3211
3338
3409
3445
3513
3601
3708
3738
3696
3677
3676
3704
3681
3573
3396
3212
3078
2921
2696
2387
2062
1800
1587
1387
1119
792
467
169
-38
-243
-495
-770
-1049
-1271
-1445
-1600
-1789
-2016
-2237
-2411
-2525
-2653
-2765
-2859
-2972
-3070
-3128
-3126
-3112
-3097
-3098
-3118
-3095
-3077
-3030
-2958
-2938
-2904
-2878
-2849
-2776
-2700
-2624
-2560
-2513
-2425
-2302
-2184
-2065
-1950
-1851
-1727
-1591
-1438
-1296
-1198
-1101
-1010
-888
-721
-559
-455
-365
-240
-81
89
234
350
447
563
700
839
968
1066
1149
1236
1342
1424
1491
1556
1616
1689
1769
1833
1889
1956
2007
2071
2127
2165
2195
2202
2230
2264
2277
2287
2283
2279
2273
2254
2229
2189
2152
2124
2084
2024
1955
1874
1791
1721
1656
1567
1439
1312
1216
1137
1060
953
848
752
628
525
421
290
154
31
-75
-165
-282
-425
-557
-696
-803
-894
-991
-1093
-1198
-1304
-1389
-1454
-1527
-1615
-1705
-1776
-1828
-1899
-1982
-2076
-2137
-2175
-2210
-2210
-2221
-2235
-2232
-2206
-2188
-2177
-2150
-2099
-2019
-1928
-1851
-1800
-1763
-1713
-1642
-1562
-1476
-1392
-1302
-1202
-1081
-949
-839
-753
-668
-553
-415
-284
-157
-47
51
135
222
312
409
507
591
695
791
873
931
1001
1077
1131
1193
1250
1315
1366
1420
1459
1480
1506
1514
1532
1546
1559
1586
1603
1632
1651
1664
1657
1631
1610
1596
1607
1613
1600
1574
1542
1525
1515
1508
1490
1463
1427
1404
1371
1320
1269
1205
1164
1136
1094
1024
937
838
761
706
650
576
496
409
319
245
155
65
-41
-159
-275
-399
-513
-621
-719
-829
-940
-1046
-1152
-1233
-1307
-1375
-1451
-1545
-1631
-1693
-1740
-1781
-1836
-1900
-1946
-1968
-1982
-1986
-1988
-2009
-2010
-1994
-1972
-1943
-1910
-1854
-1790
-1711
-1629
-1562
-1509
-1449
-1362
-1280
-1197
-1111
-1019
-935
-862
-764
-661
-574
-490
-390
-274
-172
-82
2
88
190
291
400
492
560
629
717
818
904
965
1013
1053
1099
1164
1243
1312
1358
1407
1463
1509
1539
1552
1568
1583
1599
1608
1624
1640
1644
1644
1634
1608
1568
1539
1528
1514
1486
1440
1384
1324
1267
1208
1149
1085
1022
960
890
826
763
692
614
530
446
374
285
183
83
-9
-91
-172
-247
-331
-421
-495
-566
-636
-704
-773
-854
-920
-986
-1050
-1105
-1154
-1192
-1236
-1269
-1297
-1330
-1377
-1419
-1450
-1485
-1512
-1523
-1505
-1483
-1469
-1462
-1458
-1445
-1441
-1429
-1407
-1381
-1340
-1290
-1240
-1195
-1154
-1124
-1084
-1025
-955
-879
-805
-740
-670
-599
-526
-440
-370
-303
-231
-146
-55
21
95
171
237
296
361
425
473
523
583
649
719
782
836
886
940
995
1049
1087
1118
1146
1172
1205
1231
1244
1236
1224
1219
1218
1215
1216
1225
1223
1215
1202
1179
1145
1113
1087
1067
1042
1005
958
909
848
788
736
690
637
577
521
471
417
355
297
245
191
133
83
37
-21
-88
-147
-205
-258
-300
-344
-381
-429
-483
-532
-585
-624
-647
-679
-710
-736
-762
-790
-818
-836
-853
-876
-889
-889
-888
-889
-882
-868
-871
-877
-864
-835
-807
-785
-758
-730
-719
-699
-669
-642
-611
-574
-537
-501
-462
-426
-382
-352
-316
-265
-221
-176
-142
-104
-71
-40
0
38
66
103
138
165
199
218
237
260
285
324
360
387
409
429
448
467
473
484
500
505
500
497
511
519
526
533
534
531
529
534
533
529
518
499
472
460
452
436
408
388
385
372
349
325
302
271
225
191
174
151
131
109
84
51
20
-5
-35
-75
-106
-119
-144
-183
-217
-239
-260
-280
-296
-320
-350
-369
-375
-386
-404
-420
-433
-451
-471
-481
-483
-482
-481
-475
-465
-463
-461
-458
-453
-445
-437
-427
-415
-402
-389
-373
-359
-343
-332
-323
-306
-292
-281
-256
-220
-182
-152
-133
-113
-83
-60
-46
-22
0
17
37
54
85
125
147
168
195
217
246
280
312
341
359
365
378
397
415
431
431
425
427
440
447
440
437
444
446
448
451
449
441
430
425
426
413
391
375
357
334
324
321
301
270
251
238
225
202
182
159
119
88
72
66
36
-6
-36
-56
-74
-97
-107
-130
-165
-196
-211
-230
-255
-264
-273
-292
-318
-326
-332
-349
-366
-373
-372
-384
-395
-400
-403
-411
-411
-408
-406
-403
-397
-395
-403
-395
-383
-370
-365
-357
-339
-322
-312
-302
-281
-257
-240
-228
-197
-165
-139
-118
-96
-83
-72
-51
-32
-13
8
47
71
80
97
117
135
159
182
202
213
219
240
262
285
308
323
326
319
328
346
350
345
343
351
356
355
354
352
347
344
342
333
321
306
287
274
266
265
251
233
217
210
202
182
157
146
135
126
111
101
89
60
34
16
2
-17
-29
-39
-59
-81
-97
-109
-116
-132
-139
-142
-152
-162
-171
-186
-207
-213
-211
-210
-214
-217
-217
-218
-224
-229
-233
-237
-238
-237
-232
-233
-236
-226
-216
-217
-209
-189
-181
-182
-184
-177
-166
-156
-145
-142
-135
-126
-105
-81
-70
-65
-59
-48
-40
-25
-13
-3
2
13
26
37
50
63
78
88
87
91
99
100
103
109
120
123
127
140
150
157
163
177
185
178
167
160
156
148
149
156
162
164
163
160
150
139
130
116
106
102
95
83
75
69
70
62
50
49
47
44
32
24
6
-13
-27
-38
-45
-51
-50
-57
-74
-83
-83
-86
-94
-101
-100
-99
-106
-106
-102
-97
-103
-106
-110
-124
-136
-136
-126
-120
-111
-103
-97
-93
-87
-84
-83
-81
-75
-61
-60
-62
-64
-60
-61
-66
-55
-43
-44
-45
-31
-20
-18
-18
-14
-6
-3
7
19
25
23
20
26
40
43
49
53
49
47
52
60
59
63
70
75
77
77
81
80
76
76
86
84
74
79
80
67
65
68
67
63
63
63
64
56
51
50
43
40
36
31
24
17
14
9
4
-6
-5
-4
-4
-2
-3
-6
-14
-15
-15
-23
-34
-41
-46
-45
-47
-52
-41
-26
-21
-24
-30
-33
-40
-44
-47
-43
-40
-42
-46
-50
-51
-48
-41
-37
-34
-32
-33
-36
-39
-39
-38
-43
-41
-37
-33
-34
-29
-22
-16
-15
-15
-13
-11
-8
-6
-1
-1
-1
0
8
9
9
6
3
6
1
4
7
10
12
11
9
10
14
11
6
6
8
5
-2
-4
-4
-2
6
8
12
13
1
-11
-17
-17
-9
-5
-5
-4
-3
-3
-3
-2
0
0
3
7
3
1
0
6
12
6
-1
0
1
1
2
7
4
1
5
12
16
19
15
13
18
17
11
13
21
28
33
36
32
29
26
24
27
27
30
24
11
6
11
17
12
8
-2
-2
2
1
-6
-12
-9
-7
-3
2
-1
-12
-12
-8
-5
-6
-9
-15
-17
-18
-23
-23
-23
-23
-16
-11
-9
-4
-5
-5
-10
-20
-27
-30
-26
-21
-18
-18
-22
-19
-17
-13
-11
-13
-17
-20
-9
-3
-3
-3
3
2
-5
-9
-7
6
11
10
11
9
5
8
13
10
10
13
19
19
11
16
24
26
31
37
38
29
26
30
35
31
23
17
12
15
20
20
18
20
19
21
21
16
14
8
7
13
20
20
15
14
16
17
19
19
14
5
5
11
14
13
13
13
10
4
-4
-8
-8
-6
-9
-7
-3
-5
-4
-3
-1
-2
-5
-10
-12
-13
-15
-19
-26
-26
-23
-17
-23
-23
-11
-9
-6
-4
-5
-9
-12
-12
-10
-8
-5
1
-4
-2
7
11
6
7
6
1
-2
1
6
10
4
-2
3
4
4
11
14
5
0
-1
1
0
-5
-1
1
2
-3
-7
-12
-16
-11
-5
-2
4
3
-6
-8
-10
-8
-4
-6
-9
-5
-2
-6
-7
-5
-6
-8
-1
5
9
9
3
1
-8
-10
-5
-1
2
1
0
2
4
0
-1
-2
-1
0
-3
0
8
9
11
16
15
11
1
-7
-12
-15
-9
-1
5
11
20
14
10
14
6
0
-1
-3
-5
1
5
3
-3
-2
1
2
7
11
13
11
12
17
12
7
6
4
-1
2
5
11
14
12
11
6
3
6
5
-2
-8
-7
-7
-8
-7
-7
-6
-1
-1
-8
-16
-24
-25
-26
-27
-29
-27
-23
-23
-27
-23
-20
-24
-23
-22
-27
-31
-31
-27
-19
-17
-12
-6
-6
-5
-7
-9
-12
-8
0
-1
-6
-4
3
3
-1
-7
-5
0
-3
-1
2
4
6
4
1
3
15
28
32
23
13
7
6
7
12
20
25
25
27
30
29
29
32
30
21
16
12
15
26
31
30
26
21
23
20
16
21
27
27
23
22
24
24
21
20
20
13
8
2
-4
-7
-7
-2
-1
-3
-2
-5
-10
-10
-9
-8
-9
-14
-17
-20
-17
-9
2
3
0
-4
-9
-12
-13
-11
-10
-13
-17
-18
-13
-6
-2
-8
-13
-16
-14
-13
-17
-14
-10
-12
-9
-10
-20
-28
-29
-24
-19
-18
-18
-21
-28
-25
-22
-19
-16
-11
-9
-7
-1
3
0
-3
-6
-16
-20
-15
-6
-1
1
3
5
9
8
5
8
15
15
15
11
6
7
6
11
16
15
18
17
12
10
12
10
3
4
4
1
0
4
7
-1
-10
-10
-6
-3
3
3
-2
-4
-3
-8
-14
-12
-6
1
-1
-3
-3
-5
-5
-7
-2
2
0
-5
-7
-11
-11
-2
1
-2
-4
-9
-12
-13
-14
-7
-6
-14
-15
-14
-15
-15
-9
-4
-6
-5
-3
-7
-4
8
10
1
-5
-10
-12
-11
-12
-12
-12
-9
-5
-2
-1
-2
2
4
3
-1
1
4
2
3
4
0
-2
-2
0
1
-4
-6
0
5
5
1
-3
-8
-7
-3
-4
-4
-7
-5
0
6
11
4
-3
-5
-4
4
8
13
14
12
11
8
14
17
14
15
17
16
17
15
17
19
19
20
21
23
18
23
