1
0
1
1
0
1
0
0
0
0
-1
-1
-1
0
0
-1
-1
0
0
0
0
0
1
1
0
-2
0
1
1
0
-1
0
1
2
-1
-1
0
1
1
1
0
0
0
0
0
0
0
-1
0
1
1
0
0
0
0
1
0
1
0
0
0
-1
-1
0
0
0
-1
-1
1
1
-1
0
0
1
2
0
-2
0
1
1
-1
0
-1
0
0
-1
-1
1
-1
0
0
-1
0
0
0
0
0
1
0
0
1
0
-1
1
0
0
1
0
-1
2
-1
-1
-2
-1
1
0
0
-1
-1
2
1
-1
-1
0
0
3
-1
0
1
-1
-1
0
-1
0
1
-1
-1
0
0
0
-1
0
0
1
2
-1
1
2
0
0
0
-1
-2
-1
0
-1
0
0
0
-1
1
0
-2
0
-1
0
2
0
1
2
2
2
0
0
0
0
0
-1
-1
1
-1
-2
-1
-3
-3
-1
-1
-1
4
2
3
2
0
0
0
0
0
-1
0
0
-1
1
0
-2
-2
-4
-1
3
4
4
4
3
2
0
-2
-5
-5
-5
-5
-2
3
2
2
3
-1
-1
1
0
-1
1
4
6
3
0
-1
-3
-5
-6
-6
-2
2
4
8
4
3
3
0
-2
-2
0
2
2
2
1
-1
-4
-9
-12
-9
-7
-2
5
7
7
5
0
-3
-6
-7
-5
1
9
18
22
23
16
3
-8
-20
-30
-30
-24
-12
0
7
13
18
19
14
3
-5
-9
-3
4
9
7
1
-11
-20
-26
-30
-28
-15
6
33
58
72
67
45
11
-24
-53
-74
-72
-47
-18
10
37
53
45
22
-10
-46
-68
-68
-41
-1
32
56
71
64
38
7
-17
-33
-37
-17
14
32
36
29
3
-40
-83
-108
-96
-52
9
78
134
157
151
115
43
-43
-123
-183
-206
-188
-138
-68
6
67
110
139
153
160
154
135
106
59
-10
-76
-125
-170
-206
-218
-185
-103
3
106
185
214
190
129
51
-36
-118
-170
-184
-166
-112
-24
66
129
154
145
123
102
70
32
-5
-65
-145
-202
-207
-153
-64
28
128
242
331
360
321
186
-26
-253
-442
-547
-541
-438
-258
-54
111
239
361
433
424
357
264
166
82
23
-19
-80
-207
-369
-462
-434
-305
-109
113
310
458
547
532
379
103
-253
-594
-811
-858
-710
-365
41
339
524
623
604
465
241
-17
-221
-319
-287
-101
136
264
257
176
74
17
42
113
187
226
208
145
4
-259
-590
-905
-1110
-1090
-776
-223
427
958
1182
1121
889
506
-10
-529
-922
-1117
-1043
-674
-127
391
724
858
875
805
661
540
444
270
75
-20
-106
-303
-547
-767
-947
-1039
-979
-714
-284
126
399
557
570
400
141
-116
-346
-475
-417
-156
242
657
965
1096
1023
760
385
-6
-345
-602
-754
-758
-619
-432
-269
-105
54
146
189
266
380
437
391
237
-16
-337
-651
-872
-950
-899
-716
-368
94
532
859
1037
1030
849
565
272
41
-141
-280
-313
-233
-116
3
125
214
252
243
190
103
-33
-231
-452
-646
-783
-831
-765
-587
-346
-85
189
462
651
684
589
416
191
-25
-151
-177
-144
-68
63
250
435
528
513
427
264
44
-129
-226
-322
-438
-531
-585
-594
-541
-401
-181
51
253
449
614
678
604
381
15
-380
-660
-764
-685
-472
-222
21
257
438
513
498
400
240
111
79
132
214
244
175
47
-101
-218
-255
-247
-245
-226
-185
-140
-85
-63
-140
-277
-388
-417
-313
-85
179
409
593
686
672
578
408
161
-110
-351
-537
-593
-495
-329
-172
-45
45
110
168
206
219
195
139
96
90
103
105
47
-79
-198
-248
-218
-110
9
70
95
97
61
-6
-93
-193
-265
-274
-207
-64
113
230
255
235
200
164
140
98
23
-34
-54
-59
-40
-31
-77
-118
-106
-77
-17
73
124
120
86
17
-73
-148
-184
-172
-127
-77
-9
68
128
168
166
99
11
-44
-72
-78
-57
-36
-35
-31
-18
-3
21
25
1
5
48
107
197
266
229
136
48
-65
-163
-189
-203
-224
-194
-133
-74
-27
-26
-87
-150
-167
-122
-24
72
142
214
275
302
311
289
201
89
15
-27
-42
-27
-23
-55
-108
-166
-213
-237
-255
-254
-213
-153
-76
16
82
112
124
99
47
32
41
53
94
147
165
155
133
98
56
3
-54
-67
-30
11
57
101
86
18
-56
-124
-183
-194
-154
-109
-79
-67
-73
-70
-70
-99
-125
-108
-59
2
73
138
175
167
144
134
122
103
106
118
108
94
91
88
76
55
21
-19
-70
-130
-147
-114
-90
-99
-106
-107
-113
-125
-149
-184
-206
-207
-176
-90
19
90
131
157
142
111
108
127
147
180
221
257
267
229
163
91
8
-69
-94
-86
-78
-76
-87
-109
-139
-176
-213
-226
-210
-175
-123
-84
-69
-63
-54
-49
-43
-42
-44
-16
32
68
109
167
202
225
275
315
323
311
266
192
132
89
47
13
-35
-108
-167
-214
-276
-329
-357
-379
-375
-328
-269
-212
-157
-126
-114
-82
-24
55
154
249
318
363
384
379
363
334
290
241
192
152
130
99
40
-26
-94
-175
-243
-278
-297
-308
-321
-342
-352
-344
-327
-276
-195
-127
-59
31
114
175
229
267
280
295
304
303
304
286
235
186
148
96
50
28
8
-25
-61
-106
-151
-194
-233
-255
-258
-263
-261
-230
-191
-171
-156
-131
-94
-52
-2
57
112
147
175
209
230
236
241
251
259
258
232
193
153
89
-2
-75
-125
-173
-202
-204
-208
-221
-238
-247
-230
-196
-167
-122
-51
6
34
55
71
84
104
126
139
149
161
169
176
162
115
68
39
15
1
0
1
-19
-68
-117
-130
-124
-119
-98
-73
-68
-67
-49
-28
-20
-33
-46
-29
12
48
83
100
68
16
-2
10
25
36
46
59
71
67
45
29
13
-11
-18
1
11
12
9
-14
-50
-79
-97
-92
-69
-54
-45
-36
-36
-39
-27
-2
25
44
59
78
94
97
77
48
25
17
12
12
21
26
2
-48
-95
-117
-106
-57
-5
6
0
16
37
30
8
-16
-29
-22
0
40
72
59
16
-17
-26
-24
-15
0
18
27
21
19
25
17
2
-8
-14
-21
-24
-14
-10
-25
-40
-38
-40
-34
-9
12
9
-12
-31
-21
15
39
47
53
62
64
53
32
8
-16
-24
-13
1
20
40
30
-5
-41
-66
-71
-57
-38
-23
-19
-20
-19
-20
-27
-30
-35
-41
-23
14
47
68
72
67
66
63
59
66
66
54
41
29
13
-11
-32
-42
-57
-84
-102
-99
-87
-78
-77
-63
-35
-13
11
30
24
18
24
13
7
33
70
101
107
77
48
36
16
3
13
20
14
13
29
42
20
-27
-70
-100
-105
-80
-54
-40
-29
-25
-41
-59
-61
-60
-76
-84
-61
-5
71
121
112
102
114
95
59
55
56
56
59
48
53
83
87
43
-25
-75
-82
-83
-107
-108
-69
-33
-24
-47
-97
-139
-150
-140
-124
-92
-29
43
101
138
132
88
50
40
53
84
112
131
144
145
127
84
34
-1
-39
-81
-71
-29
-21
-34
-46
-80
-118
-123
-122
-122
-111
-94
-83
-72
-57
-49
-47
-39
-27
-19
9
45
59
78
120
162
193
212
219
208
176
141
120
92
57
43
28
-8
-64
-134
-199
-231
-250
-271
-269
-234
-200
-180
-160
-140
-133
-117
-68
2
78
154
212
243
255
260
250
219
200
219
239
233
209
155
89
26
-55
-122
-141
-160
-202
-224
-224
-237
-259
-285
-289
-260
-216
-176
-137
-93
-47
-8
29
88
157
204
222
239
261
273
269
271
275
279
275
241
181
114
36
-53
-134
-192
-218
-226
-247
-284
-316
-341
-367
-396
-392
-316
-213
-124
-30
63
122
165
202
234
274
323
369
413
434
405
330
232
148
75
8
-43
-89
-148
-200
-239
-275
-307
-326
-328
-306
-265
-214
-177
-153
-117
-63
-3
56
108
152
193
204
193
193
214
236
239
226
217
199
147
84
36
-14
-57
-81
-97
-105
-119
-159
-209
-242
-257
-261
-250
-208
-145
-101
-80
-60
-34
6
58
110
163
216
245
252
251
237
225
215
198
174
149
105
32
-61
-141
-175
-180
-188
-202
-217
-237
-261
-282
-287
-263
-200
-108
-24
41
96
137
159
157
153
190
262
319
330
298
236
166
91
16
-19
-21
-34
-64
-100
-148
-197
-239
-268
-260
-221
-188
-155
-118
-92
-84
-75
-52
-9
50
109
159
192
206
189
157
143
146
157
166
155
130
104
55
-13
-62
-87
-96
-94
-107
-134
-160
-185
-206
-205
-177
-134
-92
-60
-33
-12
9
43
87
127
153
169
178
170
145
119
103
93
79
57
32
10
-27
-75
-112
-137
-150
-143
-119
-95
-83
-88
-102
-98
-74
-38
8
57
97
119
114
93
82
75
65
69
92
107
100
64
9
-37
-56
-69
-77
-68
-45
-38
-50
-70
-94
-111
-116
-104
-62
-3
37
45
37
25
17
6
11
48
97
131
144
127
83
36
3
-11
0
18
25
27
21
-12
-68
-116
-144
-151
-134
-95
-41
1
-2
-38
-63
-60
-44
-24
12
68
138
175
156
113
72
26
-7
8
49
92
99
50
-16
-55
-81
-118
-132
-104
-59
-27
-21
-30
-40
-58
-83
-80
-30
37
72
71
68
73
59
20
-2
18
53
73
69
45
21
-6
-44
-68
-48
-12
7
12
7
-6
-25
-53
-83
-80
-36
15
42
40
20
-7
-30
-41
-33
-9
23
50
66
64
40
5
-25
-35
-22
8
41
60
51
22
-12
-30
-35
-34
-23
-7
1
-3
-12
-25
-42
-43
-27
2
31
39
19
-7
-20
-24
-13
17
49
65
66
40
-5
-47
-71
-64
-24
30
73
83
52
-5
-68
-107
-109
-71
-1
77
126
122
63
-28
-102
-128
-96
-17
68
123
128
79
-10
-100
-149
-134
-66
28
111
145
112
23
-78
-142
-137
-69
31
123
168
143
52
-58
-140
-164
-118
-9
107
174
158
63
-71
-179
-211
-157
-41
98
197
208
131
-3
-141
-215
-181
-61
94
212
237
161
25
-113
-207
-217
-125
16
144
207
178
67
-76
-195
-236
-164
-16
131
215
206
116
-16
-134
-188
-147
-34
88
170
183
114
-3
-112
-177
-163
-71
37
114
144
108
16
-80
-139
-143
-79
26
111
145
117
34
-63
-120
-113
-54
28
93
112
77
5
-74
-126
-124
-63
24
91
112
81
8
-66
-107
-100
-43
42
110
125
87
15
-65
-116
-108
-49
33
96
110
72
-1
-75
-121
-122
-71
8
69
87
59
-6
-80
-120
-104
-42
39
100
107
67
5
-53
-80
-56
9
82
138
152
113
40
-38
-89
-87
-29
56
123
132
75
-23
-125
-194
-199
-138
-37
58
106
78
0
-84
-143
-151
-90
16
119
187
198
156
90
20
-40
-56
-1
87
155
172
128
40
-62
-146
-180
-151
-84
-28
-9
-23
-58
-104
-148
-160
-124
-59
4
50
73
74
58
34
25
49
96
135
152
149
122
75
30
8
12
24
25
3
-38
-87
-129
-154
-158
-141
-126
-127
-133
-140
-143
-126
-88
-46
-10
20
35
43
64
103
154
208
238
224
178
130
100
95
113
132
132
99
25
-73
-162
-214
-219
-193
-157
-130
-129
-157
-192
-212
-202
-160
-91
-12
59
115
148
160
165
177
194
210
218
215
203
196
193
177
139
76
-10
-101
-162
-179
-162
-133
-125
-154
-210
-267
-301
-288
-225
-132
-47
-1
6
-9
-10
30
112
209
286
315
281
214
158
147
187
244
276
242
138
-4
-137
-217
-220
-174
-129
-131
-194
-299
-400
-449
-418
-329
-217
-125
-83
-86
-92
-69
-1
105
222
317
363
364
342
325
334
364
383
368
312
218
108
13
-48
-81
-113
-173
-266
-372
-453
-485
-464
-407
-354
-335
-350
-372
-348
-249
-85
99
244
309
304
265
253
321
457
606
693
669
541
359
202
121
115
141
132
44
-121
-309
-467
-553
-560
-520
-480
-475
-505
-537
-530
-451
-310
-152
-20
60
93
117
182
308
477
633
717
694
581
443
345
329
388
458
452
320
72
-211
-421
-494
-441
-338
-290
-358
-530
-727
-834
-784
-596
-356
-170
-100
-134
-201
-202
-77
163
433
620
660
578
451
377
416
542
676
719
607
374
111
-78
-139
-100
-36
-35
-158
-384
-632
-802
-816
-680
-473
-305
-258
-340
-476
-555
-481
-235
100
391
533
496
357
242
250
409
644
832
867
722
467
225
98
108
185
219
131
-87
-355
-561
-632
-570
-459
-405
-456
-589
-716
-739
-624
-393
-128
66
129
75
-16
-34
87
346
662
904
964
808
515
253
168
291
537
725
694
408
-43
-466
-669
-605
-372
-159
-136
-346
-689
-989
-1078
-906
-565
-230
-59
-97
-254
-374
-324
-74
284
604
756
705
542
396
381
517
722
867
850
643
321
22
-135
-114
19
121
66
-182
-551
-874
-1005
-890
-609
-327
-207
-308
-550
-763
-781
-538
-118
301
550
549
360
151
95
272
608
925
1050
913
592
271
108
158
336
455
373
77
-315
-618
-706
-593
-397
-279
-349
-570
-827
-963
-873
-586
-227
63
174
100
-63
-179
-121
154
559
936
1108
1000
672
300
93
170
481
821
948
707
163
-438
-809
-789
-447
-49
115
-113
-637
-1163
-1383
-1168
-638
-103
148
20
-343
-649
-643
-266
317
810
984
801
443
177
190
489
895
1158
1107
743
245
-139
-240
-64
219
371
244
-157
-667
-1048
-1129
-895
-499
-189
-142
-373
-738
-992
-946
-581
-40
429
612
471
159
-82
-52
277
742
1106
1171
910
486
128
21
182
450
613
519
164
-291
-643
-753
-619
-377
-215
-253
-490
-790
-965
-901
-604
-203
104
188
46
-187
-306
-161
241
729
1064
1069
749
298
-10
28
399
867
1109
912
321
-374
-818
-795
-374
129
346
90
-523
-1146
-1417
-1186
-603
-23
223
41
-394
-756
-758
-353
255
752
896
671
291
43
118
491
927
1151
1012
576
92
-176
-113
183
459
473
155
-359
-817
-993
-844
-499
-192
-111
-294
-617
-882
-921
-689
-288
119
375
401
254
61
-29
74
351
686
929
959
762
432
130
5
95
306
465
410
102
-341
-697
-791
-600
-283
-77
-155
-498
-881
-1028
-796
-279
246
483
326
-73
-406
-391
39
675
1179
1279
929
336
-149
-240
105
653
1048
1004
475
-290
-896
-1037
-682
-109
276
192
-333
-994
-1387
-1271
-726
-89
274
197
-193
-578
-652
-316
265
782
985
808
419
104
81
384
828
1123
1065
658
109
-289
-344
-77
281
438
228
-273
-806
-1082
-982
-617
-233
-61
-179
-464
-712
-758
-557
-205
149
386
451
371
232
132
152
313
565
790
851
678
343
9
-159
-91
128
299
252
-53
-489
-821
-881
-674
-343
-96
-78
-291
-596
-782
-699
-340
176
618
765
570
170
-154
-123
318
967
1461
1451
869
28
-555
-509
113
853
1135
661
-358
-1318
-1650
-1204
-347
297
268
-407
-1264
-1731
-1492
-713
106
517
373
-105
-509
-534
-118
529
1069
1263
1079
675
327
243
456
841
1144
1131
760
181
-331
-520
-334
34
275
154
-328
-913
-1276
-1232
-842
-368
-92
-142
-423
-699
-771
-583
-202
222
536
657
577
369
183
138
284
586
882
974
763
316
-143
-372
-283
15
264
221
-141
-641
-1003
-1029
-741
-348
-83
-76
-299
-559
-661
-519
-150
329
739
910
761
388
47
13
408
1075
1609
1607
949
-50
-756
-692
74
952
1210
522
-735
-1770
-1950
-1248
-254
299
46
-811
-1653
-1900
-1415
-536
200
427
179
-229
-467
-363
59
633
1149
1404
1292
889
446
252
469
976
1440
1510
1044
238
-472
-690
-335
269
606
352
-392
-1178
-1545
-1344
-787
-249
-60
-283
-704
-1023
-1025
-696
-212
205
427
449
336
169
39
47
263
635
971
1048
762
233
-258
-432
-183
311
666
547
-70
-833
-1242
-1031
-396
182
316
-19
-530
-854
-784
-362
189
627
796
686
417
159
53
194
603
1155
1530
1366
589
-372
-831
-407
557
1232
981
-129
-1364
-1920
-1526
-587
162
174
-540
-1456
-1912
-1623
-851
-143
125
-13
-253
-350
-275
-94
188
588
1018
1275
1212
890
552
429
618
1038
1430
1469
1016
272
-327
-410
7
507
604
163
-542
-1111
-1279
-1027
-562
-188
-164
-531
-1005
-1199
-967
-494
-92
66
54
28
20
-20
-68
3
265
603
806
743
432
29
-253
-226
136
588
708
279
-448
-918
-772
-186
292
295
-70
-434
-529
-346
-52
210
382
466
489
479
437
339
230
309
711
1222
1347
755
-248
-838
-507
383
983
712
-274
-1245
-1578
-1261
-688
-280
-292
-708
-1239
-1509
-1321
-830
-405
-264
-294
-259
-110
8
52
170
483
889
1142
1095
890
769
805
928
1071
1167
1138
916
522
161
64
204
325
224
-73
-412
-670
-814
-837
-710
-510
-446
-623
-885
-977
-817
-543
-336
-243
-186
-114
-85
-114
-90
63
267
381
362
302
272
212
70
-9
113
302
298
41
-269
-353
-159
51
50
-66
-98
-36
17
33
89
250
455
554
526
493
476
414
391
572
904
1034
633
-99
-499
-183
441
610
46
-771
-1157
-966
-649
-605
-787
-971
-1074
-1146
-1165
-1011
-727
-542
-567
-610
-405
-15
194
113
93
426
948
1228
1033
663
617
964
1333
1423
1230
916
626
434
403
553
681
471
-64
-523
-573
-330
-202
-430
-814
-980
-843
-650
-620
-711
-773
-730
-597
-411
-227
-143
-210
-298
-211
90
370
356
124
-23
37
184
261
218
159
111
-5
-139
-154
-29
83
28
-94
-60
109
195
124
66
213
510
700
665
565
532
502
463
568
888
1129
796
-65
-614
-275
486
719
16
-971
-1283
-902
-599
-769
-1082
-1091
-893
-959
-1294
-1358
-922
-454
-445
-692
-563
39
453
235
-159
9
794
1465
1375
809
560
832
1186
1283
1186
1093
981
695
386
388
624
610
132
-402
-508
-225
-50
-356
-884
-1096
-897
-616
-539
-663
-818
-890
-808
-561
-304
-190
-215
-280
-209
-9
103
85
70
153
311
340
162
-29
-104
-91
5
188
338
182
-316
-667
-354
395
769
396
-170
-185
371
852
821
629
699
813
639
397
623
1308
1471
424
-817
-750
499
1313
505
-1204
-1926
-1084
-126
-350
-1292
-1692
-1208
-782
-1163
-1659
-1305
-438
-134
-652
-1060
-534
344
525
124
26
580
1215
1194
711
631
1104
1420
1224
963
1031
1159
924
456
341
726
919
385
-422
-672
-241
124
-138
-691
-981
-936
-831
-882
-846
-534
-431
-781
-1034
-791
-261
46
-111
-308
-112
208
228
48
37
295
488
325
29
-14
107
43
-142
-102
134
119
-306
-611
-290
321
487
79
-270
15
663
913
677
574
769
811
570
530
1129
1803
1260
-401
-1237
-212
1355
1497
-196
-1947
-1906
-673
-138
-769
-1528
-1465
-933
-1041
-1730
-1770
-870
-107
-269
-872
-887
-178
349
230
99
550
1197
1248
673
354
877
1657
1807
1282
740
686
911
941
884
974
835
217
-427
-541
-89
317
32
-738
-1243
-1196
-906
-753
-765
-786
-846
-993
-1046
-829
-424
-125
-145
-257
-105
158
213
160
226
453
665
581
239
39
82
135
161
214
167
-89
-460
-576
-178
294
213
-240
-388
14
559
678
426
417
690
710
458
488
1118
1737
1185
-381
-1106
-66
1385
1453
-121
-1716
-1654
-515
-89
-685
-1253
-1152
-772
-968
-1658
-1649
-642
110
-218
-964
-1028
-275
326
176
-60
281
821
889
463
209
654
1310
1383
1013
801
849
895
770
711
1050
1339
829
-137
-529
-73
532
514
-154
-809
-1035
-1077
-1125
-960
-554
-385
-809
-1504
-1726
-1096
-163
165
-190
-484
-343
-84
75
241
492
740
721
354
66
128
296
411
458
313
-12
-348
-434
-77
362
295
-185
-467
-146
537
827
530
332
456
464
375
546
1121
1716
1229
-496
-1491
-420
1340
1752
256
-1765
-2172
-878
79
-250
-987
-1225
-918
-799
-1263
-1438
-706
50
-23
-587
-806
-362
139
88
-48
292
698
630
203
-10
444
1101
1129
721
569
729
896
840
692
898
1271
1014
231
-91
325
774
599
-117
-633
-545
-398
-676
-973
-874
-644
-710
-1131
-1507
-1299
-612
-201
-374
-619
-547
-347
-187
8
280
527
502
164
-49
105
298
338
327
268
109
-143
-320
-122
296
410
160
-101
-29
464
880
795
647
704
629
530
737
1210
1645
1230
-255
-1148
-267
1115
1333
54
-1662
-2057
-994
-257
-583
-1129
-1323
-1186
-1156
-1498
-1469
-665
-50
-252
-752
-850
-344
158
97
66
521
812
539
102
76
756
1426
1143
499
506
922
1150
974
577
655
1201
1157
422
7
264
648
554
-63
-525
-438
-321
-578
-841
-783
-641
-780
-1151
-1280
-918
-466
-393
-648
-765
-478
-157
-152
-173
57
323
286
-81
-276
37
363
276
9
-172
-181
-99
-87
-38
137
194
91
73
242
557
837
910
949
1022
815
536
807
1591
2144
1497
-273
-1202
-54
1585
1684
38
-1872
-2136
-841
-99
-696
-1432
-1521
-1270
-1342
-1898
-2002
-1046
-130
-343
-1126
-1395
-835
-115
44
26
422
756
522
47
-11
774
1739
1707
952
623
867
1216
1369
1235
1188
1369
1143
478
238
581
835
573
-57
-483
-437
-412
-722
-961
-843
-697
-933
-1408
-1517
-1077
-624
-602
-834
-867
-565
-344
-438
-367
109
486
319
-240
-506
-12
626
623
194
-177
-336
-238
25
336
581
428
-125
-394
58
818
1193
977
710
847
902
529
421
1139
2185
2223
464
-1423
-1024
1066
2211
1125
-1194
-2381
-1360
0
-173
-1176
-1577
-1215
-956
-1492
-2202
-1817
-572
16
-571
-1438
-1577
-881
-152
140
299
348
166
-20
-13
432
1213
1534
1216
931
902
955
1085
1274
1542
1763
1475
681
203
488
987
1041
545
-79
-375
-482
-672
-751
-616
-523
-753
-1291
-1617
-1361
-947
-817
-879
-877
-716
-661
-876
-858
-257
356
325
-211
-601
-314
391
637
304
104
145
83
8
124
543
1010
779
-19
-252
411
1222
1385
898
619
876
887
420
300
1054
2052
1809
-142
-1756
-971
1153
1998
586
-1689
-2445
-1119
109
-330
-1370
-1583
-1005
-698
-1390
-2209
-1763
-408
285
-301
-1318
-1568
-860
-8
407
478
367
153
-12
59
520
1201
1510
1247
900
769
767
910
1237
1584
1674
1221
407
4
410
1020
1042
454
-204
-505
-480
-477
-589
-577
-508
-718
-1145
-1416
-1333
-993
-733
-743
-787
-781
-952
-1111
-806
-164
282
157
-462
-813
-302
453
608
341
175
225
326
246
201
658
1224
1095
431
40
393
1180
1496
1107
772
735
585
363
402
928
1590
1146
-597
-1634
-714
862
1256
-91
-1920
-2188
-916
-160
-677
-1394
-1424
-909
-790
-1491
-1907
-1161
-69
206
-451
-1144
-1005
-302
195
457
668
647
379
105
142
745
1485
1568
1104
770
725
814
936
1095
1364
1469
973
178
-138
261
829
836
227
-394
-650
-674
-641
-556
-451
-533
-930
-1357
-1407
-1065
-726
-715
-855
-804
-705
-871
-1026
-676
28
440
102
-680
-873
-81
728
744
312
40
133
337
341
420
865
1195
930
341
93
576
1328
1527
1169
794
484
257
394
897
1466
1393
74
-1368
-1145
338
1198
445
-1284
-2203
-1430
-389
-524
-1288
-1529
-1098
-789
-1288
-1963
-1588
-402
195
-276
-1036
-1152
-505
137
341
516
735
629
275
83
440
1312
1879
1556
879
570
697
1048
1405
1550
1406
976
366
32
324
780
764
342
-136
-550
-833
-876
-646
-302
-297
-953
-1743
-1757
-1043
-505
-651
-1122
-1209
-794
-596
-913
-982
-327
405
369
-431
-1016
-502
574
956
529
82
-19
109
260
445
882
1243
900
190
13
565
1265
1409
1085
1009
1028
471
-135
266
1619
2529
1367
-1279
-2311
-376
1980
1926
-410
-2528
-2256
-430
198
-938
-1807
-1332
-628
-1027
-2215
-2492
-1149
276
129
-1186
-1960
-1367
-261
278
335
398
436
264
-17
73
899
1880
2036
1375
701
538
932
1576
2013
1996
1457
591
63
373
1087
1347
842
19
-517
-649
-618
-496
-287
-254
-705
-1485
-1900
-1482
-744
-549
-971
-1385
-1327
-993
-942
-1086
-751
-75
85
-433
-977
-837
40
728
568
130
-1
50
132
320
757
1266
1177
404
-79
348
1185
1565
1228
891
1045
955
265
25
992
2393
2423
228
-2044
-1469
1266
2796
1394
-1473
-2786
-1373
438
260
-1111
-1717
-1262
-931
-1647
-2582
-2143
-629
71
-825
-2209
-2489
-1390
-158
269
139
-98
-264
-287
-88
573
1590
2114
1670
897
604
985
1745
2313
2309
1860
1208
596
487
1011
1585
1531
755
-219
-749
-642
-213
88
-54
-659
-1380
-1737
-1525
-1021
-717
-844
-1197
-1439
-1472
-1394
-1188
-750
-291
-289
-784
-1208
-1013
-252
378
351
14
-115
-66
16
195
590
1109
1263
756
152
211
931
1602
1648
1320
1134
917
463
350
1086
2220
2466
859
-1358
-1548
574
2420
1913
-509
-2458
-2032
-296
350
-448
-1354
-1584
-1463
-1722
-2251
-2048
-1000
-314
-806
-1919
-2412
-1741
-610
114
317
136
-276
-562
-377
442
1617
2266
1835
901
444
832
1698
2381
2482
2047
1315
611
382
852
1576
1748
1055
-54
-835
-876
-395
87
179
-331
-1262
-1921
-1816
-1185
-595
-518
-991
-1496
-1625
-1510
-1223
-666
-155
-166
-685
-1255
-1258
-420
495
562
48
-266
-264
-100
197
579
1007
1206
815
187
89
701
1510
1817
1525
1188
869
367
271
1068
2223
2594
1164
-1213
-1806
163
2236
2136
-55
-2281
-2366
-757
178
-296
-1093
-1469
-1561
-1857
-2281
-2001
-927
-216
-672
-1769
-2280
-1649
-573
117
330
229
-71
-338
-272
374
1387
2050
1900
1218
709
822
1341
1899
2333
2318
1653
706
119
399
1333
1832
1230
59
-832
-1035
-653
-153
60
-258
-1109
-1931
-2062
-1501
-792
-557
-977
-1512
-1648
-1528
-1315
-857
-288
-73
-410
-1008
-1217
-547
481
813
412
57
13
121
359
741
1249
1579
1235
476
202
745
1587
1925
1600
1273
1048
445
-30
449
1705
2644
1660
-1176
-2770
-1114
1641
2402
399
-2505
-3383
-1723
-49
-56
-1002
-1693
-1816
-1880
-2162
-1995
-1025
-95
-162
-1157
-1965
-1618
-470
510
931
799
273
-130
50
772
1612
2075
1896
1337
1015
1128
1286
1464
1890
2127
1692
825
67
25
797
1359
891
-73
-753
-990
-921
-701
-439
-380
-909
-1786
-2170
-1701
-883
-570
-1082
-1670
-1536
-1046
-928
-995
-712
-188
62
-259
-814
-711
259
1015
849
376
213
332
569
796
1093
1521
1566
921
271
403
1244
1867
1557
951
868
793
216
-248
173
1530
2386
768
-2304
-3196
-818
2052
2330
-424
-3476
-3662
-1317
541
344
-938
-1809
-1875
-1724
-1664
-1295
-436
295
74
-1048
-1887
-1461
-159
994
1383
853
-118
-549
-28
969
1867
2198
1698
860
505
771
1336
1955
2219
1739
827
214
287
848
1259
956
137
-427
-446
-417
-679
-869
-700
-600
-1023
-1665
-1868
-1435
-882
-941
-1521
-1671
-1117
-740
-1015
-1271
-897
-171
202
-169
-745
-563
325
923
821
516
433
506
545
678
1136
1640
1579
816
79
301
1325
1851
1320
676
643
754
374
-294
-205
1195
2356
1143
-1775
-3211
-1404
1779
2849
515
-2815
-3783
-1846
551
1044
-260
-1586
-1946
-1761
-1550
-1257
-649
99
195
-807
-2019
-2111
-917
585
1351
904
-277
-1042
-716
396
1608
2269
1956
939
176
373
1304
2240
2577
2063
1053
381
477
974
1379
1394
841
40
-426
-545
-551
-414
-285
-504
-1030
-1507
-1688
-1566
-1267
-1023
-1042
-1255
-1415
-1488
-1461
-1130
-564
-221
-336
-718
-964
-688
37
641
681
318
78
142
335
684
1122
1326
1238
900
416
376
1003
1555
1516
1196
1035
1020
687
-11
-122
1032
2542
2500
0
-2890
-2714
636
3432
2664
-1061
-4186
-3612
-438
1482
619
-1273
-2324
-2338
-2092
-1999
-1578
-466
411
-300
-2202
-3184
-2096
40
1545
1489
184
-1037
-1159
-213
1279
2551
2759
1683
252
-101
904
2183
2831
2587
1599
652
347
462
950
1742
1888
857
-496
-1124
-751
99
495
39
-834
-1474
-1650
-1559
-1275
-805
-623
-1098
-1808
-2146
-1880
-1150
-485
-427
-916
-1402
-1458
-1022
-256
409
409
-128
-386
-100
333
730
1002
1097
1256
1331
946
552
824
1617
2240
2157
1554
1019
659
465
770
1648
2592
2467
291
-2414
-2457
454
3102
2640
-825
-4174
-4122
-1242
950
613
-1205
-2760
-3253
-2943
-2298
-1404
-430
-121
-1092
-2610
-3018
-1749
105
1262
1237
312
-669
-868
-72
1394
2812
3159
1977
357
12
1227
2727
3304
2675
1481
760
754
963
1283
1713
1703
890
-282
-985
-783
-57
350
-83
-1116
-1959
-2077
-1711
-1315
-1098
-1262
-1785
-2198
-2223
-1921
-1317
-701
-611
-1081
-1535
-1415
-651
314
775
377
-249
-184
458
995
1272
1328
1206
1207
1307
1169
1030
1331
1862
2132
1976
1462
740
269
644
1698
2498
2201
419
-1840
-2163
26
2230
2067
-485
-3350
-3952
-2009
104
422
-889
-2521
-3434
-3349
-2409
-1066
-172
-338
-1433
-2627
-2642
-1134
535
1148
818
100
-423
-272
453
1418
2347
2694
2023
807
249
1020
2471
3324
2888
1555
425
315
1070
1874
2034
1390
278
-676
-896
-413
118
138
-440
-1384
-2158
-2215
-1673
-1154
-1014
-1352
-2021
-2438
-2196
-1563
-951
-601
-657
-1051
-1410
-1245
-456
432
837
558
-85
-296
267
930
1221
1380
1415
1225
1020
870
879
1380
2110
2314
1865
1259
758
431
646
1554
2522
2526
819
-1793
-2688
-579
2302
2779
52
-3536
-4640
-2596
28
765
-548
-2469
-3586
-3573
-2766
-1395
-53
213
-938
-2557
-3042
-1643
513
1684
1400
382
-417
-451
218
1335
2602
3213
2409
772
-129
576
2327
3608
3190
1504
142
-33
716
1672
1988
1303
162
-715
-1020
-763
-257
-22
-356
-1119
-1925
-2327
-2054
-1346
-824
-946
-1614
-2241
-2291
-1738
-905
-267
-254
-769
-1275
-1295
-577
543
1121
745
55
-187
229
917
1311
1327
1302
1341
1247
902
667
1040
1812
2235
1979
1300
548
81
292
1189
2215
2448
946
-1737
-2897
-1007
1845
2610
366
-3035
-4381
-2644
-202
559
-366
-1843
-2980
-3318
-2738
-1410
19
472
-601
-2326
-2883
-1463
634
1622
1198
246
-363
-241
425
1246
2129
2740
2258
838
-46
505
1979
3171
2974
1480
-4
-384
436
1662
2164
1419
-134
-1368
-1311
-283
483
327
-547
-1537
-2054
-1891
-1305
-742
-573
-961
-1739
-2239
-1899
-1076
-452
-248
-491
-1016
-1292
-1010
-317
429
756
396
-211
-325
177
717
929
1012
1087
1068
923
631
493
1010
1837
2050
1558
993
591
347
595
1387
2189
2223
737
-1577
-2175
-66
2356
2328
-337
-3171
-3437
-1331
411
166
-1164
-2092
-2409
-2609
-2528
-1655
-327
251
-785
-2580
-3079
-1532
591
1518
909
-258
-841
-486
456
1558
2448
2591
1644
355
117
1201
2624
3244
2509
1090
192
181
858
1745
1973
1164
-156
-1135
-1110
-293
297
57
-680
-1361
-1789
-1929
-1664
-1014
-418
-537
-1456
-2281
-2120
-1115
-125
145
-343
-1021
-1294
-936
-137
558
696
297
-234
-351
86
544
688
763
876
888
677
243
99
747
1672
1915
1345
644
286
280
705
1522
2271
2255
745
-1525
-1926
459
3000
2840
-136
-3208
-3300
-690
1367
957
-918
-2406
-2758
-2408
-1828
-1052
-319
-332
-1488
-2969
-3135
-1489
444
1023
199
-952
-1382
-800
296
1357
2116
2163
1198
15
2
1340
2881
3418
2512
960
127
463
1465
2370
2399
1314
-190
-1005
-597
418
914
394
-692
-1535
-1747
-1471
-1029
-689
-633
-1058
-1846
-2294
-1919
-1054
-352
-343
-1006
-1606
-1542
-901
-135
244
64
-284
-406
-239
110
386
551
816
1005
878
605
381
502
1183
1876
1926
1434
855
449
411
976
1977
2674
2159
126
-1897
-1455
1332
3423
2444
-951
-3634
-3073
-327
1485
897
-1113
-2798
-3253
-2728
-1736
-638
-47
-591
-2104
-3362
-2987
-1027
824
1140
121
-1068
-1389
-614
661
1790
2413
2125
948
-50
235
1568
2846
3135
2177
758
3
203
1088
2074
2178
1019
-548
-1270
-664
497
962
294
-843
-1524
-1450
-988
-586
-411
-503
-952
-1547
-1746
-1363
-719
-231
-317
-950
-1463
-1415
-902
-185
235
-54
-655
-869
-533
68
484
495
368
396
522
572
526
646
1126
1603
1640
1345
1022
745
648
1050
1920
2667
2312
316
-1759
-1314
1455
3454
2398
-1021
-3679
-3049
-254
1492
756
-1339
-2999
-3379
-2732
-1650
-664
-263
-812
-2188
-3302
-2827
-900
824
1125
253
-819
-1190
-523
754
2003
2729
2389
994
-176
198
1771
3131
3299
2128
454
-388
77
1283
2342
2242
652
-1247
-1790
-657
850
1216
132
-1386
-2102
-1715
-836
-219
-155
-551
-1303
-1990
-1896
-1030
-158
128
-388
-1307
-1689
-1215
-412
237
412
-27
-665
-903
-547
180
798
912
576
180
87
362
780
1157
1423
1432
1168
962
1030
1088
953
1010
1557
2219
2040
339
-1573
-1220
1329
3125
1973
-1332
-3720
-2899
-126
1417
431
-1732
-3177
-3236
-2464
-1535
-739
-347
-800
-2112
-3213
-2697
-622
1205
1308
83
-1040
-1041
25
1287
2140
2542
2245
1168
232
501
1884
3245
3407
2138
453
-322
214
1417
2272
1964
452
-1260
-1833
-945
373
820
-66
-1575
-2478
-2239
-1309
-480
-303
-800
-1609
-2189
-1983
-1060
-125
236
-193
-1072
-1523
-1080
-103
736
856
211
-517
-629
-78
630
982
913
652
414
334
409
632
1064
1477
1448
1014
707
861
1107
951
751
1211
2100
2131
365
-1818
-1631
1129
3296
2188
-1399
-4003
-3150
-151
1594
571
-1741
-3226
-3297
-2548
-1567
-661
-187
-715
-2270
-3489
-2792
-473
1410
1327
-132
-1245
-1050
106
1353
2219
2626
2277
1111
151
584
2242
3671
3535
1952
342
-94
688
1833
2323
1739
373
-1057
-1608
-909
251
722
-34
-1539
-2620
-2540
-1570
-544
-248
-849
-1867
-2582
-2344
-1224
-111
206
-400
-1348
-1729
-1193
-133
748
849
221
-446
-566
-18
765
1154
1079
890
760
709
673
697
1062
1664
1923
1561
945
662
755
831
968
1522
2175
1856
-112
-2235
-1832
1103
3335
2130
-1719
-4464
-3474
-256
1643
672
-1690
-3272
-3453
-2748
-1623
-429
270
-360
-2344
-3817
-2899
-202
1849
1596
-225
-1482
-1139
147
1413
2263
2640
2247
975
-104
365
2189
3763
3649
1921
112
-400
489
1886
2619
2056
438
-1273
-1835
-864
607
1194
283
-1465
-2649
-2553
-1507
-322
121
-475
-1716
-2813
-2757
-1366
167
583
-346
-1733
-2254
-1477
-116
826
781
5
-718
-785
-112
751
1126
1020
821
731
779
786
723
975
1559
1953
1761
1142
666
530
547
915
1744
2387
1791
-453
-2583
-1889
1341
3586
2088
-2049
-4702
-3334
142
1997
722
-1896
-3309
-3079
-2180
-1182
-288
176
-338
-1970
-3345
-2654
-163
1848
1635
-178
-1530
-1309
7
1390
2172
2311
1793
564
-428
87
1877
3414
3365
1669
-300
-967
143
2039
3011
2166
54
-1819
-1883
-156
1511
1563
59
-1735
-2442
-1808
-667
116
140
-545
-1648
-2534
-2293
-921
357
447
-668
-1950
-2151
-1155
86
681
356
-443
-979
-801
51
893
993
550
246
395
871
1119
859
661
1003
1557
1696
1301
880
637
425
588
1379
2264
2110
63
-2388
-2153
944
3436
2353
-1566
-4403
-3330
44
1977
837
-1707
-3100
-2798
-1883
-1056
-386
67
-170
-1512
-2939
-2586
-318
1767
1743
18
-1394
-1294
-46
1313
1997
2011
1507
421
-457
1
1515
2799
2803
1387
-351
-980
-25
1654
2499
1752
-7
-1528
-1556
-98
1285
1336
143
-1320
-1899
-1327
-319
323
227
-445
-1331
-1943
-1582
-434
320
115
-726
-1557
-1631
-914
-88
325
133
-509
-1059
-973
-181
613
669
244
-55
48
541
873
682
566
962
1432
1454
1107
915
923
777
777
1412
2338
2314
309
-2084
-1687
1465
3710
2277
-1710
-4266
-2920
393
2011
619
-1972
-3311
-2983
-2054
-1180
-481
-105
-574
-2139
-3454
-2656
-81
1813
1305
-611
-1664
-1088
253
1432
2023
2080
1616
520
-310
369
2110
3326
3000
1318
-393
-711
588
2251
2651
1455
-385
-1636
-1320
237
1368
998
-512
-1973
-2220
-1232
-117
179
-383
-1232
-1888
-2001
-1226
-106
212
-401
-1195
-1542
-1146
-367
135
213
-10
-423
-717
-545
111
696
688
363
153
162
509
861
784
717
1071
1367
1201
902
933
1121
1016
823
1187
2127
2325
468
-1901
-1553
1510
3637
2134
-1758
-4145
-2751
455
1889
395
-2139
-3378
-2996
-2062
-1259
-750
-536
-870
-2168
-3436
-2756
-327
1454
1063
-615
-1575
-1017
258
1346
1967
2156
1796
770
-11
663
2280
3306
3059
1754
239
-290
635
2119
2729
1879
77
-1498
-1508
58
1437
1203
-434
-2200
-2623
-1433
-73
128
-686
-1625
-2190
-2190
-1422
-367
-77
-691
-1465
-1761
-1284
-439
25
45
-132
-441
-653
-422
284
866
757
396
338
504
855
1154
1011
858
1162
1508
1462
1222
1182
1247
989
635
890
1896
2561
1169
-1631
-2360
277
3129
2773
-676
-3823
-3569
-680
1436
872
-1316
-2965
-3184
-2485
-1508
-762
-462
-631
-1618
-2968
-2998
-1141
949
1354
56
-1260
-1336
-341
918
1802
2153
1891
883
0
498
1962
2974
2933
2064
919
211
489
1577
2455
2270
1021
-581
-1262
-425
844
1225
363
-1248
-2297
-1873
-771
-303
-687
-1313
-1844
-2229
-2069
-1298
-702
-759
-1224
-1626
-1522
-1070
-717
-345
58
35
-405
-595
-49
743
974
792
728
830
1096
1355
1249
1023
1180
1651
1952
1749
1266
921
759
727
991
1772
2462
1347
-1501
-2769
-513
2684
3058
-111
-3696
-4044
-1340
1094
1059
-846
-2689
-3228
-2596
-1554
-816
-524
-495
-1141
-2497
-3053
-1635
643
1568
457
-1128
-1465
-487
786
1615
2009
1918
1001
-13
297
1737
2849
2904
2066
926
261
523
1521
2383
2229
1049
-398
-1029
-376
687
1092
482
-970
-2157
-1940
-874
-306
-582
-1174
-1725
-2179
-2159
-1434
-652
-488
-966
-1625
-1720
-1161
-580
-119
233
66
-517
-695
-23
853
1046
756
604
635
887
1258
1276
1026
978
1252
1616
1620
1226
901
751
626
670
1296
2268
1751
-957
-2727
-924
2330
3132
354
-3185
-3749
-1289
1020
1058
-661
-2361
-2858
-2278
-1328
-787
-767
-671
-853
-1979
-2849
-1860
329
1448
459
-1148
-1485
-523
638
1330
1687
1731
934
-142
115
1624
2712
2611
1784
885
355
520
1400
2234
2152
1136
-220
-916
-344
734
1244
733
-720
-1963
-1792
-741
-167
-433
-922
-1318
-1899
-2278
-1707
-631
-111
-592
-1617
-2062
-1518
-658
44
332
-87
-812
-964
-217
711
921
661
561
554
638
940
1147
1133
1114
1258
1495
1412
1032
913
1002
872
688
1056
1971
1736
-645
-2435
-860
2222
2932
198
-3116
-3447
-955
1168
979
-815
-2363
-2584
-1853
-1005
-640
-722
-633
-702
-1690
-2544
-1653
413
1452
449
-1119
-1416
-534
442
1080
1547
1637
745
-530
-442
1160
2513
2494
1517
444
-165
72
1176
2255
2258
1144
-356
-1135
-438
1000
1775
1213
-439
-1857
-1688
-395
459
236
-467
-1115
-1815
-2161
-1404
-154
248
-572
-1861
-2337
-1569
-483
119
48
-629
-1234
-1093
-281
512
547
174
259
530
578
710
867
869
979
1311
1598
1438
940
750
909
986
997
1320
1954
1579
-684
-2341
-670
2524
3233
329
-3206
-3640
-985
1520
1595
-377
-2417
-2986
-2185
-850
106
62
-580
-1355
-2246
-2418
-1030
895
1385
4
-1490
-1493
-461
464
1014
1377
1362
455
-792
-663
1082
2514
2289
1053
88
-113
301
1128
1853
1847
1095
8
-717
-359
748
1478
1200
43
-1123
-1284
-516
197
233
-129
-529
-1217
-1900
-1583
-468
184
-194
-1229
-1973
-1741
-951
-284
-7
-252
-838
-1218
-924
-103
397
342
293
268
173
355
664
781
907
1183
1403
1251
869
842
1081
1052
891
1130
1895
2050
211
-1957
-1203
1891
3426
1380
-2180
-3554
-1682
952
1681
215
-1797
-2765
-2485
-1491
-437
-26
-310
-982
-2032
-2775
-1995
39
1389
785
-790
-1603
-1280
-357
829
1910
2190
1055
-825
-1377
358
2632
3239
2043
448
-531
-547
611
2262
2881
1807
-213
-1656
-1196
748
2173
1779
-13
-1729
-2014
-838
491
757
16
-902
-1651
-2027
-1439
-196
396
-220
-1401
-2064
-1638
-689
-71
-27
-420
-902
-1084
-753
-20
399
193
52
227
365
502
616
602
751
1146
1460
1365
961
850
1071
1062
909
1175
1941
2187
542
-1768
-1474
1544
3534
1852
-1903
-3764
-2048
846
1775
235
-1947
-2955
-2554
-1534
-621
-283
-559
-1192
-2087
-2706
-2022
-158
1156
631
-901
-1631
-1027
65
948
1585
1820
1141
-172
-617
669
2497
3009
1961
745
273
342
873
1759
2275
1837
551
-754
-914
189
1324
1388
284
-1152
-1786
-1268
-346
49
-258
-830
-1460
-2014
-1922
-1086
-323
-327
-1039
-1762
-1787
-1228
-612
-176
-93
-426
-829
-811
-239
376
545
515
543
544
611
765
894
1096
1365
1517
1452
1236
1173
1245
1070
827
1138
2031
2376
785
-1674
-1748
1117
3400
2112
-1631
-3893
-2462
548
1647
102
-2127
-3130
-2664
-1659
-947
-781
-1001
-1396
-2020
-2607
-2234
-699
653
547
-644
-1442
-1005
112
1014
1544
1785
1442
544
101
965
2415
2993
2390
1493
953
778
973
1599
2269
2206
1030
-536
-1116
-231
1051
1371
346
-1297
-2274
-1877
-723
-27
-328
-1227
-2101
-2479
-2033
-1068
-462
-645
-1331
-1916
-1825
-1149
-504
-175
-165
-452
-747
-633
-60
528
712
629
559
571
807
1157
1255
1188
1261
1470
1664
1695
1594
1423
1062
770
1156
2190
2727
1340
-1287
-2021
414
3111
2708
-673
-3664
-3320
-514
1407
654
-1671
-3378
-3397
-2340
-1321
-949
-1169
-1591
-2170
-2853
-2766
-1352
318
718
-313
-1454
-1399
-201
1116
1851
1952
1561
904
596
1235
2428
3076
2779
2082
1546
1250
1180
1488
2090
2387
1732
213
-1030
-883
357
1292
868
-774
-2379
-2669
-1604
-327
-42
-965
-2299
-3054
-2670
-1440
-445
-413
-1171
-2088
-2325
-1532
-357
333
173
-530
-991
-706
140
914
1072
745
443
457
874
1415
1545
1277
1102
1257
1553
1674
1609
1512
1226
756
685
1426
2362
2051
3
-1810
-1087
1473
2843
1208
-1995
-3582
-2215
268
1204
-183
-2353
-3368
-2856
-1793
-1102
-968
-1123
-1558
-2378
-2936
-2264
-540
751
430
-934
-1684
-1039
347
1445
1823
1617
1084
596
705
1598
2675
3017
2405
1586
1256
1391
1691
1950
2066
1891
1196
196
-378
-134
565
912
301
-972
-1970
-2047
-1301
-556
-620
-1396
-2263
-2693
-2390
-1622
-965
-798
-1307
-2052
-2147
-1449
-542
4
-46
-397
-626
-520
45
803
1192
1045
666
577
998
1490
1617
1452
1304
1365
1503
1552
1592
1566
1229
692
511
1137
2063
1885
63
-1779
-1444
912
2541
1294
-1767
-3601
-2555
-38
1193
80
-2008
-3203
-2896
-1806
-908
-542
-664
-1296
-2224
-2743
-2031
-224
1103
685
-781
-1623
-1048
360
1513
1882
1541
813
232
364
1365
2529
2738
1917
1010
693
1021
1572
1826
1697
1284
691
156
-109
49
518
718
255
-645
-1382
-1393
-827
-391
-439
-888
-1509
-1927
-1862
-1332
-740
-663
-1133
-1598
-1664
-1335
-884
-589
-416
-377
-602
-784
-549
-34
408
551
470
456
605
818
978
1070
1247
1486
1561
1519
1545
1596
1439
1013
856
1554
2559
2379
386
-1643
-1162
1515
3192
1679
-1722
-3627
-2327
309
1324
-34
-2156
-3188
-2815
-1960
-1318
-978
-916
-1295
-2240
-3076
-2602
-802
752
679
-689
-1784
-1515
-167
1238
1934
1766
963
105
80
1225
2637
3077
2311
1196
716
1070
1704
2098
2105
1728
1010
201
-172
211
916
1137
446
-764
-1534
-1372
-723
-286
-435
-1065
-1769
-2183
-2025
-1374
-847
-915
-1443
-1937
-1896
-1375
-921
-748
-711
-716
-683
-551
-335
-117
59
318
691
952
964
801
688
895
1430
1958
2118
1815
1370
1179
1245
1372
1637
2170
2543
1789
-194
-1532
-350
2318
3305
1077
-2356
-3648
-1842
769
1448
-206
-2466
-3544
-3080
-1948
-1088
-828
-1100
-1882
-2967
-3481
-2525
-529
763
162
-1507
-2370
-1570
125
1475
1873
1369
427
-93
501
1961
3132
3041
1996
1210
1330
1986
2450
2372
2041
1781
1457
950
518
462
754
893
421
-455
-1148
-1375
-1244
-1022
-915
-1112
-1751
-2509
-2727
-2226
-1505
-1174
-1472
-2092
-2426
-2137
-1381
-606
-287
-546
-965
-952
-327
500
960
911
683
712
1148
1640
1749
1556
1525
1835
2155
2129
1880
1714
1536
1224
1154
1688
2346
1959
150
-1493
-1020
1144
2424
1100
-1758
-3451
-2569
-393
736
-147
-2061
-3350
-3272
-2318
-1343
-840
-948
-1640
-2604
-3037
-2245
-608
555
358
-751
-1538
-1231
-50
1251
1981
1816
983
269
481
1621
2793
3090
2426
1484
1055
1385
2045
2442
2346
1822
990
228
133
742
1278
969
-185
-1295
-1460
-878
-494
-755
-1369
-1930
-2233
-2184
-1865
-1602
-1670
-1955
-2152
-2083
-1779
-1421
-1193
-1086
-976
-819
-649
-433
-59
446
824
822
567
637
1332
2106
2218
1718
1300
1463
2011
2398
2402
2157
1745
1186
740
898
1748
2398
1684
-333
-1947
-1427
717
1958
679
-2002
-3602
-2907
-1017
120
-363
-1852
-3130
-3415
-2704
-1512
-573
-479
-1267
-2349
-2794
-1944
-195
1101
945
-234
-1116
-843
384
1737
2410
2085
1163
482
673
1672
2734
3005
2290
1222
664
982
1744
2172
1872
1035
191
-186
-14
435
655
183
-789
-1476
-1397
-887
-642
-949
-1519
-1946
-1982
-1630
-1225
-1182
-1547
-1876
-1724
-1206
-828
-833
-1001
-956
-613
-257
-109
-67
116
470
701
621
498
733
1319
1766
1639
1160
929
1190
1665
1967
1972
1759
1333
726
322
679
1780
2539
1615
-769
-2372
-1332
1299
2585
965
-2133
-3873
-2908
-515
980
389
-1635
-3462
-3796
-2551
-810
172
-145
-1464
-2846
-3110
-1790
236
1397
882
-581
-1521
-1112
324
1819
2473
1998
913
182
453
1549
2648
2934
2267
1276
704
799
1289
1763
1962
1639
670
-419
-746
-89
800
857
-178
-1385
-1792
-1386
-770
-500
-807
-1467
-1933
-1851
-1447
-1161
-1092
-1115
-1171
-1250
-1259
-1074
-708
-384
-283
-343
-392
-301
-12
349
539
487
399
531
867
1091
1049
941
984
1144
1281
1342
1380
1416
1327
1006
698
846
1482
1915
1315
-75
-866
-154
1213
1592
438
-1223
-1978
-1400
-318
153
-377
-1468
-2327
-2462
-1991
-1337
-906
-955
-1519
-2281
-2560
-1908
-733
29
-113
-756
-1173
-981
-204
801
1472
1462
944
487
616
1359
2212
2594
2319
1694
1216
1188
1553
2019
2214
1872
1049
196
-80
386
991
933
58
-996
-1460
-1166
-596
-405
-859
-1589
-1999
-1880
-1479
-1175
-1148
-1326
-1551
-1664
-1485
-1005
-567
-521
-779
-940
-716
-192
224
239
29
-14
245
589
764
758
764
868
980
1019
1019
1083
1230
1355
1383
1300
1134
1003
1037
1209
1369
1342
1020
448
17
176
741
961
371
-661
-1302
-1143
-582
-301
-630
-1393
-2110
-2343
-2013
-1485
-1229
-1423
-1917
-2359
-2371
-1795
-938
-442
-621
-1077
-1162
-650
144
798
1119
1104
913
873
1218
1831
2341
2480
2274
1909
1633
1699
2064
2331
2162
1585
943
585
566
686
692
374
-269
-920
-1204
-1086
-901
-975
-1325
-1736
-1988
-1974
-1756
-1516
-1461
-1593
-1710
-1659
-1417
-1085
-866
-803
-773
-660
-424
-161
5
100
213
380
548
656
736
850
987
1108
1171
1169
1174
1246
1374
1496
1507
1377
1203
1088
1110
1301
1482
1334
770
136
-4
476
932
651
-296
-1144
-1269
-818
-478
-684
-1277
-1836
-2106
-2075
-1875
-1665
-1565
-1642
-1908
-2186
-2112
-1560
-887
-564
-679
-863
-716
-235
287
700
1046
1295
1332
1198
1208
1633
2290
2663
2433
1835
1442
1572
2012
2280
2062
1438
745
344
398
640
635
223
-455
-1067
-1315
-1213
-985
-922
-1229
-1756
-2121
-2093
-1782
-1446
-1257
-1296
-1555
-1787
-1663
-1137
-527
-229
-370
-676
-727
-359
245
710
764
535
375
470
770
1093
1314
1379
1225
974
910
1108
1366
1456
1345
1152
998
892
784
698
769
989
1041
556
-322
-786
-271
655
806
-218
-1529
-1941
-1230
-276
-63
-772
-1812
-2375
-2078
-1287
-693
-717
-1256
-1851
-2047
-1609
-718
-22
-46
-596
-977
-707
20
677
1018
1064
897
703
722
1086
1670
2118
2128
1714
1165
909
1231
1857
2159
1774
886
109
-7
485
1005
923
90
-909
-1300
-956
-465
-412
-815
-1339
-1707
-1776
-1558
-1221
-1001
-1078
-1375
-1595
-1493
-1078
-618
-415
-508
-657
-588
-291
27
252
408
473
418
365
532
897
1128
1013
753
670
873
1209
1342
1055
587
399
709
1214
1314
806
122
-187
104
746
1117
719
-289
-1084
-864
160
850
425
-747
-1621
-1510
-671
58
14
-769
-1604
-1811
-1352
-715
-394
-538
-955
-1354
-1452
-1072
-415
32
16
-316
-605
-541
-72
567
1007
1008
702
452
508
873
1381
1770
1771
1322
760
590
989
1577
1785
1373
576
-82
-121
423
903
722
-51
-829
-1115
-874
-451
-243
-468
-1050
-1602
-1696
-1278
-745
-567
-826
-1237
-1468
-1310
-814
-320
-151
-346
-658
-743
-463
51
482
514
215
-14
89
442
762
847
765
683
651
667
743
834
886
918
936
900
781
621
508
527
731
1006
983
412
-362
-581
78
917
907
-118
-1271
-1542
-824
60
230
-483
-1507
-2029
-1729
-991
-458
-486
-1010
-1659
-1930
-1502
-608
66
7
-608
-1073
-874
-134
643
1034
917
509
235
396
966
1634
1980
1763
1135
596
668
1344
1972
1946
1267
421
-38
143
740
1167
896
-38
-969
-1179
-641
-21
61
-480
-1279
-1785
-1627
-984
-476
-554
-1089
-1574
-1607
-1198
-646
-306
-406
-802
-1036
-812
-271
167
220
3
-189
-131
208
636
819
618
347
410
781
1105
1112
863
659
725
1001
1244
1240
967
621
464
621
971
1182
908
171
-462
-374
336
839
439
-617
-1413
-1350
-680
-123
-210
-917
-1711
-2002
-1643
-974
-535
-647
-1175
-1699
-1779
-1212
-348
134
-52
-557
-806
-530
102
749
1126
1076
671
313
449
1091
1750
1927
1561
1001
675
782
1193
1560
1575
1158
507
-19
-113
283
791
784
63
-860
-1289
-962
-289
18
-349
-1080
-1626
-1613
-1100
-557
-428
-747
-1193
-1396
-1186
-691
-244
-144
-405
-710
-697
-336
97
330
261
39
-45
170
520
694
586
422
478
730
903
846
687
619
689
846
999
1022
848
552
318
368
733
1076
937
210
-558
-595
146
814
594
-414
-1324
-1400
-749
-77
-18
-651
-1479
-1859
-1544
-881
-420
-464
-949
-1493
-1604
-1099
-313
142
-28
-485
-671
-409
94
599
919
926
666
409
468
892
1388
1629
1477
1045
664
633
941
1284
1352
1073
568
59
-156
75
513
659
206
-582
-1096
-993
-486
-74
-145
-701
-1314
-1484
-1100
-523
-251
-449
-880
-1182
-1099
-636
-134
21
-232
-582
-659
-370
59
318
264
26
-134
-32
280
530
514
353
279
359
506
626
659
589
483
481
630
820
856
651
347
240
488
882
989
566
-103
-409
-53
571
754
232
-570
-1034
-881
-329
84
-65
-717
-1393
-1585
-1192
-579
-259
-495
-1093
-1543
-1445
-836
-171
71
-195
-630
-815
-541
87
714
949
673
190
17
391
1067
1566
1528
1017
490
395
778
1283
1486
1216
633
91
-51
269
723
826
369
-336
-766
-699
-318
17
-9
-438
-967
-1213
-1023
-600
-297
-323
-641
-1014
-1140
-877
-376
-27
-123
-514
-768
-654
-280
96
260
139
-118
-264
-163
135
485
670
523
160
-54
130
615
1005
928
470
108
176
577
950
995
698
293
93
218
519
752
715
321
-216
-440
-141
339
433
-25
-651
-926
-707
-317
-168
-370
-750
-1055
-1096
-871
-572
-428
-515
-752
-958
-926
-584
-156
19
-134
-353
-358
-122
206
478
591
532
412
368
497
778
1005
1011
871
709
607
642
779
871
825
653
413
183
82
172
322
299
24
-361
-618
-598
-383
-205
-258
-568
-945
-1095
-882
-500
-294
-418
-727
-970
-933
-575
-137
51
-111
-427
-584
-383
74
466
519
243
-79
-109
213
613
786
669
395
155
121
358
708
857
629
203
-60
43
405
695
626
232
-156
-230
12
315
430
279
-52
-386
-496
-232
215
361
-9
-573
-834
-599
-128
139
-30
-499
-873
-848
-487
-122
-30
-241
-572
-756
-635
-263
99
170
-78
-353
-363
-118
203
454
516
346
106
43
262
629
877
823
516
212
191
470
782
844
606
261
36
18
169
373
437
202
-248
-555
-481
-186
13
-50
-365
-725
-844
-646
-327
-153
-243
-510
-723
-692
-411
-77
67
-80
-356
-436
-198
130
277
203
45
-40
23
206
358
345
225
139
141
224
328
346
244
105
63
188
356
367
178
-36
-71
98
322
421
266
-72
-296
-154
243
512
385
-31
-396
-430
-79
369
485
129
-412
-700
-498
-10
316
213
-250
-738
-868
-531
-21
205
-27
-485
-819
-805
-428
78
328
110
-375
-685
-529
15
560
705
367
-137
-340
-24
572
971
904
501
88
-56
196
702
1051
890
326
-168
-221
151
592
714
384
-187
-578
-503
-96
243
215
-179
-652
-867
-689
-259
45
-77
-518
-860
-811
-451
-97
15
-142
-418
-562
-428
-98
203
281
106
-144
-229
-36
324
568
489
192
-37
17
309
575
605
382
71
-60
115
415
551
394
68
-165
-129
128
380
388
104
-244
-358
-158
167
333
192
-159
-455
-450
-123
238
299
-10
-421
-588
-398
-24
236
166
-198
-561
-618
-332
50
214
44
-309
-578
-550
-218
156
266
44
-299
-464
-313
30
333
399
192
-89
-189
-16
315
572
601
417
165
37
158
460
716
720
462
130
-42
57
346
577
514
165
-239
-445
-320
14
257
151
-299
-784
-907
-576
-98
100
-174
-689
-1005
-857
-355
102
149
-208
-607
-687
-366
136
468
407
47
-273
-239
158
612
776
549
142
-92
35
423
753
725
340
-80
-201
46
408
542
320
-94
-387
-336
-23
257
256
-35
-373
-475
-282
39
245
166
-122
-363
-346
-67
253
343
140
-161
-301
-173
100
279
216
-40
-285
-350
-224
-33
69
-22
-262
-474
-508
-343
-108
-7
-120
-332
-459
-385
-149
97
203
123
-51
-136
-22
259
544
634
471
212
114
307
646
839
733
412
126
93
308
559
605
350
-62
-343
-305
-32
178
84
-291
-693
-828
-598
-241
-117
-333
-691
-908
-795
-420
-94
-51
-274
-544
-590
-305
119
368
285
4
-179
-76
266
604
659
422
142
46
201
488
659
552
259
8
-22
153
358
408
239
-34
-215
-191
1
185
184
-16
-244
-326
-215
-19
105
73
-91
-255
-279
-164
-3
109
92
-64
-244
-296
-163
55
158
47
-183
-345
-313
-128
50
76
-72
-293
-393
-281
-71
70
57
-98
-255
-252
-88
109
209
171
68
5
38
169
325
408
374
262
184
225
335
414
415
334
217
154
173
191
169
126
60
-14
-79
-141
-172
-176
-205
-244
-267
-299
-347
-403
-414
-339
-266
-253
-275
-331
-369
-298
-151
-27
10
-52
-131
-120
0
164
279
275
166
56
62
203
364
413
322
166
52
66
198
317
300
161
2
-73
-37
65
146
123
7
-111
-163
-124
-22
58
65
-4
-110
-172
-140
-29
84
103
30
-83
-190
-180
-17
130
121
-21
-194
-263
-171
-11
79
28
-120
-253
-281
-177
-22
57
8
-122
-245
-246
-89
98
151
56
-79
-140
-60
106
232
237
135
28
20
115
240
302
263
163
83
84
158
240
246
166
68
21
33
74
95
56
-14
-69
-86
-77
-80
-106
-119
-126
-146
-166
-184
-194
-169
-151
-161
-164
-165
-169
-163
-149
-119
-78
-61
-81
-106
-88
-24
31
46
38
21
23
68
116
142
146
136
128
134
157
181
193
175
142
126
145
160
132
85
68
82
80
49
7
-29
-37
-18
-15
-42
-79
-112
-123
-117
-100
-73
-65
-100
-162
-189
-132
-35
0
-49
-129
-171
-128
-22
58
50
-35
-115
-108
-23
70
113
75
-20
-86
-59
41
129
128
44
-36
-52
-9
67
118
102
42
-17
-32
12
75
115
118
67
-4
-19
27
90
134
124
66
-2
-37
-6
72
117
88
8
-72
-103
-65
4
57
34
-71
-169
-183
-111
-11
39
-13
-125
-209
-189
-73
38
58
-12
-113
-166
-120
-2
103
116
29
-77
-111
-49
72
163
152
51
-57
-87
-11
112
184
151
34
-86
-103
0
131
172
95
-25
-100
-94
-2
115
147
70
-44
-107
-70
34
112
125
70
-26
-81
-53
31
109
117
54
-29
-100
-98
-10
77
82
5
-111
-176
-141
-48
30
31
-60
-169
-206
-144
-37
31
22
-59
-149
-164
-85
30
102
79
-14
-96
-83
27
140
166
98
9
-19
32
106
151
149
101
47
26
48
91
113
101
68
27
2
8
28
39
28
5
-13
-34
-49
-49
-43
-31
-18
-28
-63
-93
-99
-75
-34
-6
-22
-78
-118
-108
-60
1
24
-23
-88
-111
-82
-16
47
50
-12
-77
-78
-12
57
87
63
10
-18
-1
44
93
114
88
40
14
30
67
99
103
71
29
11
20
37
50
52
33
-1
-26
-29
-12
7
8
-9
-34
-52
-53
-43
-30
-16
-13
-32
-57
-74
-64
-21
14
2
-36
-66
-64
-33
5
25
14
-24
-53
-51
-18
27
45
17
-28
-52
-38
5
43
43
10
-27
-39
-20
22
58
53
20
-9
-17
6
52
84
73
33
6
13
39
67
78
62
34
12
3
19
43
44
26
-2
-26
-38
-31
-5
7
-20
-56
-69
-69
-53
-30
-27
-44
-65
-77
-63
-33
-19
-25
-35
-40
-33
-20
-5
9
10
4
8
13
14
24
40
44
36
29
26
28
35
44
42
26
14
13
19
27
20
3
-6
-3
2
6
2
-13
-24
-13
4
5
-8
-13
-6
-9
-9
7
18
12
-1
-13
-10
4
17
24
20
-4
-31
-30
-1
30
28
-3
-35
-47
-32
4
24
9
-24
-50
-50
-27
1
18
12
-20
-54
-53
-18
23
35
12
-23
-44
-35
3
44
50
23
-17
-35
-15
27
64
64
22
-25
-28
11
48
62
47
19
-11
-27
-5
46
65
40
-1
-29
-27
2
29
43
29
-10
-43
-39
-12
18
29
10
-29
-59
-55
-22
12
16
-13
-48
-58
-46
-25
-1
10
-3
-30
-55
-50
-6
32
33
5
-32
-47
-17
31
55
38
-5
-33
-14
20
40
42
29
7
-9
-10
9
39
50
32
-1
-16
-5
19
38
39
21
0
-11
-6
10
29
33
17
-8
-24
-18
2
19
23
4
-28
-41
-27
-4
12
7
-21
-44
-47
-30
-6
7
-9
-39
-49
-36
-18
-6
3
1
-22
-45
-34
0
26
25
5
-15
-20
-3
20
42
45
22
-2
-7
9
35
52
51
27
-6
-19
5
37
53
46
13
-28
-37
-4
40
56
30
-21
-52
-40
2
40
44
10
-41
-67
-46
6
43
43
-3
-65
-91
-50
28
69
32
-43
-92
-80
-17
50
62
14
-51
-92
-61
17
65
54
7
-52
-74
-34
34
79
58
-6
-50
-44
-3
47
69
50
7
-30
-32
7
51
66
46
8
-21
-25
-1
38
60
45
6
-34
-50
-18
33
58
39
-17
-70
-69
-18
34
51
23
-37
-84
-81
-23
47
66
15
-62
-105
-71
13
71
58
-8
-73
-84
-33
35
72
54
-6
-60
-64
-13
54
80
50
-7
-51
-49
5
65
76
37
-25
-59
-31
22
58
52
9
-35
-44
-18
18
38
31
8
-16
-36
-29
6
39
44
16
-24
-42
-26
11
42
43
12
-27
-46
-30
8
35
38
13
-27
-58
-53
-7
47
59
10
-58
-91
-52
24
70
44
-25
-79
-76
-20
44
65
28
-34
-70
-55
7
63
67
20
-40
-60
-23
40
73
52
0
-38
-33
5
43
55
26
-11
-26
-13
9
24
23
17
8
-9
-21
-16
5
30
32
9
-17
-29
-22
3
26
32
18
-16
-47
-42
-5
36
46
11
-43
-72
-50
11
52
35
-20
-66
-67
-24
23
37
18
-23
-53
-47
-16
20
37
26
-3
-37
-45
-10
42
63
36
-7
-33
-19
19
50
57
35
2
-17
-13
12
41
56
38
-2
-34
-30
5
37
42
21
-18
-48
-44
-6
33
34
3
-34
-52
-44
-13
23
33
5
-37
-62
-48
-6
31
39
5
-47
-70
-38
18
47
31
-10
-41
-45
-18
24
49
35
-5
-37
-34
2
39
52
33
-5
-29
-19
16
44
44
21
-5
-18
-10
14
36
33
12
-10
-18
-10
5
19
23
9
-18
-31
-21
1
19
15
-7
-31
-36
-16
7
14
0
-14
-23
-25
-15
4
18
12
-14
-31
-20
4
20
18
0
-18
-20
-6
12
17
7
-2
-9
-12
-3
10
15
8
-6
-10
0
8
9
7
5
3
3
2
4
10
11
9
5
0
2
9
8
5
3
3
4
-1
-2
1
5
1
-5
-7
-4
-2
-2
-4
-7
-10
-7
-4
-4
-8
-8
-7
-6
-6
-6
-3
-3
-5
-6
-2
2
3
-3
-4
-3
2
5
7
3
-2
-5
-4
2
9
12
6
-7
-13
-4
9
17
13
-4
-17
-14
3
19
21
7
-9
-15
-8
8
22
23
8
-12
-20
-8
14
26
20
0
-18
-20
-4
17
24
12
-8
-21
-17
-2
11
14
6
-8
-20
-19
-10
3
13
10
-8
-28
-30
-10
13
18
6
-15
-29
-24
-6
15
24
12
-15
-31
-24
2
31
36
11
-22
-34
-12
24
41
32
3
-23
-25
2
34
45
24
-10
-24
-10
12
28
28
13
-6
-20
-15
5
21
21
7
-15
-27
-18
1
15
10
-9
-21
-22
-16
-8
1
5
-1
-16
-25
-21
-6
7
10
-1
-17
-24
-12
6
16
11
-2
-10
-10
0
10
16
16
7
-3
-6
3
13
22
20
8
-7
-6
6
16
20
12
0
-5
-6
0
10
14
8
-5
-13
-10
-2
6
9
2
-11
-16
-12
-2
5
2
-7
-12
-13
-8
-2
-1
-3
-2
-6
-7
-8
-8
0
7
2
-6
-10
-7
3
8
6
0
-5
-3
2
5
7
7
4
1
0
1
6
12
10
3
-3
-2
3
11
13
6
-4
-8
-1
9
10
5
-4
-10
-6
3
7
4
-3
-5
-7
-5
-2
2
4
0
-10
-12
-6
5
7
-2
-10
-11
-5
5
6
-3
-7
-6
-2
1
-3
-3
2
1
-3
-5
-2
3
2
0
1
0
-2
1
3
4
5
3
0
2
2
5
10
6
3
2
3
4
4
4
8
6
-2
-4
-1
4
5
0
-3
-3
-4
-2
0
-2
-3
-5
-7
-6
-5
-3
-1
-1
-6
-8
-6
-2
3
1
-3
-6
-5
0
7
6
1
-5
-5
2
8
9
4
-2
-5
-2
5
10
8
1
-5
-4
-1
5
6
4
0
-4
-5
0
4
7
3
-4
-6
-5
0
5
5
4
-2
-7
-7
0
5
6
2
-3
-6
-6
-2
3
5
3
-3
-8
-8
-1
6
9
2
-9
-11
-5
6
9
6
1
-4
-11
-8
4
13
11
0
-10
-9
-3
5
12
10
-3
-11
-11
-1
9
12
5
-5
-14
-12
2
12
13
3
-9
-11
-9
-1
14
14
1
-12
-14
1
13
10
2
-3
-6
-5
1
7
9
5
-4
-6
-4
0
6
7
1
-3
-7
-4
1
1
3
2
-4
-6
-5
-1
3
1
-2
0
-2
-7
-4
2
9
7
-5
-11
-5
4
10
8
-1
-4
-4
-2
3
7
5
1
-4
-5
0
7
8
2
-5
-5
-1
1
4
5
-2
-3
-5
-4
4
5
-2
-3
-1
0
3
1
-5
0
3
1
1
-2
-4
2
1
