SAMPLES:	10812
BITSPERSAMPLE:	16
CHANNELS:	1
SAMPLERATE:	16000
NORMALIZED:	FALSE
9
9
3
8
12
7
4
-1
-5
-4
-10
-12
-7
-1
7
7
-3
-9
-2
6
3
-4
2
-1
-7
-10
0
6
-12
-8
3
-2
-4
8
21
13
12
22
21
23
19
8
2
6
19
21
6
4
4
-5
2
5
3
-1
-5
11
16
16
25
15
5
8
11
18
16
6
3
-3
7
11
-5
-5
-2
6
5
-6
13
19
-12
-12
6
12
2
-8
10
13
-6
8
16
14
12
-4
-6
-8
-13
-13
-18
-3
15
6
4
4
-1
-12
-20
8
17
-1
3
4
-2
-21
-27
-14
-19
-20
-13
-3
0
11
15
17
10
2
-1
-5
-8
-2
19
13
15
13
-2
6
-1
1
2
-16
-9
-3
8
9
-13
-14
-10
-8
4
-9
-16
-13
-13
-3
3
17
8
-25
-22
9
18
20
22
35
32
6
34
46
22
7
-6
11
12
-2
3
2
4
7
12
32
17
1
9
18
48
38
21
23
1
17
27
-1
11
4
-11
2
-4
6
-16
-58
-17
5
6
15
1
7
12
-2
27
49
24
12
-4
6
7
-23
-2
0
-11
-11
-9
26
9
-16
-1
-11
-4
8
-9
-11
-14
-14
17
11
0
-7
-31
-28
-26
-20
-30
-47
-26
-10
-10
-6
-5
-6
-25
-11
13
-5
-14
-25
-24
-26
-46
-41
-43
-63
-52
-41
-24
-23
-37
-15
-15
-37
-26
-19
-13
-25
-33
2
-9
-20
-14
-31
-22
-25
-19
-1
-13
-15
-13
-17
-16
-4
6
-17
-39
-18
7
-10
-13
-11
-21
-17
4
19
2
-18
-3
19
0
-7
7
-1
-23
-13
27
29
0
0
15
5
-12
3
32
13
-10
9
21
4
-15
-4
-3
-1
16
15
-2
-12
-2
5
4
3
-15
-41
-38
-11
-4
-15
-14
-18
-34
-40
-15
3
-22
-30
-7
23
22
11
16
4
-4
-4
5
14
7
-7
-19
-16
-3
-1
-15
-18
-19
-16
-7
0
19
20
0
2
14
22
7
-11
-4
-18
-34
-28
-29
-22
-25
-21
10
7
-17
-21
-11
-2
-17
-39
-6
15
-13
-23
-7
7
-16
-40
-31
-21
-17
-7
-6
-9
-22
-39
-31
-23
-10
-16
-38
-27
-17
-6
-12
-40
-27
-20
-31
-16
-14
2
6
-7
23
25
6
10
9
12
5
2
19
16
19
37
29
17
4
2
19
9
26
24
2
21
28
44
38
18
29
27
29
58
65
48
32
38
55
50
53
56
38
27
28
45
37
21
26
2
10
22
28
45
24
19
16
5
20
15
28
38
20
28
14
20
27
-10
-8
-2
7
27
11
13
-2
-44
-38
-37
-39
-44
-67
-50
-42
-35
-11
-22
-8
2
-17
-22
-26
-11
1
-16
-5
-1
-20
-8
7
26
15
-28
-25
-7
-15
-18
-15
0
9
0
21
38
28
20
8
12
23
24
47
57
30
5
-3
12
23
6
12
13
-1
16
30
41
44
23
17
17
18
33
47
51
46
43
42
46
37
33
42
34
38
54
65
84
53
26
38
19
23
29
29
41
16
22
37
6
-8
-38
-53
-46
-53
-28
-30
-30
-20
-61
-79
-92
-103
-73
-72
-54
-40
-48
-43
-62
-58
-64
-90
-79
-78
-64
-44
-46
-8
-8
-32
-23
-39
-25
-27
-33
7
-2
-18
-19
-21
10
-10
-24
-17
-30
-12
4
10
16
-10
-18
-11
-13
3
-25
-50
-38
-44
-19
-9
-14
1
-43
-48
-31
-28
-7
-38
-48
-32
-27
10
28
24
21
-21
-13
14
13
28
11
25
68
66
92
99
64
72
50
52
88
80
113
123
118
147
124
111
105
75
81
71
58
68
57
80
73
26
11
-20
-39
-50
-62
-45
-57
-82
-92
-111
-126
-169
-204
-202
-207
-206
-221
-229
-229
-264
-287
-300
-320
-312
-291
-281
-279
-305
-285
-261
-283
-285
-307
-302
-266
-253
-227
-211
-223
-201
-199
-186
-138
-118
-109
-98
-85
-39
-19
-8
20
30
46
80
115
146
166
186
201
218
256
277
308
339
373
387
383
393
394
396
420
419
437
445
428
460
436
408
415
380
374
344
320
356
309
267
268
216
189
142
104
117
61
53
57
3
-1
-80
-148
-145
-192
-218
-254
-299
-288
-306
-348
-387
-451
-499
-543
-562
-585
-611
-607
-616
-637
-678
-735
-741
-756
-770
-761
-751
-726
-734
-714
-693
-700
-690
-707
-690
-627
-593
-528
-472
-434
-380
-377
-347
-278
-238
-188
-146
-95
23
121
207
268
289
350
424
499
603
687
771
841
902
1001
1072
1134
1172
1214
1288
1345
1420
1484
1522
1576
1589
1624
1658
1651
1676
1639
1632
1654
1593
1573
1517
1442
1432
1325
1245
1183
1022
902
764
628
537
359
228
84
-108
-243
-434
-610
-806
-1018
-1160
-1343
-1500
-1646
-1840
-1959
-2104
-2233
-2330
-2477
-2568
-2670
-2752
-2768
-2801
-2772
-2773
-2791
-2734
-2723
-2655
-2575
-2508
-2368
-2298
-2149
-1964
-1847
-1637
-1502
-1356
-1134
-983
-732
-520
-366
-131
30
244
468
623
857
1030
1208
1423
1566
1795
1975
2100
2269
2362
2508
2628
2703
2860
2970
3077
3180
3223
3297
3308
3326
3380
3362
3377
3335
3293
3309
3239
3180
3065
2921
2824
2638
2494
2325
2118
1979
1707
1476
1295
972
735
438
106
-83
-419
-713
-945
-1292
-1526
-1780
-2106
-2321
-2594
-2842
-3016
-3254
-3403
-3527
-3691
-3776
-3880
-3982
-3968
-3993
-4000
-3955
-3941
-3819
-3709
-3672
-3512
-3382
-3205
-2956
-2830
-2611
-2396
-2237
-1952
-1761
-1562
-1322
-1213
-957
-721
-560
-324
-221
-53
190
334
545
672
761
944
1058
1222
1367
1460
1612
1705
1813
1955
2070
2193
2299
2422
2517
2625
2738
2851
3001
3061
3137
3225
3267
3433
3492
3512
3605
3573
3623
3623
3577
3638
3505
3413
3386
3243
3205
2979
2759
2650
2319
2175
1929
1535
1344
911
592
357
-119
-367
-762
-1225
-1496
-1981
-2305
-2600
-3004
-3199
-3546
-3828
-4030
-4352
-4470
-4653
-4773
-4779
-4925
-4890
-4853
-4826
-4646
-4579
-4420
-4255
-4117
-3799
-3578
-3311
-2987
-2713
-2367
-2128
-1855
-1539
-1324
-1002
-747
-482
-182
6
306
490
629
795
831
997
1123
1219
1382
1374
1432
1464
1458
1570
1514
1515
1535
1482
1604
1572
1578
1686
1612
1677
1664
1661
1823
1792
1890
2006
2017
2199
2232
2315
2474
2448
2578
2663
2717
2915
2953
3040
3107
3087
3177
3151
3097
3054
2919
2848
2754
2642
2528
2349
2128
1844
1534
1212
919
632
283
7
-334
-736
-1078
-1513
-1839
-2186
-2594
-2812
-3134
-3444
-3636
-3917
-4005
-4166
-4343
-4356
-4507
-4504
-4461
-4482
-4277
-4186
-4027
-3760
-3656
-3384
-3203
-3052
-2739
-2529
-2189
-1834
-1586
-1249
-1080
-878
-662
-544
-307
-153
25
235
315
473
534
530
614
557
610
639
597
695
644
645
687
581
610
581
527
625
597
684
789
805
964
1038
1143
1304
1334
1499
1652
1804
2057
2136
2345
2597
2766
3004
3086
3181
3337
3397
3602
3759
3834
3936
3880
3897
3812
3631
3562
3404
3358
3259
2982
2772
2402
2051
1705
1212
888
508
171
-130
-657
-1093
-1569
-2016
-2279
-2707
-3036
-3399
-3809
-3956
-4213
-4354
-4474
-4749
-4816
-4935
-4965
-4851
-4854
-4656
-4489
-4367
-4123
-4016
-3778
-3535
-3331
-2982
-2735
-2389
-2074
-1870
-1525
-1311
-1044
-775
-643
-357
-200
5
247
294
435
476
562
768
760
831
830
807
945
902
954
974
879
984
975
1059
1199
1178
1336
1403
1444
1583
1649
1872
2054
2172
2357
2451
2663
2857
3021
3215
3260
3408
3576
3682
3885
3939
4018
4121
4088
4152
4079
3973
3892
3693
3622
3461
3273
3149
2829
2539
2104
1555
1220
812
479
178
-331
-757
-1299
-1862
-2311
-2787
-3118
-3444
-3803
-4156
-4631
-4952
-5191
-5371
-5393
-5565
-5702
-5772
-5842
-5646
-5455
-5263
-5002
-4836
-4577
-4341
-4069
-3704
-3368
-2949
-2592
-2249
-1815
-1559
-1227
-927
-730
-346
-108
171
462
538
722
863
950
1134
1184
1281
1325
1275
1327
1307
1410
1513
1506
1584
1524
1461
1479
1461
1614
1699
1753
1880
1927
2026
2097
2120
2195
2232
2383
2527
2679
2906
2981
3095
3164
3205
3289
3280
3349
3477
3519
3598
3552
3499
3459
3340
3294
3107
2914
2728
2423
2265
2063
1775
1564
1120
636
185
-310
-616
-901
-1293
-1749
-2262
-2786
-3198
-3465
-3748
-4068
-4399
-4866
-5117
-5263
-5372
-5335
-5360
-5454
-5510
-5630
-5501
-5181
-4883
-4520
-4317
-4084
-3820
-3534
-3089
-2669
-2304
-1874
-1625
-1234
-809
-519
-110
146
296
596
797
1045
1372
1444
1555
1651
1632
1765
1870
1883
1927
1832
1728
1689
1636
1664
1705
1666
1602
1538
1482
1510
1553
1573
1568
1535
1608
1684
1764
1917
1975
2016
2131
2164
2323
2464
2478
2636
2670
2692
2870
2885
2992
3085
3005
3068
3026
2989
3051
2961
2945
2830
2579
2409
2185
2023
1885
1619
1336
899
454
60
-299
-542
-826
-1201
-1659
-2203
-2682
-3101
-3389
-3516
-3748
-4022
-4446
-4770
-4924
-4997
-4929
-4922
-5035
-5103
-5220
-5067
-4734
-4451
-4096
-3896
-3701
-3433
-3223
-2800
-2358
-2040
-1613
-1341
-954
-567
-342
29
248
352
573
710
1047
1341
1347
1424
1384
1381
1481
1463
1533
1512
1311
1232
1115
1068
1076
969
976
922
783
728
718
838
933
939
1004
1009
1052
1131
1200
1411
1587
1719
1944
2112
2303
2484
2642
2847
2975
3153
3258
3393
3592
3571
3625
3735
3626
3733
3757
3593
3620
3356
2977
2909
2777
2682
2675
2241
1670
1078
514
189
133
-60
-543
-1103
-1774
-2488
-2772
-3006
-3279
-3422
-4037
-4599
-4771
-5000
-4981
-4876
-5163
-5366
-5552
-5645
-5337
-4863
-4569
-4428
-4386
-4314
-4020
-3409
-2854
-2415
-2068
-2034
-1797
-1326
-908
-378
-13
109
262
293
471
807
1034
1079
988
913
910
991
1112
1154
1049
777
490
432
510
623
634
488
374
209
174
361
511
647
682
628
790
924
1019
1175
1310
1509
1722
1955
2209
2408
2573
2685
2830
3070
3255
3497
3705
3794
3827
3838
3888
4016
4159
4203
4064
3892
3639
3426
3395
3305
3225
3106
2727
2256
1722
1131
810
657
372
-75
-737
-1495
-2001
-2327
-2584
-2761
-3098
-3736
-4401
-4865
-5117
-5103
-5065
-5207
-5470
-5800
-6077
-5934
-5481
-5178
-5016
-4988
-4984
-4652
-4243
-3756
-3096
-2774
-2643
-2526
-2312
-1801
-1242
-736
-388
-357
-355
-305
-55
435
678
777
810
687
678
738
761
887
892
761
763
753
693
708
656
558
572
577
665
905
1054
1076
1123
1135
1248
1503
1682
1883
2105
2269
2509
2816
3020
3218
3400
3513
3712
3908
4031
4237
4407
4442
4451
4443
4383
4438
4538
4501
4487
4293
3949
3764
3593
3474
3486
3232
2868
2238
1359
823
513
357
209
-283
-946
-1768
-2641
-2986
-3142
-3259
-3593
-4302
-4960
-5345
-5565
-5547
-5527
-5744
-6169
-6567
-6659
-6431
-5902
-5581
-5405
-5223
-5216
-5088
-4583
-4088
-3488
-3121
-2966
-2624
-2178
-1764
-1365
-1053
-814
-558
-224
109
420
765
730
735
966
1133
1327
1422
1188
1104
1058
957
1066
1069
873
675
554
568
763
954
926
802
706
583
740
1102
1288
1386
1326
1181
1402
1740
2019
2364
2493
2554
2783
3043
3355
3658
3702
3684
3716
3834
4063
4257
4301
4102
3954
3917
3973
4158
4217
3896
3576
3276
3210
3382
3313
2775
1974
1224
624
485
547
330
-173
-1016
-2199
-2680
-2784
-2799
-2723
-3232
-4134
-4711
-5180
-5189
-4875
-5037
-5472
-5982
-6315
-6235
-5700
-5292
-5034
-4967
-5063
-4963
-4415
-3822
-3103
-2651
-2479
-2189
-1885
-1376
-737
-462
-386
-165
7
547
1013
1118
1095
986
767
977
1397
1597
1675
1356
763
592
621
625
839
601
168
-21
-198
-33
353
295
142
0
-136
79
453
594
646
686
679
969
1477
1791
2017
2116
2047
2277
2748
3203
3570
3645
3495
3452
3656
3949
4250
4499
4419
4318
4418
4512
4738
4778
4351
4045
3916
3856
4051
3987
3396
2754
2009
1366
1382
1465
1125
589
-513
-1624
-1931
-2042
-2007
-2014
-2882
-4032
-4677
-5105
-4985
-4654
-4953
-5558
-6120
-6665
-6574
-5953
-5551
-5312
-5330
-5652
-5548
-4965
-4396
-3715
-3324
-3313
-3065
-2601
-2149
-1600
-1368
-1412
-1304
-1001
-474
135
421
355
123
-38
72
391
819
924
681
408
84
61
285
272
236
32
-252
-178
54
337
519
393
198
194
472
844
1096
1221
1143
1215
1530
1897
2416
2711
2740
2879
3051
3400
3859
4045
4226
4271
4228
4409
4601
4820
5036
4952
4878
4974
5018
5062
4981
4616
4302
4296
4249
4423
4262
3400
2526
1767
1193
1328
1331
858
263
-941
-2058
-2401
-2463
-2447
-2637
-3584
-4670
-5294
-5559
-5488
-5185
-5539
-6259
-6827
-7199
-6947
-6242
-5966
-5852
-5853
-6082
-5749
-5098
-4498
-3920
-3636
-3513
-3072
-2515
-1917
-1428
-1344
-1397
-1291
-869
-141
441
585
441
180
74
412
938
1347
1349
823
257
53
131
420
675
561
179
-201
-331
-11
365
454
437
389
420
652
911
1147
1368
1420
1578
1992
2432
2670
2704
2650
2795
3142
3511
3894
4230
4233
4048
4015
4114
4443
4638
4608
4487
4414
4469
4506
4447
4312
3852
3401
3291
3315
3600
3533
2764
1847
1085
607
746
866
567
-53
-1080
-2177
-2555
-2492
-2476
-2612
-3423
-4557
-5150
-5354
-5230
-4846
-5118
-5761
-6338
-6733
-6541
-5858
-5507
-5399
-5452
-5627
-5366
-4734
-4159
-3658
-3364
-3291
-2864
-2235
-1625
-1041
-902
-1059
-956
-619
4
699
964
899
725
540
742
1225
1590
1694
1403
910
776
909
1039
1191
967
471
188
104
366
802
852
670
472
276
417
746
885
1027
1060
1063
1332
1688
1944
2102
2134
2144
2407
2772
3079
3325
3352
3254
3346
3642
3986
4199
4221
4018
3952
4107
4368
4560
4558
4162
3701
3590
3734
4017
3983
3318
2326
1617
1138
1173
1236
932
263
-630
-1680
-2139
-2128
-2194
-2430
-3196
-4227
-4806
-4964
-5019
-4809
-5066
-5754
-6323
-6665
-6610
-5981
-5717
-5602
-5608
-5715
-5493
-4810
-4197
-3727
-3534
-3509
-3104
-2525
-1873
-1349
-956
-1059
-1146
-984
-466
292
792
717
563
451
407
758
1127
1283
1178
710
273
305
446
638
709
400
-32
-253
-226
129
491
577
593
582
498
504
627
866
1218
1349
1498
1782
2119
2347
2457
2507
2702
3086
3422
3822
4056
4075
4117
4332
4470
4686
4841
4658
4686
4744
4768
4892
4906
4424
4149
4047
3961
4343
4255
3412
2502
1794
1285
1534
1545
1134
628
-418
-1755
-2302
-2306
-2128
-2153
-3127
-4349
-4930
-5297
-5425
-5146
-5355
-5828
-6456
-7031
-6963
-6249
-6011
-5819
-5789
-5954
-5817
-5252
-4604
-3995
-3670
-3676
-3170
-2469
-1847
-1383
-1002
-1061
-1225
-1189
-680
243
947
979
698
551
511
691
1061
1345
1291
1024
641
527
753
897
912
777
269
-90
-1
275
720
915
761
695
690
651
857
1193
1437
1598
1658
1841
2303
2663
2804
2921
3016
3197
3436
3656
3852
4018
4061
4250
4450
4504
4577
4411
4278
4445
4551
4747
4932
4623
4183
3836
3656
3776
3977
3516
2551
1718
1110
1010
1237
942
376
-369
-1770
-2779
-3030
-2878
-2517
-2894
-4193
-5091
-5611
-5927
-5758
-5674
-6042
-6628
-7339
-7605
-6982
-6362
-6087
-5925
-6040
-6125
-5723
-5168
-4448
-3858
-3617
-3267
-2557
-1884
-1319
-964
-840
-798
-864
-622
88
913
1217
1208
958
864
1066
1317
1577
1699
1524
1188
965
804
1107
1366
1279
952
399
51
231
506
806
862
570
443
466
595
928
1142
1256
1360
1473
1812
2229
2627
2772
2838
2777
2918
3273
3505
3706
3864
3732
3703
3982
4164
4514
4604
4345
4369
4514
4735
4980
4815
4343
4031
3821
3880
3921
3253
2253
1638
1481
1474
1408
902
322
-446
-1819
-2675
-2483
-2153
-1940
-2775
-4456
-5210
-5626
-5721
-5259
-5518
-6161
-6904
-7717
-7376
-6558
-6112
-5789
-5848
-6006
-5747
-5260
-4420
-3637
-3351
-3254
-2889
-2107
-1402
-851
-536
-449
-486
-389
84
797
1109
970
781
761
1024
1281
1418
1463
1343
1047
834
1075
1234
1152
1009
601
257
-102
-225
78
82
-172
-267
-452
-235
177
236
453
480
457
806
1107
1695
2198
2206
2344
2488
2496
2798
3094
3246
3451
3252
3573
3891
4391
5510
5617
5161
4676
4742
5187
5387
5924
5693
4183
3469
3457
4077
3681
2321
824
-468
-626
-153
294
40
-928
-2417
-3869
-4578
-3863
-3227
-3614
-4896
-6369
-7005
-6603
-5791
-4889
-5049
-5951
-6377
-6185
-5121
-3803
-3220
-3295
-3382
-3258
-2226
-1087
-295
-65
-346
-539
-266
330
747
884
389
-441
-1131
-1444
-1683
-1495
-1470
-2041
-2450
-2876
-2766
-2515
-2518
-2416
-2457
-2134
-1565
-1083
-649
-401
-181
-232
-237
-53
58
440
1050
1519
1904
2180
2521
2885
2991
3158
3407
3687
4254
5271
6038
6493
6234
5759
5402
5075
5249
4998
4557
4139
4239
4651
4780
5004
4697
4087
3575
3709
4607
5301
5418
4626
2446
402
-418
232
1158
-949
-4325
-7386
-8372
-6179
-4660
-3109
-3554
-5497
-6391
-6949
-4838
-2712
-2341
-2621
-3659
-3981
-2974
-1050
482
431
-1361
-2613
-2326
-1238
29
262
-731
-1857
-2856
-2437
-780
227
-190
-1615
-2282
-1716
-626
133
280
-291
-975
-1321
-1152
-880
-1008
-1018
-2052
-3225
-4412
-4746
-4482
-5432
-4696
-4310
-3949
-3141
-2578
-948
-1374
-1620
114
206
558
1197
1613
2165
2016
1797
1995
2218
2137
2363
2574
3187
3245
3068
3141
3610
4845
5302
5711
5606
4932
4664
4265
4149
3996
3678
3021
2892
2957
3039
3574
3555
3699
3501
3879
5296
5676
6606
6105
5021
4237
1974
1390
-27
76
-728
-5687
-7408
-8326
-6504
-3467
-3439
-2853
-4300
-5157
-4156
-2900
-658
-241
-918
-980
-1104
-1297
-474
-409
-613
-1352
-2759
-2290
-1630
-1485
-2052
-2982
-3663
-4165
-3789
-2269
-657
107
-196
-419
129
520
966
769
1
-150
-426
-347
-398
-1494
-2403
-3750
-4848
-5043
-5270
-4279
-3494
-3238
-2555
-1774
-469
112
378
1039
928
998
1296
1274
1267
1223
631
107
-325
-566
22
461
831
1078
668
972
1756
2597
3345
3832
4600
4391
4158
4485
4233
4328
3569
3023
3680
3031
3449
3618
3183
4018
3543
4004
4110
4077
6558
6840
7093
6897
4843
4819
3118
2181
1419
75
127
-4339
-7767
-7879
-6491
-3548
-2757
-2973
-3741
-3894
-2906
-1506
410
554
-221
-894
-702
-1271
-1509
-1997
-3098
-3240
-4393
-4107
-3379
-4468
-5665
-6085
-6090
-5602
-4870
-3513
-887
688
1363
1553
1180
1393
1588
1367
736
-184
-811
-1057
-1704
-2489
-3962
-5607
-6622
-7800
-8207
-6914
-4614
-2479
-1404
252
1532
1000
713
988
1208
1901
2363
1913
1220
254
-660
-1197
-1492
-1302
-678
-126
1169
2538
2412
2589
3314
3297
3459
4190
5483
6302
5650
5454
4779
3507
2887
2349
2486
2906
3458
3607
3484
3689
3698
4261
4150
5361
6899
8177
9627
7824
6538
4053
1707
783
253
73
-3597
-6428
-7500
-6834
-3325
-2718
-2944
-3197
-3348
-1545
-1
1139
1656
453
-698
-232
-462
-1393
-2785
-3758
-3853
-4575
-4520
-4549
-4979
-5530
-5943
-5568
-5268
-4649
-3002
-1233
469
1888
1773
1567
1216
830
1098
691
-227
-704
-1408
-1898
-2461
-3458
-3517
-3911
-4383
-5346
-6325
-4920
-3147
-986
868
2101
2594
870
892
1202
887
1743
928
203
-123
-888
-1202
-2135
-2729
-2612
-2588
-1357
241
1174
1767
2185
2724
1999
1565
2722
3414
4335
4407
4000
3423
2373
2465
1464
1509
1710
1997
3440
3717
4731
5095
5014
5911
5871
6842
8400
9730
10171
9259
7836
6019
3448
1135
640
754
-3294
-7509
-8708
-7576
-2484
-1389
-1978
-2689
-4164
-1031
331
1515
2665
-345
-1836
-934
-999
-1878
-4199
-6878
-6238
-6207
-5813
-5191
-6734
-7994
-7447
-6100
-4219
-2714
-2444
-930
1720
3271
3921
3040
1410
1319
1391
962
711
-560
-1731
-2269
-2692
-2240
-1944
-2488
-3258
-3936
-3597
-4244
-4887
-3973
-2438
748
2350
2161
877
-1105
-413
-877
-1347
-737
-2154
-2872
-3153
-3647
-4297
-5159
-4311
-2421
-760
1377
2791
3114
3168
2917
2139
1222
1076
1434
2402
3519
4562
4237
2622
2372
2605
3648
4566
4783
6191
6896
7556
8555
8110
8784
8362
7621
9126
9013
10626
11299
9135
8536
6276
4106
2217
522
-2274
-8642
-11681
-10134
-5484
-2182
-1568
-2440
-4403
-2247
-284
589
2504
663
-2009
-2107
-2092
-2709
-4400
-7678
-7820
-6954
-6832
-5043
-5592
-7271
-6921
-6051
-4153
-2265
-2532
-1160
2194
4205
5589
4933
3023
2410
1441
614
516
-619
-2120
-3114
-3384
-2676
-2560
-3685
-4272
-4652
-4191
-2183
-834
120
-77
-1036
-1091
-1372
-1870
-2446
-3358
-2861
-2869
-4032
-3896
-4375
-4367
-3282
-3004
-1904
-1180
-1012
196
623
1005
1821
1448
1921
2252
1519
1717
1194
736
1003
791
1652
2678
3627
5840
6456
6265
6345
5842
7434
8807
9608
9672
9176
9265
9680
11091
10811
9974
8831
8055
7373
6291
6050
2798
1310
1484
-4537
-10260
-12222
-10836
-5470
-2156
-1700
-2194
-3572
-390
1494
2329
3278
-1301
-4171
-3830
-3480
-4271
-7847
-10873
-10093
-9470
-7478
-5216
-5993
-6585
-6580
-4623
-1654
-417
-247
1194
3706
5560
6218
4752
2857
1073
-526
-1438
-1386
-1822
-2710
-2845
-2596
-1942
-2252
-2768
-3482
-4678
-4362
-3279
-1841
-1403
-1217
-471
-205
-186
-1657
-3266
-4185
-4537
-4525
-4523
-4384
-4724
-4795
-4044
-2860
-1883
-1069
-97
1106
2247
3042
3730
3585
2739
1631
942
745
822
968
1105
1637
2924
4016
5731
7221
6746
7062
7304
8289
9942
9971
9778
8553
8715
9473
9091
9532
9349
9450
8807
7590
7277
4895
2680
865
255
-2303
-8933
-11862
-11170
-5284
117
-77
-1447
-4034
-2133
299
1896
3155
-2106
-6423
-6017
-3809
-3019
-5644
-9329
-10207
-9372
-7275
-3961
-3615
-5709
-7063
-5964
-2060
1080
1473
1845
3079
3977
4515
3692
2080
656
-1378
-2621
-2012
-2330
-3467
-4330
-4594
-3920
-3794
-4318
-4566
-7132
-9097
-6131
-3461
-714
273
-378
-157
-1955
-1107
-2322
-4578
-3352
-5053
-4237
-2458
-3385
-4068
-5103
-3802
-1372
-236
2564
4529
4184
4597
4524
3873
3033
2144
2732
3322
3654
4786
5023
5093
5854
5868
6549
5759
5672
7010
7314
9088
8058
7526
7473
7597
10636
9939
10922
11187
9277
9655
8575
8033
4182
625
593
-4456
-10989
-13600
-13477
-7353
-2697
-2321
-1439
-3503
-1545
1646
2494
5115
1659
-3037
-2371
-1924
-3191
-5904
-9422
-9747
-8731
-7707
-4242
-3382
-5980
-7222
-6431
-3160
-179
-163
1202
3834
5508
6151
5346
4031
1797
-1014
-2807
-2904
-3100
-4261
-4985
-5227
-4866
-4920
-5106
-5633
-7043
-7107
-4632
-1724
-66
71
-340
-802
-1100
-1354
-2408
-3185
-3800
-4749
-4598
-3585
-3522
-4350
-4110
-3008
-1445
25
1425
2546
2317
2556
3425
4222
4661
4632
4351
4068
3817
3414
2691
2969
3843
4366
5040
4892
5789
6149
6400
7647
7703
8097
7386
7189
8527
9351
10997
11798
11556
10880
8462
6891
6674
4445
2366
49
-2507
-7607
-13132
-13344
-10236
-4685
-3039
-3625
-3653
-3142
669
1971
3884
3701
-844
-1785
-985
-1308
-4328
-8669
-10122
-9269
-7946
-5601
-3904
-4936
-7522
-7676
-4805
-1449
208
482
2742
5757
6657
6260
4512
2388
466
-1786
-2285
-2225
-3774
-5111
-5884
-5558
-5576
-6229
-6105
-5191
-3429
-2100
-942
-345
-634
252
455
220
-514
-3057
-3880
-3727
-4176
-3893
-4769
-4879
-3780
-3018
-975
-25
163
1046
1803
3215
4018
4204
4761
4861
4518
4274
3692
3104
2418
1882
2096
2183
2644
3710
4211
5163
6520
6938
7148
7330
7313
7267
8694
9497
9405
10309
11314
11309
9612
8556
6153
1385
-897
-1524
-240
-3910
-10770
-14128
-12747
-5235
-2305
-1619
-1721
-3957
-1483
552
4237
6081
188
-2403
-1678
-1897
-3353
-6766
-8645
-8631
-8795
-6911
-4044
-5152
-7979
-8076
-5122
-1210
-225
-835
1330
4410
5739
6059
4474
2274
-205
-2141
-1268
-1158
-3214
-5801
-7652
-7063
-6096
-5238
-5225
-5844
-6074
-4094
-196
2114
1855
-357
-527
163
214
317
-1371
-2272
-2893
-3182
-2087
-1939
-1976
-1961
-1688
-217
1040
1409
2314
3049
3517
4410
4958
5806
5693
5229
5510
4730
4067
2916
2075
1759
1283
1768
2625
4278
5130
4991
5054
4876
5638
7687
8234
8888
10632
10987
11039
9990
8480
4863
871
-337
-422
-2460
-10053
-15255
-15217
-8459
-1072
-1007
-1198
-4323
-4759
-1575
804
5999
4634
615
1117
1385
-116
-3776
-7393
-8437
-8256
-7247
-4743
-4418
-7499
-9168
-7755
-4819
-2950
-3055
-1055
3509
6186
6164
5017
3265
1375
-706
-959
234
-517
-2812
-5774
-6808
-6399
-6840
-6274
-6617
-6294
-5460
-3661
1134
2481
2040
1244
-10
758
-197
-1333
-1373
-1699
-1154
-721
-778
-236
-544
-1434
-1062
-321
693
1467
2202
3260
3919
4392
4728
4788
4470
4697
5188
5632
5012
4126
3618
2687
2705
2452
2418
2912
4186
4328
4300
5647
5073
6580
7680
8018
10578
10032
8925
7311
4424
3081
449
490
-262
-9222
-14616
-15268
-10961
-2781
-1981
-2192
-3771
-5264
-3059
-1448
3306
4338
1048
13
495
-156
-3046
-4469
-4513
-5170
-6627
-6675
-5020
-5284
-7275
-7909
-7450
-6307
-4430
-977
4081
6426
5338
3874
3387
3452
2747
1855
1502
237
-1722
-2689
-3289
-5108
-8709
-9827
-7702
-5597
-3563
-2162
-345
86
-388
1127
1542
2546
2431
391
313
-494
-2104
-2571
-2104
-1130
-1364
-856
1029
1158
907
1217
1209
822
1333
3038
4892
6109
6159
5980
5429
5122
5000
4170
4383
4495
4070
3243
3340
3429
3020
3798
2370
2527
3084
4245
9312
11162
12075
10138
6259
5123
1686
1671
2569
2081
-1242
-11010
-15650
-13807
-7101
-2450
-2984
-3320
-6530
-6023
-3345
24
5370
3154
193
203
-858
-1796
-3419
-3705
-3727
-5642
-6572
-4906
-3766
-5078
-7196
-8348
-8711
-7713
-5055
-90
4117
3236
1605
1573
2741
3684
2918
2362
1625
99
-469
-910
-1934
-5526
-9289
-8755
-6969
-4758
-2903
-1820
-1139
-2203
-1257
566
1974
3994
3994
3366
2473
275
-2006
-2475
-1194
-1078
-866
757
2168
2783
2324
1682
592
-239
1509
3967
5055
6013
5831
4977
5017
4479
4785
4936
5025
5328
5049
6372
5413
4307
3226
2902
4509
4553
6119
6062
7317
9231
9475
8826
5270
2203
-192
1365
4335
2973
-5311
-13794
-15083
-10768
-3374
-598
-1520
-5210
-7704
-6261
-3567
2568
3354
206
-1306
-1907
-1967
-2777
-2567
-2796
-5282
-7936
-6536
-3478
-2879
-5026
-7601
-9009
-9168
-7105
-2458
1530
1134
-1214
-1441
1186
3535
3031
1620
1235
474
67
-1681
-4519
-5089
-5538
-4315
-3396
-4430
-5318
-5416
-2468
-1278
-726
1347
1484
2050
2285
2384
2138
1312
1319
509
-422
-45
761
1226
1316
839
766
1447
3127
4319
4430
4349
3934
4497
5145
6131
5874
4444
4360
5049
6062
5264
4529
4251
4268
5089
5484
5228
4148
5131
6046
6518
8352
9049
9272
7920
5254
669
-1242
1963
4201
666
-9181
-16360
-15987
-8612
-1428
300
-2710
-8969
-10840
-8435
-2382
4160
3320
-652
-2996
-3508
-2549
-996
-398
-2782
-7368
-8898
-5331
-1911
-2376
-5316
-7746
-9010
-7827
-4034
679
2375
-898
-3497
-2167
1077
3126
2342
1417
1606
609
-972
-3160
-3988
-4330
-4150
-2836
-3111
-4277
-5083
-3390
-2107
-1645
236
555
928
912
460
1560
2833
3255
2196
892
684
1156
1169
1271
460
-488
378
2573
4562
5001
4298
3158
2997
4099
6038
7074
6658
6528
5961
5460
5095
4977
5011
3980
4407
4759
4609
5511
6082
6171
5769
7198
9595
10936
11080
7081
155
-2709
38
5875
6997
-2931
-14360
-19866
-14440
-3961
186
-465
-7558
-14738
-14906
-8212
2631
6428
1521
-3849
-6193
-5034
-766
2425
1192
-4738
-9231
-6804
-2067
-1310
-4535
-7413
-8915
-8481
-5474
-542
2772
97
-4050
-3970
-518
2712
3141
2575
1402
-1202
-3158
-3267
-2210
-2506
-3050
-2915
-3754
-4810
-5142
-3179
-1753
-1704
-1015
-136
865
482
-527
974
2753
2758
2347
2115
2104
1634
1099
1242
1565
1642
2261
3024
2567
2622
2743
3625
5469
6945
7694
7264
6687
5714
4733
5614
6714
6501
5441
4202
4297
4064
4727
5655
5093
6117
7666
8678
10196
8263
5170
1020
-461
4712
8838
8800
-1968
-15725
-19050
-12779
-1966
3212
305
-9208
-18793
-19224
-10788
1237
6083
709
-6517
-9313
-6719
-679
3435
2401
-2568
-6679
-4222
-439
-303
-3720
-7427
-8805
-7833
-4139
-254
328
-3028
-6448
-5836
-2217
759
2341
2403
351
-3196
-4111
-1769
-746
-1533
-3134
-4330
-4778
-5538
-5240
-3443
-1834
-3092
-4709
-3102
-888
26
442
1488
2243
1837
2059
3119
3835
4218
4064
2736
2257
2386
2828
3436
3696
3357
2186
2891
4566
6082
7097
8248
8128
6976
6482
7093
8197
7084
6288
4727
4098
5259
6283
8081
6464
5378
5007
6365
9792
8973
5343
409
-335
3737
8428
6266
-4699
-13191
-13608
-6670
164
1923
-3846
-14725
-20390
-16146
-4515
4628
3088
-5264
-11520
-11618
-5950
1536
4925
1864
-4394
-5859
-2513
-340
-962
-2715
-3662
-5333
-5638
-3135
-763
-1816
-5616
-6507
-3273
539
1733
542
-1566
-3792
-4393
-2047
314
-50
-1712
-3154
-4086
-4678
-4296
-2816
-1995
-2644
-4088
-4476
-3248
-2170
-1483
4
1283
1771
2158
2567
2649
2409
3797
5069
4751
3957
3336
3729
3766
4058
4312
3856
3791
3635
3901
5506
7705
8384
6842
5817
5778
5901
7170
8159
7934
6640
6214
5558
4537
6211
7024
7580
7825
4899
1456
-314
3406
6771
6989
1391
-10087
-13612
-8090
676
4894
989
-8566
-18276
-18854
-9899
1411
5458
-1534
-11028
-14478
-10716
-3221
2279
2580
-1462
-6691
-6473
-2134
382
-68
-2184
-3139
-3426
-2393
-800
-137
-1781
-4181
-3698
-1281
477
-96
-2022
-3412
-3760
-2397
-212
-63
-1916
-3150
-3438
-2592
-2169
-2928
-1410
-962
-2265
-3170
-3025
-2261
-2553
-1620
-968
-942
-394
-48
550
1156
3076
4630
4484
3846
3845
4377
4998
5382
5385
4766
4500
5092
4773
4736
5371
6525
6923
5638
4977
4891
6251
7262
7158
6466
5346
4888
4653
6982
8946
8329
7361
4748
1681
72
2535
6961
8054
2560
-8926
-13854
-9494
-1670
3393
1390
-7443
-17281
-18566
-10706
-23
4661
-261
-8904
-13189
-10542
-3456
2094
2223
-2335
-7148
-6670
-2791
-486
-142
-1264
-2401
-3193
-2615
-285
514
-1155
-2527
-1438
356
248
-1098
-2378
-3444
-2780
-248
1113
-1051
-4879
-6310
-4640
-1494
527
-926
-3126
-4845
-5684
-2851
810
1388
-712
-3002
-2847
-1147
1014
2910
2576
961
732
1888
3154
4322
4191
3365
3114
3727
4932
5644
5637
5527
5467
5941
7159
7115
6377
5314
5140
6157
6316
6567
5442
5371
5963
5872
6233
5430
4757
4359
4514
4222
1653
315
2849
5535
5717
-1870
-10294
-10088
-4747
1485
2641
-3045
-12848
-19715
-15354
-5146
2019
-239
-9562
-15091
-13769
-6987
639
3496
2
-5769
-7981
-3588
988
1813
317
-2170
-3769
-3886
-1427
948
406
-2649
-3763
-1641
-30
-645
-1907
-2833
-3305
-1646
474
470
-1908
-4326
-4038
-2136
512
1317
-706
-2889
-5146
-5098
-1372
1107
-127
-2699
-4001
-2994
-392
2324
4023
3654
2791
3034
3821
5326
6668
6647
5380
4485
4266
4552
5638
6124
5420
4708
4679
5364
5380
5112
6583
7407
7019
7101
5399
4931
5343
5541
6050
5809
6606
5084
3978
3579
1395
282
965
3895
5199
815
-7425
-12207
-8615
-761
3422
518
-7637
-16620
-17513
-9652
54
2700
-5347
-13781
-16045
-11664
-4236
649
-301
-5614
-9511
-7804
-1645
2073
1819
84
-1680
-2371
-1371
1077
2644
1329
-930
-1399
-682
-1063
-2575
-2777
-2056
-2100
-2121
-2575
-4113
-4411
-2980
-496
248
-803
-2302
-3607
-2066
-553
-17
624
-1403
-3623
-3352
-1530
326
549
474
375
117
1310
3584
5114
5854
6078
6302
6809
7371
7686
7504
8176
8194
7602
7015
6596
6403
5695
5848
5513
5457
4976
4544
5294
6169
7144
4977
4008
5286
5439
6755
6213
4817
1999
-640
885
2988
4787
693
-7970
-10201
-7296
-2733
-560
-3377
-9636
-16232
-15163
-8378
-3026
-2488
-8614
-13797
-13080
-8850
-3483
-1326
-3005
-6542
-8731
-6038
-1275
372
-707
-1591
-1715
-1820
-1048
845
2092
1840
1134
1437
1855
1031
-758
-1203
-317
2
-472
-2491
-4151
-5115
-4091
-1512
-702
-1316
-3788
-5090
-3076
-623
1419
1314
-1421
-3389
-3147
-1006
1643
2115
1353
24
-564
1198
3332
4885
5166
4366
4019
4331
5630
7447
8431
8950
8498
7855
8119
8352
9164
9359
8693
8150
6897
6246
6374
6486
6063
5555
4911
4041
4198
4073
4469
5362
4365
1346
-60
1429
3126
3622
-916
-6855
-7611
-4508
-1722
-2579
-6556
-13013
-15807
-12259
-7710
-4270
-6532
-12930
-14804
-12121
-8132
-4731
-4202
-5759
-7340
-7385
-4052
-960
-761
-1173
-987
-173
-273
-263
1157
2284
1981
1435
1617
1589
586
-601
191
1121
618
359
-1296
-2565
-2644
-2185
-876
-1008
-2120
-4108
-4979
-3455
-2297
-979
-1050
-3283
-4175
-3257
-1542
110
778
663
63
-280
1337
3348
4143
4486
4438
4232
4198
4888
5967
7392
8542
7757
6809
6947
7443
8880
9506
9751
9164
6832
6316
7463
8756
9293
7949
5550
3881
4229
6131
6741
6077
2417
-2457
-1878
1221
4247
3679
-3558
-9119
-8583
-3320
282
-1784
-7020
-13613
-14617
-9688
-5039
-3976
-9407
-15531
-14665
-10917
-7663
-5882
-6894
-8234
-8636
-6457
-2464
-1375
-2778
-2979
-897
893
665
384
1481
2305
2424
3273
4124
3265
1185
395
1868
2730
1519
496
-1230
-2504
-2277
-1480
-462
-1097
-2344
-3326
-3293
-2331
-1945
-1280
-1730
-3506
-4084
-3232
-1990
-1247
-955
-1017
-1186
-1036
192
2022
3104
3558
3865
3660
3800
4572
5517
7413
7746
6579
5832
6027
7461
8668
9013
8621
7527
6727
7370
8689
8986
9071
7510
5599
5641
6260
6808
5827
5013
2974
422
1058
2062
3567
2502
-4514
-8988
-7016
-3005
-1702
-3884
-7730
-12520
-13300
-9356
-5589
-4361
-9297
-14788
-13317
-10218
-7770
-6692
-7606
-8337
-9227
-8215
-4801
-3551
-4285
-4001
-2249
-1064
-1392
-614
1335
2415
2071
2124
2992
2623
1660
1764
2833
2970
1412
692
454
195
-318
-557
-687
-1505
-2032
-2899
-2363
-1747
-2610
-2267
-2673
-3463
-3178
-2784
-1570
-910
-850
-747
-1220
-827
547
1909
2613
2590
2811
2596
2781
3788
4873
6455
6507
5529
5634
6149
7388
8148
7905
7850
7289
7005
7654
8621
9220
8992
7555
6853
7031
7074
7632
7387
6461
4318
1426
1025
2901
4390
3032
-2537
-6840
-6340
-2897
-4
-1717
-5928
-10930
-12585
-8873
-6147
-5197
-7789
-12821
-12945
-10505
-7969
-6255
-7302
-8525
-8475
-7391
-5207
-4140
-4128
-3503
-2476
-1331
-1212
-1255
-383
450
1273
2289
2455
1902
1562
1647
2707
3258
2552
1738
667
139
-169
258
1059
384
-599
-1918
-2399
-1474
-1035
-794
-1769
-3321
-3466
-3298
-2432
-1356
-1238
-1265
-1697
-1363
73
1361
2036
2155
2471
2639
2722
3382
4319
5066
5153
4624
4538
4913
5254
6317
7245
6978
6623
6022
6549
7649
8274
8258
7406
7075
6728
7008
7711
7322
6404
5381
3210
1925
2591
4063
4249
367
-5234
-6694
-3637
166
-580
-4033
-8327
-11449
-9367
-5941
-3478
-4897
-10482
-12820
-10564
-7779
-6305
-7079
-8458
-9197
-8918
-6608
-4388
-4451
-4852
-4018
-2001
-1377
-1771
-711
775
1540
1790
1989
2197
1808
1331
2299
2815
2241
935
536
1028
657
548
686
803
-173
-1334
-1337
-1281
-738
-892
-1309
-1290
-2361
-2844
-2086
-1588
-1137
-1367
-1930
-1512
-1384
-350
752
1904
2568
1793
1873
2603
3916
5032
5161
5174
4961
4819
5449
6311
6858
6448
4847
4923
5937
7213
8006
6893
6230
5575
6455
7036
6996
7232
5572
5366
5015
2807
2572
3082
4159
3531
-1281
-5436
-5684
-2326
-306
-2028
-4848
-9786
-11613
-8392
-5195
-3238
-6377
-11494
-11482
-8728
-6553
-5558
-6325
-7709
-8572
-7673
-5188
-3769
-4534
-5429
-4025
-2620
-2365
-2189
-1290
252
814
1166
1556
1841
1564
1752
3190
3488
2173
673
24
469
1139
914
383
-984
-2431
-2228
-1514
-383
-791
-2398
-2694
-2983
-2194
-1550
-1955
-1874
-2423
-1951
-1248
-781
-159
-238
246
777
1270
1890
2119
3094
3885
4236
4578
4217
4732
5160
5710
6515
6322
6126
5479
5556
6395
7074
6765
5916
5362
5519
5964
6018
6285
5969
6129
5467
5175
4850
2285
2129
2950
3960
3149
-1876
-5406
-4816
-1646
-1138
-2623
-5786
-9833
-9773
-7707
-4852
-3726
-7631
-11029
-9887
-7376
-5314
-5090
-6048
-7118
-7391
-5899
-3808
-2434
-4094
-5003
-2716
-1786
-1473
-1307
-899
509
494
316
1195
1421
933
1553
3020
3372
1793
153
44
666
1523
1171
472
-802
-2830
-2630
-1294
-496
-1242
-2994
-3703
-3376
-2686
-2226
-1824
-1979
-2417
-2201
-1439
-356
216
146
341
889
1592
2116
2632
3452
3739
4294
4503
4612
5414
5175
5933
6752
6659
6789
5988
6192
6383
6971
7223
6487
6892
5708
4955
5392
5213
6139
6134
5189
4405
2560
1466
2056
3682
4930
2271
-2758
-5649
-4592
-1178
-577
-2173
-5865
-10276
-10723
-8206
-4917
-3733
-7710
-10986
-10089
-8044
-5852
-5237
-5775
-6634
-7323
-6004
-3569
-2787
-3771
-4374
-2897
-1761
-1812
-1428
-735
61
110
268
1481
1724
900
1350
2089
2311
1342
54
181
523
853
926
449
-904
-2248
-2050
-1103
-105
-1399
-3309
-3295
-3097
-2071
-1823
-2390
-2578
-2946
-2138
-948
-205
167
-186
284
1416
2460
2919
2841
3162
3598
4203
5352
5694
5741
5469
5800
6936
7223
7494
6372
6348
7069
6954
7712
6525
6359
6357
5674
5985
5678
6286
5055
5339
5014
2936
2163
1825
3257
4066
1801
-3415
-5074
-3004
-1721
-335
-2007
-6669
-9968
-10161
-7279
-3077
-3678
-8506
-10550
-10393
-8360
-5532
-4606
-5637
-7140
-8113
-6078
-2626
-2557
-3912
-3971
-2950
-2204
-1408
-657
-442
-606
-1210
33
1901
1342
134
-209
987
1697
1155
364
-363
-217
-406
470
545
-1187
-2471
-2652
-1067
-322
-1195
-2478
-3200
-2774
-2299
-1596
-1182
-1699
-2256
-2070
-1058
379
489
303
662
1386
2546
3075
3449
3490
4024
5075
5591
6054
5575
5591
6509
7365
7621
7315
6878
6454
7153
7452
7398
6968
5851
4980
5499
5906
5551
5532
4389
3945
3516
2170
1951
2483
3764
1819
-1376
-4012
-4602
-1618
-890
-1277
-3992
-8803
-10452
-8823
-4604
-2257
-5508
-9550
-11206
-9597
-6528
-4249
-3650
-5973
-8431
-7908
-4838
-1789
-2184
-3753
-3948
-3434
-1993
-578
620
277
-1455
-1842
-244
1632
1720
787
170
139
-183
-45
449
316
-316
-716
-422
-1108
-1750
-2340
-2129
-903
-1312
-2277
-2902
-3305
-3024
-2121
-1446
-1021
-1625
-2477
-1964
-847
554
1158
927
715
1161
2102
3138
4194
4352
4267
4538
5074
6016
6502
6947
7260
7308
7375
7249
7420
7493
7246
7211
6987
6970
6361
5184
4756
4984
5408
5940
5356
3901
2106
393
1158
3474
4687
2953
-2147
-5521
-5399
-2871
-84
-213
-3755
-9016
-11480
-9677
-5314
-2782
-5037
-8819
-11036
-11015
-8425
-5096
-3769
-5386
-8150
-8593
-6108
-3300
-2720
-3187
-3529
-4273
-3462
-1378
494
977
-776
-1776
-487
1167
1978
1997
1709
-140
-1542
-854
615
2013
1133
-491
-2169
-2890
-2261
-1258
500
-131
-2226
-3647
-3730
-2394
-1086
-711
-1199
-2213
-2991
-2380
-755
511
633
315
-212
273
1632
2683
3466
3583
3236
3592
4635
5768
6582
6699
6567
6892
6899
7117
7536
7733
7976
7714
7225
6441
6208
6039
5896
6195
5856
5311
4879
4449
4844
3936
2815
2089
2167
3285
2795
532
-2426
-4342
-4120
-2800
-942
-1529
-4981
-8800
-10515
-8568
-5355
-3775
-4507
-7216
-9869
-10594
-8373
-5149
-3728
-4775
-6666
-7231
-6436
-4995
-3253
-2370
-2933
-3604
-3033
-1303
-61
-171
-672
-669
-271
638
1768
2596
2035
131
-1257
-953
97
991
1476
737
-1369
-3046
-3294
-1770
-94
-30
-1012
-2199
-3028
-3040
-2158
-888
-438
-849
-1488
-1143
-488
-231
49
366
863
1671
2397
2971
3253
3083
3220
3849
5208
6316
6675
6788
6483
6152
6200
6720
7210
7543
7441
6557
5599
5150
4845
5034
5267
4582
4123
3684
3705
4225
4184
3301
1994
742
806
2333
2804
1620
-802
-3559
-4373
-3663
-2186
-1155
-2155
-4716
-7458
-8308
-6842
-4627
-3294
-3658
-5522
-7294
-7979
-6797
-4967
-4277
-4466
-5390
-5981
-5440
-4505
-3552
-3260
-3719
-3789
-2894
-1514
-241
177
-295
-829
-1066
-119
1280
2006
1645
177
-1016
-1479
-1043
82
705
188
-1105
-2139
-2054
-1305
-539
-287
-573
-986
-1238
-1043
-488
-274
-400
-586
-598
-352
-150
32
221
246
233
470
1035
1748
2138
2306
2291
2375
2730
3458
4278
4613
4413
4096
4021
4216
4579
4740
4536
4017
3293
3346
3693
3908
3838
3569
3437
3197
3159
3382
3858
3985
3706
3424
3176
2735
2459
2556
2869
2715
1670
897
603
431
625
534
477
-15
-1325
-2060
-1743
-1318
-1327
-2097
-3359
-4184
-4827
-4986
-4800
-4882
-5643
-6681
-6999
-6848
-6414
-6048
-6134
-6042
-5995
-5692
-4911
-4230
-3819
-3731
-3566
-3241
-2924
-2746
-2570
-2286
-2122
-2127
-1936
-1672
-1499
-1352
-1172
-661
-314
-232
-54
140
505
643
602
734
799
855
960
861
706
508
451
769
972
973
971
1160
1473
1781
2063
2144
2322
2596
2975
3460
3498
3576
3817
4145
4288
4180
4167
4338
4577
4588
4496
4529
4460
4521
4885
5080
5157
4693
4338
4598
4990
5163
4699
3985
3263
3065
3262
3096
2591
1688
620
220
240
159
104
-641
-1822
-2578
-2817
-2639
-2631
-3190
-4200
-5085
-5682
-6041
-6045
-6070
-6504
-7115
-7693
-7831
-7463
-7101
-6780
-6624
-6530
-6492
-6144
-5315
-4583
-3992
-3787
-3693
-3283
-2856
-2346
-1967
-1759
-1591
-1381
-980
-410
30
89
-35
-22
388
996
1325
1312
1200
1099
1306
1325
1283
1428
1413
1526
1566
1436
1467
1519
1741
2110
2373
2471
2375
2385
2600
2864
3188
3444
3496
3600
3649
3777
3960
3934
4035
4221
4403
4444
4231
4296
4326
4327
4452
4572
4697
4526
4309
4183
4223
4185
4100
4041
3757
3126
2609
2508
2375
1891
1112
546
176
-71
-375
-605
-996
-2015
-2859
-3052
-2929
-3071
-3801
-4664
-5359
-5747
-6054
-6094
-6127
-6606
-7187
-7550
-7505
-7294
-6917
-6485
-6143
-6065
-6017
-5634
-4746
-3973
-3508
-3152
-2959
-2621
-2274
-1804
-1203
-879
-855
-739
-373
87
362
406
455
715
931
1122
1276
1271
1256
1169
1253
1449
1466
1323
1063
1063
1141
1187
1351
1371
1374
1383
1368
1540
1749
1841
1998
2041
2045
2089
2220
2601
2846
2854
2808
2785
2872
3041
3191
3412
3383
3171
2960
3005
3398
3726
3737
3587
3391
3470
3620
3768
4121
4033
3793
3486
3176
3253
3257
2736
2183
1613
1167
917
675
351
-33
-611
-1421
-1954
-2130
-2310
-2546
-3039
-3814
-4251
-4697
-4942
-5029
-5309
-5823
-6278
-6633
-6681
-6290
-6058
-5943
-5888
-5984
-5733
-5182
-4612
-3962
-3614
-3398
-3059
-2660
-2278
-1829
-1465
-1183
-976
-826
-509
-183
27
130
316
515
705
737
723
757
835
964
1120
1187
1078
966
851
986
1218
1357
1448
1299
1058
1042
1277
1620
1782
1703
1497
1535
1736
1978
2380
2633
2647
2549
2363
2468
2904
3272
3387
3268
2951
2778
2847
2953
3269
3450
3496
3336
3252
3313
3558
3914
4011
4161
4098
3743
3412
3369
3329
3403
2992
2168
1657
1030
741
759
573
286
-582
-1674
-2248
-2231
-2073
-2208
-2874
-3926
-4717
-5263
-5225
-5009
-5119
-5830
-6703
-7160
-7043
-6426
-6026
-5909
-6083
-6280
-6065
-5312
-4559
-4021
-3744
-3596
-3196
-2778
-2400
-1881
-1503
-1279
-1071
-855
-477
-135
-9
127
320
472
614
771
940
1025
1008
979
1088
1228
1230
1180
1240
1297
1370
1433
1438
1400
1313
1289
1503
1677
1654
1548
1486
1639
1874
2083
2225
2255
2261
2289
2471
2734
2906
2929
2812
2723
2715
2844
2959
2988
2901
2972
3112
3309
3364
3310
3430
3581
3713
3889
3973
3823
3476
3061
3050
3234
3107
2492
1709
1106
765
640
618
483
-16
-988
-1818
-2136
-1976
-1933
-2216
-2972
-3883
-4562
-4949
-4750
-4731
-5066
-5720
-6242
-6325
-6169
-5874
-5601
-5460
-5462
-5419
-5019
-4372
-3818
-3493
-3286
-2922
-2455
-2125
-1808
-1480
-1276
-1048
-817
-452
-25
209
264
445
674
932
1134
1182
1283
1278
1347
1476
1603
1557
1407
1302
1371
1459
1479
1515
1410
1398
1310
1353
1529
1503
1501
1405
1371
1432
1419
1522
1584
1568
1522
1470
1555
1664
1714
1716
1693
1671
1693
1738
1862
1890
1913
1950
2027
2234
2411
2522
2636
2579
2702
2912
3091
3323
3220
3029
2829
2876
2990
3195
2897
2339
1886
1584
1567
1587
1420
946
277
-553
-962
-915
-1077
-1416
-2201
-3084
-3645
-4106
-4244
-4349
-4626
-5257
-5751
-5993
-5908
-5615
-5521
-5402
-5412
-5359
-5102
-4646
-4108
-3786
-3500
-3140
-2708
-2348
-2071
-1751
-1330
-990
-667
-218
117
445
599
841
1269
1568
1729
1774
1750
1790
1830
1844
1865
1772
1597
1464
1381
1268
1119
976
892
846
732
610
504
355
292
243
198
195
106
89
93
69
143
110
175
297
423
569
600
628
765
990
1231
1426
1532
1686
1761
1959
2312
2726
3004
3008
2932
3097
3571
4004
4329
4326
4077
3814
3825
4172
4595
4552
3954
3276
2811
2656
2830
2755
2326
1377
202
-483
-664
-686
-1027
-1827
-2966
-3948
-4551
-4637
-4585
-4884
-5610
-6414
-6752
-6647
-6308
-6071
-6168
-6382
-6522
-6267
-5543
-4969
-4591
-4473
-4253
-3719
-3086
-2434
-1886
-1506
-1229
-850
-354
296
752
975
1186
1327
1524
1704
1792
1928
1849
1738
1622
1485
1382
1216
1066
951
723
493
274
72
-14
-170
-229
-328
-544
-733
-881
-829
-728
-710
-783
-788
-709
-593
-397
-252
-46
117
258
473
723
962
1149
1371
1624
1933
2208
2429
2692
2927
3178
3472
3816
4102
4356
4540
4716
5012
5304
5536
5602
5509
5303
5241
5351
5337
5191
4700
3973
3466
3054
2871
2605
1930
989
-73
-710
-1086
-1387
-1878
-2837
-3809
-4668
-5184
-5336
-5481
-5972
-6616
-7185
-7424
-7196
-6973
-6780
-6769
-6878
-6761
-6294
-5583
-4959
-4517
-4268
-3829
-3276
-2638
-1950
-1426
-959
-665
-318
176
598
1008
1207
1322
1468
1542
1642
1731
1724
1577
1446
1259
1222
1082
792
616
305
147
17
-172
-222
-491
-689
-791
-852
-756
-846
-949
-970
-959
-817
-627
-473
-289
-222
-79
201
415
745
897
1093
1354
1514
1853
2113
2383
2639
2818
3107
3395
3659
3928
4191
4417
4681
4847
4986
5210
5299
5487
5539
5565
5508
5304
5146
5005
4838
4556
4147
3630
3195
2703
2277
1882
1397
835
136
-637
-1222
-1737
-2172
-2643
-3240
-3946
-4567
-5021
-5274
-5407
-5680
-6004
-6257
-6331
-6162
-5895
-5737
-5580
-5497
-5198
-4714
-4217
-3727
-3454
-3105
-2613
-2129
-1547
-1123
-871
-550
-350
43
499
701
932
894
868
1035
1029
1173
1076
815
635
318
238
141
-112
-360
-784
-1123
-1268
-1436
-1462
-1587
-1853
-1941
-2096
-2008
-1869
-1879
-1707
-1707
-1586
-1345
-1177
-817
-560
-391
-71
168
514
885
1136
1514
1790
2036
2409
2649
2995
3287
3448
3801
3943
4160
4348
4377
4651
4774
4932
5049
4967
4979
4966
4990
5027
4933
4805
4582
4350
4202
3980
3831
3584
3135
2759
2275
1885
1630
1185
805
293
-352
-827
-1345
-1676
-2015
-2495
-2903
-3444
-3816
-4090
-4377
-4458
-4728
-4967
-5024
-5158
-5044
-4932
-4902
-4681
-4616
-4465
-4108
-3883
-3522
-3295
-3159
-2756
-2540
-2240
-1888
-1743
-1409
-1263
-1158
-883
-809
-662
-555
-599
-475
-564
-652
-610
-713
-718
-836
-1009
-1050
-1183
-1239
-1239
-1344
-1339
-1396
-1412
-1276
-1227
-1106
-954
-876
-657
-488
-275
17
199
430
641
877
1196
1472
1756
2006
2209
2457
2689
2884
3129
3282
3395
3549
3616
3762
3873
3914
4019
4016
4051
4115
4110
4160
4176
4215
4235
4213
4154
4128
4098
4065
3996
3852
3704
3486
3329
3176
2967
2721
2345
1984
1669
1311
1034
673
267
-238
-778
-1200
-1595
-1955
-2400
-2899
-3350
-3810
-4209
-4440
-4714
-4868
-5140
-5406
-5460
-5511
-5432
-5350
-5341
-5216
-5119
-4937
-4626
-4414
-4162
-3973
-3780
-3428
-3137
-2833
-2519
-2389
-2129
-1928
-1715
-1367
-1238
-1048
-921
-922
-783
-750
-680
-551
-570
-550
-567
-621
-562
-529
-509
-433
-451
-427
-378
-293
-100
4
126
207
308
494
617
835
982
1096
1277
1383
1578
1752
1845
1996
2043
2144
2260
2314
2475
2529
2566
2663
2672
2780
2858
2866
2961
2951
3015
3120
3172
3317
3390
3444
3587
3637
3731
3830
3862
4007
4054
4046
4072
3979
3919
3860
3717
3608
3406
3130
2847
2557
2240
1921
1565
1121
643
123
-377
-815
-1245
-1712
-2220
-2734
-3188
-3598
-3933
-4244
-4566
-4872
-5119
-5329
-5403
-5460
-5526
-5484
-5505
-5381
-5202
-5064
-4814
-4668
-4494
-4184
-3936
-3598
-3310
-3116
-2823
-2583
-2302
-1964
-1764
-1512
-1346
-1236
-998
-902
-774
-645
-620
-493
-460
-455
-374
-374
-295
-220
-206
-127
-104
-62
64
130
260
378
432
573
631
721
864
954
1128
1223
1317
1462
1540
1704
1845
1951
2101
2160
2282
2428
2493
2611
2650
2698
2814
2827
2934
3027
3058
3167
3189
3311
3450
3515
3688
3726
3808
3938
3950
4095
4146
4145
4207
4133
4135
4142
3994
3896
3702
3453
3305
3015
2742
2436
1993
1630
1199
783
410
-81
-528
-1032
-1596
-2023
-2477
-2885
-3250
-3718
-4091
-4476
-4811
-5011
-5228
-5352
-5504
-5650
-5684
-5690
-5599
-5490
-5394
-5243
-5084
-4877
-4589
-4373
-4095
-3821
-3583
-3223
-2990
-2722
-2415
-2249
-1903
-1662
-1441
-1142
-1065
-856
-675
-568
-345
-308
-245
-92
-107
24
54
23
148
93
160
273
216
378
389
425
620
553
703
791
780
999
1004
1096
1279
1259
1467
1588
1615
1818
1806
1934
2122
2121
2309
2352
2367
2540
2516
2649
2766
2746
2877
2864
2896
3001
2971
3063
3107
3099
3186
3156
3204
3251
3207
3251
3197
3184
3164
3051
3030
2937
2839
2745
2531
2398
2208
1981
1824
1547
1290
1001
644
352
33
-294
-588
-971
-1327
-1698
-2048
-2356
-2671
-2947
-3238
-3513
-3762
-4000
-4144
-4280
-4407
-4489
-4591
-4588
-4567
-4531
-4448
-4364
-4240
-4085
-3939
-3712
-3518
-3316
-3090
-2891
-2632
-2394
-2186
-1943
-1772
-1612
-1439
-1314
-1129
-993
-882
-798
-769
-735
-702
-691
-644
-659
-690
-681
-728
-709
-681
-704
-615
-618
-616
-509
-477
-339
-219
-171
-8
105
242
488
629
827
1037
1170
1433
1641
1827
2081
2191
2387
2585
2687
2884
2990
3078
3219
3226
3280
3333
3305
3363
3358
3317
3330
3252
3209
3169
3073
3050
2967
2894
2827
2728
2673
2615
2542
2488
2402
2319
2232
2142
2065
1953
1845
1700
1582
1448
1298
1149
968
748
560
315
108
-106
-361
-562
-845
-1124
-1374
-1681
-1906
-2143
-2398
-2593
-2855
-3072
-3266
-3470
-3595
-3719
-3850
-3906
-4014
-4066
-4059
-4107
-4081
-4068
-4055
-3965
-3900
-3811
-3724
-3645
-3524
-3411
-3276
-3127
-3007
-2856
-2745
-2610
-2441
-2280
-2089
-1925
-1781
-1627
-1471
-1284
-1075
-881
-688
-511
-319
-122
97
327
551
779
987
1188
1416
1624
1844
2063
2251
2446
2607
2766
2939
3057
3181
3276
3325
3390
3418
3442
3453
3434
3405
3358
3279
3192
3104
2992
2894
2799
2673
2531
2394
2247
2140
2028
1907
1828
1719
1639
1584
1508
1463
1384
1300
1282
1229
1205
1176
1110
1110
1089
1046
1060
1012
984
943
843
816
743
662
592
427
316
187
15
-87
-264
-436
-571
-802
-956
-1126
-1369
-1520
-1739
-1950
-2091
-2343
-2512
-2681
-2907
-3025
-3203
-3355
-3445
-3608
-3699
-3792
-3915
-3938
-4015
-4058
-4073
-4113
-4073
-4021
-3992
-3897
-3838
-3725
-3588
-3468
-3268
-3101
-2902
-2662
-2441
-2176
-1910
-1648
-1342
-1084
-838
-565
-243
72
362
656
956
1177
1402
1701
1956
2139
2325
2517
2658
2760
2885
2979
3027
3068
3103
3124
3096
3070
3029
2955
2891
2818
2738
2641
2546
2488
2414
2345
2291
2207
2131
2085
2051
2037
2013
1994
1987
1962
1974
1988
1991
2021
2036
2059
2092
2123
2158
2166
2175
2189
2171
2163
2139
2094
2037
1955
1895
1801
1679
1566
1402
1234
1056
862
679
441
202
-24
-287
-517
-751
-1010
-1243
-1496
-1769
-2007
-2278
-2490
-2693
-2909
-3079
-3283
-3468
-3630
-3803
-3922
-4022
-4114
-4161
-4226
-4257
-4266
-4292
-4254
-4209
-4166
-4079
-4021
-3912
-3789
-3659
-3476
-3330
-3168
-2973
-2793
-2573
-2373
-2170
-1933
-1738
-1503
-1262
-1054
-807
-600
-371
-132
53
275
473
634
808
934
1063
1216
1325
1463
1555
1614
1705
1770
1849
1922
1950
2003
2014
2029
2054
2039
2053
2057
2061
2085
2069
2060
2078
2082
2118
2125
2107
2129
2145
2189
2258
2284
2333
2370
2399
2439
2454
2497
2540
2565
2582
2567
2540
2520
2495
2435
2363
2282
2198
2129
2050
1938
1815
1658
1501
1348
1192
1044
881
691
506
292
60
-146
-332
-517
-714
-922
-1113
-1291
-1474
-1634
-1809
-1973
-2121
-2276
-2405
-2522
-2646
-2728
-2818
-2896
-2959
-3024
-3064
-3085
-3112
-3096
-3084
-3078
-3050
-3030
-3005
-2958
-2920
-2860
-2780
-2698
-2599
-2531
-2458
-2357
-2281
-2161
-2033
-1914
-1766
-1646
-1509
-1377
-1262
-1113
-969
-836
-675
-542
-390
-237
-111
36
149
256
391
494
622
746
857
979
1080
1181
1286
1375
1481
1578
1663
1753
1820
1889
1962
2014
2067
2107
2138
2178
2207
2230
2237
2235
2232
2226
2215
2193
2167
2142
2097
2057
1997
1934
1890
1836
1776
1689
1594
1520
1445
1363
1266
1163
1055
953
855
737
611
513
423
352
262
155
58
-32
-117
-179
-266
-342
-415
-482
-541
-618
-704
-771
-841
-914
-968
-1036
-1106
-1185
-1255
-1323
-1400
-1466
-1501
-1559
-1597
-1645
-1692
-1728
-1755
-1787
-1810
-1848
-1867
-1868
-1854
-1832
-1828
-1831
-1827
-1808
-1767
-1723
-1665
-1593
-1529
-1427
-1332
-1242
-1147
-1036
-902
-759
-619
-465
-311
-145
17
151
294
459
621
793
933
1065
1182
1296
1419
1512
1584
1663
1736
1805
1860
1892
1927
1943
1951
1942
1912
1903
1889
1854
1792
1683
1593
1509
1415
1334
1208
1076
959
813
685
531
386
280
155
50
-49
-166
-256
-345
-429
-476
-550
-590
-607
-656
-677
-710
-744
-753
-776
-779
-773
-792
-777
-775
-778
-771
-768
-742
-704
-692
-660
-641
-627
-606
-597
-574
-566
-565
-544
-553
-566
-582
-607
-614
-647
-680
-706
-746
-780
-815
-862
-900
-947
-972
-984
-997
-995
-987
-978
-944
-918
-871
-815
-745
-653
-566
-486
-407
-349
-279
-196
-89
17
111
219
320
419
544
667
804
946
1094
1226
1322
1420
1529
1622
1704
1764
1804
1861
1915
1971
1988
1974
1971
1976
1963
1934
1877
1826
1782
1726
1662
1578
1497
1440
1393
1338
1250
1149
1060
964
866
749
624
518
429
337
213
73
-58
-164
-267
-363
-457
-543
-621
-694
-752
-807
-859
-899
-927
-936
-963
-980
-1012
-1048
-1086
-1141
-1195
-1231
-1254
-1269
-1299
-1345
-1405
-1458
-1496
-1516
-1538
-1559
-1594
-1619
-1619
-1633
-1625
-1626
-1625
-1599
-1579
-1566
-1553
-1579
-1565
-1559
-1562
-1542
-1527
-1512
-1493
-1493
-1460
-1424
-1375
-1291
-1213
-1126
-1028
-907
-770
-661
-550
-417
-279
-117
10
124
241
363
512
644
736
828
914
1022
1145
1225
1314
1392
1477
1581
1654
1714
1783
1856
1950
2016
2052
2074
2095
2113
2106
2068
2026
2004
1991
1945
1829
1700
1601
1541
1507
1457
1363
1269
1189
1141
1078
1003
934
895
868
833
758
666
572
499
427
346
257
185
118
42
-61
-180
-279
-332
-352
-374
-404
-459
-484
-497
-496
-503
-528
-526
-519
-512
-518
-578
-624
-663
-700
-726
-792
-857
-899
-962
-999
-1070
-1143
-1162
-1169
-1137
-1130
-1146
-1135
-1104
-1044
-983
-939
-886
-842
-804
-775
-785
-772
-748
-741
-708
-730
-755
-738
-739
-705
-686
-691
-632
-565
-490
-401
-369
-286
-186
-108
-6
56
114
197
243
279
289
278
304
322
321
303
255
223
233
231
227
211
206
244
294
358
419
474
547
639
708
764
817
857
913
943
937
932
909
897
887
831
778
731
686
693
674
637
625
612
652
687
695
722
730
769
808
780
764
734
684
644
546
440
337
215
124
9
-124
-242
-370
-454
-532
-618
-670
-714
-723
-711
-728
-732
-724
-724
-708
-717
-718
-706
-706
-691
-713
-759
-787
-824
-825
-818
-821
-805
-783
-758
-705
-657
-605
-518
-415
-294
-182
-82
27
115
211
290
344
408
461
496
514
506
471
446
419
402
396
356
344
351
328
332
325
330
352
375
412
449
462
490
509
494
487
461
426
415
377
334
261
173
124
67
26
-8
-39
-40
-35
-34
-25
-9
22
71
115
155
184
193
212
225
214
186
145
107
84
38
-23
-95
-192
-249
-306
-373
-417
-476
-522
-546
-577
-582
-591
-614
-620
-638
-653
-676
-728
-763
-791
-824
-863
-923
-964
-998
-1040
-1074
-1107
-1121
-1137
-1135
-1128
-1109
-1063
-1022
-958
-885
-816
-720
-636
-554
-466
-410
-339
-264
-210
-135
-90
-43
18
56
110
155
187
249
304
376
444
493
566
638
710
772
810
867
941
995
1040
1048
1044
1065
1071
1075
1051
999
985
961
945
932
892
874
876
872
875
855
847
851
856
859
849
853
861
864
858
823
799
775
740
712
650
598
557
519
491
428
375
341
301
285
239
194
171
117
95
59
-9
-38
-106
-154
-194
-281
-319
-389
-456
-494
-597
-657
-725
-801
-815
-895
-951
-971
-1036
-1031
-1058
-1108
-1095
-1131
-1125
-1120
-1160
-1143
-1167
-1164
-1124
-1157
-1151
-1154
-1157
-1108
-1109
-1100
-1081
-1064
-1007
-969
-927
-878
-828
-761
-711
-658
-589
-524
-436
-366
-307
-243
-209
-136
-65
-14
61
100
162
248
296
366
406
454
540
588
659
715
746
818
847
893
950
966
1027
1062
1075
1119
1128
1169
1205
1195
1221
1206
1200
1225
1195
1203
1197
1168
1180
1142
1120
1107
1063
1056
1006
945
921
862
833
789
711
675
623
586
551
476
421
368
315
269
195
131
77
18
-36
-102
-162
-206
-256
-305
-352
-413
-470
-517
-561
-609
-658
-713
-754
-784
-822
-859
-900
-923
-932
-956
-976
-1000
-1015
-1016
-1020
-1014
-1025
-1040
-1057
-1070
-1062
-1060
-1060
-1044
-1021
-993
-957
-940
-922
-896
-859
-822
-780
-741
-714
-667
-635
-597
-542
-512
-452
-398
-363
-297
-276
-221
-150
-125
-45
-12
21
118
160
235
281
287
381
422
470
544
539
606
642
639
709
707
749
802
785
850
857
856
914
886
915
925
894
944
923
923
941
883
898
879
839
863
804
785
776
717
721
668
610
597
534
516
481
414
396
343
309
292
222
195
148
101
79
14
-24
-70
-113
-130
-176
-195
-235
-286
-303
-359
-372
-399
-446
-438
-493
-515
-515
-575
-568
-603
-632
-594
-642
-619
-624
-679
-628
-657
-646
-609
-677
-631
-638
-658
-595
-652
-624
-597
-619
-542
-566
-550
-493
-507
-423
-414
-406
-332
-351
-285
-258
-267
-185
-205
-153
-103
-120
-41
-69
-36
48
33
131
145
165
281
251
331
372
339
461
442
479
556
483
559
549
521
602
517
563
588
525
614
552
552
606
518
587
556
508
579
489
520
516
416
468
388
367
389
276
297
243
176
207
101
94
85
-3
33
-46
-89
-75
-171
-149
-194
-254
-224
-311
-314
-329
-395
-363
-423
-436
-410
-468
-436
-472
-502
-463
-526
-502
-512
-556
-505
-550
-539
-505
-553
-492
-499
-497
-437
-485
-428
-400
-409
-328
-370
-335
-281
-311
-233
-250
-233
-152
-188
-115
-106
-128
-40
-71
-21
34
12
126
129
143
230
194
272
306
292
372
333
357
395
346
400
386
380
444
405
432
443
416
477
457
451
481
448
485
482
449
473
436
426
433
383
377
348
305
304
254
229
224
190
193
175
138
142
111
98
81
29
25
-7
-40
-39
-82
-98
-118
-163
-168
-211
-227
-220
-269
-266
-281
-306
-286
-323
-329
-327
-353
-323
-332
-343
-338
-360
-335
-334
-346
-339
-343
-319
-311
-309
-303
-312
-296
-299
-293
-264
-271
-233
-212
-213
-173
-188
-166
-139
-154
-107
-107
-101
-51
-74
-30
3
-1
53
36
46
89
62
103
119
90
140
118
126
162
129
166
170
153
196
179
192
220
197
233
226
212
233
199
214
221
209
220
184
188
199
183
194
163
153
158
136
156
139
132
140
112
133
128
117
132
94
108
117
90
112
81
67
82
46
62
43
15
41
18
25
34
5
15
1
-7
18
9
9
12
-1
10
5
-17
-16
-27
-32
-25
-43
-61
-58
-63
-65
-69
-92
-91
-98
-114
-99
-107
-107
-89
-104
-97
-96
-120
-98
-105
-117
-109
-141
-133
-113
-138
-119
-128
-144
-109
-134
-118
-97
-125
-93
-106
-114
-81
-108
-95
-82
-109
-73
-82
-83
-46
-70
-44
-31
-42
-6
-20
-14
8
-17
2
9
-2
25
11
23
38
26
47
44
53
79
64
74
83
72
91
79
79
99
94
110
107
97
105
90
100
99
83
98
89
102
116
91
104
90
80
97
65
73
64
45
69
40
35
33
8
37
25
17
34
2
23
30
3
23
-13
-12
17
-17
3
-13
-33
-1
-31
-20
-11
-38
-18
-37
-48
-39
-62
-49
-47
-63
-50
-59
-55
-53
-71
-64
-67
-61
-53
-72
-75
-86
-83
-73
-91
-89
-95
-97
-71
-80
-74
-72
-85
-48
-52
-54
-37
-71
-47
-40
-60
-32
-61
-53
-20
-45
-3
-7
-22
42
23
53
76
25
85
68
51
101
37
72
92
50
123
79
78
140
69
115
106
55
130
74
84
121
45
98
78
47
103
32
55
79
20
76
25
5
53
-8
26
2
-44
20
-13
0
23
-20
23
6
-21
6
-29
-5
8
-23
-7
-32
-23
-4
-25
-8
-28
-30
-7
-20
-10
-30
-40
-21
-25
-12
-29
-45
-35
-39
-24
-31
-45
-29
-37
-27
-25
-50
-39
-53
-45
-35
-60
-48
-57
-58
-45
-71
-63
-71
-82
-64
-73
-68
-63
-65
-48
-57
-65
-57
-68
-45
-41
-41
-20
-25
-1
7
0
23
13
24
38
22
41
41
50
84
61
58
57
42
82
87
84
104
85
108
124
91
99
90
93
125
92
87
88
62
91
87
56
72
45
53
80
42
58
58
36
65
29
17
32
-3
15
12
-10
19
0
0
20
-11
5
7
-9
20
-7
-9
-4
-31
-12
-16
-16
-1
-22
-18
-19
-34
-27
-37
-42
-34
-47
-52
-56
-58
-52
-67
-78
-88
-91
-79
-82
-81
-91
-96
-93
-103
-102
-116
-128
-120
-121
-120
-116
-118
-101
-95
-102
-97
-97
-83
-67
-68
-68
-76
-65
-47
-40
-32
-46
-47
-28
-17
0
-4
-5
13
22
39
39
34
51
55
63
65
49
59
60
65
79
76
83
75
79
95
90
92
89
83
93
86
83
92
85
81
74
64
66
67
69
72
70
63
57
50
39
49
47
38
47
40
52
61
50
68
62
62
68
46
51
52
40
44
22
21
26
11
20
11
10
22
-3
4
-1
-22
-9
-30
-39
-31
-52
-37
-40
-62
-49
-70
-76
-61
-87
-78
-83
-104
-81
-98
-102
-87
-114
-92
-85
-104
-83
-106
-103
-88
-116
-93
-87
-95
-61
-80
-73
-52
-73
-47
-52
-65
-39
-55
-33
-16
-28
-2
-13
-9
9
-9
4
5
-3
19
7
14
23
9
22
17
20
37
28
39
39
37
48
40
43
51
43
47
44
42
53
51
50
52
46
51
49
49
53
52
64
65
65
74
67
67
57
45
51
49
55
58
59
57
49
48
52
51
51
