22
11
-4
-14
-22
-33
-39
-41
-41
-39
-34
-28
-20
-10
-4
2
7
12
15
17
19
23
24
28
30
28
31
31
26
17
12
6
-4
-10
-17
-24
-29
-29
-25
-22
-17
-11
-7
-2
2
2
-1
-4
-5
-8
-13
-15
-15
-12
-10
-7
-1
6
13
19
22
25
27
27
25
25
21
19
18
15
12
12
6
-3
-8
-14
-23
-32
-35
-39
-44
-47
-40
-35
-29
-19
-7
3
17
28
30
34
34
32
31
27
22
19
15
8
8
8
4
0
-2
0
-4
-13
-14
-17
-24
-29
-31
-30
-23
-17
-15
-9
-2
4
11
14
13
18
21
15
10
11
11
7
2
2
4
5
5
5
2
0
-2
-5
-6
-6
-10
-11
-9
-5
-4
-9
-9
0
1
-5
-3
1
-4
-8
-9
-8
-4
-1
1
6
13
21
24
23
21
22
23
15
4
0
2
-11
-28
-27
-21
-27
-27
-21
-18
-14
-6
-2
-2
-1
3
9
13
12
13
16
19
16
14
13
15
15
12
3
-5
-3
-1
-9
-21
-21
-11
-3
-5
-13
-9
3
6
-4
-11
-6
4
1
-16
-19
-5
3
-5
-10
-2
13
21
21
15
11
20
28
19
4
3
8
9
0
-15
-13
-5
-8
-13
-20
-25
-17
-2
-9
-29
-28
-3
9
-1
-9
0
17
26
19
7
14
25
20
7
2
3
6
3
-8
-13
-7
0
-2
-4
-6
-6
-1
1
-3
-6
-5
-6
-7
-6
-3
-5
-6
-2
1
2
2
3
5
3
0
3
6
4
2
6
8
3
1
2
7
8
1
-5
-2
4
-1
-11
-16
-12
-5
0
-5
-8
-2
4
1
-2
1
4
6
6
4
4
6
2
-6
-4
-1
1
4
6
5
-1
-4
-3
-3
-5
-5
-1
6
1
-4
0
4
-5
-9
-1
6
10
11
6
-1
-3
-1
-6
-7
-1
6
9
7
-2
-8
-4
-3
-8
-13
-5
6
9
3
-10
-17
-12
-5
1
8
14
14
16
15
9
2
1
3
9
13
14
11
3
-8
-20
-25
-24
-15
-5
-1
-5
-8
-11
-17
-20
-16
-8
5
18
26
24
15
1
-2
5
8
9
18
27
25
10
-4
-11
-15
-12
-1
11
18
19
10
2
-10
-23
-25
-15
0
5
0
-11
-22
-35
-47
-51
-41
-23
-7
8
15
10
3
1
5
20
45
66
78
81
71
48
30
20
11
5
3
3
-1
-19
-54
-88
-105
-104
-97
-82
-55
-33
-30
-35
-34
-24
-8
12
37
68
96
107
100
78
61
52
52
58
68
69
60
41
10
-24
-48
-55
-53
-46
-39
-39
-50
-65
-85
-105
-111
-97
-72
-51
-37
-35
-34
-36
-42
-40
-14
31
69
96
117
129
131
123
116
120
136
146
148
134
105
64
12
-36
-72
-93
-109
-123
-140
-161
-188
-217
-234
-233
-215
-179
-134
-87
-48
-19
3
34
71
109
153
201
246
273
273
258
239
216
193
173
162
148
114
55
-5
-64
-124
-178
-219
-246
-259
-272
-287
-306
-322
-327
-314
-281
-226
-159
-92
-28
31
81
126
178
228
283
336
380
412
421
402
368
321
271
228
185
136
77
6
-75
-162
-245
-316
-366
-398
-418
-427
-427
-425
-418
-401
-368
-317
-249
-160
-60
39
127
198
261
331
400
456
503
542
563
561
525
464
393
306
210
117
27
-67
-165
-267
-370
-469
-548
-599
-623
-617
-590
-552
-502
-436
-358
-272
-171
-59
58
176
288
384
462
516
548
564
564
560
545
509
461
395
310
216
117
20
-61
-134
-210
-279
-333
-386
-442
-491
-525
-539
-532
-513
-487
-451
-405
-350
-293
-226
-137
-38
69
180
287
392
491
577
642
685
712
725
714
674
605
504
386
250
92
-72
-226
-371
-509
-625
-716
-782
-816
-833
-827
-764
-658
-535
-406
-266
-111
50
197
327
441
539
615
661
678
667
635
585
510
414
305
197
105
24
-62
-145
-214
-267
-308
-338
-360
-366
-351
-328
-310
-291
-268
-241
-210
-180
-159
-132
-94
-52
-13
20
52
90
128
167
208
249
287
321
347
362
362
348
319
284
239
180
110
43
-24
-99
-182
-266
-337
-382
-398
-402
-399
-391
-372
-322
-251
-190
-138
-69
21
105
156
187
227
273
295
279
248
225
214
201
159
103
54
19
-6
-27
-55
-71
-60
-38
-29
-29
-29
-13
10
23
18
16
25
25
11
-19
-59
-86
-97
-117
-149
-174
-189
-193
-193
-196
-192
-173
-141
-102
-55
-3
46
98
150
193
232
266
294
312
322
321
300
266
227
181
133
83
25
-29
-72
-115
-163
-211
-248
-268
-271
-269
-276
-279
-264
-239
-212
-193
-179
-149
-106
-72
-56
-30
11
52
79
100
126
165
216
260
293
325
350
371
393
402
390
372
345
296
230
147
47
-58
-157
-267
-379
-476
-561
-637
-689
-722
-730
-702
-642
-557
-438
-297
-157
-10
151
316
468
594
693
774
834
849
812
742
653
544
420
285
134
-10
-130
-242
-355
-453
-519
-544
-537
-525
-510
-478
-423
-370
-328
-287
-239
-185
-125
-80
-53
-30
0
35
68
94
127
182
247
299
344
390
433
467
491
507
509
497
468
413
336
239
118
-10
-134
-257
-377
-485
-580
-656
-713
-756
-778
-763
-708
-624
-517
-388
-252
-109
35
172
301
422
530
629
712
760
767
738
687
618
526
420
314
214
112
3
-109
-209
-300
-377
-433
-468
-484
-482
-467
-450
-442
-436
-421
-387
-341
-285
-222
-157
-92
-28
28
81
139
205
278
357
434
498
545
568
570
553
523
484
441
386
311
213
87
-59
-211
-358
-490
-595
-663
-699
-720
-727
-716
-683
-626
-529
-394
-228
-47
134
291
413
508
578
634
679
713
734
726
672
567
425
264
101
-45
-166
-264
-338
-398
-471
-546
-604
-637
-619
-544
-434
-314
-195
-90
-28
-4
13
52
121
201
267
315
335
314
263
210
181
196
239
280
303
299
258
188
115
65
38
21
13
-6
-61
-147
-254
-365
-459
-516
-529
-512
-478
-440
-420
-406
-380
-322
-210
-51
141
345
508
602
655
688
698
702
716
725
703
642
513
313
90
-110
-279
-417
-525
-609
-686
-776
-867
-930
-940
-891
-778
-620
-451
-284
-114
36
155
265
365
462
566
662
720
723
690
648
588
514
464
453
459
451
421
354
249
124
0
-99
-162
-205
-256
-344
-485
-642
-779
-889
-938
-916
-876
-846
-819
-795
-758
-674
-541
-362
-148
80
304
512
689
842
991
1132
1245
1327
1362
1333
1244
1104
917
710
508
319
129
-86
-328
-581
-818
-1008
-1140
-1213
-1236
-1231
-1230
-1238
-1232
-1174
-1030
-806
-541
-290
-90
51
159
282
458
691
937
1132
1230
1221
1148
1086
1089
1150
1215
1215
1110
893
607
322
91
-87
-230
-392
-630
-948
-1278
-1556
-1722
-1756
-1707
-1638
-1592
-1580
-1547
-1405
-1123
-711
-240
186
506
741
941
1181
1520
1928
2304
2511
2469
2210
1857
1537
1335
1244
1136
864
349
-350
-1062
-1577
-1791
-1767
-1677
-1699
-1896
-2197
-2433
-2429
-2119
-1588
-1001
-522
-252
-154
-73
140
559
1120
1667
2026
2105
1930
1657
1467
1464
1602
1713
1603
1190
576
-29
-425
-528
-433
-360
-505
-925
-1482
-1916
-2017
-1751
-1267
-829
-659
-804
-1110
-1284
-1086
-488
299
943
1186
1009
631
372
476
953
1562
1953
1874
1334
609
64
-59
208
583
706
374
-334
-1111
-1590
-1571
-1149
-638
-390
-573
-1064
-1523
-1607
-1172
-373
429
872
800
357
-94
-175
278
1111
1902
2198
1790
858
-104
-549
-238
592
1349
1439
651
-684
-1861
-2238
-1651
-525
396
500
-297
-1491
-2311
-2214
-1219
135
1127
1272
610
-342
-936
-743
208
1423
2247
2244
1446
323
-472
-483
290
1345
1975
1705
589
-808
-1731
-1710
-852
234
817
467
-675
-1962
-2641
-2310
-1167
126
873
725
-138
-1122
-1590
-1205
-80
1256
2128
2127
1331
251
-457
-367
491
1639
2397
2280
1274
-136
-1204
-1370
-631
462
1145
895
-245
-1678
-2610
-2533
-1528
-225
581
421
-554
-1686
-2224
-1769
-517
904
1793
1756
922
-137
-737
-447
668
2047
2934
2800
1638
22
-1169
-1254
-173
1397
2378
1979
245
-1928
-3282
-3017
-1340
657
1668
977
-1028
-3082
-3847
-2769
-465
1667
2379
1372
-574
-2118
-2208
-730
1469
3119
3300
2000
89
-1240
-1202
115
1869
2976
2735
1241
-678
-1961
-1932
-715
842
1703
1275
-241
-1986
-2975
-2671
-1307
257
1067
680
-590
-1881
-2355
-1700
-286
1094
1725
1384
418
-487
-734
-162
896
1846
2189
1796
938
85
-332
-161
423
1029
1246
845
-45
-1002
-1575
-1505
-896
-185
152
-117
-863
-1646
-1977
-1637
-798
78
531
421
-30
-441
-512
-168
422
1008
1408
1543
1422
1102
664
257
101
367
979
1553
1573
777
-534
-1629
-1837
-1016
268
1066
712
-700
-2336
-3101
-2428
-727
878
1333
381
-1240
-2327
-2071
-570
1272
2344
2087
823
-514
-998
-309
1074
2267
2570
1861
611
-459
-806
-351
532
1237
1278
566
-556
-1518
-1846
-1438
-609
102
236
-310
-1189
-1824
-1788
-1060
-50
660
713
199
-434
-690
-324
493
1292
1615
1309
642
105
55
484
1050
1310
1051
417
-230
-566
-495
-195
31
-35
-393
-849
-1156
-1184
-967
-644
-388
-319
-457
-689
-807
-619
-99
535
937
868
389
-121
-179
433
1432
2156
1995
897
-459
-1104
-511
924
2080
1950
441
-1524
-2639
-2157
-465
1166
1496
212
-1815
-3139
-2811
-1075
831
1611
851
-743
-1946
-1888
-614
1043
2081
1960
918
-260
-779
-348
707
1705
2080
1658
691
-297
-806
-597
154
940
1212
728
-296
-1301
-1728
-1380
-520
286
502
-28
-957
-1644
-1607
-862
112
716
641
54
-549
-704
-267
502
1125
1234
822
235
-72
105
593
993
985
560
11
-321
-292
-55
94
-15
-317
-594
-679
-598
-510
-527
-607
-608
-471
-282
-183
-230
-304
-207
121
512
685
501
135
-3
360
1071
1579
1365
439
-548
-781
4
1205
1782
1119
-444
-1830
-2045
-951
592
1375
729
-942
-2441
-2652
-1411
360
1356
907
-531
-1782
-1885
-794
716
1673
1568
636
-372
-735
-233
762
1587
1761
1258
456
-174
-336
-21
535
960
940
415
-356
-950
-1050
-676
-150
148
10
-491
-1049
-1296
-1049
-456
94
262
-3
-433
-653
-461
54
599
857
708
307
-20
-8
357
809
1004
786
296
-133
-250
-51
226
297
57
-336
-606
-606
-440
-335
-413
-548
-538
-335
-117
-106
-332
-551
-438
94
744
1029
680
-70
-585
-304
732
1808
2024
1044
-493
-1402
-916
617
1952
1947
498
-1376
-2331
-1738
-136
1220
1301
47
-1627
-2504
-1987
-537
733
953
133
-942
-1428
-1062
-189
625
992
857
449
80
-35
143
509
899
1167
1190
905
385
-120
-276
56
645
1000
757
-15
-840
-1204
-921
-252
285
268
-320
-1055
-1391
-1095
-407
178
296
-23
-442
-600
-361
130
563
698
520
234
96
220
499
693
649
406
137
-10
-11
54
65
-56
-282
-481
-543
-484
-427
-460
-542
-535
-397
-241
-220
-333
-376
-135
352
766
792
412
-34
-98
434
1308
1905
1655
559
-645
-969
-57
1383
2095
1326
-498
-2083
-2308
-1100
539
1307
567
-1203
-2746
-2932
-1629
171
1121
599
-815
-1916
-1853
-721
669
1476
1364
625
-86
-231
257
1007
1542
1635
1367
946
531
235
160
357
707
920
721
96
-660
-1144
-1104
-613
-43
141
-285
-1081
-1665
-1572
-859
-55
296
54
-478
-812
-656
-76
580
934
825
428
105
139
500
895
1011
770
360
38
-65
12
133
143
-45
-395
-734
-865
-742
-518
-401
-473
-624
-687
-608
-447
-255
-2
311
561
589
407
236
322
727
1278
1669
1588
943
61
-398
35
1065
1747
1297
-139
-1564
-1987
-1237
-31
650
254
-1026
-2375
-2856
-2075
-569
537
447
-618
-1679
-1871
-1083
158
1177
1512
1085
263
-283
-29
919
1876
2181
1748
1010
459
306
500
861
1130
1047
534
-170
-674
-777
-605
-407
-335
-433
-723
-1149
-1475
-1422
-967
-430
-192
-348
-667
-824
-641
-162
401
778
771
433
77
64
488
1066
1346
1087
462
-91
-222
81
504
655
330
-335
-942
-1121
-801
-286
-22
-215
-673
-996
-935
-583
-205
69
285
457
483
303
76
102
535
1208
1723
1685
974
-44
-614
-159
1051
1935
1523
-54
-1612
-2003
-1120
124
697
214
-969
-2100
-2478
-1847
-630
287
262
-535
-1324
-1468
-953
-143
635
1144
1160
625
-76
-275
357
1411
2103
1975
1200
335
-97
139
867
1521
1476
612
-488
-1022
-723
-64
271
21
-576
-1116
-1339
-1203
-839
-506
-429
-597
-781
-790
-629
-412
-172
126
414
502
316
58
47
393
896
1190
1034
505
-49
-246
47
568
828
510
-251
-943
-1084
-641
-62
128
-211
-744
-1005
-826
-437
-155
-36
96
321
471
379
142
59
334
927
1556
1785
1257
120
-767
-477
918
2139
1864
135
-1627
-2041
-1055
230
743
225
-889
-1946
-2365
-1862
-750
119
77
-672
-1306
-1311
-879
-406
81
665
1078
904
217
-287
1
928
1792
2053
1655
873
126
-105
438
1395
1870
1279
31
-884
-883
-263
274
317
-105
-769
-1339
-1470
-1068
-478
-234
-511
-935
-1055
-824
-501
-255
-31
202
282
110
-90
2
406
824
965
793
458
132
-20
121
476
727
543
-70
-714
-918
-572
-38
168
-139
-678
-973
-800
-370
-60
4
11
165
390
452
316
203
349
809
1408
1757
1442
429
-562
-501
773
2064
1924
238
-1556
-1963
-970
183
458
-160
-1059
-1780
-2155
-1991
-1224
-341
-81
-617
-1309
-1442
-1016
-484
-1
557
1020
960
344
-156
148
1100
1895
2001
1562
1017
626
465
645
1155
1566
1337
468
-394
-621
-272
84
86
-197
-585
-985
-1280
-1267
-921
-564
-541
-809
-1038
-1016
-819
-577
-292
25
190
52
-220
-230
185
725
947
752
409
196
181
310
530
698
596
164
-337
-532
-318
10
106
-88
-376
-541
-537
-447
-307
-98
142
334
409
338
163
-13
50
625
1541
2021
1356
-166
-1176
-519
1317
2486
1690
-433
-1979
-1770
-456
476
323
-494
-1256
-1715
-1931
-1799
-1207
-490
-214
-564
-1131
-1388
-1215
-741
-21
804
1277
964
92
-447
31
1225
2209
2355
1749
895
281
229
852
1786
2214
1557
176
-842
-739
124
724
491
-283
-984
-1316
-1335
-1142
-823
-591
-672
-1034
-1375
-1417
-1139
-700
-262
31
31
-285
-624
-534
121
928
1265
912
251
-129
22
524
1019
1177
843
155
-460
-551
-95
433
544
176
-334
-620
-622
-456
-179
149
386
403
227
16
-128
-196
7
762
1791
2061
801
-1193
-1869
-201
2287
2966
992
-1721
-2631
-1325
382
833
103
-763
-1258
-1662
-2001
-1722
-693
257
202
-752
-1585
-1574
-933
-162
558
1093
1100
409
-439
-502
494
1745
2293
1957
1205
513
116
238
1043
2087
2346
1264
-441
-1328
-706
612
1244
664
-531
-1443
-1682
-1386
-833
-316
-209
-696
-1464
-1886
-1592
-822
-152
93
-28
-342
-684
-778
-354
496
1225
1267
634
-74
-293
60
707
1226
1285
777
-86
-730
-630
63
691
763
283
-345
-759
-858
-545
157
795
843
299
-256
-299
-23
93
272
1088
2117
1904
-155
-2296
-1888
1121
3543
2585
-828
-3156
-2370
-55
1029
320
-683
-957
-1099
-1824
-2395
-1656
-16
848
78
-1381
-2029
-1512
-524
385
1084
1321
779
-245
-744
-21
1376
2259
2160
1553
969
498
193
451
1439
2422
2261
747
-906
-1302
-357
837
1212
515
-688
-1655
-1987
-1560
-646
11
-155
-986
-1833
-2075
-1575
-709
18
262
-56
-684
-1118
-900
-18
962
1335
902
127
-314
-138
423
976
1244
1101
527
-233
-624
-296
455
948
780
170
-392
-668
-620
-181
520
1007
828
136
-342
-249
-27
76
548
1621
2301
1127
-1558
-2924
-876
2731
3892
1103
-2764
-3679
-1286
1078
1015
-490
-1279
-1005
-1145
-2201
-2582
-1188
657
920
-593
-2117
-2177
-1124
-16
790
1270
1145
311
-589
-532
657
1967
2433
2075
1436
861
452
437
1083
2092
2542
1789
273
-839
-806
99
977
1073
270
-952
-1882
-1967
-1269
-464
-206
-640
-1403
-1964
-2057
-1645
-829
-59
94
-457
-1181
-1359
-709
310
971
961
477
-41
-201
98
680
1235
1414
1037
295
-285
-223
435
1090
1166
637
-26
-370
-323
-16
432
798
795
392
-47
-151
-38
-35
57
763
1784
1715
-246
-2492
-2289
676
3297
2480
-1091
-3601
-2690
-110
1028
107
-1063
-1187
-1042
-1739
-2571
-2004
-189
989
290
-1405
-2270
-1672
-427
612
1209
1285
739
-93
-394
318
1520
2278
2255
1801
1312
904
693
927
1574
2104
1987
1195
199
-444
-482
2
640
789
26
-1254
-2075
-1861
-1030
-492
-655
-1186
-1632
-1869
-1884
-1527
-808
-215
-279
-863
-1260
-970
-214
399
591
524
342
110
21
289
876
1362
1282
669
58
-54
393
978
1183
897
403
50
-18
111
358
688
915
818
444
51
-115
-52
158
656
1390
1591
466
-1485
-2361
-819
1839
2658
470
-2589
-3496
-1772
254
524
-562
-1433
-1611
-1800
-2254
-2169
-1027
284
421
-681
-1770
-1801
-893
233
1099
1509
1263
455
-203
92
1274
2389
2629
2081
1389
995
928
1142
1574
1930
1843
1245
452
-109
-281
-137
218
477
168
-778
-1763
-2015
-1388
-625
-518
-1042
-1653
-1954
-1873
-1485
-902
-379
-337
-850
-1332
-1176
-415
346
580
345
47
-88
-36
211
647
1074
1143
725
144
-100
195
765
1154
1120
762
327
45
79
468
1028
1375
1203
664
243
223
434
583
749
1163
1494
954
-586
-1894
-1427
631
2079
1095
-1584
-3421
-2881
-1014
70
-332
-1305
-1965
-2325
-2590
-2409
-1398
-125
240
-600
-1642
-1784
-935
197
1025
1458
1464
957
278
196
1096
2382
3018
2589
1623
937
879
1269
1778
2106
1957
1241
270
-371
-321
189
558
369
-324
-1123
-1615
-1612
-1231
-810
-692
-978
-1481
-1898
-1939
-1486
-749
-217
-306
-940
-1465
-1270
-450
337
548
213
-208
-362
-241
60
471
834
900
564
50
-196
69
631
1090
1204
963
536
184
181
669
1411
1853
1619
913
365
405
850
1228
1347
1300
1070
435
-530
-1121
-657
478
955
-49
-1851
-2911
-2495
-1390
-817
-1092
-1707
-2220
-2578
-2749
-2403
-1396
-361
-186
-925
-1685
-1575
-562
612
1296
1421
1203
851
652
906
1672
2570
2983
2613
1751
1014
914
1520
2334
2602
1908
633
-297
-289
342
782
556
-152
-882
-1367
-1557
-1422
-1051
-779
-931
-1461
-1975
-2082
-1737
-1186
-711
-548
-812
-1293
-1476
-1017
-180
371
271
-160
-363
-212
37
244
508
803
833
443
-5
16
534
1064
1202
1018
790
622
543
705
1192
1721
1815
1354
785
595
799
1129
1422
1545
1211
286
-755
-1015
-233
646
444
-875
-2199
-2535
-2020
-1491
-1422
-1641
-1915
-2278
-2681
-2754
-2203
-1286
-660
-687
-1098
-1357
-1164
-510
444
1323
1643
1245
611
537
1287
2286
2793
2643
2182
1765
1491
1413
1691
2218
2438
1899
816
-45
-112
372
709
507
-120
-861
-1447
-1711
-1561
-1119
-831
-1083
-1736
-2279
-2317
-1860
-1237
-790
-710
-1029
-1486
-1574
-1000
-75
511
371
-171
-456
-225
239
602
812
909
802
445
94
171
728
1297
1418
1098
669
453
567
968
1512
1880
1736
1137
560
461
910
1525
1759
1345
430
-481
-764
-291
315
270
-601
-1678
-2186
-2029
-1735
-1688
-1806
-1913
-2057
-2351
-2605
-2417
-1742
-1058
-812
-965
-1117
-974
-539
51
685
1181
1326
1140
958
1115
1632
2226
2571
2510
2085
1552
1352
1710
2258
2344
1746
923
493
525
564
367
111
-84
-400
-986
-1587
-1730
-1379
-1084
-1294
-1849
-2266
-2262
-1941
-1566
-1279
-1150
-1219
-1353
-1274
-847
-287
67
135
114
173
287
385
529
803
1073
1081
809
514
461
709
1062
1247
1141
813
523
564
927
1312
1465
1361
1101
775
545
732
1394
1891
1391
2
-996
-537
783
1202
-58
-1807
-2369
-1579
-812
-1114
-1985
-2379
-2181
-2094
-2398
-2544
-2049
-1318
-1116
-1487
-1757
-1453
-779
-159
271
561
662
546
491
868
1623
2232
2334
2075
1795
1668
1744
2063
2538
2732
2203
1218
644
925
1499
1476
684
-187
-534
-540
-690
-1047
-1316
-1390
-1510
-1855
-2229
-2331
-2141
-1870
-1670
-1576
-1588
-1671
-1622
-1200
-514
-20
-6
-247
-252
139
602
816
826
840
885
843
704
644
792
1040
1172
1079
814
552
536
856
1274
1424
1245
1031
990
941
717
666
1246
2009
1755
133
-1448
-1200
692
1929
775
-1743
-3092
-2266
-763
-460
-1393
-2227
-2309
-2236
-2505
-2619
-1971
-1007
-764
-1437
-2096
-1908
-1046
-196
310
556
545
240
-5
382
1415
2344
2497
2027
1569
1478
1688
2120
2737
3129
2676
1472
555
805
1799
2176
1290
-53
-714
-569
-396
-724
-1242
-1475
-1518
-1775
-2260
-2562
-2403
-1970
-1667
-1675
-1849
-1962
-1831
-1395
-810
-353
-207
-300
-364
-222
106
517
857
986
849
573
446
636
1022
1347
1438
1268
949
720
845
1357
1861
1872
1466
1198
1304
1392
1094
823
1296
2147
1961
192
-1650
-1512
530
1960
774
-2006
-3603
-2800
-1122
-656
-1570
-2493
-2666
-2632
-2902
-2991
-2250
-1107
-727
-1437
-2265
-2169
-1171
-66
579
803
762
500
285
604
1573
2604
2966
2578
1983
1694
1810
2231
2834
3256
2950
1841
723
553
1311
1923
1484
275
-680
-884
-780
-924
-1283
-1496
-1520
-1725
-2257
-2720
-2676
-2184
-1708
-1615
-1857
-2103
-2076
-1719
-1147
-604
-340
-392
-562
-586
-299
212
695
914
793
516
401
595
981
1332
1527
1573
1466
1215
1033
1254
1870
2398
2376
1912
1536
1473
1425
1271
1443
2120
2466
1374
-798
-2031
-911
1310
1844
-354
-3263
-4171
-2782
-1194
-1138
-2224
-3076
-3278
-3400
-3590
-3225
-2065
-1004
-1068
-2034
-2622
-2030
-686
489
1074
1194
1016
696
665
1380
2634
3556
3504
2744
2082
1997
2385
2951
3404
3355
2514
1218
437
772
1624
1766
741
-647
-1330
-1180
-947
-1187
-1690
-2012
-2120
-2305
-2644
-2844
-2665
-2279
-2027
-2038
-2162
-2167
-1951
-1545
-1047
-615
-406
-399
-415
-248
163
672
1034
1120
1010
904
996
1272
1549
1738
1858
1900
1797
1543
1367
1586
2132
2526
2400
1849
1294
1046
1098
1402
1901
2135
1404
-280
-1720
-1537
135
1344
371
-2188
-4093
-3897
-2354
-1339
-1684
-2718
-3568
-3988
-4033
-3568
-2500
-1373
-1083
-1802
-2633
-2531
-1308
281
1341
1576
1240
790
763
1504
2786
3877
4080
3405
2571
2256
2621
3361
3938
3852
2913
1565
766
1043
1800
1884
856
-535
-1271
-1230
-1092
-1355
-1861
-2262
-2516
-2794
-3061
-3088
-2880
-2713
-2726
-2762
-2606
-2304
-2072
-1889
-1540
-1018
-561
-396
-403
-234
246
817
1190
1268
1197
1204
1396
1692
1906
1942
1918
1998
2113
2019
1718
1549
1807
2290
2437
2022
1389
978
920
1089
1400
1710
1481
301
-1242
-1799
-741
752
742
-1186
-3354
-3893
-2769
-1549
-1461
-2286
-3132
-3605
-3770
-3516
-2695
-1675
-1224
-1681
-2384
-2381
-1482
-251
670
1070
1092
920
820
1204
2184
3258
3713
3346
2661
2346
2625
3200
3638
3606
2966
1992
1284
1257
1687
1798
1108
13
-765
-976
-945
-1091
-1455
-1849
-2214
-2555
-2797
-2835
-2696
-2544
-2506
-2539
-2524
-2438
-2278
-1970
-1515
-1048
-754
-720
-760
-592
-122
511
982
1042
827
719
989
1488
1778
1690
1565
1745
2061
2016
1542
1237
1611
2316
2545
2030
1272
866
914
1159
1508
1827
1564
362
-1104
-1504
-348
1057
886
-1016
-2942
-3282
-2190
-1142
-1153
-1938
-2743
-3247
-3421
-3111
-2265
-1380
-1209
-1872
-2550
-2385
-1373
-211
466
595
464
319
410
984
1961
2830
3048
2605
2085
2017
2408
2938
3298
3274
2756
1903
1201
1137
1625
1954
1520
462
-541
-965
-875
-687
-726
-1094
-1703
-2309
-2653
-2598
-2270
-1990
-1979
-2221
-2508
-2595
-2366
-1898
-1385
-1044
-981
-1093
-1135
-923
-421
205
641
707
522
412
636
1100
1487
1660
1720
1791
1825
1688
1500
1616
2126
2623
2604
2028
1358
1074
1284
1769
2190
2120
1253
-99
-988
-624
604
1225
227
-1742
-3070
-2864
-1781
-1120
-1462
-2414
-3312
-3780
-3675
-3001
-2098
-1603
-1923
-2692
-3012
-2398
-1198
-144
315
276
81
47
452
1361
2443
3098
2979
2393
2044
2330
3014
3567
3673
3300
2604
1912
1571
1737
2126
2131
1436
331
-551
-812
-620
-443
-625
-1226
-2001
-2600
-2769
-2512
-2144
-2030
-2281
-2697
-2936
-2797
-2348
-1839
-1495
-1373
-1408
-1436
-1263
-832
-242
277
499
465
427
610
1008
1398
1629
1780
1962
2116
2051
1809
1734
2079
2678
2974
2584
1791
1237
1298
1804
2246
2183
1467
340
-593
-740
-58
644
346
-1092
-2703
-3315
-2704
-1776
-1542
-2237
-3317
-4059
-4104
-3492
-2586
-1939
-1934
-2466
-2916
-2644
-1607
-359
469
662
485
366
650
1448
2523
3385
3589
3158
2622
2525
2993
3670
4054
3886
3177
2202
1456
1368
1884
2311
1876
536
-917
-1563
-1231
-622
-573
-1309
-2396
-3209
-3398
-3031
-2480
-2183
-2370
-2927
-3400
-3335
-2690
-1849
-1308
-1268
-1495
-1591
-1316
-689
45
600
829
800
740
874
1243
1716
2146
2436
2521
2381
2105
1938
2136
2663
3127
3102
2500
1694
1213
1324
1859
2304
2089
1056
-296
-1139
-941
-65
393
-333
-1917
-3295
-3614
-2960
-2176
-2024
-2641
-3633
-4392
-4432
-3680
-2579
-1829
-1885
-2496
-2888
-2478
-1309
52
976
1212
950
691
976
1971
3282
4183
4187
3525
2885
2829
3402
4163
4546
4202
3178
1952
1227
1383
2026
2269
1505
-49
-1473
-1980
-1616
-1061
-1030
-1760
-2890
-3793
-4007
-3500
-2739
-2337
-2607
-3283
-3730
-3513
-2717
-1819
-1270
-1187
-1373
-1488
-1243
-575
300
974
1172
1007
855
1036
1541
2091
2480
2672
2682
2529
2280
2155
2389
2900
3280
3144
2502
1750
1323
1408
1866
2265
2063
987
-506
-1404
-1052
26
461
-561
-2416
-3716
-3672
-2766
-2089
-2224
-2978
-3855
-4406
-4329
-3558
-2461
-1742
-1870
-2540
-2879
-2291
-997
302
1051
1167
932
761
1076
2043
3300
4132
4065
3338
2691
2674
3258
3983
4332
3988
2947
1665
916
1139
1913
2244
1442
-201
-1652
-2111
-1640
-950
-787
-1474
-2725
-3821
-4082
-3365
-2271
-1730
-2184
-3175
-3792
-3477
-2431
-1330
-754
-856
-1333
-1661
-1383
-443
679
1339
1273
800
529
804
1479
2180
2635
2735
2506
2093
1786
1898
2485
3179
3415
2917
1964
1184
1074
1618
2319
2508
1743
247
-1119
-1454
-608
475
475
-1018
-3033
-4106
-3644
-2394
-1650
-2068
-3268
-4360
-4678
-4086
-2951
-1913
-1566
-2033
-2749
-2862
-1974
-480
803
1314
1114
705
650
1269
2454
3652
4170
3767
2938
2475
2751
3471
4041
4085
3560
2604
1553
935
1125
1828
2139
1324
-366
-1816
-2132
-1446
-673
-679
-1602
-2874
-3761
-3796
-3017
-2031
-1638
-2181
-3186
-3734
-3280
-2125
-1078
-720
-1016
-1506
-1684
-1260
-310
695
1196
1007
525
350
754
1479
2100
2429
2475
2265
1900
1660
1876
2562
3232
3304
2664
1761
1212
1305
1880
2467
2481
1572
54
-1120
-1105
-55
799
268
-1526
-3252
-3721
-2945
-1967
-1777
-2481
-3510
-4244
-4324
-3736
-2780
-1976
-1815
-2304
-2841
-2715
-1718
-316
746
1035
725
418
649
1562
2784
3653
3751
3235
2693
2665
3173
3790
4067
3813
3138
2329
1703
1508
1714
1938
1673
715
-525
-1368
-1469
-1075
-804
-1146
-2045
-2990
-3458
-3264
-2650
-2174
-2251
-2785
-3288
-3298
-2750
-2018
-1506
-1343
-1410
-1488
-1384
-981
-297
399
744
674
514
633
1081
1611
1987
2197
2321
2315
2161
2054
2248
2740
3161
3115
2607
1997
1659
1747
2123
2424
2201
1250
-18
-755
-462
360
546
-517
-2171
-3198
-3061
-2331
-1973
-2382
-3198
-3887
-4167
-3983
-3416
-2743
-2373
-2512
-2878
-2908
-2308
-1295
-341
228
405
412
516
980
1877
2888
3484
3425
3014
2833
3161
3725
4073
4027
3691
3206
2655
2168
1973
2103
2170
1696
643
-485
-1078
-1007
-724
-814
-1489
-2464
-3232
-3441
-3116
-2665
-2558
-2939
-3514
-3799
-3525
-2876
-2264
-1984
-2029
-2137
-2027
-1564
-843
-165
197
244
287
606
1148
1645
1937
2127
2403
2709
2821
2739
2719
2960
3369
3601
3434
2980
2499
2239
2313
2595
2701
2195
1050
-107
-498
-17
526
141
-1270
-2778
-3395
-3024
-2424
-2396
-3068
-3957
-4547
-4620
-4221
-3585
-3055
-2925
-3180
-3415
-3167
-2323
-1226
-372
20
100
203
587
1319
2262
3094
3501
3454
3217
3175
3520
4056
4421
4373
3923
3304
2754
2448
2430
2488
2285
1613
568
-421
-903
-847
-663
-867
-1642
-2682
-3428
-3522
-3095
-2670
-2699
-3216
-3822
-4018
-3626
-2890
-2255
-2034
-2177
-2343
-2173
-1536
-657
31
288
258
308
695
1326
1905
2263
2455
2610
2755
2827
2877
3042
3330
3605
3626
3276
2737
2329
2265
2515
2728
2432
1460
230
-502
-352
224
275
-725
-2279
-3354
-3414
-2831
-2443
-2755
-3581
-4397
-4771
-4549
-3892
-3173
-2813
-2969
-3332
-3345
-2692
-1572
-511
105
271
284
493
1090
2027
3029
3690
3782
3470
3222
3416
4006
4575
4698
4252
3493
2820
2491
2499
2579
2364
1680
670
-324
-931
-1034
-914
-1023
-1641
-2635
-3490
-3753
-3438
-2979
-2873
-3238
-3770
-4053
-3836
-3205
-2497
-2047
-2004
-2195
-2206
-1726
-826
64
509
488
397
635
1255
1957
2444
2669
2751
2788
2809
2865
3076
3433
3723
3684
3253
2657
2277
2290
2525
2641
2331
1489
394
-415
-549
-133
161
-394
-1791
-3193
-3713
-3231
-2484
-2367
-3106
-4165
-4829
-4717
-3990
-3154
-2673
-2731
-3103
-3285
-2873
-1881
-720
129
454
433
454
851
1691
2748
3604
3914
3676
3279
3220
3675
4343
4721
4487
3745
2925
2424
2339
2455
2385
1852
913
-111
-864
-1159
-1138
-1165
-1545
-2326
-3205
-3737
-3722
-3341
-3015
-3074
-3478
-3888
-3945
-3520
-2805
-2160
-1870
-1941
-2075
-1890
-1210
-263
485
734
607
553
916
1614
2315
2742
2847
2778
2693
2706
2918
3309
3675
3752
3415
2827
2336
2197
2401
2666
2623
2007
900
-189
-650
-305
302
231
-950
-2628
-3687
-3550
-2670
-2089
-2467
-3561
-4618
-4981
-4469
-3466
-2633
-2458
-2922
-3446
-3355
-2468
-1184
-139
308
293
221
461
1161
2173
3153
3702
3660
3284
3054
3308
3941
4476
4515
4007
3237
2595
2312
2357
2429
2149
1402
406
-460
-916
-1011
-1038
-1272
-1837
-2623
-3299
-3553
-3363
-3028
-2929
-3176
-3545
-3721
-3543
-3066
-2487
-2020
-1817
-1864
-1910
-1621
-879
10
571
634
475
555
1073
1776
2309
2546
2587
2571
2570
2651
2879
3209
3470
3466
3143
2682
2336
2241
2394
2589
2495
1876
838
-97
-378
4
427
116
-1115
-2581
-3362
-3133
-2407
-2079
-2621
-3714
-4637
-4817
-4213
-3328
-2760
-2802
-3273
-3611
-3330
-2412
-1266
-395
-45
-46
-13
354
1129
2143
3044
3499
3433
3141
3059
3426
4067
4557
4557
4052
3325
2729
2505
2621
2740
2452
1633
542
-346
-699
-643
-609
-952
-1715
-2613
-3224
-3336
-3081
-2810
-2840
-3195
-3616
-3791
-3568
-3040
-2468
-2099
-2037
-2164
-2167
-1751
-940
-135
245
202
122
394
1008
1622
1981
2139
2261
2399
2503
2594
2759
3003
3217
3255
3074
2770
2480
2316
2337
2464
2441
1992
1120
255
-98
128
423
132
-900
-2120
-2813
-2752
-2334
-2176
-2605
-3422
-4158
-4412
-4078
-3429
-2932
-2877
-3174
-3422
-3212
-2467
-1498
-715
-309
-171
-25
355
1033
1889
2685
3190
3306
3181
3144
3425
3948
4388
4439
4042
3438
2956
2767
2792
2740
2359
1645
793
78
-324
-499
-683
-1068
-1698
-2417
-2952
-3154
-3101
-3020
-3114
-3391
-3688
-3795
-3611
-3214
-2815
-2568
-2474
-2423
-2225
-1758
-1137
-587
-248
-82
116
521
1065
1542
1842
2046
2292
2603
2866
2999
3032
3103
3297
3514
3559
3338
2930
2579
2485
2600
2651
2314
1498
566
12
-7
188
13
-826
-1971
-2809
-3032
-2820
-2660
-2902
-3518
-4203
-4589
-4467
-3957
-3400
-3124
-3201
-3371
-3254
-2695
-1836
-967
-316
60
270
496
958
1746
2683
3418
3677
3515
3312
3431
3904
4445
4669
4381
3721
3042
2687
2711
2800
2570
1889
911
36
-426
-550
-629
-933
-1590
-2406
-3021
-3247
-3158
-3015
-3081
-3387
-3745
-3907
-3740
-3327
-2895
-2626
-2551
-2542
-2382
-1936
-1294
-701
-327
-141
45
394
899
1420
1837
2155
2427
2640
2783
2920
3108
3362
3634
3756
3614
3289
2963
2797
2839
2925
2797
2251
1359
517
116
179
316
-51
-1095
-2314
-3061
-3110
-2769
-2656
-3099
-3893
-4598
-4834
-4492
-3855
-3329
-3173
-3365
-3555
-3319
-2562
-1531
-614
-78
113
215
529
1221
2187
3114
3661
3670
3375
3237
3515
4118
4659
4697
4131
3283
2619
2451
2681
2811
2393
1406
254
-515
-681
-539
-567
-1077
-1991
-2863
-3275
-3166
-2818
-2663
-2929
-3431
-3779
-3702
-3233
-2675
-2323
-2248
-2315
-2284
-1958
-1350
-669
-176
8
28
178
624
1237
1753
2025
2128
2239
2437
2666
2854
3003
3150
3262
3248
3087
2840
2596
2458
2434
2397
2177
1632
822
112
-159
-64
-41
-556
-1597
-2627
-3118
-3008
-2712
-2748
-3253
-3961
-4486
-4522
-4060
-3427
-2994
-2944
-3146
-3176
-2721
-1848
-880
-145
240
427
651
1111
1863
2741
3443
3754
3691
3525
3554
3869
4296
4517
4317
3744
3056
2582
2456
2458
2225
1604
730
-89
-606
-850
-1036
-1331
-1806
-2420
-2989
-3299
-3298
-3139
-3077
-3239
-3498
-3602
-3425
-3049
-2658
-2353
-2137
-1979
-1808
-1514
-1029
-433
83
361
452
600
970
1494
1959
2230
2353
2447
2556
2669
2791
2940
3111
3205
3098
2795
2459
2248
2203
2234
2154
1798
1136
368
-181
-311
-161
-196
-806
-1856
-2770
-3084
-2814
-2458
-2538
-3132
-3867
-4280
-4123
-3528
-2896
-2590
-2694
-2934
-2872
-2297
-1375
-491
52
252
354
633
1209
1992
2737
3203
3312
3228
3214
3415
3751
4014
4017
3715
3238
2810
2562
2445
2264
1834
1170
515
61
-256
-610
-1066
-1559
-1965
-2253
-2520
-2811
-3052
-3175
-3217
-3238
-3222
-3160
-3082
-2985
-2820
-2531
-2124
-1744
-1542
-1431
-1170
-654
-50
386
581
698
935
1333
1784
2150
2395
2553
2623
2622
2673
2847
3090
3247
3183
2881
2486
2199
2116
2171
2188
1944
1295
424
-237
-410
-211
-115
-605
-1650
-2678
-3129
-2917
-2472
-2379
-2883
-3685
-4244
-4200
-3614
-2902
-2512
-2587
-2876
-2941
-2499
-1627
-680
-38
197
224
368
837
1600
2409
2990
3206
3135
2995
3026
3323
3758
4059
3973
3450
2763
2298
2233
2399
2384
1892
1018
138
-415
-554
-504
-628
-1121
-1872
-2572
-2917
-2840
-2583
-2500
-2742
-3164
-3462
-3415
-3042
-2566
-2228
-2134
-2212
-2246
-2010
-1450
-759
-249
-93
-139
-55
343
958
1531
1860
1954
1989
2111
2346
2640
2927
3110
3141
3059
2937
2819
2729
2660
2585
2473
2267
1857
1254
668
317
232
198
-144
-921
-1861
-2519
-2649
-2431
-2350
-2731
-3461
-4117
-4309
-3984
-3449
-3088
-3069
-3281
-3422
-3193
-2526
-1629
-846
-437
-370
-312
78
863
1814
2584
2935
2905
2765
2826
3254
3914
4399
4357
3805
3104
2706
2800
3141
3223
2696
1667
624
65
120
412
313
-487
-1658
-2545
-2713
-2299
-1911
-2094
-2821
-3579
-3857
-3515
-2869
-2421
-2432
-2771
-3025
-2858
-2265
-1529
-999
-854
-945
-919
-550
96
758
1177
1290
1287
1429
1808
2293
2670
2805
2752
2720
2855
3084
3207
3108
2833
2574
2487
2503
2402
2028
1444
872
500
340
213
-133
-804
-1621
-2251
-2485
-2436
-2454
-2806
-3436
-4008
-4204
-3984
-3586
-3305
-3289
-3445
-3501
-3213
-2576
-1778
-1104
-732
-574
-358
132
935
1847
2544
2840
2825
2807
3098
3732
4373
4602
4304
3741
3325
3294
3540
3677
3341
2477
1440
724
586
785
715
-46
-1270
-2301
-2625
-2321
-1990
-2207
-3008
-3894
-4286
-3998
-3335
-2834
-2858
-3321
-3715
-3546
-2789
-1861
-1266
-1218
-1446
-1444
-933
-57
782
1238
1265
1124
1200
1690
2428
3060
3263
3018
2685
2681
3088
3598
3791
3506
2946
2480
2345
2475
2572
2353
1755
971
294
-45
-81
-123
-507
-1291
-2184
-2794
-2952
-2819
-2781
-3098
-3671
-4198
-4388
-4140
-3655
-3268
-3167
-3283
-3332
-3046
-2376
-1520
-799
-403
-252
-62
433
1257
2153
2791
3019
2995
3046
3387
3932
4385
4497
4231
3795
3475
3396
3440
3350
2924
2208
1450
892
586
356
-23
-623
-1343
-1992
-2418
-2605
-2695
-2879
-3211
-3578
-3819
-3810
-3578
-3331
-3209
-3168
-3080
-2843
-2457
-2002
-1594
-1271
-972
-637
-260
169
613
993
1283
1547
1812
2076
2354
2624
2818
2919
2949
2963
3008
3074
3121
3072
2875
2595
2334
2139
1996
1841
1558
1090
548
83
-257
-478
-685
-1060
-1624
-2206
-2635
-2841
-2887
-2941
-3142
-3473
-3773
-3869
-3716
-3407
-3102
-2920
-2837
-2709
-2416
-1934
-1314
-699
-220
119
416
808
1368
2009
2581
2941
3073
3146
3325
3616
3901
4006
3859
3567
3281
3072
2914
2709
2345
1820
1252
723
271
-82
-406
-833
-1369
-1905
-2332
-2569
-2643
-2718
-2919
-3179
-3350
-3345
-3165
-2906
-2692
-2572
-2471
-2281
-1992
-1616
-1188
-820
-560
-331
-76
232
595
961
1256
1443
1577
1732
1918
2126
2334
2466
2475
2432
2430
2471
2523
2541
2448
2258
2049
1851
1678
1564
1448
1208
797
298
-138
-370
-420
-555
-998
-1662
-2248
-2513
-2489
-2429
-2574
-2963
-3405
-3653
-3589
-3270
-2912
-2733
-2756
-2809
-2678
-2245
-1580
-905
-439
-201
-18
317
880
1580
2233
2650
2794
2843
2995
3287
3631
3873
3890
3687
3376
3079
2880
2767
2610
2260
1712
1103
570
173
-117
-416
-826
-1335
-1837
-2227
-2456
-2558
-2635
-2781
-2983
-3138
-3152
-3028
-2838
-2650
-2497
-2374
-2226
-1999
-1677
-1305
-958
-696
-510
-310
-2
397
784
1047
1180
1289
1478
1758
2073
2323
2423
2396
2348
2384
2549
2763
2839
2678
2364
2064
1943
2007
2041
1818
1323
749
314
84
-13
-156
-540
-1164
-1807
-2242
-2397
-2404
-2487
-2776
-3213
-3604
-3746
-3586
-3266
-3003
-2928
-2999
-3000
-2719
-2147
-1453
-878
-562
-390
-115
404
1103
1798
2325
2595
2671
2779
3082
3523
3899
4013
3832
3504
3247
3167
3169
3048
2682
2110
1512
1032
695
400
29
-457
-1000
-1515
-1930
-2228
-2438
-2625
-2817
-3026
-3240
-3373
-3353
-3225
-3066
-2914
-2784
-2644
-2445
-2172
-1838
-1472
-1094
-740
-441
-176
121
492
918
1309
1602
1793
1939
2130
2406
2704
2910
2948
2869
2807
2852
2964
3005
2861
2548
2206
1981
1882
1769
1489
1014
468
4
-296
-475
-697
-1118
-1709
-2281
-2620
-2711
-2744
-2891
-3195
-3553
-3774
-3738
-3490
-3201
-3014
-2949
-2896
-2700
-2285
-1704
-1097
-612
-280
-1
370
897
1529
2136
2607
2864
2955
3055
3307
3684
4010
4089
3879
3503
3177
3042
3033
2939
2582
1954
1232
651
315
121
-137
-611
-1317
-2041
-2500
-2631
-2612
-2688
-3007
-3477
-3806
-3786
-3485
-3142
-2964
-2989
-3053
-2899
-2447
-1864
-1366
-1063
-894
-681
-280
273
803
1191
1423
1584
1799
2130
2482
2723
2827
2867
2900
2953
3017
3019
2914
2772
2655
2539
2357
2095
1789
1479
1219
1013
753
376
-87
-556
-913
-1098
-1251
-1570
-2050
-2518
-2819
-2911
-2899
-2962
-3164
-3404
-3533
-3467
-3245
-2961
-2722
-2581
-2466
-2247
-1847
-1302
-755
-323
4
316
713
1210
1745
2227
2583
2804
2956
3132
3371
3599
3720
3695
3544
3330
3121
2924
2722
2473
2134
1681
1148
631
227
-77
-393
-807
-1306
-1829
-2249
-2463
-2536
-2622
-2804
-3081
-3331
-3371
-3164
-2862
-2657
-2605
-2609
-2508
-2182
-1683
-1204
-892
-743
-625
-368
98
633
1014
1167
1214
1341
1622
1982
2268
2371
2323
2278
2342
2488
2610
2595
2431
2233
2119
2099
2062
1890
1580
1241
1003
889
748
448
27
-411
-741
-896
-1004
-1255
-1678
-2140
-2456
-2536
-2490
-2526
-2726
-3011
-3202
-3154
-2886
-2574
-2398
-2381
-2362
-2171
-1753
-1196
-687
-371
-182
47
442
990
1547
1958
2187
2315
2480
2741
3041
3266
3343
3284
3159
3020
2893
2768
2618
2388
2048
1639
1227
831
477
169
-157
-549
-975
-1397
-1770
-2031
-2186
-2314
-2482
-2701
-2924
-3031
-2964
-2793
-2633
-2550
-2525
-2470
-2279
-1922
-1524
-1227
-1029
-854
-619
-268
153
527
784
962
1147
1398
1698
1977
2162
2254
2329
2428
2538
2631
2661
2599
2495
2416
2352
2261
2100
1855
1556
1283
1086
908
620
218
-209
-584
-841
-1017
-1264
-1640
-2064
-2409
-2593
-2639
-2687
-2835
-3053
-3217
-3222
-3064
-2827
-2629
-2522
-2434
-2238
-1890
-1441
-978
-593
-302
-9
369
847
1353
1783
2090
2310
2526
2795
3081
3310
3418
3401
3328
3272
3215
3101
2897
2619
2301
1965
1622
1262
857
424
-7
-413
-787
-1146
-1533
-1942
-2294
-2531
-2688
-2822
-2994
-3197
-3333
-3307
-3149
-2973
-2853
-2773
-2674
-2466
-2105
-1672
-1297
-1025
-812
-550
-159
327
780
1105
1315
1505
1746
2061
2395
2648
2766
2791
2798
2837
2914
2976
2940
2798
2597
2391
2199
2008
1801
1552
1237
888
548
216
-113
-438
-770
-1086
-1365
-1649
-1971
-2295
-2542
-2671
-2728
-2808
-2951
-3099
-3156
-3078
-2907
-2707
-2526
-2380
-2232
-2010
-1681
-1271
-847
-474
-160
132
456
846
1274
1675
2008
2254
2422
2570
2754
2963
3134
3195
3139
3002
2846
2709
2590
2448
2234
1907
1491
1071
728
455
187
-138
-549
-1012
-1427
-1714
-1882
-2010
-2195
-2461
-2740
-2910
-2898
-2769
-2647
-2600
-2607
-2579
-2432
-2142
-1790
-1476
-1240
-1061
-867
-572
-178
223
546
773
939
1116
1362
1654
1915
2084
2158
2182
2214
2287
2373
2416
2387
2293
2144
1987
1870
1777
1663
1489
1234
937
669
464
290
84
-183
-494
-808
-1064
-1239
-1394
-1577
-1792
-2021
-2209
-2307
-2342
-2364
-2384
-2411
-2434
-2403
-2282
-2092
-1893
-1712
-1536
-1344
-1102
-785
-440
-126
167
449
716
999
1309
1612
1872
2075
2230
2351
2466
2571
2632
2633
2596
2507
2353
2179
2009
1807
1565
1304
1012
679
348
38
-262
-550
-822
-1098
-1385
-1649
-1861
-2023
-2134
-2211
-2294
-2375
-2412
-2392
-2309
-2167
-2013
-1889
-1770
-1605
-1390
-1136
-861
-601
-385
-192
24
284
561
809
1004
1159
1311
1480
1641
1775
1879
1947
1989
2025
2050
2041
1995
1933
1865
1790
1698
1557
1359
1159
995
840
648
418
159
-105
-355
-594
-818
-1011
-1207
-1452
-1724
-1948
-2085
-2155
-2219
-2316
-2428
-2500
-2497
-2414
-2273
-2116
-1979
-1846
-1674
-1430
-1117
-779
-458
-164
130
444
767
1093
1418
1722
1981
2181
2346
2504
2644
2741
2778
2764
2709
2612
2465
2281
2081
1853
1585
1298
994
648
288
-42
-346
-645
-948
-1259
-1561
-1813
-1999
-2157
-2308
-2425
-2494
-2536
-2545
-2511
-2431
-2300
-2145
-1996
-1832
-1621
-1374
-1123
-865
-595
-320
-65
178
436
699
944
1162
1352
1520
1685
1832
1939
2015
2083
2141
2156
2133
2095
2036
1953
1856
1741
1611
1463
1281
1069
861
665
462
248
29
-207
-463
-727
-957
-1122
-1266
-1454
-1691
-1913
-2053
-2115
-2154
-2211
-2278
-2319
-2320
-2277
-2175
-2018
-1849
-1697
-1549
-1363
-1113
-821
-521
-234
52
338
612
881
1162
1462
1743
1960
2127
2274
2404
2503
2572
2620
2629
2571
2445
2279
2104
1931
1735
1496
1222
914
565
203
-114
-361
-597
-891
-1239
-1583
-1842
-1980
-2068
-2175
-2306
-2436
-2533
-2542
-2436
-2265
-2124
-2035
-1950
-1807
-1575
-1279
-980
-721
-500
-306
-108
153
472
771
976
1100
1216
1373
1555
1716
1824
1883
1908
1905
1886
1884
1893
1875
1793
1663
1530
1406
1290
1176
1046
882
679
456
265
120
-17
-210
-456
-678
-833
-968
-1129
-1313
-1483
-1613
-1717
-1812
-1886
-1941
-1991
-2028
-2026
-1975
-1885
-1790
-1700
-1585
-1431
-1248
-1038
-796
-536
-289
-74
143
417
737
1040
1265
1437
1621
1829
2023
2177
2283
2351
2369
2338
2298
2261
2186
2050
1854
1618
1378
1148
909
651
370
35
-332
-629
-824
-1012
-1274
-1597
-1881
-2022
-2045
-2085
-2203
-2322
-2360
-2317
-2208
-2048
-1878
-1751
-1650
-1510
-1272
-947
-630
-407
-239
-46
188
440
707
974
1170
1258
1300
1394
1574
1768
1853
1799
1709
1673
1681
1689
1667
1604
1479
1292
1108
998
960
905
749
507
270
97
-15
-91
-174
-331
-598
-873
-1006
-1000
-1006
-1143
-1377
-1567
-1631
-1621
-1617
-1632
-1651
-1686
-1729
-1719
-1599
-1403
-1238
-1160
-1113
-995
-765
-491
-243
-19
177
331
491
728
1041
1323
1480
1542
1611
1750
1915
2029
2079
2076
1995
1859
1754
1721
1683
1540
1262
929
677
529
374
139
-146
-445
-750
-1005
-1145
-1217
-1343
-1568
-1806
-1927
-1889
-1811
-1803
-1820
-1786
-1714
-1625
-1484
-1274
-1040
-858
-744
-637
-442
-156
109
271
377
498
640
785
928
1064
1153
1163
1143
1177
1260
1301
1265
1193
1145
1121
1080
1020
977
932
831
694
609
594
573
471
302
152
89
70
4
-127
-265
-397
-526
-619
-660
-704
-822
-997
-1139
-1189
-1182
-1201
-1265
-1326
-1349
-1363
-1371
-1322
-1192
-1052
-984
-980
-931
-751
-484
-258
-120
-13
127
301
495
725
959
1120
1185
1228
1324
1463
1588
1659
1666
1616
1518
1418
1363
1352
1316
1167
907
648
475
374
268
105
-110
-339
-564
-769
-902
-927
-919
-1032
-1267
-1462
-1500
-1387
-1230
-1175
-1259
-1362
-1354
-1206
-968
-747
-656
-693
-709
-578
-321
-56
101
122
103
170
333
517
680
780
775
714
716
828
989
1097
1090
977
856
851
960
1064
1073
967
782
636
627
714
756
669
469
239
93
73
109
99
-23
-272
-574
-749
-691
-558
-595
-849
-1159
-1328
-1285
-1134
-1051
-1126
-1285
-1398
-1398
-1257
-1027
-861
-841
-881
-848
-685
-428
-177
-8
95
192
297
428
632
884
1066
1113
1104
1135
1225
1341
1425
1430
1373
1286
1196
1130
1087
1032
917
750
592
450
297
144
6
-113
-231
-370
-529
-674
-782
-865
-924
-939
-935
-987
-1110
-1210
-1164
-987
-834
-821
-917
-974
-881
-670
-452
-330
-324
-364
-356
-214
36
242
300
246
203
272
431
592
692
713
662
592
593
702
847
907
828
682
598
622
703
753
714
593
441
329
313
365
385
292
98
-83
-165
-158
-132
-159
-269
-448
-631
-703
-620
-509
-530
-711
-910
-958
-833
-675
-625
-694
-782
-804
-730
-587
-442
-346
-323
-343
-325
-219
-48
119
221
256
247
252
333
493
658
728
678
604
598
669
770
834
817
735
635
561
550
598
629
562
403
240
162
167
173
120
14
-121
-249
-335
-349
-330
-362
-473
-593
-640
-624
-619
-644
-659
-653
-632
-623
-637
-628
-555
-450
-381
-360
-347
-298
-205
-102
-17
51
107
149
191
250
326
392
439
476
495
480
463
486
543
574
544
475
412
386
389
387
365
321
252
159
84
70
95
99
38
-71
-168
-207
-189
-153
-142
-191
-297
-406
-423
-329
-236
-253
-362
-463
-474
-398
-316
-291
-315
-347
-368
-368
-326
-236
-152
-124
-155
-188
-160
-64
48
125
148
134
123
154
244
357
421
413
381
372
391
432
483
516
503
443
365
318
323
354
354
291
183
83
17
-10
-12
-14
-57
-154
-274
-360
-366
-306
-259
-295
-382
-457
-494
-457
-346
-245
-236
-306
-374
-363
-249
-98
-17
-34
-90
-111
-64
28
124
176
166
124
89
85
136
215
255
222
155
103
85
115
181
211
176
112
54
36
74
141
174
148
92
40
22
57
130
176
149
70
1
-12
34
91
98
51
-17
-94
-146
-125
-58
-32
-93
-201
-289
-308
-254
-184
-169
-215
-291
-347
-346
-274
-164
-96
-121
-205
-250
-183
-42
71
101
72
39
33
83
191
293
327
288
220
190
229
306
367
370
310
220
155
150
200
260
259
157
20
-50
-27
35
69
36
-56
-163
-221
-196
-111
-56
-98
-200
-272
-273
-218
-153
-123
-136
-184
-238
-248
-196
-111
-56
-76
-140
-178
-151
-84
-31
-1
4
-24
-62
-61
4
85
119
99
64
50
72
119
169
201
194
160
131
142
188
220
217
196
175
165
149
118
104
136
165
124
31
-31
-38
-16
7
6
-32
-111
-205
-237
-168
-69
-63
-164
-276
-313
-257
-156
-96
-110
-171
-231
-254
-202
-84
14
9
-73
-143
-129
-30
79
130
117
64
8
3
81
195
245
207
137
84
85
141
218
266
242
158
68
49
118
206
226
160
61
1
-5
32
77
90
50
-34
-117
-144
-104
-49
-40
-83
-146
-203
-239
-223
-161
-101
-101
-172
-258
-284
-220
-113
-49
-66
-129
-183
-184
-111
-3
68
60
0
-58
-53
32
137
187
167
106
51
51
117
204
244
219
150
81
65
114
187
229
203
120
32
-1
45
126
172
142
36
-71
-101
-41
51
90
39
-70
-172
-200
-138
-38
14
-41
-166
-266
-271
-187
-83
-35
-79
-184
-270
-272
-180
-47
31
-7
-125
-213
-176
-39
98
148
100
10
-49
-25
96
240
295
222
99
42
93
205
295
304
227
115
48
70
156
226
219
121
-1
-62
-36
30
70
55
-24
-131
-200
-181
-96
-28
-51
-154
-243
-252
-198
-130
-84
-94
-155
-217
-219
-157
-72
-24
-44
-103
-131
-100
-40
12
43
42
17
-9
-6
41
107
139
120
83
65
76
106
148
174
161
121
87
85
114
150
165
138
89
53
50
70
95
100
70
12
-29
-29
-6
9
-1
-35
-71
-102
-119
-108
-78
-61
-91
-142
-170
-167
-135
-91
-77
-104
-142
-156
-135
-86
-37
-22
-46
-75
-77
-38
20
58
59
37
23
28
58
103
136
129
98
73
78
109
139
149
125
86
65
67
85
99
96
69
28
2
3
18
31
23
-6
-44
-69
-67
-43
-18
-25
-68
-110
-117
-93
-56
-42
-67
-102
-116
-106
-89
-67
-48
-49
-72
-96
-98
-65
-22
-3
-14
-38
-53
-45
-10
38
63
46
15
3
25
69
105
114
93
68
64
81
107
131
136
116
84
66
73
95
111
102
70
35
16
15
26
36
21
-17
-50
-59
-60
-54
-55
-64
-77
-94
-115
-117
-102
-79
-73
-90
-107
-109
-94
-69
-51
-46
-48
-52
-46
-32
-15
3
13
18
18
18
19
31
48
62
67
56
42
40
53
72
80
71
54
40
35
50
63
61
48
30
19
21
24
25
25
15
1
-13
-20
-15
-10
-12
-21
-37
-49
-50
-47
-45
-44
-50
-58
-65
-66
-58
-51
-49
-45
-44
-49
-50
-40
-23
-12
-10
-10
-4
-1
4
14
29
44
45
35
34
37
49
64
70
66
55
41
38
44
60
75
62
28
3
8
29
47
36
12
-11
-28
-23
1
16
5
-24
-47
-44
-27
-15
-12
-20
-31
-42
-45
-38
-22
-10
-12
-28
-43
-36
-21
-13
-9
-10
-14
-22
-32
-23
-2
7
0
-15
-21
-11
-6
-2
7
11
6
-5
-13
-5
16
27
21
3
-4
6
19
20
20
20
17
12
8
11
19
21
19
15
8
2
1
6
18
16
0
-7
-8
-2
6
4
-3
-6
-6
-4
-7
-9
-2
2
0
-2
-8
-11
-6
1
8
9
-3
-15
-14
0
16
13
-2
-10
-10
