-10
-10
-9
-11
-10
-8
-6
-2
-2
1
0
0
-1
-2
-1
0
2
3
4
5
4
5
5
7
9
9
10
10
12
13
13
13
10
8
8
9
12
15
16
16
17
16
16
18
18
21
21
23
23
24
24
25
23
24
25
25
25
26
29
29
30
29
28
28
28
27
30
30
29
28
27
26
24
26
28
29
28
27
27
25
25
25
25
27
27
26
25
27
26
23
21
19
15
17
19
19
21
20
17
17
15
14
15
16
17
15
16
13
12
13
10
10
10
9
7
8
8
7
8
5
7
4
2
3
2
1
3
3
-1
0
-2
-3
-5
-6
-5
-7
-8
-8
-6
-8
-6
-5
-6
-8
-9
-10
-10
-9
-9
-10
-12
-14
-15
-18
-20
-20
-18
-17
-20
-19
-20
-21
-23
-25
-23
-23
-23
-22
-23
-24
-23
-25
-25
-23
-25
-25
-25
-25
-24
-23
-24
-24
-23
-24
-23
-23
-22
-23
-22
-20
-19
-20
-20
-21
-22
-21
-23
-23
-20
-19
-16
-17
-15
-15
-12
-13
-13
-13
-11
-11
-9
-8
-8
-7
-7
-4
-4
-4
-4
-5
-5
-6
-5
-4
-4
-4
-3
-2
0
1
3
4
5
6
9
8
10
10
10
10
11
11
12
14
14
14
13
14
13
12
13
13
12
11
11
10
9
10
12
15
17
17
17
17
17
16
18
17
18
19
19
22
22
23
24
22
23
21
19
19
18
17
17
16
15
15
15
15
13
15
17
17
17
17
19
17
18
19
18
18
18
17
17
17
14
15
14
12
9
11
8
6
8
8
8
7
5
3
2
2
2
4
3
4
4
1
-2
-5
-8
-10
-11
-13
-13
-16
-18
-20
-22
-22
-22
-24
-26
-30
-36
-41
-43
-43
-48
-52
-60
-67
-69
-72
-70
-69
-70
-71
-74
-75
-75
-75
-73
-73
-73
-78
-83
-85
-89
-90
-92
-94
-97
-102
-105
-108
-108
-104
-99
-97
-94
-93
-92
-88
-82
-73
-66
-62
-58
-56
-53
-46
-40
-31
-23
-18
-13
-8
-2
7
22
33
45
53
60
67
73
86
98
108
120
129
137
145
157
174
191
207
222
236
250
265
280
298
315
324
331
332
334
338
343
348
350
348
339
331
321
318
319
320
319
312
301
293
284
283
280
275
264
249
229
207
188
170
153
129
99
67
33
1
-23
-45
-67
-94
-124
-155
-180
-203
-224
-241
-263
-289
-315
-337
-354
-366
-375
-378
-381
-384
-383
-379
-370
-354
-333
-318
-303
-288
-274
-261
-246
-236
-228
-219
-216
-220
-222
-223
-226
-227
-230
-232
-238
-244
-246
-246
-241
-228
-219
-211
-202
-194
-181
-166
-149
-128
-113
-99
-90
-79
-63
-41
-12
14
40
62
87
115
145
179
214
243
265
285
302
317
336
355
373
383
386
387
389
388
393
400
404
401
394
392
384
377
366
355
335
304
266
222
173
127
82
32
-30
-100
-181
-257
-324
-381
-430
-480
-527
-579
-632
-675
-701
-706
-702
-698
-701
-710
-710
-697
-667
-632
-599
-568
-547
-528
-505
-463
-415
-370
-332
-310
-291
-276
-256
-228
-204
-189
-186
-191
-203
-217
-224
-225
-224
-228
-231
-231
-232
-220
-196
-163
-127
-88
-54
-23
10
49
94
143
186
227
255
276
296
320
348
374
401
422
436
441
450
465
485
507
528
542
549
557
568
586
609
634
652
662
669
679
697
727
768
807
842
871
897
926
959
1005
1050
1083
1101
1103
1102
1097
1097
1098
1095
1073
1029
976
912
856
809
761
696
607
504
390
281
188
106
17
-87
-217
-357
-487
-596
-668
-718
-767
-830
-897
-957
-993
-991
-958
-912
-879
-860
-846
-823
-776
-711
-634
-571
-538
-524
-521
-515
-491
-459
-435
-426
-441
-471
-492
-504
-502
-486
-484
-500
-540
-583
-618
-638
-631
-619
-619
-640
-678
-724
-753
-756
-733
-691
-654
-628
-615
-594
-557
-499
-421
-350
-296
-261
-240
-216
-174
-125
-87
-59
-64
-82
-94
-90
-62
-29
1
16
19
19
31
62
97
144
187
214
232
244
261
285
311
331
350
361
372
385
405
436
479
525
581
645
714
789
869
948
1026
1103
1171
1227
1272
1297
1299
1290
1267
1230
1179
1104
998
878
740
604
486
363
239
111
-32
-179
-318
-444
-545
-620
-678
-723
-765
-808
-838
-852
-835
-794
-743
-691
-650
-605
-559
-500
-430
-359
-296
-254
-222
-202
-175
-155
-138
-130
-145
-175
-214
-258
-293
-321
-346
-369
-395
-434
-466
-493
-504
-494
-479
-465
-451
-445
-435
-412
-389
-371
-353
-340
-323
-298
-276
-252
-232
-218
-207
-193
-172
-147
-121
-98
-84
-82
-79
-79
-78
-68
-64
-58
-60
-67
-77
-86
-89
-87
-81
-68
-53
-37
-16
5
36
71
107
153
211
272
330
380
423
474
531
587
656
724
783
842
898
964
1028
1095
1172
1239
1287
1313
1325
1314
1301
1281
1231
1152
1028
865
680
503
342
197
55
-126
-327
-532
-717
-848
-930
-966
-1001
-1035
-1091
-1152
-1172
-1145
-1062
-965
-875
-837
-825
-808
-777
-703
-608
-518
-472
-452
-454
-452
-413
-354
-292
-262
-260
-284
-310
-322
-320
-314
-325
-352
-396
-452
-490
-519
-518
-494
-467
-462
-468
-472
-473
-430
-360
-281
-220
-184
-172
-161
-140
-102
-39
8
36
37
21
17
35
78
129
181
218
232
254
275
314
371
422
463
497
518
525
539
561
591
629
656
655
650
653
675
716
765
814
855
896
929
966
1019
1104
1203
1285
1360
1415
1469
1531
1596
1660
1707
1757
1784
1797
1794
1772
1746
1695
1586
1403
1198
991
827
699
554
364
107
-203
-536
-805
-988
-1063
-1059
-1095
-1206
-1363
-1476
-1487
-1375
-1207
-1066
-975
-951
-947
-914
-831
-711
-601
-547
-547
-560
-551
-493
-409
-354
-358
-410
-469
-508
-518
-522
-528
-569
-656
-745
-839
-923
-970
-998
-1035
-1054
-1085
-1119
-1114
-1095
-1065
-1024
-991
-983
-931
-840
-763
-703
-683
-690
-704
-683
-649
-610
-571
-560
-550
-551
-541
-500
-435
-374
-323
-283
-251
-197
-140
-76
-17
42
95
138
180
208
244
283
340
388
433
471
487
499
518
550
596
666
722
756
791
833
893
965
1067
1178
1291
1419
1524
1626
1715
1794
1874
1929
1945
1960
1988
2007
2025
1958
1773
1534
1280
1081
976
887
728
506
184
-218
-568
-815
-907
-901
-906
-1027
-1236
-1418
-1471
-1321
-1090
-897
-808
-827
-861
-825
-678
-474
-281
-198
-249
-340
-391
-333
-176
-36
8
-42
-148
-232
-235
-187
-137
-131
-208
-349
-493
-598
-658
-692
-711
-741
-805
-891
-954
-986
-983
-925
-856
-831
-805
-749
-699
-611
-528
-497
-491
-465
-438
-401
-345
-336
-321
-316
-323
-306
-284
-250
-213
-180
-158
-118
-62
-8
46
93
124
160
205
255
295
322
341
341
362
389
429
492
528
563
592
627
673
750
831
894
978
1066
1149
1240
1328
1428
1537
1649
1749
1816
1878
1915
1938
1962
1975
1983
1994
1998
1917
1721
1466
1212
1022
928
848
677
418
86
-313
-661
-891
-1008
-1013
-1032
-1173
-1416
-1623
-1685
-1561
-1304
-1120
-1065
-1091
-1133
-1084
-918
-685
-500
-394
-429
-518
-542
-466
-303
-168
-137
-231
-352
-438
-427
-355
-301
-304
-398
-563
-719
-813
-854
-850
-854
-918
-1036
-1146
-1233
-1288
-1275
-1219
-1182
-1153
-1124
-1112
-1061
-963
-878
-831
-801
-778
-717
-632
-553
-482
-441
-417
-394
-345
-289
-215
-150
-93
-54
-37
-3
44
96
123
160
205
258
329
377
403
408
422
484
580
662
739
791
785
785
826
884
968
1082
1180
1255
1324
1384
1456
1539
1635
1761
1876
1997
2071
2097
2134
2158
2188
2201
2202
2178
2150
2108
2001
1787
1485
1220
977
825
736
575
339
41
-340
-771
-1089
-1273
-1311
-1262
-1297
-1443
-1618
-1668
-1569
-1366
-1162
-1064
-1025
-1009
-981
-879
-740
-606
-524
-572
-677
-706
-660
-534
-363
-311
-387
-467
-533
-579
-550
-515
-539
-607
-772
-973
-1121
-1193
-1221
-1246
-1321
-1439
-1518
-1577
-1591
-1557
-1540
-1488
-1450
-1432
-1342
-1235
-1124
-1028
-961
-966
-943
-857
-782
-690
-641
-608
-573
-560
-529
-510
-465
-376
-291
-233
-172
-92
-52
-22
21
87
165
253
354
397
429
432
398
402
449
515
567
632
652
673
732
801
920
993
1087
1161
1252
1402
1505
1632
1748
1873
1962
2030
2113
2177
2270
2383
2459
2483
2466
2425
2397
2299
2040
1654
1170
777
621
589
560
363
17
-431
-972
-1394
-1643
-1655
-1537
-1460
-1520
-1757
-1783
-1606
-1296
-853
-634
-606
-646
-679
-641
-461
-216
-47
49
-56
-204
-286
-247
-111
-92
-215
-452
-668
-792
-855
-812
-769
-829
-1009
-1306
-1547
-1586
-1477
-1263
-1116
-1104
-1205
-1299
-1348
-1323
-1139
-987
-806
-700
-739
-743
-707
-611
-516
-476
-490
-577
-568
-519
-402
-253
-142
-28
-328
-425
-215
31
405
648
740
538
445
348
325
910
1299
1477
1530
1361
1331
1439
1546
1492
1427
1297
1278
1324
1281
1259
1194
1142
1125
1220
1352
1567
1886
2125
2272
2381
2539
2785
3058
3266
3251
3301
3256
3153
3294
3277
3212
3128
2773
1880
603
-939
-2546
-3164
-3342
-3100
-2431
-2446
-2744
-3357
-3881
-3994
-3307
-1948
-1055
154
1040
1599
2550
2969
3277
3239
2614
1780
872
80
-545
-746
-961
-1253
-1625
-2217
-2675
-3076
-3322
-3434
-3326
-3000
-2656
-2150
-1777
-1399
-892
-550
-253
-76
-156
-326
-568
-1069
-1431
-1621
-1787
-1467
-1071
-1165
-1261
-1628
-2441
-2666
-2540
-2099
-1053
-62
463
676
609
87
-266
-519
-818
-856
-942
-920
-950
-972
-820
-713
-531
-391
-273
-122
80
405
662
913
1078
1055
997
884
770
711
782
855
881
1023
1098
1227
1421
1655
1877
2005
2253
2172
2024
2060
1853
1871
2192
2343
2563
2876
2779
2551
2476
2244
1966
2183
2373
2376
2760
2734
2345
2324
2063
1846
1921
760
-467
-1745
-3277
-3292
-2994
-2492
-2159
-2488
-3361
-4358
-4409
-4289
-2818
-764
169
1598
2665
3054
3870
3992
3549
3119
2154
1156
397
-562
-1382
-1816
-2393
-2886
-3275
-3702
-3767
-3856
-3793
-3376
-2927
-2127
-1405
-846
-349
-62
327
527
568
515
323
270
79
-162
-346
-845
-1488
-2002
-2762
-3399
-3400
-3284
-2787
-2411
-2040
-1629
-1561
-837
-428
0
747
891
1092
1103
1028
688
282
104
-797
-1370
-1511
-1990
-1987
-1636
-1557
-1198
-648
-336
139
514
700
1006
1037
1051
1131
1023
1162
1206
1034
1046
921
699
672
813
969
1157
1682
1740
1629
1827
1615
1730
2003
2197
2470
2571
2713
2631
2763
2948
3007
3224
3066
2765
2589
2427
2310
2378
2346
2048
2014
1866
418
-942
-2391
-4510
-4661
-3953
-3391
-2327
-1924
-2798
-3708
-3601
-3653
-2200
275
1405
2818
3999
4510
5442
5574
5010
4323
2886
1372
101
-1365
-2380
-2978
-3407
-3512
-3661
-3875
-3919
-3803
-3544
-3031
-2326
-1357
-409
245
859
966
1122
1454
1285
1189
687
97
-714
-1550
-1715
-2497
-2454
-2164
-2663
-2818
-3106
-3368
-3618
-2807
-2106
-1573
237
928
1445
2378
2130
1814
1554
973
410
-115
-578
-1108
-1637
-2067
-2263
-2295
-2176
-1745
-1423
-963
-228
342
949
1628
2003
2089
2173
1973
1612
1530
1498
1404
1443
1379
1169
1145
1079
1062
1101
1052
1102
1185
1485
1955
2319
2660
2859
2927
2928
3036
3231
3174
3175
3014
2508
2443
2209
2160
2711
2557
2501
2360
1619
1326
1116
1220
658
-580
-1712
-3895
-4518
-4090
-3594
-2361
-2284
-2735
-3607
-3899
-3413
-2372
78
1701
2845
4271
4741
5408
5599
4724
3871
2359
667
-540
-1955
-3167
-3989
-4572
-4754
-4708
-4670
-4557
-4283
-3940
-3327
-2545
-1690
-772
-74
424
661
809
902
791
591
114
-556
-1333
-2092
-2700
-3193
-3328
-3293
-3178
-3285
-3461
-3553
-3628
-3192
-2246
-1066
359
1820
2342
2548
2378
1696
1257
670
150
-522
-1063
-1612
-2480
-2786
-3044
-3170
-2533
-1950
-1438
-625
25
668
1450
2013
2422
2689
2632
2288
1860
1470
1131
984
1039
1062
955
933
975
935
1052
1165
1298
1512
1667
2088
2489
2858
3326
3583
3736
3594
3292
3230
2845
2883
3201
2877
2764
2384
2119
2065
2046
2245
1774
1668
1517
448
-936
-2364
-4153
-5181
-4120
-3159
-2436
-1466
-2166
-3712
-3922
-3755
-2835
93
2025
2928
4412
4899
5411
6043
5264
4069
2485
426
-1059
-2335
-3535
-4105
-4609
-4904
-4908
-5084
-4949
-4589
-4057
-3469
-2738
-1608
-605
190
847
963
893
1248
1221
933
736
-190
-944
-1413
-2117
-2492
-3065
-3351
-3526
-3824
-3659
-3450
-2813
-2228
-1569
-763
-375
718
1632
2115
2958
2747
2239
1788
751
-16
-813
-1329
-1901
-2562
-2635
-2949
-2636
-1926
-1423
-507
247
896
1648
2218
2643
2943
3025
2890
2512
2079
1727
1418
1322
1281
1072
868
721
625
733
1071
1360
1654
2018
2157
2613
3056
3189
3653
3655
3638
3628
3553
3641
3053
3092
2748
2021
2048
1480
1360
1349
1384
1565
1276
1795
1865
1131
-79
-2024
-4161
-5432
-4659
-3494
-2469
-1439
-2200
-3900
-4118
-4212
-3398
-377
1512
2525
3866
4469
5074
5737
5351
4122
2602
614
-1150
-2722
-4233
-4996
-5520
-5440
-4959
-4994
-4764
-4389
-4195
-3431
-2618
-1674
-457
331
934
1191
1219
1246
1199
951
323
-352
-1211
-1938
-2246
-2726
-3040
-3165
-3408
-3627
-3477
-3161
-2771
-2163
-1729
-1067
-300
748
2034
2766
3299
3060
2196
1405
526
-235
-883
-1506
-2148
-2729
-3059
-3019
-2787
-2154
-1338
-533
415
1165
1943
2575
2883
3165
3114
2840
2520
2068
1555
1111
873
582
405
429
476
724
1123
1497
1590
1682
1952
2101
2657
3341
3514
3863
3909
3674
3616
3387
3312
2979
2694
2526
2228
1752
1692
1695
1050
1211
1251
823
1470
1983
513
-853
-2524
-5426
-5678
-4378
-3443
-2079
-1708
-2994
-4044
-4131
-3919
-2376
-42
1248
2333
3537
4319
5173
5291
4555
3281
1329
-383
-1915
-3511
-4709
-5516
-5978
-5653
-5243
-5071
-4637
-4396
-4018
-3298
-2366
-1247
-290
450
829
866
983
1104
969
636
78
-715
-1450
-1950
-2604
-2910
-2924
-3251
-3064
-3117
-3736
-3418
-3107
-2900
-1698
-603
55
1229
2107
1978
2312
2427
1484
1152
743
-361
-881
-1238
-2168
-2681
-2851
-3086
-2771
-2068
-1429
-754
241
1056
1744
2549
2901
3016
2924
2524
1916
1445
1118
743
767
717
403
427
394
447
792
1019
1341
1726
2126
2508
3089
3502
3677
4167
4113
4045
4134
3616
3403
3088
2589
2472
2107
1960
2036
1808
1775
1631
1426
1235
1401
1914
1766
857
-752
-2947
-4246
-4114
-3159
-1679
-1218
-1708
-2890
-3960
-3590
-2814
-867
1480
2527
3310
4233
4820
5275
5282
4316
2991
1395
-338
-1826
-3207
-4443
-5099
-5116
-4772
-4355
-4039
-3727
-3326
-2746
-2108
-1161
-175
481
947
1108
1191
1330
1465
1360
835
-141
-1255
-2260
-2894
-3182
-3322
-3033
-2917
-2947
-2656
-2650
-2423
-1622
-1137
-363
977
1780
2639
3454
3393
2788
2326
1356
-52
-497
-1444
-2519
-2777
-3455
-3640
-3068
-2504
-1657
-790
-123
694
1447
2190
2802
3113
3199
2823
2301
1745
1163
739
617
371
109
97
-114
7
441
777
1095
1520
1796
1751
2178
2696
2897
3414
3766
3652
3773
3633
3233
2913
2500
2059
1728
1700
1376
1067
906
820
874
953
1559
1820
965
-490
-2556
-4863
-5463
-4540
-3359
-2045
-1784
-3017
-4157
-4472
-4394
-3073
-825
765
2019
3228
4176
5120
5538
5054
3918
2321
680
-922
-2391
-3720
-4778
-5229
-5335
-5187
-4981
-4984
-4590
-3950
-3230
-2180
-1205
-411
247
749
973
1077
1321
1248
957
644
-89
-747
-1233
-1833
-2574
-2887
-3138
-3754
-3327
-3233
-3305
-2493
-2040
-1538
-786
392
1070
1841
3003
2681
2502
2337
1208
627
159
-626
-1210
-1954
-2600
-3220
-3512
-2998
-2490
-1643
-524
275
1136
1984
2643
3099
3468
3559
3054
2474
1798
993
598
504
400
214
138
-89
-117
379
780
1342
1869
1891
2145
2678
3122
3731
4153
4180
4235
3772
3536
3324
2783
2760
2459
2362
2016
2029
1766
1341
1712
953
1079
1718
942
-397
-1995
-4229
-5405
-4649
-3218
-1910
-1385
-1910
-3514
-4223
-3961
-3036
-594
1699
2907
3713
4518
5220
5412
5060
4022
2443
956
-463
-1989
-3367
-4407
-4985
-5064
-4781
-4645
-4733
-4498
-4010
-3275
-2293
-1107
-119
556
1141
1156
1101
1168
997
808
517
-28
-741
-1478
-2056
-2761
-2890
-2819
-3134
-2921
-3138
-3495
-2887
-2155
-1623
-613
450
585
1205
2136
1959
2415
2594
1318
619
124
-945
-1531
-1780
-2624
-3243
-3174
-3060
-2570
-1787
-1012
-106
681
1612
2313
2632
3139
3006
2538
2174
1462
820
437
221
94
128
91
126
195
231
635
1067
1399
1769
2165
2554
3128
3733
3959
4218
4283
3790
3615
3614
3144
2881
2871
2207
1671
1657
962
703
788
428
593
1260
1579
332
-1126
-2997
-5191
-4827
-3357
-2026
-664
-944
-2432
-3457
-3661
-3004
-1175
1127
2385
3109
4020
4568
5032
4853
3706
2519
1020
-390
-1414
-2710
-3701
-4258
-4659
-4505
-4128
-4114
-4037
-3531
-3019
-2178
-837
164
831
1157
972
770
869
932
810
630
121
-445
-1063
-1785
-2113
-2397
-2583
-2229
-2297
-2471
-2366
-2457
-2150
-1629
-928
-287
673
1716
2065
2679
2619
2073
1569
557
-92
-566
-1047
-1352
-1780
-2397
-2640
-2547
-2291
-1676
-848
-156
537
1445
1878
2252
2641
2609
2354
2018
1552
981
653
396
119
105
128
62
229
469
726
976
1163
1259
1320
1964
2670
3307
3961
3873
3606
3127
2707
2479
2361
2522
2457
2331
1842
1446
904
725
923
707
809
1260
838
-1121
-2547
-4681
-6013
-4756
-3431
-2121
-1499
-2440
-4083
-4554
-4269
-3215
-590
1738
2743
3474
4095
4609
4937
4242
3228
2035
675
-432
-1741
-2988
-3970
-4602
-4659
-4620
-4716
-4834
-4715
-4120
-3230
-2208
-1121
-97
580
710
666
673
707
935
871
517
185
-281
-737
-1186
-1893
-2556
-2807
-3171
-3053
-2967
-3206
-2610
-2019
-1409
-614
244
908
1400
2268
2425
2513
2716
1944
1239
674
-201
-777
-1228
-1837
-2376
-2694
-2555
-2140
-1430
-451
329
1042
1802
2254
2546
2939
3028
2885
2613
2175
1665
1174
977
772
587
478
309
270
499
857
1201
1627
1835
2032
2470
2987
3528
3940
4176
4115
3971
3790
3496
3380
3182
2784
2316
1990
1835
1559
1441
1255
863
1041
1397
818
-586
-2347
-4601
-5450
-4015
-2462
-1168
-671
-2217
-4199
-4832
-4556
-2983
52
2161
2922
3715
4189
4717
4999
3991
2902
1806
544
-287
-1471
-2767
-3560
-4279
-4599
-4486
-4669
-4786
-4544
-4262
-3653
-2693
-1606
-401
365
542
464
467
619
767
643
303
-27
-427
-577
-839
-1305
-1731
-2253
-2810
-3531
-4116
-4133
-3544
-2477
-1284
-585
-310
-45
44
139
926
1644
1758
2020
1498
484
112
-515
-1375
-1818
-2352
-2827
-2709
-2407
-2058
-1525
-745
9
759
1447
1846
2106
2219
2178
1820
1540
1376
1107
999
888
621
265
169
119
122
586
965
1275
1530
1580
1889
2384
3058
3899
4232
4283
4063
3351
3049
3034
3026
3248
3297
2955
2429
2023
1706
1281
1162
1011
1118
1755
545
-1135
-3012
-5278
-4656
-3066
-1579
-603
-1402
-3130
-4616
-4571
-3609
-1235
1868
3102
3576
4143
4330
5007
4864
3673
2820
1746
847
-37
-1403
-2576
-3420
-3947
-4055
-4199
-4604
-4672
-4405
-3918
-2991
-1876
-770
234
536
399
461
614
1017
1305
1177
887
448
12
-480
-1239
-1919
-2431
-2763
-2833
-3055
-3225
-2883
-2558
-2358
-1633
-1015
-326
920
1605
1912
2334
2210
1714
1428
691
-125
-463
-1097
-1704
-2164
-2627
-2738
-2614
-2322
-1758
-1034
-246
616
1191
1569
1882
1954
1987
1971
1645
1399
1325
896
731
669
323
217
216
286
419
707
759
702
1152
1569
2430
3193
3306
3490
3016
2617
2526
2450
2795
2892
2858
2359
1723
1130
641
646
602
700
592
501
818
-205
-2163
-3579
-4974
-4728
-2870
-1710
-1289
-1824
-3584
-5153
-5222
-4228
-1941
1003
2261
2421
2635
2815
3400
3431
2663
2104
1521
832
-22
-1199
-2274
-2992
-3549
-4008
-4302
-4667
-4689
-4289
-3966
-3354
-2393
-1382
-555
-301
-374
-200
236
788
1154
1038
882
663
6
-709
-1468
-1943
-1706
-1610
-1882
-2255
-2844
-2920
-2410
-1821
-1056
71
936
1344
2029
2242
2163
2538
2166
1421
1237
708
143
-169
-898
-1631
-1916
-1867
-1672
-1216
-657
-116
603
1218
1675
1988
2285
2563
2570
2564
2364
2020
1835
1631
1549
1616
1600
1489
1286
1132
1113
1317
1658
1929
2300
2563
2821
3261
3378
3400
3418
3092
2908
3024
3327
3488
3416
3283
2413
1740
1653
1342
1598
2019
997
-1182
-3240
-5268
-5763
-3912
-2072
-1072
-1257
-3114
-5433
-6342
-5579
-3208
282
2472
3021
3137
2992
3290
3571
3193
2918
2595
1872
989
-310
-1492
-2166
-2809
-3350
-3886
-4503
-4897
-4843
-4716
-4401
-3533
-2638
-1827
-1362
-1439
-1259
-703
-87
612
803
618
550
300
22
-150
-541
-789
-1255
-2000
-2532
-3105
-3167
-2986
-2800
-2506
-1825
-1025
-647
9
-93
-206
799
1348
1807
2277
1657
1042
634
-286
-761
-961
-1180
-1158
-1243
-1452
-1387
-1134
-722
39
519
1042
1671
1788
1907
1971
1859
2096
2292
2056
1842
1506
1212
1381
1383
1365
1327
1184
1464
1780
2037
2288
2480
2586
2877
3276
3337
3636
3764
3410
3265
3151
3153
3408
3269
2680
2138
1643
1627
1353
-574
-2808
-4541
-5489
-4512
-2759
-1970
-1907
-2880
-5226
-6487
-5790
-3823
-639
1743
2295
2399
2593
2946
3427
3300
3116
3279
2910
2032
745
-746
-1553
-1943
-2657
-3220
-3688
-4103
-4140
-4185
-4209
-3734
-3043
-2472
-2121
-2144
-1916
-1228
-474
214
450
398
400
282
-27
-53
-185
-614
-864
-1581
-2093
-1900
-1840
-2047
-2192
-2419
-2660
-2009
-1295
-951
-259
25
2
321
347
545
978
1103
1046
439
-179
-550
-1016
-1173
-1110
-1128
-901
-587
-623
-561
-332
-187
256
696
958
1389
1611
1584
1503
1336
1250
1431
1606
1686
1798
1764
1646
1488
1460
1619
1863
2186
2561
2501
2492
2673
2440
2551
2952
3186
3603
3980
3489
3065
2737
2045
1925
2094
2160
2574
1932
-486
-2679
-4486
-5099
-3666
-1979
-1641
-2029
-3411
-5937
-6428
-5302
-3059
257
1668
1481
1419
1660
2497
3329
3292
3451
3643
3036
2266
1148
-64
-534
-1123
-2180
-2830
-3389
-3645
-3464
-3589
-3724
-3322
-2843
-2363
-2111
-2356
-2020
-1290
-633
31
291
231
200
132
22
204
368
427
145
-509
-800
-1347
-1810
-2120
-2703
-2615
-1912
-901
-425
-379
-962
-1901
-1644
-907
462
1959
2492
2268
1205
61
-446
-544
-168
359
366
45
-447
-1075
-1358
-1059
-397
337
1008
1257
1177
962
679
780
1054
1526
2074
2153
2079
1931
1726
1813
1968
2147
2434
2562
2634
2732
2748
2904
3020
2949
2779
2753
3004
3181
3569
3620
3258
3125
2656
2388
2506
2431
2746
2283
224
-1949
-3782
-4225
-2937
-1330
-907
-1894
-3650
-6201
-7279
-5927
-3478
-163
1925
1605
872
663
1156
2227
2933
3349
3597
3279
2392
1190
106
-329
-462
-1117
-1946
-2651
-3430
-3681
-3787
-3994
-3523
-2974
-2748
-2616
-2812
-2903
-2258
-1549
-1034
-744
-744
-668
-550
-481
-399
-180
-310
-565
-871
-1274
-1112
-1015
-1346
-1923
-2383
-2415
-2012
-1351
-943
-847
-1085
-1220
-1266
-1102
-206
509
863
1064
473
-333
-645
-832
-841
-496
-208
-160
-186
-422
-702
-698
-428
-7
364
644
756
721
662
587
621
907
1224
1401
1583
1702
1701
1996
2196
2182
2561
2620
2674
2961
2826
2885
2912
2686
2718
2930
2951
3026
3342
2985
2771
2896
2276
2173
2253
1874
2029
1021
-1038
-2552
-3433
-2863
-1439
-555
-1110
-2591
-4592
-6376
-5733
-3637
-1132
1137
1193
262
69
596
1856
2774
3070
3245
3104
2664
1948
1105
703
693
181
-771
-1570
-2338
-2730
-2829
-3147
-3087
-2675
-2402
-2236
-2455
-2701
-2404
-1774
-1207
-802
-772
-966
-887
-837
-677
-177
147
236
-47
-553
-977
-966
-1006
-1239
-1164
-1214
-1158
-1019
-1117
-1487
-1702
-1413
-1141
-530
172
296
459
491
44
-159
-38
148
263
300
117
-244
-315
-296
-258
6
315
481
542
559
515
510
713
736
804
1017
1094
1379
1519
1609
1704
1791
2104
2326
2801
3205
3422
3458
3252
3010
2714
2889
3085
3344
3520
3126
2692
2184
1928
2143
2320
2482
2382
2103
1687
170
-1627
-2883
-3199
-2116
-1000
-610
-1602
-3466
-5342
-6722
-5744
-3341
-890
632
-17
-1173
-1275
-256
1265
2193
2500
2580
2320
1772
1043
513
549
705
351
-457
-1336
-2027
-2436
-2822
-3170
-3050
-2674
-2490
-2600
-2956
-3106
-2750
-2250
-1891
-1580
-1498
-1332
-1383
-1674
-1389
-926
-397
-308
-598
-874
-1040
-496
-361
-674
-787
-1039
-1038
-1039
-970
-896
-900
-700
-1047
-1338
-1035
-566
3
246
-10
-393
-504
-262
-108
47
278
335
304
111
-45
5
237
566
570
611
788
896
993
825
661
736
988
1300
1484
1717
1836
1883
2136
2224
2610
3289
3650
3686
3503
3353
3188
3462
3705
3725
3914
3661
3388
3023
2738
2702
2730
2987
2606
2435
1485
-593
-1692
-2633
-2089
-618
-213
-704
-2596
-4412
-5784
-5708
-3683
-1730
-17
94
-970
-1125
-574
895
2109
2340
2600
2502
2152
1719
994
755
834
729
257
-503
-1250
-1877
-2349
-2789
-2942
-2680
-2427
-2392
-2702
-3164
-3215
-2884
-2493
-2178
-1933
-1693
-1385
-1573
-1951
-1779
-1479
-1085
-894
-1233
-1703
-1494
-1097
-1182
-967
-841
-1053
-993
-1083
-1612
-1524
-1011
-975
-905
-921
-915
-567
-332
-436
-774
-877
-609
-342
-297
-226
-151
-62
131
48
-94
117
334
353
348
268
434
781
929
824
647
655
787
1049
1212
1378
1578
1793
2034
2339
2928
3337
3622
3588
3281
3273
3480
3902
3924
4027
3888
3491
3587
3104
2676
2747
2648
2608
2665
1537
-309
-1390
-2037
-1559
-437
-110
-965
-2448
-4005
-5297
-4630
-2862
-1154
-79
-570
-1358
-1319
-250
1157
2000
2300
2436
2449
2274
1906
1410
1267
1331
1182
729
283
-338
-914
-1380
-2008
-2020
-1701
-1522
-1511
-2037
-2535
-2602
-2368
-2037
-1774
-1626
-1556
-1419
-1648
-1780
-1638
-1478
-1085
-1060
-1188
-1286
-1295
-1131
-1132
-811
-468
-73
136
-307
-782
-1178
-1103
-658
-550
-492
-490
-678
-700
-829
-974
-811
-574
-367
-306
-290
-245
-144
-40
-60
-10
140
337
470
377
256
300
347
477
600
527
684
781
751
893
993
1107
1404
1707
2032
2562
2954
2917
2758
2696
2744
3203
3795
3855
3645
3359
3090
2895
2844
2810
2688
2685
2528
2098
534
-914
-1594
-1789
-661
-139
-570
-1654
-3237
-4501
-5103
-4017
-2479
-1393
-1156
-2101
-2423
-1589
-325
728
1011
1010
1446
1833
1971
1680
1183
1036
984
887
658
373
-154
-922
-1723
-2262
-2052
-1659
-1530
-1805
-2344
-2666
-2626
-2396
-2283
-2115
-1932
-1874
-1971
-2001
-1964
-1925
-1699
-1759
-1994
-1814
-1478
-1468
-1406
-1396
-1581
-1072
-424
-241
-105
-263
-784
-994
-754
-545
-181
114
-146
-531
-740
-758
-641
-470
-343
-397
-320
-84
-27
-27
133
214
273
536
760
895
1016
982
834
857
1007
1093
1284
1301
1149
1162
1084
1166
1503
1900
2365
2752
2933
2867
2785
2953
3166
3471
4129
4222
4098
3952
3342
3143
3162
3313
3286
3184
2701
867
-509
-1281
-1378
-264
247
-442
-1807
-3172
-4208
-4325
-3226
-2247
-1555
-1445
-2240
-2468
-1646
-463
484
758
623
762
1278
1669
1609
1320
1131
1115
1072
1030
811
270
-344
-1010
-1472
-1437
-1158
-1177
-1513
-2074
-2607
-2643
-2361
-2170
-2005
-2129
-2220
-1995
-2235
-2233
-1930
-1798
-1559
-1428
-1600
-2053
-1654
-1374
-1486
-795
-667
-691
-413
-536
-887
-822
-357
-424
-434
-451
-767
-653
-412
-544
-729
-653
-560
-409
-211
-147
-253
-176
10
-41
81
219
212
237
323
212
300
646
632
777
781
718
756
844
1095
1133
1394
1460
1497
1785
2159
2590
2673
2762
2756
2841
3293
3621
3540
3473
3305
3094
3291
3254
3261
3140
2876
1943
403
-389
-940
-350
299
-13
-795
-2217
-3350
-4121
-3730
-2473
-1624
-1236
-1842
-2749
-2470
-1331
-241
498
470
372
715
1115
1373
1274
1265
1321
1334
1299
1166
956
484
-121
-705
-896
-645
-405
-587
-1154
-1809
-2312
-2304
-2130
-1831
-1648
-1714
-1840
-2155
-2131
-1897
-1470
-1300
-1529
-1648
-1725
-1478
-1258
-1019
-948
-937
-713
-841
-713
-436
-368
-380
-486
-615
-583
-169
13
-131
-255
-380
-386
-191
-85
-84
59
179
267
312
382
405
358
370
369
536
784
830
753
628
681
867
1034
1177
1134
1182
1256
1389
1514
1562
1770
1999
2332
2564
2657
2622
2525
2746
3102
3438
3774
3640
3256
3080
2966
3144
3327
3423
2866
1186
8
-616
-444
478
420
-436
-1871
-3184
-4031
-4060
-2925
-2126
-1857
-2204
-3087
-3092
-2042
-932
-279
-281
-430
3
617
999
887
671
754
880
1035
1040
885
446
-133
-632
-898
-684
-425
-484
-882
-1527
-2138
-2362
-2365
-2388
-2332
-2420
-2474
-2445
-2573
-2715
-2628
-2566
-2455
-1997
-1651
-1406
-1162
-1247
-1478
-1272
-751
-387
-39
-114
-670
-983
-1075
-986
-757
-479
-407
-634
-783
-1000
-1154
-944
-675
-451
-215
-87
-126
-216
-163
-129
-37
233
330
380
443
423
386
407
605
733
983
1240
1276
1254
1250
1343
1356
1669
1902
2007
2344
2458
2491
2480
2525
2772
3007
3353
3496
3415
3486
3292
3210
3290
3324
3621
2806
1497
670
16
579
1049
702
-106
-1452
-2464
-3164
-2758
-1778
-1329
-1267
-2118
-2752
-2122
-980
-37
146
-169
-56
501
1100
1337
1108
1096
1239
1378
1509
1461
1264
829
260
-243
-293
93
258
85
-464
-1177
-1557
-1657
-1730
-1728
-1614
-1622
-1743
-1995
-2197
-2277
-2332
-2014
-1803
-1741
-1392
-1407
-1708
-1699
-1446
-1116
-641
-241
-463
-679
-565
-792
-899
-683
-750
-665
-364
-483
-787
-912
-1021
-1087
-757
-431
-298
-191
-245
-413
-476
-234
-52
90
316
268
191
219
221
294
479
634
590
540
673
734
975
1146
1078
1138
1149
1410
1714
1869
2117
2182
2137
2367
2555
2627
2953
3011
2758
2773
2985
3000
3122
2471
808
183
-24
192
879
532
-606
-1922
-2934
-3747
-3152
-1985
-1689
-1680
-2685
-3509
-2863
-1597
-585
-287
-545
-558
-40
496
854
772
748
961
1073
1227
1412
1273
835
335
-226
-185
270
480
329
-284
-970
-1383
-1343
-1341
-1337
-1400
-1754
-1706
-1675
-1751
-1521
-1623
-1879
-1771
-1655
-1338
-817
-612
-804
-1003
-927
-765
-189
317
104
-52
-316
-568
-437
-347
-235
-169
-100
-220
-475
-645
-742
-640
-385
-114
57
152
141
79
39
100
281
537
741
712
699
645
653
908
977
1059
1149
1148
1178
1264
1296
1265
1527
1652
1700
1857
1949
2024
2235
2504
2459
2534
2677
2658
2765
2757
2746
2834
2956
3135
2373
1156
457
-51
434
1042
721
-112
-1578
-2696
-3493
-3165
-2063
-1606
-1480
-2404
-3390
-3172
-2243
-1120
-653
-768
-819
-532
-8
359
332
310
384
518
736
887
849
490
2
-494
-547
-189
64
-2
-545
-1227
-1644
-1666
-1450
-1256
-1374
-1780
-2187
-2454
-2337
-2008
-1840
-1812
-1819
-2008
-2055
-1952
-1864
-1538
-1193
-973
-934
-880
-844
-978
-883
-813
-684
-369
-403
-652
-879
-964
-781
-531
-485
-598
-664
-600
-492
-349
-252
-129
13
130
211
186
287
290
230
346
466
761
1027
1017
876
729
813
1130
1442
1739
1781
1655
1660
1601
1847
2237
2508
2738
2674
2669
2639
2745
3011
3011
3077
2909
2899
3129
3290
3340
2196
1029
362
211
1094
1485
1130
-134
-1693
-2667
-3078
-2051
-1042
-756
-1061
-2278
-2893
-2261
-1115
-98
170
-111
-206
-1
472
787
862
965
987
1109
1220
1312
1176
769
267
-100
82
436
713
445
-309
-994
-1372
-1280
-1121
-913
-1143
-1540
-1728
-2080
-2081
-1993
-1815
-1694
-1682
-1528
-1716
-1567
-1338
-1309
-1026
-827
-684
-627
-599
-668
-836
-710
-669
-784
-757
-793
-845
-772
-819
-995
-1037
-878
-753
-662
-579
-637
-599
-483
-398
-248
-106
55
125
36
17
71
314
603
727
755
675
654
852
989
1237
1416
1415
1501
1474
1537
1620
1771
2042
2191
2525
2618
2568
2619
2547
2565
2705
3016
3138
3314
2941
1687
894
291
399
980
1074
628
-748
-1932
-2951
-3273
-2299
-1710
-1343
-1611
-2550
-2871
-2626
-1767
-918
-400
-20
-49
20
191
223
555
863
1090
1195
1224
1163
892
696
364
158
279
335
319
61
-373
-813
-1131
-1173
-1284
-1586
-1714
-1754
-1927
-1704
-1641
-2048
-2119
-2033
-1933
-1522
-948
-936
-1112
-960
-1132
-894
-180
69
52
-54
-377
-644
-510
-367
-460
-410
-337
-522
-655
-773
-991
-970
-730
-556
-474
-347
-342
-473
-420
-309
-120
199
382
341
279
289
437
742
941
1077
1067
1032
1131
1256
1441
1623
1757
1789
1855
1927
2005
2201
2457
2752
2778
2837
2792
2642
2721
2868
3119
3255
3309
2451
1160
372
-133
205
974
1076
175
-1254
-2726
-3750
-3359
-2282
-1417
-996
-1524
-2548
-2948
-2539
-1590
-519
216
423
196
70
-31
174
755
1180
1419
1333
1084
710
432
322
192
226
262
146
-66
-394
-770
-1127
-1327
-1400
-1340
-1239
-1300
-1496
-1664
-1743
-1764
-1741
-1764
-1742
-1618
-1334
-1130
-1055
-1090
-1247
-1289
-1154
-827
-519
-352
-444
-823
-1082
-1123
-999
-679
-507
-573
-775
-1054
-1233
-1277
-1104
-812
-614
-477
-488
-627
-654
-548
-367
-83
160
278
294
231
187
213
391
629
765
802
739
654
716
843
1029
1199
1340
1455
1516
1685
1863
2058
2388
2539
2645
2743
2713
2686
2742
2863
2936
3142
3016
2277
1442
587
72
188
560
685
217
-693
-1963
-3006
-3103
-2643
-1849
-1093
-1052
-1473
-1920
-2127
-1809
-1028
-98
488
691
598
299
251
499
812
1080
1176
1044
855
696
523
441
394
321
256
191
82
-72
-212
-358
-520
-612
-720
-906
-1036
-1081
-1072
-970
-836
-864
-1042
-1131
-1223
-1225
-913
-618
-402
-175
-192
-429
-540
-509
-428
-211
-75
-258
-504
-692
-853
-840
-716
-725
-838
-979
-1142
-1169
-1006
-814
-678
-589
-547
-505
-393
-269
-164
-90
-34
44
123
184
269
309
301
292
254
297
407
541
687
772
843
903
990
1102
1245
1423
1591
1769
1916
2044
2143
2196
2255
2316
2399
2480
2550
2631
2620
2521
2275
1922
1607
1369
1316
1318
1168
852
357
-281
-853
-1226
-1393
-1254
-1072
-1185
-1559
-2032
-2335
-2211
-1763
-1368
-1184
-1227
-1372
-1384
-1166
-776
-417
-205
-216
-386
-485
-396
-143
84
174
94
-94
-253
-263
-241
-214
-150
-240
-383
-545
-739
-851
-888
-853
-858
-955
-1075
-1287
-1455
-1475
-1463
-1381
-1331
-1378
-1462
-1507
-1395
-1237
-1089
-1008
-1107
-1200
-1161
-1032
-782
-571
-507
-547
-630
-666
-590
-419
-241
-99
-57
-61
-61
-11
88
188
282
319
376
485
553
638
677
651
670
713
816
926
1013
1095
1124
1168
1284
1412
1614
1871
2108
2321
2489
2569
2593
2659
2790
2943
3167
3281
3104
2793
2386
1974
1794
1808
1791
1626
1283
682
12
-430
-638
-601
-471
-511
-850
-1255
-1535
-1564
-1299
-1011
-892
-948
-1094
-1152
-1026
-771
-505
-356
-353
-413
-435
-352
-166
25
128
93
-24
-145
-204
-189
-149
-154
-240
-387
-561
-694
-780
-809
-806
-813
-839
-911
-995
-1063
-1096
-1029
-929
-881
-876
-950
-1028
-1061
-1039
-983
-976
-1010
-1070
-1133
-1149
-1142
-1111
-1094
-1081
-1054
-1031
-967
-879
-766
-665
-604
-548
-477
-353
-215
-111
-27
2
29
103
200
278
345
411
461
533
625
690
745
825
896
961
1071
1164
1258
1383
1474
1557
1642
1743
1819
1905
1988
2025
2078
2107
2045
1862
1638
1424
1280
1259
1206
1059
801
457
37
-320
-550
-664
-614
-580
-704
-1031
-1372
-1550
-1473
-1130
-842
-763
-861
-1065
-1140
-1016
-692
-332
-130
-144
-340
-525
-504
-279
25
194
122
-97
-297
-350
-271
-120
-26
-75
-216
-398
-546
-584
-494
-364
-318
-326
-425
-561
-625
-616
-548
-434
-324
-305
-381
-483
-581
-578
-476
-402
-417
-509
-645
-732
-710
-623
-534
-513
-556
-622
-625
-544
-398
-240
-154
-143
-147
-124
-68
48
168
264
344
381
378
357
361
427
544
664
760
767
753
766
781
884
1008
1121
1217
1293
1383
1476
1623
1726
1764
1780
1752
1790
1881
1982
1996
1829
1524
1165
906
850
914
927
755
399
-97
-549
-802
-867
-745
-604
-666
-935
-1261
-1496
-1470
-1215
-942
-797
-803
-922
-1000
-936
-757
-527
-357
-334
-443
-570
-599
-483
-322
-248
-291
-453
-645
-733
-720
-644
-552
-555
-646
-803
-972
-1039
-993
-838
-687
-602
-623
-709
-785
-800
-690
-521
-352
-240
-253
-347
-458
-494
-427
-305
-223
-262
-369
-515
-598
-597
-560
-505
-474
-500
-579
-635
-651
-597
-494
-400
-344
-313
-292
-267
-229
-181
-101
11
137
222
262
275
308
392
521
655
769
862
921
972
1036
1128
1239
1334
1445
1552
1644
1733
1788
1824
1852
1895
1941
1965
2009
1962
1812
1628
1383
1200
1135
1112
1021
844
557
183
-111
-317
-408
-377
-372
-486
-716
-948
-1071
-980
-765
-610
-563
-645
-736
-724
-587
-374
-173
-59
-89
-191
-274
-259
-121
42
108
43
-113
-246
-299
-282
-220
-195
-223
-310
-453
-576
-640
-630
-566
-506
-499
-556
-628
-676
-689
-618
-513
-435
-391
-407
-452
-462
-407
-332
-276
-273
-334
-386
-394
-380
-375
-398
-453
-510
-551
-574
-581
-592
-607
-627
-662
-671
-646
-607
-550
-508
-495
-475
-437
-378
-291
-186
-88
-20
43
92
149
240
374
532
677
797
874
920
988
1104
1251
1416
1544
1597
1610
1611
1611
1649
1703
1733
1702
1544
1326
1085
907
816
767
687
511
252
-63
-340
-520
-609
-584
-541
-610
-790
-1009
-1138
-1075
-862
-667
-579
-626
-729
-753
-649
-441
-232
-96
-77
-152
-201
-169
-37
115
199
176
76
0
-38
-38
-14
-21
-53
-95
-162
-228
-301
-342
-342
-323
-273
-249
-251
-269
-270
-241
-194
-112
-39
-7
-1
-23
-26
-2
13
23
0
-36
-85
-119
-146
-188
-237
-294
-336
-377
-413
-448
-495
-540
-576
-579
-557
-530
-506
-514
-521
-519
-491
-419
-335
-242
-175
-127
-79
-29
54
157
286
412
522
609
671
725
785
891
1011
1135
1232
1270
1269
1240
1226
1239
1269
1300
1280
1195
1033
833
667
561
517
475
376
204
-24
-266
-448
-539
-537
-507
-527
-633
-805
-945
-977
-878
-720
-612
-597
-658
-723
-713
-606
-441
-294
-217
-220
-266
-286
-242
-148
-52
-1
-7
-42
-59
-69
-70
-74
-95
-107
-115
-126
-139
-162
-200
-230
-232
-217
-184
-138
-114
-112
-117
-135
-115
-60
5
69
95
80
42
5
-12
-3
28
46
23
-40
-120
-184
-211
-207
-188
-202
-255
-322
-389
-419
-408
-370
-337
-330
-352
-383
-379
-345
-281
-202
-150
-114
-78
-28
43
123
215
301
386
479
578
662
728
784
825
880
943
1004
1053
1058
1024
969
933
909
909
909
833
708
550
401
310
260
214
130
-2
-181
-352
-463
-521
-531
-529
-560
-635
-713
-766
-759
-692
-611
-554
-531
-534
-533
-496
-432
-355
-279
-225
-201
-184
-169
-146
-106
-65
-41
-17
-6
-19
-33
-40
-59
-67
-53
-67
-78
-80
-98
-101
-90
-82
-69
-59
-62
-55
-38
-34
-27
-14
-6
8
24
27
21
1
-15
-20
-15
-7
-3
-16
-47
-78
-96
-103
-103
-94
-105
-118
-136
-154
-151
-150
-139
-127
-111
-93
-76
-56
-33
-6
20
57
103
156
215
262
296
330
362
406
451
498
524
542
567
582
603
630
653
651
640
620
591
575
553
527
487
422
353
284
233
193
160
116
54
-15
-94
-160
-198
-226
-240
-262
-299
-330
-349
-348
-336
-321
-311
-305
-302
-299
-294
-286
-273
-258
-249
-243
-243
-243
-238
-232
-220
-202
-195
-190
-191
-201
-212
-203
-182
-173
-163
-164
-181
-181
-162
-133
-94
-65
-61
-65
-66
-60
-48
-26
-14
-15
-24
-34
-34
-35
-37
-34
-36
-45
-58
-70
-76
-87
-90
-87
-88
-95
-104
-111
-114
-110
-102
-90
-81
-76
-65
-59
-45
-28
-14
7
29
50
73
100
125
148
168
191
213
237
269
288
305
316
324
343
368
394
407
413
406
397
395
397
405
401
384
345
294
258
235
213
195
154
96
41
-8
-46
-65
-77
-102
-134
-177
-226
-246
-244
-239
-239
-256
-283
-300
-301
-291
-283
-285
-291
-302
-308
-306
-300
-288
-277
-274
-280
-281
-271
-258
-237
-225
-212
-202
-194
-188
-175
-152
-129
-102
-80
-58
-37
-21
-1
22
49
69
84
99
108
123
141
160
170
170
168
161
160
161
162
156
147
140
132
125
116
104
94
85
74
62
49
39
31
25
25
25
21
17
6
0
-3
1
16
19
18
13
9
8
16
35
49
59
64
68
71
84
105
125
148
151
141
132
121
118
123
131
129
120
99
81
80
78
83
83
64
34
-5
-25
-29
-22
-27
-34
-61
-96
-118
-129
-119
-105
-93
-101
-121
-139
-145
-135
-122
-113
-112
-120
-123
-115
-105
-101
-97
-93
-95
-99
-100
-89
-82
-79
-80
-82
-76
-72
-68
-59
-49
-49
-45
-31
-32
-31
-23
-15
-8
-1
1
0
9
10
19
30
33
38
35
29
22
26
24
11
9
3
1
-1
-1
4
3
-1
-10
-12
-20
-27
-20
-15
-16
-17
-24
-25
-29
-32
-26
-14
-6
5
16
19
27
36
45
53
63
75
78
81
90
101
107
114
131
140
145
144
148
150
152
156
162
160
147
142
140
133
134
139
140
132
113
97
81
61
47
42
35
27
26
9
-11
-25
-33
-35
-36
-38
-45
-59
-80
-91
-88
-90
-89
-90
-99
-110
-108
-99
-88
-86
-92
-97
-103
-100
-94
-86
-79
-74
-73
-77
-80
-79
-75
-67
-59
-56
-56
-53
-52
-53
-45
-42
-36
-28
-29
-37
-42
-40
-38
-31
-24
-22
-25
-36
-37
-33
-33
-32
-32
-39
-47
-48
-45
-40
-35
-33
-34
-35
-36
-38
-35
-31
-32
-33
-31
-30
-25
-21
-16
-10
-3
2
7
12
19
25
27
29
29
37
46
50
56
60
62
61
62
67
72
78
84
84
82
75
68
66
66
71
74
76
67
62
60
57
61
59
60
59
55
43
32
26
21
21
15
3
-7
-17
-19
-18
-23
-32
-41
-49
-52
-51
-54
-54
-49
-50
-49
-51
-48
-46
-43
-41
-43
-43
-44
-44
-44
-43
-39
-28
-18
-17
-13
-12
-12
-10
-8
-4
-5
-5
-9
-7
-6
-5
-6
-9
-11
-11
-12
-14
-10
-12
-14
-16
-17
-12
-9
-10
-10
-10
-10
-13
-7
-7
-8
-5
-6
-5
-2
1
3
5
9
11
12
14
19
22
20
27
32
37
44
45
49
51
49
50
52
54
55
60
65
67
68
70
68
69
72
75
74
72
73
66
64
67
65
62
64
64
62
57
52
47
42
38
34
36
31
23
19
15
12
5
-2
-11
-18
-27
-34
-39
-44
-50
-52
-58
-67
-73
-77
-79
-84
-83
-82
-84
-86
-85
-82
-84
-85
-78
-73
-71
-74
-77
-75
-74
-73
-68
-61
-61
-59
-55
-59
-57
-52
-48
-48
-50
-50
-48
-47
-46
-46
-45
-50
-48
-45
-46
-47
-38
-32
-33
-32
-29
-27
-28
-28
-21
-20
-21
-19
-16
-14
-13
-9
-1
-1
-1
4
8
13
13
13
16
18
22
27
32
34
39
43
48
53
59
62
63
62
63
68
65
68
75
75
75
84
93
93
95
96
94
99
102
102
96
92
84
77
80
79
84
89
82
74
69
64
64
71
72
74
68
50
40
35
31
33
37
31
25
18
9
5
1
-4
-6
-13
-19
-24
-27
-26
-27
-30
-33
-35
-38
-40
-45
-46
-45
-49
-52
-52
-60
-63
-60
-60
-61
-58
-58
-57
-61
-64
-65
-67
-69
-69
-73
-80
-79
-77
-77
-73
-70
-67
-63
-64
-61
-61
-59
-59
-59
-55
-55
-54
-49
-45
-42
-38
-33
-31
-29
-25
-24
-23
-23
-21
-22
-19
-15
-10
-9
-7
0
8
13
16
24
27
26
26
30
35
37
45
49
55
57
59
65
68
72
73
71
71
70
67
64
64
65
63
62
61
64
64
59
56
53
48
48
49
49
44
34
31
31
28
27
32
29
25
19
18
22
21
13
8
4
-4
-8
-5
-7
-12
-15
-16
-20
-25
-24
-24
-24
-30
-36
-36
-36
-37
-35
-39
-44
-46
-49
-52
-53
-54
-56
-58
-62
-62
-61
-62
-64
-63
-60
-61
-60
-59
-60
-64
-66
-64
-62
-61
-59
-58
-60
-60
-57
-49
-44
-42
-43
-42
-39
-36
-31
-25
-17
-15
-19
-21
-19
-15
-9
-3
1
3
3
6
9
8
13
18
24
26
26
31
33
32
36
40
43
46
46
44
47
52
58
63
62
63
66
63
62
60
63
66
63
58
56
53
48
49
53
54
52
52
51
46
41
42
42
42
39
38
34
30
30
29
29
30
26
22
21
16
15
18
20
16
12
10
6
9
11
14
16
11
6
0
-8
-12
-14
-10
-9
-12
-11
-13
-13
-12
-13
-14
-16
-20
-23
-27
-28
-31
-33
-35
-37
-37
-38
-34
-31
-28
-25
-26
-29
-32
-34
-36
-38
-34
-32
-33
-32
-29
-29
-29
-27
-21
-18
-18
-14
-14
-14
-14
-17
-16
-12
-7
-4
-2
1
2
2
0
2
5
5
6
6
7
9
10
14
15
13
16
18
19
20
19
18
14
10
7
5
6
8
12
12
10
14
12
9
5
5
4
0
1
0
-3
-3
-2
1
5
7
7
10
8
5
7
4
2
0
-1
-4
-3
-3
-4
-1
-1
-1
-2
-3
-3
-6
-6
-7
-11
-13
-16
-14
-13
-12
-11
-14
-12
-12
-16
-16
-15
-14
-17
-17
-18
-19
-16
-12
-8
-11
-13
-12
-11
-8
-6
-10
-12
-16
-17
-15
-12
-8
-8
-9
-8
-10
-11
-5
-1
0
-1
-3
-4
-6
-4
-3
0
7
11
11
12
12
13
16
17
16
13
12
12
13
13
15
19
22
20
21
23
26
23
24
23
18
17
18
16
17
19
23
25
24
23
20
20
16
17
14
11
12
12
15
13
10
11
12
13
14
16
10
8
10
9
6
8
10
11
13
11
10
8
11
10
13
16
12
8
5
4
2
1
2
2
2
-1
-3
-5
-5
-6
-8
