SAMPLES:	8841
BITSPERSAMPLE:	16
CHANNELS:	1
SAMPLERATE:	16000
NORMALIZED:	FALSE
18
19
18
16
15
15
17
15
6
3
1
0
7
12
13
11
12
15
18
10
0
-2
-6
-3
5
8
6
1
-3
-6
-8
-14
-10
-7
-1
7
8
4
2
-1
-7
-7
-5
-2
3
4
4
3
-6
-7
-3
-3
1
2
-3
-6
-4
-2
-2
-2
-1
2
6
7
2
-4
-7
-10
-10
-6
-3
3
6
4
4
7
7
9
6
4
6
5
7
6
3
6
5
2
2
3
6
6
7
8
7
9
8
5
-2
-3
0
-1
2
0
-5
-10
-13
-14
-16
-14
-11
-10
-4
1
3
2
-2
-3
-4
-3
-5
-6
-5
-5
-8
-7
-4
-1
1
-1
2
3
2
1
5
9
10
9
11
14
15
10
3
-1
-1
0
1
2
3
3
-1
4
7
5
2
-2
-2
-4
-7
-6
-9
-12
-10
-9
-11
-13
-19
-21
-20
-12
-8
-12
-14
-19
-22
-22
-26
-24
-20
-17
-12
-16
-21
-22
-21
-15
-10
-4
-8
-6
0
0
4
5
3
-3
-4
-2
-1
-1
0
1
-1
-4
-2
6
6
2
4
9
13
13
10
10
7
2
2
2
3
4
5
-1
3
5
-3
-6
-6
-7
-4
-3
0
3
7
12
14
17
16
12
8
6
7
5
5
6
4
4
7
10
11
11
10
13
18
21
21
21
20
19
17
17
15
13
13
13
17
15
17
19
25
28
22
26
31
30
24
20
16
15
19
14
12
11
13
13
9
2
-2
-1
3
6
10
12
15
18
15
11
5
8
10
8
3
4
2
-3
-3
-2
2
5
11
7
1
1
-1
-1
-4
-7
-6
-4
3
1
-9
-16
-17
-11
-5
-2
1
10
18
17
10
3
-4
-7
-3
-2
0
1
-3
0
-3
-6
-12
-14
-15
-17
-15
-11
-9
-11
-17
-25
-25
-24
-21
-22
-24
-25
-25
-18
-14
-11
-9
-13
-19
-23
-26
-23
-21
-22
-17
-16
-18
-20
-13
-6
-8
-10
-11
-9
-9
-5
-4
-7
-9
-8
-1
-2
-12
-15
-15
-8
-4
-6
-9
-8
-5
-8
-6
-3
3
8
8
7
6
9
11
12
9
1
0
7
7
2
1
-2
2
1
0
3
11
16
14
11
6
7
5
-1
-5
-5
1
3
-1
-8
-7
5
8
6
7
10
9
8
5
1
-3
-4
5
13
12
-1
-7
-10
-4
3
0
-4
-5
-3
-1
2
5
11
12
5
5
9
9
10
6
1
-2
-1
-1
-2
2
2
-5
-16
-22
-13
-6
-7
-4
5
7
4
-1
-5
-9
-7
-2
-5
-11
-8
0
0
2
4
6
5
6
5
7
5
-2
-1
-4
3
12
20
18
16
12
6
5
1
1
8
8
6
9
5
1
6
8
9
10
2
-6
-4
0
1
-1
1
-7
-13
-13
-9
4
9
1
-14
-14
-9
-4
-5
-7
-1
-5
-7
-4
-6
-5
-5
-2
0
-2
0
-4
-7
-7
-5
-4
-12
-6
1
6
6
-1
-3
1
7
8
1
-3
5
8
-1
-7
-6
-4
-5
-12
4
6
6
11
12
9
11
20
19
14
14
9
6
-5
1
6
-12
-3
4
5
4
0
2
2
3
13
7
-2
0
1
2
6
20
23
7
-4
-3
-2
1
6
10
3
6
13
-1
3
9
17
16
2
7
12
9
10
11
5
-1
5
7
0
8
5
-9
-17
-17
-10
-6
-7
9
7
-10
-10
-14
-6
-6
-11
-17
-31
-18
-14
-12
-15
-17
-11
-13
-11
-6
-9
-13
-15
-16
-26
-27
-27
-36
-42
-37
-25
-32
-39
-42
-25
-21
-22
-9
-1
-8
-10
10
8
23
27
28
19
15
43
31
19
14
0
2
-8
10
36
-3
-10
-1
5
-3
-16
-6
-21
-6
6
6
-6
-9
4
-23
-35
-7
-9
-8
-18
-10
5
3
9
14
1
29
26
-12
-5
-11
0
-29
-52
-41
-79
-60
-46
-71
-54
-72
-51
-70
-103
-55
-50
-64
-53
-53
-41
-42
-28
-25
-23
26
63
35
12
46
52
15
-6
43
58
39
43
61
69
81
113
87
64
95
143
93
57
86
91
102
64
90
84
63
128
124
94
114
142
152
81
95
163
126
83
115
114
124
115
76
134
94
113
118
48
68
70
106
91
80
110
112
151
124
155
154
116
126
129
116
92
68
113
98
39
110
92
44
7
10
71
42
2
43
-59
-67
-16
-93
-104
-137
-120
-110
-171
-114
-104
-234
-175
-132
-154
-175
-199
-156
-191
-204
-138
-189
-232
-162
-176
-215
-266
-174
-162
-290
-252
-227
-216
-256
-246
-216
-253
-257
-185
-234
-248
-193
-206
-229
-182
-112
-94
-143
-78
33
-32
6
36
71
123
107
129
119
190
229
231
201
229
365
258
282
350
245
412
311
279
376
256
472
374
286
439
307
290
377
312
386
328
363
442
282
297
365
224
234
284
184
130
69
164
71
-39
13
-6
-112
-240
-185
-280
-434
-384
-460
-481
-556
-627
-585
-838
-807
-777
-816
-788
-857
-836
-915
-885
-812
-803
-779
-763
-677
-699
-654
-611
-631
-576
-552
-484
-466
-497
-457
-384
-338
-360
-350
-225
-144
-115
-85
46
162
249
313
335
411
509
739
873
934
1068
1227
1333
1394
1385
1585
1669
1839
1845
1911
1940
2027
2199
1923
1967
1695
1695
1634
1535
1499
1127
829
531
201
-59
-371
-511
-891
-1132
-1180
-1423
-1541
-1724
-1745
-1846
-1947
-1815
-1542
-1505
-1493
-1336
-1108
-851
-695
-512
-405
-234
27
113
232
346
342
427
340
374
269
129
56
-164
-512
-809
-826
-968
-1240
-1523
-1688
-1740
-1767
-2055
-2109
-1967
-1811
-1790
-1842
-1627
-1304
-1127
-977
-796
-643
-500
-144
109
210
348
408
519
558
750
893
747
685
833
771
746
755
729
704
554
597
653
799
1014
1144
1069
1099
1576
1828
1760
1919
2084
2736
2834
2989
3088
2856
3294
3144
3400
3052
2601
2581
2233
1950
1435
725
614
559
-8
-920
-1682
-1663
-1519
-1819
-2518
-2789
-2568
-2284
-2714
-2937
-2588
-1842
-1642
-2035
-1815
-1196
-478
-278
-375
-92
337
735
816
488
542
670
891
809
372
181
-390
-767
-918
-1061
-1059
-1587
-2109
-2410
-2511
-2559
-2685
-2726
-2536
-2431
-2710
-2728
-2236
-1629
-1323
-1370
-1059
-505
-34
52
-22
435
1030
1389
1236
1187
1516
1629
1474
1281
1389
1535
1552
1582
1456
1278
1162
1152
1216
1563
1846
1794
1658
1643
2075
2357
2503
2854
2880
2692
2685
2714
3051
3135
2794
2233
2043
1991
1695
57
-1104
-338
816
966
-1035
-2915
-2992
-2266
-2120
-2501
-2401
-1703
-1989
-3004
-3254
-2101
-994
-1153
-1612
-1257
-170
303
54
-347
39
944
1578
1408
881
525
468
640
622
583
290
-157
-683
-1792
-2422
-2625
-2385
-1967
-2359
-3085
-4063
-4407
-3864
-3194
-2890
-3186
-3379
-2946
-2484
-2305
-2043
-1301
-543
-467
-732
-374
372
826
854
804
1232
1605
1687
1311
1000
1241
1577
1762
1794
1754
1325
823
1030
1665
2256
2102
1895
2019
1916
2580
2861
2916
3501
3804
3715
3377
3494
4177
4294
3576
2951
3038
3402
3479
1184
-2181
-1823
727
2527
686
-3075
-4447
-3406
-2513
-2929
-3612
-2818
-1936
-2983
-4558
-4029
-1826
-970
-1907
-2309
-1068
307
635
-43
-67
884
2190
2901
2021
1012
816
1292
1682
1559
1096
603
366
-497
-1608
-2079
-2193
-2698
-2710
-2788
-3001
-3648
-4949
-4914
-4016
-3024
-2918
-3444
-3082
-2443
-2641
-2200
-801
198
-34
-722
-540
510
1365
1616
1281
998
1459
1835
1580
1070
1378
1828
1759
1558
1324
1017
985
1351
1911
1609
1386
1850
1988
2455
2721
2886
3125
3198
3673
3994
3851
4144
4126
4309
3852
3432
3629
3715
2766
-654
-2261
-572
2261
2536
-1276
-4914
-4341
-1972
-1885
-3945
-4363
-2178
-1477
-3691
-5070
-3234
-950
-1040
-2482
-2103
-250
1076
388
-504
226
1861
3202
2397
973
905
1465
1894
1631
885
673
616
304
-759
-1645
-2680
-3441
-3340
-3372
-2834
-3501
-5582
-6351
-5171
-3761
-3808
-4515
-3933
-3087
-3015
-3069
-2175
-874
-190
-613
-1130
-251
1392
1691
653
517
1703
2588
2105
1384
1453
1724
2024
2162
1825
1232
1021
1592
2089
2209
2058
1718
1859
2515
3251
3535
3368
4000
4401
4021
3883
4147
4959
5900
5115
3806
3245
3964
4706
2710
-1833
-2872
-55
3160
2444
-2915
-6409
-5040
-2126
-2404
-4796
-4835
-2449
-2481
-5107
-5575
-2491
-322
-1497
-3359
-2565
345
1693
575
-643
168
2496
4018
2889
1386
1150
1907
2464
2150
1562
1030
791
169
-958
-1496
-1593
-2192
-3682
-5777
-5180
-3322
-3396
-4899
-6612
-6862
-5545
-4199
-3703
-3860
-3743
-3020
-2688
-1963
-544
46
-553
-406
617
1126
1012
1110
1283
1274
1752
2344
1992
1209
1415
1843
1500
1223
1582
1566
1681
1851
2142
2082
1757
2583
2872
3777
4415
4395
3886
4038
5511
6085
5938
5495
5567
5689
6145
4925
4249
3481
-509
-2675
-1108
2876
4654
-685
-7116
-7892
-3684
-972
-3993
-6610
-4898
-2761
-4545
-6783
-4740
-1575
-1439
-3662
-3778
-719
1176
233
-948
-341
2396
4630
3461
1292
982
2106
3254
2921
2022
1608
1646
1412
-205
-1378
-1547
-1318
-1405
-2866
-4254
-5964
-6301
-5854
-5019
-3900
-5157
-6797
-6655
-4938
-4331
-4354
-2567
-1031
-1768
-2444
-1626
343
1685
1852
777
50
1386
2884
1924
797
1996
2965
2245
1226
1443
1600
785
1041
2276
2295
2210
1944
1646
1271
2403
3976
3741
3630
3989
4424
4932
5374
5787
6871
6297
6616
6385
5858
5815
5469
4948
-142
-3339
-749
3916
5285
-624
-7813
-8046
-3640
-1012
-4061
-7438
-5469
-3208
-5231
-7910
-5650
-1425
-1520
-4491
-4370
-1471
1137
259
-1391
-391
2265
5100
4067
807
401
2245
4177
4030
2283
1527
1514
1601
-59
-1383
-1216
-957
-1318
-2886
-3476
-3505
-4798
-8394
-9594
-5460
-2566
-3606
-6998
-9291
-7851
-4655
-1694
-1639
-2967
-2567
-2700
-2375
555
3363
2358
-329
-413
1134
1789
2279
2233
1176
1438
2959
3146
1125
-345
1330
2561
2518
2970
2402
1601
1020
2796
3768
4056
5046
3753
2677
4060
6912
8016
7352
5719
6093
7067
7269
7362
6279
5971
5563
-917
-4129
-296
5272
6149
-2139
-9217
-8246
-2211
-944
-5935
-8518
-5038
-2449
-5643
-9244
-5736
-894
-1747
-4933
-5231
-1499
1286
-285
-2159
-372
2879
5669
3346
-280
544
3760
5376
3657
1733
1781
2770
2115
-598
-1505
-641
-595
-1366
-3514
-3422
-3397
-5556
-7285
-6038
-5160
-7808
-9233
-8643
-5068
-3548
-7110
-8063
-4712
-1666
-2048
-4232
-2365
993
1326
-334
-791
1112
2787
2031
-207
-345
2570
4064
1851
343
1390
2893
2755
1261
1409
2663
3436
3784
1905
721
2925
5284
5635
4255
3640
3689
4356
6470
9128
9260
7708
6000
6517
7257
8518
8931
7634
4523
-2989
-4310
1232
8094
7174
-2797
-11100
-8095
-697
-237
-5862
-8256
-4190
-2082
-6279
-8773
-4666
-1595
-2899
-5590
-4250
-472
757
-1747
-2459
132
3839
5633
2315
-422
1042
3614
4841
3612
1708
1733
2275
1908
-424
-1547
-1192
-691
-1522
-3299
-3528
-3883
-5720
-6876
-6029
-4753
-6543
-9583
-8786
-6461
-5160
-5805
-6131
-5001
-4371
-4659
-3894
-1675
697
491
-1235
-1235
742
2258
1452
525
1520
2438
2249
1742
1162
1680
2311
2932
2843
1918
1975
2748
3020
2322
2258
3378
4228
4183
4097
4079
3788
4942
5597
6530
8546
8304
7379
6466
7162
7616
8768
8134
7121
2342
-4886
-3136
3926
9979
5734
-6532
-13236
-6358
1354
-650
-7444
-7305
-2774
-2770
-8722
-9091
-2564
-664
-3645
-6071
-4351
-648
319
-2317
-2029
1227
4961
5331
731
-1894
1180
5080
6102
3385
376
536
2642
2179
-1031
-1714
-1115
-772
-2486
-4658
-3938
-4059
-6642
-8653
-8427
-7442
-7581
-7923
-6970
-6223
-7766
-8643
-5794
-3325
-3589
-4745
-3975
-893
921
126
-987
-366
1616
2694
1399
635
2540
3743
2884
2103
2237
3275
3701
3384
2791
2478
3245
4264
3580
1856
2987
4370
4732
4238
2848
3597
4504
4736
6575
7702
7381
6852
6560
7494
8085
7750
6200
5733
2024
-3179
-1888
3918
8982
4768
-7030
-12131
-4987
2057
254
-6681
-7799
-2834
-2668
-7190
-6879
-3181
-1390
-3204
-5273
-3828
-739
-75
-1540
-1324
265
3925
4862
411
-1357
1037
4176
5574
2819
128
490
1792
1329
-645
-1828
-1457
-953
-2632
-3898
-3308
-4181
-6607
-8433
-8815
-7085
-6286
-7092
-6860
-7468
-8439
-6502
-3888
-3241
-3970
-4339
-2797
-249
1216
658
-419
48
1982
2573
1718
2403
3260
2805
2669
3517
4057
4526
4307
3944
3489
2997
4225
5067
3994
3711
4581
4801
3939
2804
3347
5622
7562
6107
4619
3972
7193
10937
8898
5776
2373
3320
5125
-930
-3733
291
7657
7445
-4224
-13712
-8456
2353
2496
-6005
-8385
-3037
-343
-6175
-10031
-3276
2668
-252
-6288
-7945
-2367
3502
1071
-1887
-1209
2663
6089
1756
-2619
-195
4309
5812
2533
-409
-70
2147
1284
-2652
-2708
-808
97
-2683
-7216
-6174
-4384
-7113
-10132
-9249
-5786
-4980
-8434
-10472
-8908
-6708
-4993
-3945
-4096
-3833
-3873
-4185
-1612
2799
3282
-148
-2048
71
3253
3625
3119
3588
3507
3018
3518
3600
4278
5699
6183
4606
2558
3322
5629
6290
4963
4470
5017
4460
3408
4361
5496
6333
7210
7168
6784
7760
6769
5827
4214
4646
2434
-3691
-3234
2041
7202
3587
-7055
-12587
-6791
755
-81
-6735
-8029
-4192
-2608
-6270
-6867
-1608
487
-2916
-6058
-4296
455
2695
430
-537
-183
3079
5435
1332
-967
1248
4482
5689
2008
-710
182
2101
1587
-1859
-3188
-2196
-989
-3332
-6328
-6076
-5911
-7565
-9682
-8558
-5334
-5264
-7945
-9216
-8046
-5285
-2809
-2962
-4110
-3433
-2162
-691
1018
2150
1795
289
320
2128
3470
3906
3866
2851
2214
3421
4226
4483
4142
4617
5033
3626
3246
4382
5786
5665
3991
3149
4194
4844
5994
6089
4842
5795
7428
8962
8395
5179
3413
3309
4200
-775
-4248
-727
4558
6129
-2474
-11940
-10649
-2825
910
-4016
-9311
-5986
-3071
-5989
-8470
-4841
99
124
-4351
-6496
-3395
1837
3471
1802
460
895
4403
4008
224
1084
4380
6108
4020
-122
139
2293
2364
-325
-2007
-1181
-955
-2631
-6233
-7064
-7236
-8636
-8082
-6855
-6188
-8321
-11741
-10499
-5665
-3084
-4240
-5246
-4606
-3342
-1674
-353
1985
3798
2473
-289
-1019
2317
6441
6110
3362
3099
3960
4651
5183
4280
5037
6729
6049
4241
2882
4091
7581
7585
4620
3594
4453
4859
5201
5979
8086
9095
7231
4311
3095
4531
6105
5425
-2933
-6538
-1650
4616
6354
-2290
-12578
-11736
-4153
-337
-4347
-8807
-6306
-4569
-7630
-9354
-4183
474
-1458
-6048
-6630
-2036
2315
1347
-44
1159
3166
5485
2713
-1252
1511
5839
6869
3842
128
1070
2321
1421
-817
-1129
-124
-808
-3485
-6152
-6428
-6916
-8477
-9614
-7949
-4936
-5852
-10271
-11411
-7879
-4260
-3293
-3429
-3597
-3080
-2278
-1001
1678
4359
4635
1327
-1340
1627
5855
5781
4305
3648
4365
4764
3918
3726
5061
5872
5959
4386
3243
4669
6358
6108
3093
2999
4248
5887
6318
4705
6179
7941
8042
7198
5228
4336
4500
4224
-1461
-4970
-1083
5055
6749
-2314
-12638
-11473
-3632
-1004
-5540
-8741
-5949
-4299
-8650
-10814
-5081
-404
-1325
-6240
-8147
-3475
861
1201
110
355
2331
5389
3664
-849
803
5113
7399
4929
394
984
3085
2062
-880
-1786
86
1049
-2136
-7101
-7989
-8073
-8966
-9055
-7377
-4398
-6492
-12411
-12977
-7661
-3188
-2802
-3846
-3993
-3352
-2365
-913
2135
4604
4698
1459
-1080
2091
6438
6422
4779
4532
5520
6248
4745
4213
5729
7124
7367
5497
3222
3585
6694
6992
4920
3933
4151
5109
5566
6578
8092
8643
8240
6442
5115
4532
5628
2143
-4624
-3064
2777
7909
4212
-7297
-13814
-8621
-1433
-1251
-6452
-7450
-5193
-6626
-11036
-8550
-1780
-129
-4135
-8174
-6991
-2347
661
341
534
734
3293
4664
262
-1041
2904
6351
6657
1910
-517
1721
3020
1014
-1797
-1637
24
4
-4270
-8990
-9213
-9209
-9272
-7526
-5450
-5020
-9974
-14028
-10433
-4882
-2417
-2697
-4141
-4739
-3125
-795
1358
3557
4132
2140
-240
929
5694
7751
5973
4521
4894
5688
6289
5886
5569
6179
6389
6177
4447
3769
5438
6788
5574
3368
3178
4311
5389
6670
8300
8832
7487
5313
3438
4572
6243
365
-5072
-2573
4106
7484
1659
-8822
-12664
-6629
-921
-2479
-7087
-6654
-3814
-7144
-11497
-6981
53
28
-5813
-9274
-5997
-388
690
-120
231
923
3800
3656
-372
44
4865
7266
4565
379
218
3277
3599
-126
-2055
-1413
297
-606
-5528
-10581
-11266
-7377
-6145
-6556
-6656
-8917
-12125
-11284
-6488
-3612
-3645
-3264
-4114
-4933
-2307
2035
3826
3307
2745
725
-76
3759
7679
6857
4911
4913
5533
5348
5314
6514
7285
6471
5883
5174
4144
3880
6001
7269
4292
2354
2851
4627
6443
7011
7757
7591
5872
4734
4764
5237
3378
-3646
-6192
91
7536
6487
-4134
-13558
-11945
-3094
302
-4261
-7783
-5710
-5274
-9480
-10474
-3131
2150
-1819
-8517
-9130
-3582
1237
859
-542
206
2563
4235
1245
-1490
1778
7070
7761
2604
-1345
831
4060
2898
-1320
-1936
-725
-916
-4700
-12142
-12376
-6492
-3418
-3929
-7421
-11825
-13041
-9940
-5383
-2995
-2274
-2578
-4673
-6576
-2889
3651
5243
3881
1964
-555
-133
4298
8329
8326
6110
4888
5074
4700
4766
7149
8217
7027
5373
4691
4898
4991
5632
6544
5581
2826
2105
4207
7126
10027
9268
6133
3229
2407
4781
5651
-789
-6789
-3588
3341
6858
774
-9913
-13086
-7663
-2891
-2737
-5772
-5718
-4214
-8099
-12050
-6286
1751
1766
-4911
-10138
-5917
597
1594
968
681
1130
4018
3639
-224
550
4971
7067
5200
309
-609
2683
2805
-158
-2212
-2269
-2886
-5858
-10196
-9850
-5249
-4229
-7288
-10483
-10188
-7626
-7764
-7409
-4651
-3813
-4255
-3540
-2305
-1006
786
1598
2118
3191
3884
3853
3225
4804
8323
7915
5330
5461
6799
7289
6948
5796
5770
6491
6405
6106
4797
4037
6130
6303
3718
4125
5946
7621
6928
6460
8146
6607
2620
1726
-285
-4595
-3606
756
4547
3753
-4557
-13916
-12885
-4950
-589
-4264
-8603
-6543
-5522
-10623
-10714
-3458
851
-758
-7163
-8961
-4082
-694
1797
3098
930
1054
3395
1995
428
2995
5907
6806
3574
-137
1658
2790
573
-922
-2381
-4156
-6467
-9344
-9387
-6201
-4429
-7118
-11129
-11035
-7025
-5744
-7348
-5310
-2809
-3737
-4084
-2143
725
2823
2063
2
901
5053
7635
5862
4116
6612
8807
7288
5834
7262
9520
8937
5892
5195
6614
7166
7154
6404
4329
3952
5389
4852
4733
5892
8827
8544
4905
3734
4805
4526
2545
-3065
-7005
-3287
2912
4321
-2163
-10341
-12097
-6834
-4224
-5766
-7241
-5610
-4888
-9077
-11948
-6127
715
-530
-6008
-8414
-4841
-67
315
-248
1455
2612
2840
1488
-400
1335
5503
6136
2647
-621
654
3886
2479
-2271
-3295
-1848
-3153
-7858
-12219
-9867
-4424
-4431
-8781
-11364
-10094
-7563
-7111
-6486
-3384
-1378
-2763
-4113
-2463
1729
4607
3332
1346
2375
4951
6007
5952
7216
9336
8742
6283
6274
8192
9871
9335
6968
5850
6417
7639
6850
4904
5008
5281
3745
2861
6241
11000
12037
7951
2293
1139
3914
5803
641
-5793
-4744
373
2717
-1026
-8003
-10881
-8209
-5612
-7166
-9180
-6258
-3026
-6476
-12517
-8956
-962
35
-5748
-9377
-5894
-1615
-609
-49
1387
1595
1831
1623
-186
1082
4904
6799
4203
-496
-64
3362
3161
-176
-2654
-3977
-5778
-7200
-9118
-9454
-5781
-4972
-8449
-11014
-10258
-7959
-6728
-4932
-2940
-3482
-4316
-2625
-231
1999
3998
3423
1462
2509
5221
6245
6204
7639
9635
8912
6857
6837
8838
9342
9009
9117
7974
6872
6440
6731
6047
4643
5020
5692
5626
6065
6356
7387
8903
8051
4266
1881
662
-3117
-4180
-1947
1819
3756
-1371
-10627
-14970
-10762
-3792
-3286
-8486
-8909
-6235
-9128
-11768
-7178
-587
210
-5829
-8946
-5454
-2462
-945
2042
2744
1001
1571
1600
-74
661
3699
6889
4921
-435
-549
2188
2094
-310
-2889
-4171
-4950
-7799
-11111
-9781
-5437
-5277
-9252
-12066
-10313
-7429
-6664
-5416
-3983
-3384
-2530
-2213
-1716
1244
4305
3631
1627
2810
5927
6670
5794
7344
9326
8539
7547
8435
9420
8826
8569
8850
8093
7601
7787
7776
5732
4546
5977
7536
5801
4634
8391
11121
9065
4574
1481
2207
186
-5342
-4708
1729
6618
1843
-10113
-15792
-9456
-3399
-5306
-9052
-8320
-4759
-7245
-13428
-10093
-655
1132
-5064
-9899
-7879
-2003
652
246
1114
1412
2144
1787
-1321
-355
4793
7520
4413
-705
-712
2811
3003
-787
-3051
-3516
-5446
-7410
-8990
-7567
-4436
-6806
-11497
-11137
-7795
-6933
-8338
-6968
-3329
-2973
-4092
-2492
-525
1114
2727
1805
1278
4566
8056
7450
4967
5715
8897
9063
7313
8741
10753
9012
7288
7454
8790
9984
10002
8826
5818
4371
6679
8842
7733
6790
7797
8432
7164
5827
5561
3662
-4578
-10206
-5588
4144
9134
1389
-12627
-17542
-10515
-3656
-4021
-7075
-6334
-5541
-11721
-16125
-8019
2529
2719
-6507
-12371
-8163
-1477
462
1081
2548
2574
2347
82
-2819
324
6522
8914
4016
-2883
-2199
2843
2846
-908
-3927
-5810
-6014
-7670
-9626
-6762
-4597
-7956
-11493
-11234
-7815
-6193
-7310
-6760
-5179
-4410
-2495
-345
129
227
-446
-534
2812
6871
7777
5581
3526
5238
8241
8151
8058
9842
9785
7383
5715
7156
10039
10097
8807
7533
5302
5304
8262
9411
8148
7310
7730
7376
6150
5639
6504
4651
-3500
-8637
-4815
3679
7898
1305
-10033
-14495
-10463
-5053
-4250
-5813
-5079
-5334
-11590
-15198
-8014
1133
1276
-6211
-10117
-6404
-1783
-552
451
2196
2199
1786
66
-1525
1473
5568
6707
3142
-1367
-546
2488
1662
-1655
-2823
-3792
-7147
-11043
-11203
-5542
-1693
-5681
-12097
-13491
-9214
-5947
-6118
-5099
-3034
-4085
-5823
-3245
1307
3435
1813
-617
537
4402
7562
7514
5884
6559
8191
7702
7202
9605
11564
9580
6758
6452
8929
10169
9106
8024
6660
5527
5653
7286
8383
9515
10447
7778
2678
1080
4034
2992
-4803
-7612
-1427
4724
2620
-6566
-12297
-9785
-5005
-5632
-8884
-7193
-2668
-4728
-13177
-13150
-2872
2673
-3075
-10370
-7988
-1383
-140
-1935
38
3112
2587
687
-1875
-838
4210
6794
4538
-806
-2106
1520
2622
-485
-2455
-1568
-4189
-9439
-12524
-10269
-3835
-2647
-8092
-12482
-11316
-8198
-7941
-7537
-3710
-1330
-4150
-5685
-1849
2218
3078
1043
371
3238
6096
6798
6103
6874
8365
8032
6734
7741
11332
11278
7720
5869
7630
10563
9946
8624
8306
7967
7270
6956
7545
7780
9286
10158
7139
3293
2471
-1093
-7727
-7849
950
8032
3538
-9107
-15443
-10879
-4716
-3398
-5649
-4954
-3628
-8221
-13812
-9550
458
3394
-2700
-9754
-7711
-1341
199
248
1850
3590
3032
556
-1359
414
5157
7115
4076
-1195
-1494
1979
1167
-2148
-3241
-2757
-5983
-11481
-12164
-7889
-3745
-4860
-9472
-11834
-9926
-7278
-6912
-5765
-2984
-2506
-4679
-4750
-365
3379
2672
207
101
3390
6365
6674
5917
6815
8280
7651
6908
8196
11181
11397
7640
6035
7944
10355
10300
8746
8202
7359
5847
5531
7062
8952
9945
8759
5205
2962
96
-7174
-10604
-4041
6717
8555
-2125
-14056
-15505
-9006
-4203
-4549
-5284
-3372
-5104
-12836
-14247
-4216
4795
2139
-7664
-10272
-4318
61
-208
780
3778
4067
1936
-974
-1319
2363
5885
5858
855
-2704
260
3141
489
-4231
-6890
-7588
-6547
-6087
-6715
-7132
-9184
-11178
-9614
-6520
-5862
-7177
-6894
-5475
-5537
-4714
-508
2207
89
-2004
-1288
1914
5716
6782
5327
4175
5408
7769
8292
7646
9020
10575
8963
6444
6925
9741
10910
8860
7274
7589
7403
7748
8579
8459
7978
8105
7425
5306
3495
3232
-639
-7632
-8102
-575
5158
2846
-6582
-13885
-11856
-6445
-4905
-5780
-4880
-3566
-7414
-13775
-10657
-252
3190
-2931
-8525
-6242
-1044
-936
-1218
2848
4941
2688
715
478
1800
3842
4779
3560
673
-116
2300
2278
-1183
-3357
-5466
-8901
-10261
-8684
-5240
-3532
-7616
-12995
-12600
-8306
-5486
-5467
-4752
-3217
-4991
-6820
-2763
3448
4674
1035
-1940
76
4728
6260
5398
5811
7774
9047
7668
6219
8315
11186
10173
7082
6893
9857
10574
8415
7734
8788
8465
6864
6006
6998
8637
9337
7836
4537
2163
-2045
-8577
-9633
-696
8747
5782
-7615
-16670
-12613
-4816
-4010
-6344
-4732
-1601
-5707
-14238
-12499
-875
4399
-2146
-9208
-6650
-176
-208
-3399
-457
4995
5427
2067
-468
1220
3826
4342
3047
992
1012
3380
2813
-2664
-6853
-6968
-6088
-6103
-6993
-6653
-5890
-8536
-11747
-10912
-7140
-4665
-5067
-5946
-5219
-4651
-4694
-2618
560
2269
1308
-779
686
4616
5955
4689
4780
7365
9245
8365
7166
8598
9930
9159
7970
7908
9474
9939
8075
7063
7715
8486
8698
8302
6866
6304
7211
7195
6117
4103
-1425
-9445
-11104
-2345
7537
6175
-5882
-16001
-14575
-7489
-4394
-5343
-4322
-2035
-6955
-15468
-13339
-910
5367
-2099
-10733
-7795
47
46
-3780
-1100
4254
4601
955
-554
2428
4737
4051
1840
233
1745
4643
3960
-949
-5340
-7702
-8385
-7074
-5519
-3873
-4531
-8831
-13188
-12245
-7093
-3929
-3945
-4721
-4910
-6196
-6692
-2553
2738
4033
894
-2078
296
5005
6450
4811
4776
7699
9389
7936
7018
9449
11361
9562
6955
7703
10925
11541
9222
7299
7008
7604
7893
8338
8579
8255
7467
5947
4342
2827
-2267
-9264
-9516
-508
7127
3196
-9759
-17131
-12078
-6004
-6002
-7322
-4153
-1076
-7610
-16045
-11153
1743
4929
-3880
-10143
-5154
1773
-528
-4068
35
5627
5425
656
-1207
2330
5084
3824
1327
678
2911
4928
2063
-4170
-7858
-7895
-5761
-4345
-5026
-5858
-8007
-10851
-11974
-9518
-5388
-3786
-4886
-6218
-5970
-5017
-3282
-567
1246
1549
-44
-617
2478
6096
6447
4556
4860
7852
9414
8360
8156
9913
10238
8462
7380
9498
12642
12139
8767
6067
5893
7958
9515
9542
8539
7460
6192
4221
2029
-1932
-6896
-8657
-2415
5286
4167
-5981
-15632
-14333
-8058
-5909
-6228
-4575
-2002
-6396
-14557
-13424
-1908
4955
-806
-8229
-7032
-511
508
-2529
-392
4590
5567
1816
-1207
1304
5171
4965
1769
446
2299
4968
3702
-2296
-7364
-9018
-6984
-3757
-2758
-3814
-6767
-10992
-13171
-10780
-5716
-2352
-3368
-6584
-7698
-6107
-2753
803
1978
1104
-721
-1297
1744
6074
7555
5798
4538
6162
8638
8578
8057
9968
10915
8864
6840
8158
11351
12223
9989
7793
7176
7872
8745
8886
8402
7882
6576
4715
2009
-3795
-9369
-9083
-1035
6340
2946
-9299
-17322
-13480
-6938
-5837
-7073
-4541
-1629
-7531
-15884
-12915
-535
5138
-2092
-9249
-6347
-94
-371
-2956
2
5189
5669
1080
-1748
1223
5127
5313
2459
586
2245
4782
3395
-1591
-6351
-8443
-7025
-4991
-4662
-4815
-6096
-9742
-12700
-11874
-7865
-4038
-4017
-6034
-7346
-7105
-3958
-33
1567
1044
-513
-811
1776
5033
6190
5447
5280
7424
9261
8339
7761
9670
10972
9676
7892
8974
11646
12205
10307
8564
7919
7798
7662
7685
8402
9415
8213
4694
-158
-6660
-10780
-7666
2556
8081
1325
-12092
-18500
-12843
-6371
-5483
-6446
-4379
-3319
-9854
-15851
-10570
1231
4149
-3643
-9054
-5179
481
-739
-2860
765
5758
5746
1156
-972
1730
4739
4440
2474
2154
4251
5879
3423
-1443
-5151
-6653
-5135
-3740
-4582
-5832
-6740
-7928
-9265
-9351
-8230
-5594
-4036
-4934
-6460
-6790
-3338
481
1142
479
-119
178
1689
3771
4917
5280
5778
7024
8055
7524
7797
9448
9848
8641
7558
8724
10993
11741
10281
8080
7080
7665
8103
7462
6973
8099
8467
6272
1916
-4803
-10093
-9511
130
8146
4582
-8416
-18282
-14454
-6683
-4185
-5751
-5007
-2928
-8015
-15449
-13191
-815
5172
-1652
-9735
-8160
-564
289
-2975
-1382
3688
5661
2248
-1199
-211
3291
4419
3145
2161
3402
5484
4042
-320
-3824
-5168
-4444
-3252
-3597
-3948
-4658
-6918
-9535
-9983
-7175
-4019
-3325
-5219
-6899
-6688
-4470
-1045
1033
1244
-301
-1586
-168
3073
5007
4533
4023
5289
6908
6379
5574
7179
9210
8711
6720
6534
8951
10702
10039
8170
6664
6653
7128
7158
7431
7764
7706
6081
3657
60
-4946
-7876
-4877
2864
5376
-453
-10437
-14182
-9333
-4814
-4249
-5705
-4777
-4333
-8507
-12343
-8623
-385
1444
-3998
-8538
-5471
-442
-779
-2494
-1081
2544
4132
1776
-511
549
3014
3895
2847
2216
3671
4789
2733
-1895
-5133
-4339
-531
585
-2685
-6379
-7640
-5907
-5128
-6016
-6113
-4717
-3536
-5106
-6561
-4998
-1405
284
-844
-1731
-1266
630
2315
3029
3074
3094
4405
5641
5686
5218
6111
7804
7869
6555
5852
7624
9486
9285
7509
6429
7102
7979
7397
6216
6676
7079
7101
5710
3919
331
-5243
-7951
-4301
3387
5472
-580
-10887
-14285
-9329
-4590
-3476
-5347
-4944
-5114
-8892
-11787
-8061
-1209
-438
-5086
-8416
-5179
-1449
-2161
-3189
-1639
1953
3346
1382
-110
938
2666
2969
2578
3203
4771
4615
881
-3254
-4387
-1975
1030
321
-3073
-6281
-6892
-5866
-5481
-5227
-4426
-3363
-4278
-5886
-5668
-3767
-1531
-701
-524
-686
-793
192
1924
3519
3931
4006
4714
5726
6223
5928
6381
7611
8151
7777
7353
8489
9285
8698
7699
7471
8264
8167
7367
6695
6891
7383
7331
6031
2418
-3156
-7401
-6307
799
5991
3349
-6322
-14041
-12337
-6415
-2914
-4047
-5930
-6230
-7914
-10665
-10138
-4934
-1538
-3235
-7229
-7423
-3926
-2580
-3248
-2920
-422
1979
1756
286
350
1531
2244
2529
2916
4124
4278
2004
-855
-1974
-1256
-247
-519
-1868
-2566
-3382
-4427
-5590
-5832
-4232
-2975
-3204
-4454
-4861
-4435
-3562
-2406
-1159
23
-184
-584
53
1873
3435
3709
3711
4410
5577
5822
5659
6046
6984
7597
7470
7352
7471
7501
7384
7333
7159
6903
6710
6600
6714
6352
6433
5894
4123
238
-4774
-6404
-2538
3778
4735
-1101
-9607
-12167
-7948
-3450
-2438
-5090
-6518
-6752
-7876
-8954
-7176
-3844
-2888
-4967
-7133
-5766
-3745
-3231
-3086
-2170
-404
897
793
242
237
478
1707
2721
3045
2751
1453
335
-214
-85
-32
-206
-956
-1630
-2070
-2883
-3262
-3743
-3389
-2812
-2850
-3188
-3733
-3621
-3202
-2371
-1647
-817
-316
-315
124
1185
2636
2993
2663
3140
4638
5808
5695
5405
5755
6507
6685
6487
6599
6871
7085
6694
6257
5823
5930
5985
5863
5508
5107
5521
4950
3317
-708
-4361
-4474
-134
4489
3656
-2304
-9133
-9591
-5359
-1388
-1427
-4569
-6076
-6350
-6641
-7099
-5725
-3989
-3825
-5353
-6264
-5154
-4412
-3957
-3677
-2843
-1452
-247
60
-391
-933
-497
1141
1992
2124
1345
953
1005
759
41
-774
-850
-702
-195
-684
-1859
-3282
-3913
-2700
-1386
-1122
-2352
-3511
-3658
-2929
-2070
-1141
-180
-16
-142
129
1541
2641
2607
2520
3437
4855
5163
4593
4421
4992
5335
5261
4920
4922
5154
5208
5029
4634
4441
4516
4927
4973
4730
4515
4859
5087
4018
1100
-2228
-3071
-712
3446
4902
1822
-4198
-7498
-4977
-662
472
-2497
-4925
-4849
-4002
-4269
-4994
-5067
-5126
-5067
-4859
-4163
-4562
-5677
-5999
-4668
-2547
-1458
-1521
-2374
-2671
-2521
-1596
-615
-45
227
361
908
485
-596
-1664
-1175
381
1462
1389
-31
-1552
-2407
-1440
263
1141
533
-870
-1461
-1390
-765
170
1180
1508
1033
848
1575
2410
2003
1266
1611
3071
4001
3322
2129
1613
1949
2578
2901
2872
2547
2095
1942
2053
2461
2762
3080
3258
3100
2765
2342
2435
3005
3446
3031
1781
3
-1173
-414
2170
4053
3013
-54
-2215
-1817
-148
1025
628
-780
-1879
-2028
-1717
-1943
-2830
-3715
-3568
-3032
-2906
-3763
-5013
-5257
-4333
-2995
-2269
-2621
-3602
-3891
-3162
-1744
-1022
-1816
-2732
-2432
-517
934
420
-1664
-2846
-1834
231
1327
420
-917
-1541
-956
204
1305
1477
395
-907
-1278
-97
1114
1412
875
294
241
357
418
282
516
883
1041
830
374
273
467
780
1069
1098
579
-50
-161
447
1201
1345
913
526
493
581
690
643
726
912
1069
1294
1374
1342
1230
1261
1694
2145
1995
1269
712
1237
2696
3746
3485
2059
655
428
1308
2172
2022
1094
172
1
308
460
20
-852
-1202
-960
-562
-687
-1231
-1729
-1796
-1267
-694
-416
-816
-1610
-2113
-1762
-785
-288
-701
-1636
-1969
-1373
-749
-814
-1434
-1629
-1178
-791
-956
-1529
-1907
-1919
-1605
-1224
-974
-1268
-2048
-2511
-2174
-1316
-982
-1206
-1448
-1281
-996
-907
-772
-579
-366
-444
-537
-348
29
231
55
61
262
423
232
-123
-97
267
660
793
698
485
362
343
643
1179
1500
1507
1226
1012
1085
1359
1654
1828
1844
1840
1892
1778
1574
1582
1789
1992
2011
1866
1878
1899
1887
1929
1913
1812
1611
1488
1546
1651
1489
1234
1136
1209
1193
736
293
201
390
502
438
293
-36
-436
-757
-615
-173
17
-182
-583
-894
-1086
-1239
-1310
-1141
-993
-1188
-1585
-1910
-2109
-2263
-2209
-1796
-1289
-1314
-1991
-2676
-2730
-2160
-1569
-1499
-1842
-2116
-2119
-1954
-1768
-1648
-1562
-1483
-1438
-1367
-1268
-1217
-1238
-1251
-1161
-888
-601
-470
-495
-597
-618
-432
-54
263
287
75
-11
256
626
843
765
522
436
503
755
937
788
524
391
503
787
991
1100
1172
1167
1239
1413
1596
1669
1678
1718
1856
2015
2033
2002
1953
1938
1974
2086
2225
2282
2199
1980
1825
1858
2058
2203
2160
1802
1331
1131
1218
1425
1369
1054
763
581
417
142
-152
-272
-184
-144
-288
-532
-730
-899
-1141
-1350
-1383
-1214
-1040
-1082
-1364
-1689
-1863
-1899
-1825
-1768
-1785
-1879
-2045
-2151
-2245
-2313
-2344
-2251
-2030
-1931
-2014
-2113
-2078
-1911
-1762
-1655
-1537
-1427
-1364
-1369
-1352
-1305
-1270
-1218
-1025
-718
-532
-555
-764
-891
-748
-339
102
297
228
81
77
209
419
657
915
1094
1011
883
867
1039
1260
1364
1454
1560
1648
1569
1331
1192
1353
1691
1932
1877
1566
1277
1195
1327
1507
1553
1408
1205
1137
1158
1182
1140
1036
1016
1063
1066
1033
983
916
767
569
502
647
829
857
667
321
52
16
116
250
343
283
96
-147
-352
-414
-369
-240
-112
-112
-238
-416
-641
-829
-821
-664
-501
-498
-698
-938
-1091
-1169
-1213
-1164
-1032
-937
-1039
-1284
-1496
-1586
-1535
-1396
-1201
-1071
-1114
-1283
-1422
-1383
-1194
-960
-812
-817
-913
-986
-924
-722
-482
-323
-230
-177
-143
-99
-85
-20
170
411
534
456
236
62
137
429
703
776
662
476
355
386
491
647
693
642
648
610
616
656
709
715
666
638
633
684
660
611
625
602
549
538
569
578
507
391
330
379
422
413
349
316
362
453
536
472
337
187
170
273
404
520
479
292
64
-24
44
153
186
78
-50
-122
-142
-147
-147
-147
-130
-133
-221
-314
-363
-350
-273
-169
-110
-221
-483
-667
-588
-355
-248
-319
-465
-554
-586
-589
-533
-479
-458
-504
-593
-693
-787
-811
-734
-624
-506
-395
-416
-508
-598
-609
-498
-388
-336
-390
-487
-521
-438
-334
-326
-356
-403
-384
-289
-189
-116
-120
-156
-145
-44
89
135
69
25
115
257
324
324
319
332
348
387
419
437
413
383
426
486
534
518
481
475
472
483
495
502
501
483
470
463
439
405
363
397
487
524
466
329
286
324
417
527
534
449
318
228
272
408
480
468
391
269
117
29
59
154
246
223
59
-160
-299
-305
-248
-172
-109
-120
-202
-329
-431
-419
-351
-275
-210
-229
-309
-433
-523
-489
-395
-348
-354
-342
-328
-360
-478
-577
-500
-345
-248
-277
-365
-428
-420
-388
-363
-305
-256
-241
-268
-313
-317
-296
-252
-243
-233
-186
-179
-219
-256
-215
-148
-119
-123
-112
-103
-150
-166
-100
9
50
8
-28
26
130
173
146
125
151
216
300
360
353
282
216
264
413
539
557
444
320
288
341
436
518
522
491
467
422
392
384
386
420
451
471
480
428
319
267
289
331
341
287
238
220
202
176
186
207
178
128
96
103
86
-3
-52
-26
33
57
-3
-100
-156
-143
-139
-108
-54
-55
-129
-232
-264
-241
-207
-233
-305
-332
-317
-322
-390
-454
-488
-493
-461
-448
-462
-489
-544
-581
-559
-518
-490
-496
-478
-418
-387
-385
-369
-313
-226
-149
-121
-127
-121
-125
-101
-50
25
102
129
126
107
93
87
118
181
209
202
165
157
182
179
182
204
244
291
317
296
234
197
194
242
295
318
313
245
182
166
186
235
245
252
257
242
186
136
157
199
231
212
178
147
151
165
158
142
123
113
130
153
135
70
19
7
5
-8
-44
-80
-122
-163
-165
-145
-143
-179
-213
-210
-207
-221
-221
-187
-174
-214
-271
-312
-315
-285
-243
-225
-238
-259
-300
-321
-334
-330
-287
-199
-124
-124
-163
-207
-217
-188
-134
-83
-57
-34
-46
-73
-84
-65
-16
20
51
65
69
79
73
85
109
154
195
201
201
191
193
196
200
221
228
236
247
243
222
171
145
190
247
274
274
251
214
186
181
176
176
143
121
129
135
127
92
45
0
-14
-12
-2
-8
-27
-56
-81
-65
-69
-88
-135
-145
-140
-154
-156
-162
-166
-183
-169
-140
-138
-156
-175
-158
-93
-34
-12
-42
-86
-71
-12
65
98
70
43
26
39
63
107
143
125
82
68
93
137
152
117
91
87
110
128
137
141
107
51
13
33
73
67
36
2
-19
-31
-47
-54
-48
-36
-41
-77
-129
-169
-164
-122
-99
-115
-142
-158
-182
-199
-193
-178
-173
-184
-186
-175
-161
-157
-189
-202
-175
-135
-134
-163
-176
-172
-153
-130
-115
-111
-105
-113
-128
-105
-55
-28
-21
-24
-29
-9
17
29
35
39
80
115
114
83
64
82
143
212
239
207
178
189
215
245
264
265
272
270
250
242
239
247
248
244
244
250
262
266
252
245
256
272
255
215
180
169
162
161
150
114
80
56
47
33
24
2
-15
-13
-16
-22
-60
-91
-117
-125
-115
-110
-128
-172
-193
-191
-164
-161
-195
-243
-260
-250
-251
-273
-294
-277
-257
-250
-271
-317
-347
-350
-334
-314
-299
-305
-331
-346
-330
-294
-266
-260
-260
-250
-213
-174
-158
-155
-129
-95
-75
-64
-53
-39
-18
13
42
70
85
89
89
115
148
177
197
214
227
241
249
243
246
254
278
292
292
286
270
255
255
278
283
278
265
232
214
212
230
239
220
182
155
152
141
134
118
113
97
86
74
61
38
-15
-26
-26
-16
-24
-53
-70
-84
-88
-95
-106
-123
-135
-149
-154
-147
-153
-171
-202
-204
-189
-181
-188
-201
-200
-206
-215
-219
-187
-158
-150
-153
-160
-153
-157
-146
-130
-110
-81
-68
-67
-76
-68
-47
-40
-35
-31
-17
6
27
28
29
48
71
66
51
47
69
95
106
112
126
148
147
131
120
127
142
148
136
128
131
140
145
138
143
153
149
136
115
106
102
99
91
88
86
70
57
46
56
63
63
64
61
57
37
19
10
19
17
0
-14
-37
-51
-52
-51
-60
-75
-92
-118
-138
-144
-121
-107
-126
-153
-169
-173
-159
-138
-139
-158
-181
-194
-175
-147
-138
-137
-144
-147
-142
-132
-114
-100
-92
-90
-81
-60
-43
-45
-48
-31
-5
3
-18
-20
-2
18
31
38
50
60
69
70
90
111
111
105
93
99
114
116
112
104
106
118
123
112
111
120
113
103
93
88
92
82
76
71
78
84
82
71
55
57
52
29
13
16
25
22
5
-10
-11
-7
-6
-3
-7
-13
-18
-26
-19
-6
-9
-32
-52
-52
-43
-43
-49
-42
-24
-24
-41
-49
-44
-29
-22
-23
-26
-28
-29
-28
-31
-32
-36
-34
-24
-14
-6
-2
-8
-17
-13
-3
1
8
9
6
9
19
31
33
25
18
13
19
23
19
11
-5
-4
10
17
7
-3
-1
11
10
6
13
6
-10
-22
-25
-19
-29
-34
-35
-27
-17
-26
-35
-39
-33
-26
-17
-18
-25
-29
-30
-27
-21
-14
-20
-29
-27
-22
-14
-8
-12
-15
-21
-26
-25
-29
-37
-34
-30
-35
-36
-34
-29
-24
-28
-29
-19
-20
-23
-17
-8
-4
0
-4
-1
12
14
16
19
18
26
29
28
37
43
50
43
31
33
44
46
41
44
49
56
70
77
81
83
77
67
61
61
59
50
48
55
55
46
44
39
37
40
36
23
10
-1
-3
6
8
14
16
13
6
0
-13
-14
-10
-5
-3
-14
-22
-21
-22
-36
-46
-44
-33
-22
-21
-29
-35
-30
-28
-31
-36
-41
-36
-35
-35
-34
-34
-38
-40
-34
-24
-17
-18
-23
-21
-6
15
22
12
2
6
15
16
17
17
22
30
25
16
14
20
27
30
31
25
21
10
4
9
17
14
5
-1
-7
-10
-14
-12
-5
1
-7
-22
-33
-41
-39
-31
-25
-23
-27
-34
-33
-29
-29
-34
-39
-35
-33
-37
-43
-43
-43
-43
-37
-32
-27
-23
-25
-29
-31
-30
-22
-20
-22
-26
-29
-23
-12
-11
-14
-20
-17
-12
-5
2
8
15
8
3
10
20
25
25
20
22
30
39
37
29
31
35
43
54
54
45
41
42
45
47
42
42
48
53
58
51
43
42
41
41
40
31
22
21
17
17
16
24
25
20
16
17
23
18
16
11
10
8
2
-3
-6
-1
-5
-7
-2
-3
-9
-20
-19
-16
-19
-22
-25
-18
-16
-11
-15
-27
-29
-32
-29
-30
-25
-19
-27
-38
-42
-37
-31
-26
-22
-25
-31
-41
-42
-38
-36
-35
-34
-33
-33
-30
-28
-24
-17
-14
-15
-16
-15
-15
-16
-15
-6
-3
0
0
5
13
19
23
18
9
5
10
15
24
26
23
18
13
15
19
20
17
16
21
24
26
28
31
30
25
22
17
20
16
10
3
-4
0
0
-2
-6
-6
-7
-3
2
9
3
-12
-14
-10
0
6
3
-3
-3
-8
-23
-34
-31
-15
-10
-18
-32
-38
-32
-27
-21
-18
-20
-20
-21
-25
-30
-31
-30
-26
-23
-25
-24
-29
-29
-30
-27
-18
-7
-2
-3
0
9
20
22
21
19
20
23
29
28
24
19
17
19
23
27
24
20
24
28
24
23
21
18
22
26
25
20
15
12
13
17
11
6
8
7
4
2
0
0
2
7
4
-4
-8
-5
-2
0
0
-4
-2
1
7
7
5
4
4
-2
-3
1
6
9
7
10
10
9
12
5
-3
-5
-6
-7
-10
-11
-9
-13
-22
-18
-17
-16
-9
-8
-12
-9
-4
-4
-3
-3
-6
-13
-13
-6
-5
-1
0
-1
-4
-9
-13
-13
-2
6
12
16
11
7
7
10
9
3
-3
-7
-8
-1
3
3
0
3
5
8
13
14
13
14
14
13
16
18
13
4
2
4
3
2
0
4
1
-4
-10
-8
1
0
3
13
17
12
5
-1
1
2
0
-10
-22
-24
-20
-15
-14
-12
-11
-14
-16
-23
-11
-2
0
0
-11
-13
-12
-6
-3
-5
2
13
14
5
-9
-12
-8
-3
3
10
21
15
10
8
9
21
25
11
12
30
28
16
1
4
20
28
17
-4
-13
-12
1
1
-1
17
29
8
-9
4
8
3
-1
-1
-9
-3
-9
-41
-48
-17
0
-17
-12
-7
-6
-2
-19
-33
-22
-14
-12
-23
-22
2
-11
-38
-28
-11
-7
-32
-46
-22
-25
-20
-28
-41
-27
2
-7
-40
-23
-10
-2
-26
-37
-12
-5
-10
-26
-27
-19
-4
-6
-23
-12
19
34
10
7
33
33
18
9
8
32
37
4
-3
25
34
26
4
-8
25
37
9
8
32
51
48
23
15
25
33
24
4
7
38
53
-4
-23
-9
0
14
-20
-15
18
15
-6
-25
8
26
19
-6
-21
-4
6
6
-36
-29
14
18
-16
-38
-10
9
-7
-33
-15
12
19
0
-42
-29
26
19
-38
-39
-7
29
7
-75
-27
37
12
-34
-60
9
28
-29
-45
-23
11
52
1
-81
20
98
-2
-76
-75
30
99
-51
-110
21
79
-2
-68
-52
20
74
8
-80
-102
44
107
-424
-543
266
524
60
-194
-82
33
170
109
-188
-255
97
384
-251
-633
216
283
-410
-257
61
79
148
155
-294
-250
305
197
-334
-306
-16
-100
-244
-133
-32
-67
223
-272
-184
426
-6
-129
-55
6
234
208
-43
-204
53
291
-122
-217
116
182
-92
-138
125
13
-70
148
-49
-168
195
36
-159
-103
99
271
-41
31
250
16
150
199
-58
133
357
165
-12
153
205
35
-13
-14
9
104
94
105
-75
-11
173
79
168
100
92
95
151
217
144
87
123
182
196
134
102
118
26
156
160
159
155
58
63
66
40
60
53
58
73
61
25
-8
70
80
9
14
107
57
108
104
36
73
89
118
67
94
116
91
5
8
44
31
67
43
-37
-9
-24
-142
-27
-65
-118
2
-108
-117
-26
-43
-70
-147
-17
-41
-57
30
-100
-94
-164
-4
-98
-252
47
24
-153
-8
-114
-316
-115
-107
13
-77
-233
91
-147
-284
91
-200
-245
-5
-148
-202
-160
-28
-52
-167
-187
-105
-161
-48
-107
-309
-132
-38
39
-209
-266
1
-188
80
38
-159
5
-169
-44
18
-168
27
44
-145
-10
-81
-33
73
-166
-177
-121
-68
96
-22
-32
-99
10
247
-118
-189
-29
34
183
130
-51
-120
-5
160
-146
-262
-39
-55
160
-21
-76
1
-120
-23
-216
-133
282
124
-73
-184
-314
92
122
-177
-116
-93
-48
120
-114
-57
26
-47
-59
-306
-158
147
164
-40
-244
-86
112
96
31
-290
-173
-75
-77
-24
-102
22
52
3
-11
-100
-148
122
-23
-91
-28
54
-81
-47
-2
-86
174
138
52
-158
-279
66
137
-68
16
103
231
151
-74
-243
-286
28
-24
12
105
191
415
21
-163
-42
-32
107
70
-114
229
326
270
207
-127
-20
251
132
-34
143
19
284
131
65
73
98
278
119
197
-55
215
303
110
184
92
-12
179
268
-50
8
39
282
230
-128
5
43
53
248
46
-57
254
322
68
-121
-29
97
92
-120
-54
-7
159
202
-30
-132
-21
307
90
-27
32
41
89
79
-16
-44
-2
74
-49
-156
-120
-226
-105
-183
9
50
32
19
-157
-154
-48
-143
-230
-23
-176
-28
124
59
-121
-236
-116
-136
-247
-85
76
-86
-71
-169
-292
-221
186
40
-226
-128
77
58
-103
26
-72
13
145
113
-74
48
322
18
-356
-105
122
59
97
32
-129
185
221
25
-96
-74
396
53
-42
335
185
445
183
-17
11
219
419
-29
-216
-37
223
275
211
116
-29
-118
-30
-118
-140
46
24
90
129
300
149
-127
-198
-129
-202
44
263
156
353
-29
-13
-93
-285
-78
-322
-193
-38
64
129
-70
-129
-274
-410
-355
-356
-155
73
-32
133
83
16
-93
-240
-325
-218
-229
-45
144
44
256
-69
-256
-185
-228
-185
-339
-48
7
-4
33
-207
-108
-255
-210
-279
-361
-61
75
59
-4
126
29
49
-101
-59
35
-11
120
-87
-94
-11
-79
-12
-116
-51
-24
-227
-67
-46
48
60
75
227
240
124
14
-5
59
222
142
92
112
219
259
172
164
136
12
64
90
106
296
204
89
106
-10
24
-70
-4
188
159
74
87
57
154
196
14
-93
17
118
115
66
44
133
84
-120
-139
-131
-19
-15
-112
-187
-30
106
-1
-53
-37
5
-40
-135
-372
-112
55
198
117
-195
-77
-125
-155
-78
-236
-175
-68
-25
65
-18
-100
-130
-225
-190
-53
-93
-5
-12
10
-1
-69
19
-104
-205
-94
7
87
221
93
-94
-122
-2
114
-15
-70
-72
-99
-19
92
50
58
108
118
-99
-160
41
80
30
88
36
74
154
133
88
-33
7
3
-34
65
217
238
167
104
43
-16
55
20
14
32
145
138
154
150
4
112
4
26
50
121
215
75
87
139
128
17
51
-4
-73
85
123
56
-26
97
21
-123
26
125
92
-52
-8
17
-79
58
139
-8
-6
93
-62
-233
-137
109
-19
-143
-24
-40
-7
93
51
-145
-143
-29
-7
-138
31
73
-187
-86
-62
-23
-27
-56
1
-169
-71
46
-65
-51
23
56
-25
-145
-69
-87
-129
-52
23
6
124
75
-39
-47
-105
94
1
-23
-20
-6
32
-57
-91
-95
-66
-78
5
-92
-76
-25
-28
50
-74
13
27
-69
-35
-122
-84
27
115
87
7
-3
-12
-81
-157
-83
-48
-5
77
30
0
49
44
-69
-186
-161
-50
-65
43
8
-12
-5
49
13
-125
-43
19
20
-12
108
34
27
53
-18
-63
-110
57
26
-103
-23
87
49
15
26
-44
-206
-144
25
35
89
188
111
-23
-102
-60
-71
-153
46
56
30
33
38
-47
-120
-137
-115
-155
-92
84
107
92
14
-36
-126
-164
-81
8
99
166
102
29
-22
12
12
-84
-62
26
77
101
17
58
3
-44
-39
6
142
184
245
79
-21
57
125
100
33
-7
25
149
168
159
73
-18
34
42
2
94
137
156
106
68
70
-10
74
74
18
21
45
91
60
22
75
92
96
85
32
41
19
-65
-126
-140
-21
111
100
64
-46
-43
-10
-60
-137
-127
-17
147
227
113
47
-118
-125
-133
-164
-55
0
98
77
9
10
-54
-110
-142
-125
9
87
75
10
-63
-139
-97
-116
-75
-2
5
85
7
32
1
-62
-35
-43
-33
-1
22
32
3
-65
-25
-99
-102
-89
-130
-12
52
94
59
-24
-18
-30
-104
-37
-46
21
79
51
27
-21
-43
-76
-84
-38
77
-21
4
-10
-24
10
-16
9
-44
-33
35
15
-55
-24
-76
-55
-46
27
99
43
25
-46
-112
-65
-16
43
53
54
104
56
-7
-49
-70
-69
-11
-36
58
61
18
19
-65
-46
-53
37
27
-5
31
60
33
-8
-5
-57
-13
17
64
5
1
50
-49
-87
-30
4
44
38
93
91
10
1
-56
-75
-29
63
37
-2
-8
19
6
-66
-49
-41
-19
2
10
49
37
-31
-50
-89
-66
-2
40
43
-54
-58
-85
-71
-41
35
67
37
15
-10
-59
-98
-78
-75
-47
15
93
80
35
-13
-45
-86
-59
25
41
83
82
46
-55
-119
-93
-79
-48
2
64
72
85
67
10
-64
-73
-9
11
36
69
96
96
53
49
25
12
15
21
2
-5
34
63
61
42
41
46
44
52
19
4
21
51
83
46
45
25
-12
-32
-30
-16
47
64
61
42
37
55
31
-7
-23
-3
-6
-2
-36
-9
-1
11
1
-56
-68
-67
-52
-37
-31
6
22
13
10
-12
-23
-40
-47
-45
-12
30
39
10
-53
-52
-65
-37
11
29
24
7
30
13
12
-8
-7
9
37
84
60
23
29
29
24
26
64
75
46
28
-29
-67
-43
24
13
6
48
79
65
12
-10
-52
-62
-20
3
0
55
81
34
-35
-54
-47
-60
-43
-4
19
22
57
29
-10
-16
-14
-53
-94
-76
-37
14
31
20
-29
-87
-72
-41
-34
-32
-8
20
25
30
