SAMPLES:	9577
BITSPERSAMPLE:	16
CHANNELS:	1
SAMPLERATE:	16000
NORMALIZED:	FALSE
12
9
3
-1
-3
-4
1
12
14
6
1
2
7
10
12
8
6
4
2
-1
-3
-1
-3
-2
3
8
8
8
5
-1
-8
-5
-1
1
-1
-1
5
10
6
1
-4
-2
8
16
21
21
16
14
13
9
9
11
13
11
6
3
4
4
2
1
1
2
2
2
6
13
12
6
5
6
5
0
-6
-8
-6
-4
-3
-10
-11
-8
-1
4
-3
-10
-14
-18
-15
-10
-4
-1
-3
-8
-14
-11
-7
0
5
0
-8
-8
-3
4
7
2
-5
-12
-12
-7
0
1
-2
-4
-8
-5
0
6
7
5
7
10
8
9
8
3
1
5
4
0
0
-1
-7
-13
-16
-17
-19
-16
-12
-10
-7
-4
-4
-6
-10
-12
-13
-12
-8
-10
-16
-18
-19
-19
-18
-15
-10
-9
-14
-14
-8
0
3
4
7
16
24
24
20
16
10
11
13
10
6
5
8
8
9
13
15
14
15
15
18
23
25
22
21
16
11
8
14
17
17
14
2
-2
4
11
9
2
-2
-4
-6
-2
-3
-5
-7
-6
-6
-4
-5
-5
-3
-2
-2
-5
-10
-16
-11
-7
-6
-7
-7
-7
-5
-1
3
2
1
2
3
-2
-6
-6
-11
-10
-4
-3
-3
-3
1
8
17
19
20
20
12
6
6
4
4
4
4
5
1
2
6
7
7
12
14
12
4
-2
0
2
3
-1
-7
-9
-3
0
5
1
-7
-10
-10
-9
-5
-4
-4
-4
-6
-8
-9
-9
-9
-9
-8
-10
-11
-10
-5
1
2
0
-4
-7
-6
-3
4
9
9
7
0
-5
-9
-10
-5
0
3
2
2
0
-4
-4
-3
-6
-6
-6
-4
-2
3
3
5
1
0
0
-2
-2
3
7
5
2
2
4
4
4
9
9
6
5
5
5
6
6
10
11
6
3
1
-5
-6
0
1
1
-5
-9
-10
-11
-10
-6
-2
1
6
8
5
2
-2
-4
-5
-6
-6
-4
-2
0
5
8
8
6
0
-7
-10
-7
3
8
2
0
-3
-5
-2
1
1
-4
-11
-17
-19
-12
-3
-4
-7
-10
-8
-1
1
3
3
1
3
3
1
0
-6
-6
-4
-3
-2
0
4
8
11
9
5
4
1
0
5
9
10
10
9
8
5
4
3
5
10
10
12
14
14
15
18
17
7
0
-5
-6
0
6
3
1
1
0
1
0
-5
-9
-13
-10
-6
-6
-7
-6
-3
-6
-7
-8
-13
-13
-11
-7
1
3
-1
-9
-16
-16
-11
-6
-5
0
5
7
9
8
5
3
2
4
3
1
7
14
14
11
7
2
-3
-7
-6
1
13
17
21
21
19
19
19
16
16
17
15
10
3
-1
-1
3
3
5
6
9
11
12
6
1
-2
-6
-5
-3
-1
1
2
1
-3
-7
-8
-10
-10
-13
-13
-12
-13
-12
-7
-2
3
-1
-10
-12
-10
-11
-12
-14
-8
0
-4
-6
-11
-13
-7
-4
-5
-10
-12
-11
-10
-10
-12
-12
-12
-7
-1
1
3
7
2
-5
-4
-5
-1
0
2
4
4
1
1
-1
-4
3
9
8
9
14
13
7
6
3
2
1
6
9
5
-3
-6
-2
3
6
4
5
4
5
3
-2
-6
-7
-6
-7
-5
-3
-5
-8
-5
-5
-6
-1
3
1
-3
-7
-4
-1
-1
0
1
4
5
3
4
4
7
8
9
9
8
9
8
9
10
11
7
7
6
6
3
-1
-2
-1
-3
0
2
6
8
7
7
5
3
8
9
12
13
7
-1
-3
-6
-8
-6
-8
-8
-12
-13
-10
-11
-5
-1
-2
-3
-5
-5
-2
3
1
-2
-7
-12
-9
-4
-4
-6
-3
-4
-6
-10
-10
-10
-15
-20
-19
-14
-10
-5
-11
-19
-18
-18
-16
-11
-8
-10
-8
-7
-5
1
2
0
-4
-7
-5
0
5
3
-5
-9
-9
-8
-11
-10
-7
-6
-1
4
2
6
11
13
15
15
13
10
3
-4
-8
-10
-6
-6
-10
-9
-4
-3
-4
3
4
2
8
13
12
11
7
2
-3
1
4
7
7
5
7
7
6
9
7
4
9
10
7
8
5
3
6
10
13
12
8
2
-1
-4
-2
3
3
2
2
0
7
12
16
16
14
8
5
14
18
19
20
17
11
11
11
11
9
7
5
0
-1
0
0
2
7
14
13
15
13
5
7
9
5
4
7
9
9
4
3
2
-1
-2
-6
-4
-2
1
4
1
-4
-8
-4
1
1
-1
-4
-7
-10
-8
-6
-7
-8
-12
-16
-15
-16
-12
-10
-15
-16
-14
-21
-24
-27
-29
-34
-35
-34
-34
-34
-29
-21
-15
-12
-12
-14
-17
-20
-19
-13
-8
-6
-5
-6
-7
-11
-8
-3
-4
-5
-11
-12
-12
-12
-9
0
1
6
13
18
21
22
22
21
18
21
21
15
11
7
8
6
10
12
13
10
10
12
20
26
24
16
10
5
4
0
4
0
-2
-2
1
4
2
3
0
-4
-3
1
-6
-12
-17
-14
-21
-17
-15
-16
-16
-7
-11
-6
-12
-10
-3
-5
-6
-1
-9
-10
-9
-9
-4
-5
3
-1
2
1
6
6
12
16
22
14
22
22
30
26
29
25
22
23
10
14
6
12
20
20
8
15
2
13
12
17
17
6
2
-3
-6
2
5
0
7
1
17
8
7
14
5
6
13
-1
5
0
-2
4
-4
8
1
1
-4
-7
-15
-8
-17
-14
-13
-7
-4
-4
-5
-2
-8
-12
-10
-19
-7
-7
1
-4
-9
-11
-5
-10
4
-3
1
-9
-10
1
6
6
5
1
-7
3
5
19
5
8
-3
4
7
14
8
14
14
17
21
20
23
20
21
18
24
10
19
12
0
-1
-1
7
19
26
31
23
27
35
34
35
33
23
28
7
3
9
12
21
21
17
26
9
7
0
-2
25
10
-11
-19
-17
-8
7
6
37
19
2
-17
-41
-37
-20
-9
4
-24
-8
-37
-86
-82
-84
-46
-2
-23
-34
-56
-67
-82
-119
-90
-72
-74
-53
-84
-106
-91
-101
-53
-80
-49
-39
-83
-84
-50
-39
-26
-18
10
9
-4
-18
11
-7
18
41
-4
31
16
21
20
66
88
54
24
41
-14
57
67
97
80
39
44
23
22
65
59
-8
17
-38
11
8
8
-5
-9
0
-16
-72
-63
-89
-54
-44
-12
-5
-55
-70
-155
-81
-30
35
-18
-26
-31
-67
-106
-77
-101
-82
-69
-87
-47
-94
-43
-87
-66
-34
-7
-33
-26
-55
-23
-74
-35
39
33
89
85
60
75
157
175
172
114
178
100
83
70
137
120
151
145
138
202
208
198
154
157
156
107
91
170
174
220
167
170
111
68
41
-3
0
81
19
-12
-40
-58
-77
-136
-92
-62
-51
-50
-129
-208
-176
-203
-118
-158
-159
-151
-189
-147
-100
-146
-128
-177
-160
-79
-57
58
73
83
94
116
178
183
103
77
98
232
269
308
249
251
236
239
310
327
356
392
371
488
488
422
424
348
471
445
394
383
430
561
486
431
255
-185
-526
-642
-210
173
6
-485
-874
-961
-931
-917
-739
-446
-413
-692
-918
-850
-702
-670
-677
-539
-265
-164
-281
-374
-372
-216
-105
-115
-49
42
-63
-273
-290
-171
-135
-181
-219
-324
-449
-547
-550
-581
-826
-766
-739
-864
-1013
-1064
-903
-582
-491
-677
-724
-530
-376
-307
-37
359
489
433
534
740
910
1167
1317
1317
1547
1812
1879
1770
1958
2126
2054
2123
2252
2256
1831
1398
1218
1009
1311
1465
1136
337
-464
-958
-1110
-685
-269
-563
-1183
-1506
-1572
-1650
-1522
-1120
-886
-850
-686
-352
-227
-183
-149
65
425
906
1153
995
711
568
759
1061
1155
1084
762
300
-119
-310
-228
-228
-398
-729
-1098
-1401
-1588
-1697
-1702
-1624
-1568
-1670
-1841
-1878
-1754
-1533
-1259
-960
-667
-547
-533
-478
-291
15
313
478
572
508
357
315
429
474
556
263
-68
-610
-1380
-909
-616
-334
-485
-1150
-1370
-1394
-1145
-855
-730
-154
-71
-161
69
344
578
650
994
1257
1529
1816
1866
1528
1865
2013
2100
2249
2293
2374
1855
1734
2093
2028
2039
1822
1485
1244
971
1217
1220
1299
1348
131
-1618
-2004
-936
715
390
-1197
-2009
-1950
-1581
-2012
-2133
-1049
-709
-1416
-1720
-948
-331
-1116
-1638
-1090
-92
370
69
-440
-614
-264
194
140
141
350
181
-427
-798
-455
68
-29
-515
-831
-925
-1139
-1487
-1510
-1213
-987
-1268
-1736
-2594
-2991
-2141
-1272
-598
-860
-1703
-1862
-1606
-945
-402
-18
189
-132
-102
495
897
885
865
876
967
1504
1882
1479
1034
1356
1777
1825
1991
2074
2071
1715
1851
2359
2479
2885
3035
2836
2689
2739
2944
2467
2136
2111
1848
2374
2258
1449
-355
-1501
-880
-153
482
32
-1428
-2334
-2375
-2209
-2274
-1947
-1102
-1388
-2234
-2200
-1304
-945
-1212
-1172
-286
278
365
130
-3
374
785
1107
1169
1123
978
521
75
103
478
710
223
-515
-1045
-1159
-1468
-1798
-1667
-1265
-1235
-1855
-2515
-2564
-2370
-2246
-2058
-1598
-1335
-1338
-1611
-1617
-1199
-538
-727
-1382
-800
-291
409
205
-464
-409
-200
177
295
124
207
-526
-639
57
485
229
-282
-537
-673
-267
368
552
352
547
499
251
378
1261
1480
1672
2016
2618
2908
2969
3475
3668
4258
4473
3932
3516
3204
3599
3212
3179
2490
-351
-1324
-704
1379
1197
-1748
-3101
-3065
-2590
-2782
-3160
-2213
-2097
-3075
-3454
-2312
-1010
-1338
-1773
-1206
-176
790
1113
620
479
1032
2078
2330
1952
2150
2197
1477
897
1160
1869
1689
568
-396
-530
-678
-1511
-2035
-1912
-1737
-2217
-2979
-3396
-3006
-3146
-4311
-4307
-3740
-2645
-2004
-2543
-2382
-2170
-1775
-1398
-947
239
387
-177
-38
786
1276
875
827
875
760
903
952
770
732
797
760
530
648
997
516
469
1179
1804
2205
1854
1721
1871
2279
3422
3974
3791
3721
2801
2327
2712
3564
4254
3661
1804
-996
-1686
-167
1696
1605
-804
-2500
-2668
-2509
-2440
-2557
-1796
-1605
-2621
-3070
-2091
-1158
-1794
-2201
-1296
-20
623
597
255
102
512
1440
1998
2045
2108
2114
1372
686
786
1494
1800
1100
84
-389
-889
-1443
-1539
-1233
-1069
-1622
-2642
-3083
-4279
-3824
-3693
-4965
-3931
-4408
-3128
-2308
-3311
-3278
-3429
-2030
-859
-998
174
-136
-461
257
992
1481
1279
1062
505
-33
1022
2148
1497
1320
1401
1303
995
1283
2335
2351
2077
2470
1517
1774
2694
2978
3406
3563
4364
4508
3503
2783
2830
3611
4444
4440
3522
2543
-550
-3030
-2041
974
3219
127
-3767
-4438
-3236
-2543
-3312
-2685
-1012
-1646
-3419
-3420
-1483
-1048
-1858
-1831
-457
896
1040
352
-228
443
1950
2772
2134
1656
1822
1340
439
428
1571
2444
1212
-642
-1382
-980
-1314
-1905
-1618
-983
-1178
-2655
-4190
-6475
-5900
-3931
-2550
-960
-2736
-4738
-5018
-4180
-2216
-1196
156
278
-1226
-880
-36
506
951
1354
1073
675
1158
1253
175
545
2034
2052
1390
1472
1746
1105
978
2062
2513
2639
3115
2693
1650
1963
2949
3360
3906
4894
4699
3957
2588
2201
2817
3509
4220
3458
2350
-1266
-3722
-2667
851
3295
-311
-4515
-4870
-3469
-2700
-3899
-3133
-1225
-2102
-3879
-3670
-1609
-1152
-2188
-2100
-228
1151
1098
176
-535
69
1886
2703
2183
1842
2069
1622
529
275
1562
2645
1397
-681
-1369
-781
-1154
-2057
-1832
-736
-905
-2793
-5023
-5597
-4581
-3536
-2666
-3231
-3856
-4025
-4007
-2834
-2387
-1999
-890
-923
-586
-18
215
436
627
1376
1324
993
1299
983
474
1095
2332
2350
1522
1427
1425
1158
1647
2190
2458
2836
2873
2488
1999
2313
3637
3994
4037
4335
4125
4647
3594
3268
3698
4278
5047
3673
2784
1380
-3039
-3738
-1582
2667
3363
-2598
-6494
-5965
-3338
-2971
-4268
-2648
-1390
-3513
-5347
-4136
-1182
-1151
-2376
-2225
-365
1131
795
-546
-518
1089
3156
3314
1934
1379
1589
1353
806
1400
2923
3117
749
-1639
-1345
-351
-921
-1671
-1717
-821
-2186
-6250
-7096
-5229
-3354
-3325
-5013
-4561
-3616
-4174
-4970
-3792
-812
85
-1344
-1560
-138
640
147
440
1797
2202
1231
388
511
1619
2259
1837
1658
2161
1998
794
546
1752
2786
2914
2970
2751
2253
2161
2468
2910
4347
4803
4403
3966
3851
5513
5635
4885
4213
3923
4357
5046
4379
3281
-653
-3577
-2462
707
4228
640
-5597
-7121
-4680
-2421
-3696
-4447
-2097
-3068
-5916
-6087
-2233
-223
-2620
-4166
-1859
941
1083
-522
-1264
134
2175
2767
2146
2039
2374
1730
474
736
2368
3245
1730
-616
-1500
-841
-1098
-2378
-2867
-1991
-1560
-5882
-10681
-9496
-5572
-2461
-3575
-6183
-6895
-6993
-6340
-4463
-1545
286
-1634
-3417
-1765
766
1388
632
648
1474
1439
1319
1763
1759
2102
2387
2759
3326
3052
1904
741
1412
3299
4205
3955
3234
2348
2257
3198
4108
4683
5055
4536
4279
5105
5734
6305
6328
5620
5091
4946
5468
5715
5191
1183
-3858
-3834
182
5418
3358
-4728
-8744
-6538
-2851
-3323
-5406
-3527
-2592
-5610
-7893
-4750
-759
-2030
-5003
-3690
237
1187
-815
-2100
-356
2643
3741
2592
1875
2140
2008
1223
1226
2453
3833
3022
417
-1130
-800
-360
-1179
-2069
-1384
-297
-2552
-5996
-7505
-9801
-7787
-6049
-3991
-920
-6015
-10502
-9377
-4731
-329
-925
-1353
-1981
-2828
-846
369
1816
2854
1563
-324
-122
2434
2618
133
1276
4173
3943
2089
1132
1082
1558
2975
4569
4215
3950
3581
2105
1817
3844
5270
5296
4896
5110
5135
5601
5794
6403
7496
7128
5889
4865
5307
6734
4851
-3028
-5068
-1108
5755
6127
-3850
-9698
-7211
-3038
-3470
-6315
-3719
-1648
-5578
-9530
-6720
-499
-1090
-5196
-5042
-780
1034
-1164
-2600
-656
2358
3753
2727
1556
1616
2174
1555
1522
2550
3999
3547
461
-1780
-1116
79
-669
-2353
-2018
-476
-2189
-6368
-8582
-7646
-6651
-6828
-7430
-5673
-4974
-7441
-7858
-6233
-3739
-2126
-2391
-2382
-1828
-690
-132
136
2113
2575
580
-216
722
1815
1441
2194
3878
3148
1604
1493
1527
1600
2941
4046
3979
3350
3263
2571
2696
3801
4671
4733
4646
5691
5443
4655
4804
6208
8096
8547
7804
5111
4555
3894
6631
4816
-3401
-3532
-172
6316
3823
-6163
-8396
-5801
-2852
-4154
-6338
-2168
-2278
-6999
-9542
-4336
1198
-1911
-5950
-4749
-498
635
-682
-972
449
2794
3403
2434
1570
2660
3961
2581
1463
2440
4822
3775
-138
-1574
496
1144
-1315
-2857
-1517
-553
-3077
-7236
-7081
-5066
-6609
-9388
-9570
-6244
-4362
-6130
-8067
-7095
-4454
-3473
-3827
-2831
-791
-500
-1663
-746
2004
1917
126
-573
270
1817
2177
2124
2368
2219
2042
1775
1727
3165
3912
3121
2770
3416
3780
3479
3505
3857
4243
4943
4127
4063
5655
6338
6918
6206
5980
7786
6210
5310
5437
5549
6207
-1908
-6095
-1675
4613
7053
-1967
-8618
-6859
-3411
-2954
-5786
-3439
-348
-4018
-8334
-7158
-894
-251
-4464
-4744
-911
1394
-142
-1959
-983
2343
4149
3170
1927
2313
3602
2434
826
2126
4883
4876
1101
-1566
-743
380
-1246
-2951
-1760
-198
-2241
-6317
-7912
-7130
-6682
-9297
-9011
-4925
-3701
-6050
-9625
-8876
-4559
-1925
-1851
-2895
-1881
-1043
-2062
-1083
1618
3032
916
-673
235
1167
1804
2204
2501
2982
2819
1846
1013
1627
3787
4692
3667
3659
3211
2141
2931
4395
5303
5476
3984
3993
5486
6821
6882
5914
6289
6704
6492
6168
5482
5985
4725
-2386
-5611
-1503
5472
6706
-2939
-9553
-7281
-2464
-2455
-5842
-3823
-581
-4021
-8377
-6548
-518
109
-4065
-4167
-329
1490
-117
-1618
-698
2505
4619
3345
1628
1946
3400
2803
1161
2000
4518
4566
888
-1997
-1058
23
-1299
-2942
-1749
-406
-3096
-8353
-11416
-8233
-6017
-7187
-7105
-6962
-6537
-7895
-9396
-7045
-3151
-433
-2930
-4404
-1295
-529
-865
263
1602
1947
546
596
879
1254
2790
3617
3393
3337
3330
2654
1778
3173
5088
4654
4427
4111
3859
3711
3927
4571
5152
4702
5016
5723
7220
7325
5893
6188
6423
6628
5912
4448
5385
1807
-4306
-4475
522
7390
3232
-6867
-10330
-6812
-2754
-4262
-5049
-1911
-2679
-7275
-9226
-4232
98
-1855
-4574
-3218
183
857
-225
-922
433
3268
4071
2714
1629
2626
2857
1345
1446
3518
4926
2169
-1754
-2284
-538
-304
-1921
-2896
-2202
-2507
-5667
-10381
-11677
-8820
-5177
-3206
-4591
-7770
-10194
-9695
-6312
-2411
371
-635
-3472
-3430
-1065
851
2188
3132
2491
432
394
2609
3559
3528
3785
3691
3140
3111
3501
3192
3193
3887
4613
4740
4749
5000
3363
3250
3979
4263
5001
5199
6360
6716
5825
5291
5412
6981
5491
4113
4130
6205
2447
-5575
-5736
603
6861
2084
-7414
-9474
-5677
-3585
-6637
-6243
-988
-2196
-7998
-10199
-4553
-466
-2678
-4396
-2980
-78
391
-665
-1021
851
4336
4447
1646
830
3660
4421
1732
498
3190
5537
2450
-1824
-1795
550
218
-2842
-3712
-2398
-4020
-10503
-12662
-7049
-2173
-2447
-8182
-11241
-8790
-6485
-5340
-3519
-92
322
-3798
-4345
-216
3406
3321
1714
1878
2661
2763
2859
3324
4796
6267
5308
3579
3475
4183
3860
4189
5083
6322
5416
3639
2932
3100
4067
4247
4851
5549
7416
6156
4027
3987
5850
6604
4407
3372
5404
3458
-4161
-7710
-2760
5905
4880
-5065
-11052
-7922
-4061
-6528
-7650
-2200
135
-6488
-11861
-7938
-1588
-2039
-4750
-3150
95
355
-2170
-3238
-415
4438
5989
3070
852
2527
3967
1687
549
3600
6777
4351
-1027
-2669
-740
-529
-2113
-2327
-1957
-3938
-9189
-11763
-8596
-3835
-3076
-6117
-8640
-8774
-7736
-6908
-5035
-1609
635
-1311
-3692
-1998
656
1093
1256
3121
4458
3433
2754
3226
3671
4563
5475
5758
5256
4601
3707
2998
4136
6295
6848
4995
3549
2842
3190
3702
4415
6214
7072
5965
4402
4231
5527
5978
4701
3681
4761
5674
-878
-6694
-5268
2355
6419
-598
-8551
-8706
-4759
-5549
-8224
-4425
200
-3304
-10329
-10190
-3458
-1508
-4538
-4611
-1352
-344
-1939
-2520
-1029
2102
4112
3442
2068
2417
3595
2320
885
2678
5783
5555
1526
-1488
-1173
-480
-871
-913
-79
-1548
-7605
-12993
-11020
-4732
-1227
-4217
-9337
-10099
-8047
-7298
-6340
-2305
608
-1794
-4489
-2226
926
951
216
1756
3753
3247
1983
2203
3356
4504
5011
5380
5951
5229
3373
2467
3677
5697
6338
5451
4621
4081
2937
2410
2765
4928
7237
7574
5626
4248
4644
5191
4409
3771
5539
8504
6863
-3392
-9471
-5096
4629
7003
-1271
-7924
-6844
-5265
-8703
-8781
-1266
2162
-5151
-11746
-8496
-2777
-3630
-6038
-3532
271
-209
-2937
-3397
-1620
1817
4176
3775
2695
2806
2704
521
-207
2705
6381
5456
1015
-1537
-1387
-1211
-2034
-2046
-24
835
-4065
-11147
-12888
-9009
-4554
-3180
-4452
-6418
-8699
-10750
-9196
-3641
935
312
-2314
-2533
-1716
-1321
797
3970
4475
2596
1720
2030
2159
3376
5376
6299
5510
4321
3783
3374
3712
5467
5880
5646
4966
4163
3624
3103
3702
5301
5371
6243
7989
7208
5239
2964
2340
4656
8925
10677
6410
-4947
-10358
-6023
4183
8817
1958
-6731
-9374
-7889
-8419
-7147
-503
2452
-4885
-11574
-8883
-3543
-3765
-4997
-2256
371
-792
-3039
-3451
-2138
1137
4079
4782
3657
3038
2357
-81
-569
2749
7139
6887
2318
-1780
-2538
-1845
-1364
-435
1667
1213
-5139
-12601
-14482
-8594
-2989
-2233
-4251
-7514
-10696
-12142
-9025
-2662
2143
1315
-2930
-4685
-3016
-1022
1623
4301
4452
2516
938
721
1305
3374
6069
7122
5412
4045
3588
3421
3708
5033
6891
6967
6172
4043
1931
1780
2898
5279
7771
8270
5973
3916
3485
3819
5298
6201
6664
7069
2027
-6383
-6996
-750
5745
4126
-2804
-7390
-7499
-6872
-7555
-5138
79
401
-5544
-10042
-7617
-3399
-3985
-4407
-996
866
-1621
-4028
-3518
-693
2612
4571
4186
2403
1780
1114
-8
1125
4713
7056
4341
-257
-2093
-1558
-1119
-946
212
978
-582
-8342
-15756
-12251
-4915
101
-2109
-8130
-11053
-10927
-9124
-6287
-396
3020
-1501
-5096
-3375
-689
1073
2357
3496
2822
2270
2493
2038
2271
4995
6851
5411
4438
4875
4700
3416
4409
6505
6241
6791
6225
3823
2729
2546
4109
5490
7582
8176
6933
4691
2713
2232
4121
7046
7889
3881
-4319
-7180
-3802
3117
4765
-940
-6816
-7391
-6388
-7642
-6815
-1256
601
-4837
-9430
-6810
-2570
-4053
-5233
-1976
828
-665
-2568
-2164
-343
1456
2690
3581
3612
3646
2404
219
515
3176
5398
4562
1895
-204
-1497
-2574
-2623
-582
1121
-962
-7706
-12810
-11152
-6358
-2854
-3827
-6552
-8485
-9770
-9568
-6381
-1197
670
-2008
-3519
-2077
-538
70
1069
3137
3493
2200
2151
3016
3618
4157
4799
5696
6224
5463
4685
4473
4843
5349
5832
6417
6535
5294
3505
2346
2755
5772
8034
8602
7089
3829
1502
1818
4388
7315
6592
-680
-7115
-6603
336
5100
578
-6662
-8201
-5901
-6945
-8246
-3517
625
-3794
-10057
-8629
-2574
-2157
-5322
-4653
-1288
-820
-2430
-2048
-39
2101
2013
1018
1643
4068
4875
2236
235
1739
4529
4513
2384
1149
683
-1144
-3323
-2585
873
1515
-2982
-11254
-14275
-9236
-3993
-886
-2804
-8091
-11917
-11220
-7418
-2813
1911
1498
-3754
-4954
-1264
1387
2460
3642
3938
2065
952
2878
4637
5244
6635
6280
4885
5345
6041
5542
4989
6624
7224
6239
5745
5760
5031
3391
3529
3992
5982
7666
7050
5890
3448
2214
1514
3537
7200
2973
-4772
-7448
-2658
3409
1057
-4692
-7541
-6312
-7313
-9638
-5737
269
-1603
-9100
-10644
-5416
-2388
-4460
-4943
-1869
-1523
-3257
-3173
-1303
1482
2426
1798
825
1738
3786
3158
858
1075
3743
4250
1798
162
787
597
-1903
-3397
-1015
892
-3231
-10534
-11890
-7124
-3098
-2868
-4943
-6923
-9320
-10378
-7576
-2079
1667
-26
-3729
-3523
-474
1584
2556
3621
4149
2856
1752
2983
5003
6360
6394
5676
5220
5501
5913
5604
5542
6168
6481
6571
6513
5745
4511
3934
4045
5008
6505
7441
6006
4342
3798
2836
2088
2983
5957
2850
-4898
-8210
-3303
4067
2649
-4893
-8292
-6394
-6877
-10030
-6839
669
-182
-8789
-12041
-6246
-2651
-4629
-5119
-1884
-1012
-3792
-4442
-2163
1293
2881
1909
641
1469
3226
2439
797
1554
4326
4920
2039
-211
222
829
-1065
-2885
-1335
713
-4041
-11444
-11879
-6086
-1410
-3086
-5940
-6859
-8580
-10529
-8087
-1377
2843
457
-3824
-4209
-979
1434
2046
3513
4741
3412
1166
2058
5274
7289
6853
6219
5876
5544
5485
5594
6292
6497
6764
6888
6205
5351
4298
3755
3634
4927
7086
7751
6368
3473
1599
1595
3408
4681
5766
1419
-6323
-8751
-3767
3830
2938
-4048
-8020
-7756
-8704
-9931
-5433
1317
-780
-8798
-11579
-6505
-3355
-4764
-4129
-1101
-944
-4099
-4362
-1547
1482
2131
1322
1275
2311
3003
1554
265
1341
3994
5173
3286
835
3
-552
-1769
-2314
-808
-710
-5120
-10339
-10322
-5156
-2817
-4400
-5916
-6485
-8025
-9125
-6093
-1353
603
-548
-2402
-2090
-113
1112
1955
3170
4308
3943
3311
4442
5829
6010
6223
7116
7279
6507
6551
6945
6028
5929
7144
7515
6855
5549
4389
4243
4191
5379
7147
7948
6502
3410
1554
1895
2866
4067
2502
-2896
-6553
-5324
603
1762
-3310
-7577
-7098
-6918
-9400
-7873
-1255
-33
-6938
-11395
-7338
-2665
-4136
-5133
-1994
-550
-3223
-4209
-1293
2174
2422
1098
970
2058
3078
2715
2068
2121
2962
3146
2659
1896
1004
50
-1323
-2698
-2676
-2877
-5360
-8449
-9523
-6644
-4370
-5752
-7523
-7486
-7480
-8035
-6672
-2823
-535
-1459
-3201
-2607
-118
1437
1804
2488
3567
3177
2654
4292
7079
7604
6594
6227
6551
6513
6896
8034
7606
6467
6010
6615
6692
6307
5512
4449
4529
5491
7062
7059
5861
4137
2763
1839
1795
2651
-540
-4455
-5509
-2004
1671
-1111
-6879
-8781
-6576
-6588
-8461
-5247
-742
-2888
-9706
-10856
-4996
-2523
-4515
-4438
-1493
-1813
-4208
-3688
392
3483
2434
666
436
2272
3293
2651
2533
3532
4316
3188
1287
696
945
200
-2008
-3409
-3484
-4775
-7479
-8853
-6435
-3828
-5176
-8507
-8936
-7205
-6336
-5654
-3365
-1075
-1411
-3150
-3116
-690
1534
1838
1634
2962
4389
4212
4324
5962
7648
8068
7633
7749
8156
8118
7991
7940
7868
8222
7841
6502
5978
6252
5330
4342
5441
7381
7526
5547
3244
2403
1673
1398
1141
-2127
-4785
-4968
-1382
186
-3826
-8276
-8402
-6704
-7875
-8544
-4389
-1527
-5689
-10308
-7896
-3148
-3579
-5624
-3819
-1399
-3038
-4276
-1919
1630
2282
771
479
1167
1914
2279
2717
3032
3265
3431
2703
1264
306
670
695
-1640
-3842
-4812
-6088
-7956
-8127
-5190
-3650
-6717
-10270
-9500
-7054
-6188
-5360
-2966
-1395
-2740
-4278
-2604
581
1762
1191
1586
3287
3730
3240
4665
7309
8024
6987
6699
7698
8343
8271
8764
8686
7935
7524
7954
7833
7001
6612
6657
6143
5897
6003
6446
6735
5294
3740
1805
1630
-378
-3873
-5249
-2672
1780
624
-6004
-10168
-8034
-5837
-7647
-7516
-2624
-1641
-8000
-12188
-6981
-1415
-2980
-5845
-3532
-1762
-4335
-5521
-1540
3570
3296
344
-596
847
2100
2510
3060
3431
3823
3547
2452
1027
506
1141
-25
-2542
-4565
-4816
-5333
-7451
-7279
-5226
-4828
-7943
-9884
-7944
-5902
-5698
-5050
-3188
-1658
-2370
-3181
-1430
694
1090
874
2207
4098
4172
3945
5838
7480
7385
7079
8202
8926
8183
8481
9256
9036
7916
7871
8357
8156
7197
5928
5644
6601
7864
7188
5455
3576
3093
3378
3128
186
-4107
-5433
-3593
-191
-674
-5038
-8870
-9154
-8460
-8846
-7153
-2985
-2863
-8470
-11829
-7776
-3340
-4408
-5442
-2791
-1959
-5029
-5771
-1353
2956
2173
-111
-125
1013
1316
1588
3107
3843
3030
2041
1879
1902
1590
935
-274
-2081
-3565
-4597
-6133
-7792
-7440
-5153
-5105
-7773
-9449
-8396
-7075
-7080
-6004
-3365
-2177
-3193
-4149
-2535
136
899
600
1717
3487
3790
3488
4831
7234
7934
7478
7841
8677
8628
8464
8844
9027
8896
8483
8180
7643
7143
6570
6547
7173
7858
7779
7011
5729
3511
1875
2467
4024
1280
-3919
-6333
-2599
1249
-2064
-8271
-9012
-5563
-6673
-10311
-7436
-1194
-3156
-10872
-11080
-3759
-1776
-6344
-6590
-1654
-954
-4775
-4827
562
3451
827
-1070
820
2838
2300
1761
2761
3101
2571
2403
2841
2351
1740
1165
-186
-2228
-2495
-2466
-6258
-10308
-9543
-4298
-2927
-6800
-9691
-8947
-7881
-8426
-6473
-1636
139
-3201
-5626
-2784
1185
1316
788
2696
3748
2211
1828
4820
8009
8179
7478
7878
8142
7751
8103
9231
9506
8747
8467
8817
7941
7112
6908
6883
6293
6388
8093
9056
6427
2653
1265
2398
1859
-1738
-3282
-1563
1229
-993
-6512
-8885
-6504
-5367
-7912
-8379
-4199
-3037
-8321
-11536
-7284
-2599
-4607
-7574
-5106
-1919
-3602
-5582
-2487
2221
2092
-799
-1008
1429
2387
1562
1997
3189
3454
2532
1953
1674
1308
1000
476
-693
-1497
-2600
-5930
-9335
-9804
-5453
-2161
-4634
-9076
-10291
-8759
-8348
-6961
-2813
-170
-2314
-5983
-4949
-392
1598
1018
1551
3072
2671
1267
3095
7294
9022
7871
7120
7848
8076
8009
9199
9969
9155
8271
8352
8293
7544
6874
6853
6748
6365
6797
8002
7430
4255
1432
2146
3705
-63
-4913
-4394
1504
2939
-4249
-10425
-8578
-4874
-7549
-10358
-5268
-254
-5544
-13595
-10930
-2152
-1566
-7155
-6523
-997
-1591
-6367
-5137
2075
4547
435
-1885
586
2981
2129
1679
3288
4352
3494
2480
2268
1974
1823
1035
-287
-1317
-494
-2262
-8088
-12096
-9522
-2861
-2293
-6957
-9779
-8883
-9163
-10468
-6198
671
1138
-4575
-7246
-3227
1066
862
1139
3747
4034
1187
372
4535
8803
8627
6938
7071
7705
7188
7537
9281
9517
8259
7885
8916
8991
7512
6167
6368
6905
7007
7363
7682
6385
3179
741
1303
1235
-1734
-4776
-2652
2079
507
-6857
-10860
-7346
-4883
-7870
-8629
-3320
-1599
-8303
-13058
-7955
-1587
-3169
-6756
-4527
-1283
-3500
-6267
-2712
3075
3477
4
-908
1033
2073
2223
3064
3930
3710
3110
2905
1808
830
990
1130
-459
-1827
-2609
-6014
-10304
-10488
-4357
-251
-4247
-10411
-10963
-7926
-7540
-6928
-1963
1621
-1931
-7062
-5568
414
2441
961
1732
3850
3123
917
2764
7885
9775
7615
6331
7685
8300
7792
8574
9645
9098
8076
8202
8452
7469
6210
6239
6593
7011
7146
7614
6106
3247
1177
2092
2583
-1160
-4707
-3733
823
701
-4716
-8467
-6714
-5633
-8927
-9687
-3862
-453
-6124
-12335
-9029
-2748
-3379
-6709
-4403
-457
-2596
-6432
-3867
2639
3989
667
-580
1545
2453
1526
2305
3862
3858
2674
2509
2250
1342
809
862
19
-1527
-2266
-4521
-8099
-10368
-6898
-2495
-3886
-8685
-10493
-8503
-8407
-8518
-4809
-177
-666
-5073
-5714
-1506
1080
385
1082
3553
3673
1296
1692
6000
8508
7407
6441
7508
7949
7197
7877
8935
8713
7649
8049
8901
8075
6225
5199
6431
7448
7663
8104
6890
4037
920
1118
2293
-293
-3913
-3725
868
1145
-4891
-9809
-7622
-4600
-7118
-9306
-4824
-509
-5291
-12129
-9920
-2714
-2128
-6248
-5220
-1160
-2163
-6389
-4874
1922
4487
1357
-1026
558
1861
1498
2335
4125
4302
2675
1931
1739
1487
1316
1420
373
-1777
-2733
-4588
-7780
-10160
-7536
-3156
-3914
-8336
-10390
-8514
-7814
-8127
-5127
-405
-137
-4186
-5557
-1866
1345
1092
1388
3391
3931
1972
1620
5141
8351
8199
6904
7394
8108
7879
8175
8942
8886
8169
8194
8790
8635
7294
6461
6633
7194
6807
7328
7162
5367
2565
1569
1738
-1259
-4605
-4062
1727
3019
-3634
-10253
-8955
-5144
-6907
-9178
-4691
285
-4396
-12521
-11289
-3647
-1821
-5541
-4852
-1073
-2106
-6678
-5556
1612
5043
2376
-482
268
1208
854
2046
3952
4108
2814
2280
1765
633
301
999
640
-1215
-1742
-3968
-8481
-11575
-8277
-2022
-2222
-7713
-11201
-9609
-8769
-9053
-5394
287
624
-4425
-6737
-3308
517
1226
2286
3925
3591
1293
938
4554
8218
8820
7631
7159
7032
6789
7695
9228
9113
8232
8248
8491
8048
6921
6523
6582
7048
7479
7927
7091
5073
3097
2221
1788
-786
-3356
-3370
777
2495
-2216
-8757
-9543
-6109
-6058
-7824
-5404
-1045
-3340
-10616
-11642
-5277
-1487
-3934
-4940
-2280
-1948
-5398
-5475
558
4811
3032
-335
-244
915
1070
2207
4114
4153
2458
1766
1830
1014
307
750
981
-763
-1969
-3577
-7657
-10979
-9302
-3222
-1493
-6485
-11477
-10824
-8688
-8730
-6667
-1134
968
-3377
-6958
-4862
-395
1345
1955
3145
3304
1962
1088
3492
7224
8865
7940
6853
6720
6816
7871
9539
9492
8218
8387
8802
8337
6968
7071
7356
6903
7058
7986
8729
6312
3174
1592
2725
1586
-2673
-4775
-1037
3541
285
-7329
-10123
-6264
-5071
-8200
-7758
-2265
-1024
-8336
-13110
-8341
-2106
-3128
-6032
-3915
-1491
-3824
-6337
-2452
3248
3964
781
-663
181
1002
2133
3554
3630
2503
2321
2632
1303
-27
648
1816
194
-2221
-1675
-2509
-8018
-12563
-9498
-2823
-1690
-6591
-10133
-9426
-8986
-9373
-5970
134
1172
-3073
-5766
-3866
-748
1175
3000
3856
2769
1277
1710
3916
6394
8256
8551
7638
6514
6645
8352
9394
8115
7347
9122
10434
8694
6108
5890
6188
6051
6865
9318
9613
6017
1324
249
1426
-360
-3264
-2539
2854
3153
-4601
-11312
-9006
-4240
-5598
-8194
-5181
-1428
-5427
-11894
-10638
-4054
-1861
-4549
-4918
-2721
-3184
-5722
-4042
1128
3687
2283
599
175
-398
640
3553
4953
3462
2459
3235
2406
-212
-402
2095
2488
-537
-1824
-1693
-6279
-12330
-12093
-4129
1017
-3158
-9950
-11899
-10363
-9669
-7010
-896
2111
-1622
-6071
-5917
-2595
458
3170
4518
2956
777
760
3011
5767
8158
9383
8350
6253
5221
6918
9671
9407
7621
8358
10387
9290
6577
6002
6966
6837
6945
9124
9573
6552
1707
426
786
-956
-2952
-1656
3137
2196
-5558
-11597
-8793
-4176
-5154
-7070
-4597
-2391
-6670
-11513
-9716
-3870
-2183
-4259
-4688
-3461
-3956
-5697
-3682
744
3120
2213
787
216
-260
829
3620
5124
3998
3163
3475
2488
498
346
2212
2290
388
-863
-1149
-4172
-10163
-11950
-7956
-2218
-1768
-6072
-10458
-12022
-10559
-7581
-3240
-209
-892
-3783
-5541
-4930
-1503
2713
4543
3030
776
745
1895
3461
6138
9032
9257
6876
5167
5755
8169
9318
8447
7896
9093
9613
7534
5673
5971
7162
7517
7989
7645
6743
4368
2169
183
-2269
-3215
-1655
3106
4029
-2318
-10148
-10659
-6257
-5210
-6313
-4409
-1879
-5421
-11221
-11132
-5896
-2850
-3859
-4200
-3386
-4014
-6029
-4710
-326
2438
2042
981
675
-280
-84
2183
4258
3873
3054
3588
3152
1261
353
1244
1784
1142
1069
863
-1237
-5602
-9625
-10195
-7638
-3379
-1235
-3614
-9680
-13377
-10772
-5086
-1390
-479
-1247
-3210
-5212
-4719
-666
3190
4379
3073
1462
684
1110
3547
7013
9318
8818
6944
5788
5913
7207
8768
9492
9220
9042
8976
7967
6323
6144
7081
7794
7722
7276
6392
3879
2014
52
-2062
-3079
-431
4330
3051
-4685
-10658
-8591
-4765
-5061
-5911
-3387
-2447
-7061
-10867
-8799
-4573
-3930
-4561
-3474
-3154
-5065
-5808
-2820
399
1100
715
1246
934
-119
523
2684
3580
2996
3500
4363
2875
538
386
1671
1424
663
1330
1178
-2148
-6634
-7726
-6929
-6790
-6783
-5345
-4142
-6646
-10381
-10642
-6798
-3243
-2140
-2429
-2899
-3757
-3276
-947
1139
1978
2123
2348
1472
730
2184
5266
7695
8033
7204
6282
5871
6003
6996
8667
9564
8826
7616
6958
6367
5896
6446
7257
7542
6507
5460
4393
3834
2682
-843
-3486
-2339
2969
4720
50
-6727
-8759
-6343
-4581
-4440
-3982
-3256
-4962
-7713
-8312
-6548
-5235
-4464
-3376
-3492
-5058
-5373
-3208
-1068
-640
-313
851
1241
400
340
1450
2094
2120
3230
4818
4140
1778
846
1714
1777
1018
1770
2500
232
-3968
-5703
-5168
-5678
-6463
-5551
-3826
-4680
-7539
-8800
-7446
-5386
-3789
-2294
-1847
-3274
-4023
-2081
237
597
679
2107
2515
1165
943
3333
5938
6837
6781
6381
5428
4705
5604
7873
8981
7908
6621
6664
6544
5430
5264
6290
6996
5973
4605
4009
3557
3708
2471
-467
-2956
-1697
2749
4054
-246
-5831
-6818
-4402
-3082
-3526
-3410
-3249
-4487
-6075
-6252
-5765
-5551
-4571
-3221
-3113
-4264
-4570
-3454
-2207
-1463
-832
-74
184
220
476
539
356
1005
2784
4021
2884
1152
719
954
928
1213
2267
2116
-195
-2698
-3840
-4232
-4475
-4370
-3669
-3486
-4278
-5546
-6533
-6756
-5485
-3154
-1645
-2046
-3093
-2768
-1475
-674
-89
1109
2030
1740
1202
1683
2541
3178
4126
5033
4702
3238
2601
3783
5172
5351
4708
4264
4180
4149
4175
4226
3676
2933
3519
4782
4880
3403
2221
2407
2142
715
-210
971
3072
3164
787
-2051
-2937
-2201
-1289
-868
-835
-1515
-2741
-3601
-3874
-4150
-4309
-3650
-2691
-2329
-3031
-3826
-3876
-3140
-1867
-698
-171
-764
-1613
-1499
-454
433
940
1521
1927
1444
614
413
649
841
1197
1853
1697
358
-1198
-1837
-1781
-1546
-1186
-1029
-1554
-2551
-2905
-2432
-2161
-2117
-1339
-45
249
-692
-1346
-975
-350
130
659
927
290
-732
-910
-200
334
391
490
860
1000
535
354
645
1164
1766
2184
1941
1125
793
1432
2224
2313
1976
1971
2398
2642
2563
2356
2417
2764
3137
3272
2737
1823
1356
1877
2695
2790
2064
1078
462
429
580
531
306
7
-309
-643
-931
-1162
-1561
-1923
-1878
-1575
-1471
-2004
-2579
-2625
-2137
-1600
-1465
-1558
-1585
-1363
-1058
-901
-1015
-1228
-1375
-1372
-1304
-1183
-1192
-1428
-1656
-1639
-1428
-1446
-1739
-1946
-1825
-1633
-1413
-1068
-839
-1055
-1608
-1852
-1502
-1042
-860
-840
-739
-727
-1048
-1229
-993
-601
-401
-397
-456
-632
-818
-729
-444
-405
-503
-324
115
107
-307
-388
108
592
516
386
516
820
930
1106
1380
1396
1373
1569
2004
2178
1985
1912
2169
2486
2587
2446
2280
2137
2010
2117
2432
2720
2693
2439
2064
1804
1907
2155
2393
2389
2082
1642
1105
847
893
986
871
585
541
514
306
-61
-263
-131
-116
-401
-819
-1019
-1010
-1048
-1083
-1162
-1360
-1689
-2036
-2163
-2113
-2161
-2222
-2176
-2038
-2023
-2369
-2855
-3059
-2830
-2413
-2070
-1848
-1766
-1944
-2232
-2243
-1831
-1256
-923
-815
-845
-942
-1060
-1048
-778
-440
-199
-133
-120
-201
-304
-213
7
321
608
783
839
763
645
660
862
1108
1286
1309
1241
1073
890
936
1243
1545
1543
1369
1247
1148
979
1019
1413
1844
1850
1564
1375
1283
1267
1408
1755
1999
1837
1408
1060
910
881
964
1041
956
707
399
122
-130
-198
-21
168
45
-357
-602
-684
-713
-681
-564
-479
-623
-883
-1037
-1223
-1402
-1346
-1076
-831
-932
-1202
-1464
-1628
-1634
-1485
-1148
-904
-938
-1120
-1225
-1167
-984
-737
-459
-260
-182
-149
-216
-346
-325
-50
276
420
352
147
-54
-172
-116
174
475
485
177
-147
-216
-97
71
153
165
91
-24
-127
-266
-313
-286
-142
27
95
-15
-303
-511
-456
-240
-4
196
231
69
-206
-364
-160
263
551
625
501
334
228
283
521
738
801
779
757
685
602
622
772
932
1037
1086
998
717
476
536
752
844
688
398
147
-67
-89
132
312
255
74
47
135
102
13
49
213
322
280
248
158
-70
-198
-126
94
247
271
249
65
-223
-336
-144
145
222
128
36
-98
-288
-415
-303
-104
-104
-238
-360
-416
-469
-468
-377
-311
-375
-576
-708
-710
-709
-735
-733
-711
-773
-968
-1102
-1090
-999
-900
-820
-738
-738
-866
-1052
-1121
-983
-752
-542
-412
-425
-519
-632
-664
-564
-390
-144
42
73
-44
-187
-196
-95
84
255
306
217
136
179
265
306
304
338
392
397
368
402
487
566
615
656
647
566
551
639
735
813
856
865
887
894
939
977
950
933
996
1113
1172
1123
1034
983
955
896
836
864
890
780
602
502
495
479
439
370
270
161
57
40
84
124
74
-77
-211
-276
-355
-427
-443
-456
-514
-639
-731
-752
-745
-778
-814
-790
-780
-862
-968
-996
-934
-858
-803
-782
-807
-837
-817
-764
-728
-662
-562
-471
-404
-363
-369
-410
-410
-333
-213
-152
-160
-202
-212
-187
-167
-86
48
114
60
8
-11
-13
27
129
209
134
-1
-28
72
181
221
241
264
290
324
366
401
398
400
459
556
586
546
536
556
551
545
565
644
689
651
595
552
563
562
566
557
524
480
440
436
445
399
290
204
201
217
146
65
34
24
-56
-214
-363
-437
-430
-436
-449
-472
-514
-520
-514
-493
-502
-516
-507
-476
-435
-420
-417
-450
-489
-478
-434
-419
-429
-414
-423
-472
-501
-444
-334
-287
-283
-287
-312
-316
-285
-250
-225
-246
-255
-226
-230
-237
-244
-209
-197
-205
-184
-151
-119
-116
-115
-97
-79
-76
-43
-3
36
64
71
86
124
154
198
269
304
277
232
232
288
349
365
331
271
207
228
339
444
466
421
407
441
474
485
504
515
490
467
437
397
361
338
321
271
192
154
171
167
95
-16
-120
-159
-94
-13
7
-68
-179
-221
-183
-108
-73
-82
-114
-174
-231
-249
-225
-197
-179
-193
-221
-251
-256
-235
-195
-174
-183
-201
-203
-200
-180
-167
-159
-104
-82
-108
-163
-189
-182
-162
-115
-100
-138
-185
-191
-151
-103
-95
-120
-137
-107
-60
-19
-19
-47
-50
0
122
222
226
196
181
171
177
222
268
235
140
76
105
172
192
159
143
185
204
210
211
206
189
161
157
143
92
34
19
24
-28
-101
-130
-126
-123
-161
-181
-179
-167
-147
-155
-183
-217
-216
-172
-129
-107
-81
-54
-27
-20
-35
-58
-67
-58
-30
-23
-55
-85
-104
-80
-49
-22
-13
-25
-52
-82
-67
-9
61
105
83
31
5
-11
0
38
89
116
109
97
70
64
84
112
125
106
62
40
50
69
94
107
104
99
93
103
129
111
75
62
66
88
100
107
107
121
141
132
108
121
165
191
181
133
61
15
28
30
-9
-70
-87
-91
-112
-133
-148
-147
-148
-168
-202
-214
-216
-206
-181
-171
-201
-246
-251
-212
-187
-190
-180
-155
-146
-159
-154
-128
-99
-70
-69
-78
-67
-76
-78
-74
-62
-51
-50
-48
-72
-96
-97
-56
-4
17
7
-15
-11
34
83
121
131
138
169
212
243
250
269
264
234
229
248
291
304
302
319
307
306
328
354
367
347
322
313
325
316
287
270
254
220
175
142
124
116
124
151
130
61
-5
-40
-31
-21
-38
-65
-103
-122
-141
-152
-156
-175
-182
-198
-220
-222
-220
-231
-250
-273
-252
-228
-229
-242
-250
-244
-262
-260
-237
-228
-235
-231
-202
-191
-177
-168
-180
-199
-218
-208
-171
-164
-176
-177
-163
-171
-195
-170
-130
-99
-110
-134
-117
-86
-56
-44
-17
-25
-51
-33
14
59
86
92
81
74
130
189
184
154
146
191
221
223
223
237
275
284
265
245
266
313
324
302
259
230
226
255
284
285
280
255
226
221
224
203
175
162
146
100
57
50
42
16
-23
-60
-85
-87
-68
-49
-39
-65
-101
-127
-145
-166
-187
-185
-196
-235
-272
-288
-283
-290
-295
-285
-272
-255
-248
-241
-246
-273
-278
-259
-224
-204
-195
-186
-184
-175
-160
-145
-118
-108
-105
-97
-74
-37
-8
22
33
37
58
88
119
136
153
175
175
164
157
172
194
186
175
192
224
253
240
223
221
217
234
260
285
266
206
177
166
157
146
135
113
88
72
72
75
61
57
59
58
39
11
-12
-17
-12
-19
-37
-62
-84
-93
-94
-110
-113
-98
-84
-87
-121
-125
-104
-99
-111
-108
-102
-114
-137
-144
-145
-121
-137
-185
-125
-73
-86
-153
-172
-94
-31
-20
-73
-88
-44
-49
-63
-58
-40
-41
-66
-40
-15
-8
-6
-2
40
-21
-40
24
79
73
-18
-18
21
59
70
30
67
92
69
48
57
108
113
86
62
50
60
68
81
68
48
39
14
34
65
60
34
2
1
-3
-29
-43
-34
-22
-46
-62
-64
-60
-64
-77
-53
-36
-44
-55
-54
-35
-20
-10
9
8
0
-4
9
28
29
31
40
41
20
3
11
9
3
-13
-24
-23
-13
-1
11
22
13
7
-1
6
11
3
-12
-15
-10
-11
-15
-24
-30
-28
-15
0
17
35
54
55
49
42
34
36
45
64
61
58
48
35
24
18
44
67
71
61
50
44
45
42
53
66
68
45
7
-3
-7
-4
-10
-33
-48
-61
-81
-77
-68
-63
-64
-69
-65
-69
-79
-91
-99
-92
-93
-103
-103
-91
-84
-87
-75
-60
-44
-51
-71
-80
-67
-50
-36
-28
-20
-10
-15
-26
-26
-9
22
39
24
2
10
29
50
49
37
40
49
49
54
67
71
57
45
44
50
60
52
28
25
36
47
33
13
7
20
37
24
17
23
45
38
13
0
3
10
11
13
21
26
12
1
-7
3
15
19
14
8
-8
-24
-25
-20
-13
-23
-17
-9
-8
-21
-33
-35
-39
-41
-47
-47
-53
-47
-49
-45
-50
-41
-21
-15
-14
-13
3
8
4
3
12
22
19
27
27
17
13
19
31
21
12
13
25
29
19
18
18
29
35
26
20
26
23
6
-3
7
9
3
0
4
10
5
-8
-7
-2
-15
-34
-30
-19
-12
-23
-25
-21
-10
15
17
6
-2
6
12
10
-1
-3
15
27
28
24
22
22
29
39
42
26
15
14
14
27
18
9
-1
-5
-3
-1
-10
-26
-35
-40
-41
-51
-64
-65
-48
-53
-57
-63
-59
-52
-53
-52
-50
-42
-36
-31
-31
-34
-37
-31
-29
-24
-20
-24
-22
-12
0
0
-19
-33
-30
-26
-20
-1
24
31
17
8
15
33
33
29
31
43
58
64
64
53
47
40
42
47
55
58
52
55
52
51
45
36
38
52
60
54
52
53
58
46
33
30
37
43
41
35
30
36
25
15
8
-6
-8
4
18
18
8
-2
6
7
-13
-26
-34
-29
-19
-27
-41
-48
-48
-45
-42
-42
-42
-36
-25
-26
-42
-54
-55
-46
-44
-47
-47
-38
-25
-23
-23
-18
-15
-15
-15
-8
1
-6
-21
-27
-18
-5
-5
-3
3
10
16
6
-2
2
10
16
17
33
40
35
20
7
9
15
32
28
22
34
45
46
26
7
11
26
25
19
16
22
22
19
18
13
14
13
12
7
3
-2
0
3
-2
-2
1
4
4
7
3
-2
-12
-10
-4
3
0
-19
-17
-16
-14
-28
-41
-50
-55
-48
-46
-38
-43
-43
-43
-33
-29
-42
-45
-51
-42
-35
-35
-33
-38
-41
-36
-33
-27
-18
-13
-2
-8
-7
-14
-1
8
15
35
36
30
17
21
28
38
33
25
22
26
44
45
41
34
37
36
38
43
46
49
43
37
32
32
25
23
24
21
19
24
23
15
11
16
21
25
24
17
14
23
27
15
-8
-24
-19
-8
-2
-4
-24
-35
-30
-27
-26
-26
-35
-39
-32
-25
-16
-17
-28
-36
-31
-30
-33
-32
-33
-37
-32
-27
-33
-41
-40
-40
-31
-27
-28
-23
-19
-22
-24
-23
-21
-15
-9
-5
-1
2
3
-3
-2
11
18
11
11
18
13
-1
-4
13
36
39
23
6
8
-4
-8
-4
8
16
13
-2
-19
-11
1
11
10
9
3
-2
-7
-21
-22
-7
3
-2
-5
-22
-13
7
4
4
2
2
8
10
14
16
21
38
21
-5
0
32
10
-12
10
25
19
9
10
-7
-10
4
27
37
12
-3
7
18
9
3
4
6
-1
7
17
0
-21
-26
-1
-4
-19
2
3
-3
12
25
19
15
45
48
39
40
6
-11
17
13
6
26
18
29
40
37
28
33
41
16
25
50
58
37
26
29
17
-4
0
9
-9
9
25
14
-1
7
7
-13
-32
-26
10
5
-9
2
13
-16
-27
6
-1
-23
-30
-5
3
-47
-43
-11
-26
-44
-17
-10
-31
-24
-8
0
-13
-35
-12
14
-28
-30
21
5
-28
6
7
-46
-35
3
4
-12
-1
0
-17
5
12
-5
-20
-7
23
12
-19
-10
17
-2
-5
23
-3
-45
5
48
0
-40
-26
25
30
-54
-52
66
36
-16
-30
99
-30
-349
104
325
-142
-470
61
525
-129
-272
48
124
-26
-282
-4
-73
-263
31
235
52
-210
-24
48
12
-92
-378
122
521
-148
-26
190
-431
-174
369
-72
-516
252
391
86
234
-202
173
277
-363
-175
497
305
-396
335
447
-321
-93
156
123
-124
48
289
31
206
102
-214
2
120
6
0
287
75
-137
271
-33
-239
188
147
-161
-71
298
87
-112
33
-8
-116
-165
107
138
12
24
-105
-62
-28
-128
-98
42
31
-86
52
97
-83
-62
-34
-82
-39
44
92
7
-30
-10
-77
-27
3
-34
6
6
-11
15
79
-24
-106
-23
-60
-46
38
-8
-37
-13
-66
-83
-22
-10
-35
-17
-22
-36
29
31
-35
-53
-16
-13
-51
-4
37
-13
-67
6
30
-60
-26
3
-25
-10
-4
2
28
13
-46
-62
-22
-21
-19
16
-16
-50
-24
5
-36
-31
11
-5
-20
-4
43
33
-17
-35
-1
26
5
21
52
9
-38
8
61
-21
-62
1
-42
-32
61
80
40
9
3
-43
-4
14
-33
37
27
-41
6
50
-43
-88
15
0
-41
50
77
14
-28
-17
-21
-55
-43
-35
-4
-7
-51
16
68
2
-80
-35
69
53
7
32
81
9
-45
38
9
-54
30
101
32
0
41
33
16
-24
-55
19
90
11
-4
21
-104
-99
7
-44
-111
-13
-10
-46
9
-67
-105
-16
-2
-57
8
53
-60
-22
36
-55
-72
20
28
-40
38
57
-12
10
13
-9
-14
7
15
7
29
42
63
39
7
55
47
42
55
10
54
101
58
21
63
53
12
105
46
-13
70
66
25
30
34
-23
43
47
-59
31
78
-51
-78
11
-25
-63
18
19
-24
-21
-31
-57
-41
-44
-73
-45
-11
-50
-64
-28
-34
-42
-78
-67
-36
-81
-63
-12
-21
-80
-76
-59
-87
-71
-39
-35
-62
-90
-60
-21
-51
-77
-43
-21
-50
-49
-6
-23
-23
2
8
-10
-30
-24
-28
8
0
-40
13
31
-26
-7
85
23
-33
61
41
-6
47
74
6
1
11
-25
4
-3
-6
19
46
28
22
59
29
13
44
59
24
30
83
66
41
41
27
13
15
46
63
56
50
22
45
67
34
45
54
51
40
43
46
2
31
50
12
-16
4
55
10
-15
24
14
-6
13
18
14
22
18
12
4
-5
-24
0
12
-31
-32
-17
-17
-7
-17
-22
-21
2
27
27
5
-23
-6
0
-18
-7
-14
-12
25
43
27
-5
-7
-7
6
30
28
25
11
-11
8
4
-23
-11
-2
-11
-7
10
1
-9
8
-19
-20
-16
-12
29
22
1
-6
28
23
-25
-9
6
-34
-68
-4
32
-27
-54
-8
-14
-31
21
19
-17
-27
-19
-20
-13
-21
-46
-18
-7
-43
-20
3
-34
-57
-41
-11
-27
-41
-11
-6
-14
-15
13
36
-28
-57
-25
-14
-39
-17
30
-12
-37
-39
-27
-2
-14
-5
-2
-10
-12
-5
13
-10
-47
-34
-10
17
29
34
31
-12
-13
10
22
4
1
15
3
24
11
-6
-11
-14
2
10
2
-15
-4
7
-4
-15
-1
3
-9
0
-1
1
-12
-11
-22
-21
-7
-14
4
3
-5
-29
-43
-23
-5
-2
-9
-14
-28
-16
23
43
32
21
10
2
19
32
41
39
27
29
37
23
37
44
28
28
57
60
35
21
-5
6
38
33
21
24
13
11
25
31
32
24
29
30
24
20
15
7
12
41
40
29
34
1
-21
-6
9
21
36
25
5
7
-5
-22
-2
9
4
20
8
-16
-15
-3
4
-2
-15
-37
-39
-37
-27
-9
-13
-29
-26
-25
-45
-66
-51
-25
-15
-13
-3
-5
-32
-24
-6
-20
-23
-16
-20
-13
-10
-27
-21
5
-2
-22
2
5
1
1
2
8
-7
-9
-20
-20
-19
-14
-7
-29
-14
-6
-10
-15
-14
2
-3
0
-7
-11
5
-6
-9
-6
1
11
7
2
-29
-30
-8
-13
1
7
6
6
-10
-10
-11
-10
-19
-22
11
-2
-12
4
1
7
4
14
-5
-23
-7
-4
19
33
24
28
16
1
-6
3
19
1
8
12
2
8
11
21
-5
-11
14
18
22
13
9
3
15
28
20
25
26
26
19
3
-6
7
23
11
-14
-21
-24
-17
-5
2
-2
-2
2
-6
-12
-14
-2
-5
-2
8
6
2
1
6
19
19
-1
-3
0
-5
-3
17
19
2
-8
-2
12
11
15
16
7
3
8
17
10
6
10
9
14
12
8
12
9
10
9
20
14
1
9
3
2
-2
3
15
2
7
12
11
12
10
8
7
8
2
-9
4
9
-1
-7
-21
-16
-9
-2
-7
-10
4
1
1
-2
-5
3
5
8
7
-8
-16
-15
-7
-3
-3
-4
-2
9
3
9
11
5
-1
-6
-11
-24
-17
0
-2
-7
-4
-11
-17
-9
6
4
-3
-1
-7
5
1
-4
-11
-14
-16
-23
-13
-13
-23
-33
-29
-24
-18
-15
-13
-21
-21
-16
-5
12
6
-7
-18
-15
-18
-20
-3
-1
-6
5
13
11
12
19
22
14
12
10
18
28
28
34
33
28
21
22
25
24
22
27
29
22
19
17
10
10
18
19
18
16
10
10
16
10
4
4
5
7
9
6
6
8
3
-2
-2
-1
-5
-8
-16
-18
-9
0
1
-10
-20
-24
-19
-21
-20
-3
6
1
2
8
17
9
1
-1
-14
-26
-20
-1
2
-2
-4
-7
-4
-5
-6
-10
-15
-15
-7
2
7
-3
-11
-12
-15
-10
-11
-3
-5
-7
-5
-24
-36
-21
-12
-12
-9
-9
-12
-14
-11
-10
-5
-2
5
5
-3
-6
1
12
22
24
17
12
3
1
-6
-11
-5
-1
-4
-11
-1
4
8
7
5
8
15
15
11
3
3
7
1
1
-2
-6
-3
7
11
8
2
-1
4
4
-2
2
11
12
3
-4
-6
-7
2
5
8
14
16
12
5
-1
-11
-15
-15
-12
-2
4
8
5
2
5
4
4
9
10
2
-4
-2
-9
-5
4
-8
-16
-11
-13
-8
2
8
12
10
8
4
6
6
6
12
16
14
12
13
11
10
14
14
11
10
13
14
9
8
12
8
8
4
7
15
11
13
16
18
13
12
12
4
3
8
11
10
4
-1
-7
-4
7
10
9
9
2
-1
-3
-5
-3
-3
-6
-12
-8
-1
-5
-10
-10
-16
-14
-9
-6
0
1
-1
-1
-1
0
0
4
-1
-3
-3
-4
0
1
-3
-11
-17
-18
-14
-10
-8
-11
-17
-17
-15
-19
-19
-15
-10
0
-1
-3
-2
-8
-9
-7
-9
-8
-11
-14
-22
-22
-16
-17
-13
-7
-2
3
-1
-4
-3
-2
1
-2
-2
3
2
-3
-1
0
-2
1
5
5
5
8
8
15
15
14
14
13
10
7
5
2
-3
-9
-5
-4
-3
-1
0
1
3
4
5
-2
-10
-8
-8
-14
-13
-6
-5
-5
-2
-2
-4
-6
-9
-11
-9
-4
3
-1
-5
-4
-3
0
4
2
-3
-5
-4
-1
-2
-2
-5
-8
-6
-5
-2
2
1
-1
10
17
19
14
10
12
12
10
7
7
4
1
1
3
1
0
1
6
13
16
15
7
2
1
1
3
0
-3
-8
-13
-9
-9
-5
-1
-5
-11
-15
-13
-9
-11
-9
-1
1
-3
-1
5
8
9
7
8
3
-3
-9
-11
-10
-12
-11
-9
-4
0
-1
-1
1
1
5
6
1
-5
-8
-6
-6
-6
-3
-5
-8
-7
-5
-5
-5
0
-1
-4
-4
-8
-10
-9
-7
-6
-6
-2
-4
-10
-6
-2
2
0
-1
-1
-5
-1
2
-1
2
2
4
9
11
11
9
10
13
8
6
1
-2
-2
0
2
0
-5
-9
-8
-7
-6
-5
-3
-5
-1
1
1
1
-6
-9
-3
-1
-2
-3
-3
2
3
3
1
-1
1
-1
-11
-11
-7
1
9
10
6
0
-2
-7
-9
-9
-10
-9
-7
-5
-3
1
0
-1
3
3
0
4
2
-2
-2
4
10
11
7
3
0
0
-1
5
9
10
12
8
1
3
1
-2
0
1
1
2
2
5
12
11
8
2
-2
-5
-6
-6
-4
-4
-3
-4
-4
-6
-7
-9
-8
-2
1
1
-8
-17
-14
-10
-9
-6
-9
-10
-12
-11
-14
-20
-21
-18
-15
-10
-10
-13
-13
-9
-6
-8
-10
-9
-9
-8
-2
5
13
14
10
6
0
3
8
11
11
6
2
3
4
6
8
12
9
6
8
7
10
17
16
14
13
16
18
16
11
5
5
6
4
10
12
10
9
8
5
4
8
8
8
6
6
6
4
1
-4
2
4
5
7
4
