SAMPLES:	12495
BITSPERSAMPLE:	16
CHANNELS:	1
SAMPLERATE:	16000
NORMALIZED:	FALSE
16
15
19
18
19
11
16
10
13
6
11
7
11
1
0
-1
1
1
-10
-10
-8
-2
-7
-9
-13
-5
-6
-3
-2
-2
-6
1
6
10
10
8
5
12
18
19
16
16
15
15
19
16
14
8
12
9
9
0
2
-3
-1
-3
0
-1
0
3
3
2
-4
-4
-4
2
-3
3
-2
4
0
11
10
11
8
12
12
10
15
11
13
8
13
2
2
-5
-2
-6
-5
-8
-6
-10
-10
-7
-5
-4
-6
-7
-9
-4
-4
0
-3
-3
-7
1
2
7
9
13
16
17
20
19
19
18
18
16
19
18
14
15
12
13
11
8
6
2
4
-1
4
3
4
2
4
5
5
2
3
6
7
6
1
1
5
1
3
6
4
5
3
7
0
7
11
10
5
3
0
-3
-5
-8
-3
-5
-5
-5
-5
-10
-9
-9
-7
-7
-7
-2
1
4
2
-3
-10
-9
-5
-1
-3
-1
0
-2
-3
-6
-8
-9
-9
-8
-9
-8
-14
-19
-24
-18
-17
-21
-22
-17
-16
-14
-13
-19
-20
-17
-14
-14
-13
-9
-11
-12
-5
-4
-1
-4
-3
1
6
8
3
-1
-1
2
3
-1
-3
-1
0
0
-2
-5
-8
-10
-8
-7
-14
-15
-15
-7
-10
-7
-5
-6
-13
-13
-6
-2
-5
-9
-9
-8
-2
-3
2
3
2
-3
-4
-5
-5
-7
-6
-12
-14
-20
-24
-22
-23
-23
-22
-19
-19
-15
-13
-8
-10
-11
-12
-7
-6
2
1
2
0
7
12
11
9
6
10
7
13
16
21
9
4
4
7
2
-5
-15
-20
-21
-20
-23
-25
-26
-33
-35
-32
-24
-26
-26
-29
-24
-31
-27
-28
-26
-26
-24
-21
-11
-3
3
14
21
26
24
27
21
18
7
8
-2
0
2
4
1
2
8
12
19
13
11
4
4
-2
2
1
5
2
6
8
18
25
21
26
37
43
39
44
35
32
25
27
24
24
30
35
32
30
21
8
-7
-18
-31
-42
-51
-58
-65
-75
-84
-87
-80
-81
-67
-54
-35
-21
-11
-8
-2
0
2
-5
-17
-25
-32
-31
-31
-28
-27
-21
-8
8
6
12
22
26
13
11
12
-4
-21
-23
-23
-28
-24
-23
-15
-7
17
31
43
46
55
41
36
37
50
75
96
130
157
176
180
179
179
178
150
125
97
74
58
56
58
63
59
58
68
75
86
90
96
79
64
46
16
-14
-26
-32
-36
-38
-25
-4
0
-5
-3
8
4
-11
-19
-17
-44
-54
-49
-51
-52
-48
-31
-25
-33
-32
-31
-49
-65
-64
-58
-74
-83
-89
-89
-96
-104
-95
-72
-52
-34
-1
24
29
34
29
0
-19
-27
-23
-20
0
18
23
32
45
66
106
131
136
142
137
130
95
65
51
32
38
66
87
109
116
141
147
149
158
147
122
98
95
61
34
30
24
4
16
40
70
71
79
85
77
53
3
-39
-98
-134
-147
-137
-149
-152
-125
-101
-100
-86
-78
-99
-126
-146
-156
-171
-191
-203
-195
-193
-174
-155
-134
-126
-119
-116
-106
-116
-117
-148
-187
-208
-225
-225
-220
-224
-218
-177
-147
-100
-66
-14
27
59
52
63
70
64
62
72
87
73
74
91
102
104
126
145
165
169
187
168
128
91
65
42
21
6
-18
-38
-34
-11
7
19
20
19
-13
-51
-76
-97
-127
-155
-174
-169
-159
-135
-113
-96
-88
-70
-44
-50
-61
-72
-108
-162
-187
-212
-217
-218
-201
-178
-140
-114
-89
-67
-63
-64
-76
-103
-142
-152
-164
-169
-150
-126
-117
-77
-45
-26
-5
16
16
15
27
44
42
47
93
118
129
143
162
186
208
232
257
256
258
243
209
168
137
148
161
164
187
173
152
135
110
103
85
77
63
33
22
-1
-34
-56
-69
-55
-69
-96
-101
-77
-67
-50
-30
-36
-37
-40
-57
-77
-98
-129
-146
-158
-138
-129
-130
-101
-54
-14
3
22
25
10
0
-2
-8
-29
-35
-26
-1
14
52
76
75
88
110
128
113
109
92
69
73
94
114
143
163
193
211
209
216
212
183
137
94
47
3
-13
-7
1
23
36
43
16
2
11
7
-1
-27
-52
-71
-93
-86
-79
-91
-60
-25
-7
0
3
-8
-18
-15
-15
-20
-17
-31
-27
5
39
66
89
101
84
61
43
8
-29
-58
-91
-98
-104
-115
-105
-77
-72
-63
-50
-32
-21
-23
-2
20
2
-8
10
21
16
14
35
44
50
64
94
122
140
141
140
152
192
215
222
245
251
227
207
196
176
151
126
158
180
199
225
223
242
262
272
272
263
266
265
256
252
213
133
47
16
14
16
2
14
30
43
26
3
-45
-114
-93
-94
-124
-171
-212
-251
-275
-276
-276
-310
-354
-377
-412
-464
-543
-573
-612
-628
-598
-544
-516
-518
-508
-462
-391
-347
-326
-272
-225
-198
-168
-180
-162
-96
-22
43
134
238
311
418
552
622
681
726
749
789
807
839
874
865
862
873
895
918
926
964
956
930
930
875
800
727
654
582
501
401
331
302
267
232
210
186
125
11
-127
-257
-410
-577
-721
-833
-897
-932
-951
-973
-999
-1039
-1068
-1066
-1083
-1090
-1114
-1145
-1176
-1191
-1188
-1147
-1053
-938
-848
-743
-617
-540
-482
-423
-378
-345
-307
-303
-279
-261
-251
-204
-151
-84
33
157
285
389
481
606
689
718
710
744
755
752
732
722
731
743
760
763
764
813
845
855
860
788
703
660
603
521
463
434
405
357
376
414
436
394
346
284
163
38
-70
-171
-309
-396
-430
-466
-490
-459
-392
-351
-377
-434
-497
-519
-612
-713
-787
-850
-881
-897
-895
-920
-937
-930
-930
-972
-976
-958
-903
-868
-841
-842
-811
-761
-719
-656
-583
-523
-494
-443
-388
-354
-300
-205
-156
-87
-32
71
132
163
186
205
242
278
360
413
451
540
620
629
701
780
785
718
686
637
574
523
479
450
427
488
574
636
641
626
614
631
624
576
506
471
417
330
290
273
263
225
184
148
118
86
7
-111
-223
-320
-386
-477
-546
-588
-644
-689
-718
-746
-775
-817
-837
-846
-848
-839
-808
-752
-767
-789
-712
-593
-555
-527
-468
-394
-340
-304
-225
-174
-188
-126
-38
14
42
87
173
220
260
332
353
359
436
523
637
709
740
712
639
599
587
535
477
405
425
498
545
569
622
683
744
774
701
615
547
499
378
265
187
173
95
24
-28
-58
-47
-32
38
93
109
75
-14
-160
-244
-278
-337
-457
-531
-619
-708
-746
-708
-645
-635
-601
-503
-431
-407
-372
-371
-393
-455
-494
-483
-448
-454
-491
-474
-391
-330
-314
-276
-211
-134
-118
-115
-97
-59
21
73
88
68
71
97
146
209
304
387
426
470
469
459
458
472
446
411
439
520
597
686
710
690
725
702
602
516
451
333
240
150
80
80
171
228
184
224
314
320
264
190
105
17
-109
-182
-208
-201
-182
-155
-145
-122
-58
24
25
-88
-178
-204
-208
-191
-175
-194
-166
-116
-105
-145
-175
-175
-226
-376
-512
-487
-399
-358
-309
-207
-42
91
152
193
218
225
198
152
110
92
120
201
345
490
618
741
882
988
941
850
861
859
804
742
656
659
687
693
660
708
824
824
728
662
701
707
611
478
451
497
510
447
427
466
484
411
295
177
29
-46
-98
-180
-307
-381
-332
-314
-347
-334
-333
-382
-382
-358
-464
-676
-815
-887
-936
-900
-878
-892
-897
-925
-953
-874
-813
-880
-996
-982
-868
-877
-917
-926
-836
-710
-581
-507
-455
-353
-180
-50
-55
-61
-126
-213
-251
-160
-35
71
154
278
382
482
566
502
365
280
272
197
93
16
31
193
446
609
659
676
691
701
682
574
370
170
-59
-257
-334
-249
-89
-30
6
55
111
47
-59
-59
-53
-130
-262
-352
-387
-341
-245
-213
-297
-387
-519
-680
-890
-1132
-1288
-1265
-1181
-1125
-1047
-878
-648
-574
-531
-497
-467
-477
-489
-528
-590
-604
-565
-480
-354
-145
30
154
259
349
355
357
205
-66
-241
-222
-118
-39
35
136
274
381
513
610
657
653
580
470
366
303
300
332
376
384
486
629
645
613
663
703
570
301
82
-141
-367
-508
-565
-598
-566
-374
-237
-197
-237
-221
-232
-368
-522
-702
-866
-926
-975
-1056
-1036
-862
-638
-640
-687
-615
-488
-375
-325
-255
-230
-190
-171
-201
-286
-291
-148
-20
54
101
238
457
559
477
510
654
794
810
814
921
1078
1173
1098
968
855
886
899
893
949
1120
1264
1321
1273
1186
1243
1279
1293
1212
1096
982
842
733
627
426
258
170
79
-50
-218
-207
-218
-461
-728
-812
-766
-773
-793
-786
-684
-670
-762
-775
-737
-646
-540
-488
-540
-660
-710
-639
-653
-615
-503
-375
-247
-168
-80
-53
0
124
249
197
133
158
248
238
127
164
280
358
306
312
377
384
345
208
89
54
-7
-140
-295
-279
-79
65
87
129
255
370
386
307
189
53
-41
-20
-9
-39
-11
79
124
66
87
163
177
96
-153
-363
-383
-372
-326
-154
126
333
397
506
621
583
507
398
276
140
22
7
25
67
181
347
466
538
508
499
449
431
390
275
242
218
270
265
201
89
57
25
-131
-250
-396
-571
-675
-752
-881
-978
-1082
-1031
-989
-1002
-958
-954
-963
-1110
-1086
-988
-1024
-1114
-1157
-1122
-1006
-794
-660
-541
-410
-305
-293
-398
-468
-373
-329
-288
-308
-291
-24
209
323
457
641
697
568
514
567
476
428
327
299
378
425
555
660
613
636
752
800
841
740
685
680
652
541
527
570
519
480
424
369
365
434
363
240
56
-1
47
-14
-24
13
83
79
2
-74
-51
20
35
63
-2
-59
-142
-330
-408
-429
-363
-263
-287
-330
-418
-502
-545
-630
-608
-526
-380
-183
-180
-149
2
7
-74
-206
-180
-72
-81
-191
-187
-5
97
207
277
368
500
721
897
978
1036
1194
1236
1034
942
825
893
938
807
602
476
585
598
518
494
600
500
311
186
-11
-232
-443
-525
-521
-507
-349
-176
-198
-203
-95
41
78
15
-126
-217
-287
-365
-368
-396
-376
-130
73
-60
-177
-254
-316
-403
-430
-337
-302
-313
-194
-114
-147
-17
178
183
-141
-210
-157
-177
-158
-146
-54
87
157
236
389
394
478
493
390
326
171
7
-67
-119
-48
114
-39
40
256
134
-58
-11
177
-175
-507
-141
-702
-1543
-386
618
-287
-1482
-440
669
-501
-486
885
441
-903
-621
158
-294
-455
581
555
-627
-495
764
553
-8
101
-70
115
-590
-234
426
-371
-583
-1330
-1267
-614
-422
364
-369
-1214
-709
-350
-651
-1017
-441
-297
-1098
-1947
-862
-496
-1129
-894
-612
-707
-1069
-296
-450
-1609
-1722
-726
450
-604
-651
98
-794
-784
-92
1375
841
-141
100
11
-443
-504
-66
-261
-739
-279
402
172
38
558
719
314
194
7
15
-242
-721
-627
-827
-674
292
332
-237
474
1250
-137
-124
603
453
-247
-886
544
-87
-200
2253
2603
786
441
865
789
560
1143
1803
793
-30
992
577
-259
638
-402
222
733
1252
2580
1223
1386
836
-525
560
736
-18
668
863
583
-392
-1001
-156
-320
20
1865
1830
222
436
1033
957
666
1371
1860
711
90
1141
1655
649
759
778
484
1161
1002
2488
1275
448
513
-1135
-728
-661
-77
23
-388
-419
-104
-239
-484
-326
-1121
-1188
-494
-302
471
448
-540
-723
-985
-893
-208
-543
50
-372
-1377
-1305
-1948
-1181
-1342
-964
336
-260
-417
891
1140
156
456
1309
677
-63
295
315
-1280
-699
1886
-591
-414
1794
1056
1012
911
1959
-439
-1247
2532
1042
-935
1171
1376
-530
-925
1655
442
-908
973
1692
-1917
-1648
2295
719
-1602
-461
63
-1250
-666
933
276
-2163
-423
-882
-1817
-186
-440
-830
-1277
23
-611
-1719
824
-63
-1100
-1157
-1073
-767
-1994
-944
-565
-1550
-1253
-1307
-577
377
-307
-283
-1378
-567
-660
-1748
110
449
182
-930
661
1317
-294
1371
1303
108
-453
1028
2311
90
1096
2041
180
683
1439
1210
503
829
1234
333
507
1812
1450
145
25
416
322
489
727
1188
1262
13
527
-880
-937
-482
-563
258
95
469
-55
129
-879
-190
-922
-285
180
-1390
-196
-636
-968
-889
-1060
214
-572
-886
-385
-127
-981
-274
405
-1063
-230
-706
-52
-1448
-1098
368
35
-525
-356
-193
-240
654
-978
-570
829
-24
-1284
-1254
694
-361
-1274
651
216
85
-241
863
-214
-1286
268
69
-372
-906
-502
-170
-1128
-261
288
-211
-54
-118
604
563
211
-17
-593
281
304
-238
-272
-57
-321
-625
999
75
-97
44
-62
-288
-826
1154
1418
-66
-118
-245
277
89
-807
-598
-8
122
287
863
1257
917
-223
90
1288
996
1321
1187
966
138
-992
548
616
338
260
173
377
-63
554
311
-67
-728
-495
-32
164
618
540
-51
-1289
-1627
-867
467
933
406
-47
-1208
-1027
349
351
-27
171
271
682
-477
-1043
-268
-1159
-548
524
542
607
42
213
-127
-1278
-3
635
181
1154
1312
127
-966
-1523
-1459
-2124
-863
-4
299
-124
408
1531
-68
-506
-803
-1431
-680
952
1367
1428
221
-1475
-837
-134
1137
1052
-315
802
-339
659
836
-170
-1171
-1842
545
909
1501
1127
-374
-468
-461
448
1416
356
2508
193
73
510
-1539
1140
112
356
1055
-1747
-676
-1587
-660
437
-264
-746
-1403
-378
-250
1257
230
-141
-1893
-2085
-50
45
593
-910
-1179
-2011
-2340
-1050
-1378
-624
-1647
-765
-518
-196
64
342
337
-1808
-507
-571
-162
794
-232
-1734
-4298
-2205
249
1037
1070
-490
-1691
-2299
-1498
1059
1850
1646
1009
-1748
-968
-735
8
143
-882
-1641
-1933
1337
2161
1920
982
-352
-450
-2864
395
2810
2832
2099
-105
315
-641
-629
2168
2911
2557
1291
-957
668
1549
1775
1490
508
183
-800
86
1733
2447
1692
411
-102
-1486
-1397
517
504
870
548
-428
81
-429
354
712
494
1021
-171
-379
-221
-345
633
1368
1623
-236
-540
307
844
1612
739
1210
821
770
1360
-325
-188
30
1231
1012
-1112
-375
-515
19
-511
-763
146
-1077
-1082
-1089
165
1212
-641
-76
-696
-1316
-1335
-1122
654
1122
148
-707
-479
94
1536
1278
586
460
165
1228
1815
1121
800
1005
301
178
262
715
1390
1055
1209
724
389
592
1039
163
699
880
-696
-295
-669
966
254
-952
105
-326
1000
256
-126
-18
235
715
-213
27
82
1144
640
304
366
-412
-107
199
-500
-35
788
318
1684
681
61
-885
-1243
444
-25
-121
-1365
-1228
-542
1222
1334
-556
-1678
-3179
-1032
758
2203
900
-1658
-1142
-755
-525
441
698
-408
-1309
-1428
352
389
185
-1146
-1629
-1217
-1457
429
-1149
520
-14
-533
-107
-1296
-174
-2085
-126
652
498
22
-1306
-474
-629
-333
-919
-494
-356
-446
732
-771
-1053
-1106
-549
944
-453
-1831
-1721
-1227
-337
-423
-11
511
-334
-1005
-1305
211
1088
904
-245
-585
-269
-732
74
-820
91
195
28
1225
8
120
83
312
148
-126
-490
-1324
36
1263
2165
225
-1489
-696
-1117
143
425
134
208
-1053
-456
-713
-1785
-111
-272
204
5
-583
886
302
-58
-1270
-1670
-1414
-1213
300
1074
1278
-556
-550
213
-291
732
444
1194
329
590
1048
-311
-240
-195
761
161
1338
1420
815
285
-1041
-80
-892
697
1210
1209
1820
307
-91
-1142
-277
97
615
-85
-104
1326
493
2406
557
-130
-83
150
1816
892
757
-403
-689
374
1235
976
-612
-575
498
892
528
-410
-990
-1106
-421
198
-468
-453
-760
-839
-660
-1345
-511
-1426
-315
817
25
-14
-1264
-1232
-2769
-1596
66
1085
1225
-1086
-1333
-2142
-203
1455
1239
1205
-1965
-1622
-771
-1021
298
-1503
578
1039
-120
1213
-1405
196
44
-432
1018
-1402
384
-1256
-485
79
-44
1225
-1640
-444
-2068
-442
1271
1439
2223
-923
-664
-1351
137
2931
2140
1389
-430
-188
743
1424
2003
1486
328
-233
867
598
574
52
276
1579
2075
2023
515
-1142
-892
925
2014
2447
638
-327
-152
1008
2618
1613
139
-1734
-1750
-962
885
1091
-90
-478
-1684
-889
-975
-603
-843
-1167
-1428
-1585
-1101
-1585
-1310
-1688
-1073
-1018
-546
-1630
-2696
-2532
-1352
263
-960
-981
-2199
-1763
-1355
-872
1052
-253
-925
-2152
-1587
-402
297
1142
-155
-1922
-1705
-92
653
1183
402
825
841
922
956
209
703
24
816
1430
1527
752
242
1708
1759
1529
1224
1134
1403
1068
1206
1868
2618
2939
2639
1933
1388
2093
2318
2592
2508
3048
3060
1861
1457
603
2136
3258
3829
4240
2387
1771
1434
2975
2639
1207
781
373
1646
2301
3465
2653
905
-122
-137
1126
1517
1591
744
427
156
-442
-499
-1030
-1283
-1241
-990
-429
-1532
-2633
-3629
-4385
-4414
-4606
-4616
-4764
-5418
-5768
-6125
-6262
-6248
-6432
-6327
-5967
-5543
-5590
-5989
-6868
-7008
-6462
-5748
-4914
-4220
-3895
-3015
-2132
-1171
-907
-2170
-2339
-1852
110
1788
1441
1100
1410
2221
3004
3148
3209
2874
2482
3698
4703
4951
4881
3388
3462
3967
5000
5825
4712
4870
4463
5564
6426
6341
5533
4515
5382
5006
5326
5244
5183
5797
5124
5982
5454
5698
5421
4795
5182
4371
4962
4442
5236
6302
6109
6011
5005
4016
2679
1451
1664
911
-459
-1979
-3603
-3863
-4592
-4804
-5670
-7409
-8177
-9633
-9947
-11424
-12386
-12822
-13005
-12118
-12647
-12593
-13567
-13331
-12702
-11931
-10519
-10120
-9378
-9480
-8623
-7956
-6853
-5729
-4663
-3431
-2820
-1619
-676
679
1487
1963
2467
3320
3091
2952
3024
2898
3642
4804
6782
7195
6508
5659
4583
3751
3869
5164
6029
6975
7372
7752
7696
7038
6853
5903
5465
5729
5963
6838
7401
7581
7374
6267
5504
4666
5684
7528
8909
8915
7716
7160
6028
6701
7020
7442
6842
5792
5452
4236
2545
-726
-4013
-6406
-6032
-3899
-2612
-3592
-7577
-12040
-14919
-14746
-12185
-10729
-11281
-14080
-16775
-17402
-15968
-14144
-14113
-15637
-16709
-15910
-13227
-10060
-8199
-7738
-7958
-8122
-7026
-4737
-2732
-1076
116
1342
2522
2971
3176
3439
3920
4965
5362
5113
4651
4490
5348
6254
6774
7318
7321
7030
7009
6811
7405
8410
8865
9038
8762
8067
7587
7340
7730
8428
8606
9151
8950
8725
8529
7976
8254
8671
9383
9616
8842
8177
8406
8669
9172
8996
8242
7800
7776
8662
9160
8204
4373
-1766
-7083
-8804
-6218
-1750
515
-1922
-8230
-14622
-17991
-16900
-13979
-11923
-12856
-16090
-18372
-18796
-18392
-17776
-18712
-19277
-19411
-17202
-14318
-11767
-10455
-10615
-10891
-10975
-9444
-7003
-4244
-1672
737
2210
2846
2916
2558
2790
3883
4826
5290
5078
5002
4709
4823
5304
5733
6199
6993
7559
8543
9467
9669
9888
9552
9104
8542
8353
8392
9276
9975
11126
11669
11044
10360
9288
9365
9681
10114
10071
10059
10472
11197
12293
12524
11970
10994
10201
11023
11968
10581
5431
-2103
-7403
-8282
-3688
1662
2652
-2417
-11477
-18541
-20291
-16251
-11577
-10783
-14093
-20264
-23128
-23296
-20787
-19625
-20133
-22133
-23409
-21607
-18393
-14243
-12840
-13293
-14433
-14739
-12775
-9540
-5199
-1700
534
1426
1582
1777
2108
3524
4563
5185
4901
4261
4463
5406
6722
7170
7536
7905
8446
9112
9919
9807
9275
9093
9392
10469
11317
11976
12574
12901
12939
12520
11826
10774
10644
11900
13876
15771
15793
14926
12822
11231
10571
11554
14570
17423
19540
18406
13070
4453
-3931
-6406
-2480
6221
10837
8197
-2501
-14029
-19601
-18622
-12656
-8912
-9604
-14671
-20430
-23179
-23603
-21768
-22091
-23251
-24764
-24145
-21648
-18838
-16392
-16608
-17600
-18701
-18352
-15697
-11522
-6933
-3255
-1475
-1501
-2262
-2517
-1094
1786
3895
4893
3771
3216
3261
3872
4523
4628
5221
6208
7781
8725
9002
8296
7078
6302
6934
8792
10950
12547
13391
12643
11904
10482
10459
11760
13866
15601
15829
15925
16054
17033
16379
15342
13591
14220
16548
20473
22719
18420
9344
-2022
-6848
-2708
7137
14108
10975
-218
-14060
-20596
-20065
-12956
-7523
-7476
-13504
-23043
-27932
-28167
-23162
-19350
-17834
-20164
-22712
-23679
-22050
-19295
-17781
-17343
-18587
-18667
-15616
-10624
-4961
-2242
-2379
-4080
-4675
-2802
618
4227
5574
5011
2499
1001
469
1235
2077
3132
4379
5290
6034
5718
4640
3377
2627
3149
4938
7495
9645
11102
11836
11670
11251
11245
12128
13839
15418
16279
16377
16495
17466
18603
18892
17472
16458
16878
19121
22852
24219
24269
19181
11314
1414
-4152
-1688
6246
14346
12637
2624
-12998
-22861
-23986
-17449
-8556
-6569
-10732
-21841
-30294
-32748
-29734
-23736
-21422
-20606
-23722
-24184
-24496
-21863
-20217
-20148
-20636
-21291
-17609
-12315
-5928
-2999
-3787
-6297
-8227
-6246
-1349
5841
9909
9175
4074
-1583
-2706
-547
4198
6580
7772
7407
6906
5886
4170
2825
2479
3869
6114
9048
11624
13296
13148
11487
9359
8983
11731
16298
20192
21160
20280
18385
17955
18359
18913
19269
19580
21551
24308
26354
26275
23553
15726
6815
-784
757
8579
17584
18286
7623
-8400
-20804
-22764
-16541
-6840
-1740
-5738
-15642
-27653
-32506
-30972
-23493
-18125
-17097
-20059
-24140
-25884
-25782
-23304
-21845
-19893
-19188
-17453
-14255
-10740
-8219
-7936
-8618
-8540
-6880
-2243
3518
7820
7163
2953
-1720
-2406
1000
5687
9086
9463
8897
7318
5768
4876
5556
7598
9385
9567
9096
9298
10486
11665
11484
10597
11163
13343
16423
17904
17095
15227
14114
15114
17392
19980
20985
20759
19454
19065
19296
21071
20675
16221
8964
4091
6061
12362
16750
12836
2711
-8477
-13752
-12312
-6483
-531
-1079
-8447
-21508
-30950
-32006
-25016
-16561
-13646
-16454
-23615
-29412
-32531
-29614
-23443
-17049
-14437
-16997
-20400
-21997
-19855
-15902
-11578
-8102
-5839
-4317
-3316
-2115
-1881
-2289
-2627
-1080
2560
5689
7205
6047
4374
3298
3054
3747
5605
8240
9875
9282
6829
5168
5830
8136
10368
10994
11554
12320
13569
14177
13878
13375
13543
15437
17416
18784
18414
17704
17080
17574
19408
21587
23715
21135
14690
6640
4732
10177
17510
19802
12379
1838
-8065
-10675
-7913
-976
4796
2317
-8489
-23906
-30952
-27565
-17843
-11361
-12100
-17288
-25216
-30735
-32528
-27499
-19401
-13282
-13225
-18487
-22664
-24023
-21819
-18008
-12646
-7278
-4594
-5235
-7440
-8073
-7363
-5323
-2584
1137
4352
4342
1501
-1667
-1530
1719
4876
6105
6049
5613
4595
3151
2698
5288
8793
10445
9443
7421
6952
8540
11120
13171
14415
14666
14706
14699
15347
16853
17652
17885
18617
20009
22039
22540
22447
19456
14110
8983
8721
14920
21531
23031
14893
3436
-5790
-7642
-2286
4912
10353
5554
-7306
-22619
-28824
-22517
-12281
-5809
-9577
-17321
-27224
-32333
-31471
-23573
-13899
-10700
-15220
-23788
-27931
-25617
-19588
-13925
-9892
-8309
-9922
-13055
-13999
-10906
-6554
-4046
-2743
-1340
147
-23
-2409
-3659
-1781
2369
5376
5488
4080
2246
211
-720
1347
6847
11448
11179
6852
2733
2580
6159
11406
15503
16761
14801
11351
9970
11903
16419
20030
20742
19951
18723
19347
20156
22081
22190
18586
13160
10593
15027
21574
23751
17467
6819
-1188
-3011
2029
8790
12584
7402
-6188
-19501
-23798
-15912
-5982
-2485
-8684
-19154
-28200
-31855
-27808
-19154
-11458
-12511
-20655
-28793
-30163
-24882
-18326
-13631
-11894
-13041
-16225
-18365
-16161
-10005
-4816
-4267
-6147
-6549
-5062
-4047
-4104
-3166
-368
2258
3067
2147
1015
524
317
1341
4540
8790
10836
8313
3531
956
3040
8127
12614
14513
13536
10318
7822
8754
13797
18655
20446
18688
16305
15840
17781
21179
23637
22839
17016
11706
11288
17497
23844
23367
15400
5144
232
1355
7833
13388
13492
4385
-9793
-18205
-16350
-6161
-652
-3040
-12554
-21873
-27133
-26706
-20273
-13736
-11630
-17741
-25367
-28521
-25408
-19998
-16847
-15324
-14937
-15789
-17633
-17583
-13913
-9302
-7247
-8031
-8054
-6452
-4839
-4691
-4678
-2333
949
3018
2225
364
-281
571
2232
4488
7225
8265
6497
3109
1772
4072
7932
11077
12102
11055
8968
7263
8155
12005
15936
17749
16125
14343
14183
16198
19200
21457
22492
18330
13182
11282
15964
23015
24254
19258
9622
4938
4620
9033
13594
14039
8628
-2853
-10468
-10798
-3537
1152
-2137
-9809
-17091
-20089
-20482
-18092
-14670
-13859
-17274
-22767
-24578
-22709
-20251
-19712
-19383
-17136
-15019
-15841
-18118
-18176
-14849
-10694
-8595
-7373
-6941
-7534
-9557
-9421
-5269
642
3871
1700
-2257
-4380
-2308
1622
5043
7199
6831
4296
1603
1374
4668
8205
9406
8679
7701
7433
7139
8296
10519
13379
14081
13096
12489
13433
16168
18248
20102
20595
18946
14100
11472
14406
20789
24674
20651
13283
7054
7041
9868
13614
14990
11371
3596
-5096
-6531
-2628
2114
-154
-6964
-12893
-15565
-16009
-15965
-14872
-14161
-16004
-20011
-22665
-21760
-19857
-19757
-20236
-18683
-16008
-16045
-18819
-20070
-17397
-12660
-9670
-9338
-9691
-10995
-12200
-12116
-7929
-2069
1278
-229
-4607
-6625
-5159
-1385
1668
3757
4267
3275
1214
571
2112
4743
6269
6635
7192
7492
7309
6435
7745
10574
13454
14153
12732
12399
13557
16185
18923
20974
21315
17120
12050
11974
17918
24936
25120
18510
10444
7441
10187
14124
17203
15157
9122
370
-4743
-2343
2551
3929
-2035
-8435
-11604
-12022
-12779
-13943
-13533
-13479
-15637
-18827
-20358
-19297
-19026
-18950
-17929
-15768
-15326
-18512
-20638
-18355
-12563
-8702
-9708
-12177
-13430
-12627
-10897
-7801
-3927
-1891
-2627
-5313
-6347
-4948
-2501
-848
-37
1127
2194
2375
1248
769
1754
3396
4638
6045
7215
7122
5379
4884
6913
10769
12482
11522
11286
11003
13360
15109
17942
19533
18320
14311
9931
14324
20543
25114
20737
13034
9011
9189
13530
15388
16902
13206
6201
-502
-2122
2672
5409
2691
-3698
-7530
-8176
-9617
-11886
-12696
-11508
-11795
-15345
-18347
-19016
-18291
-18395
-18155
-15791
-14594
-16621
-20522
-20516
-15352
-10927
-10058
-12761
-14083
-13346
-11961
-10305
-7678
-4460
-3686
-4806
-6330
-5958
-3496
-1656
-490
157
918
1294
1009
1557
3251
4975
5127
4848
5787
6822
7389
6534
7161
9188
11272
11278
10602
11395
12256
14201
15231
17324
17506
15067
11471
12262
18069
21736
20642
14461
10889
11224
14012
15399
15070
13848
9166
4267
1504
3915
6500
4929
-241
-3489
-4414
-5956
-9005
-10534
-8990
-8009
-10614
-14714
-16638
-16468
-16307
-16212
-15078
-13683
-15187
-18761
-19672
-15915
-11529
-11268
-13336
-14551
-13379
-12067
-11578
-10245
-7556
-5785
-6103
-7015
-7126
-5617
-3642
-2680
-1700
-838
-984
-1175
-587
1460
3277
3154
2121
3084
5068
6073
5420
5133
6586
8670
9623
8668
9127
9594
11378
12520
14144
16033
14402
11331
8647
13582
19027
20465
16061
10219
9797
11747
15034
14731
14148
11715
7130
3676
2958
6239
7098
3462
-892
-2544
-2710
-5179
-7919
-7918
-6190
-6500
-10666
-13783
-14127
-13478
-13506
-13572
-12573
-12698
-15292
-17534
-16368
-11861
-10402
-11971
-13851
-13417
-11412
-10962
-10527
-9228
-6894
-6394
-6836
-7228
-6911
-5226
-3887
-3080
-2374
-2109
-1947
-1380
-115
1379
1829
1083
1292
3378
5068
5046
3992
4533
6353
8159
8305
7902
8988
10520
11766
13028
13742
13357
11921
9392
11620
16638
19249
17202
11857
10425
11101
13800
14541
13676
13194
9498
6056
3618
4867
6396
5300
1914
-860
-1392
-3314
-5948
-7067
-6221
-5713
-8654
-12033
-13015
-12371
-11975
-12504
-11897
-11670
-13476
-15718
-15662
-12335
-9498
-10597
-12828
-13514
-11647
-10038
-9442
-9116
-7854
-6695
-7098
-6757
-5880
-4998
-4169
-4015
-3981
-3135
-2569
-1779
-431
711
1194
448
-555
409
3322
4581
4202
3815
4303
5835
6085
6215
7497
9049
10789
11048
11553
12601
12396
12034
9910
11477
15623
16972
16254
11691
10295
11060
13310
15133
13808
12901
9074
6100
3928
4590
6487
5325
2499
-791
-1869
-3443
-5901
-6542
-6133
-5709
-8149
-11512
-12285
-12396
-12107
-12830
-12314
-11654
-13037
-14978
-15636
-12939
-10423
-10967
-12394
-13140
-11885
-10361
-9885
-9622
-8871
-8024
-7377
-6668
-6199
-5714
-4818
-4251
-4123
-3747
-3083
-1593
-162
111
-196
-663
-544
996
3320
4555
4114
3328
3780
5124
6720
6952
8044
8599
9500
10266
10282
12226
11788
12088
10428
11455
15360
15926
15994
11622
10684
11175
12647
14826
13628
12980
9213
6473
5159
5703
7013
5542
3577
1397
-196
-2216
-4689
-4721
-4445
-4586
-6718
-9459
-10016
-11251
-11509
-11532
-10539
-9995
-12074
-13485
-14018
-12239
-10581
-10725
-10893
-11396
-10596
-10317
-9998
-9246
-8600
-7516
-7005
-6188
-6056
-6006
-5167
-4429
-3848
-3778
-3138
-2360
-1329
-824
-945
-711
-339
1304
2788
3148
2605
2108
2850
4401
5811
6202
6867
7263
7448
8217
8939
10834
11798
11656
10194
9095
11940
14384
15529
13041
9903
9748
10653
13448
12915
11958
9943
7011
5600
4524
5791
5743
4414
2640
808
-1252
-3970
-5136
-4518
-3770
-4546
-7625
-9542
-10830
-11152
-10787
-10075
-8986
-10228
-12844
-14195
-13481
-10968
-9549
-9639
-10394
-11238
-10872
-10354
-9046
-7702
-6473
-5873
-6213
-6672
-7060
-5476
-3659
-2611
-2642
-2870
-2611
-2307
-1788
-797
369
998
1089
1684
1971
2144
1852
2450
4464
5953
6284
5458
5727
6487
7306
8991
10154
11852
11834
10103
8720
9142
13682
15931
15440
11717
8946
10162
12084
14291
13181
11594
9412
6721
5246
4970
6617
6347
4375
1722
-1008
-2896
-4709
-4588
-3214
-3447
-5804
-9524
-10953
-10984
-10509
-10105
-9893
-9651
-11872
-14010
-14163
-12673
-9743
-9427
-9956
-11595
-12017
-10420
-9247
-7341
-6800
-6316
-6522
-7052
-7038
-6091
-3443
-1832
-1782
-2816
-3219
-2716
-2477
-1472
311
1803
1543
417
280
494
1479
2061
3180
4988
5226
4639
3656
4594
6473
7461
9094
9142
10477
10100
8970
8872
8697
13049
14407
14258
11596
9164
10941
12152
14116
12581
11008
9945
7090
5909
5329
6952
6694
3982
911
-1383
-2081
-3625
-3581
-3261
-4311
-6444
-10000
-10815
-10275
-10052
-9890
-10154
-9847
-11541
-13689
-13984
-11680
-8785
-8169
-9690
-11752
-12135
-10414
-7832
-6139
-5948
-6424
-6869
-7067
-6326
-4652
-2368
-1066
-1837
-3779
-4400
-3470
-1896
-205
1193
1117
-154
-1687
-1366
751
2240
2960
2923
2950
3109
2807
3260
4929
6729
7160
7155
7942
8632
10000
9989
9642
9292
10035
13051
13860
13283
10352
9616
11368
12437
12661
10446
9312
8002
6574
6016
6071
6018
3621
840
-792
-1656
-2435
-3748
-4203
-4773
-6785
-9393
-10635
-9794
-9531
-10142
-10952
-11148
-11111
-12262
-12271
-10852
-9783
-9212
-10298
-10652
-10344
-8920
-7053
-6407
-6120
-6813
-6368
-5247
-3988
-2955
-2391
-1679
-2266
-3343
-3433
-1786
233
876
581
283
-104
-347
99
1677
2635
2706
2311
1866
3225
3416
3883
4943
5606
6861
6507
7141
8668
9600
10606
10126
9485
8283
9403
12783
14146
13423
9924
9279
10558
11271
11155
9584
9877
8269
6144
4126
3908
4389
2491
350
-1018
-1798
-3460
-5741
-6234
-6306
-7169
-8947
-10261
-10180
-11214
-12054
-12168
-10913
-10518
-12042
-13113
-12899
-11120
-10019
-9898
-9784
-10134
-9424
-8786
-7673
-7114
-6488
-5036
-4076
-3691
-4517
-4246
-2956
-1976
-1897
-1676
-606
-56
9
-471
374
1220
1217
1627
2325
2966
2899
3195
3789
4688
4807
4876
6337
7409
7913
7438
8277
10030
11040
11546
11203
11305
10173
10777
13860
15857
15491
11350
9650
11088
12723
12891
10725
10222
9074
6102
3790
3500
4861
3546
431
-1844
-2663
-4088
-6494
-7264
-6803
-7164
-9450
-12035
-12586
-12594
-12761
-12679
-11982
-11798
-13569
-14622
-13560
-11372
-10054
-10661
-11055
-10668
-10002
-9037
-7825
-6574
-5698
-5307
-5253
-5376
-5028
-4039
-2145
-1002
-1454
-2022
-1773
-1021
-451
-50
894
1795
1763
1316
1652
2139
2708
3558
4489
5326
4882
4567
5379
7342
8783
8674
8712
9438
10754
11386
12426
13214
12749
11401
11352
14345
15584
14950
12088
11263
12369
12178
11293
9602
9723
8613
5717
3565
2740
2716
646
-1520
-2597
-3404
-5580
-8271
-8959
-8746
-9392
-11077
-12585
-12795
-13681
-14357
-13845
-12648
-12264
-13788
-14260
-13508
-12400
-11522
-11272
-10226
-9758
-9437
-8959
-8568
-7701
-7015
-5646
-4875
-4796
-4921
-4399
-2715
-2128
-2587
-2658
-1690
-686
-322
104
1002
1568
1098
1331
2360
3488
4259
4543
5637
5850
6115
6404
7401
9425
10054
10448
10644
11222
12397
12660
14500
15185
13642
12307
12283
15981
17239
15460
12195
10581
12070
12062
11263
9334
8754
7049
4013
2344
1616
1846
-91
-2628
-3741
-5361
-7405
-9840
-10204
-9309
-10510
-12892
-14764
-14485
-14227
-14712
-14579
-13819
-13693
-15229
-16069
-14650
-12820
-11419
-11802
-12227
-11884
-11246
-10077
-9368
-8648
-7818
-6942
-6203
-5934
-5868
-5267
-3736
-2952
-2817
-2500
-1841
-773
-122
325
1111
1887
2473
3405
4329
4501
4734
5545
7185
8306
7852
7973
9224
10733
12009
11602
12275
12929
13741
14701
14524
16125
15929
14911
13648
13730
16464
16618
15463
12153
10768
11046
10737
10484
8797
8192
5946
2787
1297
680
869
-1128
-3447
-4747
-6232
-8289
-10675
-10775
-10134
-10800
-12735
-14557
-14649
-15200
-15619
-15148
-14009
-13937
-15528
-16212
-15520
-13947
-13191
-13074
-12935
-12523
-11878
-11494
-10519
-9568
-8579
-7786
-7394
-6984
-6518
-5373
-3597
-2363
-2273
-2242
-1559
-221
1325
2435
3328
3721
4018
4903
5971
6771
7637
8470
9774
9988
9570
10027
11332
12934
13226
13404
13492
14087
14178
14418
15538
16573
16557
14163
12399
13014
15434
16008
13962
10887
9212
9155
9044
8810
7869
6754
4077
1093
-522
-690
-803
-2330
-4202
-5935
-7770
-10080
-11454
-11131
-10788
-11885
-13932
-15005
-15045
-15668
-16249
-15702
-14160
-14392
-16358
-17117
-16204
-14032
-12931
-13013
-13187
-13655
-13048
-12147
-10513
-9155
-8456
-7803
-7570
-6864
-6323
-4980
-2890
-1494
-940
-689
-4
906
2431
3982
5264
5782
5854
7078
8502
9058
9115
9706
11208
12473
11724
11691
12760
14104
14538
13631
14257
14280
14691
14623
14881
16321
16047
14958
12504
11289
12606
14292
14453
12137
8401
7039
7318
7767
6983
5320
4219
1856
-721
-2545
-2298
-2213
-4018
-6428
-8180
-9133
-10937
-12072
-11628
-11184
-12459
-15221
-16185
-15495
-15301
-15561
-15802
-14988
-15745
-17626
-17540
-15712
-13366
-13006
-14149
-14841
-14562
-12804
-10953
-9347
-8947
-9171
-8296
-6747
-5078
-4215
-2922
-1189
-141
-92
441
2568
4642
6188
6821
7202
7683
8150
9608
11721
12623
12407
11861
12461
13750
13859
13567
14228
15086
15180
14495
13791
14300
14624
14783
14868
14538
14507
13423
11627
10380
10367
12254
12384
10356
6521
4367
5082
5702
5361
3499
1962
-353
-3137
-4328
-3899
-3220
-5408
-8326
-10136
-11166
-12149
-13590
-13376
-12777
-13813
-16245
-17998
-17610
-16986
-16990
-17080
-16713
-16811
-18338
-18727
-17405
-15456
-13868
-14411
-14731
-14649
-13196
-10624
-9203
-8248
-7893
-6420
-4826
-3832
-2744
-828
1887
2966
2861
3344
5383
7688
8761
9524
10368
11070
11092
11772
13383
14299
13633
12616
13059
14550
15183
14082
13353
13448
13641
13405
12975
13222
13233
12332
11613
11486
11673
12232
11385
9651
7367
6692
8828
9752
8458
4389
2119
2448
3194
2783
979
107
-1571
-4295
-6020
-5959
-5301
-6822
-9169
-10635
-11221
-12697
-14769
-14808
-13882
-14110
-16160
-17685
-17248
-16915
-17614
-17759
-16561
-15620
-16519
-17508
-16564
-14497
-12908
-12455
-12079
-11078
-10185
-8692
-6998
-5199
-3427
-2406
-1191
82
1100
2681
4718
6105
6788
7370
8505
10082
10732
10977
11728
12541
13103
13333
13423
13458
13121
12605
12885
13495
13600
12728
11564
11253
11308
11464
11386
11488
10941
9433
8498
8276
9325
9653
9174
7960
5478
3709
3328
5651
7056
4648
693
-1712
-1158
-300
-1394
-2354
-2618
-4154
-7332
-9818
-9293
-7890
-8892
-11279
-12386
-12928
-14580
-16467
-16364
-14224
-14250
-16393
-17744
-17520
-16838
-17015
-16254
-14218
-13477
-14875
-16024
-14544
-11409
-8982
-8088
-7758
-7256
-6456
-4806
-2366
11
1677
2535
3073
3707
4853
6821
9074
10232
10339
10402
11111
11982
12804
13589
14146
14077
13412
13330
13856
13944
13409
12685
12498
12361
11689
11236
10985
10794
9925
9322
9139
8948
8077
6866
6819
6569
6630
5732
5426
5463
3599
1740
69
1583
3279
2210
-538
-3647
-3719
-3193
-3122
-3655
-4704
-5792
-8232
-9907
-10364
-9506
-9584
-11368
-12645
-13553
-14175
-15103
-15502
-14467
-13890
-14616
-15890
-16126
-15154
-14476
-13750
-12843
-11626
-11439
-11872
-11251
-8959
-6099
-4579
-4179
-3976
-2956
-1238
603
2273
3834
5267
6047
6610
7079
8311
9951
11159
11611
11565
11631
11989
12488
12865
13132
12843
12131
11959
12105
12199
11465
10555
10169
9953
9262
7884
7514
7542
7311
6072
4958
4753
4840
4370
3372
2670
1957
2013
1515
1812
1590
444
-1007
-2992
-2687
-1465
-336
-1454
-4305
-6317
-6186
-5113
-4774
-5610
-6465
-7381
-9102
-9985
-9704
-8575
-9054
-10654
-11568
-11212
-11399
-12257
-12211
-10842
-9891
-10924
-11999
-11095
-9788
-8972
-8599
-7363
-5821
-6009
-6574
-5699
-3003
-638
312
228
376
1270
2545
4257
5731
6698
7428
7724
8209
8608
9364
10766
11495
11179
10614
10665
11314
11750
11579
11262
10582
9598
9263
9699
9904
8758
7178
6524
6631
6122
4663
3914
3791
3382
1980
634
946
1101
649
-1182
-2185
-2076
-1914
-1586
-2035
-2213
-3188
-4249
-5283
-5202
-3616
-2865
-3080
-5241
-6901
-6532
-5796
-4504
-4783
-5062
-5433
-6907
-7434
-7370
-6086
-5531
-6353
-7042
-7414
-7425
-7798
-7488
-6543
-6082
-6543
-7401
-6756
-5883
-5349
-4889
-4187
-3052
-3220
-3640
-3170
-1188
767
1559
1664
1537
2216
3154
4641
5845
6483
7189
7681
8254
8270
8292
9327
10364
10546
9850
9254
9159
9350
9057
8702
8679
7855
6731
5804
5255
5095
4237
3105
2436
1538
139
-1158
-1434
-1152
-1342
-2839
-4333
-4535
-4621
-4255
-4652
-4730
-4604
-5063
-5117
-5338
-4538
-3770
-3367
-3777
-4753
-4363
-2806
-1280
-1548
-3019
-3483
-2499
-1247
-1188
-1467
-1170
-1421
-2277
-2924
-2463
-1289
-1762
-2476
-2840
-2745
-3334
-4442
-4156
-2741
-2177
-3216
-4040
-3853
-3167
-2880
-2675
-1363
-338
-727
-1586
-1249
557
2524
3180
2632
2725
3176
4280
5153
5446
6192
6690
6853
6541
6154
6710
7422
7412
6707
5934
5401
5201
5014
4706
4353
3045
1703
1128
940
759
-373
-1754
-2389
-2774
-3202
-3870
-4428
-4474
-4495
-5084
-5675
-5901
-5339
-4337
-4170
-4230
-4710
-4454
-3829
-2881
-2002
-1237
-804
-385
-292
-1147
-604
860
3287
3961
1997
468
727
2559
3669
3453
3271
2898
1605
456
684
2143
2560
1347
255
-74
-622
-1531
-1662
-294
546
-701
-2256
-2737
-2105
-1429
-1170
-224
292
-672
-1732
-1742
-68
1738
2065
1653
912
557
874
1782
2771
3116
2981
2273
1533
1201
1473
2461
2615
1526
199
-606
-557
-413
-533
-855
-1458
-2622
-3405
-3389
-3464
-3640
-4043
-4164
-4074
-4857
-5539
-5143
-4174
-3627
-3991
-4278
-3847
-3066
-2492
-1981
-1200
-673
-329
-46
587
1463
2139
2932
3694
4491
4555
4425
3783
4151
5962
7676
8060
5751
4130
4261
5968
7139
6497
6205
5293
4058
2805
2886
4395
4661
3073
1445
895
755
215
-223
165
561
-816
-2205
-2407
-2137
-1872
-2359
-2315
-1969
-2911
-4032
-4254
-3265
-2250
-2437
-3248
-4188
-4313
-4075
-3212
-2806
-3252
-3529
-3768
-3611
-3692
-3817
-3221
-2787
-3204
-3811
-3859
-3338
-2866
-3021
-3232
-3119
-3431
-3422
-2791
-2314
-2206
-2832
-2806
-1968
-1587
-1869
-1923
-1234
-530
-408
-737
-203
597
1006
1232
1269
2025
2623
3296
3921
3982
4176
4283
5286
6307
6908
7248
7213
6698
5787
6644
8511
10183
9193
6559
5875
6542
8051
7837
7120
6850
5586
4180
3052
3527
4046
3141
1642
543
-138
-1473
-2693
-2659
-2253
-2816
-4779
-6078
-6536
-6815
-7126
-7236
-6720
-7114
-8454
-9546
-9462
-8096
-7117
-7075
-7602
-8496
-8397
-7476
-6249
-5539
-5503
-5198
-4987
-4700
-4779
-4199
-2659
-1901
-1901
-2462
-2513
-1617
-888
-520
-172
-17
-141
-102
55
556
1146
1139
1336
1615
1583
1501
1538
2401
3394
3667
3203
2913
3717
4581
5178
5405
5666
6294
6688
6958
7245
7673
8042
8675
8997
9234
9268
8923
9374
8557
8185
8669
9089
9686
7342
5722
5358
5776
6169
4541
3791
2755
1379
-46
-855
-553
-1257
-2937
-4479
-4978
-5735
-7097
-7817
-7928
-7611
-8871
-10315
-10260
-10248
-10145
-10620
-10700
-9920
-10052
-10545
-10621
-9962
-8786
-8243
-8068
-8300
-7889
-6923
-6003
-4967
-4967
-4557
-3811
-3286
-2587
-2166
-1302
-735
-608
-380
113
658
1031
1529
2085
2435
2122
2109
3097
3841
3956
3602
3706
4610
4880
4657
4760
5234
5675
5785
5910
6236
6416
6097
6350
6929
7256
7251
6836
7222
7358
7186
7017
7046
7337
7084
6726
6418
6531
6207
5902
4837
3913
4155
4147
4506
2790
1021
493
307
961
-360
-1166
-1975
-3127
-3905
-4674
-4446
-4752
-5950
-7024
-7231
-7345
-8213
-9019
-9078
-8538
-8648
-9682
-9900
-9835
-9498
-9371
-9220
-8457
-8311
-8423
-8401
-7841
-6633
-5909
-5478
-5170
-4706
-4092
-3448
-2665
-2026
-1111
-478
-150
179
661
1762
2682
2897
3047
3505
4025
4524
4749
5174
5782
5669
5393
5579
6120
6544
6386
6036
6207
6255
5909
5616
5735
6111
5884
5267
4816
4845
4844
4605
4356
4267
4236
3771
3484
3277
3272
3202
2967
2996
2629
2006
1764
1690
2275
2265
1627
1202
-142
-20
8
887
1141
-747
-1463
-2708
-1742
-1503
-2157
-2022
-3221
-3760
-4964
-5021
-4427
-4371
-5165
-6285
-6405
-6596
-6833
-7073
-7124
-6439
-6827
-7103
-7273
-7299
-6690
-6579
-5753
-5137
-4965
-5199
-5248
-4260
-3101
-2030
-1927
-1905
-1361
-753
212
594
1218
2043
2631
2841
2813
3176
3932
4609
4756
4822
4756
4797
4893
4993
5237
5219
4890
4627
4535
4401
4158
3817
3719
3744
3352
2887
2496
2279
2202
1956
1872
1651
1391
1050
868
996
945
877
789
784
789
536
458
699
963
1189
980
807
599
735
1004
1232
1683
1335
1286
424
130
919
1389
2114
716
-83
-397
-304
526
-151
111
-447
-1272
-1874
-2432
-1802
-1804
-2158
-2808
-3121
-3455
-4072
-4265
-4198
-3611
-3823
-4454
-4775
-5081
-4699
-4707
-4396
-3807
-3802
-3799
-4236
-4011
-3233
-2654
-2099
-2043
-1661
-1509
-1203
-891
-506
563
866
1222
1186
1189
1702
1852
2361
2725
2981
2832
2541
2522
2632
2997
2859
2750
2643
2277
1973
1682
1575
1776
1631
1184
728
230
156
261
301
327
72
-324
-548
-476
-118
249
435
302
328
284
374
867
1134
1886
2020
1912
2022
1824
2463
2783
3278
3601
3374
3355
2975
2654
2734
3110
3744
3785
2532
1319
796
1188
1776
1468
705
-268
-1348
-2012
-2071
-2012
-2045
-2878
-3866
-4423
-5028
-5282
-5418
-5322
-5201
-5662
-6387
-6657
-6533
-6032
-5684
-5484
-5221
-5194
-5185
-5014
-4379
-3321
-2659
-2411
-2368
-2152
-1436
-830
-152
531
970
1379
1332
1546
2083
2673
3137
3180
3255
3167
3086
3117
3309
3654
3596
3244
2846
2596
2570
2460
2486
2448
2239
1790
1294
1092
1245
1372
1335
1144
838
657
567
787
1037
1226
1188
1084
1097
1170
1354
1602
1963
2090
2200
2030
2092
2267
2421
2783
2789
2920
2471
2180
2065
2280
2755
2584
2037
972
477
416
806
950
216
-519
-1589
-1908
-1999
-2191
-2184
-2729
-3261
-4003
-4575
-4811
-4818
-4754
-4744
-5015
-5554
-5993
-6052
-5635
-5150
-4960
-5003
-5043
-4954
-4693
-4286
-3676
-2945
-2506
-2403
-2255
-1878
-1156
-454
89
494
851
1039
1244
1605
2065
2689
2956
3116
3106
2974
3151
3256
3545
3679
3457
3258
3033
2897
2896
2721
2595
2538
2314
1971
1624
1321
1385
1401
1222
1012
586
436
335
275
421
390
296
71
-99
-106
41
192
337
440
242
131
49
208
561
588
601
563
494
365
329
473
790
911
545
419
186
192
423
294
528
350
76
-9
-567
-569
-358
-77
292
-465
-1059
-1362
-1143
-508
-679
-741
-1043
-1365
-1556
-1613
-1240
-941
-990
-1315
-1379
-1545
-1604
-1492
-1185
-787
-880
-1167
-1232
-1146
-890
-752
-502
-149
-121
-374
-593
-347
297
611
639
376
287
402
512
851
974
1067
1032
826
836
803
881
1037
1034
1034
783
585
474
493
564
514
465
246
9
-169
-285
-233
-185
-273
-501
-743
-891
-906
-860
-845
-823
-895
-1066
-1097
-1128
-1005
-871
-828
-716
-807
-830
-753
-581
-322
-192
-242
-232
-102
5
260
346
492
626
705
883
938
985
1040
1376
1493
1621
1520
1430
1800
1709
1944
2030
2008
2054
1538
1726
2104
2244
2174
1567
1352
1486
1468
1553
1493
1262
1004
615
484
616
451
217
106
-132
-272
-693
-962
-794
-875
-1031
-1322
-1604
-1608
-1712
-1864
-1762
-1783
-1794
-1879
-2149
-2070
-1998
-1830
-1708
-1821
-1822
-1734
-1590
-1442
-1368
-1271
-1110
-1011
-979
-885
-715
-561
-393
-311
-298
-361
-384
-167
48
105
-133
-213
-104
-20
-38
-217
-212
-129
-161
-317
-491
-532
-463
-420
-463
-576
-715
-753
-652
-551
-505
-508
-492
-390
-408
-400
-262
-48
190
233
246
308
461
589
791
1015
1251
1335
1371
1455
1619
1886
2069
2249
2277
2226
2283
2438
2602
2675
2671
2617
2638
2623
2567
2540
2423
2477
2362
2183
1923
1772
1699
1516
1440
1236
1027
616
311
107
-3
-97
-478
-680
-1164
-1347
-1557
-1757
-1763
-2125
-2296
-2583
-2719
-2752
-3012
-3024
-3045
-3039
-3191
-3432
-3397
-3220
-3068
-3068
-3026
-2971
-2890
-2808
-2670
-2337
-2091
-2001
-1861
-1775
-1525
-1404
-1261
-875
-655
-507
-547
-474
-269
-113
79
215
322
327
226
276
449
656
685
584
603
626
683
718
787
896
941
974
987
1014
1065
1110
1325
1520
1598
1547
1489
1695
1920
2080
2197
2262
2319
2285
2304
2464
2650
2706
2687
2641
2615
2656
2500
2537
2548
2480
2311
2041
1965
1811
1646
1451
1251
1104
867
486
259
112
-36
-244
-536
-726
-919
-1222
-1415
-1556
-1643
-1670
-1856
-1947
-2169
-2259
-2232
-2210
-2117
-2181
-2175
-2265
-2287
-2199
-2042
-1871
-1909
-1925
-1895
-1782
-1647
-1606
-1525
-1467
-1384
-1383
-1319
-1244
-1175
-1086
-1099
-1017
-949
-844
-870
-844
-738
-599
-555
-596
-454
-330
-281
-251
-141
106
262
292
362
447
670
824
918
1071
1173
1300
1333
1430
1583
1705
1792
1791
1799
1829
1921
1896
1788
1739
1737
1674
1522
1385
1281
1147
954
838
648
413
235
99
-20
-209
-430
-616
-757
-851
-945
-1065
-1112
-1196
-1169
-1197
-1274
-1227
-1196
-1041
-1002
-964
-863
-772
-608
-411
-300
-259
-114
65
244
241
419
658
800
712
706
915
1026
1126
1034
1171
1073
989
1155
1059
1035
948
1081
1068
790
805
910
856
697
674
765
666
522
561
543
445
409
501
509
382
205
228
365
383
313
103
9
28
51
-26
-178
-221
-350
-534
-647
-697
-789
-976
-1096
-1220
-1307
-1490
-1628
-1738
-1890
-1840
-2033
-2061
-2138
-2306
-2256
-2247
-2034
-2096
-2197
-2153
-2030
-1878
-1716
-1576
-1501
-1348
-1315
-1038
-784
-569
-409
-331
-2
188
323
507
728
920
1088
1283
1376
1415
1548
1802
1862
1910
1934
2015
2045
1950
2120
2104
2046
1953
1978
2008
1757
1703
1749
1830
1569
1415
1325
1188
1216
1195
1185
761
722
862
805
575
444
586
399
288
214
274
109
-47
-50
-52
-108
-290
-289
-483
-495
-494
-526
-731
-930
-845
-875
-1027
-1176
-1117
-1276
-1393
-1420
-1479
-1576
-1717
-1617
-1673
-1855
-1863
-1793
-1825
-1824
-1815
-1677
-1657
-1687
-1466
-1404
-1375
-1323
-1115
-847
-818
-777
-590
-288
-197
-82
101
298
551
696
897
875
1013
1348
1425
1437
1527
1733
1729
1693
1812
1874
1799
1751
1876
1785
1645
1580
1566
1523
1406
1277
1099
1001
920
834
627
473
400
255
66
-160
-233
-270
-383
-550
-695
-812
-900
-909
-1026
-1147
-1285
-1175
-1181
-1401
-1442
-1467
-1391
-1401
-1311
-1353
-1553
-1466
-1313
-1239
-1241
-1256
-1220
-1195
-1071
-923
-913
-818
-751
-735
-665
-481
-325
-376
-258
-142
32
129
235
332
252
533
743
829
879
865
903
1063
1328
1419
1234
1258
1510
1474
1549
1521
1529
1530
1541
1660
1386
1336
1370
1322
1272
1221
1094
790
730
771
637
403
275
141
-79
-179
-225
-489
-626
-716
-928
-1145
-1273
-1236
-1526
-1655
-1683
-1769
-1815
-1999
-2001
-2114
-2028
-1967
-2046
-1972
-2044
-1973
-1874
-1747
-1658
-1655
-1469
-1406
-1298
-1040
-928
-870
-748
-428
-305
-332
-80
182
250
328
590
725
805
974
1121
1243
1374
1574
1513
1575
1865
1905
1863
2013
2219
2137
2151
2276
2303
2228
2328
2487
2253
2316
2353
2219
2151
2180
2283
1968
1900
1899
1793
1648
1601
1553
1254
1183
939
806
716
671
509
-26
-81
-120
-182
-400
-687
-879
-1070
-1047
-1176
-1458
-1735
-1753
-1886
-2056
-2089
-2157
-2421
-2709
-2523
-2422
-2577
-2795
-2708
-2770
-2953
-2790
-2620
-2588
-2833
-2643
-2566
-2603
-2411
-2153
-2033
-2222
-1949
-1656
-1500
-1448
-1206
-993
-882
-500
-288
-181
-138
248
613
766
1005
1143
1264
1394
1740
1978
2097
2229
2305
2411
2491
2665
2736
2733
2808
2775
2798
2743
2662
2633
2639
2594
2335
2254
2120
2008
1827
1749
1690
1408
1350
1045
931
815
740
633
320
305
38
33
-93
-268
-352
-473
-496
-792
-693
-744
-991
-1126
-1012
-932
-1309
-1360
-1289
-1409
-1509
-1410
-1400
-1564
-1628
-1521
-1697
-1752
-1434
-1437
-1587
-1650
-1468
-1469
-1485
-1192
-1188
-1248
-1193
-928
-809
-796
-548
-484
-371
-227
-31
74
57
301
436
575
687
699
796
881
1068
1127
1066
1128
1172
1214
1152
1059
1123
1119
1024
894
892
881
638
614
622
563
302
178
211
4
17
-70
-165
-341
-360
-299
-487
-452
-453
-523
-625
-562
-508
-639
-656
-566
-531
-604
-520
-504
-579
-618
-476
-424
-500
-449
-487
-550
-582
-385
-415
-577
-529
-462
-535
-657
-433
-423
-592
-555
-369
-371
-588
-397
-258
-335
-235
-51
-47
-146
45
290
250
300
507
573
597
758
948
919
991
1138
1197
1222
1243
1399
1320
1323
1394
1334
1364
1206
1194
1140
1022
937
785
752
609
427
270
165
7
-177
-274
-466
-509
-590
-736
-889
-994
-903
-1053
-1173
-1058
-1055
-1165
-1156
-980
-946
-973
-853
-714
-720
-629
-387
-397
-354
-186
-14
67
25
128
170
266
339
335
438
400
309
246
367
354
129
189
165
13
-139
-47
-106
-371
-248
-177
-379
-573
-397
-344
-627
-593
-383
-385
-567
-471
-378
-414
-335
-171
-78
-188
-116
7
81
115
143
282
300
291
323
377
369
304
405
410
261
202
226
191
58
57
43
-167
-226
-192
-269
-426
-435
-391
-570
-647
-585
-618
-665
-655
-561
-655
-685
-503
-488
-434
-378
-253
-171
-192
11
90
162
246
331
477
514
669
727
790
850
918
1022
1052
1120
1096
1055
1113
1125
1100
1034
1025
1024
870
808
793
723
654
554
505
334
258
238
134
45
-101
-123
-279
-352
-331
-458
-524
-614
-616
-694
-822
-771
-817
-850
-917
-945
-881
-918
-942
-992
-949
-902
-930
-825
-837
-858
-877
-781
-630
-717
-629
-562
-514
-458
-398
-247
-283
-171
-23
30
96
155
311
363
440
555
626
738
827
920
1001
1070
1167
1231
1301
1364
1394
1495
1502
1477
1498
1573
1603
1515
1547
1525
1471
1443
1410
1338
1229
1227
1117
1001
951
828
686
594
596
418
202
183
103
-108
-230
-254
-425
-636
-630
-700
-933
-1026
-994
-1111
-1366
-1350
-1340
-1476
-1586
-1605
-1647
-1794
-1762
-1753
-1836
-1945
-1927
-1891
-1934
-1882
-1877
-1842
-1894
-1860
-1775
-1721
-1633
-1584
-1445
-1422
-1328
-1184
-1019
-932
-830
-586
-479
-327
-153
110
193
307
616
806
956
1057
1318
1425
1579
1853
1981
2031
2054
2303
2420
2473
2533
2586
2611
2577
2672
2652
2616
2559
2494
2443
2325
2224
2085
1966
1883
1700
1533
1391
1210
1060
883
730
500
303
177
-4
-170
-377
-525
-713
-846
-950
-1137
-1263
-1386
-1475
-1632
-1722
-1752
-1851
-1954
-2025
-2066
-2133
-2164
-2164
-2170
-2249
-2261
-2231
-2220
-2194
-2128
-2049
-2109
-2059
-1940
-1816
-1784
-1747
-1565
-1523
-1452
-1356
-1161
-1037
-996
-848
-725
-537
-420
-272
-158
-40
128
233
407
519
675
770
889
1043
1122
1268
1319
1415
1468
1567
1704
1702
1743
1747
1814
1842
1832
1859
1839
1836
1756
1738
1703
1631
1567
1475
1438
1299
1196
1115
991
866
715
611
465
338
221
71
-75
-212
-303
-441
-571
-700
-826
-896
-984
-1071
-1201
-1301
-1345
-1388
-1401
-1452
-1488
-1527
-1528
-1526
-1524
-1454
-1436
-1425
-1423
-1346
-1249
-1190
-1105
-1043
-972
-914
-796
-678
-588
-511
-444
-327
-231
-123
-39
39
133
225
340
418
485
549
625
704
769
828
863
901
929
964
996
1038
1079
1075
1043
1012
1030
1045
1034
993
946
892
844
847
802
736
655
622
580
493
440
353
292
219
178
149
50
-25
-90
-128
-182
-232
-262
-313
-345
-389
-414
-442
-437
-432
-470
-488
-494
-499
-514
-507
-472
-461
-466
-454
-443
-447
-435
-400
-381
-383
-377
-357
-333
-316
-276
-251
-233
-227
-219
-183
-161
-128
-124
-113
-79
-40
-14
-8
39
73
98
119
155
190
195
252
299
342
356
365
379
389
449
498
511
482
479
506
523
554
547
533
513
504
514
506
485
439
404
383
365
331
269
215
173
158
121
62
-8
-68
-98
-138
-161
-216
-276
-333
-363
-382
-414
-423
-470
-500
-521
-507
-494
-508
-511
-520
-491
-464
-436
-415
-393
-345
-305
-256
-222
-184
-156
-98
-39
-7
35
52
104
132
194
240
247
274
272
308
320
357
375
362
348
318
326
338
379
354
304
278
273
286
271
276
237
216
207
213
218
214
221
185
196
215
234
231
217
221
202
230
264
290
281
260
254
257
295
328
344
306
286
287
291
312
294
282
250
224
195
173
190
177
139
82
65
43
10
-23
-71
-110
-172
-197
-223
-264
-315
-369
-410
-457
-486
-523
-560
-613
-655
-693
-720
-725
-748
-782
-828
-838
-835
-846
-859
-875
-880
-875
-854
-845
-843
-823
-790
-757
-731
-708
-684
-648
-597
-556
-519
-487
-443
-381
-321
-253
-200
-163
-123
-74
-18
44
106
147
171
202
266
331
383
426
447
474
515
572
613
645
670
699
731
758
791
799
818
847
864
879
890
908
907
897
889
882
878
867
845
809
792
777
741
704
659
618
566
530
500
425
359
298
252
202
141
84
16
-53
-122
-175
-237
-290
-357
-418
-480
-540
-594
-648
-701
-757
-801
-837
-864
-913
-959
-996
-1016
-1030
-1052
-1078
-1100
-1109
-1109
-1099
-1100
-1095
-1085
-1058
-1037
-1014
-975
-926
-886
-844
-795
-758
-703
-653
-574
-509
-443
-369
-311
-253
-195
-112
-43
35
91
146
200
253
331
393
444
482
523
568
618
658
700
721
737
769
789
804
822
827
821
808
807
821
798
776
749
727
705
685
660
620
576
529
486
441
406
372
323
271
218
169
118
61
10
-44
-81
-133
-182
-227
-271
-315
-357
-375
-404
-429
-461
-488
-511
-528
-538
-550
-559
-560
-554
-550
-545
-531
-522
-507
-483
-459
-423
-398
-357
-337
-286
-247
-205
-173
-141
-90
-59
3
33
94
121
174
209
250
291
318
368
391
440
451
491
509
527
542
561
582
586
597
597
605
604
606
601
589
568
545
524
513
492
470
443
425
397
356
321
282
258
217
187
147
109
71
39
14
-17
-48
-82
-103
-144
-173
-203
-221
-248
-281
-307
-326
-331
-343
-347
-370
-375
-387
-394
-391
-390
-387
-389
-379
-376
-370
-368
-354
-327
-307
-288
-277
-253
-221
-197
-168
-146
-110
-91
-63
-37
-9
14
41
81
98
120
139
162
167
187
208
226
234
239
257
264
268
273
276
279
277
280
279
279
272
269
271
265
260
249
251
230
223
217
223
214
207
198
174
162
140
149
129
120
98
83
68
58
35
11
-1
-13
-33
-62
-84
-112
-127
-140
-151
-176
-186
-205
-224
-243
-249
-257
-268
-277
-285
-300
-304
-297
-293
-297
-300
-297
-302
-292
-293
-272
-261
-249
-248
-246
-232
-212
-196
-185
-166
-167
-152
-135
-109
-96
-85
-71
-45
-22
-3
20
38
58
78
96
125
151
177
204
223
239
259
283
311
330
348
372
385
394
416
429
446
451
459
472
465
465
458
465
456
460
436
426
404
392
377
361
348
315
294
256
245
196
169
131
110
69
20
-25
-61
-98
-141
-182
-227
-269
-334
-369
-408
-431
-491
-536
-587
-627
-671
-709
-738
-775
-806
-845
-865
-890
-904
-924
-941
-953
-955
-956
-956
-963
-965
-943
-929
-901
-873
-843
-810
-780
-726
-680
-633
-592
-542
-491
-432
-380
-319
-245
-176
-106
-50
26
90
162
220
297
357
423
488
547
612
660
711
763
813
855
896
934
976
1000
1022
1044
1066
1075
1088
1091
1094
1080
1074
1059
1046
1016
985
954
920
884
827
776
719
669
608
560
488
428
350
285
215
154
97
25
-54
-131
-198
-266
-327
-387
-444
-517
-584
-648
-688
-736
-778
-832
-872
-905
-939
-971
-999
-1022
-1044
-1059
-1066
-1057
-1057
-1058
-1059
-1043
-1026
-1002
-982
-945
-906
-862
-821
-774
-724
-658
-593
-537
-469
-405
-331
-266
-191
-110
-29
47
113
175
240
319
379
440
522
586
646
694
748
796
836
871
909
936
978
996
1001
1008
1012
1022
1021
1006
990
983
952
931
891
872
834
788
740
695
639
586
522
460
402
344
290
216
147
83
26
-47
-112
-185
-231
-296
-356
-413
-465
-511
-557
-603
-644
-681
-713
-735
-759
-767
-778
-781
-795
-794
-788
-771
-763
-742
-722
-697
-665
-637
-597
-554
-500
-457
-412
-359
-302
-244
-196
-145
-79
-21
35
88
147
202
261
312
366
419
469
515
560
613
658
692
720
753
785
805
817
828
836
838
841
838
825
817
802
788
757
735
697
664
625
585
537
485
440
377
319
261
216
156
94
28
-30
-82
-138
-187
-237
-286
-336
-393
-439
-466
-496
-535
-569
-612
-629
-649
-668
-688
-703
-704
-711
-710
-709
-693
-689
-669
-662
-637
-613
-578
-546
-511
-478
-442
-405
-363
-313
-271
-220
-171
-114
-67
-14
35
92
137
191
236
288
333
375
416
450
484
516
549
575
601
621
637
647
660
660
665
661
663
646
623
596
584
561
542
505
471
441
401
361
317
283
238
201
150
111
64
18
-30
-77
-122
-163
-208
-256
-301
-344
-384
-428
-463
-496
-535
-562
-596
-617
-642
-657
-672
-687
-702
-705
-700
-703
-695
-694
-674
-658
-635
-620
-588
-569
-532
-495
-458
-425
-387
-345
-302
-263
-219
-164
-123
-75
-42
7
46
89
132
175
202
233
262
293
326
352
374
389
407
429
444
452
460
471
473
478
475
473
466
462
453
434
416
394
377
357
335
308
283
253
229
191
162
123
97
59
26
-14
-46
-87
-121
-163
-199
-226
-259
-286
-318
-349
-379
-397
-415
-425
-446
-452
-461
-460
-468
-477
-485
-475
-471
-460
-452
-431
-416
-403
-391
-368
-347
-325
-295
-274
-252
-237
-197
-172
-142
-127
-101
-75
-33
-14
7
19
47
76
105
126
142
157
173
195
211
227
233
242
246
260
256
255
255
264
261
260
250
246
235
237
228
225
213
201
187
172
162
143
132
119
110
99
90
75
59
48
47
41
30
14
8
7
9
-3
-11
-24
-18
-15
-10
-20
-23
-15
-14
-11
-21
-23
-16
-4
-3
-2
0
11
19
22
24
28
39
51
54
55
53
58
69
76
75
82
88
94
92
98
98
98
89
92
87
85
75
65
53
40
30
15
10
-3
-17
-39
-48
-64
-76
-94
-111
-134
-149
-164
-173
-190
-191
-203
-209
-223
-229
-234
-233
-231
-235
-230
-223
-205
-214
-206
-201
-184
-184
-175
-168
-148
-135
-121
-117
-107
-95
-74
-58
-48
-36
-17
4
24
34
54
80
95
114
125
146
162
193
202
219
225
255
269
283
290
305
319
332
343
354
358
356
355
348
348
340
338
329
325
303
295
286
286
264
245
223
212
190
164
130
111
85
73
44
16
-15
-36
-49
-68
-95
-135
-145
-163
-172
-211
-224
-242
-248
-272
-283
-297
-300
-311
-316
-324
-320
-320
-320
-321
-318
-311
-304
-292
-289
-266
-254
-220
-213
-194
-180
-147
-125
-98
-85
-59
-40
-10
17
46
70
92
115
140
169
182
203
220
245
246
254
254
275
279
288
280
284
282
288
279
273
261
256
252
245
226
199
186
175
168
142
126
100
88
55
33
5
-10
-46
-74
-100
-120
-147
-173
-199
-226
-248
-273
-285
-314
-320
-340
-355
-375
-389
-401
-408
-418
-417
-418
-410
-406
-399
-389
-376
-357
-348
-325
-306
-277
-263
-237
-213
-181
-159
-129
-100
-67
-38
-17
13
36
73
93
121
139
173
200
220
237
260
279
296
309
327
349
356
364
365
368
374
386
387
387
378
378
363
367
354
345
331
318
302
282
261
238
215
188
168
138
115
74
46
15
-8
-41
-69
-97
-121
-155
-180
-205
-225
-245
-267
-283
-303
-317
-335
-348
-356
-355
-361
-368
-376
-368
-357
-350
-346
-336
-319
-303
-286
-268
-255
-247
-236
-216
-194
-175
-153
-129
-104
-79
-59
-36
-9
19
46
70
89
113
134
157
182
198
216
233
256
274
288
292
300
309
321
327
331
331
324
319
312
311
299
291
281
271
245
224
210
196
174
146
121
93
81
57
41
10
-20
-49
-66
-91
-113
-136
-157
-170
-200
-210
-239
-251
-275
-283
-300
-308
-320
-324
-327
-334
-336
-346
-340
-335
-317
-320
-312
-309
-282
-274
-259
-245
-221
-202
-180
-156
-139
-111
-93
-57
-37
4
20
51
70
96
123
144
174
191
221
230
262
263
289
292
312
316
328
337
339
350
337
351
336
347
325
338
316
319
298
290
274
259
250
221
220
191
188
148
146
116
112
74
67
43
22
-1
-28
-45
-76
-81
-113
-115
-142
-145
-181
-188
-204
-206
-220
-228
-229
-246
-240
-253
-234
-248
-227
-237
-217
-218
-205
-206
-192
-168
-162
-138
-143
-109
-114
-75
-78
-47
-47
-14
2
21
41
50
68
64
91
80
112
101
136
125
149
141
156
152
165
179
170
181
156
179
154
175
147
160
138
147
130
128
122
106
107
79
82
51
63
37
38
4
-3
-23
-31
-42
-55
-59
-81
-82
-107
-100
-122
-112
-132
-129
-143
-139
-143
-142
-138
-143
-130
-145
-124
-123
-100
-109
-92
-96
-79
-83
-75
-65
-61
-47
-49
-30
-35
-12
-16
8
1
19
22
33
38
42
57
61
77
76
100
92
113
105
125
121
132
142
138
143
128
143
131
148
130
139
119
121
112
108
101
82
71
53
53
28
29
-3
-5
-35
-34
-56
-68
-87
-98
-111
-130
-135
-154
-151
-176
-168
-192
-184
-197
-189
-201
-203
-207
-202
-192
-192
-179
-188
-175
-178
-163
-162
-143
-138
-120
-115
-104
-94
-81
-62
-54
-34
-24
-3
6
28
33
51
65
83
102
123
142
147
159
166
188
193
207
212
220
219
225
227
232
233
234
229
220
212
203
194
181
171
150
140
115
106
80
66
42
32
12
-7
-24
-45
-59
-80
-89
-117
-124
-151
-156
-179
-186
-202
-206
-227
-232
-239
-247
-252
-264
-257
-271
-260
-272
-259
-268
-248
-252
-237
-235
-229
-218
-211
-184
-171
-145
-139
-103
-103
-68
-64
-31
-22
10
30
57
87
104
133
136
175
182
221
221
256
257
282
286
301
307
313
325
318
332
317
321
301
317
295
304
276
275
254
251
237
218
205
178
171
135
130
91
85
44
41
5
-9
-33
-49
-70
-98
-112
-145
-153
-186
-187
-222
-225
-263
-270
-290
-287
-298
-310
-315
-329
-318
-333
-311
-326
-305
-321
-300
-305
-280
-271
-255
-235
-223
-194
-194
-152
-152
-106
-105
-67
-65
-30
-19
10
31
42
77
86
132
133
175
175
213
208
242
250
274
285
297
314
315
339
331
353
340
359
347
358
336
334
315
306
294
281
276
254
248
213
204
170
159
126
114
76
50
19
-8
-35
-63
-87
-117
-141
-170
-186
-214
-227
-252
-258
-285
-286
-310
-309
-327
-321
-335
-332
-327
-330
-320
-329
-310
-319
-289
-300
-269
-275
-241
-232
-206
-196
-175
-148
-135
-99
-90
-49
-46
2
8
51
57
99
111
145
163
197
226
239
272
279
314
313
348
342
374
362
382
369
381
373
378
372
359
357
330
334
304
311
269
274
226
223
181
166
130
104
87
47
40
-9
-10
-63
-68
-113
-114
-154
-168
-194
-220
-234
-267
-267
-302
-296
-331
-324
-351
-350
-368
-368
-371
-379
-369
-382
-365
-377
-353
-356
-328
-331
-309
-296
-280
-254
-247
-212
-208
-160
-155
-110
-97
-56
-35
-3
34
47
93
93
147
140
190
192
233
240
259
283
284
318
306
340
322
355
334
355
335
340
329
319
320
301
306
271
281
248
256
222
219
189
169
149
123
110
75
62
27
16
-20
-36
-60
-79
-97
-124
-141
-174
-187
-218
-229
-254
-265
-280
-296
-306
-321
-318
-332
-323
-333
-328
-332
-327
-321
-317
-301
-298
-270
-265
-243
-228
-206
-184
-173
-133
-133
-96
-96
-56
-48
-17
6
24
53
53
98
86
138
119
174
162
199
196
211
227
222
258
230
274
231
278
246
270
252
256
262
244
257
220
244
198
211
175
174
151
132
129
99
94
53
49
15
7
-27
-46
-62
-92
-99
-133
-131
-161
-166
-189
-192
-206
-215
-218
-231
-229
-251
-244
-260
-244
-253
-236
-240
-225
-222
-214
-196
-192
-169
-175
-146
-153
-121
-121
-88
-83
-60
-46
-33
-12
-10
24
30
61
60
89
90
115
120
134
137
150
164
177
186
184
192
188
201
190
205
191
202
178
186
165
169
150
146
135
127
125
101
100
66
67
29
40
1
12
-21
-16
-40
-49
-62
-86
-77
-104
-83
-126
-100
-140
-110
-138
-125
-135
-137
-126
-142
-115
-143
-107
-136
-102
-118
-88
-94
-83
-69
-59
-38
-39
-8
-11
9
13
44
57
82
84
111
112
146
145
172
165
189
194
203
225
206
242
210
255
215
249
214
225
213
199
211
166
194
138
163
117
126
96
73
66
27
34
-19
-12
-53
-55
-72
-99
-98
-142
-128
-167
-161
-190
-200
-206
-236
-220
-256
-234
-273
-256
-264
-268
-260
-277
-253
-278
-255
-266
-246
-242
-236
-211
-218
-190
-195
-166
-155
-136
-111
-100
-65
-61
-26
-12
18
45
64
103
112
145
151
177
196
214
245
245
271
266
284
287
293
302
297
308
300
301
300
283
288
263
270
248
239
231
198
207
152
175
120
136
92
86
68
22
38
-30
1
-68
-46
-97
-102
-124
-157
-146
-198
-181
-233
-223
-253
-262
-270
-298
-286
-320
-312
-328
-324
-317
-332
-313
-329
-303
-308
-286
-274
-266
-238
-233
-202
-192
-166
-152
-128
-97
-75
-48
-25
1
32
55
94
111
138
156
179
201
210
235
241
264
268
285
295
307
311
324
327
333
328
339
329
322
313
304
302
277
281
248
253
216
216
186
174
152
122
107
66
53
8
1
-37
-51
-83
-108
-137
-170
-192
-222
-242
-268
-284
-306
-321
-336
-345
-359
-371
-381
-383
-388
-390
-385
-381
-374
-373
-358
-347
-338
-326
-310
-288
-271
-248
-229
-197
-184
-156
-133
-108
-75
-58
-21
-3
35
46
74
100
124
163
168
212
208
248
250
277
295
295
321
306
347
330
362
346
360
357
346
360
330
345
306
314
282
277
257
237
228
192
189
149
142
104
88
66
33
18
-18
-33
-76
-88
-118
-134
-157
-182
-192
-220
-220
-243
-244
-264
-269
-280
-292
-291
-310
-302
-317
-301
-309
-298
-298
-297
-281
-284
-254
-263
-230
-227
-201
-189
-179
-149
-144
-103
-99
-56
-48
-18
1
16
50
53
93
101
138
154
175
201
204
236
225
249
245
262
270
261
279
264
282
263
271
264
263
258
244
246
225
223
202
197
182
167
153
136
119
95
78
59
44
27
10
-5
-26
-40
-61
-77
-91
-106
-116
-141
-146
-166
-173
-195
-207
-217
-230
-235
-249
-241
-256
-250
-254
-246
-247
-245
-237
-233
-222
-217
-195
-184
-166
-156
-142
-126
-112
-87
-72
-45
-33
-13
5
28
51
59
80
91
110
118
137
146
162
173
184
192
197
206
208
218
217
221
215
222
226
229
228
227
225
217
211
205
200
192
185
179
171
162
150
139
128
116
104
93
81
58
44
26
15
-5
-23
-31
-53
-56
-78
-84
-99
-113
-112
-128
-124
-151
-143
-157
-155
-160
-162
-155
-167
-154
-164
-145
-155
-136
-144
-123
-125
-108
-102
-100
-85
-94
-64
-80
-51
-64
-40
-43
-35
-22
-21
-5
-6
14
15
35
35
52
46
55
50
60
66
75
80
76
82
81
94
89
99
90
93
91
99
95
93
86
77
80
68
68
59
57
55
39
37
24
25
16
3
9
-8
1
-19
-15
-21
-28
-26
-37
-31
-39
-35
-42
-41
-50
-41
-49
-42
-48
-46
-46
-54
-41
-51
-37
-50
-42
-43
-46
-38
-45
-39
-38
-40
-36
-38
-39
-31
-39
-22
-31
-19
-16
-16
-3
-12
2
-2
-2
2
-4
3
-7
2
5
-3
2
-14
-5
-12
-5
-9
-3
-9
-9
-15
-12
-12
-23
-11
-38
-16
-42
-23
-34
-30
-25
-33
-16
-29
-20
-28
-20
-20
-11
-13
4
-3
0
-1
-4
5
-4
8
7
8
17
6
20
10
10
21
9
35
11
32
13
19
20
16
31
13
21
15
24
21
30
22
38
22
31
23
25
28
15
27
9
15
7
7
4
-2
-4
-9
-22
-23
-33
-27
-39
-43
-49
-54
-55
-64
-69
-71
-71
-77
-73
-93
-74
-100
-79
-93
-81
-73
-90
-62
-88
-65
-82
-69
-66
-69
-53
-62
-52
-58
-50
-44
-47
-41
-38
-34
-26
-23
-15
-11
-12
-5
-1
4
10
4
18
17
34
39
42
56
57
71
75
82
84
89
93
100
98
109
98
113
106
111
116
99
115
91
109
90
89
91
74
88
64
72
54
45
44
27
41
21
26
16
6
9
-5
6
-10
-8
-17
-18
-16
-31
-29
-42
-41
-51
-59
-56
-69
-59
-77
-65
-74
-76
-72
-86
-69
-97
-76
-101
-83
-92
-93
-79
-97
-66
-91
-60
-76
-58
-58
-54
-34
-44
-20
-30
-10
-13
0
5
11
16
24
31
33
43
43
52
53
60
60
63
64
70
70
71
74
74
77
70
73
72
76
76
75
74
69
74
67
70
62
65
61
55
60
48
53
36
39
31
30
30
19
17
-2
6
-6
-1
-15
-23
-28
-37
-30
-44
-39
-45
-44
-44
-46
-45
-49
-47
-45
-45
-41
-42
-42
-34
-36
-31
-30
-24
-23
-21
-17
-13
-13
-10
-8
-2
5
7
12
4
12
7
14
16
22
29
23
36
26
36
37
41
43
41
49
49
57
54
59
55
58
55
60
58
57
62
53
59
46
47
39
36
36
31
35
21
23
14
11
4
-5
-6
-16
-16
-20
-20
-25
-30
-34
-33
-40
-43
-40
-54
-42
-56
-42
-49
-41
-36
-50
-34
-51
-27
-43
-37
-38
-49
-29
-48
-28
-41
-42
-35
-42
-29
-40
-29
-26
-25
-16
-22
-13
-15
-15
0
1
3
4
7
23
13
25
22
22
31
21
39
25
30
27
27
31
25
30
23
26
25
21
22
17
10
8
1
11
-2
-2
-8
-17
-7
-15
-5
-15
-14
-17
-18
-13
-18
-15
-18
-22
-22
-27
-25
-23
-30
-25
-28
-26
-28
-33
-27
-35
-33
-32
-34
-29
-36
-31
-37
-35
-29
-40
-23
-34
-17
-19
-18
-6
-18
3
-6
9
1
10
18
18
23
24
29
32
36
37
45
31
45
32
44
42
35
48
29
44
30
31
30
17
26
17
18
15
4
14
-1
9
2
1
4
-9
1
-5
2
