SAMPLES:	11305
BITSPERSAMPLE:	16
CHANNELS:	1
SAMPLERATE:	16000
NORMALIZED:	FALSE
-12
-13
-14
-13
-15
-14
-15
-13
-10
-10
-9
-8
-8
-11
-12
-9
-5
-4
-3
-2
-3
0
1
-1
1
1
0
0
-2
-5
-7
-8
-8
-10
-11
-13
-12
-12
-10
-10
-12
-8
-7
-7
-7
-8
-8
-8
-4
-2
-1
2
5
8
10
13
13
12
11
11
10
7
7
6
5
7
7
5
2
0
-1
1
1
-4
-9
-8
-9
-11
-9
-8
-9
-7
-3
-1
-3
-5
-2
-1
0
2
3
2
3
5
5
7
6
3
1
-1
0
-1
-2
-6
-10
-9
-10
-12
-16
-18
-20
-20
-21
-19
-20
-21
-21
-18
-15
-15
-13
-12
-11
-10
-9
-9
-7
-3
4
7
7
10
13
14
15
15
13
10
8
8
8
7
5
2
2
2
2
0
-2
-3
-1
-3
0
-1
-4
-2
1
4
6
7
6
8
8
8
9
8
11
11
10
10
8
12
13
12
11
9
12
12
12
9
7
3
1
3
1
1
-2
-2
-2
2
6
8
6
7
9
12
13
14
17
17
16
16
16
17
16
14
13
10
10
11
10
12
11
14
14
13
10
7
5
1
-2
-3
-2
-2
1
-1
-3
-5
-7
-10
-4
1
3
4
6
7
8
9
10
9
10
8
7
7
4
4
4
3
3
5
5
2
2
3
3
2
0
0
2
2
2
0
-1
-3
-4
0
4
6
9
14
13
9
10
10
14
10
11
8
7
10
11
13
11
6
1
2
0
0
-4
-10
-10
-9
-10
-8
-9
-8
-7
-11
-12
-14
-17
-13
-9
-10
-8
-9
-7
-3
1
3
2
0
2
3
5
5
0
-2
-2
-1
3
1
1
1
-4
-3
-1
-2
-4
-6
-4
-5
-1
0
-2
-3
-1
1
1
1
2
4
7
9
10
8
8
8
7
8
9
4
-2
-4
-1
1
1
0
-2
-8
-12
-13
-10
-13
-16
-12
-7
-4
-6
-7
-4
-2
-3
-3
-1
0
3
8
11
11
11
12
11
14
15
12
12
15
13
11
10
8
7
2
-2
-4
-9
-12
-15
-17
-18
-19
-22
-23
-23
-25
-25
-21
-24
-26
-28
-27
-23
-20
-17
-17
-15
-13
-14
-14
-14
-10
-9
-8
-8
-10
-12
-14
-12
-12
-7
-9
-10
-8
-10
-12
-12
-12
-15
-17
-17
-16
-16
-14
-10
-8
-6
-5
-5
-5
-4
-5
-2
-1
-2
-1
1
4
5
6
8
9
5
6
2
3
5
3
4
0
-6
-12
-17
-13
-12
-12
-11
-11
-13
-9
-7
-5
-5
-9
-9
-5
-3
-3
-1
3
7
11
12
10
7
4
2
5
6
3
2
0
-2
2
3
3
0
-3
-4
-8
-7
-6
-8
-10
-12
-10
-10
-10
-9
-5
-3
-3
-1
3
0
2
2
2
5
6
9
13
15
13
10
9
7
6
4
6
6
-2
-4
-1
2
0
-3
-4
-5
-2
0
-1
1
3
4
6
5
2
4
3
5
8
9
8
11
13
19
22
20
17
17
14
13
12
9
9
6
3
3
3
0
2
4
6
5
4
4
0
-1
-1
-3
-2
-5
0
7
8
5
4
3
5
7
5
10
9
7
9
9
9
11
6
6
9
4
2
4
4
4
2
4
6
5
3
3
5
3
-3
-3
-3
5
13
14
18
16
11
11
17
15
14
10
11
16
14
11
12
10
12
10
3
0
1
-2
-5
-1
2
-2
-6
-7
-5
-4
-9
-9
-9
-11
-9
-2
-1
-4
3
11
18
15
16
26
26
29
37
36
37
38
30
20
13
13
8
8
15
23
22
2
0
-6
-19
-17
-26
-27
-21
-8
-1
1
10
14
4
-4
8
14
15
33
49
63
65
56
46
23
15
19
38
49
26
16
25
31
17
6
3
-6
-26
-38
-48
-67
-77
-75
-57
-57
-53
-44
-44
-30
-23
-17
-4
-4
-2
-3
-3
-1
-13
-18
12
41
42
40
45
53
34
-14
-35
-7
-8
-54
-36
-30
-48
-43
-59
-36
-62
-101
-103
-110
-116
-90
-51
-94
-78
-73
-86
-24
-15
-13
-5
0
23
52
61
87
101
62
65
85
61
30
12
-17
4
56
20
13
15
-34
-58
-64
-33
-28
-64
-69
-18
-39
-57
-31
-18
-90
-115
-62
-69
-43
-41
-31
-16
-8
25
64
68
63
46
-13
-11
35
-24
-46
-33
-67
-63
-44
-80
-82
-33
-63
-66
-43
-44
-47
-78
-68
-33
-74
-75
-76
-71
-72
-60
-36
-11
-9
-8
-18
56
96
31
48
57
24
12
19
33
78
23
-17
45
-14
-51
39
4
-6
29
-38
-26
7
-56
-23
5
-47
18
-6
-69
27
-18
-78
20
-2
-25
40
0
-15
37
24
52
78
36
38
61
15
65
56
-54
-46
-23
-112
-61
32
-33
-18
33
-59
-42
7
-45
-24
-8
-78
36
-25
-69
40
14
-254
-521
117
326
62
-137
-56
256
-281
-234
501
97
-320
62
181
-208
-97
144
71
-138
-50
345
150
-23
-912
-1046
42
161
37
40
281
95
-690
264
727
-374
-141
210
-359
-266
441
424
-271
-269
263
-331
-503
666
510
-34
386
580
17
-311
399
237
-129
270
387
-505
-728
130
-138
386
768
81
-380
-1246
-555
-443
-275
629
351
126
148
238
118
181
155
-432
-206
67
118
190
183
189
-361
-193
498
441
113
209
76
37
177
470
343
86
-86
-107
50
-389
-15
-4
-132
241
-86
120
-113
-194
279
-79
-125
-72
-309
-85
117
-215
181
139
-207
209
-343
-3
47
-277
504
238
175
325
205
505
-442
5
667
-223
78
30
622
268
-107
928
258
350
412
146
362
154
218
-190
-301
-418
-769
-924
-318
314
188
875
780
-508
-1028
-987
-11
-73
-23
741
-733
-423
-85
-209
560
-307
180
-670
-514
1082
260
35
-405
98
-517
-309
906
462
576
-109
-30
-240
-46
1054
313
168
-277
-651
-475
-317
357
-1
164
-43
-136
-169
305
493
-124
196
-1326
-1379
22
-152
159
-3
436
360
-532
194
435
-396
-146
629
355
270
134
710
166
-100
958
-109
646
686
402
-217
-291
617
-442
493
-36
-587
-537
-735
839
-359
-288
745
-1031
-773
-481
25
784
-782
166
70
-1491
200
603
-58
5
-555
17
572
-33
351
128
-678
783
-569
97
1654
-504
606
202
-1190
-604
-245
992
350
-245
458
-243
-844
651
841
-1147
-115
376
-607
-434
718
180
-651
-992
493
-558
-239
1612
-449
-540
514
573
-484
470
1038
-1759
-1009
480
223
-744
-449
1890
-1842
-257
772
-393
-675
-703
940
-1520
-714
929
86
-519
-319
1089
-1939
-1190
1222
-900
-818
566
394
62
310
661
178
-1221
188
888
-246
930
199
-192
-478
-364
720
250
70
-248
-948
-700
357
281
321
863
-638
-955
-92
-172
-150
-15
289
40
-1199
-348
1697
-624
751
710
-656
-35
-593
938
232
85
203
-125
105
338
-224
-84
-418
-532
-751
-77
-295
-71
0
177
1527
-564
-410
-616
-1329
153
340
1124
248
-240
48
-496
-106
324
1035
795
-411
-154
521
-567
551
432
-283
279
-609
515
-172
-202
738
-820
-14
225
-730
78
511
519
-208
-973
130
-626
-617
572
411
-318
75
1238
490
-160
-830
30
-554
102
1191
302
594
130
349
-166
127
609
-431
570
-33
-463
95
122
112
-350
813
524
-335
-69
-12
-1183
-502
815
428
-264
-820
388
-782
-290
769
-234
-141
-751
755
130
102
1754
-153
-126
271
156
-252
55
806
-194
635
556
438
-831
-67
476
-1324
531
625
-90
-267
-922
365
-840
-265
1150
-567
-468
-213
410
-867
192
242
-933
172
-153
701
361
129
1141
-1438
-41
1009
-482
1078
-215
425
-1248
-1271
808
60
166
-233
-485
-717
-57
760
426
-515
-1013
-429
-313
491
1077
-33
231
-1245
-736
-444
836
1719
435
674
181
-283
87
727
-61
-269
-375
1054
900
153
873
-401
-1570
-986
-501
1194
-215
673
1181
-565
-646
-264
-205
-757
-15
139
584
636
118
10
-590
-282
314
-288
804
752
-78
744
287
186
-122
-400
1083
148
56
489
-142
139
-151
181
-315
24
68
-406
452
-197
108
-737
-659
-83
-642
505
-22
287
-327
-156
-306
-712
51
-244
145
356
286
-134
-288
-40
1016
-127
289
584
-1445
282
-416
837
1013
-1206
281
-1194
-560
-61
-442
159
-144
226
-514
186
-194
-145
112
-860
-143
-1034
-828
485
-343
965
314
162
717
-670
489
456
385
125
-631
-379
219
407
595
567
319
-376
-244
-767
-99
125
-246
-511
-679
-163
-226
219
236
-59
-299
-351
-865
-275
755
45
61
-332
-453
-272
-375
415
204
-604
307
2
246
422
697
735
-407
-730
-880
-907
-147
-62
511
1065
76
-234
-913
-218
-376
-323
-430
-489
-98
713
1084
271
-78
232
-9
-52
198
883
532
-712
-158
-902
4
523
681
994
487
507
187
339
-489
-546
-343
-180
-2
-154
661
686
-435
-1519
-1250
-529
-1071
526
52
739
416
-1220
-57
-1203
506
718
365
944
-1178
24
-482
-1036
332
-121
1284
548
-550
323
667
1085
190
29
-484
-688
-405
493
-277
-29
-337
314
398
-501
1056
-187
-196
-5
-40
-574
-1439
-196
700
1497
1506
444
719
-392
99
-173
-481
-26
-566
520
520
801
732
165
439
-33
81
787
1075
-710
-1030
-86
239
986
241
-775
-657
-295
1323
1489
-541
-794
-1248
-2891
162
1862
2114
1103
214
503
104
810
1489
1088
-1199
263
378
65
895
1140
2265
1005
1485
1647
-610
-1207
-311
522
772
1221
-166
-1291
-3313
-1799
1248
327
250
-1819
-2632
-2018
-2583
-1006
-1069
-2696
-2754
-1705
-676
-589
-2021
-2389
-2959
-2682
-415
227
-890
-2031
-2797
-2366
-1775
-527
674
273
143
-419
-521
-313
-558
-118
-323
-410
-61
-108
460
961
580
739
702
287
164
472
413
720
58
365
1110
474
388
252
123
573
605
864
535
-563
-200
-147
192
500
364
870
674
323
9
-388
-192
690
701
331
395
-258
-143
547
159
1344
698
524
1100
-232
722
766
709
1292
583
425
-45
195
294
952
934
-64
993
437
1014
1032
97
782
-808
70
874
55
1304
-8
447
223
-190
1355
-28
-320
-456
-616
1037
317
1192
-11
-1064
728
-675
1348
1010
-1260
837
-1172
958
1017
-517
2055
-534
299
906
-564
807
-244
241
1238
75
207
-255
-711
1237
1503
433
1224
-416
-280
-450
-452
814
330
883
1168
635
338
520
691
-447
-1006
-334
861
900
615
284
424
564
-199
108
-424
-170
-202
-533
-39
815
707
108
-1407
-664
139
-189
1237
-155
-795
-944
-1661
-423
-766
-130
515
-339
-778
179
-587
-1724
-1447
-1692
70
-421
-338
1108
384
412
-665
-2366
-1757
-1299
-1102
486
-341
382
1791
178
1666
-1031
-1983
-207
-1344
568
-207
-524
855
-287
946
1931
623
98
-373
-797
66
343
346
168
-2201
-1185
-174
-581
1557
194
-418
-172
-1995
-382
-1538
-596
1052
-672
865
-476
-738
-1127
-1467
778
911
1860
442
-686
-621
-165
-287
-1447
253
-335
94
652
462
2005
635
561
278
-2186
-384
97
46
17
-1086
552
218
207
841
591
1161
-171
-940
-676
2
273
-186
390
215
414
283
-101
677
478
239
1280
62
309
-259
-686
1747
174
1099
1408
-97
865
-139
1071
654
-1204
-127
-649
145
-215
-354
-88
-547
82
-632
-585
-792
-1322
-830
-1540
-401
-290
-808
-329
-1495
-601
-705
-685
-769
-1481
-122
-699
23
-178
-1266
-652
-2018
-367
-555
-393
853
-632
-403
-1687
-651
43
-611
74
-707
246
-207
-87
-121
-41
679
73
353
-618
-248
13
471
1503
529
746
-47
-30
99
648
1207
860
1055
334
1192
618
539
849
439
860
279
566
612
267
497
328
615
1024
1305
1567
864
-103
383
-129
-205
34
391
950
-15
210
462
306
-33
-54
453
221
214
517
333
360
2
-244
-147
-712
-135
-148
439
553
-615
-361
-709
-316
-759
-831
-698
-1480
-799
-669
70
-584
-633
-594
-1661
-838
-1198
-1138
-1241
-1425
-206
-443
-560
-603
-1458
-1145
-1158
-935
-162
-1235
-901
-967
-1066
-389
-829
111
87
-744
-800
-721
-30
-713
-292
465
-64
1176
299
1180
965
-168
828
261
1717
741
314
822
506
1661
1634
3385
2217
882
1426
310
1830
1286
2320
2269
724
1803
1427
2184
1076
707
1293
1055
2058
1370
1616
509
563
1257
1028
1885
830
942
879
571
1721
1946
1478
419
-224
525
247
371
1381
1538
1433
689
342
352
164
114
-155
-362
-1049
-947
-1058
-1346
-1498
-1825
-1844
-1769
-2140
-2912
-3426
-3703
-3511
-3008
-2730
-3359
-3847
-4177
-3527
-3193
-3349
-3319
-4048
-3899
-3212
-2740
-2147
-1805
-1792
-1586
-1890
-1664
-1192
-1273
-946
-1161
-318
1090
934
1167
760
169
-81
-67
1675
2058
2051
2236
2006
2085
1955
2152
1893
1846
2288
2273
2611
2533
2648
2052
2696
2620
2421
3128
2261
2899
1960
2612
2971
2051
2756
2366
2768
1982
1786
2539
2956
3147
2314
2307
1797
2614
2352
2346
2265
891
1540
1538
2481
2287
1410
1024
116
315
1185
1564
281
-1386
-2108
-2284
-2272
-2194
-2510
-2914
-3243
-3807
-3660
-3930
-4677
-5650
-5886
-5796
-5721
-5788
-6202
-6382
-6368
-5460
-5233
-5397
-6259
-6640
-5774
-4830
-3649
-2896
-2719
-3305
-3654
-2983
-1846
-893
-815
210
496
663
1567
1679
2191
1513
1899
1768
1798
3365
4393
4186
2830
3380
3944
3719
4350
4128
3673
2046
2681
3367
3329
4242
3367
3387
2741
3851
4390
3351
3025
2433
2612
3027
3960
4512
3394
2477
2063
2343
3325
4216
4101
3050
2793
3275
3915
3632
3182
2740
2428
2579
2471
2123
1281
209
4
-263
-321
-794
-2225
-3423
-4219
-3619
-2626
-2814
-4049
-5536
-6721
-6861
-6643
-6419
-6737
-7935
-8942
-8977
-8398
-7941
-7947
-8015
-7892
-7070
-6041
-5652
-5340
-5305
-4748
-4051
-3277
-3040
-2705
-2106
-1771
-950
212
1106
1174
637
577
1678
2671
3791
3471
2932
2699
2668
4312
5378
5671
4722
3255
3346
3871
5054
5821
4591
3114
2248
3321
4270
4815
4972
4124
3699
3184
3987
4830
4824
4325
3009
2462
2584
3417
4222
4642
4807
4288
4376
3687
3367
3364
3602
3981
3784
4279
4151
3214
2014
1464
383
-601
-1588
-2245
-2173
-2543
-1995
-2602
-3875
-4870
-6287
-7023
-7052
-6898
-7124
-8161
-9253
-10014
-9761
-9236
-9140
-9491
-9925
-9334
-8680
-7443
-6692
-6654
-6821
-6740
-5715
-4351
-3324
-2526
-1881
-1221
-142
578
908
1224
1521
1377
2134
2795
3651
3911
3086
3291
3329
4345
5592
5472
5493
4360
3814
4767
4748
4831
4744
4456
4401
4125
4228
4617
3977
4332
5786
6688
6547
4963
3702
4072
5013
5614
5959
5207
5142
5143
5926
6926
6537
5153
3743
3526
4281
5723
6559
6165
5050
3912
2837
1282
-1715
-4045
-4814
-3110
-541
503
-1146
-4737
-8647
-10252
-9205
-7810
-7424
-8976
-11065
-12048
-11887
-10772
-10042
-10591
-11422
-12941
-13308
-12351
-10452
-8395
-7094
-6622
-6949
-7314
-7044
-5782
-4252
-2339
-605
326
744
798
1042
1633
2178
2544
2422
2397
2798
3720
4441
5293
6017
6258
6281
5948
5541
5275
5037
5898
6671
6171
5813
4877
5136
5616
6287
6979
6682
5945
5373
5994
6736
7499
7491
6920
6723
6618
7486
7181
6781
6461
6473
6897
7075
6891
6345
6664
7073
8261
7577
4432
-406
-4871
-5823
-3215
704
2774
674
-4805
-9691
-12042
-11190
-8847
-8022
-8809
-11834
-14538
-15358
-15338
-14514
-14809
-14791
-14933
-14155
-13778
-13165
-12450
-11439
-9585
-8949
-8896
-9137
-8571
-6240
-2956
-247
938
48
-849
-419
1370
3423
4431
3816
2970
2399
3103
3915
4576
5470
6182
6961
6838
6395
5435
4634
4570
5391
6407
6531
6487
6457
6687
7179
7226
7098
6473
6265
7247
8692
9764
10006
9635
9405
9398
9485
9896
10364
10805
11189
11233
11029
10793
10473
11306
10826
8333
2972
-2801
-5059
-3397
1575
4315
2923
-3303
-10680
-14760
-15308
-11928
-9773
-9222
-11475
-15366
-17829
-19941
-19498
-19425
-17831
-17022
-15998
-15868
-16165
-15749
-15023
-12928
-11354
-10175
-9469
-8191
-6218
-3191
-973
151
-132
-893
-560
1179
2960
4603
4839
4629
4069
3200
3095
3427
4557
5885
6947
6791
6210
5075
4663
4655
4739
5159
5806
6391
6958
6956
7006
6925
6613
6985
7081
7369
7786
8861
10166
11163
11376
11265
10998
11378
12098
13010
13381
13322
13595
13869
15051
13984
10596
4268
-968
-1844
1519
6470
7605
4202
-3431
-10508
-14699
-15206
-12049
-9287
-7699
-9802
-14375
-18810
-22160
-22460
-21599
-19309
-18207
-16876
-17170
-17137
-17251
-17296
-16362
-15620
-13830
-11359
-7931
-4995
-2703
-2013
-1776
-1969
-1392
100
2098
3484
4552
4737
5028
4770
4103
3860
4049
5634
7254
7981
7017
5603
4504
4710
5152
5625
6261
6711
6867
6542
5963
6099
6478
7144
7721
7788
7664
7683
8324
9288
10256
10500
11002
11297
12166
12490
13074
13158
13943
14644
15726
15884
12022
6466
641
34
3199
8044
9310
5747
-1530
-9280
-13582
-14297
-10479
-6219
-5571
-9197
-16928
-21992
-24113
-21729
-18828
-16320
-16120
-17327
-19406
-21755
-21298
-20069
-16408
-14014
-12044
-10715
-9035
-7745
-6343
-5648
-4553
-2899
-484
2722
5406
6011
4822
2895
1898
2857
3970
5932
7298
8798
9015
7941
5529
4062
4052
5639
7312
8040
8480
8159
7017
5245
4256
4749
6973
8834
9935
9451
8346
6998
6179
6594
8184
10832
12896
14236
13644
12641
11151
10882
11663
14101
16691
15040
9393
2436
-36
2704
7226
9414
6185
-511
-8578
-13054
-13229
-8449
-2563
-2308
-7712
-18210
-24710
-26040
-21972
-16919
-13024
-12553
-15875
-21041
-25608
-24590
-20509
-14856
-11790
-10983
-11232
-10872
-10573
-9218
-7096
-4301
-1522
474
2181
4140
4194
2880
1177
753
3098
5541
8010
9025
8955
7567
5617
3648
4040
6164
8516
9651
8918
7771
6483
5230
4715
5644
7634
9441
9785
8753
7766
7229
7308
7524
8213
9293
10455
10856
10872
11187
11916
12599
12458
12781
13373
15068
13958
9150
3516
761
3397
7531
9848
7600
930
-7279
-13615
-14306
-9865
-2644
-1175
-6429
-16671
-24835
-25871
-22816
-16922
-13235
-12272
-17104
-23610
-29053
-27062
-20545
-13735
-10323
-11107
-13476
-15553
-16261
-13886
-8264
-2446
1984
2067
1198
731
1157
1002
1740
3720
7112
8853
8352
7454
6801
6518
6054
5834
7099
9128
9655
8602
6738
6463
7716
8698
8475
8159
7943
7880
7075
6836
7912
9425
10014
9433
7993
7423
7254
8203
9845
12164
13631
13700
12348
11006
11504
13345
14760
11433
5911
1864
2353
6152
8598
7630
1823
-6111
-12461
-13729
-9014
-2751
-313
-7776
-18373
-27824
-27669
-22315
-15437
-11645
-13058
-19638
-28211
-32439
-29541
-19343
-11499
-9017
-13110
-17950
-20784
-18976
-13981
-5557
936
2921
317
-3182
-2983
321
3758
6128
8593
9747
9914
7265
5864
6913
9139
11014
11622
11560
11407
9844
6612
5318
6976
10948
13571
12013
8793
6291
5317
6538
8812
11524
12827
11033
7121
5071
5101
7887
10525
11705
13129
12422
11421
9581
8914
10585
13859
15960
12973
7091
2045
1889
4493
7200
7323
2611
-4255
-10957
-12841
-9913
-4648
-3269
-9226
-19094
-26394
-26632
-21871
-17043
-14675
-16351
-21861
-28754
-32227
-29174
-21372
-14930
-13502
-16111
-19135
-20245
-18588
-14461
-8619
-3429
-1641
-2416
-3376
-1515
1665
3901
4717
6584
8717
9347
8056
7101
8491
10674
12288
12593
12536
12054
10627
8551
8118
10515
13813
15002
12769
9212
7828
8516
10373
12546
13798
13472
10478
7635
7300
9724
12379
13102
12255
11013
11068
11274
12453
13134
13672
14586
14571
11269
5807
3446
4166
7721
9151
7104
1614
-5865
-10372
-11167
-7609
-3976
-3516
-10515
-19962
-26234
-25857
-20470
-17899
-16998
-19506
-23547
-29070
-31391
-29102
-22602
-17672
-17601
-19341
-21239
-21137
-19834
-16889
-11803
-6222
-3859
-4345
-5903
-5459
-2382
721
3452
6848
9389
8574
5276
3407
6278
11343
14335
14298
12252
10092
8736
8240
10050
13456
16185
15459
11321
7577
7675
10809
13703
15186
15032
13293
10090
7898
8621
11849
14081
13801
12086
10916
11399
12363
13670
13776
13865
13953
14362
11732
7597
5825
6357
9185
10181
7742
2375
-4294
-8087
-8563
-5346
-2192
-2340
-9642
-19706
-25203
-23993
-18321
-16421
-17254
-20915
-25222
-29719
-31277
-28698
-23058
-19180
-19946
-22361
-23460
-22353
-20600
-18556
-14433
-9056
-6311
-6972
-8473
-7623
-4197
-500
2431
5704
7857
6832
3849
3005
7254
13371
16219
14564
11013
8607
8565
10129
13144
16353
17362
14976
10213
7759
9377
13225
15790
15358
14239
12416
10507
9809
10670
13416
14407
13411
11779
11364
11960
12248
12915
13122
14270
15089
15312
12962
6700
4095
4929
9870
13375
11231
3795
-5116
-9450
-8158
-2923
1034
38
-8387
-20390
-25995
-23758
-16596
-13221
-16597
-21778
-27130
-30224
-30958
-28119
-24017
-20559
-21609
-24163
-24672
-23510
-22089
-20761
-17311
-11517
-7996
-8931
-11262
-11483
-7837
-3024
686
3469
5218
4103
1474
1017
5545
12013
14906
13122
9760
8532
9149
11113
13259
15817
16835
15189
11874
9728
11147
14061
16279
16020
15660
14482
12679
11322
11199
13821
15912
15459
13685
12760
12789
13055
14151
14406
15554
15655
15042
10858
5349
5591
8230
12584
12537
7638
203
-5831
-6725
-4026
-30
748
-3446
-12539
-20945
-21822
-17759
-13116
-14744
-19336
-23359
-26152
-27963
-28495
-26283
-22810
-20967
-22679
-24845
-25181
-24145
-22880
-19802
-14720
-9945
-10200
-13983
-15599
-12256
-5628
-872
253
-352
-909
-1468
-961
3044
8826
12324
10827
7058
6115
8432
11407
13233
13864
14253
14422
13421
11973
12025
14180
16204
16166
15377
15070
14847
13644
13151
14472
16590
17564
15378
13444
13191
13850
15409
15738
16038
15990
15484
14299
9443
6087
7779
11490
13914
10928
4386
-2097
-4753
-2876
-27
1417
-996
-7216
-15797
-20218
-17796
-12940
-11679
-17176
-22133
-24443
-25016
-26144
-26950
-25355
-22560
-21873
-23553
-25141
-24973
-24776
-23598
-19402
-13376
-9373
-12148
-16898
-17355
-11786
-4150
-719
-1234
-2574
-3256
-2803
-732
4694
9715
10988
8013
4872
5750
9385
12676
13548
13672
13566
13435
12565
11724
13020
15833
17057
16267
15034
14678
14601
14181
14404
16107
17751
16828
14692
13449
14678
15869
16834
16545
15713
15972
15556
14175
8657
6699
9614
13081
14938
9716
2738
-3421
-3804
-637
1805
1770
-2639
-9824
-17542
-18926
-15325
-11249
-13280
-19384
-23342
-24210
-24770
-26239
-26949
-24702
-22098
-22427
-24498
-25942
-25573
-25396
-23001
-17515
-11768
-10422
-14968
-18547
-15640
-8681
-2383
-1820
-3626
-4127
-2992
-1071
1593
5837
8580
8355
5681
5325
8019
11072
12538
12721
13124
13508
13326
12269
12072
14333
17185
17461
15851
14433
14328
14916
15625
16679
17915
17815
15815
14686
15260
17181
17845
17252
16764
16667
17602
17233
13853
7757
7421
11822
15679
15043
7393
-9
-4435
-2370
1547
2636
288
-5767
-13250
-18707
-17456
-13557
-12165
-16875
-22300
-23770
-23982
-25787
-28358
-28595
-25317
-22883
-23803
-26038
-27131
-27130
-26303
-22514
-16731
-12814
-14112
-18610
-19311
-14067
-7126
-3476
-4599
-5650
-4352
-2602
-1567
883
4712
7469
7608
6036
6011
7851
10055
11830
13049
13898
13927
12795
11563
12749
16563
18975
17787
15217
14239
15414
16834
17473
17754
18337
17450
15962
16032
17478
18777
18345
17138
17030
17900
18637
17686
11636
7399
10118
14556
16870
12152
4544
-986
-2332
1398
3222
1859
-2572
-8689
-15196
-16656
-14095
-11849
-13961
-20081
-22897
-22782
-23627
-26238
-28165
-26913
-23910
-23667
-26037
-27722
-27636
-27313
-25094
-20767
-16223
-15275
-18553
-20520
-17210
-11237
-6576
-6544
-7942
-6741
-3857
-1944
-1339
1039
4342
6298
6424
6010
6626
7787
9711
11913
14079
15067
14394
13016
12379
14862
18333
19032
17179
15847
16370
17624
18005
17614
18077
18066
17729
17373
17668
18595
17879
17044
16743
18109
19484
18743
14169
7491
8437
13492
17470
14778
6762
738
-1984
1000
3568
2752
-719
-5893
-11887
-15245
-13767
-11696
-12806
-17933
-21647
-21104
-21768
-25130
-28191
-27940
-24308
-22820
-24869
-27501
-27998
-27684
-26398
-22615
-18370
-16834
-19690
-21920
-19154
-13051
-8691
-8603
-10595
-9924
-5815
-3152
-2325
-1437
1109
3832
5102
5933
6338
6780
7530
9526
12010
14027
14444
13143
12732
14026
17273
18395
16955
15921
16837
18623
19295
19095
18613
19156
18198
18204
19078
19528
20096
18566
18079
19034
20382
21027
16360
10131
9526
14482
18237
16749
9051
3165
832
2470
4939
3143
-10
-4300
-9442
-12956
-11775
-10803
-12709
-18070
-21303
-20267
-19831
-23170
-26923
-27448
-24714
-23123
-24874
-27041
-26905
-26335
-26114
-23534
-20040
-17843
-19640
-21536
-18669
-13388
-9900
-10461
-12273
-11024
-7016
-3806
-3069
-2762
-1065
1020
2504
3677
5226
6188
6468
7397
9267
11202
12025
11364
11529
13372
15975
16922
15303
14586
16018
18141
18748
18378
18164
18923
18909
18521
19333
20169
20494
19125
18650
19621
20729
21583
18741
13190
10283
13824
18141
18400
12689
5662
2230
2464
5408
4819
1510
-2227
-6820
-10929
-11740
-10387
-11222
-15602
-20053
-20133
-18972
-21240
-25656
-27481
-25657
-23003
-23799
-26265
-26607
-26084
-25773
-24152
-21216
-18324
-19217
-21486
-20171
-15126
-10317
-10044
-12192
-12585
-8695
-4943
-3619
-2992
-1975
-37
1188
2414
4115
5395
6350
6902
8136
10017
11499
11405
10875
12267
14817
16726
15444
14279
15689
17703
19248
18450
17306
18419
18541
18870
19156
19819
20770
19342
18832
18808
19952
21036
19590
14628
10846
13647
17154
18244
13159
6565
3852
3161
6094
5029
2102
-1322
-5414
-9430
-11041
-9418
-10083
-14346
-19380
-20091
-18361
-19937
-24054
-26588
-25666
-23212
-24244
-26699
-27215
-25377
-24636
-24868
-22944
-20590
-19982
-21564
-20812
-16089
-12116
-11027
-12627
-13119
-9972
-6175
-4709
-4470
-2657
-285
1230
1719
2649
4580
5839
6830
7828
9210
10799
11276
10959
11777
14035
16067
15545
13683
14572
17157
18701
18529
17284
17696
18838
18405
18303
19323
20174
20339
19139
18594
19884
20445
20553
16817
12066
13114
16382
18474
15679
9501
5636
4214
5667
6167
3415
477
-2937
-6911
-9689
-9074
-9106
-12235
-17643
-19903
-18331
-18595
-22143
-25730
-25996
-23986
-24109
-26541
-27966
-26481
-24895
-24936
-23528
-21868
-21070
-22427
-22530
-18421
-13592
-11183
-12592
-14304
-12509
-8381
-5521
-4603
-3388
-1420
-381
315
1600
3819
5878
6813
7214
8062
9543
10847
10972
11340
12896
15077
15582
14160
14143
16043
17553
17942
17465
17434
18751
18466
18387
18804
19988
20546
19533
19471
19711
21066
21212
19011
14357
12313
16062
18712
18340
12297
6814
4723
5185
7532
5204
2418
-911
-5094
-8612
-9596
-8606
-10179
-14962
-19061
-19391
-18449
-20809
-24678
-26256
-24750
-23456
-25582
-27867
-27721
-25586
-24988
-24425
-22485
-21274
-21947
-23117
-20669
-15401
-11944
-12041
-14286
-14045
-10261
-6613
-5019
-4114
-2298
-681
6
782
2394
4775
6526
7408
7924
9096
10540
10995
11393
12565
14592
15790
14844
14124
15251
17160
17915
18027
17900
18557
18842
18135
18577
19775
20765
20235
19388
19412
20495
21063
20233
17077
13198
13802
17102
18786
16105
9855
5786
4486
6289
6496
3451
643
-2680
-6211
-9196
-9219
-9317
-11837
-16592
-19557
-19193
-19442
-22354
-25373
-25772
-23960
-24196
-26746
-28202
-26909
-24844
-24533
-24092
-22618
-21667
-22271
-22171
-19000
-14735
-12877
-13598
-14449
-12585
-8758
-6414
-5572
-4637
-2207
-416
256
835
2377
5116
7056
7814
8267
9231
10268
11094
12118
13834
15642
16140
15384
15249
16502
17772
18395
18362
18757
19388
19222
18599
18840
20124
20892
20210
19882
20036
21006
21019
20428
18258
13846
13909
16896
18767
17089
10670
6089
4651
6400
7254
3989
1450
-1517
-5353
-9086
-9615
-9147
-10669
-15001
-19061
-19475
-19565
-22374
-25371
-25948
-23841
-23945
-27066
-29180
-28114
-26162
-25937
-24931
-23317
-22070
-23019
-24364
-21267
-16437
-13263
-13795
-15983
-14094
-10125
-7275
-6587
-5687
-3145
-1154
-458
-53
1911
4731
6745
7274
7876
9487
10867
11844
12365
13890
15812
16233
15553
15496
17099
18404
18581
18226
18602
19629
19470
19001
19402
20682
20939
19955
19804
20418
21707
21105
20250
16636
13788
16142
18252
19375
15410
9126
6236
5792
8352
7606
4030
995
-2200
-5986
-8662
-8254
-8230
-10309
-15497
-18785
-18862
-19992
-22577
-24796
-24518
-22680
-24202
-27443
-28989
-27558
-25550
-25131
-24209
-22632
-22103
-23355
-23820
-20383
-15790
-13387
-14218
-15350
-13293
-10001
-8129
-7431
-4947
-1883
-597
-807
-959
1178
4533
6620
7198
7208
7986
9446
10594
11803
13784
15023
14679
14162
14903
16555
17277
17168
17320
18157
18568
18319
18187
18935
20084
20263
19002
19393
20012
21065
20868
19740
18662
14846
14323
16484
18165
17717
11391
6974
5352
6605
7855
4484
2044
-575
-4077
-8557
-9651
-8645
-9007
-12914
-17908
-19173
-19165
-21312
-23934
-24766
-22660
-22747
-25914
-28288
-27843
-25361
-24949
-24730
-23082
-21731
-22569
-24633
-22574
-17387
-13656
-13319
-15595
-15106
-12300
-9523
-7743
-5794
-2966
-1817
-2274
-2261
101
3845
6439
6699
6586
7317
8948
10667
11832
13528
15109
15467
15046
14832
16270
17943
18323
18533
18703
19130
19325
18690
18988
20348
20947
20197
19728
19784
20807
20821
19812
18742
15329
14829
16182
17042
16818
12074
7872
5846
6260
7330
5137
2473
-317
-3306
-7637
-8841
-8295
-8793
-11658
-16146
-17846
-18311
-20466
-22772
-23409
-22043
-21747
-24347
-26985
-26882
-24720
-24420
-23979
-22875
-21799
-21740
-23531
-22296
-18086
-14773
-13923
-15474
-15195
-12787
-10614
-9115
-7018
-3980
-2573
-2676
-3313
-1599
2064
4829
5987
6050
6717
8037
9064
10403
12552
14760
15177
14396
14201
15292
17232
17674
18041
18518
18505
18603
17640
18044
19702
20522
20386
19166
19219
19634
19658
19397
19543
17538
14628
14214
15333
17118
14883
9684
6467
5303
6893
6053
3693
1766
-1313
-5912
-8645
-8070
-7309
-9197
-14358
-17285
-17263
-18024
-20741
-22815
-22111
-20365
-21776
-25010
-26231
-24532
-23158
-23168
-22224
-20330
-20081
-22308
-23062
-18830
-13878
-12139
-13693
-15326
-13362
-10429
-8448
-6809
-4174
-1974
-2077
-3007
-2290
1628
5028
5878
5793
5952
7318
8778
9714
11670
13720
14620
13584
13009
14129
16159
16990
16342
17232
17826
17550
16974
16423
18264
19479
19480
18524
17880
18315
18030
17972
18321
19294
16070
12214
11998
14288
16248
12179
7381
4507
4390
5647
3579
1863
-73
-3558
-8429
-10185
-8952
-8211
-11451
-16748
-17968
-17433
-18750
-21618
-23040
-21255
-20100
-22265
-24756
-24600
-22615
-22003
-21691
-20427
-18725
-19606
-21543
-19932
-15319
-11519
-11520
-14022
-13625
-10530
-7735
-5975
-4949
-2904
-1641
-1885
-1332
920
3807
5460
5736
5914
7161
8423
9256
10449
12257
13893
14016
13194
13246
14789
16204
16240
16584
17317
17431
16749
16063
16880
18376
19069
18502
17499
17078
17105
17173
17669
18227
18545
15258
10013
9542
12447
15508
13246
6965
2700
1472
3227
3191
1453
-793
-4233
-8596
-11689
-10461
-8959
-10426
-15391
-18750
-18641
-18628
-20460
-22383
-21571
-19861
-21122
-23822
-24844
-22768
-20888
-21081
-20645
-19007
-18259
-19659
-20024
-16672
-12165
-10513
-12340
-13509
-11509
-7881
-5307
-4369
-3030
-1836
-1674
-797
1297
4565
6448
6202
6302
7276
8789
10253
11315
13068
14513
14536
13577
13291
15247
17062
17606
16906
16157
16372
16128
16690
17335
18066
18250
16516
15866
14982
15791
16502
16165
16555
15348
14191
9853
7276
9486
12113
12739
7353
2031
-615
126
2260
374
-1178
-3788
-7705
-11862
-12900
-10578
-9717
-12569
-17675
-19482
-18899
-19544
-20956
-21362
-19914
-19555
-22007
-23343
-22735
-20687
-20174
-19650
-17740
-16451
-17369
-18954
-16910
-12173
-9362
-9818
-11544
-10855
-7407
-4221
-2604
-2058
-1364
-446
951
3180
5078
6098
6748
7369
8556
9695
10598
11682
12692
13629
13885
13867
13913
14835
16174
16845
16240
15055
14632
15046
16275
16898
16385
15534
14120
14189
14714
14912
15111
14003
13513
13140
12428
12478
9906
6903
6496
7254
9129
6967
1828
-1641
-3073
-1056
-885
-3037
-5274
-8436
-11931
-13643
-12478
-11241
-12179
-16867
-19960
-19561
-18766
-19352
-21010
-20781
-19489
-19866
-21598
-21982
-19935
-18605
-18154
-17485
-16374
-15366
-15966
-15563
-12405
-9029
-7544
-8748
-9522
-6802
-3059
-878
-605
-289
1519
3273
4622
5599
7289
8906
9822
9969
10371
12058
13380
13732
13737
14639
15852
16036
15410
15677
17121
17259
15849
14711
15433
17155
16934
14879
13552
13919
14383
14254
13411
12837
12344
11000
9854
9835
10274
10175
7473
2918
2069
3383
5192
3943
-937
-3792
-5708
-4943
-4754
-6051
-6779
-8991
-12074
-14494
-13777
-12849
-13599
-16683
-18725
-17536
-17159
-18650
-20523
-20035
-17703
-17449
-18955
-19593
-18183
-17470
-17276
-15897
-13602
-12087
-13668
-14669
-11993
-8293
-6083
-6485
-6865
-4544
-2076
-626
132
1576
3798
4709
5421
7129
9087
10330
10408
10598
12221
14022
14874
14633
14546
15476
16252
16490
16559
16888
17054
16189
15033
14726
15428
15624
14669
13240
12232
12066
11691
11084
10731
10491
9393
7176
6366
6421
6855
6638
4881
2715
-845
-1756
-306
1823
1626
-3258
-7447
-8953
-6581
-5141
-6208
-7659
-9819
-12243
-14425
-13927
-12050
-11305
-13777
-16504
-16535
-15853
-16549
-17687
-17171
-14546
-14359
-16271
-17588
-16836
-14676
-14028
-12718
-11218
-10824
-11805
-12628
-9749
-5404
-2857
-3447
-4754
-3436
-765
1592
3174
4555
6218
7045
6936
7728
9677
11700
12866
13004
13242
13671
13912
14278
15351
16469
16599
15399
13968
14027
14988
15043
14127
12870
11855
11190
10375
9776
9673
8892
7666
6769
6200
5826
4634
3688
2904
2681
2146
1190
595
31
-697
-3655
-5063
-4024
-2213
-1736
-5380
-8409
-9359
-7952
-6426
-7079
-7931
-9264
-11007
-12949
-12155
-10186
-9474
-11288
-14254
-14200
-12723
-12700
-13758
-14221
-12480
-11458
-12557
-13629
-13141
-11387
-10776
-10051
-8509
-7053
-7202
-8565
-7065
-3410
-559
-230
-1341
-296
2052
3991
4824
5570
7478
9093
9460
9515
10698
12237
13128
13253
13551
14458
14657
14060
13779
14539
15211
14558
12883
11741
12077
12168
11019
9764
9091
8404
7072
5379
4745
4909
3919
2144
682
769
894
-370
-1737
-2381
-2519
-2685
-3629
-4052
-3466
-3449
-4708
-6836
-6791
-4977
-3681
-4532
-6854
-8017
-7446
-5958
-5727
-6328
-6603
-7193
-8341
-8906
-8019
-7023
-7440
-9183
-10075
-9299
-8843
-9650
-10446
-9805
-8309
-8509
-9402
-9511
-8532
-7528
-7385
-6115
-4540
-3550
-3937
-4281
-2352
297
2023
2219
2398
3704
5123
6167
7083
8602
10077
10872
11132
10975
11675
12326
12984
13456
13281
12891
12151
11570
11240
11025
10577
9738
8584
7446
6462
5510
4575
3954
2917
1789
491
-708
-1240
-1693
-2246
-2794
-3679
-4520
-4926
-5108
-4487
-4553
-4949
-5212
-5126
-4838
-4377
-4121
-3523
-3489
-4889
-5022
-3764
-1571
-1028
-3209
-4288
-4031
-2547
-2003
-2599
-2282
-2498
-3569
-5114
-4598
-3138
-2741
-4314
-5833
-5188
-4667
-5482
-6302
-5431
-3714
-3729
-4941
-5437
-4249
-3349
-3322
-2301
-475
689
-139
-1386
223
3343
5029
4895
4040
4723
6327
7046
7620
8219
9115
9088
8495
8481
9026
9569
8862
8246
7782
7428
6732
5675
5279
5343
4577
2892
1314
753
921
180
-1367
-2651
-3023
-3562
-4308
-5058
-5233
-5245
-5944
-6501
-6393
-6037
-5707
-6014
-5904
-5186
-4670
-4161
-4181
-3551
-3065
-2432
-1558
-636
209
-711
-1920
-1068
1221
3393
2876
632
-162
640
2068
2467
2426
2225
1821
333
-469
464
1453
1489
-186
-744
-250
-283
-1194
-1652
-636
497
-107
-1292
-1584
-566
-109
-171
722
1885
2235
913
343
1723
3552
4073
3399
3029
3454
3582
3441
3584
4350
4672
4005
2945
2494
2743
2651
2310
1789
1276
347
-679
-1324
-1304
-1428
-2245
-3488
-4320
-4442
-4480
-5041
-5789
-5994
-5980
-5947
-6308
-6463
-5997
-5663
-5575
-5583
-5290
-4542
-4217
-3698
-3110
-2380
-1834
-1628
-860
58
988
1240
1625
2547
3708
4504
4102
3398
3683
5103
6841
7063
6015
4925
4845
5673
6358
6655
6575
6096
4773
3868
3957
4659
4778
3950
2901
2633
2351
1384
849
1146
1589
1221
-24
-820
-858
-1129
-1388
-1176
-678
-897
-2206
-3402
-3118
-2025
-1614
-2155
-2948
-3337
-3299
-3366
-3392
-3212
-3182
-3108
-3404
-3917
-4253
-4351
-4091
-3511
-3477
-4019
-4761
-5389
-5094
-4321
-3776
-3967
-4614
-5240
-4794
-4319
-4109
-3921
-3925
-3611
-3597
-3659
-3463
-2786
-2353
-1871
-1426
-964
-526
-456
-30
905
1966
2586
3016
3387
4058
4701
5099
5976
7007
7681
8099
8003
8571
8960
8980
9055
9478
10501
10497
9626
8469
8337
8951
9213
8777
7944
6830
5765
4691
4378
4344
4008
2614
1019
51
-646
-1250
-2306
-3067
-3620
-4369
-5336
-6301
-6898
-7311
-7834
-7959
-8009
-8147
-8760
-9488
-9456
-9082
-8624
-8526
-8517
-8527
-8489
-8325
-7920
-7293
-6738
-6341
-6100
-5943
-5687
-5257
-4681
-3925
-3626
-3524
-3580
-3269
-2565
-1932
-1540
-1384
-1256
-1042
-641
-155
289
704
901
1173
1452
1800
2332
2824
3352
3662
3987
4193
4515
5146
5816
6411
6683
6784
7072
7521
8077
8618
9062
9166
9234
9046
9167
9492
9809
9948
9931
9511
8714
8022
7713
8274
8438
7684
6262
4762
4168
3995
3601
3203
1948
583
-983
-2033
-2485
-2877
-3786
-5044
-6081
-7023
-7777
-8674
-9450
-9653
-9829
-10249
-10969
-11915
-12278
-12102
-11715
-11304
-11212
-11446
-11636
-11488
-10779
-9639
-8828
-8682
-8564
-8150
-7067
-6077
-5553
-4873
-3936
-2940
-2316
-2047
-1303
-266
710
1384
1947
2531
2992
3269
3840
4754
5566
5817
5677
5920
6408
6878
7004
7267
7548
7566
7298
7141
7459
7812
7795
7487
7320
7274
7196
7075
6988
6945
6768
6374
6087
5941
5880
5585
5262
4937
4804
4602
4135
3842
3347
3241
2918
2610
1993
1260
939
655
613
235
-350
-1087
-1817
-2288
-2529
-2701
-3091
-3896
-4670
-5311
-5607
-5957
-6464
-6855
-7276
-7677
-8215
-8577
-8869
-9107
-9258
-9366
-9149
-9090
-9308
-9460
-9322
-8662
-8015
-7672
-7461
-7133
-6517
-5836
-5012
-4146
-3315
-2582
-1940
-1200
-124
828
1669
2383
3112
4131
4824
5438
5925
6488
7016
7524
7928
8332
8585
8488
8457
8347
8487
8536
8287
7825
7357
6800
6497
6237
5917
5407
4520
3668
3123
2883
2632
2244
1509
726
71
-275
-378
-439
-785
-1161
-1626
-1886
-2022
-2048
-2003
-1978
-2046
-2274
-2293
-2382
-2171
-2073
-1877
-1788
-1787
-1861
-1747
-1693
-1770
-1815
-1865
-1525
-1573
-1751
-2089
-2118
-1974
-1931
-2113
-2167
-2217
-2404
-2674
-2793
-2683
-2580
-2793
-3028
-2927
-2897
-2865
-3076
-2898
-2666
-2420
-2406
-2274
-1857
-1649
-1456
-1282
-777
-173
155
278
606
1040
1603
1922
2338
2722
3003
3270
3438
3937
4287
4507
4465
4404
4608
4758
4758
4641
4471
4361
4123
3919
3685
3469
3023
2483
2054
1664
1502
910
345
-200
-605
-1005
-1486
-1903
-2163
-2390
-2924
-3358
-3777
-3835
-3920
-4017
-4222
-4371
-4453
-4422
-4294
-4149
-4010
-3935
-3757
-3497
-3118
-2849
-2512
-2338
-1940
-1483
-1063
-642
-421
-56
388
854
1227
1361
1641
1924
2282
2537
2633
2989
2968
3168
3028
3188
3425
3367
3277
2976
2963
2821
2715
2458
2399
2157
1856
1434
1217
1130
1050
640
301
107
37
-67
-485
-682
-871
-859
-1050
-1017
-1207
-1256
-1422
-1469
-1320
-1218
-1259
-1383
-1535
-1535
-1455
-1438
-1319
-1324
-1256
-1452
-1396
-1508
-1375
-1396
-1433
-1334
-1454
-1433
-1539
-1671
-1689
-1657
-1584
-1568
-1690
-1816
-1847
-1805
-1747
-1633
-1610
-1562
-1516
-1517
-1350
-1168
-1038
-960
-834
-649
-335
-205
-4
200
460
675
832
1067
1371
1683
1858
2081
2214
2399
2468
2704
2923
3215
3227
3136
3075
3020
3257
3331
3436
3339
3135
2957
2808
2745
2696
2614
2543
2263
1947
1613
1464
1496
1387
1117
704
431
191
-70
-334
-491
-615
-908
-1345
-1693
-1873
-2002
-2227
-2401
-2492
-2660
-2933
-3329
-3389
-3318
-3264
-3449
-3678
-3738
-3750
-3700
-3668
-3483
-3314
-3225
-3229
-3136
-2888
-2554
-2310
-2072
-1817
-1508
-1284
-1062
-739
-343
70
310
540
764
1099
1375
1598
1887
2116
2343
2417
2460
2646
2798
2917
2916
2849
2817
2740
2707
2633
2667
2486
2248
2030
1822
1783
1594
1437
1280
1077
889
651
524
415
297
129
-98
-198
-331
-384
-470
-512
-523
-536
-583
-629
-668
-652
-565
-517
-461
-499
-514
-525
-394
-317
-214
-189
-181
-188
-217
-162
-69
53
50
-22
-151
-150
-29
27
-15
-59
-119
-140
-227
-271
-232
-272
-303
-418
-427
-443
-477
-590
-624
-521
-463
-464
-604
-621
-532
-443
-368
-297
-239
-233
-254
-177
4
248
322
301
317
440
654
794
906
965
1048
1109
1144
1192
1250
1348
1420
1344
1284
1155
1133
1171
1140
1138
884
684
456
361
345
200
0
-398
-620
-858
-963
-1142
-1380
-1637
-1942
-2143
-2289
-2422
-2572
-2718
-2824
-2950
-3055
-3116
-3124
-2992
-2966
-2889
-2852
-2728
-2603
-2433
-2167
-1866
-1589
-1424
-1258
-952
-492
-69
277
519
861
1227
1623
1977
2298
2634
2971
3271
3555
3754
3953
4165
4354
4523
4522
4633
4666
4769
4667
4498
4392
4291
4171
3936
3709
3406
3098
2725
2404
2165
1840
1373
872
542
311
-33
-528
-969
-1258
-1509
-1876
-2193
-2460
-2593
-2857
-3093
-3268
-3379
-3470
-3631
-3672
-3624
-3560
-3637
-3678
-3623
-3443
-3320
-3273
-3241
-3101
-2951
-2790
-2749
-2665
-2502
-2320
-2187
-2122
-2035
-1944
-1771
-1670
-1564
-1441
-1282
-1196
-1160
-1107
-929
-723
-581
-491
-452
-359
-265
-105
82
326
455
505
584
737
954
1116
1278
1503
1710
1819
1885
2011
2219
2416
2520
2579
2696
2777
2833
2864
2950
3102
3161
3114
3037
3001
3003
2998
2944
2933
2864
2739
2600
2486
2446
2364
2216
2037
1877
1696
1487
1339
1169
1029
819
582
354
111
-69
-277
-461
-687
-920
-1209
-1519
-1760
-1953
-2102
-2319
-2592
-2874
-3080
-3211
-3332
-3477
-3613
-3719
-3830
-3933
-4035
-4005
-3927
-3870
-3863
-3839
-3746
-3600
-3428
-3264
-3026
-2789
-2587
-2382
-2156
-1837
-1514
-1225
-947
-613
-309
-31
262
579
964
1285
1558
1784
2013
2240
2480
2661
2846
2992
3129
3240
3329
3390
3414
3429
3438
3442
3388
3296
3161
3016
2860
2749
2593
2425
2178
1934
1708
1461
1227
977
748
522
276
-45
-318
-552
-760
-966
-1199
-1446
-1641
-1854
-1981
-2053
-2118
-2212
-2365
-2471
-2536
-2503
-2490
-2410
-2384
-2307
-2229
-2104
-1933
-1771
-1623
-1466
-1285
-1118
-902
-728
-474
-271
-41
134
340
518
710
885
1023
1203
1324
1478
1533
1605
1659
1760
1808
1816
1807
1788
1766
1740
1718
1665
1589
1467
1359
1263
1218
1142
1046
910
769
645
537
439
358
253
141
10
-116
-220
-293
-317
-374
-441
-570
-665
-758
-768
-797
-814
-894
-992
-1076
-1126
-1131
-1166
-1209
-1292
-1321
-1393
-1417
-1496
-1496
-1473
-1449
-1496
-1547
-1561
-1531
-1442
-1394
-1311
-1308
-1270
-1244
-1106
-966
-814
-731
-638
-535
-378
-201
-47
148
304
467
553
725
882
1093
1237
1397
1524
1628
1742
1859
2007
2082
2160
2195
2256
2290
2319
2324
2381
2387
2402
2334
2294
2253
2228
2177
2105
2077
1977
1932
1801
1774
1658
1583
1410
1292
1170
1053
938
811
723
559
391
141
-16
-139
-262
-488
-710
-950
-1120
-1310
-1480
-1691
-1893
-2101
-2300
-2469
-2668
-2814
-3002
-3128
-3273
-3333
-3447
-3534
-3622
-3601
-3555
-3517
-3501
-3483
-3368
-3240
-3064
-2929
-2740
-2564
-2325
-2121
-1858
-1601
-1312
-1060
-789
-527
-244
24
243
485
725
1007
1210
1437
1579
1773
1915
2072
2168
2243
2288
2338
2404
2430
2473
2447
2425
2365
2352
2303
2300
2221
2150
2046
1970
1892
1796
1718
1640
1581
1514
1461
1362
1295
1194
1144
1041
966
845
784
707
638
536
437
368
282
225
95
-4
-162
-220
-319
-368
-489
-620
-755
-879
-940
-981
-1013
-1099
-1180
-1281
-1322
-1376
-1386
-1440
-1424
-1427
-1398
-1404
-1393
-1358
-1294
-1215
-1168
-1104
-1064
-988
-943
-823
-748
-645
-609
-534
-455
-341
-264
-217
-144
-67
43
74
110
108
162
198
254
235
248
255
282
295
296
288
253
225
185
186
148
143
91
104
68
46
-21
-66
-116
-126
-154
-208
-235
-279
-294
-365
-395
-444
-436
-455
-460
-496
-514
-556
-561
-563
-536
-524
-575
-618
-630
-565
-537
-474
-472
-462
-477
-431
-385
-305
-269
-233
-183
-139
-73
8
130
194
288
349
444
495
584
659
774
881
968
1019
1072
1179
1271
1385
1441
1511
1538
1603
1630
1695
1730
1752
1767
1781
1778
1761
1710
1685
1686
1651
1583
1450
1376
1265
1226
1126
1048
872
699
549
435
365
219
52
-161
-324
-480
-608
-781
-926
-1126
-1259
-1448
-1571
-1707
-1852
-1982
-2138
-2211
-2335
-2424
-2548
-2592
-2655
-2679
-2753
-2762
-2784
-2755
-2747
-2706
-2662
-2601
-2509
-2460
-2342
-2244
-2070
-1941
-1751
-1608
-1421
-1264
-1066
-832
-604
-399
-239
-55
157
392
603
821
996
1210
1387
1586
1765
1934
2076
2233
2352
2463
2559
2644
2750
2820
2905
2926
2956
2952
2970
2958
2956
2915
2846
2772
2694
2601
2482
2375
2259
2137
1981
1825
1668
1518
1351
1177
976
785
577
397
216
55
-141
-337
-523
-675
-818
-1002
-1168
-1334
-1486
-1620
-1712
-1812
-1922
-2023
-2086
-2119
-2124
-2159
-2193
-2233
-2222
-2194
-2153
-2105
-2031
-1969
-1911
-1819
-1722
-1614
-1521
-1416
-1324
-1215
-1118
-996
-918
-783
-667
-554
-456
-333
-241
-180
-71
55
195
255
334
378
482
560
674
738
818
888
955
1022
1093
1190
1245
1296
1327
1399
1404
1466
1477
1529
1551
1596
1600
1601
1588
1586
1561
1512
1488
1416
1361
1249
1211
1120
1051
901
786
654
537
402
282
161
-1
-135
-277
-400
-570
-692
-822
-917
-1043
-1147
-1281
-1369
-1452
-1512
-1593
-1663
-1712
-1749
-1748
-1754
-1712
-1709
-1670
-1654
-1575
-1516
-1431
-1351
-1266
-1161
-1056
-936
-827
-685
-554
-408
-286
-151
-15
140
268
399
523
646
776
900
988
1057
1176
1254
1331
1363
1436
1429
1450
1469
1491
1476
1427
1407
1335
1302
1234
1186
1065
988
871
761
643
561
424
278
155
68
-40
-181
-297
-426
-520
-634
-705
-838
-926
-1046
-1090
-1140
-1153
-1205
-1287
-1352
-1361
-1357
-1369
-1356
-1366
-1351
-1364
-1322
-1324
-1272
-1249
-1194
-1183
-1121
-1046
-977
-940
-852
-743
-686
-635
-590
-453
-378
-265
-161
-52
19
148
292
404
494
591
713
786
909
1025
1113
1183
1322
1454
1540
1588
1651
1712
1749
1810
1873
1906
1851
1841
1833
1849
1815
1775
1701
1620
1514
1416
1336
1223
1105
920
796
634
510
333
175
-6
-156
-306
-457
-604
-762
-905
-1068
-1188
-1299
-1382
-1490
-1567
-1653
-1681
-1729
-1756
-1794
-1798
-1805
-1772
-1747
-1714
-1695
-1643
-1571
-1526
-1455
-1393
-1285
-1254
-1165
-1108
-1022
-977
-903
-849
-818
-730
-654
-574
-554
-476
-424
-384
-343
-264
-222
-202
-143
-88
-41
8
81
147
207
290
391
452
537
628
733
778
855
959
1028
1104
1202
1307
1311
1376
1446
1491
1525
1599
1600
1555
1531
1551
1486
1396
1398
1375
1244
1125
1144
1041
872
768
768
590
419
341
287
108
10
18
-102
-255
-287
-249
-408
-490
-427
-420
-600
-602
-472
-473
-587
-512
-399
-449
-483
-335
-261
-353
-316
-191
-178
-247
-122
-74
-138
-170
-1
17
-70
-73
15
-13
-69
19
27
-45
-80
31
1
-48
-4
73
-5
-46
22
40
-41
-55
1
-6
-46
-17
6
-15
-22
-43
-88
-133
-109
-134
-188
-259
-290
-363
-386
-392
-468
-566
-579
-600
-712
-763
-755
-838
-951
-924
-873
-940
-1003
-951
-930
-930
-863
-779
-813
-795
-658
-524
-528
-434
-251
-192
-173
15
248
276
310
503
682
712
840
1012
1053
1075
1262
1405
1382
1401
1553
1576
1524
1585
1684
1581
1486
1563
1599
1528
1462
1480
1351
1248
1244
1229
1091
1002
984
902
811
772
719
621
527
471
353
253
238
194
74
-20
-35
-131
-249
-300
-327
-491
-594
-639
-716
-855
-922
-987
-1139
-1236
-1270
-1364
-1548
-1589
-1628
-1763
-1875
-1860
-1896
-2023
-2047
-1994
-2016
-2085
-2025
-1962
-1982
-1940
-1782
-1696
-1678
-1561
-1368
-1280
-1199
-992
-818
-703
-529
-254
-87
24
217
488
627
770
976
1151
1207
1306
1524
1655
1694
1732
1889
1905
1923
1998
2109
2019
1946
2007
2027
1935
1846
1862
1735
1601
1580
1603
1411
1261
1226
1168
976
893
882
735
540
491
473
271
115
47
-22
-205
-281
-320
-462
-627
-678
-720
-885
-1006
-1080
-1186
-1332
-1387
-1424
-1539
-1627
-1645
-1661
-1766
-1793
-1793
-1823
-1871
-1842
-1804
-1818
-1796
-1710
-1613
-1598
-1508
-1421
-1325
-1252
-1109
-982
-915
-795
-630
-492
-403
-263
-126
-8
100
238
375
458
558
660
759
825
895
975
1011
1050
1096
1171
1204
1257
1279
1319
1313
1321
1316
1329
1305
1244
1241
1216
1217
1179
1191
1153
1115
1060
1034
975
896
846
767
696
610
564
459
347
239
165
72
-36
-128
-256
-377
-491
-559
-694
-820
-930
-1039
-1160
-1239
-1274
-1382
-1482
-1570
-1580
-1627
-1654
-1673
-1671
-1692
-1701
-1660
-1635
-1583
-1514
-1401
-1336
-1233
-1093
-950
-841
-706
-528
-394
-257
-95
100
232
395
562
739
904
1034
1181
1283
1422
1552
1695
1765
1830
1876
1954
2004
2031
2046
1995
1960
1904
1881
1812
1750
1628
1524
1405
1315
1214
1059
896
724
583
425
270
86
-79
-248
-385
-522
-643
-785
-940
-1085
-1197
-1285
-1388
-1479
-1556
-1615
-1658
-1681
-1688
-1734
-1770
-1775
-1736
-1715
-1691
-1660
-1639
-1589
-1533
-1441
-1369
-1308
-1241
-1149
-1057
-950
-862
-764
-671
-545
-421
-311
-235
-142
-53
70
204
314
414
490
590
691
813
897
995
1047
1162
1252
1362
1435
1503
1542
1597
1671
1738
1784
1802
1856
1861
1891
1881
1904
1866
1863
1822
1808
1759
1729
1691
1631
1569
1458
1367
1262
1186
1057
938
798
658
508
395
264
105
-92
-250
-383
-504
-642
-784
-948
-1115
-1234
-1329
-1423
-1575
-1705
-1829
-1916
-1991
-2016
-2063
-2117
-2176
-2196
-2182
-2164
-2140
-2128
-2112
-2077
-1991
-1896
-1808
-1721
-1628
-1526
-1413
-1265
-1117
-997
-874
-757
-595
-447
-286
-174
-27
99
235
391
528
671
767
916
1031
1171
1275
1377
1454
1516
1604
1684
1761
1794
1841
1876
1902
1927
1959
1972
1953
1940
1907
1865
1806
1762
1709
1608
1536
1457
1378
1235
1117
1019
893
762
623
499
349
202
65
-56
-196
-345
-469
-588
-720
-827
-958
-1065
-1184
-1251
-1324
-1394
-1453
-1514
-1551
-1606
-1605
-1641
-1624
-1642
-1615
-1604
-1572
-1522
-1492
-1423
-1395
-1314
-1281
-1195
-1140
-1054
-974
-882
-770
-717
-621
-542
-432
-370
-275
-191
-122
-46
28
126
168
249
318
411
473
538
611
650
713
737
808
828
879
896
927
966
966
1011
988
1022
987
1007
979
969
949
907
914
840
840
753
736
645
602
552
491
444
327
306
191
183
69
11
-90
-173
-218
-327
-365
-488
-497
-616
-640
-709
-767
-814
-905
-879
-949
-915
-963
-962
-997
-1033
-989
-999
-921
-942
-872
-865
-804
-727
-677
-574
-573
-462
-438
-305
-245
-145
-74
-25
87
140
269
293
407
435
514
557
612
670
682
737
742
788
784
803
809
795
791
764
756
716
681
645
603
573
511
481
408
357
288
225
154
90
32
-35
-95
-161
-221
-288
-348
-402
-441
-507
-549
-614
-639
-708
-740
-774
-800
-825
-858
-854
-887
-884
-907
-883
-883
-884
-865
-849
-797
-775
-711
-672
-643
-579
-530
-425
-388
-288
-238
-163
-86
-11
105
136
249
292
414
463
543
605
641
726
747
854
864
934
947
979
1027
1035
1098
1057
1088
1052
1050
1033
1014
1015
962
963
886
860
794
765
737
676
644
561
515
430
378
322
252
189
114
77
-7
-47
-112
-175
-244
-313
-345
-403
-435
-480
-511
-561
-589
-621
-641
-664
-665
-687
-704
-722
-715
-701
-711
-700
-712
-697
-696
-657
-634
-601
-592
-559
-516
-489
-446
-424
-382
-355
-318
-277
-224
-181
-151
-119
-79
-31
7
55
93
125
173
216
269
309
352
373
410
459
508
552
552
593
608
643
652
681
702
706
721
718
740
727
746
738
730
694
658
628
600
581
549
502
455
416
377
342
275
237
158
125
60
17
-32
-99
-140
-209
-229
-283
-309
-376
-403
-442
-474
-484
-518
-510
-544
-539
-547
-540
-521
-518
-481
-476
-423
-406
-368
-324
-286
-209
-197
-112
-90
-12
33
99
181
206
293
304
396
427
493
535
555
599
601
655
648
691
678
684
670
640
642
592
585
521
501
435
393
330
263
207
117
65
-34
-81
-187
-247
-347
-414
-490
-572
-626
-710
-735
-833
-858
-937
-963
-1006
-1044
-1047
-1108
-1093
-1146
-1119
-1144
-1132
-1132
-1131
-1082
-1070
-1002
-982
-912
-871
-808
-742
-679
-609
-542
-456
-373
-286
-199
-110
-20
74
165
265
341
449
520
616
680
760
831
879
966
1013
1089
1111
1168
1198
1224
1255
1249
1270
1253
1258
1243
1226
1187
1151
1118
1075
1037
977
925
853
793
709
638
561
484
414
319
255
151
75
-35
-127
-208
-320
-382
-500
-556
-665
-735
-819
-907
-962
-1058
-1106
-1194
-1237
-1298
-1341
-1401
-1450
-1486
-1512
-1529
-1535
-1550
-1548
-1542
-1541
-1511
-1492
-1438
-1411
-1349
-1304
-1228
-1168
-1099
-1024
-948
-845
-767
-659
-562
-445
-346
-240
-132
-29
95
200
325
419
530
626
720
818
895
994
1053
1150
1205
1278
1324
1380
1439
1462
1507
1510
1540
1535
1548
1533
1531
1508
1474
1447
1396
1354
1290
1237
1164
1094
997
907
810
712
626
506
424
307
222
116
8
-90
-216
-312
-440
-511
-609
-695
-783
-868
-939
-1012
-1064
-1125
-1167
-1225
-1259
-1299
-1319
-1339
-1351
-1352
-1344
-1338
-1327
-1312
-1280
-1240
-1210
-1155
-1101
-1016
-962
-883
-822
-756
-673
-593
-474
-408
-301
-244
-137
-44
46
164
226
344
413
533
609
689
763
820
915
954
1032
1057
1112
1158
1195
1245
1249
1276
1269
1278
1274
1255
1225
1177
1144
1096
1063
1014
963
909
848
790
717
638
562
471
389
299
231
159
75
15
-74
-135
-223
-283
-362
-431
-482
-559
-600
-679
-713
-760
-793
-819
-860
-865
-887
-883
-896
-903
-898
-896
-874
-858
-832
-804
-775
-725
-677
-614
-570
-521
-461
-394
-320
-268
-208
-139
-77
3
72
153
226
280
349
405
485
524
576
624
661
719
748
783
804
830
854
860
880
877
874
871
848
848
819
811
770
749
707
644
613
548
514
452
411
344
281
222
154
107
34
-19
-92
-149
-223
-283
-341
-403
-452
-505
-550
-601
-641
-696
-733
-763
-775
-791
-807
-811
-822
-817
-822
-813
-799
-786
-758
-731
-696
-666
-616
-572
-526
-476
-428
-368
-324
-256
-204
-131
-76
-8
53
112
168
222
285
329
395
441
501
545
589
628
674
705
730
751
777
808
820
832
828
823
821
825
828
811
795
768
744
722
682
654
605
571
525
462
408
334
275
221
158
105
29
-27
-97
-158
-226
-291
-340
-421
-459
-530
-568
-629
-682
-716
-772
-794
-838
-849
-874
-892
-898
-920
-919
-926
-917
-908
-905
-875
-870
-841
-813
-787
-747
-719
-660
-629
-577
-542
-499
-436
-394
-320
-283
-219
-170
-119
-53
-10
63
102
170
219
263
319
350
409
448
494
527
555
583
595
621
635
652
658
665
664
663
647
638
617
603
578
554
540
494
476
428
405
360
319
280
227
205
146
114
54
15
-17
-64
-86
-136
-165
-202
-236
-262
-303
-321
-348
-372
-393
-428
-444
-461
-456
-458
-464
-467
-473
-460
-464
-441
-430
-418
-389
-382
-359
-344
-324
-298
-271
-234
-201
-173
-145
-113
-79
-31
3
41
72
95
125
147
181
198
228
243
266
277
282
293
284
286
283
287
286
278
266
254
247
225
211
194
173
156
115
92
64
39
12
-28
-42
-79
-102
-137
-167
-190
-223
-240
-275
-282
-312
-330
-351
-377
-395
-418
-406
-423
-417
-433
-437
-441
-439
-406
-405
-382
-384
-361
-342
-329
-292
-270
-219
-182
-135
-98
-60
-15
24
73
108
155
190
241
292
336
369
406
456
505
544
578
615
637
667
683
704
718
735
753
768
777
766
764
754
742
734
709
696
664
643
613
578
550
497
461
401
367
306
256
194
128
80
5
-42
-105
-155
-203
-273
-318
-394
-436
-497
-545
-581
-628
-647
-693
-701
-737
-745
-772
-781
-787
-789
-777
-772
-738
-731
-693
-676
-631
-588
-548
-504
-470
-415
-372
-312
-260
-209
-148
-104
-25
27
91
141
190
255
297
361
392
443
475
516
552
584
624
653
675
706
736
762
767
761
763
751
756
744
743
724
703
667
634
607
574
533
493
451
411
354
296
251
190
142
82
38
-27
-82
-141
-196
-237
-285
-315
-371
-403
-446
-478
-504
-542
-562
-593
-599
-618
-617
-622
-626
-621
-625
-601
-608
-582
-578
-551
-529
-507
-467
-444
-395
-382
-332
-304
-257
-217
-194
-152
-121
-74
-36
9
52
94
132
171
220
258
289
331
360
400
418
440
470
488
522
539
561
559
556
552
552
556
549
545
519
508
486
457
435
403
381
340
307
269
232
194
151
120
66
33
-13
-51
-91
-139
-171
-230
-262
-311
-339
-373
-408
-432
-462
-492
-523
-541
-564
-574
-600
-598
-622
-614
-616
-609
-592
-603
-574
-582
-541
-537
-500
-475
-449
-398
-380
-321
-303
-247
-218
-178
-117
-88
-27
-4
56
90
142
193
225
283
302
353
366
402
425
449
486
493
512
511
532
532
542
542
531
520
505
492
471
444
414
391
360
334
297
253
210
168
134
86
40
-22
-72
-118
-163
-201
-265
-305
-366
-401
-446
-493
-528
-581
-608
-653
-667
-695
-714
-727
-741
-742
-761
-760
-763
-755
-738
-720
-690
-662
-624
-587
-549
-501
-463
-419
-368
-312
-245
-189
-132
-74
-11
51
105
173
226
287
342
394
451
489
552
589
642
678
718
751
766
809
816
841
840
861
864
856
858
844
841
813
801
772
743
700
655
615
565
525
466
410
357
299
239
177
108
49
-17
-84
-146
-217
-270
-338
-386
-440
-495
-548
-601
-636
-685
-708
-752
-767
-791
-809
-821
-842
-833
-835
-810
-809
-774
-763
-740
-713
-688
-641
-617
-559
-527
-467
-427
-376
-330
-279
-215
-176
-103
-60
13
61
119
176
217
273
296
364
387
436
458
482
524
535
588
585
632
632
649
650
645
656
626
632
598
605
582
558
535
495
481
432
405
368
333
290
244
220
173
140
81
53
24
-10
-43
-93
-121
-168
-198
-232
-244
-266
-289
-298
-315
-318
-342
-346
-358
-358
-362
-367
-356
-358
-338
-340
-316
-304
-277
-251
-240
-211
-201
-165
-157
-109
-81
-49
-15
11
64
89
133
156
198
230
264
300
326
361
379
415
435
460
477
489
506
514
522
521
516
504
506
502
491
479
463
447
414
386
351
320
274
248
218
185
156
111
75
31
0
-46
-89
-127
-169
-206
-247
-263
-290
-319
-349
-380
-397
-424
-446
-462
-475
-494
-505
-510
-519
-513
-529
-518
-517
-517
-510
-503
-476
-463
-426
-406
-371
-348
-315
-274
-244
-200
-165
-118
-84
-46
-7
28
63
106
158
200
237
274
304
346
368
397
425
445
466
478
499
511
522
525
527
528
513
501
486
472
458
431
420
387
367
334
306
276
231
201
144
120
64
34
-17
-62
-99
-157
-183
-245
-275
-325
-363
-399
-442
-465
-506
-524
-562
-582
-606
-633
-644
-667
-668
-678
-677
-667
-667
-654
-650
-626
-608
-586
-564
-538
-505
-480
-438
-404
-358
-322
-283
-236
-194
-144
-104
-60
-23
19
51
88
127
163
211
250
289
323
357
381
406
432
454
475
489
510
521
538
537
542
545
541
534
524
516
501
487
465
448
425
395
362
333
298
262
218
179
137
91
50
5
-29
-78
-123
-173
-213
-263
-302
-340
-372
-401
-441
-465
-501
-515
-543
-552
-567
-578
-582
-593
-590
-605
-594
-595
-578
-568
-554
-533
-522
-493
-471
-435
-415
-382
-354
-329
-291
-261
-209
-178
-126
-85
-44
3
35
79
102
155
197
241
278
310
351
368
416
435
471
490
511
532
538
555
557
572
568
576
569
558
551
526
514
489
469
433
400
367
330
301
262
239
200
166
125
84
48
2
-36
-73
-111
-145
-179
-206
-240
-273
-300
-320
-341
-364
-374
-395
-410
-432
-437
-450
-453
-454
-450
-447
-445
-432
-424
-403
-394
-367
-351
-322
-291
-261
-224
-197
-152
-122
-70
-35
7
51
86
136
164
212
239
277
312
347
391
422
461
481
511
527
550
564
574
585
585
584
583
577
572
562
543
528
509
491
462
433
396
368
327
294
254
215
179
132
105
52
25
-26
-60
-107
-148
-182
-232
-251
-305
-321
-364
-388
-415
-440
-452
-485
-478
-503
-502
-514
-518
-511
-522
-506
-504
-483
-475
-452
-421
-403
-368
-345
-307
-280
-241
-204
-169
-124
-84
-38
3
43
83
129
169
218
254
296
318
351
379
408
438
457
493
500
532
533
553
557
558
566
558
567
553
555
536
522
502
480
458
431
410
376
347
313
284
252
218
181
150
111
72
30
-13
-47
-92
-124
-164
-191
-228
-262
-291
-323
-343
-378
-387
-413
-421
-440
-452
-450
-460
-445
-449
-432
-438
-430
-429
-418
-395
-393
-370
-369
-344
-327
-297
-268
-248
-221
-209
-174
-148
-115
-85
-62
-31
-11
20
42
76
99
121
138
150
166
176
201
220
243
260
274
287
297
312
312
316
319
321
323
309
304
290
284
272
259
252
229
212
183
174
155
134
112
90
72
47
26
3
-13
-37
-57
-80
-94
-114
-134
-157
-175
-189
-209
-216
-232
-234
-246
-257
-263
-269
-270
-280
-286
-292
-290
-289
-289
-290
-292
-287
-284
-279
-272
-259
-254
-247
-242
-228
-219
-212
-197
-179
-160
-147
-128
-111
-88
-73
-57
-42
-27
-6
6
19
25
35
43
56
68
81
91
96
104
104
115
118
125
125
121
118
115
116
108
109
100
99
88
74
71
62
56
43
42
40
39
26
19
11
1
-3
-15
-13
-28
-33
-49
-56
-57
-66
-62
-77
-80
-98
-103
-112
-113
-109
-112
-106
-112
-99
-100
-93
-94
-90
-79
-74
-56
-52
-39
-40
-26
-21
-12
-2
-1
17
20
36
39
52
64
81
95
100
108
96
99
96
98
100
99
95
93
91
83
84
79
79
71
66
55
39
31
19
12
2
-4
-14
-17
-19
-26
-34
-48
-49
-54
-62
-70
-81
-90
-97
-104
-111
-114
-120
-119
-120
-120
-123
-131
-134
-129
-118
-113
-102
-102
-89
-85
-76
-69
-65
-54
-40
-23
-12
8
17
33
48
72
97
108
121
130
146
155
170
182
193
202
213
228
235
243
247
254
257
260
263
261
263
260
257
255
256
249
244
235
225
212
199
192
174
167
149
138
118
100
85
63
50
24
12
-14
-33
-54
-74
-90
-110
-119
-137
-146
-170
-184
-199
-212
-220
-233
-231
-239
-243
-257
-259
-255
-250
-240
-231
-218
-218
-208
-204
-193
-182
-171
-159
-147
-132
-119
-104
-93
-75
-62
-44
-27
-7
17
33
50
64
82
90
100
112
130
145
154
167
181
199
209
225
237
245
245
243
247
242
247
242
246
245
243
239
224
224
208
198
179
165
149
131
123
102
94
69
57
34
11
-7
-30
-42
-71
-85
-109
-121
-134
-148
-156
-174
-176
-192
-196
-209
-213
-220
-229
-230
-235
-230
-238
-235
-240
-232
-226
-225
-214
-209
-197
-196
-183
-175
-166
-158
-150
-131
-120
-102
-86
-64
-50
-33
-20
-7
13
32
55
65
78
93
105
117
130
142
155
170
182
191
192
192
195
196
202
207
206
200
192
182
175
167
158
141
125
116
106
99
89
78
60
49
37
30
18
0
-13
-28
-38
-53
-69
-78
-89
-100
-114
-125
-135
-144
-149
-157
-166
-178
-187
-198
-206
-207
-209
-209
-209
-205
-201
-195
-191
-192
-184
-179
-169
-164
-158
-146
-136
-119
-99
-75
-56
-39
-25
-9
8
23
40
50
62
72
88
102
114
124
136
144
154
169
178
189
189
193
194
194
188
184
190
188
188
184
186
182
175
168
158
148
131
125
112
97
87
78
72
57
46
30
15
1
-12
-26
-44
-63
-82
-95
-105
-114
-128
-137
-150
-166
-177
-180
-187
-195
-203
-209
-210
-211
-211
-207
-200
-196
-191
-183
-176
-168
-163
-155
-150
-145
-140
-133
-127
-117
-104
-92
-75
-61
-40
-29
-17
0
14
27
38
48
53
62
70
86
103
121
132
136
143
152
162
167
176
179
183
185
189
193
193
196
198
198
196
192
185
177
169
159
153
143
130
118
106
92
85
75
66
55
45
36
29
17
5
-2
-16
-28
-39
-44
-56
-65
-77
-87
-93
-102
-104
-111
-117
-124
-126
-128
-127
-130
-133
-134
-131
-126
-132
-135
-139
-138
-137
-134
-128
-124
-117
-112
-96
-84
-72
-60
-55
-43
-35
-26
-20
-9
1
8
13
23
38
46
59
64
69
72
74
82
84
91
94
95
96
102
111
117
120
115
107
98
94
93
93
89
82
79
74
73
69
71
70
69
62
51
44
39
39
37
35
29
18
11
8
6
0
-9
-14
-22
-31
-39
-46
-47
-52
-56
-60
-61
-57
-60
-58
-54
-51
-52
-51
-49
-45
-43
-43
-40
-38
-38
-36
-30
-24
-18
-15
-11
-8
-10
-8
-5
-2
-1
-3
-2
5
12
14
13
11
11
10
10
12
13
14
12
13
13
17
22
25
24
24
26
23
23
28
26
24
22
24
23
19
19
19
21
21
19
15
10
5
5
4
-1
-6
-11
-15
-19
-20
-18
-15
