0
-6
-1
2
-4
-9
-9
-7
-8
-3
3
0
-1
-2
-6
-10
-9
-11
-11
-4
-5
-7
-6
-5
-9
-13
-6
-9
-10
-1
0
-4
-4
4
4
5
6
4
3
7
7
6
9
7
0
3
14
14
9
16
18
8
6
12
9
9
13
9
9
13
9
-1
2
10
5
3
9
7
5
13
13
7
9
9
1
1
7
2
-1
7
6
2
9
14
6
4
5
2
2
9
8
0
7
10
8
9
17
17
3
5
7
0
-4
-7
-8
-4
7
4
-2
0
-2
-2
3
6
2
7
8
-3
-7
1
-1
-4
8
9
6
12
15
9
14
20
18
20
28
25
19
25
23
16
21
29
19
20
24
17
13
21
21
8
9
11
-1
-5
3
2
-4
2
3
-6
-2
1
-10
-11
-7
-12
-19
-13
-5
-14
-18
-16
-16
-17
-9
-9
-13
-1
1
-10
-6
-2
-13
-13
-4
-8
-11
-6
-1
-6
-3
7
0
1
6
1
-9
-8
-6
-17
-12
-6
-10
-11
-4
-14
-22
-13
-11
-16
-10
-1
-10
-16
-10
-8
-8
-3
3
3
6
7
1
-2
-3
-12
-8
1
-3
-6
-1
3
-3
2
7
2
5
4
4
0
5
0
-7
-5
-10
-19
-17
-7
-7
-6
-5
-11
-22
-25
-19
-22
-16
-8
-13
-13
-8
-9
-16
-8
-1
-6
-6
-2
-3
-4
0
-2
-7
-6
-3
-16
-16
-6
-5
-2
-2
0
-9
-13
-13
-12
-4
-1
-7
-11
1
-4
-11
0
19
19
19
28
30
32
25
29
29
40
43
40
54
62
60
51
60
61
56
51
39
31
30
36
27
24
29
24
9
5
12
14
3
0
-6
-13
-20
-30
-31
-33
-41
-53
-53
-55
-62
-71
-68
-68
-70
-70
-68
-68
-76
-80
-90
-87
-77
-82
-91
-83
-77
-75
-80
-80
-73
-74
-77
-92
-82
-66
-61
-63
-55
-36
-41
-24
-28
-19
-23
-13
-6
-12
-8
-8
4
-2
11
9
12
10
22
18
25
23
24
22
21
23
9
31
27
32
28
39
47
40
51
57
74
75
77
70
75
78
72
81
91
103
96
110
106
113
125
130
146
148
151
144
152
142
147
148
166
154
150
152
135
135
131
138
123
120
121
102
96
88
90
89
81
81
66
76
73
65
55
59
47
27
23
13
-8
-13
-16
-22
-21
-36
-38
-62
-48
-61
-73
-77
-86
-106
-129
-116
-128
-131
-131
-123
-144
-150
-149
-158
-154
-146
-139
-154
-139
-132
-139
-132
-125
-107
-105
-69
-82
-68
-65
-38
-33
-17
25
8
40
48
82
72
122
143
161
178
192
196
209
246
250
274
277
312
293
314
330
348
363
372
394
393
410
391
391
395
396
395
391
392
372
366
348
351
331
310
307
281
273
245
231
205
181
164
124
110
74
57
25
0
-31
-66
-91
-137
-167
-208
-240
-270
-302
-334
-373
-409
-430
-475
-488
-512
-531
-551
-589
-597
-635
-638
-681
-700
-710
-725
-734
-743
-723
-730
-695
-705
-683
-677
-653
-644
-607
-585
-544
-522
-482
-434
-394
-346
-314
-251
-216
-147
-125
-55
-40
41
31
159
143
270
250
365
398
421
549
481
677
582
747
647
800
749
836
843
851
934
870
977
897
990
921
1014
933
969
931
913
889
841
832
811
774
747
704
649
628
527
530
430
422
336
304
243
158
118
50
15
-59
-133
-179
-257
-344
-385
-454
-527
-612
-656
-750
-786
-880
-922
-959
-1053
-1081
-1174
-1214
-1293
-1345
-1373
-1408
-1432
-1449
-1495
-1471
-1486
-1504
-1446
-1443
-1392
-1371
-1322
-1256
-1219
-1151
-1090
-994
-921
-833
-743
-664
-620
-510
-425
-372
-211
-171
-46
16
87
198
232
371
324
497
505
565
693
612
838
727
871
859
952
930
979
1072
924
1145
950
1115
1039
1065
1103
1025
1126
1038
1061
970
1043
922
972
875
909
854
779
801
715
687
689
674
522
619
457
483
414
398
390
365
276
321
242
200
220
97
169
67
56
12
2
-84
-113
-176
-225
-285
-341
-401
-475
-515
-629
-638
-744
-799
-810
-920
-937
-989
-1070
-1125
-1168
-1202
-1226
-1224
-1243
-1208
-1226
-1201
-1210
-1200
-1133
-1129
-1051
-1057
-942
-892
-874
-765
-706
-634
-550
-475
-404
-317
-242
-224
-83
-63
48
89
170
287
202
465
242
582
416
528
636
514
710
568
810
585
903
628
878
801
771
929
804
873
882
902
775
1043
632
980
841
706
943
709
756
785
647
677
755
502
717
620
541
625
561
542
538
574
466
579
494
515
523
517
539
534
545
539
526
525
518
494
551
464
502
411
384
320
261
167
127
24
-68
-101
-280
-317
-474
-562
-694
-759
-896
-988
-1065
-1203
-1239
-1327
-1382
-1395
-1458
-1464
-1472
-1487
-1467
-1433
-1367
-1330
-1278
-1220
-1154
-1097
-991
-917
-860
-724
-662
-573
-447
-436
-312
-270
-207
-162
-97
-19
-33
89
114
97
219
152
177
295
84
406
157
319
402
264
497
284
633
309
745
442
638
752
571
828
768
811
878
921
796
1092
765
1151
860
1155
896
1097
1022
826
1162
704
1090
787
928
758
855
605
715
568
515
632
363
662
312
628
282
548
344
405
448
269
448
255
412
198
350
211
219
184
171
111
110
2
13
-66
-185
-216
-363
-425
-543
-645
-705
-817
-829
-944
-1051
-1083
-1275
-1248
-1421
-1386
-1505
-1566
-1547
-1626
-1587
-1654
-1552
-1625
-1518
-1512
-1447
-1387
-1325
-1308
-1160
-1082
-1011
-911
-813
-776
-656
-560
-544
-387
-342
-240
-169
-55
-142
167
-110
267
-11
453
103
489
371
423
694
321
964
349
929
473
899
535
916
652
807
750
815
817
691
1087
542
1088
520
945
655
734
688
715
639
721
613
565
699
365
709
270
668
325
603
447
478
585
377
616
353
627
447
638
407
711
444
706
574
601
763
553
845
573
800
511
633
359
532
262
365
228
163
176
2
-12
-247
-207
-466
-539
-649
-752
-867
-841
-1061
-928
-1182
-1222
-1315
-1487
-1417
-1562
-1582
-1583
-1609
-1648
-1628
-1637
-1616
-1720
-1515
-1717
-1448
-1560
-1439
-1404
-1433
-1173
-1395
-929
-1353
-708
-1147
-670
-825
-602
-477
-665
24
-819
271
-497
158
-50
259
271
261
674
148
891
403
765
909
706
1053
971
945
1143
954
1246
869
1447
739
1466
882
1182
1117
963
1133
894
1318
597
1407
522
1089
810
893
887
1048
918
869
1112
717
915
936
765
912
993
785
1029
814
739
922
576
768
745
622
780
679
649
580
660
461
606
451
389
334
413
130
302
158
-19
234
-121
-41
-122
-224
-325
-344
-580
-597
-666
-833
-803
-958
-940
-1120
-1090
-1312
-1307
-1328
-1572
-1504
-1615
-1648
-1709
-1571
-1775
-1606
-1735
-1612
-1828
-1636
-1686
-1678
-1390
-1678
-1155
-1505
-1147
-1140
-1060
-1088
-550
-990
-436
-301
-573
14
-233
104
-90
456
91
487
493
361
963
298
1141
757
852
1044
983
1029
1003
1424
883
1441
1212
1224
1270
1379
1187
1430
1286
1369
1299
1253
1239
1254
1123
1227
1242
970
1208
1034
976
1029
957
742
1086
639
1059
604
780
634
466
684
336
549
326
328
294
334
75
347
99
123
76
69
-123
28
-131
-30
-73
-32
-101
-38
-116
-285
-5
-359
-74
-208
-132
-303
-208
-410
-374
-367
-610
-483
-664
-690
-695
-891
-745
-1026
-943
-1107
-1147
-1215
-1371
-1229
-1374
-1376
-1290
-1481
-1322
-1384
-1467
-1315
-1562
-1304
-1470
-1108
-1455
-998
-1297
-924
-1238
-863
-989
-913
-488
-1030
-108
-923
10
-604
1
-301
-72
126
27
355
244
463
382
561
549
674
586
979
606
1118
724
1152
929
1065
1083
1198
1220
1144
1356
1046
1585
908
1529
934
1254
1156
933
1432
716
1384
807
992
754
894
537
937
511
599
687
192
603
103
243
26
178
-178
244
-288
100
-154
-79
-96
-316
-61
-429
-202
-357
-220
-377
-80
-331
-69
-143
-187
37
-428
46
-261
-95
-26
-209
-81
-183
-210
-219
-393
-427
-288
-662
-279
-764
-616
-679
-1016
-795
-1198
-1061
-1235
-1199
-1285
-1251
-1438
-1237
-1508
-1436
-1507
-1589
-1480
-1638
-1421
-1625
-1176
-1551
-1168
-1341
-1266
-1039
-1365
-821
-1090
-600
-843
-525
-395
-650
-107
-413
-14
-55
-63
481
196
455
662
482
880
641
928
997
1077
961
1317
1229
1036
1558
1077
1521
1367
1305
1610
1362
1464
1545
1476
1309
1563
1294
1389
1501
1077
1701
880
1553
1055
1223
1013
1064
1076
595
1127
464
986
378
714
313
518
138
274
212
-33
171
-200
83
-205
-299
-223
-277
-442
-262
-406
-203
-473
-244
-307
-394
-333
-303
-326
-249
-412
-285
-182
-624
-36
-587
-225
-329
-322
-353
-323
-373
-618
-403
-846
-556
-804
-775
-850
-999
-908
-1122
-1097
-1327
-1136
-1416
-1270
-1323
-1387
-1398
-1328
-1393
-1338
-1236
-1415
-960
-1516
-776
-1338
-863
-883
-938
-554
-828
-231
-709
117
-546
173
-89
-53
490
-50
617
462
555
557
999
472
1272
719
1346
1090
1172
1408
971
1718
1180
1811
1295
1727
1366
1616
1468
1664
1474
1544
1609
1290
1568
1436
1491
1146
1621
1034
1427
1238
1183
1110
885
869
838
606
959
676
477
537
180
568
-64
382
92
-199
58
-364
-219
-411
-513
-395
-680
-396
-608
-530
-511
-669
-627
-638
-721
-439
-798
-379
-626
-437
-579
-455
-469
-605
-237
-739
-199
-579
-310
-485
-263
-663
-265
-677
-413
-566
-630
-544
-818
-661
-955
-649
-1063
-757
-1063
-1059
-1197
-1005
-1133
-976
-1141
-1049
-1120
-1150
-1002
-1142
-1026
-1034
-935
-847
-648
-754
-560
-491
-716
-246
-512
-102
-44
-149
402
-125
537
65
598
369
745
888
402
1294
572
1418
868
1525
799
1342
1383
807
2183
444
2405
490
1921
1047
1373
1454
1149
1709
502
2148
274
1843
621
1201
1051
694
872
655
707
451
563
283
406
162
235
154
-104
92
-140
-311
-251
-527
-496
-485
-614
-620
-632
-915
-630
-1011
-543
-901
-807
-734
-1030
-863
-895
-759
-830
-765
-689
-745
-769
-500
-619
-527
-536
-385
-466
-619
-68
-638
-298
-135
-517
-69
-443
-40
-368
-248
-236
-459
-301
-503
-486
-526
-648
-437
-643
-638
-482
-779
-866
-519
-958
-817
-596
-998
-605
-829
-580
-743
-554
-568
-534
-610
-413
-333
-404
-229
-84
-433
-3
-182
221
102
112
593
-230
766
-39
1037
405
828
945
460
1315
427
1479
233
1622
603
1295
1188
795
1549
604
1455
762
1144
833
1221
868
1026
997
659
939
784
623
644
687
694
44
952
-146
707
4
260
147
-187
52
-279
142
-921
504
-1153
59
-617
-457
-582
-413
-803
-664
-389
-882
-341
-883
-535
-712
-517
-572
-595
-627
-646
-400
-304
-611
58
-776
-166
-523
-202
-426
-80
-387
-265
177
-495
84
-325
-336
-141
-93
-338
-139
-71
-244
-265
-181
-400
-126
-322
-219
-201
-472
-267
-378
-432
-531
-164
-603
-201
-354
-455
-179
-546
37
-713
167
-410
-115
-101
-266
113
-313
17
-159
473
-180
596
4
212
222
299
599
129
781
181
941
381
876
647
901
620
937
904
753
1358
722
1337
951
1108
1097
1054
1225
1003
1399
703
1082
995
886
1477
508
1404
356
1016
637
763
650
213
654
39
428
59
293
-381
244
-431
-279
92
-816
-17
-755
-519
-655
-642
-905
-775
-860
-945
-607
-1235
-437
-1212
-954
-789
-1063
-613
-969
-682
-888
-905
-755
-740
-760
-589
-579
-635
-2
-764
186
-476
-354
178
-582
284
-261
166
-204
79
127
187
106
65
342
52
441
276
49
157
244
172
286
124
317
64
178
243
54
306
247
23
393
-2
445
10
303
134
34
399
130
273
2
432
-21
364
199
245
764
-130
727
91
385
740
452
300
726
657
-140
1835
-1091
1724
-15
486
730
519
206
832
464
-56
1596
-867
1726
-288
811
-207
1223
-1179
1411
-559
340
663
-677
581
-356
272
-815
874
-1425
863
-1376
615
-1219
-97
-594
-900
-84
-1537
54
-1496
-574
-751
-635
-1247
-434
-1421
-826
-567
-1057
-560
-1146
-565
-1257
-445
-1166
-473
-1020
-769
-141
-1090
283
-908
318
-893
186
-263
199
-108
431
-136
-112
454
-184
1034
-95
512
44
397
200
727
194
691
289
459
97
666
309
469
500
114
272
397
193
83
481
-575
432
-141
-220
320
-345
-36
-17
-587
-113
-158
-288
-319
123
-580
-61
-132
-490
-163
-352
-126
-28
-268
-225
116
-710
487
-146
-685
362
-443
581
-359
429
-332
430
324
-85
1227
-618
798
-273
345
159
712
-315
1232
-728
133
525
-612
745
176
357
-23
359
-847
1103
-1111
717
-457
-144
-181
91
-284
-494
429
-1407
393
-876
190
-904
168
-698
-912
21
-623
-194
-678
80
-1002
313
-1074
360
-477
-390
387
-1189
-95
-410
97
-69
490
-392
-222
481
-280
713
-249
370
82
32
466
80
664
33
934
-68
687
632
777
68
558
356
255
994
221
1042
-59
564
269
141
597
247
227
59
324
-127
200
-18
-22
-429
-50
-20
-413
100
-384
-339
-436
-107
-705
-423
-540
-796
154
-955
279
-874
-627
-252
-508
-170
-200
-76
-619
823
-931
313
-165
-357
564
-207
170
708
-136
162
918
-562
844
304
-186
462
271
-119
858
115
27
634
-209
100
664
-329
990
26
-351
1045
-726
725
-132
175
-115
219
-277
35
510
-701
533
-528
119
90
-214
276
-407
486
-546
443
-635
-19
43
-282
452
-165
583
-497
980
-1105
745
-36
15
568
193
129
222
601
-248
1443
-28
722
523
187
870
907
243
1233
35
466
724
302
520
624
439
374
828
30
377
-57
386
-218
471
-613
302
-429
-395
-21
-873
320
-1210
81
-1008
-329
-469
-556
-986
-408
-914
-972
-56
-1744
196
-1305
-445
-1124
-515
-799
-647
-449
-607
-325
-654
-769
-174
-1094
-247
530
-1117
948
-846
14
264
65
321
579
-376
567
383
586
561
730
165
393
741
278
1170
118
597
210
762
489
556
592
351
430
214
368
329
-233
304
361
74
356
255
-242
569
-388
-60
728
-218
136
266
-485
287
250
-139
636
-304
-120
280
-261
456
446
-242
617
-269
666
685
72
577
483
924
90
1334
220
1066
647
618
1016
-161
1227
-74
933
424
383
165
538
-22
261
315
-523
374
-921
40
-919
-726
-736
-1177
-946
-1374
-1176
-1579
-1157
-1626
-1214
-1694
-1801
-1761
-1832
-1641
-1771
-1494
-1704
-1718
-1376
-1279
-1609
-958
-1456
-1146
-522
-1463
-805
-758
-792
-550
-81
-883
-73
-595
-465
828
-1260
1466
-861
458
7
327
498
179
1247
-581
1811
-688
1665
-191
1043
343
302
1085
431
1682
-284
1927
181
783
885
1368
467
997
1134
406
1587
29
1245
426
586
1871
47
1532
884
14
998
671
1095
513
1361
387
1078
457
1038
893
126
1126
505
989
451
1092
-120
1375
340
1253
1174
555
1423
-59
741
80
578
691
653
505
359
-283
-191
-645
-386
-78
-479
-598
-955
-1345
-1510
-1621
-1928
-1644
-2321
-1830
-2441
-2443
-2065
-2640
-2720
-2829
-2761
-2412
-2182
-2506
-1989
-2553
-2133
-2421
-2071
-1897
-1379
-1621
-1197
-1113
-1350
-825
-927
-697
-592
-14
-259
-6
-13
261
299
539
586
711
464
1168
742
1438
951
1794
930
1518
1520
930
1796
1187
2123
1506
2024
1210
1920
924
2318
1767
1725
2497
1523
1554
1816
1339
1800
1552
988
1872
1085
1468
1006
1450
131
1619
810
1055
1288
903
1260
326
1406
324
1108
722
1377
843
1153
1157
419
1175
829
1832
1160
2032
1523
376
768
295
570
981
1222
960
499
193
-127
-1037
-792
-798
-950
-926
-1339
-1652
-2243
-2431
-2688
-2900
-2599
-2810
-2922
-3122
-3456
-3382
-3776
-3730
-4037
-3507
-3345
-3090
-2706
-3094
-2537
-2914
-3041
-2276
-2585
-1535
-1175
-1310
-1227
-1090
-1672
-1298
-581
-538
676
324
426
78
-138
258
697
322
1194
995
629
1627
996
1281
1279
874
1896
1088
1753
2229
1634
2305
1136
1760
1426
2332
2029
2669
2402
2180
2349
1174
2343
1660
1991
2402
1880
1643
1895
1557
1680
2011
956
2249
1398
1382
2604
737
1849
980
820
1432
1599
1640
1789
1711
1543
1878
1461
2047
1648
1938
1943
1785
1370
758
1150
707
1332
1312
994
978
-388
-593
-893
-883
-661
-1160
-1848
-2405
-2972
-3190
-3487
-3344
-3760
-3926
-4296
-5018
-4872
-4991
-4683
-4583
-4623
-4822
-4609
-4728
-4432
-4006
-3878
-3572
-3629
-3511
-3391
-2591
-2030
-1805
-1328
-1621
-1465
-1288
-1021
-35
453
157
342
-153
121
783
540
1281
1132
1176
884
993
789
1274
1686
1812
1784
1546
1939
1422
1635
2244
2412
2045
2594
2287
2380
2165
2342
2279
2030
2513
2823
2348
2509
2282
1963
2463
1857
2613
2535
2195
1939
2240
1562
2145
1735
1372
2380
2001
2360
2317
2227
2131
1830
1780
2501
2586
3098
2993
2323
1309
999
1165
1456
2421
2330
1770
599
-448
-1324
-1081
-967
-605
-807
-2012
-2826
-3918
-4288
-4054
-4135
-4385
-4222
-5149
-5620
-5639
-5927
-5603
-5775
-5723
-5403
-5275
-5009
-4799
-4877
-4593
-4328
-4228
-3684
-2948
-2145
-1733
-1692
-1830
-1852
-1439
-786
-110
734
927
812
180
-116
557
699
1511
1601
1649
1056
902
1235
880
1756
1674
1966
1406
1324
1504
1296
1463
1986
1964
2002
1954
1386
1931
1761
2351
2647
2556
2432
2128
2352
2840
2536
2683
2922
2499
3075
3167
3004
2779
2127
2301
2458
2961
3582
3406
2978
2533
2493
2529
3342
3645
3792
3470
2656
2085
1203
1580
2105
2828
3207
2169
1335
46
-613
-563
-292
272
204
-1346
-2861
-3937
-4401
-3908
-4154
-3879
-4325
-4990
-5726
-6589
-6617
-6475
-6411
-6212
-6221
-6128
-5668
-6169
-6230
-5774
-5480
-4764
-4451
-3848
-2996
-2633
-2367
-2561
-2118
-1464
-966
-109
262
778
794
492
870
1295
1738
2059
1883
1947
1905
1793
2059
1706
2090
2017
2046
1848
1861
2094
1862
1941
1823
2127
2113
2123
1619
1960
2096
2031
2618
2489
2690
2191
2267
2299
2368
2853
2940
2966
2530
2745
2361
2615
2551
2885
3035
2982
3082
2554
2592
2572
2963
2794
3347
3226
2834
2288
1228
855
1239
1711
2452
2210
1392
265
-722
-942
-725
250
65
-281
-1853
-3150
-3646
-3769
-3429
-3154
-3231
-3607
-4501
-5576
-5544
-5694
-5381
-4965
-5043
-4889
-5068
-5601
-5838
-5804
-5177
-4476
-4171
-3614
-3314
-2952
-3010
-2903
-2412
-1908
-1065
-669
-366
-15
120
114
457
1026
1651
2054
2068
1852
1752
2022
2135
2466
2560
2581
2224
1770
1688
1833
2122
2266
2170
2037
1932
1654
1649
1489
1999
2191
2411
2414
2243
2110
1663
1479
1781
2204
2716
3065
2736
2491
2466
2135
2308
2678
3156
3545
3275
3051
3032
2656
2535
2784
2243
2238
1673
1250
1321
1546
1081
879
-313
-918
-1120
-1451
-870
-1548
-1919
-3029
-4054
-4506
-4245
-4127
-4113
-4582
-5340
-5443
-5951
-5601
-5336
-5053
-4819
-4893
-4811
-4895
-4664
-4431
-4285
-3704
-3175
-2793
-2284
-2534
-2096
-1727
-1439
-917
-644
-513
-4
113
490
1097
1077
1650
1310
1563
1672
1912
2037
2116
2144
2137
2236
1884
2264
2175
2471
2313
2322
2254
2037
2047
1864
1992
2048
2244
2244
2321
2048
1948
1842
1931
1957
2605
2609
2275
1937
1670
1607
1939
2480
2346
2738
2265
2270
2198
2369
2623
2983
2884
2699
2611
1811
1718
702
721
1226
1549
1192
375
-901
-1848
-1764
-1987
-1159
-1353
-2170
-3429
-4808
-5332
-4758
-4574
-4797
-5328
-6187
-6246
-6599
-6438
-5808
-5491
-5165
-5185
-5372
-4920
-4646
-4499
-4064
-3445
-2571
-1679
-1477
-1444
-1577
-1294
-850
-30
1176
1764
2035
1415
947
1405
2212
3005
3401
2989
2428
1932
1574
2070
2807
3071
3039
2274
1470
1578
1526
1778
2109
2242
2447
2355
1937
1890
2014
1891
2095
2223
2510
2642
2767
2384
2433
2424
2533
2705
2191
2640
2591
2675
2401
2349
2439
2752
2797
2842
3188
2911
2785
2248
2328
1768
1616
887
740
1090
1224
1125
-150
-1333
-2484
-2258
-2263
-1659
-1699
-2640
-4133
-5703
-6008
-5451
-4970
-5266
-5792
-6955
-7391
-7508
-7513
-6683
-6476
-6457
-6433
-6458
-6070
-5350
-4969
-5038
-4102
-3183
-2159
-1311
-1272
-1208
-763
-203
852
2340
2836
2976
2523
2089
2899
4140
5262
5450
4745
3890
3424
3320
4023
4777
4927
4326
3248
2410
2114
2575
2585
2647
2484
2258
2223
1940
1604
1521
1483
1513
1919
2044
2435
2305
1700
1792
2144
2315
2784
2504
2316
2611
2356
2667
2936
3026
3232
3244
3061
3181
3366
2943
2990
2437
1946
1779
949
1011
1146
967
320
-817
-2336
-2459
-2516
-2371
-1924
-2939
-3956
-5372
-6408
-6512
-5719
-5633
-5956
-6967
-8014
-8112
-8186
-7947
-7690
-7354
-7388
-7213
-7095
-6680
-6241
-6059
-5634
-4894
-3679
-2597
-2042
-2203
-1856
-1404
-532
676
1647
2353
2578
2303
2419
3129
4049
4904
5020
4895
4445
4451
4290
4664
4994
5088
4814
4098
3607
3436
3513
3303
3095
2748
2778
2466
2364
2154
2075
1906
1809
1766
1718
1963
1996
2061
2216
2380
2505
2240
2095
2014
2168
2496
2741
2741
2915
2782
2569
2627
2560
2950
3024
2913
2659
2191
1321
1093
543
789
1145
646
-203
-1259
-2429
-2430
-2265
-2157
-2058
-3266
-4330
-5530
-6069
-5822
-5295
-5645
-5992
-6898
-7363
-7277
-7435
-7068
-7010
-6855
-6689
-6461
-6162
-5806
-5666
-5544
-5141
-4285
-3333
-2472
-2034
-1927
-1631
-1392
-530
532
1386
2029
1774
1342
1596
2345
3393
4123
4257
3832
3487
3218
3530
4129
4213
4116
3355
2799
2930
3037
3144
2859
2227
1927
2085
2337
2740
2773
2278
1863
1614
1887
2184
2505
2454
2286
2344
2246
2224
2122
1875
2089
2362
2615
2920
2895
2323
2206
2221
2536
3278
3349
3330
2653
2399
1731
1537
1337
1078
1381
1102
533
-359
-1206
-2241
-1877
-2045
-1818
-1900
-3360
-4457
-5498
-5900
-5428
-5084
-5694
-5974
-7050
-7532
-7274
-7219
-6900
-6589
-6839
-6779
-6391
-6126
-5752
-5662
-5440
-4933
-3886
-3072
-2330
-2077
-1971
-1729
-1079
-180
821
1543
1639
1667
1746
2324
3051
3611
3732
3669
3501
3412
3524
3797
3784
3680
3355
2988
3132
3110
3088
2928
2413
2166
2183
2248
2352
2467
2276
2032
1897
1863
2089
2255
2179
2345
2493
2619
3062
2814
2649
2479
2459
2792
3168
3505
3668
3385
3108
3106
3149
3660
3801
3499
3178
3151
2385
2276
1701
1198
1372
1128
830
335
-575
-1711
-2032
-2678
-2357
-2296
-3116
-4173
-5272
-6138
-6061
-5652
-5882
-5939
-6687
-7399
-7443
-7403
-7179
-6588
-6652
-6520
-6055
-5906
-5347
-4983
-4723
-4145
-3334
-2543
-1772
-1334
-1004
-994
-599
-24
870
1751
2214
2395
2220
2400
2595
3021
3100
3266
3329
3085
2965
2860
2608
2499
2278
1890
2130
2120
2096
1946
1437
1172
1116
1363
1530
1880
1795
1708
1683
1426
1957
2235
2478
2789
2835
2816
3004
2643
2698
2622
2727
3192
3422
3554
3414
3491
3084
3596
3273
3447
3525
3102
3036
3190
2301
2024
1541
532
1162
746
599
140
-960
-2261
-2106
-2583
-2416
-2150
-3657
-4448
-5425
-6192
-5737
-5383
-5860
-5627
-6472
-7050
-6710
-6935
-6752
-6208
-6216
-5843
-4993
-4844
-4290
-3902
-3923
-3144
-2115
-1481
-576
-235
-477
-228
235
1013
2227
2917
2902
2847
2437
2542
3114
3684
3875
3710
3231
2792
2759
2713
2640
2353
1708
1090
1021
1000
1103
1242
867
566
436
480
718
982
897
978
1141
1091
1588
1710
1898
1877
1961
1957
2335
2499
2395
2481
2541
2809
3149
3283
2989
3004
2532
2662
2597
2581
2631
2436
2217
2163
2290
1767
1441
395
-469
-417
-316
-162
-487
-1673
-2693
-3030
-3225
-2655
-2649
-3293
-4292
-5538
-6249
-5998
-5452
-5300
-5211
-6004
-6440
-6594
-6742
-6387
-5871
-5307
-4459
-4001
-3851
-3516
-3548
-3360
-2788
-1779
-733
38
99
56
153
715
1655
2545
3134
3130
2838
2399
2277
2573
3261
3712
3769
3418
2840
2390
2076
1708
1881
1746
1393
1157
613
475
683
612
721
642
382
496
353
308
661
926
1182
1501
1607
1651
1793
1650
1701
2098
2354
2843
2946
2824
2632
2578
2390
2712
2631
2668
2748
2302
2303
2258
2304
2463
2708
2270
1744
664
-147
-566
-713
-248
-108
-506
-1300
-2336
-3138
-3017
-3064
-2745
-3110
-4153
-4870
-5657
-5691
-5198
-4936
-4851
-5135
-5839
-6093
-6161
-5925
-5279
-4681
-4074
-3598
-3442
-3360
-3091
-2744
-2124
-1247
-629
59
320
521
850
1270
1742
1996
2059
2222
2550
2710
3056
3189
3012
3034
2831
2757
2708
2380
1983
1505
1133
1072
1291
1222
1272
949
729
682
713
836
916
829
673
680
837
1298
1651
1987
2004
1957
1951
2124
2487
2626
3007
2864
3006
2804
2962
3031
3055
3074
2709
2735
2509
2889
2678
2918
2520
2297
1857
1725
1220
663
215
-654
-579
-721
-486
-780
-1499
-2970
-3852
-4147
-4036
-3356
-3647
-4303
-5204
-6225
-6391
-5889
-5290
-4784
-5226
-6053
-6575
-6646
-6059
-5093
-4252
-3589
-3273
-3292
-3197
-2898
-2178
-1417
-671
-217
78
172
602
1071
1818
2379
2392
2162
1947
2260
2721
3367
3568
3461
2895
2210
1797
1769
1850
1979
1732
1336
1157
862
807
747
715
662
690
661
695
903
1090
1391
1506
1724
1933
2280
2420
2495
2598
2675
2737
2965
3063
3350
3584
3540
3559
3554
3463
3482
3597
3165
3340
2846
2670
2607
2579
2561
2747
2183
1889
1556
403
287
-596
-759
-496
-439
-824
-1444
-2858
-3861
-3993
-4303
-3338
-3118
-3555
-4293
-5730
-6626
-6475
-6154
-5527
-5053
-5577
-5774
-6189
-6416
-5759
-4924
-3999
-3148
-3096
-3141
-2888
-2624
-1998
-1033
-430
170
304
304
641
1209
1790
1935
1783
1235
1423
1635
2382
2762
2746
2188
1321
662
585
1134
1468
1586
863
221
-527
-665
-455
162
623
834
687
420
563
798
1317
1686
1991
2138
2284
2158
2391
2603
3119
3541
3739
3806
3695
3580
3411
3501
3431
3801
3679
3613
3200
2775
2470
2579
2462
2604
2701
2282
2381
1610
1757
1281
1094
512
-92
-823
-1117
-968
-814
-684
-1581
-2348
-3418
-3693
-3672
-3205
-3296
-3498
-4441
-5599
-6218
-6607
-6021
-5377
-5080
-5006
-5178
-5634
-5777
-5759
-5089
-4030
-3074
-2605
-2267
-2139
-2002
-1662
-1289
-705
18
512
786
1130
1067
1374
1266
1241
1270
1547
1873
1990
1842
1331
875
330
55
33
218
163
-8
-594
-1174
-1417
-1448
-1026
-459
56
403
399
124
144
505
959
1631
1995
2202
2486
2609
2867
3292
3602
3844
3991
3762
3793
3862
3944
4304
4284
4169
3686
3193
2823
2664
2744
2647
2704
2399
2205
1856
1726
1722
1870
1941
1416
1031
64
-534
-1042
-976
-454
21
-39
-866
-1875
-2874
-3137
-3088
-2819
-2621
-2627
-3414
-4492
-5440
-5849
-5416
-4955
-4570
-4309
-4349
-4611
-5054
-5138
-4635
-3575
-2769
-2216
-1970
-1940
-1853
-1883
-1459
-844
125
619
691
668
862
1199
1328
1144
799
839
867
1078
1222
1430
1220
699
-309
-891
-879
-582
-297
-389
-476
-651
-722
-975
-713
-285
406
704
737
737
1061
1343
1395
1487
1663
2214
2549
2661
2726
3063
3041
3157
2601
2552
2720
3067
3206
2927
2865
2447
1958
1443
1604
1805
2310
2241
2292
2036
1865
1714
1604
1762
2075
2476
2357
2106
1730
1401
811
626
880
1614
1994
1777
1061
309
-321
-804
-1034
-1307
-1350
-1757
-2361
-3100
-3490
-3606
-3636
-3873
-4017
-3973
-4001
-4168
-4509
-4368
-4058
-3559
-3382
-3238
-3065
-2931
-2605
-2318
-1826
-1303
-949
-939
-944
-873
-536
-117
64
317
469
482
309
59
-96
168
330
507
539
430
228
78
-49
-54
299
444
688
779
685
676
558
350
464
672
1147
1518
1300
1090
729
618
527
635
982
1269
1461
920
565
212
-15
225
369
819
1116
1199
933
186
-216
-205
452
847
1102
1213
934
798
608
765
1109
1569
1689
1753
1661
1891
2132
2390
2617
2733
3167
3044
2917
2216
1786
1632
1684
2002
2206
2264
1856
1359
731
438
317
188
-91
-439
-848
-1141
-1365
-1666
-1852
-2200
-2643
-3158
-3551
-3736
-3639
-3451
-3227
-3189
-3409
-3734
-4039
-4073
-3737
-3375
-2989
-2745
-2758
-2611
-2597
-2286
-1872
-1308
-921
-740
-645
-674
-484
-327
88
673
1003
1140
887
409
315
405
834
1052
1119
961
727
854
580
633
443
108
75
-63
115
423
466
300
62
-102
-42
104
55
7
-10
-52
205
324
392
315
190
95
459
883
850
638
180
369
804
1388
1693
1313
892
510
641
992
1420
1497
1297
1289
1357
1692
1700
1525
1402
1695
2231
2536
2539
2418
2701
2854
3073
2751
1950
1246
1051
1519
2187
2650
2277
1464
446
-305
-637
-721
-884
-1161
-1731
-2402
-2861
-3256
-3470
-3582
-3755
-3972
-4343
-4794
-5122
-5120
-4681
-4032
-3303
-3162
-3191
-3364
-3334
-2936
-2421
-1712
-1191
-796
-639
-286
40
326
562
570
504
544
736
967
1126
1125
1231
1236
1195
1136
984
657
424
333
412
618
521
338
310
209
435
636
208
-2
-250
-60
612
1176
1294
1155
674
490
1122
1155
1115
785
298
186
505
622
586
148
-591
-620
-525
-551
-458
-612
-800
-297
-1
237
-24
-604
-700
-240
460
925
1022
685
501
736
1318
2053
2322
2026
1892
2004
2486
2966
3063
2820
2469
2534
2745
2777
2476
1682
1109
654
531
1083
1434
1452
846
-7
-711
-1136
-1263
-1211
-1214
-1534
-1962
-2391
-2643
-2746
-2536
-2312
-2189
-2269
-2410
-2559
-2846
-2810
-2448
-1789
-1244
-1100
-1191
-1498
-1782
-1799
-1435
-849
-341
-127
-262
-479
-487
-314
-223
-400
-585
-549
-229
-117
23
237
625
855
816
582
368
352
370
505
591
788
770
790
427
335
564
568
286
-107
-426
-470
-156
1
163
-106
-367
-847
-1064
-1168
-701
-436
-791
-723
-1002
-775
-661
-461
-463
-56
-13
41
37
-119
702
1438
2004
2013
1869
1421
1531
2092
2530
3173
3179
2847
2632
2371
2607
3023
3081
3146
3089
2851
2483
2379
2157
2293
2606
2507
2473
2132
1789
1598
1204
569
348
175
443
793
887
706
120
-570
-1189
-1408
-1500
-1549
-1658
-2116
-2561
-2774
-2905
-2858
-2927
-3123
-3356
-3607
-3839
-3842
-3629
-3339
-2900
-2585
-2282
-2094
-2127
-2203
-2039
-1605
-981
-374
-237
-259
-192
59
407
608
482
198
-113
-311
-333
-108
32
118
-49
-271
-424
-758
-1167
-1681
-1958
-1948
-1641
-1434
-1450
-1607
-1742
-1719
-1654
-1591
-1479
-1317
-1107
-936
-553
-158
109
228
289
548
813
1106
1246
1566
1969
2476
2746
2653
2519
2496
2691
2763
2970
3000
3141
3247
3272
3398
3265
3207
2843
2649
2655
2790
2771
2307
1726
1499
1908
2348
2668
2502
2379
2359
2693
3043
3199
3116
2737
2621
2435
2375
1741
601
-631
-1262
-838
81
677
311
-856
-2238
-3320
-3857
-4117
-4411
-4807
-5165
-5266
-5150
-5065
-5226
-5566
-5953
-6053
-5900
-5623
-5437
-5215
-4732
-3868
-2888
-2208
-2040
-2322
-2559
-2410
-1793
-951
-206
345
687
888
1044
959
612
109
-406
-615
-716
-652
-776
-924
-963
-925
-660
-763
-1131
-1804
-2262
-2348
-1980
-1392
-841
-386
-130
9
193
374
453
537
729
1205
1991
2698
3155
3206
3058
3003
3018
3081
3017
3071
3001
3106
3106
2947
2664
2434
2270
2360
2572
2657
2723
2533
2557
2814
3330
3624
3692
3332
2964
2835
3048
3318
3702
3643
3518
3500
3575
4113
4415
4794
4719
4642
4347
3903
3079
1614
145
-1175
-1692
-1548
-1329
-1402
-2320
-3520
-4832
-5641
-6178
-6577
-7061
-7882
-8478
-8800
-8568
-8072
-7451
-7049
-6590
-6248
-5861
-5673
-5661
-5408
-4783
-3474
-2097
-933
-391
-364
-440
-425
-79
312
647
905
1144
1538
1902
2034
1728
987
110
-726
-1325
-1712
-1923
-1790
-1358
-676
-121
-12
-377
-986
-1486
-1633
-1407
-943
-360
333
1257
2178
2967
3263
3040
2643
2374
2582
3051
3579
4032
4361
4612
4691
4616
4196
3580
2895
2209
1697
1372
1382
1589
2035
2339
2562
2355
1907
1431
1190
1531
2130
2953
3349
3829
3904
4190
4323
4478
4643
4741
4947
4885
5071
4908
5101
5098
5273
5071
4402
2902
674
-1475
-3261
-3688
-3680
-3273
-3601
-4450
-5614
-6696
-7463
-8250
-8841
-9644
-10245
-10612
-10418
-9599
-8360
-6973
-5643
-4654
-4081
-4000
-4249
-4318
-3855
-2584
-850
863
2127
2773
2994
2873
2650
2419
2085
1789
1453
1342
1442
1713
1815
1631
999
126
-824
-1866
-2685
-3365
-3413
-3113
-2320
-1674
-1205
-1019
-1141
-1185
-1129
-708
-282
208
696
1333
2097
2851
3390
3705
3720
3662
3534
3309
2994
2669
2469
2345
2363
2393
2400
2202
1732
1101
314
-354
-827
-920
-620
-82
631
1157
1571
1760
2014
2318
2544
2825
2968
3305
3650
4153
4882
5599
6401
6746
7101
6858
6711
6353
6062
6011
5395
4759
3047
1203
-882
-2345
-2975
-3406
-3431
-4160
-4880
-5969
-6815
-7485
-7997
-8435
-8861
-9157
-9395
-9378
-9042
-8118
-6828
-5040
-3560
-2369
-1839
-1614
-1310
-918
-219
519
1306
1907
2380
2823
3115
3370
3380
3152
2679
1894
942
-5
-783
-1219
-1392
-1480
-1691
-2146
-2721
-3422
-3963
-4482
-4634
-4666
-4519
-4132
-3683
-2979
-2382
-1672
-1108
-423
224
725
1139
1268
1323
1449
1740
2178
2676
2994
3207
3119
2931
2642
2294
1877
1331
892
424
-28
-459
-816
-934
-872
-637
-312
-73
188
299
365
637
965
1885
2571
3563
4171
4834
5510
5837
6584
6638
7244
7036
7238
7091
7027
7250
7167
7610
7352
6995
5717
3625
1343
-929
-2373
-3185
-3851
-4348
-5241
-5876
-6448
-6761
-6758
-6937
-7017
-7603
-8244
-8978
-9485
-9274
-8486
-6975
-5076
-3251
-1686
-613
-31
396
745
1305
1684
1862
1777
1455
1423
1530
1998
2511
2767
2727
2115
1303
363
-645
-1570
-2430
-3124
-3663
-4158
-4580
-4811
-4713
-4259
-3735
-3254
-3089
-3178
-3353
-3487
-3282
-2764
-1872
-793
368
1399
2308
2926
3268
3362
3101
2813
2311
1961
1588
1346
1315
1203
1261
1168
1086
811
182
-476
-1257
-1839
-2372
-2732
-2818
-2552
-1877
-957
-26
696
1348
1832
2554
3202
3924
4542
4994
5533
5871
6588
7192
7881
8444
8772
8949
8798
8473
7888
7505
7128
6973
6587
5923
4706
3099
1098
-818
-2493
-3829
-4620
-5513
-6071
-6701
-6884
-6797
-6454
-6213
-6200
-6236
-6549
-6808
-7085
-7043
-6480
-5415
-4007
-2557
-1294
-263
450
1069
1550
1961
2225
2170
1897
1367
849
529
350
481
585
585
432
-17
-531
-1204
-1711
-2380
-3007
-3703
-4264
-4668
-4765
-4527
-3972
-3147
-2675
-2116
-2190
-1866
-1705
-1221
-625
-251
351
647
1174
1507
1962
2211
2411
2353
2152
1699
1209
601
53
-330
-663
-751
-1073
-1276
-1627
-1811
-1920
-1955
-1938
-1912
-1793
-1643
-1261
-750
75
928
1922
2707
3488
4266
4975
5887
6533
7275
7841
8286
8583
8522
8404
8038
7711
7355
6826
6477
5995
5812
5580
5355
5142
4583
3952
2946
1813
562
-903
-2408
-3908
-5013
-5545
-5836
-5760
-5742
-5431
-4919
-4457
-3981
-3894
-3675
-3743
-3922
-4227
-4619
-4545
-4204
-3519
-2768
-2044
-1275
-825
-568
-486
-519
-427
-603
-925
-1471
-1967
-2367
-2641
-2602
-2417
-2131
-2023
-2073
-2266
-2357
-2386
-2344
-2313
-2212
-2097
-2190
-2245
-2277
-1903
-1373
-771
-321
-101
137
176
289
402
561
682
659
578
464
292
110
-168
-379
-440
-380
-291
-310
-324
-496
-643
-852
-1092
-1254
-1354
-1206
-935
-458
129
762
1439
2104
2685
3014
3207
3302
3475
3709
4052
4512
5063
5659
6097
6493
6721
6828
6880
6563
6170
5302
4454
3538
2744
2380
1938
2116
1985
2281
2296
2409
2456
2266
2165
1638
1086
248
-691
-1813
-2622
-3365
-3344
-3467
-3249
-3171
-3022
-2614
-2495
-2135
-2274
-2248
-2854
-3634
-4692
-5620
-6083
-6239
-5972
-5527
-4951
-4459
-3907
-3596
-3126
-2735
-2307
-1999
-1931
-1936
-2099
-2152
-2260
-2195
-2015
-1637
-1175
-668
-101
401
882
1044
1075
771
285
-323
-1024
-1437
-1684
-1699
-1633
-1495
-1275
-1198
-1024
-968
-884
-835
-876
-956
-1147
-1171
-1123
-863
-535
-26
505
898
1102
1079
1091
1090
1255
1401
1630
1818
1957
2155
2288
2524
2742
2943
3018
2885
2722
2532
2415
2498
2673
2984
3300
3517
3663
3764
3970
4088
4379
4328
4356
4147
3753
3464
2687
2618
1907
2038
1797
1858
2220
2198
2858
2766
3428
3415
3631
3366
2881
2183
1109
-88
-1259
-2214
-2939
-3321
-4003
-4092
-4480
-4137
-3915
-3591
-3427
-3710
-4033
-4975
-5752
-6683
-7184
-7407
-7392
-7118
-6647
-5996
-5002
-3874
-2741
-1669
-923
-454
-388
-427
-614
-828
-1015
-1133
-1071
-946
-652
-291
211
744
1106
1311
1149
890
397
-171
-771
-1384
-1718
-2043
-2104
-2062
-1791
-1364
-846
-280
235
704
964
1133
1217
1397
1518
1749
1934
2146
2319
2535
2720
2865
3044
3123
3152
2977
2764
2386
2106
1818
1663
1463
1215
967
689
641
627
822
993
1300
1414
1518
1578
1716
1978
2216
2562
2682
2798
2670
2593
2561
2492
2556
2498
2396
2325
2014
2043
1796
2090
2382
2692
3164
3011
3258
2884
2955
2762
2537
2363
1770
1282
264
-748
-1784
-2659
-3077
-3427
-3794
-4052
-4504
-4730
-4994
-5150
-5242
-5485
-5670
-6138
-6471
-6858
-6943
-6684
-6370
-5779
-5294
-4740
-4176
-3622
-2919
-2200
-1445
-828
-469
-311
-373
-364
-300
-113
271
552
937
1191
1402
1617
1687
1793
1704
1563
1291
909
595
336
325
387
556
740
930
1105
1297
1440
1652
1741
1788
1803
1712
1714
1492
1416
1277
1371
1419
1478
1568
1544
1489
1175
923
633
398
142
-27
-177
-218
-212
-199
-82
87
258
360
471
572
768
942
1146
1386
1513
1683
1797
1889
1942
1918
1945
1911
2022
2065
2206
2308
2448
2552
2596
2646
2574
2576
2408
2391
2273
2271
2248
2229
2187
2106
1966
1643
1309
865
371
-137
-873
-1609
-2375
-3094
-3598
-4159
-4641
-5067
-5403
-5659
-5952
-6146
-6265
-6281
-6304
-6425
-6439
-6494
-6327
-6092
-5674
-5102
-4421
-3635
-2919
-2221
-1600
-1074
-520
11
496
1025
1427
1819
2047
2226
2389
2391
2458
2464
2421
2370
2177
1999
1805
1708
1737
1704
1767
1689
1569
1309
940
646
357
121
-120
-345
-476
-562
-612
-497
-353
-43
171
427
591
693
795
806
883
891
939
825
696
546
478
497
594
749
823
877
820
775
732
716
737
805
860
863
828
847
870
898
980
1042
1137
1144
1146
1169
1198
1299
1408
1492
1599
1597
1676
1707
1788
1958
2032
2216
2225
2307
2334
2247
2217
2149
2035
1996
1772
1587
1389
1000
723
129
-357
-1195
-2035
-2914
-3805
-4364
-5145
-5578
-6119
-6477
-6638
-6872
-6828
-6727
-6531
-6202
-5992
-5680
-5420
-5168
-4688
-4244
-3538
-2865
-2112
-1329
-714
42
740
1454
2161
2688
3161
3447
3558
3653
3581
3533
3418
3244
3116
2894
2710
2405
2097
1806
1480
1269
1016
756
502
263
66
-187
-409
-607
-766
-871
-892
-774
-547
-247
104
476
751
991
1094
1173
1213
1224
1252
1168
1112
954
838
726
628
632
643
737
780
798
795
783
802
832
927
1005
1073
1107
1124
1136
1123
1091
1094
1080
1049
973
880
851
815
854
851
891
939
966
988
946
970
909
935
900
882
822
800
732
794
790
816
841
677
650
289
260
-169
-329
-719
-1100
-1517
-2318
-2921
-3788
-4271
-4848
-5191
-5508
-5669
-5729
-5721
-5555
-5325
-4963
-4616
-4191
-3942
-3548
-3256
-2802
-2314
-1791
-1131
-583
89
676
1296
1919
2543
3143
3646
3969
4184
4227
4152
3942
3658
3445
3102
2769
2361
2025
1718
1391
1222
998
912
751
574
450
250
211
83
71
71
33
26
-103
-111
-82
63
259
448
710
934
1123
1217
1260
1243
1169
1019
786
514
245
49
-87
-100
-38
45
233
399
555
721
825
965
1013
982
840
615
405
118
-114
-319
-444
-503
-558
-542
-543
-540
-497
-520
-513
-554
-702
-888
-1139
-1269
-1430
-1451
-1363
-1224
-985
-854
-649
-492
-356
-137
19
198
365
333
439
374
394
420
317
424
224
225
-79
-326
-638
-1035
-1318
-1774
-2035
-2428
-2754
-3013
-3187
-3205
-3132
-3103
-2884
-2747
-2542
-2354
-2194
-1814
-1610
-1209
-946
-612
-204
126
632
1091
1690
2249
2716
3115
3335
3468
3495
3402
3287
3092
2873
2600
2327
2171
2043
1997
2009
2023
2015
1955
1852
1687
1460
1173
836
526
141
-253
-636
-872
-1024
-1037
-1015
-921
-776
-677
-502
-412
-214
-125
-44
-66
-109
-136
-227
-226
-229
-102
-10
92
170
268
367
412
468
501
509
376
170
-61
-333
-614
-868
-1121
-1300
-1523
-1670
-1812
-1862
-1893
-1944
-1959
-2045
-2092
-2252
-2355
-2485
-2504
-2506
-2418
-2259
-2039
-1739
-1440
-1002
-511
-12
480
943
1372
1738
1998
2354
2532
2782
2817
2880
2798
2682
2512
2275
2073
1698
1370
901
461
-52
-474
-915
-1288
-1681
-1941
-2219
-2504
-2697
-2852
-2880
-2879
-2771
-2651
-2412
-2167
-1841
-1482
-1007
-492
68
688
1200
1646
2016
2376
2641
2889
3091
3239
3319
3325
3290
3201
3119
3026
2920
2770
2581
2345
2069
1754
1439
1152
889
638
331
37
-319
-686
-995
-1281
-1501
-1686
-1781
-1840
-1918
-1961
-1991
-1907
-1808
-1650
-1548
-1386
-1238
-1095
-930
-796
-621
-476
-320
-269
-212
-200
-149
-107
-33
54
69
45
-36
-170
-342
-568
-835
-1104
-1385
-1654
-1923
-2079
-2203
-2279
-2349
-2379
-2383
-2375
-2296
-2184
-1957
-1670
-1320
-949
-524
-104
323
764
1252
1711
2094
2466
2707
2996
3199
3448
3659
3834
3965
4021
4004
3985
3827
3737
3562
3377
3116
2708
2284
1634
1054
275
-343
-1054
-1612
-2195
-2711
-3127
-3444
-3581
-3656
-3571
-3458
-3189
-2992
-2720
-2479
-2146
-1825
-1521
-1203
-884
-553
-284
38
381
816
1244
1702
2147
2571
2874
3065
3179
3216
3136
2940
2715
2410
2123
1815
1559
1343
1181
1039
867
668
413
103
-243
-598
-985
-1340
-1688
-2002
-2285
-2522
-2695
-2785
-2777
-2662
-2514
-2287
-2022
-1740
-1500
-1266
-1041
-806
-580
-432
-262
-140
-46
-15
43
130
167
219
237
251
224
176
119
4
-104
-242
-414
-604
-790
-935
-1098
-1199
-1291
-1327
-1322
-1320
-1246
-1122
-940
-757
-526
-292
-57
155
365
582
779
1006
1223
1415
1606
1747
1920
2012
2155
2228
2324
2400
2449
2497
2452
2446
2365
2325
2204
2062
1905
1694
1453
1214
952
644
315
-28
-334
-651
-912
-1177
-1385
-1566
-1717
-1838
-1917
-1927
-1895
-1822
-1716
-1625
-1520
-1407
-1289
-1116
-945
-721
-512
-292
-59
143
380
613
854
1117
1340
1523
1674
1795
1879
1939
1969
1952
1851
1682
1446
1144
801
390
-8
-438
-819
-1208
-1544
-1831
-2088
-2295
-2511
-2669
-2889
-3037
-3195
-3293
-3360
-3326
-3180
-2970
-2633
-2236
-1756
-1275
-749
-235
231
627
929
1180
1287
1346
1344
1305
1260
1202
1208
1207
1213
1190
1149
1077
916
709
373
-7
-431
-857
-1293
-1656
-1940
-2135
-2194
-2198
-2082
-1917
-1681
-1473
-1221
-961
-704
-474
-269
-55
141
355
583
869
1173
1515
1861
2222
2587
2936
3241
3502
3645
3762
3663
3571
3333
3158
2922
2693
2565
2332
2294
2036
2085
1813
1814
1522
1308
956
461
70
-556
-904
-1523
-1846
-2321
-2499
-2708
-2725
-2669
-2540
-2320
-2156
-1900
-1810
-1594
-1563
-1409
-1387
-1266
-1153
-1032
-817
-653
-374
-148
143
411
656
858
1001
1079
1088
1004
836
617
322
1
-355
-718
-1063
-1390
-1662
-1909
-2056
-2158
-2188
-2149
-2045
-1884
-1744
-1536
-1374
-1186
-1011
-814
-594
-380
-136
100
395
676
1048
1380
1740
2064
2344
2564
2675
2708
2582
2373
2023
1617
1122
627
112
-356
-785
-1144
-1421
-1650
-1788
-1884
-1906
-1899
-1852
-1798
-1727
-1652
-1574
-1486
-1363
-1202
-1028
-798
-542
-222
94
439
801
1132
1461
1739
1996
2151
2304
2375
2433
2446
2462
2443
2401
2371
2292
2233
2107
2037
1894
1807
1641
1536
1373
1241
1116
949
886
730
693
531
466
324
180
-14
-276
-526
-880
-1186
-1557
-1853
-2178
-2442
-2663
-2812
-2866
-2887
-2826
-2758
-2610
-2495
-2322
-2195
-2044
-1885
-1734
-1537
-1338
-1080
-817
-490
-168
216
556
924
1243
1530
1751
1876
1948
1910
1821
1615
1430
1205
974
734
496
337
181
108
33
36
57
91
130
146
167
139
115
27
-35
-99
-157
-202
-210
-153
-68
71
249
464
679
837
962
1024
1033
956
801
621
346
59
-255
-534
-797
-1018
-1164
-1277
-1331
-1366
-1354
-1340
-1308
-1275
-1251
-1214
-1204
-1163
-1115
-1020
-896
-740
-538
-339
-80
170
437
659
882
1058
1190
1259
1280
1291
1237
1199
1101
1043
938
880
819
790
768
727
727
659
641
530
469
333
223
122
-11
-92
-223
-222
-303
-256
-261
-209
-173
-185
-158
-267
-301
-506
-589
-805
-948
-1124
-1264
-1340
-1435
-1379
-1358
-1191
-1088
-829
-652
-407
-223
-32
144
248
380
408
492
463
509
526
605
688
771
893
995
1124
1211
1292
1313
1319
1272
1184
1039
847
628
399
179
-14
-178
-307
-386
-422
-438
-438
-405
-365
-321
-313
-309
-345
-407
-446
-514
-545
-600
-599
-583
-534
-447
-358
-235
-132
-32
17
67
40
-21
-141
-271
-420
-567
-696
-820
-887
-938
-913
-885
-825
-744
-665
-589
-542
-500
-481
-466
-486
-498
-514
-539
-541
-546
-521
-501
-449
-409
-349
-300
-242
-179
-136
-75
-18
40
99
140
178
225
274
296
323
337
368
351
346
335
343
360
362
412
460
560
649
776
894
1069
1182
1322
1410
1475
1512
1477
1430
1301
1202
1004
827
599
414
238
36
-110
-266
-344
-458
-505
-569
-577
-598
-617
-627
-626
-595
-567
-480
-417
-287
-145
41
240
448
666
878
1081
1247
1372
1447
1486
1469
1400
1300
1181
1039
877
719
562
407
237
90
-64
-205
-371
-523
-691
-816
-952
-1066
-1115
-1151
-1106
-1065
-942
-825
-652
-488
-327
-169
-50
76
116
160
141
149
109
63
22
-19
-48
-133
-175
-254
-312
-416
-519
-654
-804
-969
-1150
-1313
-1468
-1573
-1655
-1657
-1615
-1495
-1346
-1162
-970
-751
-540
-354
-226
-136
-64
-48
-43
-76
-84
-113
-100
-108
-65
-13
80
144
191
223
259
277
239
199
137
137
76
86
80
187
271
436
601
820
1063
1296
1555
1741
1965
2101
2241
2293
2360
2345
2309
2208
2107
1997
1832
1686
1480
1351
1180
1046
867
706
573
436
340
218
185
138
147
121
133
150
222
291
339
407
455
534
536
548
502
485
429
373
275
175
71
-64
-192
-336
-480
-640
-801
-984
-1145
-1313
-1475
-1644
-1739
-1815
-1881
-1932
-1952
-1924
-1869
-1771
-1675
-1558
-1416
-1268
-1117
-999
-872
-765
-674
-634
-616
-590
-579
-590
-625
-628
-652
-664
-694
-717
-724
-730
-756
-815
-852
-875
-877
-896
-907
-902
-864
-827
-802
-750
-684
-603
-535
-460
-384
-313
-260
-234
-210
-187
-162
-158
-144
-122
-97
-82
-84
-80
-67
-19
-3
12
37
78
115
161
223
327
473
620
757
918
1100
1287
1457
1618
1780
1900
2002
2041
2093
2095
2101
2053
2034
2009
1997
1980
1936
1935
1888
1879
1799
1721
1586
1462
1297
1117
912
712
545
366
244
143
100
58
68
95
155
203
211
215
192
155
49
-96
-275
-471
-659
-873
-1090
-1286
-1444
-1591
-1708
-1803
-1853
-1880
-1907
-1914
-1924
-1913
-1950
-1981
-1998
-1996
-1996
-2026
-2018
-1990
-1915
-1855
-1756
-1626
-1440
-1237
-1066
-886
-721
-527
-382
-235
-111
13
92
167
227
271
310
288
289
290
310
282
237
188
160
117
39
-70
-186
-266
-355
-444
-558
-636
-709
-758
-809
-866
-891
-902
-883
-868
-829
-795
-757
-697
-612
-495
-389
-282
-187
-63
79
197
280
359
472
567
666
732
819
899
991
1096
1181
1279
1337
1413
1479
1571
1614
1631
1657
1680
1721
1701
1677
1643
1664
1682
1671
1631
1594
1619
1645
1665
1636
1649
1671
1703
1707
1702
1699
1699
1689
1635
1594
1517
1435
1309
1193
1034
857
650
412
190
-34
-276
-553
-798
-998
-1154
-1334
-1487
-1607
-1669
-1710
-1755
-1821
-1843
-1835
-1823
-1807
-1804
-1764
-1708
-1640
-1584
-1490
-1378
-1279
-1206
-1106
-982
-870
-800
-738
-664
-585
-499
-444
-390
-320
-210
-104
0
94
204
324
441
540
617
674
699
697
663
598
477
354
223
101
-33
-194
-345
-470
-538
-583
-635
-691
-703
-699
-703
-743
-791
-818
-833
-843
-872
-892
-886
-841
-777
-688
-584
-461
-304
-132
36
206
379
536
670
793
867
916
924
919
898
854
807
740
698
658
632
615
633
658
718
791
863
934
985
1045
1099
1161
1188
1199
1182
1191
1184
1141
1091
1046
1048
1030
1019
978
964
970
973
953
891
862
812
770
678
572
449
338
212
79
-44
-148
-237
-334
-378
-435
-455
-477
-467
-463
-447
-436
-444
-417
-395
-378
-406
-421
-430
-424
-449
-493
-522
-521
-513
-542
-574
-605
-625
-661
-687
-732
-781
-788
-801
-821
-823
-787
-733
-659
-567
-475
-376
-281
-207
-158
-101
-66
-79
-124
-195
-276
-373
-482
-599
-699
-777
-852
-914
-967
-992
-1017
-1026
-1029
-1022
-1032
-1065
-1081
-1088
-1073
-1081
-1093
-1069
-991
-914
-843
-759
-649
-509
-376
-256
-146
-46
47
118
176
210
230
241
251
272
271
296
315
349
370
396
406
394
389
372
386
391
396
394
411
460
512
560
596
650
710
791
824
823
807
798
782
718
649
561
502
445
405
353
325
329
360
395
419
444
469
511
519
508
480
459
426
393
366
338
336
345
383
422
480
539
601
667
726
771
788
789
760
717
657
589
519
451
391
324
264
199
153
104
55
-8
-78
-138
-210
-280
-371
-465
-560
-626
-682
-748
-793
-832
-856
-882
-899
-912
-922
-928
-948
-973
-1002
-1029
-1063
-1094
-1114
-1121
-1136
-1137
-1138
-1135
-1110
-1093
-1081
-1078
-1077
-1083
-1083
-1096
-1111
-1128
-1138
-1130
-1122
-1087
-1043
-979
-902
-801
-702
-602
-507
-418
-331
-252
-179
-126
-48
29
105
160
221
301
383
469
532
609
672
726
758
779
790
780
769
746
717
673
645
626
615
615
615
608
602
607
606
628
633
635
645
666
690
698
714
744
783
822
869
893
921
955
991
1020
1023
1027
1028
1030
1028
1002
968
953
950
950
948
945
941
944
940
912
883
856
832
790
751
715
679
653
619
588
568
550
538
521
499
476
438
389
325
254
174
87
-28
-127
-212
-297
-386
-461
-511
-539
-555
-574
-591
-594
-578
-578
-582
-606
-623
-645
-680
-720
-754
-788
-822
-841
-847
-836
-829
-810
-788
-751
-733
-735
-769
-814
-855
-920
-1004
-1103
-1192
-1281
-1360
-1442
-1506
-1527
-1524
-1505
-1460
-1394
-1313
-1216
-1117
-1013
-914
-834
-772
-705
-645
-587
-526
-467
-396
-310
-217
-121
-19
89
205
320
425
501
557
587
596
582
551
513
457
400
348
302
267
260
275
318
387
455
521
597
683
763
834
891
948
998
1037
1070
1093
1126
1162
1206
1259
1322
1369
1413
1472
1522
1562
1585
1587
1563
1532
1474
1382
1270
1170
1066
953
828
701
592
504
424
341
275
223
183
133
85
36
-12
-50
-93
-133
-173
-207
-246
-272
-270
-251
-239
-227
-193
-154
-115
-104
-109
-106
-92
-104
-143
-199
-254
-309
-363
-430
-511
-584
-646
-704
-758
-801
-847
-889
-931
-963
-1004
-1048
-1102
-1144
-1166
-1184
-1202
-1219
-1217
-1199
-1165
-1138
-1102
-1061
-1000
-944
-896
-853
-810
-767
-740
-710
-687
-664
-649
-624
-587
-545
-503
-474
-436
-389
-343
-311
-299
-296
-272
-246
-231
-236
-241
-222
-201
-176
-158
-128
-93
-52
0
41
77
112
151
189
222
248
269
295
327
367
405
433
466
516
578
631
666
698
742
786
815
832
830
815
812
813
800
775
746
724
716
712
699
676
654
644
636
619
577
539
515
496
470
429
392
365
348
336
326
324
329
343
361
380
399
415
434
448
465
468
460
440
416
396
368
332
294
252
217
181
136
86
45
6
-36
-85
-139
-188
-245
-305
-361
-420
-473
-523
-569
-599
-628
-653
-664
-657
-636
-615
-599
-578
-538
-494
-456
-423
-387
-344
-298
-256
-224
-191
-155
-117
-86
-54
-25
4
36
58
70
75
79
83
75
62
40
12
-14
-39
-66
-88
-115
-145
-167
-192
-215
-238
-252
-268
-286
-302
-320
-337
-348
-361
-367
-365
-367
-358
-344
-328
-310
-282
-253
-228
-211
-198
-179
-164
-150
-133
-110
-87
-66
-49
-35
-18
6
26
47
64
78
94
101
103
110
115
118
115
112
116
126
133
148
162
178
198
215
224
224
232
241
246
252
262
268
269
271
281
296
307
319
336
348
353
352
348
350
342
326
308
287
257
231
207
179
151
125
111
95
78
56
37
22
4
-14
-38
-62
-81
-98
-109
-117
-123
-131
-130
-116
-101
-93
-81
-60
-35
-8
8
22
27
37
50
61
68
67
65
60
60
55
45
37
28
27
14
-9
-37
-66
-85
-108
-129
-156
-182
-205
-227
-254
-277
-288
-296
-296
-299
-303
-300
-289
-275
-257
-238
-221
-199
-179
-154
-134
-114
-91
-62
-26
2
26
49
73
95
118
137
155
172
187
199
205
211
215
218
216
209
190
174
157
140
128
115
99
73
51
40
25
5
-21
-42
-61
-86
-110
-133
-155
-171
-184
-193
-204
-220
-225
-224
-221
-209
-200
-192
-183
-166
-145
-129
-119
-106
-87
-65
-54
-50
-45
-36
-18
2
16
27
39
54
67
80
98
108
115
127
140
140
131
123
127
134
139
137
142
156
162
164
175
187
202
217
221
218
216
225
228
221
210
207
202
191
181
167
154
146
139
126
101
73
43
18
-10
-35
-67
-98
-121
-144
-166
-192
-211
-218
-218
-231
-252
-258
-261
-271
-289
-298
-297
-294
-296
-293
-283
-270
-252
-232
-209
-189
-165
-143
-118
-98
-78
-55
-44
-37
-29
-14
-6
3
14
26
48
60
74
81
95
103
110
113
121
132
122
105
99
110
99
73
57
61
63
46
30
27
31
25
16
2
-9
-19
-32
-46
-62
-74
-81
-89
-105
-113
-117
-119
-122
-119
-111
-105
-101
-103
-95
-80
-69
-69
-63
-56
-45
-42
-41
-29
-20
-10
-1
14
25
30
30
43
63
66
65
70
85
92
88
88
97
112
121
128
125
123
126
139
150
149
143
152
167
162
149
142
149
157
157
151
143
135
132
128
117
100
83
69
59
46
21
-3
-10
-8
-21
-41
-63
-72
-70
-75
-79
-83
-88
-97
-107
-113
-119
-119
-118
-118
-115
-108
-108
-104
-97
-85
-65
-50
-39
-39
-29
-15
-8
-3
-3
4
22
22
19
25
33
42
45
53
59
62
60
63
78
84
78
75
79
81
69
50
44
41
39
22
-4
-19
-21
-25
-37
-46
-47
-47
-48
-61
-80
-87
-96
-102
-107
-110
-111
-119
-124
-111
-96
-93
-92
-73
-47
-27
-18
-11
5
22
40
54
61
59
67
82
96
100
95
99
114
127
125
110
104
106
111
111
96
80
71
75
78
65
50
36
36
39
30
12
-1
-1
5
2
-10
-24
-35
-38
-39
-49
-67
-75
-70
-66
-73
-90
-93
-86
-74
-71
-80
-85
-82
-69
-51
-45
-55
-57
-41
-15
-5
-11
-4
16
41
54
59
63
66
74
85
103
109
101
102
119
137
138
126
124
140
151
147
133
125
128
128
121
108
96
90
86
77
60
48
41
40
34
21
4
-9
-20
-24
-32
-52
-80
-100
-101
-106
-133
-164
-174
-161
-155
-174
-199
-203
-189
-177
-179
-183
-186
-187
-178
-167
-171
-177
-171
-150
-125
-109
-110
-110
-87
-57
-38
-34
-33
-18
3
23
35
32
32
55
79
85
69
54
63
86
95
82
70
65
74
85
84
68
51
52
68
65
32
9
8
23
23
-1
-26
-36
-26
-19
-31
-53
-61
-46
-35
-41
-65
-75
-66
-51
-45
-57
-68
-69
-53
-37
-31
-35
-45
-40
-18
-3
-9
-22
-8
23
42
40
27
24
39
57
60
56
55
60
73
77
74
67
67
81
104
109
96
85
91
115
124
107
92
96
104
113
103
84
79
83
88
87
73
57
53
56
54
39
11
2
5
1
-10
-30
-44
-45
-43
-50
-71
-93
-93
-80
-74
-88
-110
-122
-111
-96
-103
-125
-134
-124
-99
-86
-100
-108
-101
-79
-59
-64
-75
-76
-69
-55
-48
-52
-57
-55
-38
-22
-24
-37
-36
-18
2
3
-13
-23
-13
0
1
-7
-14
-5
9
19
18
7
7
20
35
38
28
22
25
37
36
26
17
17
30
37
27
11
10
27
43
37
26
29
33
37
38
29
22
16
21
28
25
11
1
10
25
31
17
7
13
26
34
33
26
26
39
42
36
26
24
35
48
56
44
31
34
47
54
50
44
37
39
48
48
41
31
39
59
64
50
35
27
34
34
35
33
24
22
21
19
4
-8
-1
8
6
-8
-15
-13
-13
-13
-17
-19
-14
-19
-23
-22
-25
-31
-28
-22
-12
-9
-22
-24
-14
1
3
-7
-9
1
5
-2
-12
-11
1
8
0
-13
-16
-13
-3
7
4
-2
-4
-3
-3
-5
-16
-28
-24
-19
-25
-42
-57
-56
-52
-46
-44
-47
-49
-45
-36
-34
-39
-46
-44
-38
-31
-41
-62
-68
-54
-35
-43
-59
-61
-48
-32
-31
-33
-28
-15
-2
4
1
3
0
1
15
25
21
13
21
34
40
39
35
40
51
57
51
39
37
45
52
49
39
29
32
41
45
39
26
24
33
38
32
13
-1
6
18
23
16
8
5
15
24
19
11
4
7
12
7
1
-3
-3
7
11
7
-5
-7
2
5
0
-10
-8
-1
5
5
0
2
8
14
17
15
9
4
8
17
17
2
-11
-5
8
12
-2
-12
-6
6
8
2
-7
-4
7
7
5
0
-5
-6
-1
-5
-17
-31
-40
-39
-34
-37
-55
-64
-57
-43
-42
-52
-54
-46
-38
-42
-46
-46
-47
-53
-50
-44
-46
-53
-54
-50
-39
-36
-43
-37
-22
-11
-15
-24
-20
-12
-10
-13
-24
-30
-32
-37
-39
-36
-38
-43
-42
-30
-18
-26
-33
-23
-8
-1
-12
-22
-18
-6
-3
-8
-11
-8
2
6
-3
-2
7
16
23
30
33
28
20
27
42
35
22
26
37
46
38
27
32
41
44
43
40
39
38
38
38
37
36
31
27
27
33
30
19
22
31
35
29
23
28
38
39
28
26
33
39
35
32
32
30
33
37
37
36
29
22
31
44
42
31
24
32
40
34
20
14
16
13
8
3
1
2
0
-4
-4
-6
-16
-25
-23
-19
-27
-39
-44
-38
-37
-45
-55
-54
-44
-39
-37
-34
-29
-23
-21
-20
-14
-15
-16
-15
-9
-7
-14
-18
-13
-2
-3
-15
-24
-21
-10
-10
-20
-24
-19
-16
-17
-25
-32
-32
-31
-27
-26
-34
-42
-39
-24
-19
-23
-22
-18
-6
-3
-4
-8
-7
4
10
6
5
3
3
10
12
14
18
12
13
29
36
27
14
18
29
31
20
12
16
21
30
28
22
18
17
22
28
27
25
21
26
38
40
34
24
29
44
45
35
34
43
54
50
40
39
45
51
54
51
42
41
51
58
59
58
50
45
44
47
38
23
19
30
42
36
23
12
7
11
4
-4
-9
-18
-21
-21
-19
-24
-29
-34
-34
-27
-28
-41
-46
-37
-33
-38
-38
-39
-33
-33
-40
-41
-37
-28
-31
-33
-26
-25
-23
-19
-16
-19
-30
