SAMPLES:	9740
BITSPERSAMPLE:	16
CHANNELS:	1
SAMPLERATE:	16000
NORMALIZED:	FALSE
8
14
21
26
31
29
24
22
16
13
10
4
2
3
6
2
2
-2
-5
-8
-9
-6
-4
-7
-10
-11
-7
2
5
5
7
5
9
13
19
23
25
28
29
35
35
36
28
19
8
2
-1
-5
-11
-19
-21
-23
-21
-22
-23
-23
-22
-24
-27
-28
-28
-24
-28
-34
-44
-50
-40
-34
-28
-27
-34
-45
-48
-46
-47
-46
-50
-44
-33
-27
-25
-25
-26
-26
-26
-20
-22
-21
-16
-11
-7
-8
-15
-14
-10
-6
-1
-2
-3
-11
-8
-2
4
2
15
20
23
30
27
31
35
41
55
58
50
51
41
42
37
37
30
33
30
24
19
27
26
31
30
39
35
34
40
37
36
27
33
28
30
26
30
20
30
26
38
39
47
36
34
33
25
21
11
5
-3
3
-10
2
-13
0
-23
-27
-51
-51
-49
-34
-29
-45
-48
-70
-68
-74
-62
-71
-45
-36
-25
-33
-21
-10
-11
2
4
16
28
48
59
72
51
46
37
45
38
31
27
27
34
40
35
34
30
36
32
27
19
19
16
23
21
11
18
18
22
11
22
11
18
3
17
12
21
34
24
28
10
21
14
36
28
34
21
34
16
8
8
2
16
10
19
13
25
-1
15
-4
7
-13
-1
-10
-7
-33
-23
-41
-40
-43
-38
-40
-28
-19
-19
-15
-38
-27
-45
-28
-37
-28
-22
-6
-21
-10
-20
-16
-27
-13
-6
11
14
30
42
29
29
34
42
55
65
56
81
70
60
68
43
49
28
38
39
44
25
27
14
7
6
-8
25
-8
-3
-13
6
-16
0
-16
-16
-13
-54
-39
-78
-59
-65
-36
-42
-23
-37
-43
-35
-56
-35
-44
-27
-19
-18
-2
-29
-11
-32
-13
-40
-19
-18
10
1
6
5
-19
-17
-31
-10
-31
-25
-42
8
-18
22
-8
24
23
25
13
22
9
11
13
-11
18
-28
16
4
8
13
-10
2
8
18
22
38
-18
3
-34
-27
-24
-50
-43
-31
-59
-36
-51
-44
-26
-46
-25
-23
-12
-10
8
4
-6
-24
-14
-15
6
-13
-23
-6
-22
-8
-16
-7
4
-9
1
19
-7
-31
-47
-62
-35
-51
-31
-22
1
-25
4
-38
-7
-59
-49
-39
-41
-52
-43
-22
-45
0
-23
18
13
8
-5
4
-11
-1
4
-3
14
-19
7
-7
-18
9
-33
4
-32
-1
-33
-14
-50
-44
-37
-47
7
-32
24
-27
-11
-40
-44
-45
-40
10
-22
58
-23
67
10
55
49
16
53
16
68
36
95
-2
86
-12
62
54
47
78
29
72
9
73
0
79
15
74
26
39
51
-7
25
-41
-18
-67
-1
-24
29
24
24
53
7
51
-16
-21
-18
-52
-30
-31
4
-24
40
-23
41
-15
-3
-17
-12
-3
-34
-12
-58
-12
-56
-26
-58
-29
-41
-54
-6
-37
19
-15
23
-23
29
-43
-3
-1
-8
0
-20
8
-3
23
-17
12
-25
-9
-31
-7
2
1
20
-17
0
-6
-4
-16
-11
28
25
44
57
88
39
50
15
35
59
-2
67
53
63
69
95
54
93
29
50
57
31
90
40
113
54
80
57
63
25
64
31
43
56
32
86
60
84
52
59
40
63
47
35
52
30
13
12
14
5
34
56
79
86
29
17
-50
4
-44
-61
-14
-24
-30
-24
-30
11
-28
-56
12
-6
-22
0
76
22
91
-9
106
22
54
50
68
69
11
52
-3
-32
-46
7
-44
28
26
11
78
31
76
-2
-12
-23
-60
-72
18
-3
-55
74
-19
-10
-21
8
-50
-41
-30
-57
-30
-23
17
17
44
8
60
-39
114
15
34
9
23
-50
38
100
-19
118
21
12
-90
34
-107
-110
-143
-76
-178
-110
-82
-27
-17
-102
64
-150
-71
-82
-114
-100
-15
-173
-7
-9
-45
-37
-57
70
-162
-2
-9
-53
-138
-1
-65
-63
19
-61
78
-21
92
-93
53
17
-183
25
-67
-36
-121
12
-19
-3
-21
47
26
74
44
-5
120
-76
45
-18
49
88
72
69
113
60
26
67
1
22
11
53
8
17
58
-42
-52
0
-59
-117
-20
-80
-84
-130
-91
-58
-108
-80
-2
-121
-55
-28
-102
-47
-67
-62
-156
-77
-135
-153
-147
-45
-115
-94
-61
-51
-125
-36
-64
-51
32
-72
-13
-42
45
-121
-46
-26
-49
-87
-12
35
-112
-15
-38
-22
-60
-11
-71
35
52
26
107
62
74
80
52
109
101
60
136
53
87
-38
5
11
-53
24
9
28
-13
63
-30
29
-14
-3
-106
66
-122
-49
8
10
-16
-75
-11
-163
114
-161
21
2
-91
-49
-138
26
8
-157
37
-37
-18
-63
-21
-24
56
-104
-80
85
-55
18
-14
73
28
8
-62
176
-70
111
-65
176
66
-29
105
68
34
28
137
-74
113
-51
135
120
134
-26
123
-53
9
65
-72
43
-58
-27
5
104
-31
-103
-23
60
-47
-24
25
7
-98
-37
-59
64
-239
6
53
-27
68
13
207
-182
174
-46
83
-65
-35
132
-242
92
-82
71
105
-38
-5
124
-104
53
18
15
163
-224
117
3
127
-51
-59
251
-149
78
-5
205
-11
76
129
56
192
54
194
185
121
66
203
-13
231
42
102
39
152
124
144
146
47
212
-7
84
49
258
-187
169
-15
55
161
-52
225
-40
35
-37
88
-64
56
-45
30
-13
-2
132
-4
-15
-11
37
-102
19
20
-75
-100
15
-115
-4
-92
-38
-95
22
-112
37
-100
11
-94
3
-23
-20
3
-12
-4
-53
39
-49
6
-132
40
95
-68
154
35
104
102
-101
182
-19
-84
23
77
-1
102
-77
217
-109
4
-25
-3
140
-139
103
-12
131
-42
73
48
38
74
-35
120
46
-54
31
31
49
76
-173
218
13
-50
167
-64
-32
152
-165
117
-26
-30
41
-160
56
-27
-46
-33
40
-127
-38
31
-96
109
-137
-8
-81
-84
-39
-35
38
-116
32
3
-34
-135
131
-42
31
92
-43
87
-7
97
-53
146
-169
-5
-90
-74
120
-74
154
-185
173
-366
-67
-35
-66
-43
-94
42
-109
137
-51
170
-55
-64
11
-38
-33
-73
104
-138
0
-162
-16
-36
-47
51
-24
40
-56
66
-209
-82
-23
-173
-40
50
-123
23
-61
-153
50
-163
-152
41
42
-238
-27
-79
21
108
-166
57
1
-114
-31
62
-4
-49
-60
42
-123
-26
-73
23
-69
32
-134
-100
-64
-190
-95
-60
-68
-152
-45
-127
-68
-76
59
7
32
10
-6
-239
60
-66
6
56
-112
61
-128
-102
223
-228
71
53
-214
121
-243
165
-73
120
-30
1
67
-200
70
-55
-262
-1
-97
-100
5
-12
89
-136
38
-100
79
-34
80
172
-123
138
-192
109
29
32
180
-51
19
95
-177
243
56
-180
285
-329
148
-47
-1
65
9
-208
114
-97
-257
101
-11
-156
23
-54
3
225
-374
241
-84
62
-197
227
94
-273
70
-70
74
-177
123
-91
135
-147
-46
-30
5
177
-169
-11
-137
66
-84
106
-26
37
-7
-179
85
145
23
-54
57
-22
-187
248
-60
298
-28
7
190
134
1
56
281
-155
248
-108
117
63
58
150
-195
124
-73
-82
5
78
-205
2
8
-44
-2
-231
67
-181
53
-130
10
-139
152
-181
59
62
27
1
32
166
96
-29
-79
285
-38
99
183
217
-132
146
0
437
-108
267
143
-5
-261
-33
295
72
137
68
169
-177
-88
196
269
-184
106
-346
447
-348
130
95
11
72
-393
95
338
-149
-71
246
-220
-42
-29
-8
144
116
-204
159
-33
-250
83
-41
-5
183
-256
154
-62
-108
-61
8
83
-14
75
-28
320
-24
25
116
-144
209
-106
270
317
-47
352
19
134
-165
-183
331
-193
171
42
401
18
-67
47
13
66
-102
247
-32
-112
-16
-62
98
-7
-67
70
111
-61
145
-319
169
31
-264
227
99
-123
-134
3
-10
415
-166
433
-301
120
-237
-47
42
78
-115
-180
30
-179
102
-189
156
-314
123
-244
554
-454
194
-204
-18
238
-245
236
-28
-173
128
112
-144
164
-258
407
169
-108
293
116
-30
200
-376
227
-127
-22
59
296
-132
-102
-105
-56
-62
45
168
11
22
-120
-50
-127
82
-39
-42
-33
-54
21
-51
50
-6
-27
-16
-212
153
-88
194
-80
-10
-118
-102
-385
134
61
-90
245
-408
-31
-194
-15
-12
226
-545
443
-649
-7
227
-337
155
-122
-44
97
57
191
216
-242
-91
-346
392
69
-75
167
5
-199
-87
37
121
-308
101
-476
435
-558
-176
218
-665
692
-460
199
-145
-222
-393
392
-250
249
-64
-200
337
-320
60
-106
511
-471
358
-427
734
-95
-106
327
-60
-163
-135
267
22
47
-407
-114
76
-101
-356
-285
185
-117
-496
21
155
-473
-333
-78
21
-80
-701
17
448
-951
179
328
67
265
-65
156
-172
-251
139
-7
305
279
-86
200
-19
78
18
209
106
175
148
152
-108
-474
400
-478
-36
88
-86
301
-91
-43
-102
363
158
109
-90
-150
-96
161
-158
495
47
-388
286
-133
469
-70
18
35
-263
-53
62
57
479
190
-589
218
75
466
-165
-154
122
-610
-426
-182
-7
237
50
-144
350
-230
-292
-49
-65
451
338
-102
304
426
-615
325
-190
213
105
97
313
222
-68
224
-95
-463
497
-295
649
-166
197
-367
-553
235
70
-263
-111
-205
-315
256
-50
450
-64
-36
-107
-86
-25
300
386
-21
588
-577
-311
-134
536
693
-102
781
92
-424
-101
-134
562
472
-371
413
-101
-295
-360
-103
-38
-175
-83
-360
536
233
-766
55
-298
291
-139
-383
495
178
-249
368
122
210
-572
-427
-42
66
-51
-692
54
238
-148
647
646
31
110
-529
364
286
33
-65
112
-124
-285
113
75
604
-480
85
166
23
149
379
-16
-184
106
-462
958
-327
239
71
53
792
-30
-126
447
-293
-556
144
62
320
-142
477
-253
519
-191
53
222
-157
-158
68
633
62
253
-204
356
-114
275
38
-275
8
-176
100
484
437
77
243
-4
-72
49
-7
385
-33
-105
-594
71
-328
-122
-43
-876
147
-103
4
19
-78
-115
141
-680
25
-343
-478
-422
-488
320
-175
213
64
108
160
174
-63
112
-401
-1105
-534
156
-241
451
168
-101
-2
-848
463
-128
-317
-69
-227
-595
-997
-563
-643
-119
85
172
210
339
4
95
405
234
-129
-22
142
106
465
673
467
40
76
205
735
417
647
481
-492
-76
97
400
525
542
555
-77
-76
-497
158
-250
-656
-83
-504
12
13
223
534
81
-235
289
176
469
-463
-83
-354
-281
228
-58
638
120
219
-89
417
-473
379
264
50
283
-542
-679
-874
-1331
-1019
-573
-581
48
-431
-329
-657
-938
-694
-674
-759
-1175
-1217
-617
-1018
-280
-376
-644
-744
-645
-19
-84
543
268
71
-286
-88
-450
382
-2
-146
90
-81
56
537
366
319
627
-497
307
-70
-128
-66
-169
118
178
313
486
458
177
289
335
730
397
715
321
218
489
806
1037
1220
1199
1324
1518
1619
1903
1989
1612
1212
906
508
930
616
866
538
546
382
274
865
1078
951
794
623
332
144
-193
92
-350
-247
-762
-750
-1042
-1369
-1166
-1939
-1641
-2028
-2154
-2143
-2463
-2612
-2518
-2874
-2882
-3023
-2904
-3069
-2985
-2976
-3196
-3219
-3545
-3019
-3090
-2987
-3020
-2859
-2869
-2548
-2088
-1627
-1080
-904
-603
-537
-600
-36
158
570
817
903
1228
1449
1712
2358
2291
2648
2645
2455
2513
2601
3144
3260
3837
3928
4652
4830
5478
5275
5697
5230
5351
5227
5377
5702
5093
5792
5595
5733
5660
5870
5874
6337
6218
6907
6871
6865
6816
5092
5300
3146
3137
1644
-602
-2412
-4638
-6075
-7053
-8681
-9538
-10268
-10976
-10135
-9991
-8653
-8905
-7942
-8133
-7910
-7948
-7946
-8265
-9449
-10249
-10649
-11014
-10377
-10581
-9862
-9015
-7821
-5794
-4257
-2319
-984
225
1767
2865
3637
3790
3138
2309
1454
1346
767
448
-163
-707
-960
-379
372
1077
2039
2736
3975
5152
6439
6993
7190
7308
7307
7466
7627
7280
7045
6523
6587
6882
7834
7714
8039
8712
8700
10338
10475
11252
11820
10951
12214
11440
12831
12165
12122
11289
7659
8550
3974
4557
1661
-2603
-4020
-8008
-10236
-9899
-14252
-12654
-14647
-14650
-13209
-13519
-10767
-11410
-9033
-10315
-8772
-9460
-8452
-8206
-9597
-9729
-10149
-11129
-9057
-10783
-9384
-8787
-8484
-5200
-4882
-2358
-1234
-422
1341
1908
2068
2638
1579
980
180
-919
-1795
-2379
-3984
-4495
-4599
-4544
-3317
-3091
-1545
-304
967
3263
4487
5223
6595
7043
7938
8386
8625
8781
8420
8765
8731
9212
8778
8967
9044
8992
10317
10102
10953
11794
10869
12941
12887
13239
14748
12455
14196
12718
13365
13314
12457
10616
7079
5944
1960
1576
-1943
-6346
-8186
-12548
-13869
-13383
-17243
-14725
-16753
-16086
-13881
-14214
-11143
-11770
-10908
-11154
-11193
-11328
-10824
-11524
-12733
-13398
-13447
-13160
-11203
-11587
-10029
-8851
-7427
-4225
-3274
-1094
-717
-35
1038
990
1168
1066
-331
-494
-1381
-1537
-1770
-2197
-2485
-2483
-1715
-951
71
704
1691
2576
4020
5626
6475
6892
7812
8414
9080
9541
9535
9724
9189
9651
9948
10046
10080
9700
9900
10554
10865
11913
12197
12295
12464
13066
13602
13935
14310
12886
13546
12403
13297
12287
11485
8491
5081
3189
-359
-1548
-5408
-10364
-12742
-16709
-17758
-17490
-20637
-18892
-20229
-19386
-16825
-15873
-13537
-13088
-12504
-12114
-11527
-11052
-9989
-10719
-11549
-11478
-11338
-10180
-8637
-8824
-7560
-6263
-4716
-1787
-875
643
1368
1968
3207
3184
2731
2723
1240
529
299
-718
-944
-1543
-2252
-1597
-1256
-462
511
627
2073
3259
4589
6027
6454
6723
7718
8407
8913
9504
8876
8980
9074
9361
10345
9751
10263
9671
10444
10886
11699
12225
12174
12298
12675
13664
13842
14815
13447
13808
13024
13910
13229
13334
9115
6649
3824
-31
-643
-6256
-10486
-14604
-18443
-19834
-20092
-22806
-21179
-22300
-20648
-17739
-15857
-12883
-11781
-10582
-10033
-8845
-8638
-7527
-8652
-9992
-10266
-10388
-9468
-7918
-8429
-6694
-5054
-3031
563
1911
3138
3795
4187
5032
4566
3542
2234
-317
-1688
-3086
-3844
-4889
-5614
-5835
-5027
-3280
-1872
-236
582
1972
3542
4905
6073
6170
5652
6149
6249
6892
7013
6882
6982
7010
8323
9567
10660
10978
11290
11942
12705
13829
13853
14080
13509
13417
13743
14358
13918
14070
12852
13368
13419
13723
13915
12322
8818
6354
4170
403
-676
-7960
-11449
-15956
-19146
-20052
-21482
-23780
-22181
-22818
-19834
-16741
-14898
-11853
-10466
-8621
-7594
-6200
-6300
-5341
-7484
-8056
-8510
-8593
-7622
-7158
-7413
-5409
-3599
-899
2249
3524
4661
6037
5994
6078
5454
2622
1821
-1988
-3896
-5114
-7783
-8029
-8846
-9367
-6932
-5726
-3441
-1104
-187
2289
3516
5069
5702
5132
4290
4622
3869
4058
3802
3105
3577
4012
5362
6915
8160
9013
10075
11350
12682
13700
14104
13896
13920
13062
14012
13062
13692
12214
11786
11865
10957
12916
11507
11703
10217
6126
6583
2914
274
-1269
-9448
-10297
-15629
-17571
-17979
-21630
-21254
-20946
-20632
-17034
-15243
-12571
-10382
-8504
-7113
-5573
-4300
-4279
-3678
-5616
-5742
-5758
-6176
-5054
-5484
-5504
-3112
-1841
1214
3311
4263
5853
6590
7304
7322
5893
3899
1818
-1307
-3424
-6010
-8325
-9564
-10668
-10698
-9300
-7666
-5659
-3398
-2041
724
2171
3457
4110
3439
3012
2822
1829
1632
676
-39
725
927
2441
4151
5276
7059
8658
10243
12517
13512
14815
14925
14874
14591
14951
14565
14175
12913
11617
11384
10560
11012
10704
9838
9537
7944
4949
5768
826
863
-3086
-8045
-9642
-14004
-15858
-16728
-20009
-19617
-19396
-19652
-15849
-14885
-11986
-10228
-7995
-6965
-4310
-4269
-2459
-2638
-3492
-2857
-3515
-3376
-2602
-3254
-2583
-1105
-120
2485
3965
4582
6610
6633
7023
7017
4325
3457
510
-2713
-4495
-8057
-9963
-11262
-13096
-12173
-11840
-10204
-8082
-6394
-3863
-1807
-431
835
1691
985
1278
575
-670
-681
-1951
-1678
-888
-525
1473
2815
4760
7495
9583
11954
13919
15080
16319
17216
16998
17378
16110
15134
14206
12543
11901
10688
9576
9197
8600
9093
9283
9607
7174
6702
5275
2648
3788
-2235
-4567
-8180
-12388
-12430
-15340
-17645
-16525
-19055
-16592
-14961
-13254
-10435
-9028
-7414
-5734
-3780
-2601
-503
-1625
-1984
-2193
-2466
-1532
-1728
-3584
-2759
-2754
-1368
702
1188
1792
2735
3364
4500
3984
2403
1837
-1538
-3107
-4569
-7961
-8704
-11697
-13129
-12945
-13373
-11264
-10685
-9479
-7064
-5451
-2908
-1607
-706
-192
287
825
1008
705
175
617
816
1570
2750
3733
5517
6665
8604
11060
12429
14382
15383
16047
16928
16698
17126
16072
14876
13601
12529
11264
10220
8889
7612
7928
7344
8881
8532
8140
6485
6992
4769
4933
2298
-1606
-3727
-7475
-9419
-10565
-13551
-14663
-14794
-16258
-13354
-13230
-10831
-9549
-8166
-6635
-4301
-3312
-1457
-1452
-2429
-1971
-2594
-2563
-2680
-4028
-4695
-4335
-4121
-2707
-2071
-1692
-723
-46
986
1501
634
-75
-1557
-3648
-4613
-6811
-8511
-10252
-12074
-12483
-12552
-12062
-10869
-10399
-8800
-7038
-5362
-3371
-2208
-1159
-458
410
823
1400
1424
1864
2530
3306
4872
5986
7479
9255
10564
12880
14219
15096
16658
16489
17513
17103
16787
16028
15032
13833
12989
12061
10767
10904
9861
10501
10840
11206
11550
10663
8072
9076
5116
5540
1704
-2622
-4590
-8942
-10082
-11665
-14694
-15213
-15460
-16040
-13165
-12717
-10402
-9167
-7145
-6348
-3902
-3778
-2388
-3123
-4190
-3924
-4819
-5114
-5479
-7355
-7291
-6604
-6167
-4449
-4560
-3636
-2615
-1428
-363
-722
-1664
-2398
-4270
-5828
-6998
-9803
-10998
-12974
-14235
-14244
-14071
-13240
-11556
-10674
-7987
-5769
-3366
-1137
-55
1257
2589
3501
4045
4425
4163
4804
5568
6553
7457
8618
9429
11301
13105
14704
16232
16728
17809
17869
18531
18312
17587
16665
14951
14484
13356
12373
11818
9711
10409
9323
10523
10789
10197
9549
6802
7869
4754
4471
1341
-3261
-5070
-8764
-10798
-11654
-15675
-15420
-16805
-16554
-14418
-14017
-11842
-11046
-9309
-8383
-6011
-5812
-4779
-5391
-6599
-6153
-6836
-7123
-7539
-9270
-8912
-8313
-7441
-5928
-5536
-4538
-3717
-1879
-1466
-665
-1126
-2514
-2803
-4980
-5677
-7413
-9529
-10564
-11935
-12000
-11214
-10622
-9198
-8026
-5669
-3443
-997
492
2108
3162
3838
5368
5141
5697
5706
5617
6741
7392
8231
9698
10145
11780
13384
14727
16434
16681
17391
17525
17916
17413
17377
15572
14727
13636
12392
12125
10250
9837
8392
8442
8387
9364
8570
9096
6547
5295
5663
2270
2531
-1557
-5661
-7305
-10771
-12444
-13199
-17449
-16488
-17830
-17398
-15259
-14550
-13135
-11731
-10655
-9850
-7314
-7688
-6042
-6631
-7447
-6803
-7346
-7707
-7691
-9421
-8815
-8232
-7611
-6242
-5665
-4965
-3357
-1967
-934
161
-192
-92
-850
-2139
-2376
-4450
-5620
-6978
-8768
-8453
-8670
-7999
-6994
-6599
-4038
-2058
388
2343
3892
4876
6440
7685
8166
8576
8176
8479
8928
8991
9797
9841
9788
10758
11062
12591
13495
13825
14423
14533
14724
15392
14622
14357
12987
11827
11419
10342
9153
7927
6348
5621
5753
5733
6236
5278
5662
2810
4233
2475
1351
858
-4250
-5363
-7906
-10782
-10932
-14288
-16221
-15561
-17409
-15280
-15058
-14046
-13008
-11732
-11016
-8861
-8125
-7315
-6177
-7311
-6636
-6670
-7358
-6925
-7873
-8463
-7650
-7459
-6264
-5025
-4409
-2473
-1056
559
2189
2609
2827
3105
2012
948
387
-2640
-3326
-5520
-6947
-6920
-7782
-7070
-6367
-5538
-2921
-1048
870
3184
4431
6120
7462
8169
8501
8583
7866
8070
7704
7272
7389
7070
7272
7876
8471
9688
10648
11102
12281
12653
13247
13686
13297
12685
11905
10510
9630
8271
6377
5408
3678
3264
3340
3056
4568
3582
5221
3797
4465
4895
2411
3536
-1016
-2610
-4484
-8081
-9223
-12075
-15070
-14600
-16736
-15685
-15226
-14427
-13439
-11618
-10627
-9094
-7184
-7121
-5235
-5980
-5998
-5511
-6682
-6598
-7252
-8513
-7707
-7835
-6863
-5604
-4666
-2824
-574
1175
3114
4362
4622
5150
4042
3042
2016
-322
-2179
-4338
-6497
-7457
-8111
-8085
-7618
-6580
-4830
-2421
-17
2216
4211
5420
7035
7777
8161
8174
7411
6565
6299
5273
5384
5301
4799
5456
5686
6962
8651
9130
10640
11388
11536
12969
12228
12134
11237
9602
9024
7720
6313
5696
4192
3883
3975
4179
5701
5906
6954
6733
6212
7155
5334
5127
2519
-1349
-2770
-6802
-8568
-10701
-14349
-14921
-16077
-16725
-15340
-14893
-14020
-12628
-11318
-10454
-8241
-8242
-6731
-6972
-7753
-7132
-7778
-7971
-7875
-8872
-8526
-7458
-6788
-4844
-3390
-1697
673
2802
4141
5891
5580
5488
5371
2606
2073
-448
-3451
-4639
-7369
-8314
-8212
-9159
-7568
-6613
-5300
-2188
-165
1706
3868
4774
6139
6962
6495
7032
5796
4980
5255
4228
4113
4382
4168
4999
5755
6760
8536
8938
10223
11133
11316
11971
11878
11051
10596
9415
8139
8315
6349
6351
5975
5325
6237
7005
7262
9552
8748
10240
9499
7972
8974
4920
4822
952
-2803
-4940
-8589
-10906
-12463
-15838
-15237
-16505
-16247
-15174
-14558
-13586
-12356
-11226
-11153
-9413
-9977
-8755
-9105
-9821
-9236
-9655
-9595
-8818
-9255
-7806
-6395
-4937
-2497
-1076
653
2664
3986
4995
5636
5249
4491
3712
1279
181
-1607
-4189
-4723
-7047
-7658
-7072
-7724
-5880
-4949
-3954
-950
169
2054
3628
4105
5422
5643
5736
6018
5348
4660
5296
4357
4623
5438
5282
6351
6813
7891
9430
10023
11106
11875
11770
12393
12262
12116
11347
11004
10156
10092
9020
8890
8407
8040
8175
8035
8535
8684
8408
8667
6778
5400
5228
1069
1676
-3042
-5680
-7499
-11131
-12331
-13814
-16803
-15906
-17270
-17194
-15760
-15838
-14480
-13568
-12836
-12409
-10682
-11102
-8972
-9480
-9324
-8142
-8180
-7135
-6071
-6327
-4806
-3670
-2556
-443
528
1697
3385
3919
4743
5201
4576
4387
3155
1142
679
-1417
-2584
-3306
-5573
-5350
-5733
-5685
-4226
-4198
-2496
-821
276
2029
2950
3669
4724
5228
5319
5799
5334
5575
6216
5402
6348
6552
6621
7854
7633
8924
9616
9900
10627
10782
10631
11176
10818
10496
9902
8976
9098
7998
7928
7349
6718
6755
6302
6293
6583
6229
6336
5843
4716
2774
2913
-484
-943
-3542
-7472
-8018
-11347
-12824
-13390
-15866
-15994
-15771
-16926
-14814
-14735
-13711
-12679
-11680
-11544
-9333
-9213
-7986
-7204
-7826
-6352
-5893
-5640
-4236
-4652
-3838
-2164
-1765
62
1046
1919
3201
3979
4716
5009
4957
4141
3734
2125
957
-504
-1850
-3629
-4629
-5549
-6030
-5910
-5917
-4884
-3842
-2325
-458
1149
2429
4067
5213
6458
6841
7477
7583
7508
7629
7695
7360
7444
7199
7163
7285
7377
8047
8014
8375
8469
8603
8863
9116
8938
8786
8261
7901
7820
6800
6785
6264
4686
5923
3750
4385
4895
3216
4411
3468
1373
2239
575
-1644
-720
-5567
-6141
-7707
-10761
-11049
-12353
-15330
-13354
-15704
-15347
-13755
-14652
-13320
-12108
-12455
-10573
-9276
-9229
-6820
-7343
-6413
-4765
-4894
-3834
-2929
-3472
-1778
-1112
-860
1038
1081
1848
3315
3284
4184
4559
4062
3538
3031
1559
1056
-183
-1905
-2599
-3761
-4072
-3676
-4158
-3333
-2394
-1709
402
1424
2638
4365
4752
6320
6502
6564
7131
6706
6398
6471
5663
5508
5143
4424
4605
4431
4693
5209
5131
5510
6014
6256
6758
6725
6684
6421
6545
5896
6208
5305
4949
5147
4120
4569
4026
4132
4275
4569
3795
4893
2486
2435
2438
-940
516
-3269
-5165
-5636
-9122
-9335
-10138
-13151
-11717
-13301
-13217
-12040
-12011
-11669
-10327
-10369
-9696
-7732
-8487
-6353
-6314
-6406
-4506
-4762
-4236
-2867
-3882
-2343
-1623
-1505
189
243
942
1876
2294
2778
3551
3260
3114
3202
1945
2150
1228
5
-95
-1445
-1809
-1533
-2662
-1876
-1938
-1498
-249
228
1181
2436
2920
4134
4526
4617
5349
5466
5060
5298
4701
4104
4128
3080
3088
2702
2155
2854
2371
2815
3541
3833
4489
5171
5519
6389
7096
6836
7655
7115
6909
7112
6132
5675
5300
3976
4678
3736
3751
4216
3344
3151
2355
2920
1075
1945
-268
-2353
-2656
-5483
-6202
-7338
-10913
-10562
-12604
-13572
-12896
-13989
-13338
-12905
-12307
-11630
-9415
-9082
-6914
-6163
-5723
-4028
-3464
-2939
-2007
-2926
-2419
-1504
-1726
-574
-260
108
1629
2155
3546
4432
4741
5564
5589
5122
5235
3979
2795
1604
-474
-1292
-2214
-3659
-3806
-4605
-4080
-3019
-2400
-948
190
1123
2912
3474
3949
4829
4317
4204
3790
2697
2379
1616
617
369
-246
-113
769
974
1937
3319
3963
5992
7040
7657
9194
9238
9413
10190
8947
8671
8424
6419
6848
5630
4834
5743
4630
5406
6043
5402
6640
4584
5455
3976
2821
2461
-1709
-2505
-5373
-7817
-8490
-11641
-13147
-13538
-15339
-14326
-14545
-13647
-13158
-11858
-11377
-9351
-7959
-7502
-5509
-5907
-5082
-3676
-4260
-2915
-3249
-3568
-2001
-1982
-759
270
697
1996
2665
3781
4485
5103
5036
4901
4335
3554
3007
1586
465
-896
-2025
-2489
-3186
-3465
-3436
-3437
-2399
-1831
-662
-97
820
1360
2014
2357
2423
2512
1941
1595
1414
932
882
607
569
876
1403
2135
3104
3725
4930
6195
7194
8519
9012
9500
10292
9995
10337
10172
9087
9148
8152
7257
7337
6241
5538
5879
4489
5438
5151
4443
4744
2288
3215
1152
365
-668
-4348
-4746
-7383
-9134
-9434
-12585
-12885
-13514
-14730
-13411
-13550
-12572
-12147
-11030
-10490
-8589
-7517
-6704
-5420
-5731
-4863
-3737
-4112
-3061
-3595
-3662
-2358
-2347
-1140
-509
91
1200
1895
3437
3578
4606
4681
4537
4908
4002
4000
2625
1071
520
-1303
-1571
-2451
-3750
-3645
-4178
-3479
-2842
-2766
-1751
-1371
-346
687
1063
1623
1879
1881
1872
2289
1935
2399
2361
2203
3007
3353
4192
5366
5516
7086
7994
8959
10053
10554
10929
11312
11472
10883
10766
9518
8917
7523
6859
5448
4874
3620
2798
2452
1949
2683
1558
2252
-72
436
-21
-2160
-1263
-5189
-6575
-6939
-10400
-10005
-12023
-14457
-13171
-15413
-14385
-13790
-13410
-12688
-11547
-10809
-9399
-7301
-6991
-5587
-4890
-5074
-3122
-3206
-3140
-2012
-3159
-1501
-1101
-718
872
1226
2445
3605
4555
5818
6364
7117
6946
6954
6434
5698
4648
2574
1291
-588
-1854
-2705
-4647
-4645
-5287
-5104
-3709
-3876
-2310
-1327
-379
1617
1698
2993
3093
3128
3602
3028
3173
2538
2423
2041
2105
2770
2943
4151
4404
5483
6846
7822
8953
9748
10007
10348
10585
10281
9631
8882
7330
6358
5314
3331
3411
1503
969
979
-49
920
962
479
1586
-542
844
-164
-1714
-1067
-5218
-5373
-7109
-9640
-9661
-12350
-13615
-13162
-14689
-13374
-13442
-12258
-11828
-9936
-8930
-7635
-5350
-5560
-3409
-3322
-3113
-1203
-2212
-1214
-1095
-1785
-196
-173
650
1530
1913
3176
4024
5291
5900
6476
6939
6723
6803
5878
5378
3998
2520
1082
-877
-1628
-3165
-3985
-4339
-5222
-4201
-3827
-3076
-1571
-1200
382
1495
2108
3032
3104
3406
3247
3300
2848
2467
2539
2041
2389
2573
2999
4109
4256
5390
6225
6984
8319
8648
9026
8985
8660
8503
7704
6512
5416
3733
3023
1393
849
-107
-901
-982
-1168
-817
90
74
799
1209
-334
1480
-389
-1200
-1217
-4795
-5340
-6384
-9531
-8857
-11323
-12590
-11276
-12590
-11357
-10175
-9661
-8331
-6480
-5933
-4309
-2690
-2957
-1515
-1488
-2039
-658
-1674
-1802
-1223
-2322
-1102
-463
-213
1195
2182
3273
4915
6167
6802
7959
8027
7926
7974
6434
5701
4144
1794
860
-1700
-2751
-3666
-5157
-4936
-5284
-4576
-3430
-2645
-1265
-181
849
2011
2580
2731
2825
2544
1945
1801
1040
540
515
-66
274
514
1126
2220
2845
3910
4740
5347
6278
6470
6777
6623
6012
5668
4614
3831
2892
1818
1196
174
-442
-551
-1277
-316
-752
166
648
1188
2092
2270
2760
1459
2669
737
228
-219
-3714
-3690
-5608
-8111
-7154
-10177
-10096
-9603
-11147
-9265
-9230
-8236
-7071
-6059
-5367
-4061
-2910
-2706
-1597
-1603
-1822
-587
-1354
-741
-589
-1039
133
487
1403
2661
3784
5005
6150
7484
8158
9387
9406
9080
8971
7203
6133
5069
1695
937
-1678
-4022
-3948
-6609
-6333
-6099
-6934
-4893
-4469
-3451
-1503
-912
164
810
1112
872
1037
-156
-595
-933
-2483
-1983
-2811
-3075
-1743
-1822
-193
1120
1703
3837
4623
5607
6892
6692
6943
6627
5645
5080
3936
2449
1528
440
-958
-385
-1345
-917
-103
-43
1574
2260
3799
4019
5328
5229
3969
5150
2251
1414
858
-4209
-3517
-6614
-8975
-7736
-10979
-10444
-9649
-10580
-8153
-7429
-5845
-4735
-2913
-2652
-1310
-176
-984
405
-714
-1516
-622
-2094
-1520
-1316
-2016
-379
322
1526
3522
4824
6255
7735
8991
9344
10398
9494
8526
7957
4786
4204
1129
-1508
-2920
-5999
-6749
-7798
-8995
-8114
-8394
-7101
-5836
-4629
-2987
-2109
-653
-435
307
28
-184
-419
-2053
-1797
-2806
-3177
-2789
-3300
-2080
-1285
-96
1690
2619
4174
5359
6384
7008
7175
7279
6508
5953
4960
3448
3012
1130
362
-328
-1163
-995
-1038
-484
-120
1224
2086
3122
4678
5048
5608
6872
4776
4840
4385
1151
1925
-1329
-3852
-3707
-6851
-6792
-6601
-8389
-6776
-6030
-5817
-3674
-2617
-1735
-194
559
153
1675
818
576
776
-1129
-1101
-1300
-2279
-1469
-1840
-1478
83
857
2275
3989
5169
6116
7481
7517
7776
7849
6371
4870
3349
788
-982
-2650
-6013
-6890
-8670
-9885
-9189
-10039
-9281
-7699
-7251
-5150
-3753
-2905
-1315
-858
-663
-291
-748
-1132
-1669
-2970
-3184
-3671
-3811
-3310
-3293
-2496
-1209
7
1608
2880
3902
4883
5631
6031
6262
6223
5419
4867
3696
3177
2435
1646
1304
302
857
922
1630
2786
2914
4431
5388
6179
7929
7741
8491
8468
7257
6566
5885
3447
3068
402
-1767
-2273
-4281
-4509
-4332
-5676
-4547
-4060
-3932
-2230
-1675
-1198
-551
-511
-1107
-450
-1354
-1651
-2124
-3492
-3544
-3384
-3578
-2717
-2601
-1928
-471
647
1865
3209
3872
4337
4907
4757
4382
4144
2422
1422
-443
-2064
-3174
-4799
-5783
-7028
-7662
-7519
-7535
-6905
-6412
-5861
-4828
-4082
-3174
-2655
-2171
-2027
-2067
-2154
-2418
-2435
-3004
-3060
-3321
-3300
-2689
-2394
-1662
-1071
-307
660
1821
2631
3480
4083
4366
4845
4982
5345
5207
5014
4820
4561
4490
4458
4383
3995
4126
4179
4264
5178
5160
5554
6558
6501
7648
8246
8291
8684
8596
7413
6722
6303
3423
3541
827
-1781
-1602
-4570
-4894
-4961
-6907
-5701
-5782
-5806
-4410
-3895
-3629
-2867
-2366
-3363
-2028
-3099
-3330
-2927
-4676
-4336
-4198
-4825
-3677
-3819
-3532
-2122
-1494
-428
1036
1561
2260
3057
2844
2930
2872
1606
916
-544
-2042
-3259
-4177
-5704
-6344
-6977
-7879
-7135
-7146
-6806
-5547
-5428
-4454
-3157
-3050
-1872
-1467
-1611
-1175
-1340
-1528
-1283
-1697
-1878
-1693
-1970
-1341
-708
-392
697
1441
2268
3813
4476
5532
6495
6512
7213
7331
7014
7134
6253
5772
5239
4505
4273
3585
3524
3183
3476
3944
4503
5588
6070
7139
7846
8588
9450
9472
9247
8952
6705
6067
4200
1956
1360
-2313
-3455
-4873
-6536
-6214
-6628
-7102
-6130
-6374
-5536
-4823
-4061
-4361
-3981
-4608
-5695
-5295
-6720
-6690
-7351
-8445
-8010
-7794
-6987
-5667
-4899
-3556
-2007
-489
1000
2477
3273
3512
3944
3383
3178
2614
1231
151
-1203
-2691
-3085
-4129
-4990
-4948
-6046
-5274
-4918
-4945
-3743
-3845
-3298
-2229
-2498
-1479
-1333
-1117
-685
-642
-406
-35
180
403
907
921
1711
2364
2594
3485
3840
4276
5280
5382
6033
6432
6213
6537
6356
5977
5842
5288
4306
4221
3121
2774
2730
1759
2115
2066
2141
3126
3858
4389
5568
6336
6716
8250
7963
8158
8431
6861
6432
4335
3100
903
-317
-2686
-4511
-5309
-7165
-7178
-7536
-8318
-7214
-7620
-7244
-6574
-6951
-6521
-6945
-7153
-8025
-8111
-8974
-9006
-8861
-9227
-8343
-7507
-6358
-4307
-3153
-1283
829
2093
3820
4990
5564
6138
5958
5372
4878
4018
2771
1787
386
-758
-1403
-2070
-2584
-2629
-3224
-2869
-2666
-2621
-2053
-2053
-1864
-1490
-1534
-1237
-810
-691
-311
8
302
1010
1497
2039
2552
2814
3230
3502
3727
3967
3976
4203
4180
4169
4214
4232
4224
4221
4077
3746
3488
3026
2517
2231
1452
1226
640
339
245
237
426
919
1470
2276
3188
4433
5107
6127
7262
6973
8151
7331
6890
6611
3851
3167
1133
-1289
-1791
-5013
-5721
-7127
-8063
-8028
-8321
-7937
-7845
-7269
-7238
-6892
-6180
-7291
-6585
-7692
-8372
-7906
-8764
-7762
-7548
-7040
-5552
-4005
-1830
65
2174
3880
5648
7067
7659
8594
8386
7673
7178
5517
4622
3343
1801
945
-243
-1062
-1331
-1586
-1654
-1658
-1826
-1564
-1631
-1594
-1739
-1906
-2113
-2348
-2408
-2377
-2194
-1955
-1568
-993
-180
568
1102
1933
2310
2627
3167
2925
3087
2728
2361
2221
1696
1533
1064
925
684
477
695
404
609
412
357
376
236
193
155
-100
-81
-136
53
522
674
1399
1928
3074
3741
4905
5292
6658
6202
7315
6336
6483
5285
3225
2882
-329
-191
-2905
-4342
-4878
-6686
-6470
-6506
-6742
-5564
-6105
-5333
-5375
-4818
-4804
-5372
-4782
-6309
-5550
-6153
-5685
-4483
-4517
-3038
-1999
-432
1486
2783
4310
5414
6080
6557
6567
6857
5859
5352
4103
3048
2404
1106
749
48
-414
-687
-950
-903
-928
-1133
-1326
-1460
-2091
-2378
-2661
-3073
-2914
-3250
-3156
-2582
-2293
-1389
-571
103
957
1256
1559
1885
1648
1337
803
102
-442
-981
-1470
-1474
-1658
-1572
-1226
-1086
-506
-207
-48
134
-48
-411
-597
-1026
-1596
-1925
-2512
-2713
-2387
-2423
-1699
-837
37
1529
2817
4463
5772
7345
8109
8978
9669
9183
9411
8245
7108
5102
3709
1614
393
-806
-2789
-2959
-3760
-4035
-3223
-3241
-2616
-2077
-2764
-2533
-2934
-3399
-4283
-5012
-6286
-6888
-7123
-7463
-6325
-5920
-4813
-3196
-1707
378
2232
3661
5250
6074
6416
6581
6573
5999
5175
4107
2691
2028
703
-29
-455
-1122
-1370
-1678
-1664
-1447
-1274
-1286
-1201
-1280
-1594
-1818
-2188
-2329
-2802
-2990
-3332
-3284
-3015
-3025
-2260
-1978
-1685
-1216
-1058
-666
-499
-666
-805
-936
-1188
-1431
-1258
-1633
-1488
-1669
-1984
-1613
-1957
-1940
-1949
-2242
-2346
-2308
-2360
-1935
-1470
-1278
-510
173
1069
2021
3149
3812
4860
5453
6227
7191
7849
8398
8749
9121
9468
9558
9803
9193
8918
7924
6134
5828
3743
3220
1725
-84
-668
-2236
-2867
-3297
-4002
-4309
-5200
-5681
-6321
-6336
-6799
-7304
-6856
-7466
-6748
-6239
-5554
-3695
-2944
-1606
-244
760
2193
2976
3952
4373
4353
4275
3767
4066
3280
2952
2376
1526
1285
379
277
41
-465
-909
-1499
-1931
-2296
-2694
-3062
-3354
-4112
-4838
-4946
-5256
-4793
-4897
-4888
-4233
-4110
-3280
-2331
-1720
-893
-665
-496
-123
-153
-392
-592
-964
-1571
-1754
-2105
-1919
-1602
-1673
-1222
-1009
-597
-48
307
733
904
744
1002
1267
1423
1927
1989
2396
2868
3179
3957
4639
5227
5952
6457
7139
7767
8308
9021
9544
9984
10032
10068
9539
9196
8024
7106
5339
3739
2006
212
-915
-2555
-3527
-4483
-5158
-5523
-5710
-5819
-5823
-5978
-6185
-6522
-6591
-6965
-6858
-6804
-6963
-6374
-6100
-5039
-3871
-2865
-1507
-414
728
1768
2683
3380
3739
3985
3853
3731
3417
2664
2368
1487
920
168
-639
-1087
-1758
-2108
-2595
-2940
-3397
-3789
-3934
-4145
-4046
-4194
-4029
-3900
-3614
-3254
-2945
-2224
-1998
-1308
-839
-642
18
36
356
609
425
413
354
201
281
397
308
534
669
699
1091
1166
1228
1513
1357
1409
1420
1183
1288
1310
1228
1513
1517
1957
2267
2675
3169
3446
4066
4372
4824
5211
5332
5621
5903
5881
6481
6243
6386
6478
6024
5786
5205
3935
3377
1835
332
-637
-2648
-3370
-4759
-5730
-6336
-7012
-7311
-7333
-7293
-7307
-7129
-7243
-7206
-6822
-6878
-6472
-6077
-5930
-4905
-4382
-3300
-1974
-1084
305
1206
2233
3092
3672
4114
4163
4191
3793
3413
3075
2360
2053
1286
779
451
-103
-252
-656
-904
-1175
-1486
-1632
-1823
-1909
-2120
-2168
-2186
-2265
-2023
-2083
-1760
-1415
-1363
-705
-574
-210
339
315
769
906
894
1085
1034
902
817
743
301
460
131
-165
115
-397
-100
57
-102
324
395
517
847
961
1010
1197
1089
901
1021
664
581
481
264
369
437
455
790
1065
1457
2071
2473
3054
3563
3762
4088
4167
3981
4021
3595
2938
2601
1247
500
-158
-1354
-1518
-2352
-3211
-3352
-3837
-4045
-3472
-3651
-3540
-3168
-3574
-3475
-3125
-3609
-3305
-3194
-3689
-3018
-2942
-2629
-1551
-1024
-170
1007
1758
2605
3610
3910
4301
4725
4402
4308
3984
2972
2596
1826
1094
821
112
-390
-690
-1082
-1191
-1109
-1181
-1078
-1060
-1149
-1261
-1268
-1475
-1515
-1642
-2049
-2023
-2501
-2418
-2452
-2500
-2110
-2152
-1842
-1383
-1231
-581
-236
48
463
507
637
689
739
461
546
250
10
175
-204
19
68
-96
54
39
-26
195
156
111
103
-8
-202
-106
-106
-227
170
-4
373
672
837
1262
1613
1818
2439
2871
3253
3963
4073
4567
4943
5246
5532
5960
5394
5175
4408
2922
3010
1481
879
447
-1392
-1585
-2281
-3251
-2363
-2826
-2871
-2293
-2940
-2915
-2597
-3164
-3036
-2380
-3268
-2497
-2127
-2619
-1085
-1140
-725
856
647
1346
2029
1484
1963
2064
1672
2002
1934
1147
1337
906
281
683
-42
-272
-323
-1314
-1642
-2051
-2704
-2761
-2865
-3218
-3030
-3148
-3261
-2690
-2641
-2172
-1809
-1785
-1458
-1502
-1463
-1296
-1285
-1013
-856
-683
-419
-277
-30
358
621
1049
1272
1360
1444
1305
1158
950
749
442
233
-61
-431
-479
-769
-679
-521
-476
-125
-32
80
434
620
1067
1526
1809
2270
2491
2834
3155
3577
3964
4348
4681
4780
5050
4967
5033
4977
4952
4734
4455
3820
2972
2421
1230
743
-29
-1046
-1461
-2605
-3404
-3644
-4515
-4450
-4497
-4859
-4544
-4607
-4659
-4082
-3723
-3480
-2427
-2238
-1630
-755
-795
42
528
525
1211
1208
1135
1483
1039
1085
1166
1000
1050
1154
847
728
575
22
-7
-425
-1038
-1349
-2150
-2732
-2994
-3486
-3417
-3436
-3430
-3336
-3003
-2901
-2332
-1908
-1756
-1051
-1128
-864
-610
-744
-441
-301
-381
18
-17
15
291
158
333
532
524
664
811
545
644
593
438
814
784
994
1291
1258
1508
1639
1847
2022
2288
2287
2373
2358
2145
2211
2170
2366
2666
2970
3442
3733
4256
4543
4804
5174
4834
4868
4139
3257
2301
939
-110
-1166
-1885
-2567
-2802
-3135
-3227
-3008
-2958
-2598
-2222
-2303
-2185
-2625
-3239
-3708
-4395
-4704
-4852
-4799
-4678
-4090
-3644
-2876
-1896
-1236
-269
435
805
1350
1317
1219
1218
860
890
838
724
728
658
460
468
305
77
-13
-461
-768
-1065
-1493
-1575
-1611
-1564
-1174
-913
-588
-219
-186
-28
-117
-287
-458
-855
-1141
-1687
-1933
-2204
-2130
-1712
-1301
-551
91
645
1234
1592
1837
1954
1821
1515
1125
626
-13
-192
-594
-511
-218
-36
582
1019
1414
2020
2341
2600
2927
2724
2721
2342
2025
1632
1454
1210
1116
1213
1076
1334
1356
1382
1559
1474
1531
1444
1286
1079
808
588
310
236
127
-95
35
-360
-381
-490
-900
-800
-1147
-1355
-1414
-1727
-1858
-1792
-1955
-1735
-1476
-1454
-1115
-1020
-1087
-828
-897
-991
-785
-1149
-1128
-1190
-1439
-1243
-1157
-1022
-587
-321
-123
324
289
452
588
390
438
273
-67
-139
-447
-629
-594
-713
-538
-417
-293
-163
-28
-63
27
23
-138
-114
-362
-476
-550
-672
-639
-524
-498
-310
-191
-126
99
173
310
540
637
832
1129
1240
1635
1980
2241
2794
3034
3341
3631
3638
3635
3553
3273
2994
2845
2370
2292
2053
1733
1851
1584
1584
1750
1349
1507
840
397
-345
-1298
-1865
-2957
-3270
-4144
-4385
-4639
-4912
-4622
-4551
-4250
-3710
-3570
-3064
-2934
-2801
-2705
-2647
-2461
-2319
-1730
-1521
-720
-228
227
1050
1270
1851
2207
2271
2525
2413
2281
2250
2061
1991
2043
2123
2147
2350
2145
2149
2042
1683
1575
1054
667
231
-267
-580
-831
-1020
-1000
-882
-711
-430
-202
-52
133
148
198
160
59
-152
-370
-720
-961
-1144
-1313
-1231
-1306
-1116
-1115
-977
-950
-906
-870
-876
-852
-870
-878
-918
-902
-942
-829
-720
-501
-245
-54
138
283
342
414
448
439
519
538
605
726
819
898
1070
1068
1207
1184
1016
915
487
251
-200
-446
-749
-811
-970
-875
-779
-692
-321
-263
107
249
310
487
340
353
275
168
319
287
646
757
1168
1441
1707
2149
2141
2462
2366
2277
2284
1887
1841
1485
1231
1090
755
755
511
492
332
141
18
-393
-497
-934
-1114
-1333
-1619
-1608
-1814
-1682
-1579
-1465
-1110
-988
-673
-572
-510
-453
-593
-590
-821
-879
-1070
-1144
-1143
-1182
-1029
-1012
-838
-740
-649
-580
-681
-760
-1023
-1224
-1507
-1777
-1907
-2102
-2056
-1959
-1741
-1405
-974
-570
-69
350
674
1043
1170
1335
1449
1423
1490
1542
1527
1724
1765
1854
2052
2080
2298
2361
2358
2397
2084
2112
1546
1565
1138
789
923
25
259
-468
-931
-760
-1642
-1262
-1577
-1896
-1542
-2059
-1867
-1788
-1902
-1549
-1403
-1239
-1067
-783
-992
-626
-637
-785
-70
-467
92
300
36
653
357
518
827
586
826
787
560
619
487
257
416
243
182
352
-13
69
-65
-392
-285
-544
-611
-596
-757
-792
-700
-761
-617
-427
-433
-188
-113
-208
3
-176
-226
-191
-511
-517
-626
-850
-761
-831
-932
-736
-895
-801
-638
-791
-632
-663
-770
-628
-734
-771
-618
-763
-647
-530
-569
-292
-193
-103
161
156
252
441
387
576
638
575
746
702
753
897
845
910
971
859
995
967
932
1020
891
937
929
865
904
922
880
1009
965
989
1049
982
1029
1079
1032
1132
1130
1097
1219
1125
1201
1182
1104
1125
1035
916
821
627
453
343
138
53
-47
-149
-190
-248
-317
-352
-424
-499
-541
-685
-790
-904
-1104
-1154
-1296
-1350
-1304
-1338
-1199
-1150
-1025
-876
-785
-658
-602
-516
-502
-476
-511
-583
-616
-733
-764
-827
-872
-878
-920
-914
-911
-864
-842
-772
-740
-710
-623
-632
-544
-515
-491
-402
-403
-323
-230
-147
4
141
264
456
567
749
882
1004
1120
1209
1309
1343
1432
1401
1443
1426
1441
1486
1524
1527
1606
1586
1591
1604
1504
1517
1320
1240
1029
892
736
622
578
523
555
547
575
675
627
758
717
639
715
419
470
210
26
-58
-330
-317
-422
-463
-473
-548
-609
-665
-703
-799
-815
-931
-1078
-1103
-1357
-1414
-1571
-1750
-1735
-1880
-1880
-1868
-1938
-1867
-1836
-1791
-1623
-1556
-1366
-1201
-1030
-890
-753
-649
-546
-408
-369
-233
-212
-164
-88
-45
67
182
277
426
519
612
697
744
827
872
895
894
888
848
875
853
880
911
917
993
1005
1038
1040
1026
1012
1015
979
924
846
737
690
598
573
500
456
407
320
279
173
111
11
-86
-155
-250
-303
-348
-404
-372
-371
-309
-257
-221
-147
-176
-131
-144
-121
-90
-102
-55
-43
23
83
129
207
215
268
260
257
218
96
1
-176
-293
-431
-538
-591
-676
-682
-711
-693
-650
-661
-635
-670
-694
-737
-791
-816
-865
-847
-841
-738
-656
-511
-383
-245
-89
3
141
183
233
267
236
246
188
155
146
139
186
186
250
232
246
234
181
151
47
-20
-70
-154
-166
-216
-238
-174
-150
-39
45
91
154
167
178
177
145
83
29
-57
-115
-166
-218
-222
-208
-185
-146
-114
-107
-93
-131
-154
-168
-218
-183
-210
-213
-233
-271
-254
-261
-183
-159
-90
-45
11
101
147
240
301
385
475
533
602
640
660
662
634
607
532
479
401
342
296
254
259
267
306
320
377
377
412
402
368
342
269
215
151
79
26
-18
-34
-2
31
101
145
205
248
295
330
335
330
303
273
278
244
240
192
136
119
41
29
-24
-93
-148
-255
-317
-391
-463
-489
-536
-507
-504
-469
-433
-420
-389
-401
-405
-417
-427
-441
-438
-449
-438
-431
-400
-370
-321
-286
-272
-271
-313
-355
-433
-483
-545
-580
-630
-676
-699
-717
-699
-668
-649
-614
-584
-550
-516
-496
-468
-440
-385
-324
-221
-131
-11
92
197
294
385
470
558
624
690
724
747
783
811
866
887
924
911
928
879
850
783
685
617
512
448
372
315
262
250
239
262
277
315
335
347
342
332
328
317
325
313
318
310
316
317
337
356
388
411
425
417
400
372
342
317
271
239
192
159
112
76
3
-79
-165
-255
-312
-385
-427
-489
-520
-557
-564
-554
-552
-520
-533
-537
-586
-623
-683
-751
-805
-879
-932
-990
-1017
-1036
-1048
-1028
-1007
-942
-883
-820
-772
-741
-687
-628
-553
-470
-384
-299
-195
-100
14
111
230
326
427
533
615
695
756
819
879
942
989
1031
1042
1052
1044
1016
986
927
871
810
745
691
622
565
518
490
477
449
444
397
367
313
251
200
116
64
-11
-60
-98
-141
-158
-194
-208
-215
-211
-194
-201
-213
-225
-228
-216
-182
-140
-95
-60
-24
11
21
21
3
-23
-48
-82
-106
-154
-194
-219
-233
-204
-181
-141
-113
-116
-133
-178
-238
-313
-396
-485
-573
-653
-722
-764
-775
-770
-740
-690
-633
-547
-493
-438
-406
-386
-368
-380
-383
-395
-403
-401
-387
-385
-365
-352
-321
-259
-194
-111
-45
27
103
168
225
282
334
379
427
453
487
499
509
523
528
543
564
584
596
614
620
627
633
647
658
655
641
610
569
502
443
380
308
251
190
139
97
66
49
53
52
57
54
55
52
40
21
-9
-52
-85
-106
-120
-111
-97
-75
-69
-56
-64
-69
-93
-142
-192
-260
-309
-345
-369
-362
-339
-309
-264
-223
-171
-141
-130
-135
-185
-240
-317
-390
-449
-498
-526
-536
-508
-458
-401
-330
-279
-237
-218
-219
-229
-271
-304
-340
-364
-372
-387
-378
-374
-352
-313
-269
-221
-183
-148
-112
-82
-39
-6
30
65
105
158
183
211
223
216
210
196
203
224
254
312
378
465
545
626
686
713
721
690
627
526
396
256
136
38
-20
-57
-68
-52
-32
12
46
91
115
119
115
88
64
25
-2
-29
-50
-59
-67
-49
-45
-52
-61
-75
-76
-69
-61
-48
-44
-27
-9
17
32
30
31
0
-10
-45
-74
-89
-103
-79
-37
32
105
175
247
303
366
409
433
455
449
448
427
395
370
331
304
285
275
267
252
239
223
208
206
212
224
228
232
222
213
208
192
170
122
80
21
-32
-84
-132
-173
-211
-226
-261
-285
-311
-355
-386
-428
-455
-507
-547
-580
-602
-593
-600
-586
-591
-618
-633
-662
-683
-696
-712
-708
-696
-655
-613
-555
-482
-410
-329
-259
-191
-154
-147
-140
-165
-164
-160
-152
-103
-64
8
70
140
211
262
319
352
389
405
406
412
409
420
428
433
454
455
470
467
469
459
441
436
424
437
450
479
521
567
614
652
688
719
739
748
729
679
622
546
479
403
328
265
211
179
158
142
104
58
8
-38
-93
-180
-285
-406
-531
-626
-705
-760
-789
-810
-774
-718
-642
-565
-519
-472
-461
-460
-474
-507
-537
-572
-590
-593
-582
-557
-519
-471
-422
-383
-350
-335
-331
-340
-345
-351
-353
-326
-291
-234
-182
-148
-117
-107
-108
-132
-170
-199
-229
-229
-199
-147
-53
48
169
281
380
474
530
563
555
514
465
416
385
381
394
428
476
528
579
610
627
606
583
540
503
477
446
450
455
496
538
574
605
602
580
528
446
357
257
175
101
55
46
62
109
133
145
122
67
1
-99
-214
-352
-498
-610
-689
-724
-725
-702
-657
-618
-570
-532
-519
-527
-558
-587
-602
-591
-561
-506
-429
-340
-221
-102
-10
65
90
81
43
-18
-74
-129
-172
-187
-170
-125
-66
1
47
63
45
-15
-83
-167
-257
-340
-407
-440
-447
-413
-343
-252
-148
-66
4
46
62
70
75
82
101
132
179
246
320
417
502
574
619
628
616
569
505
433
359
315
290
307
335
371
395
392
381
333
287
223
148
78
4
-33
-61
-61
-23
26
98
165
226
273
295
305
296
275
248
215
191
169
155
135
112
93
66
44
5
-35
-79
-134
-178
-228
-259
-291
-323
-350
-394
-437
-478
-503
-513
-525
-539
-554
-558
-543
-515
-476
-438
-402
-376
-342
-299
-259
-213
-187
-171
-156
-147
-135
-131
-132
-135
-136
-130
-117
-88
-54
-22
23
71
123
170
208
232
236
227
205
193
192
200
231
265
308
348
373
418
448
466
478
471
461
430
404
375
344
331
310
295
264
219
162
103
43
-18
-75
-130
-175
-204
-218
-205
-187
-149
-105
-66
-20
3
30
39
40
24
-9
-44
-71
-84
-78
-55
-24
15
52
93
131
151
141
106
53
-17
-95
-168
-231
-278
-300
-295
-281
-255
-232
-216
-201
-188
-191
-200
-221
-234
-238
-226
-189
-140
-69
7
86
168
234
278
291
271
237
188
139
107
102
113
149
193
245
297
328
339
308
252
187
117
53
-5
-52
-86
-97
-81
-46
-6
28
39
35
23
5
-21
-56
-86
-106
-111
-95
-64
-40
-19
-9
-6
-13
-43
-87
-147
-196
-235
-247
-239
-229
-204
-181
-147
-118
-101
-107
-125
-152
-180
-195
-202
-184
-158
-121
-73
-32
7
34
50
52
43
20
6
9
19
45
75
111
140
153
157
147
120
75
18
-41
-91
-118
-111
-85
-43
3
57
109
152
176
177
163
131
102
86
85
100
122
163
209
259
307
324
318
281
227
168
108
61
23
12
20
36
64
85
90
82
42
-20
-85
-158
-220
-272
-302
-309
-285
-243
-197
-158
-132
-112
-112
-129
-159
-200
-244
-277
-283
-273
-253
-226
-188
-152
-128
-124
-135
-163
-205
-244
-284
-312
-324
-309
-270
-221
-163
-117
-70
-43
-39
-41
-49
-50
-47
-30
8
59
127
204
279
346
389
415
423
419
400
374
351
334
335
345
364
380
387
387
364
325
264
180
102
35
-13
-47
-68
-69
-53
-21
6
25
30
18
-12
-54
-99
-153
-188
-202
-197
-163
-124
-70
-14
32
59
60
39
2
-42
-82
-124
-154
-172
-175
-155
-134
-115
-105
-108
-119
-134
-161
-190
-224
-245
-259
-262
-257
-244
-213
-180
-136
-101
-72
-58
-52
-51
-49
-46
-47
-59
-67
-67
-56
-48
-39
-34
-40
-40
-34
-23
-12
-7
-3
1
5
20
36
50
59
63
80
89
106
123
142
166
185
211
240
267
295
319
341
352
360
374
384
395
390
373
343
306
267
229
197
161
123
85
57
45
42
42
41
31
11
-22
-63
-100
-132
-159
-188
-213
-218
-216
-201
-187
-169
-157
-148
-125
-106
-91
-92
-101
-110
-112
-109
-105
-106
-113
-116
-118
-119
-123
-133
-146
-157
-163
-169
-179
-185
-175
-153
-125
-105
-91
-82
-81
-85
-91
-99
-108
-107
-102
-87
-57
-30
3
37
65
86
104
115
114
108
93
73
55
45
43
41
40
37
39
46
58
74
77
76
72
70
66
60
55
53
63
82
106
133
152
168
179
189
204
218
230
233
230
226
219
214
211
209
202
192
180
162
141
124
107
88
65
37
6
-24
-48
-64
-84
-106
-127
-142
-146
-153
-155
-158
-160
-161
-164
-168
-175
-179
-181
-183
-179
-172
-170
-158
-145
-135
-125
-122
-116
-108
-97
-85
-77
-65
-54
-42
-31
-19
-9
-4
3
12
21
27
30
33
40
48
55
59
63
62
59
58
59
64
66
64
59
50
49
46
38
25
8
-8
-19
-32
-39
-47
-47
-47
-42
-32
-26
-15
-8
-8
-11
-10
-8
1
10
18
31
42
59
79
93
101
102
99
95
91
87
83
74
71
71
75
79
75
60
40
16
-7
-26
-45
-67
-88
-101
-103
-93
-81
-68
-67
-68
-77
-84
-91
-106
-120
-126
-124
-111
-91
-64
-38
-17
4
15
26
27
20
9
2
-1
-1
5
15
32
44
56
68
69
60
46
31
16
9
6
6
13
27
44
58
62
60
48
34
16
-4
-21
-36
-35
-36
-26
-10
2
7
-2
-14
-34
-55
-78
-100
-118
-132
-136
-129
-111
-85
-65
-48
-36
-31
-35
-44
-51
-64
-73
-75
-62
-39
-16
10
38
60
77
81
73
59
44
33
25
23
24
29
39
53
67
73
72
61
41
25
8
-7
-21
-28
-30
-23
-12
1
14
22
19
16
9
-1
-4
-6
-5
-4
-4
-3
2
12
22
29
31
26
17
11
2
-5
-12
-13
-9
-6
-1
3
5
6
5
-3
-13
-23
-33
-33
-24
-12
3
20
29
36
40
41
39
36
28
21
18
19
24
35
41
50
54
52
47
35
24
10
1
-9
-20
-26
-25
-15
-3
3
2
-3
-8
-16
-27
-43
-63
-78
-84
-73
-56
-35
-12
7
26
36
36
32
23
17
5
-7
-12
-17
-15
0
22
42
51
55
52
44
35
22
8
-10
-20
-20
-12
4
20
29
40
47
43
35
18
-2
-24
-39
-42
-35
-21
-10
4
15
23
29
22
15
5
-10
-16
-15
-10
0
9
21
32
45
57
60
64
55
44
33
22
19
23
32
44
55
61
66
69
60
46
23
3
-14
-26
-31
-33
-27
-16
-7
0
0
-8
-25
-43
-61
-76
-92
-104
-109
-103
-91
-79
-66
-57
-49
-47
-48
-46
-46
-46
-47
-47
-47
-43
-33
-21
-9
3
6
5
5
2
1
2
6
10
19
30
39
44
43
43
37
31
24
22
25
31
40
50
58
65
68
73
75
72
60
45
28
14
10
12
23
39
47
54
53
43
32
12
-6
-27
-45
-53
-52
-44
-32
-15
3
17
24
20
9
-7
-25
-40
-48
-49
-43
-27
-6
14
31
41
47
50
45
34
18
-1
-16
-23
-19
-9
4
14
20
16
6
-3
-17
-36
-55
-69
-72
-68
-57
-40
-24
-13
-3
-2
-5
-17
-32
-50
-58
-56
-46
-31
-16
-2
11
19
24
25
19
6
-7
-21
-36
-41
-39
-33
-18
-1
16
26
24
16
7
-8
-21
-27
-28
-24
-14
-2
12
24
34
36
34
31
23
13
2
-10
-13
-6
7
19
31
35
31
25
19
12
-1
-21
-35
-41
-42
-35
-24
-11
6
16
21
23
22
15
2
-10
-19
-21
-11
10
31
47
54
56
58
53
40
23
4
-12
-25
-26
-22
-13
-4
-1
2
0
-6
-13
-22
-33
-49
-63
-71
-70
-56
-37
-21
-11
-3
7
11
7
-6
-23
-38
-44
-40
-26
-8
11
30
48
60
58
56
45
25
7
-10
-23
-26
-27
-21
-12
-5
4
11
12
7
-2
-15
-25
-32
-37
-39
-36
-29
-17
-2
10
18
24
21
14
8
-2
-9
-8
-4
4
13
19
24
24
23
18
9
-3
-16
-26
-28
-23
-19
-13
-2
4
7
12
11
7
-4
-14
-18
-19
-15
-6
2
13
25
41
54
57
54
44
29
20
10
2
0
2
12
24
32
36
40
36
27
11
-10
-24
-35
-44
-46
-38
-29
-17
-4
5
9
13
13
11
3
-8
-16
-19
-15
-4
10
20
32
43
51
52
43
29
14
-2
-19
-30
-35
-31
-23
-11
0
3
3
-3
-8
-17
-26
-36
-43
-48
-43
-37
-29
-17
-7
0
4
6
9
10
11
10
9
9
7
7
14
20
23
25
23
22
17
13
11
6
0
-2
-1
1
1
2
1
0
0
0
3
10
15
15
15
16
16
12
14
16
19
22
25
30
36
42
43
46
43
36
30
22
18
14
5
-1
-2
-6
-3
-3
-5
-4
-8
-11
-13
-20
-25
-25
-24
-19
-11
-8
-6
0
5
8
7
2
-6
-10
-17
-15
-12
-10
-2
3
8
9
8
4
-1
-10
-18
-24
-32
-35
-36
-34
-30
-20
-11
-9
-5
-5
-10
-12
-12
-11
-12
-7
-1
3
9
12
16
19
15
12
10
7
4
-4
-9
-8
-7
-5
-8
-12
-15
-17
-16
-16
-19
-28
-33
-36
-35
-26
-19
-16
-11
-8
-7
-5
-4
-1
0
2
6
12
17
20
25
30
32
32
27
24
20
14
9
2
-3
-6
-6
-1
1
2
4
5
6
1
-8
