-4
-3
-4
-4
-1
-2
-2
3
5
0
2
9
5
-3
1
4
-5
-7
-2
-3
-5
0
3
0
3
7
2
1
3
0
-5
-3
-4
-6
-4
0
-3
-4
3
6
2
2
7
6
3
0
-3
-2
-3
-5
-6
-3
1
3
2
3
7
8
2
1
3
-4
-7
-3
-6
-9
-4
2
-4
-4
8
10
0
3
8
1
-4
-2
-4
-7
-4
-3
-4
0
5
4
3
9
7
5
3
0
-4
-3
-4
-8
-6
-4
-1
-2
1
5
6
5
4
2
0
-3
-5
-6
-7
-7
-3
-2
-4
4
10
6
4
9
8
2
-1
0
-6
-7
-4
-6
-5
1
2
2
6
9
5
2
4
0
-7
-5
-5
-10
-9
-4
-1
-1
3
7
8
7
4
4
3
-2
-5
-6
-7
-7
-4
-2
2
5
8
9
9
9
6
2
-1
-5
-8
-8
-8
-9
-5
2
0
4
7
7
5
6
2
-6
-7
-6
-11
-13
-9
-4
-2
0
7
12
10
8
9
9
2
-3
-2
-3
-9
-6
1
1
0
8
12
9
6
7
5
-1
-7
-12
-12
-14
-16
-13
-4
-4
-4
5
10
6
4
7
4
-3
-3
-2
-6
-7
-2
6
7
9
11
15
17
13
9
9
1
-8
-8
-8
-15
-13
-11
-8
-4
-1
0
1
1
-1
-4
-5
-9
-13
-11
-7
-9
-5
3
9
12
14
21
20
15
15
10
4
0
-5
-6
-3
-6
-5
0
1
2
3
4
0
-7
-8
-10
-16
-19
-19
-15
-13
-12
-4
5
7
10
13
16
14
9
9
7
2
1
1
1
5
6
7
11
12
10
7
6
-1
-11
-12
-12
-19
-20
-18
-16
-11
-5
-2
4
4
4
5
7
5
-5
-4
0
-4
-3
1
4
6
13
16
16
14
12
10
9
3
-7
-8
-3
-10
-11
-3
-4
-8
0
7
1
-4
-3
-5
-8
-7
-13
-15
-11
-9
-7
2
6
5
8
18
18
8
12
13
2
0
2
-1
-2
0
2
4
6
4
5
9
5
-7
-7
-3
-13
-17
-14
-17
-18
-13
-5
-4
-5
2
6
7
10
5
3
8
2
0
9
7
3
7
15
15
9
11
12
5
3
0
-9
-8
-14
-17
-13
-13
-14
-12
-5
0
-5
-1
3
-3
-3
1
-4
-7
-6
-4
2
4
5
8
13
19
17
17
21
12
5
10
6
-2
-9
-9
-8
-9
-8
-8
-10
-9
-7
-11
-8
-12
-17
-13
-11
-12
-10
-4
2
4
10
17
17
18
20
19
17
12
8
8
5
1
0
2
1
-1
-1
2
-1
-6
-9
-12
-16
-22
-26
-26
-29
-29
-25
-17
-9
-4
2
11
19
26
31
32
31
31
35
36
30
26
24
21
17
10
3
-6
-19
-27
-32
-43
-54
-64
-63
-58
-58
-54
-43
-32
-18
-4
11
23
31
42
54
58
64
64
63
69
69
65
61
54
44
35
22
6
-17
-34
-47
-68
-87
-95
-105
-112
-110
-103
-94
-83
-67
-51
-33
-9
9
22
44
64
76
92
106
116
122
129
132
126
115
103
85
62
36
7
-21
-50
-79
-101
-120
-136
-146
-150
-152
-148
-140
-128
-114
-96
-74
-49
-21
5
29
62
97
120
143
167
183
187
186
184
173
152
127
97
63
32
-2
-42
-75
-103
-133
-158
-180
-202
-214
-217
-218
-214
-200
-177
-151
-116
-70
-26
20
71
118
162
204
234
257
276
284
283
273
255
229
197
162
124
76
26
-29
-84
-138
-194
-253
-301
-343
-379
-405
-419
-418
-404
-374
-326
-267
-197
-116
-26
68
163
258
351
432
498
556
598
615
613
595
553
486
404
308
194
69
-57
-182
-308
-423
-528
-617
-685
-735
-763
-767
-750
-711
-652
-573
-474
-362
-235
-96
48
198
349
494
627
751
862
950
1005
1031
1028
991
919
812
676
514
329
127
-85
-304
-513
-709
-893
-1048
-1165
-1253
-1305
-1311
-1277
-1201
-1087
-940
-764
-563
-343
-111
124
360
586
802
1003
1176
1316
1434
1517
1554
1549
1505
1410
1264
1078
854
579
278
-33
-365
-704
-1021
-1304
-1557
-1763
-1900
-1970
-1978
-1914
-1777
-1584
-1340
-1048
-726
-391
-51
287
606
892
1147
1369
1541
1668
1751
1786
1777
1731
1647
1523
1366
1185
973
731
472
195
-104
-410
-717
-1025
-1323
-1595
-1833
-2033
-2174
-2241
-2241
-2165
-1999
-1751
-1438
-1063
-634
-183
272
718
1135
1489
1774
1996
2131
2176
2151
2062
1908
1707
1485
1244
984
726
484
241
-3
-233
-456
-685
-909
-1117
-1320
-1514
-1678
-1804
-1892
-1932
-1910
-1829
-1687
-1486
-1228
-928
-597
-243
119
469
797
1095
1344
1542
1685
1772
1800
1776
1709
1605
1473
1326
1169
1006
849
701
553
402
248
81
-112
-332
-584
-869
-1186
-1514
-1844
-2158
-2425
-2622
-2730
-2727
-2595
-2336
-1947
-1447
-854
-202
474
1135
1738
2253
2653
2913
3028
2997
2832
2557
2200
1787
1350
917
518
166
-130
-366
-545
-678
-778
-860
-938
-1027
-1131
-1255
-1394
-1543
-1689
-1818
-1913
-1957
-1932
-1828
-1643
-1368
-1012
-583
-104
410
930
1426
1876
2251
2523
2679
2710
2613
2394
2066
1654
1183
685
193
-264
-656
-967
-1182
-1298
-1322
-1261
-1140
-982
-810
-644
-512
-425
-390
-408
-470
-566
-671
-773
-851
-882
-854
-767
-614
-402
-148
128
412
677
900
1063
1157
1178
1121
1001
837
643
450
285
167
116
143
253
437
674
937
1196
1404
1529
1537
1397
1095
630
19
-707
-1503
-2311
-3068
-3710
-4176
-4413
-4393
-4103
-3547
-2757
-1781
-685
452
1558
2556
3378
3980
4326
4410
4252
3875
3329
2674
1967
1270
635
96
-319
-607
-774
-838
-835
-801
-768
-772
-841
-985
-1203
-1494
-1832
-2187
-2521
-2795
-2973
-3020
-2910
-2635
-2186
-1577
-842
-10
877
1759
2583
3297
3858
4224
4366
4283
3975
3459
2776
1972
1097
208
-628
-1370
-1974
-2410
-2662
-2730
-2633
-2396
-2050
-1641
-1213
-795
-429
-135
74
195
236
209
135
43
-51
-125
-161
-151
-94
7
141
298
454
594
702
759
759
698
575
399
185
-41
-262
-447
-568
-602
-528
-341
-37
370
846
1364
1871
2309
2629
2776
2705
2394
1834
1042
52
-1070
-2245
-3385
-4401
-5196
-5697
-5853
-5638
-5053
-4135
-2949
-1574
-116
1319
2630
3734
4564
5077
5264
5150
4768
4186
3476
2708
1957
1277
709
278
-34
-229
-339
-415
-497
-620
-817
-1104
-1491
-1953
-2466
-3000
-3502
-3918
-4209
-4334
-4253
-3955
-3443
-2721
-1814
-772
351
1499
2617
3625
4463
5099
5484
5587
5418
4984
4309
3442
2440
1372
293
-730
-1626
-2360
-2908
-3240
-3364
-3299
-3074
-2724
-2293
-1829
-1366
-933
-564
-268
-43
114
206
258
285
299
312
335
372
420
476
535
592
632
650
648
615
548
453
332
188
25
-136
-288
-419
-503
-526
-472
-329
-91
245
656
1122
1612
2073
2453
2706
2778
2626
2232
1590
722
-337
-1511
-2714
-3860
-4853
-5592
-6009
-6055
-5708
-4980
-3917
-2598
-1108
434
1914
3231
4304
5059
5465
5529
5276
4756
4049
3233
2387
1585
888
335
-68
-325
-459
-512
-535
-574
-668
-848
-1133
-1518
-1979
-2487
-2999
-3457
-3814
-4030
-4058
-3879
-3490
-2904
-2136
-1226
-237
784
1780
2691
3464
4059
4452
4621
4565
4306
3861
3261
2554
1791
1005
240
-459
-1065
-1565
-1940
-2187
-2314
-2337
-2263
-2106
-1902
-1659
-1381
-1097
-821
-549
-294
-67
127
287
409
484
512
503
454
368
265
153
41
-57
-128
-170
-182
-166
-122
-67
-17
30
64
72
69
67
76
114
207
369
605
919
1298
1713
2124
2488
2744
2843
2737
2397
1810
984
-49
-1224
-2463
-3672
-4761
-5623
-6180
-6373
-6165
-5558
-4587
-3315
-1827
-233
1344
2801
4040
4978
5565
5785
5654
5214
4531
3686
2766
1854
1024
332
-192
-544
-735
-795
-775
-732
-710
-751
-894
-1150
-1505
-1940
-2419
-2893
-3300
-3597
-3738
-3686
-3430
-2974
-2333
-1541
-650
282
1202
2061
2801
3382
3787
4004
4029
3879
3585
3164
2651
2086
1494
895
317
-218
-708
-1144
-1513
-1811
-2041
-2194
-2262
-2251
-2160
-1987
-1740
-1435
-1089
-715
-343
3
303
539
693
760
744
658
512
335
155
-6
-130
-193
-189
-125
-9
143
302
442
543
585
557
461
311
128
-57
-205
-282
-259
-120
143
517
972
1463
1933
2319
2556
2591
2385
1918
1193
248
-858
-2048
-3231
-4297
-5153
-5715
-5917
-5727
-5145
-4201
-2956
-1502
47
1579
2984
4159
5024
5532
5665
5440
4905
4130
3200
2208
1248
395
-297
-791
-1074
-1169
-1115
-966
-781
-621
-542
-578
-750
-1054
-1470
-1956
-2460
-2921
-3282
-3491
-3512
-3320
-2915
-2315
-1551
-677
252
1176
2039
2785
3377
3786
4003
4028
3875
3566
3132
2608
2023
1408
788
190
-373
-885
-1342
-1729
-2040
-2271
-2417
-2472
-2430
-2296
-2073
-1769
-1398
-982
-544
-109
293
633
895
1063
1123
1082
953
752
504
242
-6
-212
-356
-424
-413
-332
-194
-24
150
298
401
440
407
309
163
-3
-161
-265
-284
-194
21
366
814
1329
1862
2350
2721
2913
2873
2560
1964
1102
19
-1226
-2537
-3802
-4919
-5790
-6320
-6448
-6151
-5432
-4333
-2934
-1337
344
1985
3457
4660
5527
6006
6082
5789
5181
4329
3338
2304
1313
441
-249
-735
-1017
-1115
-1075
-955
-817
-721
-718
-834
-1085
-1461
-1929
-2445
-2950
-3383
-3692
-3824
-3748
-3449
-2932
-2226
-1370
-411
583
1549
2435
3188
3770
4161
4347
4330
4131
3774
3285
2699
2049
1370
685
22
-599
-1163
-1652
-2055
-2367
-2575
-2674
-2664
-2547
-2328
-2016
-1630
-1191
-725
-261
171
546
840
1033
1119
1097
977
779
526
250
-20
-252
-426
-523
-535
-470
-339
-160
35
218
370
462
486
444
343
203
60
-56
-107
-66
87
361
742
1201
1703
2181
2577
2826
2871
2666
2190
1448
464
-706
-1975
-3252
-4436
-5418
-6105
-6428
-6341
-5833
-4932
-3696
-2209
-578
1069
2616
3956
5002
5688
5988
5910
5493
4799
3911
2925
1925
1000
214
-397
-817
-1052
-1133
-1105
-1026
-948
-918
-975
-1137
-1400
-1747
-2144
-2546
-2898
-3156
-3273
-3220
-2983
-2563
-1980
-1269
-471
356
1162
1900
2526
3008
3327
3478
3468
3310
3027
2646
2193
1701
1189
681
189
-268
-686
-1053
-1366
-1619
-1804
-1916
-1954
-1913
-1792
-1596
-1333
-1016
-663
-296
63
389
658
855
961
974
897
731
503
232
-58
-335
-572
-751
-853
-874
-812
-680
-499
-286
-68
127
282
383
425
414
364
301
252
245
309
459
704
1039
1437
1864
2269
2599
2795
2801
2581
2108
1383
438
-684
-1910
-3149
-4301
-5265
-5954
-6298
-6250
-5795
-4957
-3782
-2362
-797
804
2325
3647
4691
5396
5732
5700
5334
4696
3864
2926
1976
1088
324
-269
-673
-900
-976
-941
-849
-759
-713
-752
-896
-1145
-1493
-1900
-2328
-2728
-3051
-3250
-3294
-3160
-2842
-2351
-1715
-973
-162
664
1450
2159
2754
3204
3494
3619
3585
3403
3094
2685
2199
1661
1099
540
-2
-510
-966
-1357
-1677
-1921
-2077
-2149
-2134
-2034
-1858
-1613
-1314
-979
-618
-264
69
361
595
756
840
843
774
641
465
266
64
-117
-259
-346
-374
-346
-268
-148
-19
104
206
262
264
215
122
3
-118
-206
-230
-169
3
291
686
1158
1671
2175
2602
2886
2981
2831
2410
1724
789
-345
-1597
-2875
-4079
-5107
-5862
-6267
-6273
-5866
-5066
-3921
-2512
-944
661
2194
3538
4608
5338
5697
5683
5332
4704
3880
2944
1988
1102
343
-245
-638
-843
-890
-824
-698
-568
-496
-517
-656
-927
-1315
-1788
-2303
-2807
-3248
-3563
-3712
-3671
-3417
-2949
-2300
-1494
-583
375
1324
2211
2978
3589
4009
4229
4243
4064
3708
3204
2598
1922
1209
506
-157
-759
-1272
-1685
-1988
-2181
-2269
-2254
-2152
-1979
-1746
-1468
-1166
-858
-552
-265
-13
196
363
474
529
538
502
430
334
225
119
19
-62
-109
-132
-132
-105
-64
-25
9
31
30
6
-29
-72
-105
-108
-63
49
241
514
868
1287
1734
2175
2564
2847
2973
2904
2607
2067
1287
305
-830
-2056
-3289
-4425
-5381
-6079
-6447
-6438
-6044
-5279
-4172
-2810
-1284
311
1873
3285
4458
5332
5871
6050
5884
5427
4734
3874
2939
2007
1137
384
-209
-635
-912
-1057
-1104
-1108
-1113
-1158
-1271
-1470
-1760
-2120
-2517
-2918
-3276
-3540
-3668
-3635
-3412
-2993
-2397
-1648
-783
156
1106
2007
2819
3499
3998
4302
4404
4308
4019
3572
3000
2331
1607
873
160
-509
-1101
-1593
-1976
-2251
-2410
-2450
-2390
-2242
-2010
-1714
-1382
-1027
-659
-311
-2
267
479
616
681
683
623
505
353
187
17
-139
-259
-332
-362
-343
-275
-173
-56
63
172
250
289
289
258
198
126
72
61
102
221
432
726
1085
1491
1906
2278
2556
2693
2649
2383
1883
1161
232
-852
-2018
-3183
-4264
-5174
-5823
-6141
-6100
-5682
-4894
-3789
-2438
-936
618
2112
3438
4519
5287
5697
5748
5472
4912
4130
3217
2264
1348
535
-119
-586
-869
-980
-954
-844
-710
-601
-561
-631
-828
-1142
-1555
-2036
-2538
-2996
-3365
-3605
-3667
-3527
-3186
-2650
-1946
-1106
-190
754
1677
2519
3233
3789
4159
4328
4294
4066
3671
3130
2470
1738
971
203
-527
-1184
-1742
-2182
-2487
-2641
-2657
-2543
-2304
-1966
-1565
-1124
-666
-233
148
461
694
823
856
803
677
490
270
48
-160
-337
-457
-511
-502
-434
-311
-153
14
172
310
400
428
398
315
183
27
-122
-239
-302
-274
-141
100
448
885
1376
1878
2333
2693
2900
2902
2671
2192
1469
530
-576
-1765
-2963
-4076
-5007
-5677
-6026
-6006
-5603
-4841
-3768
-2454
-987
522
1959
3242
4282
5008
5398
5449
5179
4640
3907
3054
2159
1302
552
-52
-486
-748
-845
-824
-730
-609
-510
-483
-559
-746
-1048
-1454
-1928
-2426
-2906
-3316
-3603
-3733
-3676
-3417
-2953
-2292
-1468
-525
496
1539
2538
3436
4191
4745
5064
5140
4958
4521
3859
3017
2036
972
-108
-1133
-2056
-2821
-3385
-3718
-3825
-3699
-3360
-2856
-2230
-1524
-794
-105
501
996
1348
1540
1580
1482
1265
959
610
252
-85
-368
-566
-670
-687
-612
-454
-252
-33
192
377
494
537
495
364
160
-89
-352
-597
-780
-858
-802
-603
-252
243
851
1513
2178
2783
3249
3506
3513
3232
2642
1768
660
-621
-1994
-3343
-4560
-5551
-6233
-6528
-6406
-5872
-4954
-3709
-2236
-647
959
2463
3751
4750
5411
5705
5637
5248
4603
3774
2843
1901
1035
289
-289
-670
-864
-906
-826
-672
-509
-395
-366
-452
-681
-1052
-1530
-2085
-2676
-3245
-3721
-4054
-4205
-4131
-3803
-3231
-2437
-1440
-294
915
2129
3284
4293
5082
5612
5851
5771
5376
4703
3795
2698
1491
266
-914
-1985
-2867
-3515
-3911
-4047
-3920
-3565
-3035
-2373
-1635
-889
-199
400
870
1181
1327
1319
1176
923
599
253
-80
-372
-581
-686
-692
-595
-402
-143
147
436
698
894
992
979
865
642
327
-31
-396
-736
-998
-1130
-1112
-934
-579
-64
565
1254
1959
2602
3102
3400
3453
3225
2698
1895
863
-339
-1635
-2916
-4085
-5063
-5761
-6108
-6080
-5684
-4929
-3863
-2573
-1151
308
1708
2949
3960
4692
5113
5211
5022
4590
3966
3216
2421
1648
946
357
-88
-384
-552
-612
-595
-551
-525
-547
-648
-851
-1154
-1540
-1991
-2476
-2942
-3340
-3634
-3785
-3754
-3523
-3093
-2473
-1686
-768
226
1250
2243
3145
3903
4477
4841
4962
4834
4485
3931
3193
2331
1399
446
-481
-1323
-2035
-2592
-2976
-3161
-3160
-3000
-2692
-2262
-1762
-1237
-716
-230
177
483
688
787
774
672
514
314
97
-99
-247
-344
-371
-319
-200
-35
162
373
561
701
779
782
698
533
309
44
-232
-479
-667
-764
-739
-589
-303
103
597
1143
1691
2187
2573
2797
2820
2614
2168
1499
645
-361
-1440
-2514
-3508
-4346
-4953
-5278
-5299
-5000
-4387
-3514
-2442
-1232
33
1255
2358
3286
3985
4412
4568
4478
4156
3652
3038
2367
1689
1062
531
120
-179
-358
-427
-434
-417
-396
-412
-498
-666
-919
-1251
-1651
-2083
-2508
-2896
-3208
-3404
-3453
-3340
-3056
-2598
-1980
-1234
-390
514
1435
2314
3104
3771
4276
4578
4666
4535
4185
3632
2914
2070
1140
176
-755
-1601
-2327
-2888
-3242
-3390
-3339
-3087
-2668
-2128
-1510
-863
-238
308
745
1057
1216
1220
1097
867
557
210
-122
-410
-633
-753
-763
-675
-498
-247
39
319
560
748
842
827
722
530
266
-28
-305
-531
-670
-688
-556
-281
120
636
1218
1804
2335
2755
2999
3019
2786
2298
1560
607
-498
-1676
-2849
-3927
-4811
-5434
-5745
-5706
-5309
-4578
-3561
-2335
-976
417
1743
2919
3878
4557
4935
5013
4804
4348
3708
2958
2162
1382
678
95
-345
-639
-781
-808
-758
-661
-563
-511
-525
-630
-832
-1132
-1514
-1936
-2369
-2780
-3112
-3326
-3399
-3297
-3005
-2524
-1869
-1061
-136
849
1837
2783
3624
4297
4760
4988
4955
4651
4104
3349
2415
1371
288
-772
-1744
-2567
-3182
-3569
-3719
-3623
-3301
-2807
-2182
-1474
-751
-75
507
964
1262
1390
1362
1198
919
565
194
-159
-464
-679
-786
-785
-677
-475
-209
87
374
624
803
880
855
728
504
216
-104
-416
-673
-834
-867
-753
-480
-64
471
1086
1720
2309
2789
3097
3187
3009
2565
1867
932
-180
-1376
-2588
-3718
-4672
-5370
-5757
-5797
-5468
-4794
-3827
-2632
-1278
118
1464
2680
3690
4423
4858
4992
4834
4420
3815
3081
2286
1499
782
177
-288
-600
-759
-796
-739
-627
-511
-424
-403
-481
-659
-938
-1310
-1747
-2203
-2639
-3018
-3292
-3414
-3366
-3137
-2709
-2091
-1330
-458
502
1472
2381
3200
3882
4358
4604
4626
4419
3976
3342
2582
1710
783
-112
-932
-1662
-2245
-2633
-2844
-2894
-2772
-2498
-2128
-1703
-1235
-770
-365
-31
240
405
461
449
378
247
92
-47
-158
-237
-255
-200
-97
48
240
444
623
768
868
889
821
676
466
196
-107
-398
-647
-832
-914
-864
-682
-378
53
571
1128
1681
2177
2562
2782
2802
2606
2178
1531
709
-243
-1278
-2304
-3250
-4054
-4655
-4997
-5050
-4816
-4303
-3540
-2581
-1495
-343
797
1849
2758
3482
3981
4243
4272
4094
3739
3249
2676
2068
1471
924
456
85
-191
-369
-464
-512
-537
-562
-616
-722
-897
-1139
-1441
-1795
-2175
-2541
-2870
-3124
-3266
-3266
-3112
-2796
-2309
-1666
-907
-57
849
1750
2590
3336
3942
4353
4557
4550
4319
3868
3247
2491
1629
714
-179
-1009
-1750
-2348
-2761
-3001
-3069
-2952
-2680
-2305
-1853
-1343
-838
-385
7
327
537
633
652
599
475
322
181
53
-53
-94
-68
-9
86
230
377
487
568
617
588
475
319
121
-128
-381
-587
-745
-841
-818
-665
-410
-52
415
946
1471
1973
2423
2735
2871
2831
2589
2110
1433
612
-336
-1368
-2379
-3301
-4104
-4715
-5055
-5123
-4920
-4430
-3675
-2731
-1655
-489
679
1755
2699
3467
4003
4288
4340
4178
3817
3312
2727
2105
1486
930
469
111
-145
-290
-349
-365
-363
-369
-425
-557
-769
-1064
-1438
-1868
-2319
-2750
-3127
-3405
-3540
-3508
-3297
-2897
-2311
-1565
-706
230
1198
2127
2963
3665
4188
4489
4563
4414
4043
3469
2755
1938
1055
171
-650
-1378
-1980
-2420
-2683
-2781
-2717
-2507
-2187
-1797
-1364
-919
-507
-154
133
342
464
505
485
419
321
215
121
53
16
20
67
138
227
325
413
467
480
450
367
224
39
-167
-383
-593
-759
-858
-880
-807
-620
-329
44
494
999
1501
1956
2350
2634
2748
2684
2447
2009
1382
619
-241
-1171
-2094
-2933
-3649
-4200
-4518
-4579
-4397
-3971
-3309
-2470
-1519
-504
520
1470
2288
2946
3412
3658
3690
3538
3225
2786
2275
1746
1229
757
371
90
-101
-209
-235
-210
-179
-162
-175
-248
-403
-630
-917
-1264
-1652
-2031
-2370
-2661
-2862
-2925
-2851
-2655
-2308
-1805
-1200
-527
223
998
1722
2380
2962
3402
3660
3770
3717
3460
3036
2508
1872
1132
380
-329
-1010
-1622
-2088
-2403
-2596
-2634
-2493
-2239
-1906
-1475
-989
-528
-107
291
609
797
893
920
840
667
475
271
41
-164
-294
-378
-425
-388
-280
-160
-30
126
261
326
349
338
257
113
-42
-193
-347
-455
-472
-403
-256
-1
361
771
1200
1643
2044
2324
2469
2467
2263
1843
1256
524
-348
-1284
-2195
-3041
-3775
-4307
-4585
-4614
-4382
-3866
-3119
-2214
-1185
-81
984
1942
2767
3408
3799
3947
3892
3631
3187
2639
2049
1435
850
365
-2
-275
-433
-458
-414
-355
-269
-189
-189
-279
-432
-676
-1028
-1432
-1839
-2251
-2631
-2909
-3052
-3071
-2940
-2610
-2113
-1512
-787
51
904
1709
2481
3165
3672
3996
4158
4110
3824
3368
2784
2046
1201
363
-446
-1238
-1925
-2427
-2785
-2998
-2999
-2807
-2505
-2094
-1565
-1002
-476
30
487
818
1013
1123
1128
995
787
570
320
46
-161
-293
-389
-414
-335
-209
-72
98
279
396
451
470
418
266
64
-148
-385
-627
-795
-871
-872
-757
-495
-134
302
820
1374
1886
2322
2661
2841
2809
2576
2152
1522
710
-203
-1170
-2153
-3066
-3821
-4391
-4740
-4802
-4579
-4117
-3420
-2516
-1482
-405
664
1671
2539
3209
3677
3924
3940
3755
3415
2948
2392
1823
1285
790
376
76
-120
-240
-286
-274
-251
-252
-289
-379
-559
-821
-1140
-1523
-1950
-2365
-2735
-3053
-3269
-3334
-3245
-2998
-2573
-1976
-1250
-414
499
1429
2315
3130
3820
4319
4601
4671
4503
4089
3474
2708
1813
840
-122
-1025
-1837
-2485
-2929
-3178
-3227
-3065
-2725
-2272
-1732
-1137
-564
-66
350
657
811
830
750
575
318
48
-194
-408
-556
-590
-519
-374
-143
164
489
788
1053
1251
1330
1289
1142
873
495
67
-374
-808
-1182
-1429
-1533
-1496
-1279
-877
-350
270
956
1645
2250
2726
3039
3129
2962
2563
1938
1101
124
-920
-1968
-2957
-3794
-4412
-4784
-4882
-4676
-4192
-3478
-2571
-1528
-435
630
1618
2466
3116
3544
3761
3760
3555
3199
2745
2226
1696
1208
795
469
249
139
109
129
186
239
235
155
-7
-278
-668
-1144
-1674
-2242
-2804
-3294
-3673
-3916
-3975
-3815
-3453
-2894
-2139
-1229
-236
800
1837
2792
3598
4233
4660
4829
4746
4448
3934
3224
2399
1519
606
-280
-1058
-1704
-2216
-2555
-2700
-2692
-2561
-2296
-1944
-1573
-1195
-819
-495
-260
-83
41
82
64
42
14
-29
-35
20
102
206
370
564
730
872
1007
1077
1045
949
800
553
233
-98
-435
-778
-1065
-1257
-1364
-1377
-1243
-975
-630
-195
337
883
1390
1869
2287
2559
2663
2639
2454
2065
1527
900
163
-644
-1435
-2171
-2846
-3395
-3754
-3936
-3956
-3756
-3345
-2807
-2153
-1375
-546
251
1009
1716
2299
2721
3020
3182
3170
3034
2823
2523
2151
1777
1430
1083
758
511
313
126
-24
-138
-268
-430
-603
-809
-1079
-1383
-1698
-2043
-2395
-2700
-2935
-3107
-3179
-3098
-2874
-2523
-2017
-1365
-618
206
1075
1934
2733
3432
3992
4363
4517
4463
4183
3679
3000
2187
1273
318
-615
-1461
-2186
-2749
-3110
-3263
-3213
-2970
-2575
-2064
-1475
-867
-292
208
611
893
1030
1032
925
726
467
183
-86
-311
-464
-528
-502
-391
-199
47
310
560
777
930
985
939
802
571
264
-85
-440
-764
-1026
-1184
-1215
-1114
-868
-479
4
551
1138
1705
2178
2519
2713
2714
2481
2043
1436
662
-227
-1150
-2048
-2871
-3548
-4016
-4255
-4257
-3985
-3467
-2777
-1936
-975
3
914
1734
2433
2928
3195
3278
3179
2890
2477
2012
1509
1006
590
282
58
-53
-21
89
223
387
555
635
595
466
220
-191
-709
-1277
-1893
-2521
-3066
-3480
-3762
-3857
-3694
-3314
-2757
-1991
-1051
-42
974
1981
2901
3637
4162
4480
4535
4311
3878
3260
2465
1572
671
-204
-1022
-1704
-2193
-2515
-2672
-2623
-2403
-2083
-1681
-1214
-747
-337
14
296
464
522
509
431
286
123
-13
-134
-223
-236
-172
-71
70
258
460
625
752
842
853
768
618
408
126
-194
-507
-801
-1067
-1256
-1338
-1331
-1227
-997
-663
-274
168
651
1126
1546
1906
2184
2333
2351
2256
2026
1660
1197
669
76
-549
-1153
-1711
-2222
-2637
-2924
-3094
-3140
-3039
-2803
-2460
-2014
-1477
-886
-278
343
946
1484
1952
2342
2626
2789
2852
2810
2655
2412
2112
1758
1355
946
549
164
-191
-489
-745
-966
-1130
-1240
-1331
-1405
-1448
-1485
-1537
-1584
-1617
-1662
-1708
-1713
-1678
-1613
-1478
-1256
-963
-601
-144
380
927
1485
2051
2558
2955
3244
3399
3368
3157
2791
2264
1588
826
35
-765
-1525
-2166
-2657
-2995
-3137
-3061
-2804
-2407
-1870
-1236
-587
41
623
1097
1422
1604
1649
1542
1300
977
612
219
-151
-445
-658
-783
-795
-695
-520
-300
-41
221
431
572
643
620
486
283
31
-258
-553
-792
-948
-1014
-957
-755
-431
-16
484
1036
1563
2018
2381
2599
2621
2445
2082
1531
805
-24
-892
-1775
-2600
-3278
-3779
-4084
-4142
-3936
-3508
-2886
-2088
-1174
-231
698
1570
2307
2861
3231
3412
3376
3154
2800
2339
1800
1252
746
296
-73
-322
-456
-503
-470
-366
-246
-151
-86
-81
-170
-359
-620
-952
-1343
-1748
-2120
-2441
-2672
-2765
-2708
-2501
-2131
-1607
-961
-229
552
1336
2069
2710
3222
3575
3739
3708
3494
3105
2569
1925
1205
454
-277
-953
-1540
-2005
-2340
-2534
-2578
-2490
-2290
-2000
-1636
-1237
-836
-444
-81
218
458
641
757
811
820
799
750
684
625
573
521
481
453
429
397
353
295
211
98
-35
-189
-365
-552
-728
-878
-1007
-1089
-1106
-1067
-960
-772
-521
-219
130
506
890
1260
1589
1863
2061
2161
2153
2034
1805
1460
1019
505
-69
-677
-1276
-1841
-2347
-2759
-3049
-3202
-3215
-3068
-2770
-2346
-1808
-1179
-496
200
876
1505
2046
2475
2779
2947
2975
2871
2651
2337
1951
1520
1087
664
264
-75
-346
-556
-702
-786
-832
-858
-867
-882
-931
-1011
-1119
-1268
-1449
-1637
-1813
-1964
-2066
-2083
-1999
-1819
-1518
-1088
-564
34
699
1389
2041
2627
3129
3482
3649
3646
3464
3073
2509
1835
1063
223
-603
-1350
-2013
-2544
-2875
-3012
-2981
-2764
-2368
-1857
-1288
-676
-64
468
890
1208
1387
1398
1279
1067
769
399
34
-276
-548
-745
-812
-771
-656
-451
-170
123
390
635
819
891
858
739
526
228
-112
-444
-753
-1012
-1157
-1174
-1068
-829
-453
30
567
1127
1683
2164
2512
2720
2757
2577
2198
1653
946
114
-773
-1656
-2498
-3230
-3791
-4160
-4306
-4212
-3885
-3348
-2634
-1791
-866
82
995
1820
2516
3051
3398
3557
3534
3338
3005
2580
2083
1560
1057
600
207
-99
-315
-452
-517
-522
-506
-486
-480
-514
-602
-750
-958
-1211
-1501
-1807
-2091
-2329
-2503
-2575
-2526
-2349
-2044
-1603
-1042
-406
288
1022
1725
2353
2901
3324
3568
3639
3550
3278
2834
2274
1623
898
164
-530
-1159
-1695
-2098
-2346
-2453
-2420
-2241
-1957
-1601
-1189
-756
-349
16
319
544
677
723
699
612
473
316
160
13
-102
-168
-189
-171
-106
-10
93
196
286
337
346
306
214
73
-103
-296
-495
-679
-810
-882
-886
-791
-602
-331
23
439
884
1337
1763
2124
2393
2545
2555
2414
2124
1683
1114
454
-280
-1043
-1783
-2467
-3059
-3517
-3814
-3941
-3891
-3654
-3248
-2710
-2051
-1307
-525
259
1017
1701
2294
2774
3118
3321
3394
3335
3155
2883
2528
2118
1684
1235
791
379
5
-328
-607
-841
-1033
-1183
-1302
-1400
-1487
-1565
-1637
-1714
-1786
-1848
-1899
-1925
-1916
-1865
-1756
-1579
-1339
-1036
-653
-213
260
770
1287
1775
2226
2615
2900
3076
3136
3059
2841
2500
2055
1513
899
262
-368
-975
-1514
-1945
-2263
-2456
-2503
-2411
-2199
-1885
-1486
-1039
-578
-131
275
607
843
987
1035
975
835
644
411
160
-73
-267
-414
-500
-513
-462
-364
-222
-58
95
225
323
364
346
278
160
3
-153
-300
-427
-486
-467
-377
-198
73
405
774
1161
1536
1850
2075
2192
2173
1998
1677
1224
649
-19
-729
-1442
-2124
-2726
-3199
-3518
-3679
-3656
-3435
-3055
-2548
-1911
-1191
-456
276
981
1596
2100
2495
2758
2882
2888
2789
2601
2339
2035
1714
1388
1063
767
506
268
53
-129
-294
-463
-631
-788
-956
-1140
-1319
-1485
-1654
-1800
-1903
-1972
-2001
-1965
-1863
-1711
-1498
-1220
-894
-538
-152
257
663
1052
1419
1749
2019
2231
2376
2433
2400
2290
2097
1818
1468
1065
623
154
-318
-769
-1177
-1525
-1789
-1959
-2028
-1988
-1844
-1612
-1307
-942
-544
-146
227
557
822
1000
1085
1080
987
816
588
330
63
-197
-425
-590
-692
-736
-705
-602
-466
-305
-115
55
184
284
337
318
250
161
41
-98
-206
-268
-285
-237
-102
107
371
684
1029
1359
1645
1865
1989
1983
1838
1563
1153
618
-5
-674
-1363
-2021
-2599
-3065
-3389
-3535
-3497
-3283
-2898
-2365
-1717
-995
-243
495
1183
1783
2262
2605
2808
2868
2793
2608
2339
2007
1639
1270
920
598
321
99
-71
-204
-304
-381
-447
-521
-610
-715
-843
-991
-1153
-1314
-1469
-1603
-1699
-1747
-1744
-1683
-1546
-1347
-1103
-803
-451
-84
280
656
1023
1336
1603
1839
2003
2081
2101
2061
1929
1727
1482
1183
822
443
67
-319
-700
-1024
-1292
-1515
-1660
-1699
-1660
-1559
-1361
-1082
-781
-458
-99
239
513
747
927
1006
991
915
768
547
293
36
-221
-459
-641
-758
-816
-806
-723
-591
-433
-251
-66
90
205
280
303
271
195
99
-1
-95
-152
-151
-83
55
263
539
860
1192
1512
1791
1992
2077
2036
1856
1523
1051
470
-198
-921
-1638
-2304
-2886
-3337
-3615
-3710
-3615
-3327
-2862
-2261
-1558
-789
-6
736
1402
1967
2396
2672
2801
2794
2661
2432
2135
1800
1459
1140
855
619
440
311
216
147
90
16
-87
-224
-410
-643
-912
-1206
-1510
-1797
-2040
-2227
-2334
-2340
-2242
-2047
-1749
-1362
-911
-427
78
576
1031
1422
1747
1985
2123
2166
2129
2015
1834
1605
1345
1064
773
488
211
-53
-295
-512
-713
-891
-1034
-1150
-1237
-1284
-1280
-1229
-1139
-996
-797
-565
-309
-32
256
519
741
927
1052
1095
1065
972
806
579
321
47
-237
-498
-707
-871
-986
-1021
-986
-913
-797
-630
-456
-300
-147
-5
94
154
205
245
264
292
355
441
552
712
908
1113
1322
1525
1685
1768
1777
1693
1481
1155
735
224
-369
-990
-1597
-2168
-2672
-3056
-3291
-3376
-3302
-3053
-2652
-2130
-1513
-834
-137
534
1149
1683
2103
2397
2570
2620
2553
2397
2178
1912
1617
1328
1061
806
579
397
237
80
-63
-202
-359
-544
-737
-940
-1161
-1378
-1571
-1737
-1861
-1918
-1909
-1836
-1681
-1453
-1177
-858
-501
-135
216
549
854
1103
1296
1444
1533
1564
1558
1519
1438
1330
1211
1069
899
721
530
307
66
-175
-431
-704
-951
-1164
-1354
-1498
-1559
-1543
-1463
-1296
-1035
-721
-364
33
431
790
1110
1364
1517
1563
1513
1363
1108
781
419
32
-360
-713
-996
-1212
-1352
-1391
-1337
-1218
-1047
-825
-589
-365
-166
5
130
203
243
260
254
253
286
353
453
615
834
1075
1328
1588
1820
1977
2045
2019
1863
1560
1142
621
-3
-685
-1370
-2027
-2631
-3119
-3454
-3630
-3635
-3446
-3084
-2587
-1967
-1259
-521
203
893
1505
1994
2356
2595
2695
2662
2529
2324
2056
1753
1451
1169
912
690
512
373
252
145
42
-79
-223
-398
-607
-847
-1109
-1376
-1634
-1867
-2050
-2165
-2202
-2155
-2010
-1771
-1455
-1076
-640
-171
289
731
1144
1490
1758
1946
2050
2065
1996
1859
1662
1414
1139
850
551
256
-14
-263
-489
-682
-836
-958
-1050
-1104
-1120
-1106
-1057
-971
-858
-717
-550
-364
-167
33
227
410
565
691
780
826
828
786
700
581
436
269
92
-83
-247
-399
-529
-628
-698
-748
-765
-761
-739
-699
-642
-576
-503
-412
-307
-193
-54
107
287
480
692
923
1150
1358
1549
1707
1806
1838
1799
1678
1465
1165
794
355
-135
-641
-1152
-1646
-2084
-2442
-2708
-2874
-2919
-2827
-2630
-2332
-1927
-1449
-936
-396
149
662
1120
1527
1858
2091
2242
2324
2320
2242
2118
1953
1750
1521
1288
1050
804
559
322
79
-168
-408
-649
-895
-1135
-1356
-1563
-1751
-1895
-1989
-2038
-2030
-1951
-1803
-1597
-1336
-1020
-663
-289
99
485
846
1175
1456
1682
1840
1932
1960
1918
1808
1649
1441
1193
918
625
328
30
-261
-523
-757
-966
-1131
-1250
-1325
-1354
-1333
-1263
-1153
-1001
-813
-605
-380
-140
93
309
505
672
800
882
920
914
861
772
652
502
342
176
7
-152
-292
-411
-510
-585
-633
-664
-677
-669
-650
-624
-581
-527
-464
-388
-287
-168
-33
127
315
515
725
944
1156
1345
1501
1611
1663
1643
1549
1375
1119
790
406
-25
-489
-955
-1392
-1794
-2137
-2389
-2542
-2596
-2541
-2376
-2115
-1770
-1360
-901
-423
56
515
940
1305
1606
1840
2000
2083
2104
2071
1984
1854
1695
1516
1317
1103
884
657
417
170
-78
-335
-604
-868
-1118
-1368
-1597
-1782
-1930
-2036
-2079
-2053
-1965
-1812
-1592
-1313
-992
-636
-252
139
515
871
1197
1473
1685
1843
1938
1958
1913
1812
1656
1446
1203
935
641
335
39
-242
-518
-765
-965
-1125
-1252
-1325
-1339
-1311
-1238
-1113
-954
-771
-560
-332
-110
96
297
475
608
699
761
783
755
694
611
500
370
240
108
-27
-148
-244
-331
-410
-464
-498
-526
-546
-551
-543
-531
-507
-463
-405
-330
-224
-91
59
237
443
659
872
1082
1280
1439
1545
1597
1584
1490
1315
1067
748
370
-46
-486
-933
-1357
-1730
-2041
-2280
-2424
-2461
-2393
-2234
-1985
-1654
-1267
-840
-393
49
468
855
1195
1466
1670
1820
1905
1927
1896
1827
1724
1592
1436
1267
1084
893
692
477
250
18
-221
-470
-724
-972
-1206
-1419
-1608
-1758
-1859
-1904
-1893
-1822
-1689
-1497
-1254
-970
-656
-321
22
357
670
955
1201
1398
1542
1630
1664
1648
1578
1460
1306
1120
910
679
440
196
-39
-264
-476
-664
-820
-944
-1032
-1085
-1098
-1066
-998
-898
-768
-612
-438
-254
-74
101
263
402
512
590
632
643
622
568
487
387
278
159
38
-78
-182
-275
-352
-414
-462
-493
-505
-507
-500
-477
-440
-391
-330
-254
-156
-44
85
235
394
563
738
908
1060
1189
1288
1340
1336
1277
1157
972
726
433
98
-269
-643
-1007
-1353
-1654
-1894
-2064
-2157
-2160
-2075
-1908
-1670
-1364
-1008
-624
-223
178
556
903
1206
1456
1646
1774
1844
1860
1823
1741
1625
1476
1307
1118
916
703
486
263
37
-194
-426
-651
-870
-1082
-1276
-1445
-1586
-1691
-1753
-1768
-1731
-1642
-1497
-1305
-1070
-798
-492
-175
146
465
765
1036
1267
1453
1591
1670
1694
1668
1586
1455
1288
1086
854
607
354
95
-157
-393
-608
-797
-957
-1077
-1158
-1203
-1204
-1161
-1084
-973
-826
-655
-468
-270
-67
130
311
473
611
715
781
816
812
767
697
598
474
335
184
34
-118
-263
-392
-508
-607
-681
-734
-764
-771
-750
-703
-633
-535
-410
-260
-89
102
311
530
748
964
1163
1334
1471
1559
1590
1559
1459
1291
1054
756
408
21
-391
-806
-1207
-1575
-1890
-2140
-2310
-2390
-2380
-2274
-2081
-1812
-1475
-1087
-669
-235
194
606
982
1313
1587
1803
1959
2051
2084
2065
1999
1890
1744
1569
1368
1144
901
646
371
86
-205
-502
-802
-1091
-1364
-1614
-1835
-2012
-2133
-2200
-2202
-2128
-1988
-1784
-1514
-1188
-820
-428
-13
401
791
1151
1475
1738
1931
2057
2115
2094
2001
1853
1647
1387
1097
786
460
129
-184
-477
-750
-987
-1173
-1317
-1420
-1465
-1458
-1408
-1314
-1174
-997
-799
-577
-336
-96
136
360
563
729
864
965
1022
1030
999
930
821
679
519
339
142
-55
-243
-425
-593
-735
-851
-942
-996
-1015
-1001
-950
-863
-739
-581
-395
-181
57
305
562
820
1067
1288
1475
1624
1714
1743
1708
1600
1419
1170
862
503
102
-318
-741
-1152
-1532
-1859
-2120
-2305
-2406
-2412
-2330
-2162
-1912
-1593
-1224
-818
-391
42
459
847
1200
1504
1745
1932
2058
2121
2124
2078
1982
1837
1660
1451
1211
946
667
373
69
-241
-545
-842
-1129
-1389
-1621
-1818
-1967
-2063
-2104
-2085
-2001
-1855
-1651
-1393
-1088
-750
-385
-8
365
724
1059
1352
1598
1786
1915
1978
1970
1901
1775
1591
1359
1091
795
478
158
-155
-459
-738
-976
-1176
-1334
-1436
-1479
-1470
-1414
-1302
-1142
-951
-730
-481
-230
18
263
487
676
829
949
1020
1040
1021
963
861
726
568
394
203
9
-174
-354
-524
-665
-782
-877
-943
-973
-971
-942
-878
-775
-649
-492
-302
-93
131
368
614
855
1075
1277
1449
1573
1647
1662
1613
1498
1318
1078
777
432
59
-337
-735
-1118
-1470
-1772
-2015
-2193
-2287
-2296
-2222
-2070
-1846
-1555
-1213
-836
-435
-30
367
748
1093
1394
1644
1843
1985
2065
2089
2063
1983
1857
1689
1486
1250
988
707
410
98
-215
-521
-820
-1107
-1366
-1590
-1780
-1924
-2013
-2048
-2028
-1940
-1795
-1602
-1357
-1065
-741
-401
-50
307
648
960
1239
1476
1660
1789
1860
1867
1814
1709
1553
1347
1103
837
550
253
-44
-329
-594
-829
-1028
-1185
-1299
-1361
-1371
-1335
-1254
-1130
-969
-782
-574
-354
-132
83
287
470
622
747
838
890
909
891
839
760
654
526
379
222
63
-102
-270
-425
-564
-688
-793
-872
-921
-938
-918
-863
-777
-650
-484
-295
-81
152
400
647
881
1101
1291
1437
1541
1591
1575
1498
1363
1167
911
609
278
-81
-452
-816
-1161
-1474
-1740
-1945
-2084
-2158
-2149
-2062
-1910
-1690
-1412
-1087
-727
-347
39
420
782
1120
1418
1659
1855
1999
2083
2104
2067
1982
1846
1660
1434
1173
885
577
251
-81
-413
-733
-1034
-1314
-1560
-1762
-1918
-2017
-2064
-2051
-1974
-1839
-1649
-1410
-1132
-815
-474
-124
227
566
886
1176
1422
1617
1760
1847
1873
1838
1745
1597
1403
1172
904
611
308
7
-286
-567
-821
-1032
-1200
-1325
-1397
-1417
-1383
-1301
-1178
-1016
-823
-606
-375
-147
77
291
484
648
777
874
933
955
942
890
808
700
571
423
257
87
-83
-252
-415
-564
-694
-803
-885
-939
-960
-947
-899
-815
-696
-545
-366
-160
65
298
536
770
991
1187
1345
1466
1544
1563
1523
1420
1261
1049
784
472
132
-227
-590
-947
-1284
-1580
-1825
-2010
-2128
-2169
-2134
-2022
-1839
-1590
-1289
-941
-561
-169
226
609
973
1302
1581
1813
1991
2106
2160
2156
2091
1972
1800
1581
1324
1031
712
375
25
-323
-663
-992
-1293
-1555
-1775
-1949
-2068
-2123
-2116
-2050
-1921
-1737
-1500
-1221
-907
-569
-219
133
481
807
1103
1364
1579
1743
1851
1898
1890
1825
1701
1524
1304
1049
764
455
142
-169
-466
-740
-982
-1179
-1329
-1426
-1468
-1459
-1393
-1280
-1127
-938
-724
-495
-260
-28
195
397
570
719
835
910
952
960
932
871
779
668
532
376
213
42
-132
-301
-462
-605
-731
-832
-903
-943
-947
-916
-851
-746
-610
-444
-257
-50
171
395
613
823
1011
1172
1298
1381
1421
1410
1346
1231
1063
852
598
308
-1
-323
-650
-958
-1244
-1495
-1698
-1843
-1922
-1940
-1891
-1769
-1586
-1353
-1073
-757
-417
-71
277
613
922
1203
1445
1637
1782
1880
1924
1912
1850
1744
1591
1391
1161
899
611
304
-9
-321
-630
-923
-1181
-1412
-1606
-1745
-1834
-1870
-1853
-1779
-1650
-1482
-1271
-1023
-755
-469
-174
119
405
674
921
1140
1319
1465
1567
1623
1630
1590
1504
1369
1191
981
737
470
193
-89
-363
-622
-852
-1041
-1192
-1293
-1340
-1336
-1281
-1183
-1044
-867
-675
-466
-247
-34
167
350
514
650
753
830
876
886
869
826
754
658
543
411
262
104
-56
-217
-376
-521
-647
-755
-840
-888
-901
-890
-840
-749
-634
-494
-330
-140
55
247
448
642
809
959
1087
1179
1231
1244
1220
1148
1026
869
676
442
184
-90
-372
-656
-925
-1163
-1371
-1536
-1642
-1692
-1684
-1615
-1483
-1299
-1073
-809
-514
-210
98
399
685
943
1163
1352
1498
1593
1646
1655
1617
1536
1414
1262
1073
850
610
354
82
-191
-460
-716
-955
-1167
-1340
-1478
-1572
-1615
-1610
-1560
-1462
-1323
-1146
-943
-712
-463
-211
44
297
539
758
955
1133
1272
1370
1436
1463
1439
1372
1268
1123
934
716
478
222
-46
-305
-549
-773
-966
-1117
-1217
-1277
-1284
-1235
-1145
-1019
-855
-664
-460
-251
-40
165
349
514
657
767
847
897
916
902
858
787
693
571
431
278
116
-57
-230
-394
-547
-685
-797
-880
-934
-953
-935
-881
-795
-675
-527
-361
-173
23
221
422
610
784
940
1068
1167
1232
1256
1243
1187
1090
948
767
553
311
38
-240
-523
-802
-1062
-1289
-1479
-1621
-1708
-1731
-1696
-1600
-1447
-1241
-992
-715
-410
-93
220
521
807
1066
1285
1464
1605
1697
1735
1735
1685
1585
1448
1270
1058
811
542
259
-36
-335
-621
-892
-1138
-1346
-1517
-1637
-1709
-1730
-1694
-1611
-1481
-1307
-1099
-866
-611
-342
-73
196
456
697
916
1111
1271
1392
1478
1523
1520
1469
1379
1245
1066
859
621
360
95
-177
-438
-677
-892
-1068
-1201
-1286
-1322
-1310
-1249
-1142
-1003
-830
-631
-423
-209
7
213
405
572
715
834
917
965
986
973
919
840
737
603
447
283
104
-80
-264
-432
-588
-730
-840
-920
-974
-989
-970
-919
-833
-721
-579
-417
-243
-52
145
339
531
711
876
1022
1138
1223
1274
1285
1253
1176
1056
895
696
460
201
-76
-364
-645
-911
-1157
-1362
-1524
-1636
-1691
-1690
-1629
-1510
-1346
-1134
-885
-617
-321
-23
268
553
821
1057
1264
1437
1567
1653
1693
1691
1639
1539
1401
1222
1003
758
492
208
-84
-372
-646
-901
-1132
-1323
-1471
-1581
-1642
-1649
-1616
-1538
-1414
-1257
-1068
-851
-615
-362
-103
159
417
661
893
1099
1269
1409
1505
1551
1554
1502
1401
1254
1064
838
588
317
41
-227
-484
-718
-913
-1074
-1193
-1261
-1284
-1264
-1200
-1102
-969
-811
-635
-442
-246
-49
146
327
495
646
766
863
930
964
965
933
867
776
651
509
354
182
5
-165
-330
-485
-618
-728
-816
-876
-905
-907
-881
-826
-744
-638
-510
-360
-196
-18
167
355
545
723
884
1028
1138
1212
1253
1244
1186
1087
938
747
525
269
-3
-282
-560
-823
-1060
-1265
-1425
-1538
-1598
-1602
-1553
-1449
-1300
-1109
-879
-623
-350
-63
222
499
764
1007
1218
1396
1533
1624
1672
1670
1619
1522
1377
1192
974
726
453
168
-120
-403
-677
-925
-1145
-1333
-1477
-1581
-1640
-1651
-1619
-1545
-1429
-1275
-1091
-874
-636
-382
-109
169
441
708
958
1181
1374
1527
1630
1684
1680
1621
1509
1343
1134
889
614
322
26
-261
-533
-784
-994
-1167
-1299
-1380
-1416
-1410
-1358
-1264
-1136
-976
-792
-584
-363
-136
93
316
525
709
869
1000
1087
1133
1142
1107
1030
924
789
626
446
261
74
-111
-286
-449
-590
-713
-816
-887
-933
-959
-949
-911
-845
-749
-624
-474
-305
-116
86
293
494
681
854
1002
1110
1182
1217
1200
1137
1035
891
709
495
261
8
-247
-499
-740
-956
-1147
-1298
-1400
-1457
-1465
-1417
-1322
-1180
-995
-776
-533
-275
-7
259
512
750
965
1144
1290
1399
1469
1495
1478
1418
1319
1181
1006
800
570
317
57
-204
-462
-704
-921
-1111
-1261
-1372
-1445
-1470
-1455
-1402
-1310
-1183
-1030
-852
-651
-433
-202
39
280
522
750
959
1150
1305
1413
1480
1498
1460
1370
1231
1051
838
594
336
79
-175
-415
-632
-820
-976
-1095
-1180
-1227
-1235
-1211
-1150
-1054
-929
-777
-597
-399
-188
32
248
455
642
801
929
1020
1066
1071
1037
965
866
742
598
441
279
113
-49
-208
-360
-503
-633
-747
-843
-916
-965
-979
-959
-905
-812
-685
-531
-350
-151
59
264
456
634
794
917
1008
1071
1095
1083
1042
969
868
734
573
393
196
-25
-252
-474
-694
-896
-1071
-1208
-1301
-1346
-1340
-1277
-1166
-1017
-829
-615
-388
-152
77
296
502
686
845
983
1095
1177
1236
1262
1257
1218
1141
1031
885
705
495
267
25
-219
-456
-677
-870
-1032
-1155
-1239
-1281
-1286
-1255
-1191
-1100
-984
-846
-689
-515
-328
-124
90
307
521
732
928
1095
1230
1324
1371
1366
1311
1207
1060
873
661
434
197
-38
-262
-467
-652
-812
-946
-1051
-1123
-1169
-1182
-1160
-1106
-1019
-897
-745
-562
-360
-144
80
302
509
694
848
967
1046
1087
1087
1053
986
894
785
659
519
371
218
59
-106
-272
-435
-594
-744
-876
-983
-1061
-1104
-1106
-1063
-977
-854
-698
-513
-309
-97
111
313
498
663
803
919
1007
1067
1100
1104
1079
1022
934
813
658
473
263
33
-208
-450
-680
-886
-1059
-1189
-1270
-1297
-1273
-1201
-1083
-934
-761
-572
-372
-173
18
200
377
541
690
827
949
1050
1127
1177
1193
1169
1107
1001
854
673
465
236
-2
-234
-453
-651
-817
-948
-1045
-1105
-1130
-1128
-1100
-1046
-968
-876
-763
-627
-472
-296
-103
105
322
538
744
929
1085
1201
1269
1283
1247
1164
1034
869
680
476
265
58
-139
-323
-490
-638
-768
-879
-968
-1037
-1082
-1098
-1081
-1030
-945
-820
-660
-471
-260
-36
189
404
598
763
890
979
1030
1038
1011
962
889
796
692
581
459
325
184
32
-128
-294
-465
-632
-786
-919
-1026
-1093
-1117
-1095
-1027
-916
-768
-597
-406
-206
-9
175
347
502
633
746
840
916
972
1012
1028
1016
979
907
796
651
476
271
43
-193
-423
-637
-826
-975
-1080
-1138
-1151
-1118
-1048
-949
-828
-691
-547
-397
-246
-95
58
215
372
525
677
819
941
1037
1100
1122
1101
1035
922
773
596
399
192
-9
-196
-366
-513
-630
-723
-794
-844
-878
-898
-902
-891
-862
-812
-737
-631
-499
-339
-155
42
245
444
625
778
896
975
1011
1001
957
884
784
667
542
415
288
159
30
-98
-225
-354
-484
-609
-723
-821
-898
-946
-954
-924
-857
-752
-613
-449
-272
-91
85
248
389
507
601
669
716
744
758
761
750
723
687
633
558
461
344
208
55
-111
-280
-439
-583
-707
-802
-859
-879
-867
-825
-754
-660
-555
-443
-325
-206
-89
27
141
254
366
475
580
673
752
810
843
846
816
751
654
535
392
231
69
-86
-233
-365
-477
-564
-628
-675
-702
-711
-706
-688
-659
-616
-554
-476
-385
-276
-148
-10
132
273
407
524
619
690
729
738
719
675
612
532
440
344
248
151
55
-38
-128
-214
-304
-389
-465
-531
-589
-629
-645
-635
-598
-540
-459
-356
-240
-124
-7
105
204
287
355
407
443
466
477
482
475
460
437
404
359
302
231
151
61
-39
-140
-235
-320
-392
-448
-481
-488
-477
-451
-409
-352
-292
-231
-169
-106
-44
15
69
126
181
234
281
325
361
387
399
396
378
344
293
234
164
89
14
-55
-117
-172
-216
-249
-269
-284
-295
-297
-291
-282
-270
-249
-221
-181
-138
-92
-37
22
80
133
182
224
254
271
275
269
253
228
196
163
128
93
61
30
-1
-31
-60
-88
-118
-146
-170
-189
-201
-206
-203
-188
-162
-135
-103
-64
-25
11
41
68
88
104
111
113
114
113
109
106
103
98
93
86
72
56
35
8
-20
-47
-74
-96
-109
-116
-117
-111
-97
-80
-63
-46
-26
-8
4
14
22
29
38
40
45
54
63
69
75
78
77
70
55
36
15
-8
-33
-53
-68
-78
-81
-78
-70
-61
-49
-33
-23
-15
-7
0
4
8
10
15
22
30
39
48
59
66
70
67
59
49
34
12
-8
-22
-37
-47
-51
-50
-46
-39
-33
-28
-24
-22
-21
-23
-26
-28
-27
-25
-21
-13
-2
12
25
39
50
57
61
58
51
40
29
18
7
-2
-6
-7
-8
-7
-6
-2
-5
-9
-14
-19
-28
-34
-38
-43
-41
-37
-32
-24
-9
3
12
21
29
33
30
25
21
14
8
5
1
0
2
5
7
10
10
9
6
2
-3
-8
-14
-16
-15
-14
-13
-7
-1
3
8
14
13
12
11
4
-2
-6
-10
-14
-15
-13
-7
-4
1
6
10
12
10
7
4
0
-5
-10
-8
-8
-7
-6
-2
4
7
6
6
8
5
-1
-7
-11
-13
-11
-12
-9
-1
7
9
16
21
23
20
17
14
7
-1
-5
-7
-11
-10
-7
-5
-1
4
6
5
5
3
-1
-8
-14
-15
-20
-23
-19
-16
-14
-7
0
2
6
9
8
7
6
3
0
-1
0
5
6
10
18
21
23
25
21
18
14
8
-1
-7
-13
-17
-19
-20
-18
-15
-11
-10
-6
-6
-6
-4
-7
-10
-8
-10
-10
-6
-1
2
8
13
17
19
20
18
14
10
8
0
-6
-5
-5
-8
-8
-3
0
3
4
5
5
1
-2
-6
-10
-13
-13
-15
-13
-7
-1
-1
5
13
14
13
12
11
9
4
-1
-3
-4
-3
-4
-3
1
6
6
4
5
4
-2
-7
-10
-15
-17
-19
-17
-13
-11
-6
1
6
13
16
13
14
17
12
6
6
4
4
3
3
6
10
10
11
9
7
4
-3
-10
-13
-18
-26
-28
-25
-24
-21
-17
-10
-3
0
4
7
7
9
10
7
6
11
10
10
15
19
22
23
23
21
19
14
8
0
-8
-12
-17
-24
-23
-22
-23
-20
-15
-13
-9
-7
-9
-7
-7
-8
-9
-10
-6
-1
0
5
14
18
19
24
25
24
23
18
13
10
5
0
-2
-4
-2
-2
-5
-3
0
-4
-6
-8
-12
-15
-17
-22
-22
-18
-18
-15
-11
-4
5
5
6
15
15
