SAMPLES:	7805
BITSPERSAMPLE:	16
CHANNELS:	1
SAMPLERATE:	16000
NORMALIZED:	FALSE
80
100
54
-45
-82
-89
-53
-12
-15
23
49
83
72
20
-11
-54
20
15
15
6
-2
41
13
20
6
3
-2
-40
-47
-45
-8
2
31
-3
-32
-3
-42
7
-11
-41
-34
-45
-8
9
33
11
8
-62
-48
-47
-24
14
-6
8
-31
5
-26
-2
-39
-35
-29
-21
-12
-31
-66
-20
-15
-6
-6
-61
-30
-110
-54
-54
-26
-10
7
-12
-16
-68
-52
2
-29
4
-24
5
27
-25
-13
17
36
23
-21
-5
-27
7
-5
-30
-50
-26
14
-1
-14
-27
33
49
48
72
32
39
-4
1
3
-13
57
36
23
-21
-38
14
-52
-27
-55
-24
64
30
66
59
1
39
-3
-4
18
24
93
70
38
37
31
52
19
-12
-23
-29
10
40
0
14
43
46
59
-19
-66
-84
-69
-8
20
21
57
42
17
28
-67
-54
-16
-44
-88
-72
-44
25
6
-62
-35
-61
-84
-63
-111
-84
-61
-76
-52
-87
-108
-33
32
30
10
-51
21
24
36
-9
-64
11
-12
26
-47
-40
50
39
21
20
-35
0
0
5
25
-48
-2
-10
89
86
48
33
18
101
87
86
76
21
60
89
25
72
93
148
194
116
105
102
62
158
41
14
-33
-158
-108
-81
-41
37
76
-15
-61
-53
1
46
-22
-13
18
78
192
106
94
-49
5
26
-4
81
3
27
-39
-71
-82
-112
0
-62
-57
-187
-106
-2
-36
0
-85
-140
-154
-63
-117
-79
-84
52
110
-77
-16
46
10
-7
-18
-19
0
-35
36
70
89
131
125
27
-78
-88
-113
-151
-29
12
28
3
-35
4
-20
34
-79
14
10
110
201
94
93
86
95
67
92
88
107
41
62
108
-47
54
75
49
5
-70
20
-36
73
176
163
9
13
58
26
114
121
127
-40
-97
-132
-72
60
60
-5
-203
-131
70
166
6
-61
-114
-76
93
56
-52
-214
-75
28
43
-17
-202
-122
-169
-22
-78
-126
23
149
171
21
-58
-107
52
21
118
87
8
48
-29
-46
-137
-6
-168
-253
-229
-154
24
39
51
17
36
-106
-92
-238
-247
-43
130
183
19
13
-111
-12
37
-151
-196
-210
83
132
129
217
148
88
-223
-112
-74
-58
-21
-3
79
-17
202
101
37
-100
-94
-20
-52
-34
21
175
76
213
92
2
-65
26
32
-43
36
41
39
24
20
-2
-7
-166
18
53
43
271
236
10
-168
-98
-31
-80
-119
110
44
-24
145
95
-78
-207
-235
-108
-142
-55
164
201
163
74
27
18
105
0
-58
-65
-79
80
47
52
-19
-119
-119
-88
60
-51
137
105
99
37
11
72
117
-10
30
201
-47
162
66
139
-34
-9
-43
-105
36
87
274
38
128
-128
-70
75
114
137
-76
-87
21
45
39
21
76
-59
-3
38
8
7
-98
-28
-112
-176
-117
97
263
367
301
317
-46
-302
-258
-312
-85
-104
97
96
149
110
59
29
-14
178
-25
28
-142
-45
-14
22
137
28
57
-78
-51
-203
-90
-31
-198
13
92
243
103
-51
-85
-277
-300
-203
-29
-275
4
140
181
90
-82
207
-24
-111
-222
45
52
-64
-78
-129
48
11
165
171
-29
65
-112
-176
-307
-231
67
40
-88
-266
-110
-113
71
-99
-249
-163
4
156
176
170
-167
-129
-282
-68
-142
-12
82
126
143
-57
135
-283
-104
57
55
58
-41
327
-12
-120
-257
-98
100
35
122
115
174
-93
-182
-33
8
71
-69
0
191
104
62
-34
-100
68
170
245
329
-161
-197
-271
65
413
380
316
-223
-128
107
445
146
-238
-171
-266
70
-241
340
417
299
243
-197
26
-193
28
-115
54
-46
60
132
-215
122
-18
289
43
-153
10
5
95
-200
13
255
508
402
-61
-323
-407
53
56
133
-138
-280
38
69
354
129
204
-73
-52
-260
-386
113
-148
27
-244
-81
90
-6
-207
-257
-9
-208
154
95
177
-52
69
275
60
47
-133
-158
-326
68
227
371
138
-206
-60
86
366
39
-338
-120
42
105
-139
-247
-208
-206
12
-73
28
110
447
341
257
28
-272
-108
-215
-48
-35
137
-170
-194
-90
-52
35
-216
21
342
297
-165
-317
-261
-429
-320
-74
-156
-182
-138
90
94
-7
68
133
-308
-447
-154
203
405
268
213
48
-394
-535
-569
-402
24
101
284
515
514
341
25
-295
-213
-237
-247
-156
-159
-59
281
487
507
559
350
40
-245
-382
-528
-326
-418
-355
-85
104
394
404
247
240
109
-483
-263
-172
-156
-84
-119
59
-48
119
310
53
-415
-41
237
144
106
-103
114
21
-113
58
3
-51
31
88
77
-151
-217
-172
-226
-110
263
439
334
603
528
279
-8
-139
-183
6
249
8
-202
-209
66
-87
-30
349
140
-44
122
140
-111
-344
-73
-61
-95
13
284
370
24
173
218
-30
-222
-300
-224
3
232
420
208
-91
-84
17
222
25
-86
78
204
193
243
6
-248
-18
24
114
64
-110
-139
-155
-102
-29
-38
42
223
166
5
-35
-164
-410
-225
-143
-212
-303
-92
43
-67
-91
-131
-161
-217
-178
-194
-166
-197
-51
127
217
155
136
-65
-130
70
-70
-384
-529
-289
-339
-269
-107
106
139
33
375
410
282
41
-64
-24
210
447
156
8
-9
164
216
10
-77
-216
-242
-145
40
-172
-228
-175
-262
-175
-267
-165
-231
-194
-136
121
168
84
212
161
47
-70
-55
-146
67
420
631
450
299
399
171
-115
-234
-195
-274
-48
149
87
-1
-170
33
46
-97
-167
-132
-7
178
400
373
209
-34
-110
241
428
419
216
-11
56
100
-55
-153
7
159
251
257
285
55
-158
13
-15
-104
-145
-108
69
30
-91
-217
-137
-42
60
52
-170
-91
83
350
234
115
34
32
97
27
63
-46
126
170
198
102
-244
-150
-144
-19
23
-93
-336
-281
59
166
213
173
43
-48
125
252
163
13
0
-3
26
119
244
196
221
155
178
201
-11
61
-47
3
75
121
265
192
322
317
286
354
353
435
240
113
-91
-284
-415
-342
-9
190
186
179
207
-13
8
-65
-129
-243
-296
-149
-283
-361
-449
-261
-123
-72
-84
-126
-236
-440
-459
-587
-795
-864
-741
-637
-640
-424
-372
-279
-65
-15
34
-299
-365
-579
-610
-649
-822
-726
-885
-681
-821
-718
-685
-667
-515
-605
-356
-470
-311
-357
-475
-539
-678
-634
-683
-523
-567
-199
-99
-55
33
-96
121
-143
-152
-146
-20
225
365
654
689
804
711
612
713
806
1022
1390
1694
1950
2333
2349
2359
2203
1993
1776
1331
1239
1254
1495
2006
2311
2785
3062
3209
3320
3303
3309
3100
2954
2587
2424
2337
2225
1992
1701
1575
1654
1802
1661
1759
1623
1231
620
-270
-1417
-2499
-3863
-4790
-5671
-6255
-6377
-6289
-5688
-5577
-5151
-4819
-4357
-3992
-3939
-3753
-3703
-3424
-3151
-2735
-2571
-2434
-2428
-2475
-2274
-2482
-2344
-2479
-2697
-2664
-2682
-2232
-2320
-2032
-1938
-1530
-1135
-908
-536
-514
-252
-373
-389
-580
-493
-304
-32
502
876
1664
2216
2648
3080
3391
3954
4272
4759
4858
5131
5047
4734
4532
3771
3787
3319
3355
3205
3584
4046
4607
5279
5370
5793
5751
5822
5075
4919
4497
4441
4409
4306
4869
4956
5624
6150
5530
3836
763
-1672
-4114
-6704
-8753
-10180
-10009
-9507
-7838
-6102
-4116
-2879
-1903
-1336
-1554
-1585
-2027
-1590
-2004
-2125
-1809
-969
202
704
1668
2098
2048
1539
421
-568
-2018
-4671
-6506
-8075
-9147
-9072
-9869
-9409
-8621
-7347
-5930
-5219
-4231
-3577
-2895
-2413
-2051
-1571
-919
-343
-36
160
366
755
473
109
-138
-292
-152
-351
147
597
1232
1767
1950
2348
2483
2510
2194
1766
1472
1349
1202
1411
1839
2725
3776
4750
5838
6437
7037
7069
7047
6766
6669
6418
6678
6773
6759
7357
6877
7308
6883
6676
6701
6073
6515
6604
6841
6936
6887
6247
3900
-222
-4425
-7192
-9262
-10436
-11781
-11389
-9438
-7048
-4184
-2104
-94
715
573
19
-720
-791
-698
-467
-761
-655
232
1553
1997
1651
1449
771
-207
-2104
-3250
-4256
-5460
-6635
-7822
-7533
-7470
-7422
-8126
-8820
-8516
-8104
-7204
-6736
-5705
-3983
-2523
-1300
-170
1114
1933
2223
1837
1206
287
-461
-1127
-2134
-2601
-2778
-2516
-2288
-1721
-867
-329
-178
-389
-405
-515
-510
-566
-269
356
1164
2032
2581
2951
3127
3499
3601
3916
4242
4781
4997
5156
5666
5601
5740
5333
4944
5084
4974
5368
5371
5406
5932
5382
5404
5367
5889
6735
7154
7689
8013
9007
9561
9582
6472
759
-4010
-7637
-8590
-10306
-11499
-10441
-8005
-4670
-2316
381
2044
2255
1023
-546
-1396
-1931
-1222
-1162
-1199
-1026
621
2723
2789
2367
1622
1219
-620
-3008
-4060
-4853
-5592
-7043
-7418
-6467
-5569
-4663
-4818
-6610
-7757
-9300
-9827
-9728
-9356
-7163
-5116
-2629
-34
2439
4234
3992
2371
461
-1720
-3342
-4307
-4783
-4444
-4108
-3081
-1908
-1107
-277
-437
-881
-1496
-1851
-1671
-1422
-884
-242
721
1438
2359
2914
3119
2866
2425
2366
2447
3022
3603
4446
5459
6471
6853
6770
6622
6110
5447
4681
4597
4628
5104
5506
5375
6987
7254
8737
9493
9255
10523
9667
11059
11075
9836
6920
706
-4117
-7658
-8649
-9505
-10186
-9136
-6068
-2393
-241
2283
2960
3233
1346
-537
-717
-1009
612
989
1599
1918
2795
4337
3482
1960
127
-1033
-3230
-5522
-6381
-6260
-6194
-7396
-7428
-6956
-6025
-5938
-7060
-7930
-9050
-10277
-10934
-10408
-8829
-5932
-3684
-2048
-65
1755
2728
1777
-25
-2268
-4303
-5349
-5448
-4895
-4049
-2819
-2070
-2232
-2003
-1700
-2315
-3434
-4022
-3522
-2615
-1330
114
1620
2541
3016
3061
2883
2871
2437
2422
2340
2874
4198
5167
6346
6990
7584
7611
6583
6141
5044
4725
4080
4478
5220
5844
7608
7336
8486
8574
9071
9766
10037
10880
10842
12081
10806
9727
4551
-1820
-6002
-10064
-9794
-11308
-10436
-7988
-4707
-758
876
2876
2960
2335
367
-660
-438
377
2296
2821
3932
3755
4390
3976
1668
-251
-2912
-3972
-6545
-7968
-7680
-7187
-6536
-7296
-6863
-6623
-6089
-6468
-6949
-7489
-7481
-7290
-7047
-5706
-5532
-3715
-3666
-3190
-2190
-1747
-821
-1674
-2174
-2914
-3267
-3340
-3406
-3201
-2895
-2749
-3048
-2997
-3365
-2989
-3237
-3679
-3152
-2552
-870
-6
1233
2335
2495
2815
2434
2173
1857
1578
1515
2002
3047
4328
5388
5650
5898
5597
5459
4780
4372
4112
3788
4654
4736
6682
7251
8507
8760
8121
8182
7999
8981
9482
11756
11129
12597
11824
9939
6867
-1847
-6199
-11050
-12280
-11873
-12218
-8684
-5041
-384
1774
2997
3236
3012
1296
-621
109
469
3643
4640
5781
6557
5748
5912
2288
-796
-3956
-5825
-7163
-8990
-8537
-7229
-5545
-5628
-5253
-5426
-5394
-6113
-7456
-7353
-7477
-5375
-3719
-1610
366
1833
2182
-427
-2011
-6167
-8175
-9612
-10534
-8567
-6933
-3898
-1918
524
1247
419
-1099
-3320
-4840
-5561
-4521
-3741
-2106
-361
1061
1592
803
305
-1335
-2510
-2927
-2569
-964
645
2975
4274
5598
6046
5819
5272
4110
3139
1852
1344
1814
3327
4266
5501
5987
7776
8095
8293
8446
7216
8053
8267
9846
11244
11465
12147
12295
11908
12061
9307
7090
1002
-7575
-11672
-13895
-11907
-10654
-9430
-5481
-1124
2036
3791
3639
3450
2059
-237
-48
1125
3725
7445
8769
9084
7408
5679
3730
-1126
-4995
-7915
-8787
-9130
-9082
-7288
-5191
-4586
-5757
-6922
-7684
-7748
-8490
-8412
-7084
-4870
-1389
1014
3478
4715
4377
2215
-2258
-5732
-8589
-9997
-11388
-11427
-9843
-7031
-3972
-2909
-1894
-2156
-2890
-4651
-5464
-5021
-3919
-1682
69
1686
1811
1715
661
-1710
-3786
-5218
-5433
-5008
-3003
-60
2750
4804
5746
5780
4710
3541
1906
1376
1428
1934
3446
4399
5777
6550
7047
6617
6352
6320
5855
5919
6976
9017
11081
13338
13828
13926
13660
12292
11331
9958
9521
8315
5964
2172
-5503
-9176
-11428
-10702
-9217
-9587
-6687
-2809
1024
2144
2408
2556
2575
660
-57
1764
3781
6765
7495
7113
6054
3841
2173
-1725
-5627
-7574
-8263
-8189
-8915
-8406
-7019
-6560
-8531
-9761
-9851
-8872
-8205
-8092
-5956
-3473
-283
2050
2941
3296
2110
-942
-4110
-7137
-8380
-8067
-8548
-7272
-6417
-4807
-3474
-3905
-3862
-3982
-4265
-4382
-3883
-2378
-263
1057
1707
1227
57
-1150
-2825
-3886
-4537
-3791
-2184
-792
1163
3071
4387
4244
3925
3143
2572
2302
2294
2986
4001
4946
5130
5389
5224
5541
5183
4333
5243
5648
6858
8016
9443
11565
11524
12532
11599
12886
12664
11338
10785
9783
9153
6169
2215
-6419
-10627
-13080
-12085
-9547
-9611
-5665
-2313
1021
1873
1055
1498
987
34
-217
2561
5745
8788
9882
9173
7889
3749
1146
-3309
-6513
-7784
-8249
-7183
-7622
-6960
-6509
-6854
-9324
-11363
-11812
-10619
-8884
-6988
-2903
591
3749
5210
4903
3930
1042
-1818
-4256
-7083
-9108
-9492
-9184
-7377
-6048
-5621
-4937
-5085
-4528
-4257
-4163
-3290
-2243
-652
884
1820
1968
1348
-179
-2368
-4602
-5485
-4834
-3569
-1524
919
2840
4013
4193
3723
2949
1793
996
1128
2316
4185
5834
6429
6156
5773
4841
3735
2970
3355
4078
5915
7760
9817
11257
11724
11632
9563
10078
9267
9671
9588
9810
10583
8686
6268
-2208
-9504
-12786
-12871
-9958
-8905
-6021
-2253
1463
2527
1555
90
-633
-673
-1738
1429
5238
9454
12030
10751
9185
4921
1585
-2733
-6101
-7052
-6585
-5417
-5397
-5112
-5655
-6486
-9941
-13403
-13972
-12559
-9314
-6558
-2223
1817
3982
4517
3150
1400
-1306
-3991
-5969
-5797
-4050
-3325
-3327
-3656
-4510
-5921
-7719
-9206
-9157
-7276
-5098
-2691
-753
1171
1784
440
-1198
-2919
-3377
-3550
-3362
-1931
-509
904
1484
1310
952
400
-597
-969
-346
1030
2977
3721
5245
5725
6323
5735
4249
3777
2480
3467
3670
4997
6167
7968
8514
8403
9611
8980
9892
8952
9269
9417
10253
11832
11329
12040
8670
6261
256
-7189
-10367
-12797
-9493
-6885
-4916
-2896
-421
1357
242
-1625
-3425
-1558
-885
2301
5972
9112
12354
10652
8874
4779
1025
-1565
-4059
-4547
-3894
-2032
-1934
-3028
-5885
-8325
-11101
-14465
-15064
-13757
-9460
-5494
-2034
1300
2337
2683
1272
-844
-2127
-3243
-3665
-3225
-2365
-1803
-1763
-3237
-4942
-7018
-8776
-9144
-9093
-7017
-4116
-1901
-651
-493
-389
-1402
-2742
-3522
-3638
-2832
-1896
-668
297
1005
896
157
-454
-1025
-889
-416
691
1805
3005
4092
4615
4868
4469
4170
3272
3270
3466
4347
5450
6662
7699
7698
8569
7351
7810
7167
7940
8309
8852
10924
9821
11315
11482
10410
6758
2581
-3815
-8560
-9495
-9296
-5461
-3748
-2228
-716
-1159
-690
-3151
-4016
-3172
-1415
1556
5052
8991
10715
11066
7951
5131
1325
-1010
-1280
-1927
45
721
1106
-586
-4049
-7583
-10905
-13512
-15021
-13395
-10002
-5631
-3009
-1353
-297
-861
-2018
-3734
-3862
-3115
-2600
-1909
-861
7
321
-1204
-4355
-6927
-8375
-8824
-8308
-6493
-3844
-2127
-1357
-1375
-2182
-2973
-3837
-4681
-4733
-3337
-1510
-597
-109
609
455
-390
-1209
-1569
-1055
105
1472
2727
3923
4561
4405
3749
3535
3318
3467
3880
4861
5692
6682
7241
7239
7164
6757
6740
6904
8771
8671
9844
9916
10030
10968
10116
10440
7371
5102
1679
-4066
-7020
-8301
-6350
-3456
-2839
-2952
-2442
-1786
-2428
-3528
-4721
-2210
-324
2017
5698
7767
9669
7926
5257
2748
650
-165
-390
262
1638
2848
1748
-556
-4556
-7730
-9658
-11841
-12184
-10837
-7931
-5230
-4239
-3553
-3743
-4163
-4719
-5717
-4750
-3002
-1608
-541
404
836
698
-778
-3424
-5262
-6298
-6077
-5780
-4327
-2541
-2178
-2404
-3297
-3808
-4357
-4706
-4629
-4121
-2630
-1336
-504
-300
-316
-538
-1337
-1639
-1680
-639
975
2563
3146
3444
3581
2849
2954
2709
2806
2512
3514
5064
6082
7298
6734
6132
5821
6331
6682
7752
8748
9228
9678
9960
10648
9994
10197
8223
4100
1395
-3471
-5915
-6600
-5634
-2432
-1534
-1680
-2187
-2369
-2763
-3169
-4263
-2742
217
2305
5571
6880
7494
6450
3721
1924
248
145
905
1890
3116
4134
3253
486
-3188
-6933
-8393
-9389
-9275
-7869
-6280
-4867
-5262
-6227
-6786
-6949
-6521
-5588
-3735
-1911
-2037
-1498
-1124
-688
67
-1949
-3835
-4124
-3593
-2674
-2661
-2714
-2384
-2660
-2836
-2958
-3512
-3095
-2993
-3390
-2960
-2433
-2078
-2586
-2720
-1893
-1182
-784
-536
-442
-167
376
552
968
2020
3123
3987
4373
4102
3989
3756
4446
4640
4600
4911
4907
5438
6456
6471
6429
7673
8168
9409
9167
8641
7782
8056
9770
7780
4477
1363
-4516
-7412
-7108
-5054
-1609
-1457
-2477
-3157
-2736
-2432
-3415
-4625
-1916
1127
3026
5944
6642
6503
4919
2049
608
132
702
1509
2035
3216
4235
3424
1102
-2408
-5667
-6352
-6735
-6546
-4805
-3395
-2977
-4934
-6831
-7487
-7214
-6891
-6343
-5046
-3230
-1616
-1790
-1891
-1915
-1912
-2115
-2360
-1838
-1581
-1237
-1420
-1973
-2056
-2246
-2806
-3341
-3135
-2480
-2056
-2348
-2688
-2766
-3131
-3266
-3075
-2655
-1759
-1113
-697
-355
-209
64
317
954
1731
2197
2985
3413
3911
4872
4932
4784
4185
4509
5562
6363
6889
6838
7176
7190
7405
7689
8898
8753
8944
8482
8776
9283
6015
2709
-3736
-8391
-8166
-6081
-2094
-1217
-2257
-3756
-4265
-4451
-5117
-5250
-3760
-206
2010
5120
7151
6791
5231
2173
944
680
1434
2207
2510
3241
3575
2993
1117
-1134
-3686
-4939
-5262
-5150
-3993
-2911
-2818
-4501
-6478
-7446
-7211
-7190
-6724
-6118
-4552
-2781
-3044
-2589
-3477
-3519
-2852
-2042
-564
-190
-285
-911
-931
-866
-834
-1771
-2515
-2454
-2453
-1356
-1510
-2121
-2822
-3417
-3319
-3197
-2411
-2209
-2155
-2135
-1569
-942
-395
304
103
1060
2194
3220
3554
3496
3529
3318
4229
4791
5542
6368
7231
6954
7683
7851
7427
8666
7972
9387
9624
9516
9674
8805
6068
3168
-2030
-8329
-7958
-6822
-2446
-1133
-3674
-4625
-5701
-5473
-6107
-5901
-3224
185
1978
3873
5735
5837
5119
2679
2357
3809
4422
5014
4041
3914
3808
2641
1022
-1143
-2793
-3718
-4087
-4799
-4037
-3332
-3512
-5441
-7364
-7421
-6797
-6978
-7616
-6871
-6549
-5019
-4038
-2920
-2363
-3139
-2953
-2785
-845
563
314
-121
480
1318
1356
809
-415
-1280
-1869
-1379
-1130
-1728
-1671
-2527
-3476
-3107
-2314
-1814
-2257
-2485
-2620
-2501
-1734
-335
120
805
1494
1642
3100
4014
4032
3223
3514
4063
5105
6190
7215
7197
7081
7297
7508
8739
9275
9711
8550
9440
9550
8871
5456
2080
-2847
-7729
-6706
-4863
-765
-1803
-5484
-7849
-8278
-6853
-6754
-6265
-3731
-670
733
2223
3606
3492
3045
2018
2887
4762
5875
6636
5010
4331
4087
3556
2653
616
-1191
-2116
-3153
-4721
-4390
-3603
-3502
-5545
-7389
-6965
-6510
-7063
-8371
-8804
-7890
-6511
-4755
-3737
-3152
-3281
-3758
-3344
-2401
-832
-61
737
1714
2536
2760
1942
795
-179
174
445
450
104
-441
-1112
-2240
-2355
-2130
-1837
-1908
-2369
-2685
-2259
-1337
-740
-338
297
802
1539
2215
2694
3332
3871
5056
5503
6495
7423
8163
8203
8221
8395
8489
9164
9456
9482
9452
10297
9749
6856
3815
-918
-6053
-6395
-4880
-1204
-1038
-4647
-7659
-9658
-8777
-8139
-7712
-5565
-2905
-2300
-1391
177
878
1020
530
1926
4113
5106
5920
5303
4699
5241
5315
5459
4437
2341
623
-1036
-2814
-3235
-2941
-2902
-4491
-6558
-7197
-7092
-8042
-8722
-9372
-10630
-8746
-7546
-5156
-4491
-5565
-5068
-4920
-2599
-1329
-1224
-602
431
1307
2672
3430
2725
2202
1795
2316
2193
1590
1862
816
28
-57
-174
-286
-1140
-1891
-2564
-2721
-2192
-1488
-1199
-580
-626
-664
-221
798
1731
3075
3956
3968
5039
6004
7729
9270
9439
8842
9065
8759
10086
10687
10324
11060
8399
6845
4094
-2059
-4047
-3886
-687
1277
-2882
-6499
-8336
-8455
-8662
-9273
-7891
-4448
-4793
-5947
-4074
-2795
-1773
-2281
-1430
1978
3251
3282
3140
2956
4322
5521
6430
6723
5524
4708
3581
1099
-143
426
670
-872
-3494
-4906
-5234
-6614
-7768
-8047
-8020
-11019
-14293
-11392
-7602
-4428
-5370
-7692
-6717
-4808
-2855
-2238
-1324
683
1519
1545
3174
3905
2871
2627
2755
3390
4376
4662
3671
1650
1817
2741
1926
1164
1066
5
-1315
-1842
-1378
-208
-266
-781
-1606
-1465
-770
229
824
1475
2376
3531
5475
6596
7333
8788
8905
9225
10000
9791
11487
11223
10354
8324
6518
2991
-1016
-1739
-500
2972
744
-3473
-6569
-7634
-6930
-8013
-8300
-6674
-6052
-6875
-7510
-6476
-5298
-4884
-4891
-3312
-1009
-313
-48
-281
932
2614
4416
5654
5576
4970
4821
4089
2859
3260
4299
4110
1474
-646
-1718
-2249
-3733
-4853
-5740
-7352
-9977
-13166
-11135
-8080
-7009
-8192
-10082
-9338
-7606
-6168
-5071
-3855
-2149
-470
256
961
2321
2284
2042
2773
4026
5347
5194
4455
3855
3932
4888
5011
4012
3561
3200
1945
1113
1067
1499
1464
662
-462
-1252
-1202
-553
-189
312
1045
2028
2738
3100
4537
5942
6589
7323
7191
8106
10141
10734
10968
9104
8114
6293
1691
55
1432
5095
6032
834
-3733
-4600
-3558
-4415
-6255
-5533
-3951
-5693
-8069
-7450
-6158
-5929
-7028
-6660
-3961
-3028
-3544
-3779
-3238
-1442
491
2051
2664
2251
2515
2773
2232
2643
4294
5197
3658
1400
794
1276
569
-866
-1388
-1669
-3365
-6023
-9290
-11710
-11078
-9163
-6294
-5585
-8193
-10714
-11210
-8783
-5506
-3092
-1593
-1957
-2833
-1546
677
1506
1721
2148
2921
3535
3877
4419
4023
3882
4897
5541
6162
6054
4765
3328
2153
2710
4216
4445
2976
883
-453
-746
-659
30
1240
2423
2255
2212
3091
3192
3807
4290
5778
7113
8772
8539
8526
7611
6489
4785
937
1684
3801
7031
6351
623
-2525
-1806
-617
-1646
-2918
-2058
-1838
-4674
-6721
-5183
-4499
-6070
-7169
-6133
-3836
-4379
-5685
-5683
-4650
-3205
-1696
-482
-139
-578
-598
98
438
1514
2847
3106
1822
556
776
1419
1401
557
852
-738
-5429
-6641
-5952
-3596
-3772
-6497
-7453
-7711
-7767
-8208
-7971
-6687
-5283
-5175
-4384
-3538
-4176
-3507
-1935
-684
626
1381
1629
1040
1249
3270
4533
4756
4795
4904
4976
4911
4764
4979
5173
5370
5140
4369
3245
2263
1758
1800
2379
2224
1971
2166
1960
3117
3472
3215
4050
4479
5539
6311
7217
7216
6629
5759
4787
2703
640
1242
3708
6751
4823
-208
-2929
-1638
-312
-1151
-1707
-444
-1105
-3831
-4816
-3773
-3763
-5313
-5831
-4347
-3336
-4222
-5020
-4911
-4089
-3130
-1623
-857
-1392
-2098
-1431
-608
-239
880
2041
2017
284
-1040
-348
866
928
346
-145
-2215
-6313
-6649
-4252
-1697
-2224
-5967
-7734
-7930
-7197
-6204
-5250
-4827
-4796
-5331
-5057
-3893
-3587
-2892
-2298
-2031
-548
553
817
642
1001
2794
3974
4277
4508
4727
4464
4629
4927
5881
6365
6219
5285
3947
3359
3013
3288
3456
3560
3322
3460
2836
3094
3291
3705
4263
4619
5628
5639
7023
6429
5604
5622
4794
4138
1027
-326
1593
4768
5484
1115
-2266
-2338
-620
-928
-1872
-840
-793
-2660
-4659
-3844
-2571
-3806
-5214
-5079
-4024
-3941
-4535
-4456
-4168
-3620
-2409
-1610
-1609
-2366
-2211
-1392
-1245
-576
670
1549
542
-1173
-1081
-435
-831
-1419
-1825
-2109
-3290
-4442
-3815
-3322
-4312
-5589
-6074
-5821
-5799
-5994
-5503
-5140
-5119
-4470
-4101
-4194
-4120
-3597
-2527
-1919
-1315
-388
99
348
645
1582
2627
2884
3066
3652
4291
4731
4750
4659
4866
5023
5032
4776
4569
4463
4048
4041
3541
4283
4579
4695
4677
4174
5186
4408
4371
4449
5923
7650
7231
6582
5070
4960
4636
1315
449
2235
4983
5889
1413
-1576
-1484
-458
-877
-1076
-690
-464
-2540
-5070
-3893
-2232
-3002
-4181
-4678
-3835
-3582
-4862
-4546
-3879
-2908
-2028
-1626
-1933
-2324
-2382
-2011
-1217
-539
527
997
-272
-1440
-1800
-1445
-945
-1014
-1058
-2606
-3811
-4080
-3463
-3072
-4307
-5232
-5211
-4817
-4814
-4948
-5183
-5440
-5091
-4194
-3408
-3810
-4454
-3889
-2775
-1638
-767
-125
108
18
332
1208
2119
2719
3128
3534
4330
4671
4505
4363
4349
4728
5034
5050
4629
4322
4139
4034
4409
4618
5314
5127
4942
4427
4744
5371
4979
6582
6068
7096
6569
5070
5135
4336
3669
879
183
2041
4962
4300
-417
-2330
-1345
-51
-420
-1384
-745
-1345
-3837
-4994
-3444
-2140
-3476
-5120
-5036
-3897
-4085
-4648
-4375
-3574
-3104
-2360
-2108
-2103
-2266
-2084
-1331
-1119
-331
351
462
-1242
-2357
-2020
-807
-591
-2211
-2611
-2643
-2510
-2770
-3977
-4687
-4582
-3824
-3288
-3522
-4656
-5538
-5670
-4996
-3398
-2673
-3235
-4437
-4696
-3467
-1786
-639
-453
-278
-30
176
617
1483
2385
2822
2947
3232
3482
3596
3595
3599
4016
4323
4419
4260
3968
4144
4288
4232
4569
4793
4713
5065
4762
4967
5645
5687
6590
6435
6005
6635
6292
5300
4323
2922
1042
927
1667
3355
3817
-111
-2695
-2243
-1143
-884
-1763
-1894
-1388
-3011
-4546
-3515
-2631
-3321
-4531
-4938
-3830
-3619
-4552
-4197
-3346
-2802
-2197
-1722
-1631
-1782
-1936
-1185
-349
18
749
537
-1046
-2076
-1700
-790
-1107
-1900
-1984
-2008
-3017
-4615
-4288
-3038
-2973
-3436
-4030
-4432
-4842
-5262
-4685
-3563
-3363
-3732
-3991
-4139
-3667
-2990
-2207
-1413
-959
-539
-91
118
574
1458
2482
3138
3306
3091
2899
3240
3528
3973
4223
4361
4361
4035
3699
3485
3627
3966
4005
4651
4812
4633
4326
4030
4939
5336
5902
6545
6653
6212
6047
5531
5170
5291
3015
1370
1685
2290
4231
3145
-595
-1702
-1642
-1200
-986
-1688
-1418
-1238
-3518
-4194
-2680
-2601
-3264
-4732
-5255
-4025
-4158
-4447
-3552
-3254
-2997
-2928
-2700
-1924
-1606
-1394
-741
-356
-24
164
-441
-1436
-1711
-1354
-1265
-1321
-1476
-1509
-2134
-3592
-4142
-3320
-2925
-3189
-3562
-4219
-4422
-4680
-4862
-4037
-3792
-3998
-4035
-4242
-3881
-3174
-2541
-1696
-916
-581
-305
-264
-26
863
1899
2682
2807
2697
2877
3068
3480
4040
4594
4595
4136
4085
4091
4215
4249
4454
4638
4558
4529
4390
4629
4825
4890
5592
5893
5899
5719
5806
6247
5626
4659
3798
2186
1254
1548
2754
3645
1526
-1403
-2139
-1451
-1231
-1339
-1904
-1967
-2646
-4486
-4404
-3195
-3265
-4187
-5099
-5148
-4809
-4876
-4557
-3982
-3615
-3256
-2677
-2267
-2094
-2037
-1564
-744
-282
-62
192
-358
-1324
-2196
-1654
15
302
-203
-1967
-3696
-3939
-3287
-2239
-1773
-2467
-3695
-4619
-4996
-4345
-3534
-3321
-3336
-3796
-4031
-3791
-3598
-2714
-1795
-1039
-625
-360
-94
100
549
1455
2544
3158
3486
3354
2996
2851
3274
4302
5022
4982
4686
4318
3943
3744
3975
4615
5163
4908
4364
4360
4671
4920
5339
5666
5743
5394
4997
5587
5365
4522
3784
2533
1623
1374
1901
3226
2509
-364
-1977
-1666
-998
-1114
-1779
-1720
-1860
-3708
-4460
-3518
-2841
-3338
-4515
-4924
-4619
-4716
-4614
-3842
-3320
-3237
-3320
-3032
-2469
-2113
-1869
-1073
-633
-650
-197
-164
-485
-1544
-2053
-702
368
348
-642
-1896
-2614
-2760
-2653
-2063
-1538
-2325
-3447
-4199
-4247
-3594
-3429
-3395
-3232
-3454
-3710
-3559
-3008
-2136
-1348
-1139
-839
-393
-207
7
630
1625
2399
2704
2986
3149
2892
2828
3216
4135
4845
4904
4498
4089
3996
4080
4457
4868
5276
4935
4361
4579
4351
4536
5026
5211
5909
5651
4927
4094
3106
2743
2574
1712
1555
1899
1755
1241
-566
-1793
-1480
-1298
-1583
-1890
-2213
-2289
-3432
-4405
-3574
-2819
-3101
-3794
-4413
-4415
-4270
-4237
-3539
-2765
-2591
-2707
-2735
-2623
-2036
-1511
-705
-166
-268
-346
-203
-449
-1045
-493
276
599
248
-544
-935
-1522
-2202
-2141
-1525
-1265
-1827
-2838
-3529
-3426
-3454
-3388
-3013
-3023
-3333
-3593
-3591
-3153
-2347
-1776
-1463
-1194
-830
-355
-108
209
1002
1871
2450
2649
2632
2739
2892
3199
3814
4456
4849
4658
4080
3810
4025
4377
4828
5126
4843
4724
4692
4261
4642
5091
5288
5440
4940
5080
4908
4191
3241
2741
1870
988
954
1366
2196
896
-1239
-2037
-1898
-1768
-1934
-1893
-1603
-2437
-3905
-4216
-3454
-3157
-3279
-3874
-4281
-4376
-4687
-4133
-3210
-2641
-2647
-2687
-2631
-2394
-2055
-1372
-613
-661
-942
-616
-416
-592
-1051
-1279
-808
-364
-369
-764
-1237
-1989
-2307
-2200
-1960
-1779
-2287
-2814
-3161
-3397
-3394
-3130
-2751
-2771
-3004
-3218
-3126
-2622
-1976
-1262
-911
-766
-865
-695
-166
361
944
1412
1902
2267
2495
2611
2759
2801
2992
3459
3917
4165
4104
3971
3922
4159
4438
4429
4511
4584
4462
4272
4152
4412
5067
5346
5281
5315
4859
4263
3499
3000
2924
2296
1599
1692
2210
1708
385
-815
-1173
-1200
-1535
-1586
-1348
-1438
-2248
-3050
-3158
-3104
-3277
-3538
-3632
-3868
-4042
-3874
-3441
-2918
-2704
-2701
-2767
-2874
-2722
-1972
-1217
-815
-855
-915
-930
-1023
-1403
-1619
-1057
-672
-354
-660
-1258
-1725
-2053
-2132
-2128
-2015
-2175
-2440
-2805
-3088
-2984
-2869
-2712
-2730
-2945
-2786
-2484
-2157
-1781
-1288
-878
-687
-594
-199
299
503
703
834
1115
1493
1883
2070
2166
2319
2455
2796
2978
3140
3133
3066
3399
3473
3623
3926
4163
4053
3935
4038
3945
4082
4118
4308
4682
4785
4978
4940
4170
3359
2944
2697
2417
2321
2137
2663
2329
922
-50
-567
-860
-1321
-1565
-1288
-1105
-1971
-2858
-3046
-3131
-3302
-3799
-4198
-4098
-4146
-3954
-3433
-3050
-2895
-3133
-3413
-3384
-3096
-2494
-1807
-1414
-1278
-1290
-1351
-1531
-1763
-1880
-1669
-1527
-1290
-1305
-1640
-1833
-2122
-2203
-2211
-2328
-2365
-2438
-2660
-2722
-2635
-2570
-2473
-2600
-2693
-2442
-2277
-2115
-1722
-1191
-637
-309
-129
257
494
502
642
863
1403
1717
1868
2091
2206
2255
2328
2417
2519
3030
3196
3235
3308
3294
3346
3200
3226
3350
3627
3604
3633
3759
3614
3785
4029
4402
4482
4611
4683
4952
5041
4257
3849
3445
3171
2926
2656
2980
3138
2478
1548
1066
671
257
-177
-474
-289
-701
-1301
-1654
-2093
-2425
-2869
-3316
-3520
-3694
-3909
-3663
-3419
-3320
-3269
-3464
-3608
-3628
-3460
-2938
-2500
-2349
-2162
-1971
-1982
-2136
-2401
-2515
-2454
-2520
-2317
-2008
-1890
-2059
-2456
-2711
-2885
-3035
-2982
-2874
-2855
-2852
-2921
-2977
-2878
-2719
-2672
-2725
-2602
-2135
-1593
-1207
-901
-660
-454
-317
-131
269
660
973
1109
1348
1680
1740
1846
1908
2011
2147
2350
2658
2767
2628
2484
2573
2525
2509
2467
2545
2779
2661
2729
2902
2870
2701
2864
3318
3707
3891
3893
4090
4098
4296
4723
4656
4454
4205
3597
3180
2979
3213
3693
3432
2643
1949
1239
777
519
190
91
-226
-990
-1599
-2006
-2355
-2540
-3035
-3656
-4052
-4365
-4382
-4176
-4007
-3637
-3371
-3600
-3920
-4057
-3781
-3246
-2813
-2472
-2176
-2013
-2095
-2160
-2092
-1929
-1877
-2093
-2070
-2163
-2126
-1884
-1812
-1763
-1959
-2240
-2545
-2734
-2833
-2603
-2345
-2191
-2038
-2070
-1972
-1919
-1929
-1730
-1360
-918
-574
-280
-19
335
699
945
1171
1207
1269
1432
1747
1987
2182
2286
2308
2257
2039
2060
2061
2157
2026
1916
2216
2371
2262
1987
1834
1819
1975
1995
2203
2564
2729
3127
3234
3406
3597
3697
4010
4259
4460
4627
4996
5059
5239
5149
4675
4261
3558
3326
3165
3119
3154
2841
2296
1617
1008
208
-398
-822
-1179
-1542
-2271
-2647
-2948
-3205
-3508
-3997
-4352
-4706
-4961
-4969
-4625
-4357
-4120
-3951
-3858
-3816
-3968
-3916
-3607
-3307
-2995
-2680
-2517
-2360
-2396
-2444
-2275
-2313
-2488
-2527
-2481
-2183
-2005
-2073
-2058
-2088
-2244
-2363
-2410
-2267
-2113
-2204
-2187
-1888
-1592
-1380
-1278
-1203
-1071
-1026
-765
-304
83
379
427
501
715
909
1046
1307
1407
1180
1185
1449
1569
1651
1514
1598
1738
1480
1439
1540
1573
1787
2017
2008
2088
1972
1998
2168
2524
2762
2802
3063
3256
3500
3678
4007
4199
4268
4410
4557
4747
4694
4779
4874
4920
5018
4956
4524
3981
3584
3262
2870
2637
2523
2342
1659
848
191
-371
-872
-1462
-1875
-2213
-2619
-2998
-3280
-3425
-3662
-3983
-4343
-4687
-4785
-4764
-4484
-4242
-4051
-3918
-3948
-4008
-4128
-3960
-3585
-3189
-2821
-2695
-2512
-2458
-2487
-2413
-2353
-2267
-2225
-2079
-1983
-1928
-1942
-1915
-1781
-1865
-1916
-1976
-2036
-1944
-1908
-1726
-1521
-1372
-1219
-1177
-1132
-1098
-941
-693
-388
-299
-144
217
371
450
481
681
905
859
843
1047
1315
1258
1458
1685
1766
1774
1578
1788
1720
1606
1849
2239
2521
2436
2406
2373
2484
2563
2858
3144
3146
3196
3415
3821
3939
4085
4134
4141
4219
4395
4526
4409
4341
4318
4305
4088
3865
3871
3684
3471
3031
2559
2119
1670
1449
1099
741
217
-228
-668
-1086
-1480
-1891
-2230
-2658
-2993
-3251
-3400
-3494
-3609
-3690
-3785
-3989
-4190
-4155
-4023
-3834
-3688
-3618
-3572
-3511
-3364
-3186
-3061
-2889
-2811
-2794
-2729
-2626
-2511
-2541
-2555
-2474
-2350
-2312
-2240
-2123
-2098
-2081
-2150
-2194
-2147
-2021
-1932
-1906
-1838
-1631
-1465
-1373
-1303
-1163
-1080
-860
-627
-277
28
276
518
358
451
608
864
961
1274
1460
1592
1658
1733
1877
1673
1613
1739
1862
1918
2142
2226
2366
2375
2371
2339
2089
2222
2474
2552
2628
2882
3028
3026
3030
3094
3094
3000
3063
3230
3373
3525
3721
3733
3572
3614
3608
3475
3316
3255
3277
3037
2927
2878
2653
1978
1479
1313
1099
886
607
481
147
-445
-934
-1154
-1223
-1441
-1805
-2179
-2435
-2600
-2903
-2990
-3104
-3269
-3556
-3708
-3700
-3707
-3666
-3554
-3479
-3700
-3767
-3732
-3618
-3635
-3549
-3342
-3331
-3495
-3488
-3316
-3358
-3356
-3247
-3046
-3027
-3031
-2857
-2749
-2664
-2534
-2419
-2370
-2317
-2070
-1931
-1811
-1730
-1410
-1290
-1159
-828
-592
-330
-210
127
355
665
914
1066
1186
1146
1558
1693
1917
2042
2086
2174
2162
2405
2239
2362
2235
2391
2455
2412
2634
2575
2597
2401
2487
2543
2613
2601
2696
2780
2590
2696
2781
2960
2868
2863
2963
2993
3061
3056
3276
3310
3487
3463
3416
3319
3149
3138
3033
3148
3033
2942
2767
2503
2330
2061
1880
1567
1255
894
600
352
14
-247
-664
-960
-1303
-1717
-2053
-2334
-2544
-2831
-3050
-3261
-3396
-3612
-3818
-3934
-4131
-4241
-4342
-4360
-4460
-4441
-4370
-4340
-4316
-4281
-4189
-4211
-4176
-4035
-3807
-3692
-3533
-3340
-3216
-3137
-3053
-2848
-2733
-2531
-2292
-2074
-2047
-1886
-1571
-1372
-1237
-1005
-731
-509
-410
-59
209
204
355
529
759
883
1100
1248
1341
1586
1845
1804
1951
2043
2294
2461
2440
2482
2452
2553
2664
2814
2736
2954
2999
2903
2838
2811
2823
2751
2802
2903
2981
2952
2937
2944
2779
2867
2976
2834
2700
2690
2792
2713
2640
2622
2629
2369
2227
2197
2110
1960
1850
1930
1754
1507
1354
1283
1071
853
732
541
277
90
5
-203
-509
-675
-821
-1095
-1289
-1443
-1697
-1991
-2189
-2356
-2538
-2707
-2812
-2938
-3109
-3270
-3422
-3655
-3875
-3969
-3987
-3980
-3945
-3975
-4005
-4037
-4058
-4074
-4070
-3914
-3838
-3739
-3538
-3281
-3175
-3175
-2962
-2691
-2590
-2540
-2246
-1959
-1801
-1583
-1305
-1108
-1000
-733
-475
-402
-260
-37
40
195
629
901
879
937
1275
1346
1270
1391
1747
1907
1950
2196
2246
2292
2132
2381
2537
2531
2623
2738
2871
2875
3083
3068
3079
3074
3120
3223
3207
3293
3268
3234
3212
3269
3162
2835
2969
2996
2961
2818
2777
2722
2458
2305
2139
2022
1661
1683
1644
1461
1317
1153
1002
744
641
362
160
-5
-78
-121
-273
-351
-499
-714
-945
-1064
-1145
-1367
-1467
-1511
-1516
-1639
-1838
-1995
-2188
-2357
-2503
-2485
-2528
-2594
-2642
-2656
-2724
-2861
-3069
-3228
-3181
-3218
-3184
-3205
-3155
-3159
-3188
-3158
-3222
-3198
-3218
-3070
-2921
-2766
-2572
-2462
-2309
-2162
-1970
-1930
-1906
-1679
-1465
-1259
-1051
-762
-479
-459
-255
-29
43
-8
220
570
718
852
1063
1457
1548
1509
1461
1609
1677
1586
1850
1925
2106
2222
2299
2365
2290
2171
2089
2270
2306
2614
2479
2563
2736
2683
2556
2356
2461
2291
2390
2565
2776
2634
2332
2401
2374
2217
2082
1995
1943
1995
2067
2070
1993
1757
1632
1249
1139
908
654
643
680
776
444
429
141
5
-415
-604
-690
-984
-925
-1042
-927
-1088
-1163
-1312
-1585
-1791
-1963
-1946
-2097
-2152
-2032
-2007
-2002
-2019
-1995
-2144
-2262
-2400
-2372
-2379
-2385
-2151
-2142
-2069
-2170
-2082
-2134
-2133
-2058
-2071
-2016
-1959
-1687
-1652
-1537
-1531
-1544
-1563
-1581
-1417
-1431
-1329
-1158
-978
-769
-751
-618
-679
-551
-327
-194
-11
24
253
300
407
469
642
760
764
914
919
1046
1184
1369
1389
1343
1416
1500
1642
1520
1622
1641
1804
2001
1883
1805
1730
1872
1784
1621
1724
1844
1891
1860
1829
1815
1631
1536
1625
1413
1398
1570
1539
1552
1408
1465
1509
1319
1078
923
869
878
978
779
698
452
457
526
441
352
86
123
31
-4
-111
-276
-472
-624
-641
-625
-666
-999
-994
-1106
-1098
-1111
-1271
-1316
-1496
-1448
-1654
-1713
-1775
-1675
-1620
-1632
-1501
-1673
-1645
-1706
-1640
-1656
-1652
-1555
-1508
-1366
-1326
-1136
-1027
-1128
-1194
-1167
-1032
-898
-763
-698
-657
-516
-414
-361
-402
-281
-278
-287
-15
138
212
215
420
466
213
313
386
439
379
542
681
586
742
837
771
484
634
636
662
709
800
932
589
654
775
764
632
531
613
560
685
777
759
482
437
623
373
443
247
364
201
349
639
623
544
412
633
277
234
102
346
245
345
735
629
487
271
411
270
116
32
222
359
392
716
650
712
274
116
206
93
81
-141
145
97
121
211
90
-181
-466
-401
-416
-549
-762
-571
-502
-492
-493
-561
-812
-1190
-1040
-866
-900
-980
-790
-699
-854
-857
-883
-940
-1182
-1099
-791
-856
-635
-438
-276
-423
-465
-370
-405
-484
-448
-165
-94
50
224
341
187
102
72
-5
106
212
483
531
612
620
590
506
336
370
215
138
122
286
513
580
630
504
482
302
116
44
-102
42
13
220
326
288
284
243
238
-94
-172
-175
-179
-197
21
201
214
196
314
162
-159
-211
-235
-383
-328
45
307
280
351
521
206
-137
-226
-99
-329
-93
295
490
533
525
742
352
-21
-132
-331
-450
-280
172
356
426
583
519
196
-172
-199
-462
-465
-265
101
156
185
331
164
-75
-292
-239
-620
-612
-371
-243
-186
-13
269
132
-118
-316
-393
-578
-533
-150
-161
-117
17
247
189
21
38
-99
-134
-153
51
79
152
405
448
503
361
392
203
152
353
397
500
527
725
612
507
501
363
255
128
320
330
356
491
507
480
374
439
209
81
-37
-33
-112
-102
66
30
-42
-119
-94
-231
-395
-412
-460
-558
-547
-418
-390
-503
-456
-463
-545
-751
-697
-747
-835
-725
-603
-455
-623
-510
-519
-547
-733
-800
-729
-824
-698
-555
-318
-300
-242
-220
-355
-551
-572
-515
-552
-549
-382
-177
-51
3
26
-102
-284
-258
-164
-105
-139
49
135
182
201
202
167
6
83
247
217
128
233
330
256
267
407
341
242
253
451
255
252
278
334
270
225
431
345
324
347
505
434
436
493
500
356
401
516
423
404
484
673
532
481
525
528
406
418
538
444
432
564
644
547
493
613
532
401
386
433
345
202
372
396
385
307
400
253
55
0
65
62
-69
118
146
150
-11
87
-157
-397
-431
-346
-323
-428
-242
-227
-261
-375
-333
-532
-769
-821
-723
-764
-722
-539
-424
-459
-505
-433
-591
-785
-880
-802
-858
-863
-659
-509
-424
-431
-342
-451
-626
-594
-609
-611
-632
-367
-211
-180
-145
-166
-202
-408
-344
-314
-310
-311
-119
65
68
161
180
155
-5
5
39
12
-19
189
355
443
433
427
419
255
298
309
371
290
388
520
529
501
478
551
462
482
560
563
524
475
544
495
478
510
526
450
371
472
497
453
406
431
448
389
470
428
388
371
449
448
260
222
204
236
204
264
260
172
156
136
146
-21
-54
-56
-101
-89
-64
-50
-123
-153
-137
-144
-252
-264
-329
-382
-417
-358
-303
-338
-311
-330
-374
-503
-509
-542
-551
-571
-582
-512
-532
-433
-399
-415
-541
-529
-535
-555
-542
-554
-470
-484
-330
-282
-283
-331
-373
-396
-429
-378
-324
-311
-277
-162
-81
-70
-78
-83
-109
-109
-84
-16
-54
-8
32
188
193
184
179
141
159
114
165
68
193
195
299
315
250
266
168
260
168
219
210
246
313
255
348
245
279
210
207
179
130
262
248
327
286
339
332
264
241
179
170
102
138
200
244
268
305
308
221
179
111
77
2
69
152
141
212
199
264
160
157
135
29
-33
-95
15
-41
86
148
207
200
137
153
-54
-100
-225
-180
-246
-192
-58
-3
94
84
127
-8
-117
-216
-296
-368
-350
-212
-89
-59
-7
7
-61
-236
-295
-312
-428
-418
-372
-196
-164
-48
18
-2
-130
-245
-298
-425
-447
-338
-217
-98
-14
70
94
30
-2
-124
-219
-321
-261
-232
-127
-11
107
180
150
165
61
0
-125
-154
-159
-141
-59
19
141
151
195
184
127
52
-40
-72
-114
-31
47
141
215
238
253
121
64
-80
-88
-121
-85
11
67
207
235
287
191
145
51
-36
-46
-50
5
46
188
266
237
160
119
48
-25
-75
-17
1
64
148
254
284
247
252
131
54
-36
-12
-45
3
96
197
247
235
253
146
4
-95
-117
-141
-79
42
195
229
260
206
89
-44
-199
-277
-346
-289
-166
7
119
191
205
115
-15
-165
-289
-382
-389
-285
-186
-47
73
127
55
-24
-126
-295
-398
-434
-370
-320
-154
-13
61
77
24
-49
-208
-266
-288
-283
-244
-183
-9
32
75
77
43
-44
-137
-140
-206
-142
-107
52
126
145
171
133
115
-4
-19
-51
-55
-47
8
104
117
175
173
180
102
45
10
-52
-57
-43
66
94
144
184
207
164
104
52
-39
-78
-84
-27
22
82
179
243
247
176
105
8
-65
-102
-81
-16
67
165
233
258
234
183
74
-47
-150
-152
-112
-24
80
210
282
280
219
114
-6
-133
-175
-158
-91
5
115
204
236
202
119
-21
-150
-242
-265
-226
-139
-27
76
161
166
119
-13
-143
-273
-356
-356
-295
-170
-34
79
146
131
51
-47
-177
-262
-312
-284
-212
-75
77
177
205
161
88
-62
-174
-253
-265
-218
-98
61
169
237
223
165
64
-32
-108
-133
-118
-53
30
138
216
245
223
156
94
-14
-115
-176
-125
-68
6
103
185
209
179
157
92
10
-75
-94
-111
-62
12
99
151
162
164
95
1
-73
-111
-151
-130
-45
34
86
129
143
109
28
-39
-94
-128
-144
-96
-34
-3
57
83
78
35
12
-22
-36
-53
-41
-29
-7
42
63
85
80
96
81
58
21
-32
-59
-94
-75
-61
-7
5
7
29
-6
-27
-70
-67
-123
-128
-92
-76
-40
-34
2
-20
-44
-50
-75
-99
-152
-127
-151
-138
-105
-63
-13
-14
34
17
-5
-50
-82
-122
-162
-121
-89
-48
-3
44
98
93
80
-2
-73
-140
-162
-113
-62
45
109
178
180
160
97
-5
-69
-114
-104
-82
-16
89
170
241
241
207
132
37
-39
-98
-85
-75
4
86
155
189
153
116
19
-54
-126
-141
-122
-52
64
132
178
177
120
36
-53
-112
-165
-160
-119
-40
43
79
117
99
69
6
-48
-94
-145
-118
-71
2
46
104
122
100
73
9
-59
-128
-139
-106
-45
40
98
134
119
112
87
25
-32
-73
-70
-75
-45
-4
32
39
36
41
21
10
-11
-47
-67
-62
-22
5
49
76
78
68
36
19
-16
-49
-67
-53
-30
-5
16
24
40
31
4
-7
-15
-33
-36
-41
-5
20
59
61
63
58
22
22
-10
-23
-37
-19
-19
-1
19
16
36
20
21
3
-5
-5
-12
-16
-31
-26
-17
-21
-14
-42
-31
-41
-21
-9
-15
-24
-38
-5
-11
24
22
36
26
1
-12
-50
-47
-54
-29
-28
-17
2
-6
-3
-17
-17
-33
-41
-40
-46
-17
-9
6
-6
-16
-8
-34
-33
-54
-26
-17
9
47
61
71
37
17
-36
-61
-81
-83
-46
-14
43
60
62
41
0
-31
-77
-91
-94
-53
-7
45
79
63
63
24
5
-36
-56
-60
-48
-7
21
71
76
84
73
49
23
-14
-31
-57
-35
2
29
49
57
78
60
40
8
1
-1
-9
14
22
50
52
77
79
57
29
-1
-10
-35
-33
-40
-25
-11
30
53
60
58
46
60
30
21
3
8
0
9
19
10
10
3
17
0
-10
-22
-29
-32
-31
-6
-12
-3
1
-19
-35
-56
-50
-59
-49
-41
-19
12
25
35
12
16
4
-16
-22
-38
-43
-62
-47
-36
-28
-22
-23
-17
-31
-31
-39
-37
-39
-33
-22
-10
15
7
4
3
3
-4
-16
-27
-31
-37
-35
-20
-4
8
21
36
44
38
29
14
-1
1
6
26
40
55
63
54
33
21
3
-16
-15
-4
26
51
72
72
55
37
20
9
-2
-18
-13
-11
-18
-11
-8
-4
3
9
14
13
14
15
13
7
2
5
5
12
16
6
5
4
-6
-17
-17
-11
0
14
22
34
36
33
24
9
-11
-23
-26
-19
1
22
33
43
55
54
47
34
6
-24
-37
-51
-50
-40
-19
1
26
45
39
32
11
-12
-33
-41
-36
-20
-8
4
13
-2
-23
-40
-56
-56
-30
-8
10
24
28
20
6
-7
-19
-25
-29
-40
-33
-21
1
6
17
31
29
23
1
-5
-27
-26
-29
-15
-8
-9
7
3
12
9
11
0
-8
-16
-27
-24
-10
6
25
20
28
22
8
