-3
-2
1
1
1
1
2
1
-1
-2
-4
-4
-5
-8
-9
-9
-9
-9
-6
-4
-2
1
3
6
7
7
10
9
8
7
3
5
1
1
2
1
1
3
3
2
1
-1
-2
-1
0
-1
-2
-4
-6
-5
-4
-4
-3
-2
-3
-3
-2
-4
-2
-4
-6
-7
-9
-8
-8
-7
-5
-4
-3
-1
0
2
3
4
6
6
6
3
4
5
4
2
-1
-3
-5
-5
-4
-1
1
4
7
9
7
5
1
0
-1
-3
-1
-1
1
1
2
1
0
-1
-2
-2
-2
-4
-7
-6
-4
-4
-2
0
4
5
7
7
3
1
0
1
2
4
5
3
2
1
0
1
1
1
0
-4
-7
-6
-5
-4
-2
-2
-1
-1
-2
-6
-9
-11
-10
-10
-9
-7
-9
-13
-16
-18
-19
-17
-14
-16
-14
-11
-11
-9
-6
-3
-2
-2
-2
-4
-5
-5
-8
-11
-10
-9
-10
-11
-8
-4
0
1
0
-1
0
0
-2
-1
1
-2
-3
-2
0
2
1
2
2
2
-1
-2
-3
-3
-2
-3
-1
0
1
1
1
1
-1
2
1
2
2
4
2
2
4
5
4
5
6
2
-2
-5
-9
-10
-9
-8
-5
0
2
3
4
3
1
0
-1
0
-2
-2
-2
-3
-4
-3
-2
-2
0
-1
0
-1
0
2
1
0
1
3
4
5
5
4
4
5
2
1
1
-1
-2
-3
-1
0
0
-1
-1
0
-2
0
0
-1
0
-2
-1
-1
-2
-1
-2
0
-1
-2
-4
-3
-4
-3
-1
3
4
0
-1
-1
-2
0
-1
0
-1
-2
1
2
3
4
3
4
2
4
2
0
-2
-5
-5
-6
-5
-3
-3
0
1
2
1
0
1
-1
-1
-2
-4
-5
-4
-2
1
3
4
4
4
5
6
5
3
3
5
6
7
10
9
8
8
6
8
7
10
10
10
9
7
7
3
1
2
1
0
1
3
4
4
6
7
8
10
11
12
15
16
12
12
9
8
4
4
7
7
10
13
16
17
18
18
16
17
16
15
14
16
16
16
15
13
14
13
13
10
9
8
6
9
8
8
2
-1
-3
-4
-2
0
-1
1
0
-1
1
2
4
5
5
4
3
1
1
-1
-2
-3
-3
-1
0
2
3
7
7
9
7
4
0
-3
-2
-1
1
3
5
7
6
5
4
1
1
-1
-1
-1
-2
-4
-4
-6
-7
-6
-5
-4
-5
-4
-5
-8
-7
-6
-4
-1
-1
0
0
0
0
3
6
4
3
4
3
2
2
2
0
2
6
6
5
5
7
7
9
12
14
14
12
12
11
12
11
11
10
7
7
7
7
7
7
5
7
7
6
4
3
0
-1
-1
1
1
1
2
0
-1
1
3
5
6
7
6
3
1
1
0
0
-2
-4
-6
-11
-11
-13
-13
-13
-13
-12
-9
-9
-9
-11
-12
-14
-13
-13
-13
-10
-8
-7
-8
-8
-8
-9
-7
-8
-11
-9
-12
-13
-11
-11
-9
-11
-9
-7
-7
-5
-4
-5
-4
-4
-1
-1
-2
-3
-6
-7
-8
-11
-10
-8
-9
-11
-11
-14
-16
-16
-15
-12
-9
-8
-8
-8
-11
-14
-15
-16
-14
-14
-11
-7
-5
-4
-3
-3
-2
-2
0
-1
-3
-2
-3
-4
-5
-5
-7
-7
-5
-3
-2
-1
0
-1
-1
-1
-4
-4
-5
-4
-4
-2
-2
-3
-5
-5
-5
-6
-6
-7
-9
-10
-8
-5
-3
-2
-2
-5
-6
-9
-9
-7
-7
-6
-5
-5
-7
-3
-1
1
4
4
4
1
-1
-3
-6
-6
-8
-6
-6
-5
-5
-3
2
2
6
7
4
5
2
0
-1
0
1
-3
-4
-4
-2
-1
-1
0
2
3
0
-1
-2
0
1
0
2
0
1
1
-3
-1
-3
-3
-4
-2
-1
0
-2
-2
-2
1
1
-2
0
-3
-6
-5
-4
-5
-5
-2
0
-1
2
3
1
-2
-3
-5
-6
-6
-6
-5
-4
-5
-3
-4
-2
0
1
4
3
0
-3
-6
-7
-5
-4
-3
-3
1
1
2
5
4
0
0
-1
1
4
5
6
5
4
2
3
4
3
2
2
3
0
0
-1
-1
-2
1
1
2
-1
-1
-2
-3
1
2
5
5
3
3
2
3
2
6
5
4
3
3
2
2
3
3
4
5
8
8
9
12
11
12
11
14
13
15
15
16
14
11
11
10
13
11
8
8
7
7
8
9
8
8
7
7
7
4
3
-1
-5
-3
-1
1
1
1
-1
-2
-1
2
3
1
-1
-4
-7
-8
-8
-6
-5
-2
0
1
2
3
8
10
10
9
8
7
6
2
3
1
4
5
2
2
0
0
0
2
3
5
7
5
6
4
6
7
8
8
8
7
3
1
-2
-2
-2
0
2
1
0
-2
-7
-2
-2
2
2
3
3
0
4
6
6
7
7
8
9
8
8
6
3
4
2
6
7
7
8
7
5
6
4
3
4
6
5
6
7
5
6
6
6
8
11
10
9
8
7
4
1
-1
-1
-1
0
0
-1
-2
-2
0
1
3
4
3
-1
-1
-3
-1
-3
-2
1
3
5
6
3
3
1
-2
-1
-1
-3
-4
-7
-5
-5
-4
-3
-6
-8
-6
-5
-6
-2
-1
-3
-1
1
2
-1
-3
-7
-10
-12
-11
-8
-9
-9
-6
-6
0
1
4
8
6
6
5
3
0
-2
-1
2
4
6
5
3
2
2
4
2
-1
-2
-7
-11
-13
-15
-11
-12
-10
-9
-12
-12
-12
-12
-11
-12
-15
-13
-15
-19
-18
-16
-13
-13
-11
-10
-11
-14
-20
-22
-24
-27
-26
-27
-26
-23
-22
-22
-23
-22
-22
-24
-24
-26
-29
-31
-31
-33
-33
-30
-30
-26
-24
-22
-21
-20
-20
-17
-14
-10
-6
-6
-3
-3
-2
1
4
9
16
19
21
24
26
28
29
29
32
35
38
43
50
51
53
53
52
54
54
55
56
52
50
49
48
50
46
43
41
37
37
35
34
32
29
31
30
31
33
28
23
13
6
2
-3
-11
-17
-24
-27
-30
-30
-29
-30
-32
-36
-38
-42
-48
-53
-58
-64
-69
-72
-75
-73
-74
-73
-73
-69
-67
-66
-67
-69
-73
-74
-73
-72
-70
-70
-65
-61
-59
-53
-50
-45
-38
-37
-30
-28
-26
-18
-15
-8
-3
7
14
17
21
24
23
25
32
37
45
51
55
57
61
72
82
87
94
94
92
92
90
92
94
97
98
96
96
97
94
88
86
81
79
79
76
73
68
66
62
59
59
58
50
45
41
36
29
19
12
0
-7
-14
-19
-21
-22
-24
-29
-35
-39
-43
-48
-50
-54
-64
-70
-78
-82
-82
-84
-81
-83
-83
-85
-88
-90
-96
-99
-101
-105
-110
-105
-99
-94
-90
-89
-84
-78
-71
-63
-60
-56
-52
-42
-37
-41
-44
-42
-36
-29
-17
-6
3
13
24
27
29
39
55
66
76
83
90
104
110
110
103
102
104
111
123
129
137
138
137
137
140
150
149
144
144
133
122
124
141
155
140
130
122
110
121
124
116
108
105
104
79
56
48
34
29
31
16
-6
-28
-46
-60
-66
-51
-51
-68
-79
-93
-104
-103
-102
-112
-125
-137
-141
-150
-159
-162
-188
-200
-203
-212
-215
-214
-210
-206
-191
-169
-170
-179
-182
-182
-175
-148
-125
-129
-148
-168
-177
-178
-144
-122
-127
-116
-113
-116
-111
-70
-32
-28
-2
26
28
31
54
79
76
102
147
147
149
178
199
200
228
277
267
239
235
232
228
231
246
245
266
311
320
306
315
364
383
398
419
419
421
434
464
457
444
436
413
404
414
416
399
369
320
248
185
174
155
107
59
2
-70
-135
-175
-250
-339
-404
-457
-517
-618
-742
-862
-971
-1037
-1090
-1146
-1165
-1202
-1244
-1269
-1264
-1229
-1181
-1094
-1013
-982
-971
-944
-902
-822
-728
-663
-653
-636
-613
-628
-604
-526
-431
-349
-262
-187
-174
-170
-111
17
155
270
337
341
341
398
517
619
684
768
828
862
906
937
998
1108
1223
1302
1337
1393
1448
1459
1494
1557
1630
1727
1824
1839
1790
1767
1810
1861
1888
1906
1815
1664
1525
1359
1080
691
309
-4
-228
-441
-824
-1348
-1725
-1890
-2050
-2210
-2305
-2350
-2359
-2338
-2221
-2015
-1708
-1323
-1068
-1019
-1035
-960
-750
-520
-429
-516
-581
-517
-456
-546
-704
-796
-827
-799
-738
-691
-693
-687
-612
-494
-376
-282
-183
-67
58
141
204
316
399
351
193
87
87
128
152
82
-40
-129
-139
-118
-120
-87
17
107
207
318
356
330
353
432
485
540
636
673
574
440
327
261
304
396
363
229
182
186
131
115
201
305
364
382
363
341
412
591
687
662
680
713
747
791
850
902
916
972
1037
1113
1294
1491
1529
1545
1681
1824
1862
1873
1956
2051
2122
2190
2030
1166
-464
-1837
-1811
-421
1151
1417
-178
-2614
-4221
-4305
-3398
-2075
-631
299
-23
-1405
-2605
-2562
-1289
246
1028
982
692
449
208
-45
-314
-499
-298
371
846
345
-799
-1471
-1227
-682
-479
-539
-584
-580
-644
-862
-1066
-1034
-759
-444
-276
-260
-313
-383
-501
-759
-1069
-1137
-778
-246
-31
-199
-406
-508
-527
-427
-230
-41
37
45
-10
-174
-292
-232
31
437
745
840
794
654
458
334
475
842
1179
1320
1286
1181
1043
963
1110
1497
2008
2361
2335
2121
2050
2151
2256
2290
2310
2374
2439
2352
1966
1458
1109
891
627
308
50
-135
-268
-327
-454
-846
-1915
-3296
-3777
-3000
-1632
-685
-781
-1766
-2887
-3256
-2847
-2009
-866
160
491
-182
-1248
-1765
-1481
-680
-97
-208
-534
-665
-758
-952
-1189
-1290
-1207
-770
-145
-89
-723
-1252
-1064
-491
-168
-121
-97
16
142
12
-233
-336
-374
-499
-651
-578
-390
-271
-202
-216
-359
-576
-593
-297
32
186
281
442
609
694
675
581
449
350
352
455
507
422
261
141
212
315
257
155
125
237
537
839
1024
1118
1242
1435
1517
1461
1524
1970
2601
2933
2812
2454
2256
2336
2569
2941
3273
3484
3553
3206
2534
2058
1948
1766
1192
511
-96
-708
-1235
-1665
-2138
-2538
-2682
-2919
-3596
-4228
-4225
-3686
-2848
-2096
-1927
-2329
-2702
-2574
-2200
-1793
-1140
-400
-105
-487
-1126
-1360
-961
-248
75
-157
-423
-537
-711
-1031
-1218
-1138
-1008
-813
-628
-739
-1075
-1250
-1059
-822
-744
-743
-755
-668
-523
-525
-749
-1004
-1144
-1271
-1307
-933
-360
-26
5
-197
-651
-1106
-999
-413
95
322
299
84
-202
-331
-195
95
351
472
398
214
139
211
384
662
926
913
700
645
894
1286
1593
1786
1874
1932
2040
2222
2396
2562
2867
3228
3507
3680
3742
3680
3665
3753
3943
4235
4456
4399
4024
3560
3218
2913
2419
1555
160
-1393
-2086
-1598
-787
-757
-2043
-4211
-5965
-6303
-5386
-4028
-2925
-2476
-2754
-3581
-4174
-3707
-2263
-625
308
219
-293
-528
-450
-286
-105
5
-22
-62
-129
-485
-1259
-1969
-2027
-1594
-1329
-1574
-2013
-2266
-2296
-2164
-1902
-1597
-1253
-1006
-1008
-1093
-1005
-732
-466
-308
-331
-549
-734
-675
-419
-239
-165
59
356
371
110
-138
-218
-186
-149
-163
-252
-276
-178
-69
-60
-181
-361
-416
-217
165
447
603
804
976
1001
924
1028
1334
1599
1831
2078
2283
2463
2660
2848
3006
3207
3502
3718
3903
4218
4464
4542
4531
4486
4464
4613
4770
4738
4672
4616
4483
4213
3568
2540
1227
-480
-1827
-1789
-626
203
-626
-3123
-5923
-7424
-7118
-5696
-4268
-3390
-3034
-3511
-4799
-5567
-4814
-2825
-726
282
105
-399
-617
-504
-318
-151
94
286
377
303
-265
-1235
-1764
-1377
-725
-697
-1333
-1942
-2068
-1926
-1901
-2095
-2250
-2063
-1778
-1632
-1397
-1079
-1014
-1275
-1556
-1613
-1321
-550
247
343
-136
-388
-236
87
632
1074
1001
618
298
-34
-355
-236
277
608
648
522
66
-476
-528
-156
326
892
1430
1508
1187
1061
1268
1610
2032
2580
3041
3325
3558
3509
3182
3065
3455
4027
4420
4648
4718
4482
3982
3563
3560
4064
4801
5206
4948
4408
3981
3824
3813
3556
2641
708
-1593
-2531
-1469
113
258
-1820
-5136
-7582
-7835
-6540
-5007
-3858
-3377
-3983
-5605
-6911
-6373
-4055
-1451
-207
-631
-1544
-1924
-1676
-1242
-828
-398
-44
196
116
-663
-1913
-2571
-1941
-837
-548
-1120
-1653
-1599
-1371
-1541
-2071
-2314
-1801
-1057
-781
-961
-1075
-952
-1043
-1473
-1593
-1163
-551
30
204
-403
-1113
-906
133
1018
1291
1218
942
414
-150
-513
-503
200
1244
1615
1004
-30
-925
-1360
-963
156
1102
1508
1576
1217
549
303
960
2012
2998
3832
4215
4001
3445
3239
3721
4513
5295
5715
5559
5081
4602
4187
3890
4110
4837
5354
5058
4244
3544
3258
3352
3301
2679
1293
-723
-2447
-2671
-1400
-311
-1149
-3921
-6869
-8186
-7484
-5661
-4042
-3372
-3734
-5113
-6650
-6862
-5112
-2406
-488
-292
-1311
-2215
-2259
-1583
-773
-231
-31
-36
-96
-329
-1111
-2179
-2426
-1476
-318
-135
-844
-1456
-1697
-2042
-2639
-3018
-2553
-1546
-1090
-1571
-2276
-2482
-2348
-2282
-2183
-1656
-708
141
305
-436
-1340
-1227
-113
948
1417
1418
1051
472
-65
-543
-797
-289
874
1686
1479
549
-472
-1152
-1188
-595
272
1261
2127
2133
1233
464
657
1555
2573
3496
4130
4396
4307
3932
3547
3725
4669
5902
6580
6407
5803
5139
4717
4796
5500
6417
6793
6453
5596
4816
4337
3828
2773
677
-1605
-2473
-1337
422
617
-2003
-6510
-9838
-10150
-8020
-5194
-3303
-2757
-3875
-6469
-8761
-8609
-5504
-1383
959
407
-1520
-2899
-3184
-2572
-1339
53
885
986
557
-592
-2206
-3317
-2787
-1081
107
94
-735
-1390
-1908
-2888
-4047
-4325
-2810
-591
277
-734
-2592
-3896
-4122
-3369
-1962
-373
1032
1470
375
-1544
-2494
-1493
697
2631
3193
2334
965
52
-224
-166
257
1332
2516
2774
1764
38
-1157
-961
-4
755
1042
1265
1569
1476
1018
704
1168
2318
3411
4020
4110
4115
4092
3822
3658
3850
4517
5436
5974
5848
5466
5002
4572
4791
5576
6190
6225
5787
5420
4941
4022
2833
874
-1482
-2330
-959
960
1206
-1536
-6404
-10372
-10941
-8425
-5239
-3173
-2570
-3744
-6593
-9223
-9245
-6020
-1497
1172
452
-1917
-3358
-3232
-2169
-831
513
1475
1724
1511
519
-1224
-2217
-1359
540
1460
568
-917
-1698
-1766
-2074
-3164
-4058
-3300
-1531
-854
-1881
-3329
-3987
-3820
-3342
-2868
-1947
-434
872
685
-1154
-2476
-1822
230
2326
3192
2713
1422
149
-518
-752
-322
1060
2700
3199
2010
-112
-1809
-1746
-354
781
1008
841
864
850
470
204
486
1378
2607
3581
3841
3795
3771
3730
3745
3820
4344
5053
5551
5888
5914
5504
5253
5455
5803
6138
6487
6645
6670
6195
4888
2903
21
-2275
-1945
946
3861
3488
-1474
-8241
-12140
-10975
-6537
-2679
-1443
-2347
-4884
-8299
-10525
-9477
-4887
241
1993
-352
-3800
-5258
-4161
-1782
529
1912
2092
1732
1223
138
-1474
-2175
-661
1840
2845
1337
-1306
-2793
-2731
-2365
-2690
-3146
-2572
-1624
-1799
-3284
-4878
-5012
-4085
-3465
-3228
-2837
-1731
-631
-820
-1940
-2690
-2027
-279
1398
2348
2210
1281
208
-466
-753
-488
888
2591
3314
2341
113
-1720
-1958
-885
285
861
1121
1295
947
13
-536
-177
1063
2599
3492
3787
3928
3915
3542
3174
3589
4793
5794
6074
6039
5869
5553
5237
5041
5496
6365
6831
6813
6648
6611
6178
5160
3571
1097
-1423
-1774
742
3969
4617
493
-6277
-10952
-10702
-6752
-3038
-1247
-1539
-4233
-8295
-11488
-10804
-6292
-1219
920
-1110
-4342
-6001
-5506
-3258
-670
1256
1808
1351
783
-283
-1745
-2206
-583
2046
3436
2407
-100
-1831
-2245
-2390
-2822
-2980
-1935
-807
-1482
-3724
-5510
-5400
-4130
-3067
-2623
-1996
-1018
-910
-2031
-3350
-3314
-1412
1157
3002
3161
1850
255
-599
-443
208
1236
2492
3458
3252
1424
-815
-1855
-1224
129
818
787
772
871
436
-801
-1528
-495
1672
3176
3340
3002
3052
3314
3319
3309
3723
4781
6081
6929
7031
6572
5448
4236
4340
5886
7866
8976
8409
6763
4889
3842
4005
3770
1890
-393
-825
835
2942
1988
-3100
-8582
-10712
-8476
-5001
-3023
-2356
-3431
-6275
-9856
-11427
-8683
-3267
853
436
-2966
-5638
-6056
-4126
-1270
1128
1980
1423
826
-6
-1267
-2173
-1561
842
3268
3611
1371
-1423
-2552
-2234
-1830
-1888
-1416
-629
-1064
-2786
-4715
-5172
-3949
-2959
-3026
-3066
-2041
-1068
-1805
-3349
-3873
-2777
-672
1161
1670
1138
581
286
98
107
543
1411
2482
3200
2699
877
-699
-880
-268
156
88
-21
382
866
335
-1079
-1699
-564
1168
2082
2291
2685
3111
2966
2483
2491
3573
5239
6511
6636
5870
5130
4760
4928
5952
7477
8462
8158
7104
5943
5081
5174
5918
5373
2274
-1020
-1550
884
3795
2775
-2746
-8734
-10980
-8705
-5472
-3239
-2290
-3422
-6359
-10009
-11500
-9090
-4169
24
87
-2659
-5308
-6295
-4787
-1823
1039
2007
1355
713
46
-913
-1822
-1375
836
3066
3290
1014
-1449
-2075
-1415
-980
-1231
-1020
-515
-1036
-2913
-4956
-5106
-3442
-1933
-1649
-2269
-2892
-3293
-3671
-3473
-2292
-498
965
1002
37
-864
-1031
-82
1255
2092
1893
1226
1136
1347
1365
905
448
745
1133
686
-695
-1534
-697
690
1179
425
-403
-425
18
611
1415
2676
3827
3795
2785
2218
3039
4528
5726
6105
6005
5786
5430
5427
5794
6620
7376
7356
6832
6230
5831
5783
6220
6185
3948
51
-2340
-1057
2500
4504
1652
-4637
-9999
-11161
-8239
-4639
-2069
-1810
-4553
-8641
-12078
-12008
-8181
-3213
-24
-547
-3321
-5896
-6503
-4431
-1107
1276
1576
832
332
15
-681
-1252
-584
1095
2619
2582
1046
-472
-1166
-1113
-920
-516
48
-217
-1368
-2759
-3377
-3099
-2683
-2440
-2416
-2191
-1986
-2620
-3704
-3836
-2570
-804
522
757
42
-876
-1142
-288
942
1825
2127
1725
1212
805
275
-21
467
1223
1112
-33
-1191
-1152
-154
588
448
-113
-121
421
913
1417
2140
3038
3398
2934
2481
2833
3932
4952
5332
5252
4981
4733
4693
4989
5811
6651
6686
5969
5281
5098
5438
6022
6689
6313
3584
-52
-1870
-676
2537
4375
2085
-3416
-8581
-9940
-7525
-3849
-1172
-1571
-4858
-8707
-11008
-10183
-6844
-3016
-747
-1206
-3337
-5560
-6341
-4761
-1760
832
1506
734
-202
-910
-1293
-1238
-429
1203
2642
2894
1854
296
-760
-903
-185
789
1191
616
-374
-1331
-2065
-2328
-2224
-1924
-1438
-1082
-1479
-2751
-3889
-3815
-2626
-1070
33
150
-594
-1412
-1528
-810
159
881
1037
758
489
238
-12
-102
203
622
513
6
-354
-264
134
372
330
183
254
653
1174
1710
1996
1948
1667
1586
1955
2553
3201
3556
3544
3417
3425
3630
3855
4265
4856
5067
4775
4409
4312
4510
5067
5853
6358
6052
4674
2221
-359
-1033
815
3583
4628
2065
-2797
-6952
-7659
-4749
-1264
341
-1076
-4540
-7693
-8957
-7555
-4576
-1758
-576
-1707
-3966
-5905
-6201
-4514
-1906
253
750
-115
-1427
-2420
-2552
-1750
-199
1544
2763
2748
1316
-461
-1197
-418
1062
2040
1981
894
-495
-1326
-1178
-387
263
290
-527
-1723
-2556
-2710
-2173
-1201
-526
-729
-1682
-2580
-2514
-1468
-44
621
-179
-1559
-2613
-2671
-1476
120
1069
440
-1229
-2626
-3040
-2003
-297
866
1067
462
-260
-631
-246
797
1698
2357
2737
2781
2345
1591
1224
1605
2642
3681
4113
3932
3518
3153
2923
2977
3529
4321
4920
5055
4782
4486
4324
4267
4493
4961
5368
5284
4507
3605
2435
1077
329
470
1832
3285
2890
432
-3022
-4993
-4297
-2303
-436
-316
-2023
-4452
-6344
-6430
-5220
-3759
-2994
-3443
-4524
-5747
-6439
-6022
-4791
-3315
-2608
-2908
-3525
-3793
-3310
-2510
-1732
-828
33
332
9
-420
-519
-191
258
512
793
1156
1519
1516
990
401
-59
-149
228
782
1002
421
-607
-1409
-1517
-937
-556
-660
-1157
-1792
-2116
-2291
-2208
-2060
-2123
-2142
-2087
-1832
-1587
-1616
-1602
-1350
-739
-32
389
626
745
851
1029
1362
1841
2156
2227
2073
1935
2096
2340
2376
2400
2781
3357
3628
3340
2823
2618
2871
3332
3706
3849
3763
3429
2925
2629
2722
3034
3379
3532
3359
2953
2472
2185
2293
2889
3617
3453
2367
1379
1146
1885
2752
2732
1597
-417
-1899
-2021
-1180
-158
-295
-1700
-3560
-4924
-5082
-4475
-3671
-3257
-3729
-4822
-6132
-6765
-6233
-4986
-3857
-3665
-4150
-4909
-5492
-5413
-4736
-3556
-2403
-1787
-1676
-2059
-2298
-1982
-1134
91
1095
1678
1673
1281
1011
1173
1754
2165
2175
1752
1141
823
672
690
431
-175
-614
-1022
-1101
-1000
-973
-1048
-1620
-2246
-2567
-2385
-1674
-1148
-1062
-1326
-1669
-1699
-1473
-1045
-460
-39
85
-52
-261
-127
363
999
1612
1960
2152
2261
2356
2549
2786
3105
3472
3822
4144
4242
3957
3446
3012
2939
3167
3405
3385
2989
2474
2035
1874
2165
2579
2915
3063
3059
3081
3089
3184
3300
3460
3525
3249
2902
2664
2688
2688
2348
1752
962
413
122
-95
-231
-604
-1031
-1693
-2372
-2729
-3135
-3449
-3837
-4285
-4670
-5121
-5448
-5743
-6082
-6428
-6820
-6880
-6552
-6026
-5617
-5502
-5438
-5365
-5003
-4330
-3477
-2520
-1843
-1448
-1218
-1030
-626
-252
55
356
646
984
1065
936
721
578
644
863
1256
1466
1278
828
386
416
790
1098
1109
708
234
-42
-150
-158
-108
-126
-215
-359
-470
-453
-516
-575
-418
13
673
1221
1446
1436
1308
1298
1494
1902
2441
2878
3074
3001
2762
2611
2613
2680
2867
3076
3147
3008
2640
2348
2274
2355
2580
2820
2990
3002
2851
2718
2682
2769
2911
2990
3064
3025
2922
2745
2425
2228
2035
1902
1795
1526
1335
1000
656
440
39
-323
-823
-1362
-1723
-2165
-2519
-2991
-3638
-4309
-5079
-5610
-5839
-5842
-5722
-5778
-6042
-6376
-6599
-6588
-6238
-5581
-4836
-4267
-4081
-4077
-3895
-3353
-2632
-2034
-1611
-1283
-1049
-912
-746
-496
-174
148
389
588
745
784
733
724
878
1171
1455
1548
1437
1220
1024
978
1009
1018
883
598
337
200
139
45
-139
-272
-189
68
416
649
674
591
486
601
978
1512
2011
2147
1998
1758
1655
1816
2074
2361
2536
2557
2430
2250
2271
2452
2766
3137
3365
3409
3270
3203
3309
3501
3667
3559
3301
3038
2871
2892
3002
3126
3116
2920
2721
2430
2225
2221
2236
2337
2317
2176
1909
1258
626
96
-290
-377
-603
-1086
-1981
-3051
-3775
-4218
-4366
-4471
-4792
-5231
-5699
-6001
-6123
-6181
-6177
-6053
-5850
-5600
-5334
-5203
-5152
-5129
-4961
-4495
-3941
-3388
-3010
-2794
-2590
-2494
-2277
-1836
-1312
-740
-327
-48
141
126
211
459
798
1231
1413
1380
1280
1199
1270
1252
1188
1189
1127
1112
1017
769
470
258
370
609
839
945
749
417
213
335
742
1208
1493
1493
1320
1150
1221
1484
1733
1901
1950
1995
2087
2204
2303
2399
2619
2977
3272
3407
3548
3632
3705
3710
3577
3512
3387
3339
3375
3316
3312
3140
2919
2782
2596
2589
2630
2757
3000
2961
2759
2445
2087
1951
1769
1569
1391
998
525
-197
-1042
-1615
-2010
-2142
-2256
-2639
-3131
-3780
-4382
-4729
-4856
-4821
-4822
-4984
-5248
-5545
-5741
-5761
-5681
-5523
-5381
-5392
-5450
-5421
-5280
-4972
-4574
-4142
-3797
-3489
-3210
-3009
-2698
-2252
-1741
-1245
-854
-418
-48
168
388
529
750
1003
1128
1228
1194
1169
1185
1195
1264
1263
1266
1235
1161
1132
1128
1163
1163
1092
953
848
837
921
1048
959
750
581
601
872
996
1070
1144
1147
1268
1399
1617
1945
2258
2537
2722
2927
3181
3372
3443
3490
3590
3672
3734
3772
3727
3585
3474
3407
3313
3198
3072
3016
2997
3058
3125
3069
2945
2840
2755
2672
2560
2210
1810
1419
1088
914
527
141
-243
-707
-970
-1381
-1731
-1946
-2183
-2250
-2558
-2830
-3065
-3459
-3736
-3984
-4107
-4263
-4484
-4765
-5170
-5508
-5760
-5845
-5759
-5559
-5364
-5363
-5462
-5475
-5232
-4742
-4162
-3757
-3537
-3366
-3169
-2789
-2277
-1678
-1223
-1045
-869
-651
-450
-222
-13
184
371
577
749
806
839
882
982
1132
1286
1377
1354
1321
1286
1286
1324
1281
1160
1015
950
977
1011
966
865
727
620
748
1023
1337
1631
1838
1964
1979
1979
2057
2204
2579
2951
3084
3103
2908
2810
3013
3347
3693
3793
3689
3495
3208
3151
3321
3425
3518
3502
3304
3108
2895
2824
2785
2685
2623
2416
2249
2089
1781
1524
1284
1110
960
666
555
347
84
-52
-410
-711
-961
-1298
-1551
-1829
-1983
-2146
-2540
-2891
-3403
-3914
-4215
-4490
-4551
-4514
-4613
-4866
-5342
-5708
-5820
-5701
-5326
-4969
-4835
-4882
-4938
-4886
-4511
-3967
-3466
-3120
-2905
-2598
-2400
-2233
-1961
-1656
-1212
-819
-542
-441
-469
-337
-222
38
464
733
931
814
709
784
910
1241
1356
1338
1339
1189
1172
1267
1265
1299
1250
1150
1216
1369
1544
1725
1779
1850
1890
1820
1908
2096
2386
2722
2811
2776
2638
2501
2564
2764
3056
3296
3395
3262
3077
2994
3022
3220
3302
3254
3178
2949
2740
2525
2350
2336
2276
2177
1979
1683
1511
1440
1457
1535
1581
1525
1407
1317
1251
1278
1213
1098
990
713
541
362
121
-102
-464
-811
-1280
-1772
-2074
-2393
-2637
-2841
-3137
-3486
-3879
-4294
-4634
-4721
-4759
-4837
-4938
-5158
-5278
-5356
-5331
-5249
-5133
-4863
-4651
-4393
-4093
-3896
-3647
-3355
-3062
-2721
-2232
-1744
-1457
-1171
-1011
-888
-542
-140
207
458
631
792
790
812
977
1139
1305
1419
1475
1386
1339
1389
1287
1287
1460
1539
1594
1593
1482
1312
1265
1420
1567
1721
1868
1796
1711
1849
2010
2175
2268
2361
2427
2408
2535
2585
2600
2717
2713
2562
2489
2613
2717
2761
2593
2364
2249
2119
2065
1918
1729
1697
1603
1465
1403
1267
1164
1148
1167
1160
1029
1057
1184
1193
1221
1250
1218
1272
1328
1250
1163
975
686
564
409
202
85
-179
-435
-747
-1219
-1531
-1846
-2210
-2475
-2794
-2959
-3125
-3488
-3976
-4449
-4710
-4760
-4685
-4658
-4733
-4954
-5159
-5169
-5128
-4958
-4618
-4392
-4128
-3893
-3725
-3421
-3206
-2787
-2356
-2134
-1505
-1011
-794
-555
-488
-259
153
464
758
895
941
1139
1230
1314
1479
1525
1652
1766
1753
1750
1677
1687
1650
1610
1767
1831
1727
1761
1812
1649
1636
1770
1832
1952
2110
2137
2169
2191
2137
2138
2118
2350
2661
2706
2648
2369
2118
2166
2235
2270
2276
2209
2128
1994
1821
1764
1733
1638
1620
1500
1405
1402
1239
1033
844
685
754
879
885
907
759
626
629
550
624
759
714
772
800
654
442
233
-21
-91
-181
-351
-384
-755
-1109
-1530
-2035
-2178
-2413
-2534
-2606
-3040
-3306
-3601
-4029
-4227
-4445
-4557
-4536
-4661
-4696
-4855
-5105
-5104
-4966
-4736
-4514
-4236
-4000
-3810
-3544
-3212
-2825
-2451
-2085
-1749
-1427
-984
-648
-407
-123
131
375
791
1153
1371
1618
1648
1749
1886
2056
2275
2369
2449
2481
2484
2477
2413
2267
2212
2263
2246
2296
2234
2049
1865
1681
1704
1850
2000
2084
1916
1617
1538
1610
1686
1828
1874
1841
1813
1753
1723
1746
1713
1782
1773
1725
1839
1728
1722
1753
1528
1402
1375
1226
1194
1177
991
826
643
510
434
353
379
300
109
40
-53
-72
-3
11
27
-17
-9
8
-80
-97
-72
-145
-306
-307
-338
-467
-534
-701
-937
-1180
-1389
-1584
-1834
-2035
-2223
-2521
-2867
-3062
-3315
-3511
-3654
-3972
-4108
-4225
-4367
-4431
-4542
-4542
-4511
-4461
-4247
-4089
-3884
-3652
-3435
-3152
-2800
-2350
-1952
-1584
-1268
-982
-636
-245
239
569
842
1242
1448
1641
1989
2227
2354
2521
2559
2627
2742
2734
2784
2651
2488
2450
2325
2354
2319
2125
1972
1752
1645
1632
1552
1565
1532
1455
1449
1484
1499
1537
1548
1521
1607
1643
1818
1951
1913
1931
1761
1746
1878
1879
1945
1886
1792
1676
1582
1526
1397
1347
1224
1028
875
689
542
308
118
32
-146
-224
-284
-376
-513
-599
-601
-684
-679
-561
-542
-544
-452
-446
-458
-452
-476
-421
-395
-339
-375
-449
-439
-561
-618
-736
-880
-1019
-1210
-1333
-1578
-1812
-2058
-2441
-2743
-2945
-3135
-3295
-3449
-3639
-3821
-3903
-3951
-3918
-3840
-3734
-3598
-3598
-3402
-3159
-2985
-2612
-2299
-1994
-1664
-1400
-1099
-702
-333
44
427
683
1020
1255
1491
1775
1940
2219
2391
2425
2472
2413
2408
2333
2260
2242
2145
2096
1994
1905
1855
1793
1845
1787
1740
1739
1682
1753
1727
1764
1772
1722
1781
1730
1795
1819
1774
1782
1703
1719
1706
1660
1639
1582
1529
1432
1343
1269
1132
1072
976
780
584
433
278
109
-6
-158
-323
-501
-631
-773
-880
-893
-967
-1005
-1022
-1084
-1082
-1052
-1002
-962
-928
-882
-882
-874
-839
-788
-751
-743
-731
-694
-621
-626
-691
-730
-776
-772
-801
-857
-938
-1014
-1075
-1222
-1260
-1380
-1506
-1539
-1706
-1721
-1794
-1860
-1804
-1886
-1873
-1832
-1839
-1772
-1709
-1636
-1544
-1477
-1380
-1279
-1234
-1061
-920
-815
-570
-451
-354
-188
-61
101
312
482
602
719
868
943
1026
1202
1305
1372
1423
1507
1564
1641
1788
1771
1853
1928
1916
1943
1969
2057
2092
2080
2118
2136
2013
2025
2016
1882
1845
1704
1630
1600
1513
1475
1306
1208
1112
964
874
845
811
716
612
465
353
301
196
116
105
-15
-151
-310
-437
-532
-647
-655
-686
-738
-761
-862
-985
-1016
-1069
-1121
-1087
-1171
-1248
-1290
-1319
-1383
-1466
-1522
-1558
-1580
-1586
-1583
-1557
-1515
-1575
-1591
-1581
-1543
-1472
-1359
-1295
-1255
-1125
-1116
-1037
-908
-810
-691
-656
-522
-471
-379
-295
-274
-188
-150
-36
-33
52
113
77
150
102
109
132
69
65
54
35
71
35
-20
-42
-29
-41
5
126
102
180
267
299
374
470
603
711
829
1001
1108
1222
1446
1480
1602
1807
1790
1897
1939
1931
2034
1988
2036
2002
1868
1864
1761
1711
1681
1506
1459
1329
1146
1109
966
843
730
556
475
437
293
180
55
-62
-130
-202
-210
-257
-320
-412
-537
-573
-559
-644
-698
-694
-786
-849
-872
-967
-1034
-1115
-1133
-1159
-1185
-1215
-1341
-1405
-1440
-1488
-1522
-1561
-1653
-1645
-1711
-1758
-1705
-1708
-1752
-1772
-1694
-1707
-1648
-1557
-1558
-1497
-1373
-1255
-1210
-1067
-955
-841
-689
-600
-466
-398
-295
-171
-79
8
56
123
229
285
358
502
484
523
612
663
794
890
891
989
1055
991
1083
1123
1241
1366
1369
1445
1468
1492
1517
1535
1633
1703
1730
1816
1802
1733
1835
1836
1816
1872
1783
1749
1740
1670
1654
1613
1530
1411
1249
1262
1155
1025
1106
937
738
671
548
462
381
336
246
117
52
-54
-186
-276
-358
-511
-602
-675
-793
-852
-934
-1011
-1156
-1337
-1406
-1520
-1559
-1542
-1599
-1662
-1740
-1777
-1780
-1784
-1776
-1843
-1884
-1847
-1836
-1751
-1643
-1623
-1653
-1674
-1620
-1573
-1489
-1345
-1327
-1308
-1190
-1131
-1080
-1046
-1030
-917
-814
-766
-727
-663
-587
-614
-623
-566
-572
-542
-485
-520
-538
-541
-581
-585
-508
-410
-391
-349
-314
-313
-214
-122
-12
108
189
327
436
528
642
684
756
845
980
1167
1251
1313
1370
1388
1466
1644
1717
1774
1819
1806
1851
1840
1915
1947
1906
1933
1880
1853
1836
1822
1837
1755
1727
1726
1612
1606
1616
1537
1547
1624
1635
1493
1413
1397
1308
1294
1276
1168
1046
980
816
598
524
416
251
151
27
-138
-268
-413
-552
-711
-821
-975
-1168
-1253
-1419
-1600
-1749
-1891
-1977
-2082
-2183
-2238
-2339
-2405
-2371
-2373
-2320
-2249
-2181
-2099
-2106
-2000
-1870
-1778
-1621
-1582
-1530
-1420
-1395
-1290
-1239
-1209
-1145
-1144
-1086
-994
-941
-977
-1003
-1006
-943
-824
-762
-712
-808
-862
-776
-755
-672
-653
-1027
-1343
-1024
-549
-379
-435
-383
-473
-757
-463
-69
19
182
317
467
596
779
911
968
1059
1109
1222
1204
1438
1624
1652
1754
1589
1672
1686
1498
1387
1209
1408
1696
1821
1883
1654
1256
1079
1103
1286
1486
1569
1540
1440
1444
1606
1336
1159
1075
809
975
1041
1334
1226
1013
1056
819
826
852
955
991
777
711
639
678
726
540
340
35
-188
-241
-82
-28
-127
-445
-679
-612
-722
-679
-712
-787
-817
-860
-745
-695
-621
-653
-784
-776
-744
-662
-726
-796
-893
-851
-710
-732
-612
-748
-830
-854
-780
-574
-533
-428
-483
-536
-440
-444
-525
-516
-588
-548
-465
-513
-594
-805
-851
-866
-784
-680
-754
-912
-1081
-1054
-1016
-983
-882
-842
-800
-720
-649
-575
-490
-405
-262
-282
-191
68
108
317
366
307
321
485
818
932
1082
1200
1154
1100
1124
1171
1145
1251
1381
1366
1347
1142
1004
990
975
1044
985
958
1005
895
696
569
560
640
728
728
645
433
307
323
310
294
264
149
75
162
145
95
-51
-208
-162
-154
40
221
148
23
-261
-345
-289
-118
14
-85
-256
-458
-324
-270
-189
-166
-480
-592
-678
-624
-377
-349
-338
-215
-164
-197
-369
-420
-486
-369
23
327
372
211
131
-57
-139
34
122
123
217
186
214
214
95
-12
-313
-378
-256
-121
-16
-210
-498
-778
-844
-569
-449
-515
-943
-1132
-1044
-846
-452
-462
-543
-878
-1083
-873
-639
-309
-12
-73
-353
-440
-441
-53
358
546
625
410
507
613
607
728
757
775
902
970
785
624
527
626
689
543
525
488
468
588
520
333
234
115
165
163
28
-80
-192
-264
-326
-433
-452
-357
-403
-460
-518
-727
-665
-505
-360
-347
-534
-688
-788
-825
-795
-696
-766
-529
-479
-795
-1001
-1220
-1063
-739
-379
-192
-363
-481
-479
-463
-450
-74
233
472
457
87
-2
90
426
789
826
644
720
787
1065
945
670
781
967
1388
1358
1138
802
648
884
1052
1094
1015
1053
963
823
556
327
675
1071
1204
724
253
25
162
695
861
817
593
370
191
85
74
357
757
904
474
-361
-731
-522
-6
328
291
-153
-640
-790
-638
-560
-467
-445
-504
-563
-743
-864
-816
-651
-759
-1054
-1051
-958
-830
-682
-769
-1047
-1209
-1066
-926
-846
-917
-802
-857
-1019
-1159
-1402
-1210
-1044
-1047
-1197
-1430
-1498
-1452
-1356
-1375
-1438
-1486
-1353
-1240
-1381
-1485
-1569
-1491
-1304
-1460
-1475
-1287
-1169
-904
-899
-960
-864
-689
-243
-47
-119
-103
51
295
397
315
325
499
624
650
561
478
616
766
875
945
931
943
1144
1239
1172
1128
986
1092
1105
967
1019
1134
1156
983
730
555
683
922
1363
1506
1140
1070
1160
1302
1523
1545
1585
1611
1537
1560
1396
1343
1487
1515
1729
1652
1507
1427
1296
1313
1257
1326
1312
1420
1272
951
701
518
719
712
958
939
592
553
308
503
587
585
813
664
440
220
-10
-45
-5
137
294
1
-406
-788
-978
-810
-777
-797
-772
-1059
-1474
-1756
-2033
-2168
-2099
-1908
-2052
-2510
-2964
-3235
-3181
-3070
-2872
-2841
-3001
-2985
-2848
-2695
-2751
-2805
-2784
-2616
-2476
-2357
-2161
-2095
-1991
-2155
-2082
-1842
-1688
-1278
-977
-874
-819
-691
-405
-161
-77
142
232
159
406
446
527
710
734
927
943
899
917
958
1154
1351
1442
1466
1331
1188
1229
1328
1577
1751
1667
1500
1406
1363
1505
1776
1921
1958
1908
1713
1632
1609
1744
1906
1823
1778
1594
1626
1778
1826
1827
1573
1546
1528
1645
1911
1910
1876
1532
1312
1275
1215
1328
1359
1376
1237
940
801
861
843
924
1034
1049
981
729
634
479
528
627
452
185
-199
-445
-381
-282
-289
-546
-752
-826
-918
-841
-695
-601
-709
-885
-1095
-1214
-1091
-990
-1024
-1247
-1508
-1686
-1468
-1052
-1184
-1339
-1403
-1413
-1322
-1189
-1036
-968
-776
-648
-791
-1168
-1174
-925
-502
-245
-530
-728
-867
-759
-659
-736
-542
-318
-175
-345
-705
-1001
-893
-305
48
-73
-467
-817
-721
-354
-426
-495
-391
-169
-124
-349
-538
-878
-772
-261
-182
-340
-467
-515
-283
-154
-233
-350
-135
226
327
286
105
108
315
551
627
410
348
387
552
751
670
592
551
665
753
806
873
892
846
835
871
822
817
739
662
566
563
592
531
450
290
219
181
229
279
202
191
117
-22
-112
-134
-116
-131
-164
-224
-264
-426
-618
-643
-535
-366
-228
-169
-340
-695
-799
-567
-400
-231
-198
-186
-216
-403
-545
-522
-286
63
369
337
65
-287
-133
227
449
459
323
397
439
525
485
369
444
573
885
966
707
520
486
693
751
764
717
656
602
584
584
530
524
571
611
390
245
241
359
477
434
328
144
42
79
209
275
167
48
-28
-95
-113
10
87
-67
-165
-118
-176
-197
-179
-228
-308
-299
-153
-107
-241
-491
-611
-532
-501
-456
-394
-411
-498
-652
-810
-896
-895
-748
-574
-568
-706
-952
-951
-900
-970
-1046
-1004
-903
-851
-785
-968
-1226
-1414
-1301
-1058
-952
-970
-1165
-1226
-1205
-1219
-1194
-1081
-937
-785
-643
-684
-911
-1034
-895
-610
-384
-267
-327
-380
-428
-366
-174
-81
96
240
384
473
471
543
637
736
826
837
955
1120
1266
1345
1199
969
918
1101
1331
1538
1630
1502
1326
1223
1156
1176
1314
1441
1521
1449
1199
1073
961
973
1093
1145
1154
1097
1048
863
656
645
782
890
961
797
432
373
435
597
737
584
388
269
355
490
449
373
231
116
175
227
225
215
122
-37
-168
-149
-87
-57
-82
-164
-392
-591
-512
-429
-393
-385
-453
-523
-649
-756
-849
-861
-697
-630
-611
-737
-1115
-1331
-1279
-1144
-985
-922
-810
-983
-1256
-1259
-1322
-1220
-1017
-915
-982
-1200
-1297
-1226
-1216
-1158
-1183
-1193
-943
-872
-939
-1016
-1097
-1015
-739
-406
-380
-660
-794
-697
-507
-277
-176
-205
-210
-150
-9
146
211
161
145
294
428
500
637
663
502
418
522
713
803
780
779
700
718
872
956
983
820
749
893
1046
1125
987
877
766
715
906
1063
1104
965
803
791
790
834
925
933
899
848
819
797
710
609
562
612
666
666
622
546
385
296
362
451
442
355
286
131
132
170
193
85
-154
-260
-219
-33
31
-54
-293
-517
-582
-481
-347
-318
-381
-496
-578
-667
-782
-800
-718
-622
-653
-717
-728
-780
-786
-778
-771
-861
-844
-678
-637
-732
-866
-917
-880
-740
-651
-696
-807
-826
-718
-623
-548
-624
-702
-626
-522
-365
-303
-256
-217
-320
-229
-150
-153
-85
-31
58
152
190
215
200
143
199
285
442
529
484
531
516
506
546
519
557
557
525
498
469
468
502
553
512
339
199
262
331
444
499
376
255
190
205
195
211
240
202
163
120
-14
-45
69
159
194
34
-78
-89
-48
92
72
-12
-80
-109
-12
-17
-91
-116
-143
-45
-5
-117
-217
-230
-140
-85
-114
-241
-371
-352
-204
-118
-185
-301
-370
-326
-257
-288
-319
-313
-278
-226
-233
-361
-453
-374
-227
-173
-244
-338
-392
-286
-166
-199
-283
-315
-227
-125
-79
-112
-294
-295
-129
-3
67
-3
-57
-81
-78
31
115
113
101
59
68
156
233
282
272
267
250
324
518
586
472
374
407
478
585
657
564
431
419
492
549
555
506
437
426
477
511
499
494
445
336
276
297
375
371
310
204
42
-16
54
159
145
50
-72
-146
-84
-70
-76
-79
-98
-99
-189
-214
-224
-282
-207
-137
-159
-233
-330
-326
-302
-301
-277
-273
-291
-315
-327
-334
-334
-348
-353
-344
-356
-365
-378
-370
-367
-430
-522
-508
-468
-490
-448
-428
-481
-506
-496
-443
-426
-409
-388
-403
-404
-395
-324
-282
-284
-338
-347
-268
-206
-136
-141
-202
-210
-145
18
103
28
-29
25
158
256
312
283
192
221
396
548
554
477
442
471
525
615
653
641
637
652
664
652
646
687
700
689
665
599
651
732
732
657
574
574
563
603
663
581
459
429
450
444
383
337
310
295
334
324
253
174
112
106
121
123
68
22
-12
-46
-108
-142
-119
-173
-210
-212
-225
-255
-262
-234
-278
-371
-403
-403
-395
-366
-372
-431
-480
-493
-496
-513
-541
-537
-509
-491
-502
-551
-607
-626
-556
-466
-460
-520
-580
-594
-557
-499
-441
-468
-504
-479
-481
-446
-420
-390
-370
-381
-355
-371
-343
-230
-149
-124
-151
-166
-180
-134
-15
70
84
64
80
82
124
173
210
256
280
299
289
308
329
314
336
366
404
420
427
435
384
361
387
435
421
393
402
363
355
362
331
294
273
287
301
311
288
226
202
227
250
229
251
241
183
150
129
100
66
104
148
138
82
2
-59
-74
1
90
88
32
-38
-82
-57
-2
-10
-77
-100
-59
-17
15
0
-101
-178
-136
-53
-14
-17
-66
-110
-117
-91
-86
-124
-119
-114
-124
-88
-97
-156
-191
-161
-126
-156
-170
-181
-229
-237
-186
-167
-194
-225
-243
-256
-226
-171
-170
-192
-213
-227
-238
-188
-143
-179
-202
-184
-181
-197
-147
-109
-136
-137
-112
-106
-114
-90
-70
-67
-54
-54
-59
-51
-23
-19
-13
4
2
-5
29
67
65
48
50
65
64
99
110
96
73
47
54
67
116
116
100
103
80
84
112
138
100
77
95
113
123
108
72
30
44
88
103
72
29
15
27
61
63
48
33
35
65
69
52
21
6
30
39
25
3
-7
15
20
7
6
-17
-22
-3
19
21
-18
-22
-20
-19
-16
-23
-29
-53
-68
-65
-49
-42
-44
-52
-54
-65
-67
-43
-44
-40
-38
-22
-19
-40
-38
-33
-20
-13
-19
-15
14
45
48
36
10
-6
8
69
106
77
36
13
23
39
67
73
61
59
73
90
68
62
52
53
64
77
75
47
41
34
42
56
71
54
30
28
30
45
51
44
7
-6
9
11
13
11
-6
-21
-15
-16
-32
-50
-61
-71
-59
-39
-50
-81
-101
-95
-99
-87
-64
-78
-82
-79
-66
-70
-88
-90
-94
-78
-59
-48
-54
-71
-78
-79
-57
-43
-44
-51
-48
-47
-40
-15
-9
-15
-18
-12
-5
-6
-9
-20
-26
-23
-11
4
-2
-14
-23
-18
-5
-11
-7
-2
5
24
37
34
14
8
23
55
79
70
49
32
37
52
79
99
88
72
68
69
64
77
98
108
119
121
117
113
113
112
117
121
124
120
124
130
116
112
107
102
98
107
122
124
114
99
93
87
95
89
86
83
66
69
73
62
46
33
47
50
34
32
23
14
16
8
7
-1
-13
-15
-29
-36
-41
-49
-47
-52
-65
-76
-76
-78
-86
-86
-84
-87
-95
-101
-109
-111
-106
-95
-81
-77
-90
-106
-104
-91
-82
-74
-70
-85
-111
-124
-111
-89
-75
-67
-80
-105
-110
-96
-80
-70
-77
-86
-81
-72
-57
-58
-64
-67
-71
-48
-30
-32
-38
-40
-34
-21
-10
-2
-4
-5
-1
5
12
22
29
36
45
50
56
55
55
62
69
81
97
102
97
88
87
87
95
110
121
121
118
117
112
116
116
118
124
122
121
119
119
111
101
94
85
70
56
57
65
67
63
56
37
28
33
35
26
11
1
-4
-10
-15
-22
-30
-36
-37
-37
-42
-49
-53
-49
-44
-40
-44
-45
-42
-42
-44
-49
-51
-52
-47
-37
-29
-36
-40
-47
-51
-49
-44
-33
-25
-24
-27
-32
-39
-49
-53
-43
-32
-32
-35
-52
-66
-67
-59
-45
-43
-44
-45
-47
-49
-60
-70
-73
-64
-60
-51
-51
-55
-58
-62
-46
-40
-41
-38
-40
-40
-39
-30
-19
-18
-24
-28
-23
-16
-4
0
-1
-1
3
10
11
12
13
12
21
28
27
27
26
25
23
29
35
39
46
48
50
46
45
44
37
32
26
25
24
32
27
15
8
0
7
16
22
18
7
2
-4
-1
5
-2
-6
-12
-16
-19
-16
-16
-17
-9
-2
6
1
2
9
10
20
26
33
30
20
15
10
22
30
36
36
21
15
16
28
35
29
18
9
15
18
16
10
-1
-8
-6
2
-3
-15
-22
-23
-18
-14
-13
-21
-31
-35
-35
-32
-35
-39
-42
-44
-43
-49
-47
-43
-49
-46
-46
-39
-35
-34
-30
-33
-34
-32
-24
-18
-16
-24
-28
-22
-16
-9
-12
-20
-25
-20
-10
-3
-1
-6
-11
-8
-5
1
-3
-3
-10
-15
-12
-5
-6
-13
-18
-25
-30
-29
-20
-15
-16
-17
-12
-12
-17
-25
-30
-26
-21
-15
-16
-22
-29
-31
-26
-18
-16
-18
-15
-12
-5
-4
-1
-5
-13
-8
0
9
14
19
19
13
16
23
30
33
37
31
31
33
34
37
40
43
36
38
43
43
46
49
46
42
41
43
43
39
36
34
34
29
22
23
28
30
33
33
29
22
21
24
27
29
25
27
27
29
25
23
24
26
27
30
30
27
28
26
25
