-28
-42
-55
-63
-69
-83
-102
-124
-141
-146
-134
-118
-101
-115
-143
-157
-158
-131
-103
-97
-104
-116
-129
-114
-78
-33
-10
-4
2
-4
10
54
86
95
96
93
102
109
127
146
152
154
142
133
123
122
128
119
115
123
139
150
147
134
117
110
113
121
117
98
64
41
38
39
46
48
40
24
9
1
-2
-15
-35
-50
-61
-60
-46
-44
-60
-86
-95
-89
-77
-61
-45
-52
-81
-109
-114
-107
-98
-105
-124
-143
-157
-155
-138
-129
-123
-123
-124
-119
-109
-103
-109
-123
-130
-113
-96
-102
-127
-144
-145
-125
-98
-81
-75
-83
-92
-94
-81
-59
-43
-44
-56
-54
-31
-7
13
16
9
-3
-6
-2
9
16
9
9
3
6
20
30
35
44
58
79
86
79
62
52
50
56
69
67
57
40
22
14
31
48
47
33
14
-2
1
21
50
51
31
10
-2
0
19
30
36
43
48
47
35
23
10
6
8
14
23
22
10
-6
-18
-16
-18
-13
-8
-8
-15
-32
-47
-55
-49
-48
-71
-99
-121
-120
-103
-86
-76
-88
-111
-109
-90
-73
-70
-86
-102
-111
-101
-74
-48
-26
-26
-27
-29
-11
16
35
51
46
44
41
41
37
17
-10
4
44
84
106
86
59
44
56
80
103
106
83
46
27
18
19
25
14
-3
-22
-19
-5
4
10
9
7
14
31
54
69
70
75
79
85
112
130
114
83
57
69
107
150
174
159
127
117
144
182
205
188
157
117
92
109
141
161
141
103
65
39
41
52
59
43
21
5
-5
0
2
-8
-20
-26
-25
-9
1
2
-8
-17
-9
15
48
70
62
49
34
30
53
81
92
78
34
-2
-14
-7
15
10
-7
-30
-44
-52
-41
-24
-31
-41
-56
-53
-42
-42
-35
-36
-40
-37
-22
1
25
44
59
69
77
97
103
105
106
122
143
151
131
85
42
21
19
18
16
11
-7
-33
-43
-40
-35
-29
-25
-11
-3
8
33
35
22
0
-27
-38
-36
-36
-50
-84
-110
-107
-81
-52
-23
-20
-39
-47
-35
2
41
66
74
55
25
13
12
14
23
3
-40
-68
-80
-74
-59
-55
-49
-28
-5
22
35
46
65
92
133
170
191
199
187
199
234
261
291
298
298
298
303
318
347
353
331
314
296
292
292
271
250
217
177
134
82
22
-38
-95
-170
-238
-313
-398
-449
-497
-546
-575
-626
-679
-717
-753
-757
-753
-727
-713
-717
-717
-709
-677
-639
-575
-521
-487
-481
-499
-488
-443
-374
-294
-242
-227
-228
-236
-221
-175
-128
-93
-83
-83
-77
-86
-91
-86
-86
-70
-47
-5
52
99
160
220
291
399
535
655
752
843
934
1049
1163
1238
1300
1345
1384
1439
1480
1489
1457
1362
1236
1116
1011
932
846
687
475
197
-100
-334
-509
-645
-774
-968
-1234
-1481
-1665
-1754
-1780
-1788
-1780
-1801
-1809
-1768
-1699
-1577
-1426
-1253
-1033
-815
-614
-449
-315
-190
-29
168
367
521
564
530
453
395
390
396
352
244
72
-122
-285
-453
-610
-735
-889
-1042
-1123
-1136
-1121
-1128
-1167
-1184
-1154
-1052
-848
-610
-387
-219
-126
-24
158
387
644
887
1060
1168
1242
1321
1403
1473
1526
1558
1580
1627
1673
1637
1532
1398
1317
1345
1431
1500
1503
1396
1238
1100
1011
997
1019
1045
1028
913
673
397
147
20
7
-28
-181
-500
-919
-1287
-1510
-1595
-1598
-1629
-1750
-1940
-2104
-2125
-2033
-1917
-1758
-1533
-1275
-1018
-818
-673
-544
-382
-146
164
462
673
769
767
752
741
756
812
842
761
596
401
174
-62
-264
-411
-504
-603
-748
-915
-1056
-1136
-1192
-1219
-1171
-999
-805
-662
-567
-544
-508
-368
-102
279
631
819
842
827
887
1068
1301
1466
1542
1508
1392
1247
1132
1028
930
879
820
724
578
377
165
15
-9
53
126
168
152
97
73
145
298
482
675
798
835
860
901
962
1033
1120
1102
934
751
638
617
588
428
163
-143
-431
-646
-779
-868
-1001
-1258
-1551
-1738
-1824
-1864
-1870
-1821
-1721
-1603
-1503
-1408
-1298
-1181
-1008
-767
-492
-257
-132
-84
-32
72
184
263
304
345
360
334
278
124
-76
-213
-295
-267
-204
-254
-397
-588
-674
-570
-375
-178
-60
-41
-13
96
291
519
722
884
1043
1233
1465
1686
1772
1757
1767
1881
2112
2340
2470
2449
2249
2073
2079
2196
2334
2274
1990
1668
1424
1335
1302
1111
585
-79
-565
-684
-607
-742
-1239
-1946
-2652
-3096
-3144
-2915
-2697
-2846
-3295
-3608
-3492
-3116
-2713
-2414
-2103
-1734
-1364
-991
-628
-398
-269
-19
438
1066
1495
1521
1297
1069
1039
1202
1405
1509
1315
856
349
6
-140
-248
-388
-621
-806
-1000
-1232
-1531
-1965
-2242
-2155
-1774
-1251
-1013
-1236
-1641
-1961
-1723
-973
-129
421
508
252
94
273
672
1164
1511
1585
1551
1529
1446
1271
993
876
927
1097
1245
1129
748
258
-68
10
387
692
721
476
203
88
165
400
706
931
1017
1017
1020
1069
1133
1191
1338
1568
1850
2020
1938
1588
963
550
554
1004
1485
1449
774
-222
-1149
-1608
-1533
-1200
-1008
-1275
-1959
-2720
-3198
-3363
-3235
-2996
-2650
-2289
-2082
-2123
-2236
-2309
-2124
-1552
-708
160
596
528
132
-69
182
852
1602
1998
1963
1504
920
596
658
969
1098
960
607
3
-581
-1002
-1135
-1045
-1008
-1085
-1265
-1514
-1766
-2005
-2052
-1783
-1330
-900
-685
-676
-711
-596
-290
235
839
1224
1367
1362
1378
1597
1892
2194
2453
2570
2613
2570
2504
2483
2544
2691
2888
3026
3048
2851
2526
2323
2297
2311
2221
2085
1911
1670
1292
750
125
-240
-310
-331
-487
-1052
-1972
-2907
-3510
-3597
-3315
-3076
-3221
-3802
-4387
-4632
-4411
-3964
-3516
-3005
-2563
-2164
-1893
-1751
-1517
-1182
-610
207
1065
1659
1752
1460
1184
1283
1738
2231
2551
2450
1906
1232
593
274
41
-9
107
-62
-503
-1302
-2266
-2713
-2780
-2512
-2039
-1932
-2085
-2513
-2934
-2735
-2066
-1339
-673
-241
-35
120
425
868
1382
1875
2391
2769
2862
2965
2912
2717
2675
2732
2858
2919
2750
2391
1855
1427
1361
1483
1657
1674
1486
1192
1069
1191
1393
1654
1927
2236
2285
2196
2222
2261
2374
2608
2716
2715
2378
1605
879
602
959
1225
641
-662
-2020
-2961
-3328
-3263
-3088
-3277
-4046
-5119
-5647
-5411
-4994
-4705
-4649
-4353
-3740
-3222
-2920
-2714
-2385
-1810
-958
167
1114
1490
1244
875
1088
1889
2841
3322
3193
2678
1987
1356
991
977
1052
985
690
40
-827
-1694
-2268
-2217
-1803
-1469
-1548
-2198
-2889
-3202
-3079
-2388
-1506
-934
-781
-857
-820
-445
137
740
1323
1793
2075
2038
1767
1728
1946
2221
2498
2550
2352
1810
1108
911
1165
1537
1627
1245
768
454
394
674
1167
1568
1644
1491
1459
1876
2317
2466
2606
2771
3106
3426
3367
3070
2291
1335
1095
1591
2467
2370
650
-1541
-3020
-3333
-2846
-2364
-2383
-3390
-5132
-6523
-6691
-5842
-5101
-4877
-4975
-4758
-4187
-3885
-3771
-3471
-2686
-1416
-118
999
1541
1307
817
793
1826
3366
4415
4465
3691
2899
2350
1997
1935
1918
1913
1601
730
-233
-1248
-2149
-2563
-2561
-2135
-1827
-2369
-3412
-4327
-4508
-3841
-2889
-2016
-1476
-1539
-1874
-1765
-1037
-16
874
1458
1815
2026
2105
2164
2277
2465
2693
2827
2757
2461
1918
1246
794
748
958
1027
808
384
-215
-581
-507
-89
429
754
801
730
843
1225
1758
2332
2905
3415
3756
3866
3952
3945
3859
3708
3132
2752
2809
3008
2756
1378
-454
-1818
-2596
-2780
-2858
-3006
-3518
-5045
-6776
-7586
-7093
-6150
-5728
-5734
-5573
-5170
-4975
-4857
-4199
-3080
-1778
-640
262
1146
1508
1348
1347
2202
3833
5099
5342
4744
3793
2953
2476
2589
3049
3211
2497
1055
-272
-1140
-1730
-2114
-2424
-2578
-2867
-3567
-4344
-4837
-5031
-4975
-4605
-3844
-2981
-2576
-2675
-2683
-2157
-1044
181
1009
1652
1924
1890
1969
2352
3149
3677
3554
3268
2992
2791
2564
2346
2185
2014
1787
1393
1072
780
424
281
304
645
1017
900
799
770
1096
1800
2496
3190
3479
3429
3491
3857
4455
4729
4523
4003
3302
2861
2711
2907
3044
2098
208
-1621
-2520
-2599
-2775
-3164
-3706
-4633
-5973
-7241
-7489
-6870
-6250
-6037
-5921
-5438
-5021
-4932
-4828
-4160
-2697
-1232
-172
585
1047
1223
1107
1459
2749
4336
5283
5028
4057
3211
2783
2757
2913
2993
2582
1850
1052
235
-481
-1386
-2169
-2399
-2295
-2199
-2562
-3499
-4416
-4889
-4635
-3599
-2510
-2001
-2169
-2504
-2365
-1550
-445
401
917
1254
1665
2015
2107
2229
2300
2437
2848
3330
3587
3024
2015
1346
1240
1618
1964
1887
1377
701
250
253
610
873
881
867
968
1420
1685
1937
2388
2683
3038
3444
3835
4387
4655
4477
4158
3709
3551
3375
3087
2931
2909
2572
1449
-145
-1685
-2620
-2874
-3050
-3295
-3905
-5209
-6629
-7734
-7808
-6977
-6145
-5592
-5410
-5459
-5560
-5442
-4840
-3782
-2260
-777
214
718
744
692
946
1826
3331
4700
5261
4744
3529
2604
2441
2849
3298
3028
2061
992
-96
-751
-1194
-1897
-2687
-3488
-3890
-3764
-3852
-4398
-5113
-5674
-5347
-4367
-3327
-2655
-2659
-2892
-2702
-1648
-26
1245
1699
1586
1605
2004
2730
3428
3624
3510
3214
3138
3297
3189
2853
2257
1801
1626
1426
1237
782
321
56
-36
126
188
52
-122
-152
229
835
1495
1952
2114
2362
2739
3253
3880
4501
5091
5548
5462
4901
4083
3234
3141
3664
4317
4413
2873
79
-2268
-3248
-2837
-2061
-2314
-3597
-5592
-7564
-8418
-8068
-7189
-6501
-6415
-6619
-6555
-6190
-6059
-5874
-5139
-3639
-1670
-183
462
286
-177
-14
1364
3598
5302
5709
4797
3423
2936
3233
3908
4136
3522
2659
1659
827
-202
-1660
-2777
-3315
-3019
-2400
-2717
-4148
-6145
-7529
-7064
-5274
-3400
-2606
-3332
-4389
-4588
-3382
-1240
700
1706
1711
1551
1894
2765
3638
4072
4386
4586
4888
4999
4417
3562
2850
2669
3030
3285
2939
1715
124
-858
-789
-20
380
101
-834
-1696
-1802
-1273
-367
508
993
1215
1445
1849
2559
3203
3735
4535
5606
6540
6765
5808
4510
3509
3584
4924
6372
6716
4861
1285
-1807
-2921
-2162
-779
-673
-2146
-4675
-7408
-9103
-9246
-8344
-7392
-7038
-7244
-7471
-7578
-8003
-8219
-7360
-5330
-2693
-903
-496
-1043
-1795
-1634
-77
2483
4820
5775
5181
3671
2570
2326
2752
3314
3629
3701
2996
1580
-273
-1919
-2713
-2595
-1899
-1402
-1863
-3447
-5432
-6523
-5855
-4028
-2526
-1977
-2357
-3126
-3211
-2111
-209
1472
2379
2510
2417
2673
3365
4233
4891
5237
5256
4910
4332
3799
3394
2996
2772
2562
2105
1371
311
-617
-1238
-1321
-975
-799
-930
-1424
-1931
-1947
-1444
-477
458
1266
1744
2003
2146
2555
3612
4774
5944
6666
6994
7185
7291
7118
6678
5717
4548
4458
5472
6439
5693
2749
-1015
-3428
-3870
-2985
-2036
-2380
-4638
-8129
-10985
-11392
-9911
-8482
-8099
-8452
-8629
-8626
-8495
-8208
-7494
-5979
-3955
-1849
-74
527
-83
-943
-504
1895
5134
7256
7197
5681
3772
2938
3295
3968
4861
4821
3698
2094
98
-1421
-2238
-2528
-2092
-1635
-1950
-3289
-5253
-6711
-6687
-5389
-3767
-2600
-2464
-3272
-3981
-3453
-1780
348
1731
2281
2363
2272
2479
2964
3724
4447
4834
4763
4266
3647
2942
2359
2204
2167
2044
1373
356
-655
-1410
-1569
-1346
-1033
-985
-1311
-1599
-1617
-1185
-297
671
1627
2340
2773
3224
3695
4467
5438
6539
7308
7566
7613
7586
7702
8135
8178
7556
5997
3899
2977
3374
4229
3636
907
-2603
-5167
-6163
-5951
-5507
-5744
-7524
-10371
-12639
-12927
-11560
-10346
-9972
-10014
-9637
-8822
-8039
-7314
-6212
-4728
-2859
-874
1045
2295
2467
2063
2333
4049
6412
8132
8260
7157
5755
4879
4307
4507
4874
4476
3167
858
-854
-1544
-1828
-2218
-3083
-4163
-5011
-5906
-6357
-6117
-5708
-5640
-5805
-5634
-4846
-3960
-3191
-2303
-1377
-301
534
1178
1649
2127
2693
3447
4263
4672
4388
3365
2583
2468
2656
2862
2463
1598
467
-644
-1193
-1323
-1235
-1153
-1111
-1024
-1071
-1142
-1407
-1357
-542
740
2184
3120
3439
3298
3259
3921
5405
6936
7895
7898
7356
6862
6503
6981
8018
8894
8961
7276
4394
1437
-332
356
2274
3450
2105
-1971
-6600
-9419
-9513
-7697
-5792
-5486
-7540
-10626
-12762
-12924
-11385
-9554
-7857
-6436
-5563
-5422
-5954
-6377
-5620
-3171
413
3554
5004
4013
1778
588
1625
4830
8067
9262
8163
5698
3509
2616
2675
3120
3461
3304
2234
661
-1230
-3194
-4578
-5088
-4418
-3311
-3088
-4301
-6576
-8212
-8133
-6671
-4440
-2776
-2456
-3404
-4381
-3911
-2236
-120
1654
2529
2608
2109
1886
2261
3102
4134
4444
4148
3619
3062
2610
2176
2230
2368
2088
1385
508
-145
-563
-543
-173
160
359
109
-108
123
770
1836
2612
3160
3539
3897
4383
4941
5649
6431
6944
7166
7316
7467
7446
7247
7178
7019
6961
6697
5965
4159
1161
-1045
-991
960
2499
1047
-3261
-7532
-9708
-9386
-7464
-5334
-4777
-7202
-11278
-13630
-12487
-9473
-7179
-6359
-6195
-6186
-6238
-6299
-5487
-3476
-1024
1044
2503
3239
2845
1570
748
1888
4706
7135
7656
6133
3694
2080
1570
2117
3082
3403
2465
356
-1926
-3558
-4043
-3901
-3379
-2797
-3023
-4199
-5941
-7228
-6993
-5621
-3805
-2447
-2195
-3019
-4171
-4027
-2237
380
2370
3011
2650
1846
1574
2378
3787
5261
5782
4939
3528
2381
1964
2171
2644
2893
2565
1421
53
-827
-1058
-654
58
629
790
331
-342
-569
-74
1206
2926
4348
4954
4484
3625
3517
4609
6453
7798
7913
6955
5970
5573
5997
7076
7483
7128
6084
4886
4238
3995
3430
1381
-1202
-2317
-916
941
438
-2947
-6861
-9164
-9054
-7394
-5399
-4354
-6172
-10055
-12658
-11680
-8404
-6058
-5961
-6438
-6469
-5978
-5414
-4499
-3063
-1711
-906
-249
967
1782
1348
228
-4
1815
4061
4995
4477
2998
1837
1156
1116
1846
2534
2327
943
-742
-1748
-2024
-2366
-2911
-2812
-2376
-2417
-3139
-4454
-5289
-5232
-4698
-3381
-2054
-1642
-2359
-3487
-3244
-1527
443
1719
2018
1776
1305
1226
2061
3335
4028
3447
2385
1844
2187
2750
2702
2461
2112
1637
1328
1266
1467
1313
810
651
1148
1932
2220
1909
1388
1301
2052
3230
4316
4735
4086
3274
3269
4344
5614
6106
5546
4716
4264
4394
4980
5381
5306
4612
3654
3202
3607
4160
3621
879
-2186
-3307
-1445
1365
1944
-665
-4569
-7583
-8620
-7265
-4934
-3263
-4555
-8412
-11495
-11590
-9531
-7581
-7002
-7159
-7308
-7297
-7229
-6542
-5341
-4356
-3406
-2372
-937
54
-282
-1028
-804
979
3282
4767
5006
4200
3249
2520
2491
3397
4360
4686
3875
2215
606
-522
-945
-842
-594
-629
-1471
-3004
-4523
-5242
-4877
-4076
-3464
-3388
-3827
-4485
-4727
-3957
-2473
-845
-68
-316
-472
-257
563
1902
3270
4185
4001
3186
2553
2725
3611
4514
4855
4176
3214
2410
2149
2480
2842
3190
3121
2545
1817
1291
1250
1406
1392
1652
2289
3006
2981
2104
1264
1359
2303
3457
4263
4355
3870
3069
2668
3098
4268
5014
4716
3877
3214
3511
4058
4276
3439
668
-1723
-2085
110
2854
2694
-656
-4841
-7657
-7998
-6604
-4504
-3600
-5620
-9561
-12537
-12191
-10036
-8130
-7546
-7698
-7640
-7485
-7185
-6424
-5401
-4134
-2998
-1632
159
1355
1558
721
551
1921
4171
6252
6908
6455
5289
3881
3226
3404
4390
4942
4181
2454
414
-778
-1384
-1510
-1487
-1963
-2904
-4036
-4761
-4965
-5025
-5088
-5156
-4801
-4352
-3854
-3113
-2464
-1667
-1159
-677
316
1383
2512
3360
3920
4409
4479
4341
4244
4614
5057
5222
4904
3988
3195
2641
2568
2841
2706
2150
1396
777
566
755
1025
1151
888
444
467
1125
1956
2399
2289
2132
2389
2936
3725
4248
4539
4391
4156
4296
4702
5212
5278
5151
5134
5307
5584
5535
5204
3637
676
-1630
-1486
1221
3309
2186
-1911
-6150
-8739
-9090
-7594
-5300
-4238
-6632
-11261
-14292
-13507
-10675
-8366
-7661
-7758
-8078
-8381
-8263
-6829
-4910
-3485
-2899
-2265
-472
1045
1509
1105
1292
2697
4443
5941
6627
6522
5380
3685
2818
3278
4559
4921
3910
1990
-75
-1705
-2852
-2696
-1817
-1369
-2290
-4000
-5423
-6129
-6052
-5394
-4241
-3073
-3017
-3656
-3822
-2987
-1520
-464
362
1195
1898
2450
3051
3741
4235
4194
3851
4113
5121
5776
5419
4154
2910
2376
2342
2891
3622
3616
2621
1210
373
669
1479
1989
2018
1713
1411
1217
1344
1878
2653
3007
3113
3309
3475
3611
3469
3395
3936
4845
5492
5613
4907
3980
3424
3549
4375
5309
5645
4846
3074
58
-2507
-2848
-860
1813
2132
-677
-4868
-8412
-10000
-9306
-7206
-4976
-5390
-8843
-12664
-13909
-12386
-10231
-8720
-7961
-7492
-7445
-7679
-7418
-6527
-5407
-4240
-2715
-196
1836
2349
1432
451
1134
3172
5762
7795
8206
6724
4169
2380
2308
3689
4937
4722
3331
1202
-782
-2214
-2881
-2655
-2281
-2302
-2790
-3640
-4596
-5658
-6337
-6081
-4754
-3158
-2219
-2134
-2513
-2828
-2702
-1621
240
2188
3447
3672
3435
3158
3034
3365
4234
5568
6368
6101
5022
3785
3195
3126
3645
4381
4468
3593
2202
1334
1444
1881
1813
1480
1281
1179
1154
1084
1117
1317
1262
1393
1996
2782
3203
2840
2260
2330
3086
3670
3987
3831
3431
3120
3038
3495
4104
4111
3655
2987
2409
1372
-322
-1538
-1259
520
1593
596
-2490
-5895
-8267
-8790
-7442
-5254
-4489
-6678
-10354
-12878
-12620
-10747
-8958
-7720
-6991
-6906
-7178
-7573
-7211
-6056
-4389
-2381
-168
1652
2110
1241
184
673
2814
5380
7094
7087
5723
3960
2545
2375
3021
3711
3622
2522
1153
8
-889
-1924
-2766
-2866
-2387
-1936
-2145
-3073
-4331
-5445
-5748
-4718
-2699
-945
-612
-1544
-2550
-2512
-1220
890
3095
4336
4309
3658
3391
4052
5225
6224
6644
6391
5831
5150
4503
4247
4326
4532
4416
3895
3139
2342
1695
1179
853
780
938
951
608
74
-415
-512
-266
197
700
911
881
713
759
1081
1635
2399
2894
3051
3101
3069
3106
3228
3280
3522
3958
4379
4575
4452
3643
1666
-476
-1282
181
2240
2523
185
-3380
-6323
-7979
-8044
-6758
-5150
-5432
-8199
-11549
-12895
-12053
-10527
-9317
-8234
-7342
-7189
-7746
-8075
-7355
-5919
-4456
-2856
-739
1186
1999
1520
999
1562
3117
4951
6354
6950
6611
5378
3847
3003
3302
4121
4575
4276
3265
1779
-125
-1825
-2455
-2057
-1202
-750
-1135
-2414
-4345
-5961
-6050
-4344
-2008
-633
-908
-1947
-2675
-2300
-703
1533
3552
4350
3939
3432
3637
4512
5420
5988
6222
6208
5847
5134
4537
4167
3949
3598
3237
2890
2328
1455
491
53
104
161
-12
-431
-801
-1043
-1121
-872
-406
24
309
573
934
1569
1942
2080
2230
2543
3149
3742
4136
4278
4391
4347
4269
4490
4885
5227
5124
4331
2882
777
-1114
-1400
-81
1207
578
-2165
-5524
-8351
-9796
-9826
-8444
-7134
-7942
-10479
-13014
-13644
-12843
-11829
-10572
-9091
-7750
-7359
-7731
-7744
-7054
-5645
-3780
-1211
1415
2825
2631
1449
1128
2440
4654
6901
8160
8033
6728
4852
3639
3577
4469
5322
5186
4178
2582
830
-827
-1926
-1935
-1202
-531
-791
-1899
-3504
-5070
-5648
-4817
-2881
-1094
-569
-1103
-1900
-2083
-1314
198
2329
3970
4414
3996
3652
3947
4426
5006
5540
5918
5937
5223
4251
3570
3189
2944
2790
2693
2265
1425
343
-406
-467
-227
5
64
-130
-582
-1090
-1170
-668
145
786
1082
1235
1248
1415
1744
2158
2691
3130
3363
3541
3693
3883
4108
4088
3921
3877
3977
4149
3940
3106
1423
-922
-2569
-2448
-813
453
-608
-3787
-7379
-10005
-10705
-9827
-7951
-6759
-7959
-10793
-13103
-13263
-11826
-10122
-8614
-7245
-6436
-6571
-7008
-6743
-5401
-3390
-1362
674
2347
3218
3039
2534
2970
4481
6366
7808
8340
7987
6953
5543
4527
4238
4625
5025
4788
3823
2406
668
-1079
-2104
-2129
-1467
-997
-1330
-2601
-4197
-5450
-5755
-4654
-2818
-1309
-880
-1393
-2002
-1967
-1026
750
2738
4020
4378
4195
4148
4532
5009
5339
5684
5850
5559
4993
4398
3897
3391
2784
2363
2142
1868
1328
659
140
-161
-403
-750
-925
-1006
-1012
-908
-674
-277
-75
-53
28
384
1161
1934
2338
2426
2295
2294
2563
3066
3687
4079
4038
3668
3246
3083
3321
3507
3258
2159
152
-1767
-2380
-1527
-310
-532
-2675
-5571
-8266
-9619
-9485
-8119
-6698
-6950
-9020
-11418
-12205
-11258
-9667
-8180
-6885
-5907
-5673
-5986
-5755
-4657
-2966
-1282
356
2034
3216
3466
3186
3322
4321
5745
7001
7699
7622
6916
5735
4733
4230
4297
4552
4502
3925
2698
1106
-523
-1651
-1806
-1432
-1157
-1594
-2863
-4251
-5174
-5216
-4345
-3072
-2053
-1807
-2024
-1987
-1310
-139
964
1998
2785
3413
3967
4395
4910
5230
5403
5454
5492
5531
5344
4957
4417
3960
3627
3136
2586
1999
1442
1077
650
253
-166
-629
-1004
-1311
-1364
-1205
-985
-853
-876
-927
-812
-429
103
689
1054
1166
1159
1253
1589
2088
2526
2780
2919
2932
3009
3116
3255
3175
2636
1418
-262
-1478
-1494
-435
420
-303
-2654
-5466
-7685
-8502
-8036
-6690
-5685
-6410
-8654
-10888
-11465
-10392
-8689
-7321
-6452
-6089
-6255
-6406
-5951
-4672
-3019
-1571
-238
1016
1990
2415
2406
2681
3598
4881
6130
6865
6904
6260
5137
4228
3918
4242
4598
4458
3607
2143
595
-636
-1224
-1068
-767
-887
-1743
-3200
-4431
-4881
-4583
-3710
-2703
-2157
-2000
-2158
-1958
-978
231
1289
2082
2732
3443
4142
4664
5158
5495
5629
5731
5749
5704
5473
4909
4261
3753
3430
3197
2718
1884
1012
266
-151
-447
-804
-1190
-1691
-2121
-2284
-2090
-1754
-1488
-1544
-1673
-1530
-1144
-481
238
798
1180
1361
1553
1894
2449
2900
3244
3566
3817
4072
4108
3921
3547
2867
1711
381
-639
-600
80
444
-617
-2981
-5576
-7437
-7988
-7586
-6491
-5975
-6997
-9315
-11358
-11726
-10434
-8670
-7405
-6801
-6649
-6761
-6697
-6076
-4659
-2920
-1411
-217
717
1546
2010
2376
2917
4049
5389
6364
6627
6209
5472
4759
4352
4312
4526
4572
4034
2929
1701
592
-142
-546
-545
-497
-829
-1756
-3074
-3857
-3811
-3106
-2224
-1654
-1550
-1956
-2218
-1634
-112
1635
2719
2993
2925
3050
3579
4520
5489
6067
6022
5421
4776
4473
4337
4263
4140
3819
3358
2611
1650
680
-47
-329
-311
-296
-617
-1224
-1955
-2471
-2540
-2197
-1552
-1032
-940
-1258
-1433
-1232
-643
291
1163
1892
2100
1849
1656
1785
2214
2920
3693
4248
4366
3958
3397
2845
2322
1564
683
26
-20
257
397
-593
-2642
-4909
-6426
-6759
-6405
-5720
-5671
-6632
-8578
-10123
-10329
-9111
-7506
-6583
-6391
-6642
-6837
-6650
-5910
-4549
-2935
-1578
-591
191
1009
1629
2160
2692
3698
5029
6155
6630
6343
5779
5246
4958
5094
5432
5681
5408
4433
3149
1917
1119
731
759
972
811
-81
-1631
-3091
-3630
-3305
-2462
-1754
-1561
-1958
-2547
-2657
-1794
-353
817
1420
1508
1656
2173
2943
3886
4549
4714
4621
4478
4502
4518
4292
3832
3421
3198
3151
2903
2358
1549
649
33
-244
-239
-319
-634
-1238
-1947
-2358
-2326
-1951
-1529
-1401
-1582
-1828
-1897
-1551
-847
5
514
670
597
705
1087
1694
2576
3358
3764
3724
3588
3536
3531
3073
2048
910
409
759
1564
1633
272
-2188
-4716
-6008
-6058
-5146
-4365
-4635
-6220
-8395
-9794
-9756
-8648
-7475
-6795
-6632
-6703
-6789
-6708
-6103
-5000
-3554
-2003
-697
373
993
1318
1735
2631
4144
5738
6757
6961
6524
5912
5463
5358
5586
5895
5911
5468
4626
3489
2331
1295
592
375
400
256
-392
-1794
-3380
-4509
-4623
-3848
-2744
-2118
-2335
-2988
-3487
-3203
-2138
-692
658
1513
1709
1806
2156
2894
3658
4167
4498
4749
4798
4485
4037
3684
3490
3335
3116
2788
2270
1347
342
-469
-710
-777
-1039
-1412
-1978
-2493
-2857
-3031
-2893
-2669
-2561
-2514
-2373
-1997
-1522
-989
-598
-158
272
758
1246
1712
2226
2820
3312
3558
3706
3891
4147
4317
4050
3126
1930
734
507
1158
1873
1482
-435
-3137
-5323
-6230
-5901
-4905
-4450
-5131
-6997
-9021
-10190
-10067
-9112
-7969
-7068
-6504
-6365
-6557
-6764
-6473
-5328
-3482
-1351
435
1371
1531
1394
1608
2758
4473
6138
7059
7021
6393
5694
5236
5147
5384
5738
5974
5655
4662
3116
1567
452
68
248
661
486
-744
-2712
-4595
-5258
-4618
-3238
-2121
-1844
-2406
-3265
-3648
-3097
-1574
267
1580
2183
2213
2159
2288
2668
3414
4340
5112
5380
5079
4457
3789
3230
2949
2920
3009
2801
2077
969
-155
-926
-1306
-1369
-1357
-1542
-2124
-2926
-3601
-3839
-3566
-3049
-2516
-2111
-1871
-1691
-1443
-1105
-544
116
773
1385
1945
2542
3106
3471
3646
3766
3961
4367
4723
4780
4348
3356
2079
1025
830
1364
1956
1477
-381
-2944
-5045
-5819
-5379
-4476
-4138
-4911
-6687
-8532
-9569
-9393
-8353
-7150
-6282
-5899
-6029
-6337
-6345
-5690
-4281
-2466
-647
783
1543
1595
1386
1513
2449
4043
5689
6779
7016
6534
5712
5001
4804
5196
5946
6414
6091
4922
3389
1996
1126
917
1035
1066
547
-521
-1767
-2750
-3401
-3537
-3241
-2510
-1751
-1413
-1610
-2180
-2568
-2322
-1201
364
1846
2521
2277
1632
1253
1634
2601
3611
4122
3932
3268
2521
2029
1840
1899
1983
1829
1413
739
-108
-968
-1646
-2009
-1984
-1807
-1792
-2056
-2560
-3036
-3229
-3044
-2511
-1744
-1121
-808
-874
-1060
-936
-382
576
1638
2505
2875
2753
2431
2294
2556
3014
3459
3644
3528
3148
2576
2068
1585
1099
547
0
-303
-385
-420
-820
-1736
-2883
-3775
-4095
-3929
-3705
-3824
-4384
-5210
-5770
-5755
-5269
-4642
-4235
-4042
-3926
-3673
-3244
-2691
-2068
-1439
-735
8
750
1327
1661
1792
1907
2333
3129
3998
4567
4628
4374
3969
3685
3676
3868
4110
4005
3524
2817
2165
1738
1515
1335
1138
765
282
-136
-423
-639
-836
-1075
-1269
-1251
-1141
-878
-684
-675
-876
-1116
-1170
-911
-368
166
443
365
61
-196
-159
140
555
847
848
614
253
-100
-303
-327
-257
-167
-186
-371
-710
-1161
-1510
-1587
-1434
-1089
-775
-650
-696
-878
-1008
-917
-593
-179
154
359
460
502
570
737
947
1136
1186
1058
877
686
583
590
614
623
488
197
-101
-332
-447
-404
-332
-276
-288
-491
-787
-1094
-1305
-1305
-1147
-859
-642
-636
-889
-1271
-1538
-1502
-1130
-651
-317
-329
-637
-1006
-1190
-1051
-729
-322
1
112
41
-150
-254
-212
-9
292
651
985
1124
1055
903
833
882
1068
1352
1645
1785
1627
1249
887
764
902
1186
1464
1576
1388
937
431
110
149
456
774
908
771
391
-73
-375
-409
-229
-35
-13
-175
-486
-862
-1161
-1292
-1175
-908
-717
-756
-1024
-1416
-1716
-1773
-1547
-1090
-676
-525
-661
-949
-1114
-1019
-723
-334
-7
153
105
-51
-176
-145
42
263
478
591
578
442
178
-57
-162
-104
63
158
129
-104
-513
-935
-1188
-1176
-1024
-928
-1005
-1229
-1511
-1706
-1696
-1493
-1205
-1006
-1054
-1251
-1409
-1356
-1042
-581
-73
286
421
413
432
611
919
1255
1550
1813
2037
2131
2076
1942
1824
1786
1814
1889
1931
1832
1588
1277
1061
1043
1141
1218
1164
995
749
560
460
462
556
596
571
494
381
305
217
113
67
105
231
364
444
449
397
313
272
385
623
781
726
459
73
-229
-351
-309
-190
-172
-384
-782
-1220
-1524
-1618
-1601
-1527
-1476
-1525
-1636
-1777
-1851
-1789
-1634
-1406
-1193
-1043
-965
-923
-854
-719
-428
-42
312
524
548
461
410
463
652
960
1274
1441
1380
1135
887
755
706
705
659
501
222
-120
-404
-552
-637
-761
-980
-1250
-1491
-1633
-1683
-1649
-1600
-1588
-1595
-1605
-1551
-1461
-1327
-1147
-958
-765
-577
-389
-192
45
283
499
699
860
995
1101
1153
1168
1202
1261
1347
1439
1458
1371
1214
1014
853
794
777
768
695
564
425
291
221
213
190
160
115
52
9
10
60
175
319
455
583
664
699
746
852
993
1150
1292
1432
1560
1597
1514
1415
1335
1281
1210
1105
975
822
632
441
310
195
49
-181
-435
-654
-846
-999
-1123
-1224
-1326
-1420
-1497
-1536
-1538
-1563
-1608
-1621
-1559
-1412
-1235
-1072
-956
-884
-793
-662
-472
-222
-3
142
202
235
312
442
616
755
790
708
571
438
332
274
243
187
84
-80
-268
-435
-543
-603
-637
-676
-756
-886
-1078
-1241
-1292
-1224
-1068
-905
-839
-855
-908
-942
-877
-698
-461
-225
-30
130
267
359
439
527
621
732
890
1041
1126
1121
1040
969
927
933
948
923
829
654
461
310
216
147
94
34
-80
-210
-371
-525
-616
-650
-639
-626
-619
-627
-615
-546
-463
-410
-354
-289
-238
-179
-103
-11
65
123
195
268
331
348
305
260
246
257
267
260
247
208
145
72
-8
-82
-142
-213
-262
-258
-262
-273
-281
-274
-235
-200
-174
-162
-156
-158
-133
-70
38
163
275
375
442
488
518
538
558
594
646
687
708
718
721
696
633
564
498
434
377
325
264
160
35
-91
-185
-247
-323
-414
-519
-624
-716
-788
-827
-809
-763
-705
-664
-662
-673
-679
-613
-478
-306
-144
-47
1
13
51
169
323
485
600
644
644
625
613
633
682
718
720
689
625
540
423
302
185
71
-29
-118
-213
-368
-521
-662
-797
-877
-900
-860
-814
-839
-895
-968
-1018
-1009
-955
-838
-719
-649
-607
-580
-531
-443
-336
-204
-66
32
107
167
203
250
294
372
475
545
571
520
432
366
354
391
442
436
368
256
149
98
96
96
67
2
-49
-66
-59
-20
12
39
54
44
68
134
222
316
401
468
544
629
678
735
788
848
881
889
898
901
889
857
816
764
690
595
501
424
348
250
160
104
76
31
-25
-106
-192
-255
-300
-316
-316
-298
-256
-216
-166
-98
-38
37
127
215
293
348
394
463
540
625
696
762
816
804
754
693
608
508
409
334
278
183
35
-147
-342
-531
-704
-842
-950
-1039
-1137
-1250
-1342
-1393
-1430
-1478
-1519
-1527
-1523
-1524
-1505
-1430
-1313
-1178
-1055
-940
-804
-671
-537
-386
-232
-110
-13
78
204
344
480
595
679
734
745
731
714
689
664
662
636
606
557
504
438
346
247
154
84
35
4
-29
-43
-43
-48
-46
-8
70
147
179
178
172
197
268
370
502
622
692
720
711
683
652
614
629
694
745
779
755
685
581
457
376
304
250
187
88
-27
-128
-216
-264
-300
-340
-373
-451
-553
-631
-663
-633
-540
-414
-276
-188
-156
-152
-133
-72
22
165
302
384
435
487
545
581
587
575
537
457
353
253
180
140
78
12
-78
-212
-386
-563
-711
-859
-958
-1050
-1154
-1239
-1300
-1354
-1402
-1416
-1399
-1412
-1447
-1440
-1371
-1250
-1116
-974
-827
-683
-572
-460
-339
-226
-147
-58
78
250
422
532
579
595
584
586
597
586
590
563
514
462
419
397
370
305
210
104
-1
-85
-130
-144
-148
-141
-117
-98
-91
-75
-52
-23
-8
13
69
155
275
394
474
504
489
485
518
588
653
646
596
549
552
584
604
563
491
404
304
236
187
135
66
-23
-89
-122
-153
-191
-251
-325
-381
-375
-344
-297
-264
-274
-279
-262
-185
-49
56
73
56
43
53
89
149
195
219
217
187
169
138
99
62
12
-49
-112
-184
-251
-313
-373
-441
-518
-598
-696
-780
-829
-827
-806
-792
-802
-806
-774
-724
-665
-613
-556
-480
-406
-325
-225
-127
-26
59
106
150
188
236
299
326
334
341
353
379
394
379
343
290
237
182
152
147
132
119
78
11
-34
-48
-42
-9
-12
-48
-67
-49
22
109
168
209
233
267
334
423
521
593
615
608
621
665
728
767
777
743
698
690
696
694
651
555
455
390
385
404
368
274
160
61
-10
-53
-93
-133
-201
-259
-276
-270
-261
-280
-304
-320
-314
-283
-218
-178
-169
-177
-166
-106
-49
-14
5
-6
-24
-36
-35
-30
-29
-31
-42
-68
-117
-170
-219
-264
-324
-374
-415
-446
-466
-499
-533
-561
-584
-607
-622
-601
-547
-501
-458
-411
-365
-313
-240
-165
-70
22
108
191
255
321
383
431
461
478
505
533
539
538
527
504
467
422
379
346
307
255
203
146
85
17
-38
-63
-90
-121
-138
-157
-161
-160
-156
-129
-89
-50
-22
11
75
155
208
251
282
315
371
434
491
524
514
491
472
466
475
457
435
387
326
287
252
205
156
95
32
-20
-59
-86
-121
-168
-213
-244
-245
-232
-238
-246
-253
-261
-258
-242
-210
-175
-158
-151
-156
-173
-172
-175
-175
-177
-198
-220
-243
-265
-286
-319
-376
-427
-466
-485
-507
-554
-604
-652
-684
-689
-684
-667
-641
-611
-591
-580
-569
-526
-457
-369
-270
-188
-110
-56
-6
70
157
244
332
397
448
482
493
512
521
528
525
514
482
417
338
272
227
203
183
145
79
-3
-83
-158
-207
-232
-240
-239
-221
-215
-224
-230
-228
-188
-121
-49
11
61
109
154
213
300
398
464
493
511
539
580
605
617
623
625
616
591
569
530
466
391
322
272
239
197
135
71
-6
-78
-128
-155
-168
-211
-274
-313
-325
-312
-300
-296
-293
-294
-294
-288
-271
-254
-262
-291
-302
-299
-293
-307
-345
-391
-449
-500
-536
-566
-588
-636
-718
-786
-836
-854
-853
-860
-880
-911
-943
-949
-922
-865
-802
-745
-686
-621
-536
-429
-334
-247
-151
-44
93
236
365
477
567
651
747
840
933
1002
1020
1012
1001
1003
1004
987
954
902
826
726
619
522
431
339
250
169
88
19
-56
-121
-180
-233
-264
-284
-287
-271
-252
-239
-209
-155
-80
0
64
116
168
233
319
416
500
551
580
613
658
704
730
722
676
618
559
509
456
398
331
245
154
72
-6
-76
-151
-235
-306
-361
-388
-401
-398
-388
-390
-393
-392
-366
-318
-264
-227
-191
-150
-109
-56
-7
46
86
89
72
52
48
62
64
55
22
-32
-99
-171
-233
-299
-371
-453
-523
-582
-613
-649
-678
-689
-686
-678
-686
-684
-643
-572
-482
-389
-298
-201
-104
2
111
220
325
434
537
634
724
794
846
875
900
926
952
953
926
858
768
683
620
574
509
420
301
166
40
-60
-123
-177
-236
-311
-373
-411
-431
-432
-405
-366
-336
-299
-248
-182
-103
-18
78
174
276
390
498
592
657
699
736
775
810
841
852
832
793
738
684
621
545
467
373
266
161
58
-41
-137
-223
-298
-376
-454
-513
-557
-603
-639
-654
-645
-615
-585
-551
-521
-491
-454
-411
-353
-291
-233
-189
-170
-159
-136
-115
-96
-85
-81
-94
-140
-196
-242
-278
-313
-350
-388
-432
-498
-555
-590
-607
-605
-588
-568
-556
-553
-542
-488
-412
-318
-213
-112
-29
45
127
229
344
472
591
687
771
843
896
930
948
973
990
981
953
906
856
788
692
598
515
426
327
204
76
-42
-156
-246
-310
-366
-418
-484
-550
-596
-611
-606
-591
-561
-512
-458
-409
-354
-291
-219
-145
-80
3
77
143
195
231
265
288
302
316
322
296
246
177
119
60
6
-47
-118
-205
-301
-398
-480
-550
-611
-651
-694
-735
-764
-777
-778
-763
-736
-704
-670
-630
-577
-527
-463
-398
-332
-258
-191
-135
-84
-36
10
45
64
87
104
121
124
98
61
25
-14
-44
-70
-99
-152
-225
-287
-321
-328
-328
-343
-360
-371
-379
-365
-322
-272
-226
-188
-140
-67
15
95
170
237
315
382
450
524
585
616
631
659
707
743
747
733
692
644
592
551
519
483
434
364
289
232
186
139
93
51
12
-25
-50
-54
-39
-40
-51
-52
-17
37
79
124
159
184
201
248
325
394
418
401
390
397
415
427
405
360
301
249
204
161
116
43
-44
-143
-215
-264
-293
-337
-402
-474
-553
-594
-596
-575
-569
-588
-609
-610
-598
-562
-513
-472
-446
-435
-402
-337
-284
-255
-240
-217
-185
-175
-139
-111
-103
-116
-129
-140
-136
-136
-151
-180
-227
-233
-244
-246
-252
-253
-248
-266
-291
-289
-270
-251
-234
-192
-147
-112
-65
-3
67
106
135
167
224
293
347
381
403
431
460
480
497
503
518
520
505
495
518
536
512
480
476
473
446
406
395
415
427
407
384
373
370
365
367
406
431
425
387
374
410
440
460
463
447
434
440
457
444
429
392
331
291
279
278
234
179
116
69
19
3
-9
-47
-75
-120
-157
-201
-210
-195
-205
-234
-262
-280
-291
-296
-289
-282
-259
-258
-259
-247
-227
-206
-232
-257
-267
-251
-228
-232
-248
-270
-295
-312
-320
-308
-327
-399
-470
-472
-445
-417
-421
-463
-473
-462
-458
-460
-455
-412
-396
-394
-348
-268
-201
-174
-150
-128
-74
-27
27
68
83
136
167
197
233
277
289
251
230
233
249
228
211
233
259
249
168
123
82
85
60
9
1
10
27
-141
-151
-11
184
106
-97
-59
32
136
76
107
182
223
234
210
231
306
413
395
324
327
398
449
375
355
302
268
267
310
412
298
165
13
-11
-5
-38
-10
-12
0
-159
-329
-367
-277
-190
-333
-447
-428
-339
-290
-339
-317
-324
-486
-581
-510
-252
-124
-236
-386
-403
-300
-204
-211
-328
-346
-280
-180
-180
-297
-288
-298
-298
-341
-318
-217
-189
-237
-407
-292
-249
-279
-424
-378
-175
-185
-213
-197
-110
-94
-102
8
81
56
26
53
98
159
288
314
275
159
295
437
490
378
362
398
371
386
447
540
382
254
223
240
204
157
113
77
53
130
66
-13
-54
-30
-77
-80
40
83
60
33
98
168
192
170
177
197
298
355
369
308
327
367
387
370
347
299
251
240
226
188
129
85
6
-18
-63
-92
-145
-191
-252
-267
-237
-233
-259
-271
-265
-293
-273
-251
-249
-246
-173
-121
-92
-110
-143
-114
-84
-31
41
88
136
123
56
31
75
129
106
26
-6
7
-7
-30
-79
-71
-68
-136
-243
-292
-254
-188
-235
-331
-353
-299
-247
-276
-294
-275
-245
-295
-329
-278
-128
-38
-26
-51
-30
58
138
191
179
235
349
399
363
360
405
432
412
453
491
477
357
245
211
269
348
305
227
142
112
77
10
-29
-64
-71
-1
11
-13
-22
-54
-151
-188
-115
-11
7
-27
-35
-75
-50
1
46
8
-15
6
42
91
68
58
63
89
67
-6
-3
18
22
-49
-109
-110
-139
-223
-305
-343
-318
-316
-375
-398
-373
-276
-271
-344
-421
-396
-272
-167
-165
-199
-158
-79
-121
-190
-136
-16
8
-101
-128
-79
48
63
-9
-62
32
117
55
-66
-114
40
61
24
-13
53
165
98
-72
-204
-110
-22
32
26
94
179
119
25
-71
-11
106
194
208
232
299
339
249
133
160
264
408
399
331
324
358
346
251
259
391
436
316
197
177
255
315
269
221
195
228
248
132
102
146
221
199
107
103
153
145
72
12
5
104
138
95
1
-47
-22
-35
-114
-130
-41
-7
-146
-355
-333
-194
-188
-278
-370
-312
-287
-384
-463
-492
-385
-319
-365
-461
-420
-333
-357
-454
-474
-280
-182
-180
-189
-122
-2
-32
-89
-82
32
132
147
126
147
232
239
213
204
257
267
132
34
44
148
183
85
10
-5
-14
-104
-201
-213
-142
-113
-146
-182
-176
-135
-160
-204
-226
-141
-33
3
-45
-80
18
107
122
43
38
102
103
88
128
214
208
111
49
70
111
110
66
37
40
75
55
-22
-93
-118
-85
-134
-152
-105
-14
-7
-122
-152
-81
8
-7
-41
-43
67
213
279
259
224
243
281
309
358
431
443
391
336
354
419
415
324
230
153
107
51
-16
-47
-86
-142
-215
-271
-293
-343
-461
-562
-559
-476
-424
-452
-500
-499
-465
-414
-409
-445
-400
-333
-243
-224
-198
-136
-99
-103
-48
41
134
131
49
57
107
203
225
213
154
140
122
68
-4
-6
57
75
47
-14
-58
-108
-170
-280
-298
-238
-151
-107
-170
-224
-192
-126
-110
-159
-135
-24
63
94
99
134
167
194
200
228
284
365
433
385
327
303
351
360
304
268
264
226
142
90
105
124
51
-58
-81
-42
-25
-74
-157
-176
-174
-146
-154
-127
-59
-10
-20
-50
-32
24
94
112
110
124
207
293
276
215
192
217
261
275
272
303
302
251
211
183
189
153
81
72
68
56
0
-85
-146
-161
-156
-148
-159
-207
-255
-296
-289
-216
-163
-136
-174
-223
-198
-175
-130
-125
-101
-48
5
37
69
104
87
78
68
128
177
171
147
105
96
104
109
103
96
115
115
80
22
-8
-12
-27
-24
-28
24
35
24
16
3
19
2
-4
-14
-14
3
14
34
21
25
17
27
44
46
71
44
32
10
1
19
12
31
43
38
9
-21
-56
-81
-64
-41
6
9
9
9
-25
-17
-17
17
14
-12
34
98
112
68
60
84
97
59
75
148
186
162
71
51
93
114
79
36
45
65
43
10
-10
-16
-16
-29
-89
-93
-61
-41
-92
-193
-191
-126
-75
-107
-131
-102
-58
-110
-167
-130
-59
-12
-54
-80
-62
-42
-48
-75
-88
-69
-50
-64
-90
-75
-52
-83
-190
-241
-169
-120
-121
-184
-199
-177
-200
-221
-244
-239
-206
-193
-194
-166
-96
-31
-42
-87
-49
35
78
69
72
133
178
197
212
266
303
291
253
252
278
275
249
221
223
240
207
138
84
41
43
6
-30
-61
-72
-68
-118
-156
-165
-155
-196
-243
-245
-193
-150
-184
-198
-199
-189
-157
-143
-92
-57
-45
-32
-39
0
31
48
44
41
57
83
90
65
57
31
25
12
21
24
-30
-60
-67
-58
-81
-111
-115
-91
-113
-154
-170
-169
-143
-147
-140
-118
-94
-83
-85
-90
-78
-33
11
25
-5
-2
60
108
117
101
109
127
101
52
52
97
122
92
55
83
118
119
85
21
13
36
36
4
-42
-32
-12
-43
-87
-57
-2
-3
-73
-136
-73
-14
9
-5
-12
48
75
54
24
6
29
68
53
51
98
156
158
77
39
91
133
110
66
74
116
116
91
99
105
88
62
29
17
3
3
-3
-49
-53
-34
-31
-65
-105
-112
-97
-117
-151
-132
-96
-64
-104
-143
-145
-139
-96
-88
-83
-85
-67
-51
-51
-37
-16
24
7
5
20
50
83
66
67
75
92
103
95
102
101
103
99
103
82
55
32
26
43
46
60
32
-21
-58
-56
-49
-59
-91
-101
-114
-143
-129
-112
-86
-105
-136
-137
-139
-149
-151
-151
-133
-106
-78
-32
-5
0
8
-3
-2
7
37
108
128
139
151
170
173
144
135
135
152
162
186
178
161
142
124
121
77
59
55
31
15
-5
20
63
57
41
16
7
-4
-17
-12
15
17
5
7
5
30
41
21
20
20
46
68
51
67
75
79
76
54
74
107
111
81
67
68
92
81
37
26
15
14
-21
-67
-73
-81
-92
-120
-153
-140
-117
-123
-136
-131
-115
-101
-119
-124
-95
-83
-76
-68
-50
-27
-14
6
7
11
24
34
59
72
75
86
101
105
114
135
154
137
81
46
46
60
67
39
22
13
-3
-8
-30
-64
-91
-122
-133
-124
-98
-62
-75
-108
-123
-127
-112
-101
-92
-80
-73
-54
-24
3
23
30
26
22
24
63
102
108
111
103
130
162
142
121
103
88
86
71
77
87
73
68
20
-16
-25
-27
-25
-42
-64
-66
-67
-70
-67
-74
-84
-96
-103
-87
-80
-82
-80
-103
-87
-82
-61
-21
-26
-17
-20
-2
15
4
6
-8
-3
18
27
38
59
50
25
11
21
70
67
51
27
8
24
-3
-22
-1
-23
-29
-42
-85
-78
-67
-68
-52
-63
-44
-13
-48
-69
-105
-113
-73
-82
-86
-57
-50
-36
-75
-103
-53
-49
-51
-64
-54
0
6
-14
-16
-3
36
53
21
22
30
19
25
-2
23
71
80
77
32
21
47
35
43
46
60
94
55
16
9
15
17
-9
-35
-7
3
-23
-23
-39
-22
-15
-35
-29
-27
-21
-24
-70
-76
-55
-42
-18
-37
-46
-25
-21
16
28
39
61
26
11
34
34
36
5
-66
-44
-12
-22
11
-7
24
40
-18
-1
-7
-13
-2
-73
-65
-22
-38
-2
-53
-88
-32
-31
-2
11
-15
33
35
-2
40
16
33
38
-14
49
45
72
121
88
120
116
74
85
58
47
67
17
30
36
-6
34
-15
-18
33
-29
-3
-9
-32
14
-31
-37
1
-32
-19
-43
-84
-33
-14
14
47
17
43
34
17
68
60
78
108
52
74
85
70
118
92
104
123
113
115
88
78
77
45
30
66
31
25
-29
-71
-43
-51
-35
-30
-69
-92
-111
-137
-114
-110
-82
-80
-104
-90
-103
-101
-83
-80
-55
-40
-49
-12
23
33
39
30
56
50
73
107
83
83
95
100
106
74
39
28
26
14
29
48
28
16
-12
9
-19
-19
16
10
12
-61
-47
-55
-58
-44
-41
-54
-26
-19
24
2
-46
21
-27
18
-5
30
60
13
33
1
5
28
7
19
43
11
24
28
21
31
32
2
-2
-4
-2
6
-19
-9
-49
-47
-21
-50
-17
-25
-18
14
-26
0
12
5
26
4
31
52
29
56
37
37
59
39
38
39
50
58
47
49
60
60
41
18
18
18
28
21
-13
-1
-29
-39
-25
-36
-49
-77
-102
-105
-111
-114
-89
-100
-116
-126
-133
-87
-92
-95
-61
-79
-41
-38
-44
-7
-34
-10
-17
-8
42
-4
24
32
-8
45
65
58
73
48
54
57
55
64
50
36
30
28
35
48
18
20
42
18
28
11
13
26
12
1
-12
-33
-31
-12
-9
-15
-24
-14
-30
-19
4
-29
-48
-53
-41
-20
-44
-38
-43
-55
-49
-49
-35
-19
-34
-42
-8
-22
-18
21
4
13
-11
-32
-9
-19
14
16
-8
3
-4
8
23
-5
-19
4
-4
-20
1
3
5
-11
-31
-35
-55
-39
-46
-40
-25
-51
-56
-26
-33
-45
-25
-48
-27
-13
-13
-7
-28
-13
-3
6
19
-11
-6
2
-25
-16
-24
-14
11
-12
5
21
1
-2
3
-9
-8
-26
-2
39
-14
7
6
16
44
14
56
43
10
21
17
52
55
12
48
39
14
42
24
32
34
17
25
21
28
51
48
60
41
12
37
14
23
55
32
50
21
-13
19
-16
10
12
-34
19
-27
-46
-9
-67
-37
-22
-45
-13
-53
-48
-31
-67
-33
-26
-36
-24
-66
-56
-23
-66
-43
-26
-40
0
-25
-9
23
-4
20
10
-2
11
-20
4
16
-12
18
17
-5
16
9
5
3
-13
25
28
8
7
-30
-17
-8
-22
14
25
1
-6
-11
-18
4
17
14
12
5
1
4
3
-17
-28
-1
6
22
42
41
39
16
19
8
25
46
23
29
33
37
53
61
70
52
52
35
14
51
76
89
85
70
55
56
83
58
75
77
51
75
62
79
76
57
66
33
48
58
20
29
18
2
39
26
19
25
3
3
-10
-4
3
-9
-23
-25
-30
-3
6
-18
-12
-29
-36
-24
-30
-19
-19
-20
-16
-36
-22
-37
-56
-30
-61
-28
-9
-37
-27
-57
-58
-65
-75
-54
-52
-33
-47
-71
-52
-39
-45
-46
-38
-17
-13
-14
-2
-5
-1
-4
-22
-13
-4
-13
24
16
-6
15
1
8
6
17
38
14
25
37
16
35
28
13
20
19
35
31
35
39
23
20
13
24
41
30
36
0
-14
-10
-22
-10
11
19
23
36
28
31
9
-5
1
-9
15
27
-10
9
15
-14
9
11
-3
-4
-21
-12
-12
9
28
-2
-18
-30
-33
-6
-1
-16
-19
-16
-21
-26
-9
-13
-27
-19
-17
-39
-31
-19
-33
-21
-44
-42
-12
-4
-4
-30
-52
-37
-18
-6
-5
-25
-32
-46
-54
-24
-29
-31
-15
-26
-32
-35
-43
-23
-14
-38
-39
-27
-17
-15
-17
-19
-41
-35
-6
-11
-20
-43
-53
-34
-31
-32
-36
-49
-63
-58
-47
-18
-15
-6
-2
-33
-7
1
-12
11
11
-19
-5
-3
1
51
20
8
9
14
26
14
41
36
29
57
45
40
37
11
16
5
4
21
39
49
31
19
18
2
13
42
22
11
11
-5
20
15
7
13
-5
-9
-11
11
6
-18
4
12
-19
-18
-14
-20
0
-37
-40
-12
-19
-10
-25
-22
-39
-37
3
-12
-33
-42
-32
-22
-11
-8
-10
11
1
-19
-22
-25
-13
4
19
5
-13
5
-1
15
22
4
6
14
8
-10
1
-10
6
36
32
8
-22
-16
-14
-9
-7
-6
17
5
-13
-13
-3
2
19
27
-1
-24
-19
1
18
18
21
23
34
38
10
22
19
3
50
61
49
40
34
33
21
30
41
46
65
55
23
25
20
27
53
42
23
3
-3
-7
-9
1
18
40
45
41
8
5
12
10
28
24
1
-5
8
29
18
10
15
17
22
11
-10
-1
7
10
46
39
7
4
-3
-11
0
-4
5
12
22
9
8
16
3
27
29
12
-17
-10
-8
-24
-22
-13
0
2
30
7
-17
2
-4
21
22
-12
-2
-4
-9
7
4
-1
-3
-4
8
-26
-46
-17
-25
-8
-4
-33
-16
-25
-32
-15
-29
-33
-37
-38
-28
-47
-24
-9
-25
-14
-24
-27
-23
-27
-11
10
19
29
28
36
41
11
24
33
21
25
15
14
33
31
38
60
43
39
19
6
18
11
39
35
35
40
6
5
-10
-27
-6
-8
-10
-14
-29
-11
-40
-36
5
8
16
7
-22
-16
-9
-22
24
44
23
12
4
19
5
16
59
34
23
22
1
10
9
12
38
29
19
15
-8
-6
-39
-19
22
5
-4
-10
-16
-19
-29
-39
-21
-27
-38
-35
-51
-41
-35
-24
-7
-28
-31
-35
-47
-28
-35
-17
4
-15
-12
-2
-7
-31
-36
-18
-16
-19
-31
-25
-35
-52
-44
-33
-20
-27
-36
-35
-28
-42
-29
3
-7
-19
-24
-38
-54
-40
-18
-11
-12
-11
-4
3
-2
-13
3
15
4
6
11
10
-14
-18
10
12
14
14
7
9
-2
-4
11
4
6
-4
-18
-29
-33
-6
3
-3
-17
-29
-23
-25
-19
4
21
11
-7
-14
-9
-23
-27
-10
-5
3
4
0
11
8
11
27
29
21
12
0
-12
-15
-5
18
16
13
17
2
1
3
-1
18
28
14
-6
-14
-15
-28
-7
-5
-22
-18
-23
-30
-20
-9
-8
1
-8
-15
-21
-46
-32
-27
-13
6
-22
-17
-7
-21
-8
1
-1
16
3
-15
-15
-21
-18
-13
3
9
-7
-6
7
9
28
32
20
40
31
12
7
-10
1
12
23
34
23
24
16
7
34
35
39
50
28
28
3
