SAMPLES:	10314
BITSPERSAMPLE:	16
CHANNELS:	1
SAMPLERATE:	16000
NORMALIZED:	FALSE
-3
2
7
5
-1
-7
-6
0
1
-2
-8
-13
-13
-5
0
-1
-5
-12
-8
-5
-5
-2
2
6
13
15
10
9
7
3
0
-2
-4
-2
-2
-5
-5
-9
-14
-13
-6
0
4
0
-1
4
5
7
7
4
4
1
-5
-8
-5
3
8
10
4
-3
0
1
1
-1
-1
-1
3
9
13
10
2
2
3
5
5
4
-1
-5
1
9
7
1
6
15
15
12
11
12
8
5
3
8
10
6
6
7
18
16
-1
-7
-3
6
3
-4
-3
4
5
-3
-6
4
12
8
2
2
9
15
6
-2
-5
-6
-3
0
-4
-6
-5
-7
-8
-5
-8
-9
-6
-2
1
0
-1
0
-1
-3
1
3
4
4
0
2
5
2
0
0
7
12
15
7
2
6
10
10
6
3
1
-1
0
-4
-3
-1
-5
-3
0
1
1
-3
-6
-5
-3
-3
-2
-1
-3
-7
-10
-5
-2
-5
-16
-19
-12
-7
0
5
-4
-11
-10
-7
0
3
-2
-3
-2
-7
-3
2
2
1
0
-4
-4
0
-5
-8
-3
-4
-8
-12
-10
-3
2
5
2
-6
-9
-13
-9
-4
3
6
2
0
-1
5
2
-2
2
7
6
7
17
17
9
4
5
11
10
6
5
6
6
4
5
0
-6
-7
-5
2
3
-7
-11
-9
-6
-6
-10
-11
-6
-8
-8
-4
1
4
1
-6
-6
2
0
2
3
-2
1
4
6
2
-3
-6
1
8
5
1
1
-2
6
9
7
7
1
-3
3
7
5
0
-2
2
4
-5
-7
-7
-4
2
4
0
-4
-3
-5
-8
-6
-5
-3
-2
2
4
7
5
1
3
-3
-4
-6
-2
-3
-4
-2
-9
-10
-8
-4
1
10
12
9
2
0
9
9
6
4
6
12
13
9
5
7
5
0
-1
-1
2
-1
-5
-4
2
6
6
3
2
10
8
4
0
-1
4
1
0
-6
-5
-4
-6
-5
-2
4
3
4
1
5
7
7
3
-2
4
8
2
-4
-7
-13
-7
-7
-9
-11
-8
1
5
5
4
2
-4
-5
-1
3
13
13
6
-2
-5
-3
4
7
2
-3
-2
-2
-7
-11
-16
-10
-2
-7
-4
0
3
1
0
0
-2
-4
-8
-8
-9
-6
-4
-2
-3
-3
-1
-4
1
2
-1
2
4
3
4
5
9
10
5
2
6
11
5
-3
-6
-4
4
5
2
-2
0
0
3
7
5
3
1
7
14
10
-2
-10
-10
-6
-4
-5
-4
-1
-1
-2
3
6
3
-1
5
14
13
7
-1
1
7
2
-7
-10
-10
-9
-4
-3
-3
-5
-14
-17
-9
-6
-6
-12
-15
-13
-5
-1
-4
-7
-6
-1
-1
-7
-11
-9
-3
1
4
6
4
2
1
4
1
0
-3
-6
-6
-4
2
5
1
-9
-11
-16
-20
-16
-10
-4
-2
-1
-7
-7
-5
-4
-6
-3
-2
-9
-16
-19
-13
-13
-14
-6
3
10
0
-11
-10
-4
0
-5
-7
0
8
9
9
11
3
-5
-5
0
3
2
-1
4
7
-1
-3
2
5
17
17
11
15
15
9
5
5
8
15
10
2
8
8
5
2
1
1
5
14
11
5
2
5
6
4
-3
-6
3
7
6
4
6
8
4
-2
-1
5
9
9
7
2
3
3
2
0
0
-2
-1
9
17
14
10
7
6
9
10
7
4
5
10
12
12
5
4
5
-1
0
5
6
7
8
4
6
6
-4
-5
0
6
11
6
-9
-13
-2
2
1
-3
-10
-13
-15
-12
-7
2
-1
-14
-20
-23
-20
-11
-15
-27
-31
-28
-18
-11
-12
-13
-16
-22
-20
-12
-8
-7
-10
-7
-8
-6
-9
-13
-12
-5
5
5
-2
-1
-1
-2
2
0
1
5
3
1
-4
-5
-2
1
3
-3
-8
-7
-3
0
2
3
2
3
4
6
4
-2
-4
1
1
-1
-2
1
7
6
5
1
-6
-3
-1
-9
-15
-11
-2
-2
-5
-3
0
0
-2
-6
-3
-2
-1
3
6
9
7
-3
-2
7
11
12
7
6
13
20
14
4
2
6
11
11
5
10
14
10
9
6
3
6
3
-6
-3
-2
-3
0
3
7
10
6
-4
1
6
9
11
2
-7
-7
-4
1
2
2
5
4
8
8
9
2
-7
-9
-8
-6
-9
-7
-9
-11
-17
-16
-8
-8
-12
-11
-8
0
2
-2
-6
-4
1
7
10
5
1
3
1
-1
1
7
11
7
9
13
12
12
13
13
13
14
13
9
10
6
3
-2
-5
-3
-3
-7
-7
2
4
3
2
6
8
8
13
15
10
5
0
-1
4
8
6
7
8
11
12
7
2
0
3
7
11
11
4
-1
1
6
13
15
7
0
4
11
14
10
9
6
-2
-3
8
16
13
3
-4
-3
4
7
5
3
6
6
1
-5
-6
-3
-7
-13
-9
-10
-14
-21
-25
-23
-14
-14
-17
-11
-6
-7
-13
-20
-16
-6
-2
0
-1
-5
-6
-5
0
4
1
-7
-9
-6
-5
-3
1
5
9
12
5
5
7
3
2
2
0
0
-2
0
4
3
4
8
8
7
11
11
2
-4
2
1
0
0
-5
-7
-1
-1
-5
-2
-2
-9
-19
-22
-19
-14
-14
-16
-15
-10
-5
-7
-8
-6
-4
-1
-5
-8
-8
-6
-1
-2
1
5
2
1
1
-1
-2
-2
0
5
10
6
3
3
3
1
0
0
4
0
-4
1
2
-4
-16
-18
-8
-2
2
0
4
11
10
2
-2
2
1
-2
-6
-4
4
11
11
10
15
13
12
9
11
9
3
7
13
14
11
5
4
11
7
-4
-9
-7
-2
3
3
3
5
3
4
10
11
11
8
9
15
16
13
2
-3
-3
2
4
2
2
1
-1
-2
5
8
2
1
2
4
10
9
5
2
-2
-3
4
5
2
1
-2
-8
-10
-5
1
-1
1
5
1
2
2
4
16
11
2
-4
-5
-10
-9
-9
-9
-4
-2
-10
-18
-14
-6
-3
-8
-14
-6
3
10
10
6
7
4
0
1
8
7
12
12
4
2
-2
-6
-13
-3
7
6
-3
-7
0
2
3
2
2
0
0
3
2
-6
-6
-10
-13
-11
-13
-18
-20
-5
7
4
2
-2
-3
0
3
3
-1
-6
-8
-7
-11
-8
-6
-9
-9
-5
-3
-3
0
10
16
15
13
4
-3
0
2
8
13
9
5
0
1
-3
-3
3
2
0
-9
-8
-6
-9
-1
0
-6
-12
-13
-9
-4
0
-3
-11
-14
-14
-8
0
0
-5
-6
-8
-3
3
5
5
4
3
8
10
8
1
0
-4
-12
-5
0
-6
-12
-12
-7
-7
0
15
9
4
13
16
21
22
19
10
-1
1
-1
4
8
9
21
0
-10
-1
-12
-10
-1
-1
0
-6
-3
-4
-15
6
3
-4
-9
-2
-1
-7
-1
-4
-14
-16
-20
-23
-13
-1
12
4
-4
3
5
-11
-13
3
-8
-13
-22
-43
-46
-27
-31
-39
-44
-38
-24
-33
-23
-17
-21
-25
-21
-24
-23
-15
1
-3
-11
7
-12
4
6
23
32
15
34
26
14
11
18
33
47
26
24
-6
-2
18
-2
1
-9
-15
-14
-21
-6
2
0
15
8
24
34
31
50
47
64
63
66
72
74
82
86
86
87
90
82
81
82
91
103
95
88
91
91
63
63
53
49
61
39
39
11
-9
-8
-36
-34
-18
-50
-51
-64
-59
-56
-82
-70
-76
-57
-52
-41
-48
-23
-22
-10
3
-27
-21
-41
-41
-32
-17
-11
5
-31
-13
-31
-27
8
-5
21
24
3
13
17
-14
13
-25
17
11
-5
16
-8
0
26
8
-4
-1
-26
5
7
7
-3
-8
-9
-2
12
28
30
9
13
7
-12
26
-2
2
1
-33
-2
-31
-19
-17
-37
-9
-25
-33
8
-18
8
-6
-32
-23
-21
-14
-24
-34
-4
-26
-39
-24
-44
-11
-16
-13
-45
-24
-21
-34
-22
-17
-11
-14
-47
-64
-48
-40
-31
-58
-64
-58
-69
-61
-49
-55
-41
-66
-77
-70
-84
-95
-81
-84
-53
-73
-77
-70
-80
-57
-67
-96
-68
-78
-110
-86
-124
-85
-118
-110
-108
-118
-103
-116
-122
-99
-88
-80
-101
-98
-21
-62
-18
-52
-15
11
19
48
36
41
77
85
143
168
170
184
127
233
201
258
275
290
390
327
350
332
267
365
390
378
475
413
448
397
374
433
373
374
374
361
390
319
271
280
233
263
171
116
120
73
69
-48
-112
-139
-242
-311
-362
-393
-407
-431
-493
-605
-627
-636
-698
-722
-714
-657
-657
-709
-721
-717
-707
-643
-631
-605
-566
-582
-526
-526
-451
-391
-421
-418
-425
-359
-269
-291
-283
-260
-218
-84
-15
68
94
66
204
305
386
553
599
729
792
904
1096
1157
1315
1385
1424
1590
1694
1729
1747
1828
2013
1917
1668
1414
1244
1373
1471
1258
882
421
208
-26
-267
-275
-431
-812
-1242
-1527
-1520
-1476
-1490
-1620
-1742
-1721
-1652
-1628
-1627
-1480
-1202
-1084
-969
-810
-706
-525
-388
-166
52
117
255
315
286
355
381
368
179
82
114
44
-113
-340
-650
-772
-751
-857
-981
-1220
-1317
-1356
-1467
-1461
-1324
-1314
-1242
-1192
-1161
-983
-765
-593
-429
-312
-161
58
144
349
579
715
813
874
914
1001
1127
1260
1280
1214
1160
1216
1133
1147
1148
1055
1071
1012
1016
1024
861
906
946
788
999
979
935
993
876
972
1008
897
1123
1085
1084
1129
912
908
900
805
735
578
360
232
115
109
-20
-368
-830
-936
-854
-909
-1098
-1380
-1510
-1615
-1760
-1740
-1729
-1775
-1871
-2102
-2069
-1809
-1608
-1556
-1640
-1550
-1276
-1202
-1233
-1170
-912
-689
-632
-633
-492
-320
-332
-374
-323
-92
-5
-51
-99
-44
94
174
107
118
268
375
385
421
532
732
807
928
1138
1404
1506
1402
1499
1742
2095
2357
2342
2301
2405
2534
2977
2873
2998
2947
2555
2486
2188
2003
2167
2196
2115
1228
-525
-1143
-1034
-200
65
-991
-2296
-2915
-2922
-2775
-2819
-2637
-2427
-2703
-3236
-3260
-2451
-1966
-1851
-1900
-1530
-754
-439
-662
-767
-285
926
1542
1233
920
990
1241
1224
1224
1411
1551
1456
841
160
-869
-1197
-526
-267
-311
-1430
-2810
-3142
-2795
-2299
-2199
-2369
-2043
-2541
-3253
-2898
-1843
-957
-1030
-1401
-1220
-884
-405
-165
-34
801
1557
1416
473
330
1215
1794
1669
1546
1703
1656
1346
1378
1602
1759
1898
1570
1145
1453
2016
2023
1688
1737
2266
2538
2106
2105
2393
2398
2446
2062
2084
2447
2328
2261
1606
1175
1230
813
312
-391
-722
-373
-582
-1114
-1938
-2473
-2273
-2259
-2426
-2608
-2635
-2370
-2555
-2744
-2572
-1977
-1409
-1739
-1836
-1387
-908
-518
-645
-468
226
616
747
376
216
582
958
819
218
-62
-150
-242
-329
-488
-707
-1083
-1551
-1695
-1718
-1591
-1666
-1958
-1951
-1907
-1701
-1427
-1598
-1837
-1641
-1044
-411
-219
-549
-757
-307
470
953
1036
982
1061
1243
1485
1808
2105
2314
2230
1890
1741
1944
2262
2568
2386
2305
2208
2254
2352
2352
2369
2477
2799
2705
2611
2386
2576
2296
1742
1713
1942
2387
1863
562
-427
-1083
-760
322
392
-338
-2111
-3426
-2857
-1729
-1242
-1795
-2497
-2262
-2269
-2613
-2327
-1488
-866
-1210
-1342
-865
-469
-367
-540
-233
605
1190
1155
279
-233
238
900
996
467
145
92
-573
-1446
-1864
-1797
-1634
-1598
-2115
-2944
-3365
-3918
-4292
-3583
-2458
-2195
-3171
-4114
-3677
-2647
-1748
-1183
-1323
-1698
-1553
-975
-241
506
1002
907
578
814
1619
1941
1719
2107
2582
2527
2185
2213
2416
2643
3043
3102
2652
2516
2971
2891
2884
3110
3370
3665
3382
3039
3258
3088
2988
3655
3610
3245
2565
1685
1929
2180
1516
-359
-1863
-928
1119
1172
-1471
-4267
-4333
-2606
-1517
-1957
-2843
-2773
-2900
-3376
-3127
-1828
-524
-855
-2129
-2050
-659
585
272
-599
44
1501
2126
1067
-93
363
1515
1955
1337
596
463
24
-997
-1825
-1628
-861
-1368
-2644
-3421
-3540
-3582
-4314
-4933
-4211
-3304
-3291
-3784
-4166
-3826
-3047
-2351
-1621
-1277
-1594
-1690
-1218
33
1300
1394
813
753
1145
1714
1980
2157
2489
2465
2098
2033
2521
2946
2868
2250
2300
2610
3287
3469
3160
3181
3346
3652
3482
3296
3823
4039
3863
4244
3759
3783
3108
2522
2878
2640
1381
-1403
-2009
353
1986
623
-2909
-5221
-3462
-1969
-2525
-3872
-3778
-2243
-2858
-4621
-4329
-2134
-671
-2062
-3363
-2029
-271
105
-1186
-1272
550
2038
1753
-114
-737
863
1957
1483
327
330
1143
521
-1434
-2806
-2050
-682
-992
-2802
-4396
-4338
-3903
-4796
-5549
-4960
-3562
-3267
-4534
-5203
-4411
-2679
-1473
-1457
-1593
-1299
-688
-173
257
1261
2059
2068
1677
1410
1861
2553
2879
2729
2546
2683
2929
3017
2800
2722
2832
2969
3291
3585
3494
3263
3308
3575
3409
3647
4025
4257
4547
4044
4204
4909
5115
4404
3172
2784
3865
2032
-2179
-2806
313
3984
2411
-4115
-7580
-4763
-1305
-1755
-4797
-4670
-2024
-2784
-6195
-5978
-2028
288
-1653
-4153
-2895
52
835
-664
-1437
585
3712
3504
169
-1493
701
3446
2978
824
637
1680
1600
-590
-3166
-2819
-924
-887
-3078
-5315
-5672
-5145
-5634
-6373
-5550
-4287
-4530
-5839
-6598
-5587
-3409
-1877
-1602
-2331
-2620
-1642
-428
656
1688
1801
1676
1987
2251
2473
2828
3345
3589
3083
2681
2732
3170
3328
3402
3030
2848
3179
3751
3814
3457
3565
3866
4261
3708
3551
4268
4742
4856
5155
5021
5711
5491
4923
3533
2623
105
-2602
-1334
2257
4967
1587
-6149
-8960
-4644
-716
-1689
-5689
-4901
-2538
-4218
-7144
-6101
-1661
1
-3268
-5233
-3364
-466
97
-1443
-939
1813
4340
2906
-898
-1509
1787
4650
3682
1160
939
1832
1596
-507
-2000
-808
303
-1512
-4583
-5557
-4626
-4465
-5613
-6020
-4756
-4247
-6377
-7813
-6459
-3874
-2693
-2793
-2526
-2572
-2707
-1701
-330
1134
2096
1379
541
1385
3114
3439
2598
2995
4262
3817
2191
1847
3188
4797
4635
3183
2196
2414
3553
3791
3540
3671
5110
5316
3002
2567
4126
5834
5593
5142
5977
6724
6085
4642
2468
2933
2729
-1629
-3065
-26
4637
3263
-5292
-9771
-5854
-1157
-1551
-6130
-6692
-3715
-3755
-6726
-7258
-2955
27
-2230
-5761
-5227
-981
904
-693
-1378
431
3568
3591
219
-1440
982
4585
4608
1468
248
1503
2187
198
-2005
-957
889
198
-2923
-4808
-5132
-4968
-5748
-6778
-5663
-4832
-6352
-7644
-7380
-5881
-4492
-3998
-3024
-3255
-3416
-1914
-384
807
1571
1134
716
1126
2379
2652
2017
2840
3974
3659
2214
1755
2778
3831
4569
3820
2716
2639
3097
3430
3181
3270
4956
4990
4121
3563
3567
5559
5195
4992
6562
7051
7815
7058
4506
3620
4764
5478
-357
-4824
-1783
4506
6422
-2080
-10776
-8461
-1859
-211
-5648
-8434
-3442
-2302
-6623
-9054
-4577
1395
-544
-6282
-6518
-1179
2958
745
-2547
-1495
3538
6709
2601
-1610
10
5086
6614
2047
-148
2487
4365
2003
-2444
-2157
1526
1824
-1835
-5262
-3889
-2126
-6489
-10372
-8560
-4341
-2778
-6438
-10277
-9290
-5864
-4162
-4303
-3932
-2727
-2703
-2749
-1104
1290
2100
963
-94
682
2293
2761
1829
1948
3491
3944
2444
1423
2651
4101
3865
2349
2653
3995
3957
2724
2187
3922
5424
4491
3129
2367
4622
6712
5787
5297
6705
7052
5560
4799
6937
8089
6062
-495
-7106
-3598
5244
9253
1912
-9245
-10628
-4240
-1156
-3692
-6859
-4479
-2785
-6438
-9473
-6676
-553
-98
-5033
-6635
-2349
1989
151
-3911
-2276
3395
6900
3969
-974
-1330
2533
5675
3896
1025
2072
3962
2510
-1702
-3279
-95
1924
-42
-3328
-3992
-2556
-3158
-7312
-10387
-8028
-3673
-3348
-7258
-10327
-9803
-6493
-2968
-2568
-4245
-3740
-2310
-2177
-1295
1392
3073
1812
248
531
1327
2762
3919
2985
1601
2372
3957
3596
2287
2601
3817
4052
3789
4116
3667
2756
3270
4791
5564
4844
3790
4062
4523
6313
7172
6200
5595
6257
7877
7447
6377
5885
4381
-3044
-6253
-939
7189
9340
-850
-12804
-12012
-2487
2098
-3514
-8881
-5031
-2335
-6517
-10188
-5635
1161
499
-5405
-6560
-2016
1506
-313
-2938
-971
4881
8120
3162
-2946
-1919
4409
7394
3633
667
2205
3662
1565
-3069
-3498
671
2606
-637
-5018
-5357
-3524
-4758
-8163
-9548
-6695
-4374
-7201
-10059
-10317
-8073
-4747
-3374
-4860
-6020
-4349
-1984
-1837
-434
2252
2019
302
178
1258
1890
2695
3624
2930
1750
2519
3797
3302
3158
4226
4743
3651
3586
4286
3573
3438
4613
6704
5194
3265
3894
5601
6131
5430
5750
6717
7848
8464
6902
6505
6650
6256
1558
-5991
-3439
3988
9207
5126
-7935
-13961
-6956
590
-164
-7423
-7432
-2139
-4183
-9491
-8458
-871
2206
-3190
-7235
-4555
304
1121
-2115
-2224
1817
7083
5934
-793
-3066
1285
7244
6564
1744
1228
3009
3114
-413
-3654
-1130
2451
1458
-3618
-6564
-4215
-3130
-6035
-9849
-9538
-4902
-5023
-8278
-9947
-9765
-7000
-4341
-3644
-4809
-4899
-2487
-2136
-1928
1232
3036
1783
228
498
1192
2159
3952
4310
2132
1597
3301
4223
3742
3879
4509
3666
3215
4023
4499
3636
4070
5073
4719
3406
3803
4834
5904
5842
5027
5383
6773
8777
8648
7422
5519
6062
2957
-4937
-5449
1982
9853
7896
-6251
-15106
-9669
26
863
-6498
-8064
-3212
-3570
-9248
-9991
-2843
2371
-1501
-6892
-5940
-63
2113
-1323
-3117
737
7019
7271
387
-3841
4
6328
6405
1821
913
3247
3396
-980
-4460
-2333
1722
1491
-3560
-7316
-6178
-4365
-8146
-11967
-9372
-5678
-4614
-8138
-12061
-10360
-6186
-3079
-2815
-4119
-3402
-2634
-1976
472
2940
3806
2526
819
1154
2438
4310
5174
4441
3844
4022
4718
5062
4729
4725
4791
4635
4863
5341
5101
3719
3816
4983
5269
5069
4719
4658
5098
5497
6470
7203
7803
8198
6093
4046
2469
-4056
-5648
97
7950
9581
-2716
-14736
-12800
-2819
1831
-3940
-7921
-4175
-3830
-9017
-10692
-3852
2478
-206
-6114
-6144
-1398
1265
-743
-1955
1482
7094
7562
971
-4021
-849
6638
7798
2706
929
2950
3178
-835
-4540
-1759
2836
1810
-3724
-7616
-5948
-4152
-6269
-9733
-9812
-6182
-6115
-8434
-9730
-9346
-6423
-4020
-3306
-3734
-3958
-2377
-1452
-129
3392
4473
2435
781
1304
2928
3972
4866
5046
3749
3623
4602
4524
4260
4699
5005
4772
4331
4965
5204
3662
3055
4274
5788
4764
3923
4039
4590
6016
6430
8909
9283
6692
3451
1889
378
-3413
-2280
2215
6895
4411
-6299
-13971
-10596
-2205
352
-5137
-7622
-4749
-5607
-10229
-9535
-1989
2619
-1640
-7054
-6578
-2498
485
144
277
3234
6918
5578
-1243
-3473
2646
8771
7509
2333
1507
3028
1972
-1792
-3108
604
3060
-166
-6171
-8825
-7653
-6519
-8058
-8604
-6306
-5533
-8117
-11522
-11012
-6492
-2938
-2176
-2939
-3933
-3723
-2406
-162
2860
4647
3401
841
404
2908
4986
5451
5518
5760
4955
4083
4473
5629
6418
5930
5113
4108
4916
5766
4739
3761
2770
4100
5917
5269
4327
3868
5533
7857
8792
7276
4824
3753
3582
-2038
-6019
-1227
7370
10672
-1012
-14182
-13507
-3241
1814
-3879
-8563
-4638
-2958
-8474
-12436
-6657
1445
559
-6248
-8702
-4076
464
-631
-3686
-1747
5851
9435
2714
-5481
-4239
5155
9340
4476
577
2487
4214
101
-5508
-3447
3189
4536
-2252
-9428
-8159
-4312
-5272
-9347
-9446
-5315
-4224
-7868
-11774
-10633
-4885
-1227
-1791
-3587
-3514
-2185
-1629
-119
3070
5165
4459
1883
868
2554
4743
6368
6071
4889
5217
5446
4662
4489
5729
5822
5665
5461
5731
5653
3122
2949
5112
5913
5578
4551
2800
3925
5512
7370
9370
8037
4528
2248
-3829
-6717
-1562
5303
10001
2422
-10398
-13700
-7285
-363
-1482
-6521
-4811
-3615
-7531
-10807
-7776
-1141
145
-4252
-6171
-4421
-2356
-1996
-3086
-1049
4288
7640
4203
-2361
-3675
2769
7261
5027
2393
2607
3843
1705
-3264
-3398
618
1759
-2269
-6978
-7204
-5847
-7102
-9861
-8880
-4688
-3564
-7651
-11193
-9304
-4613
-2249
-2309
-2742
-2504
-1600
-930
353
2649
3981
3497
2322
2775
4909
5857
5612
5687
6473
6713
6112
5602
5909
6170
6778
6152
5776
6322
5117
3546
3474
4451
5899
3791
1616
6207
9894
9881
5436
-654
585
6459
1783
-5590
-4887
2884
8589
-363
-11814
-11240
-3701
-149
-5826
-10699
-4784
-450
-5757
-12249
-8620
1165
1792
-7172
-10481
-4399
1728
212
-4630
-3212
3902
7023
1765
-3714
-1287
6394
7163
1088
-457
4090
6157
1465
-4707
-3022
1319
134
-3937
-7686
-7072
-6162
-7687
-8437
-6271
-4292
-6515
-9950
-9059
-5670
-3748
-2803
-2078
-2540
-2476
-1159
781
2623
3461
2950
1805
2891
6083
6441
4191
5067
8154
8865
5956
4329
6389
7568
6899
5487
5062
7047
7588
3790
1584
3124
6035
7065
4496
4288
8070
8130
4836
773
371
4178
-1240
-5502
-1648
4007
6249
-3146
-12506
-10192
-3674
-645
-5394
-9195
-4447
-2412
-7107
-10229
-5383
1062
-1320
-7481
-6884
-2048
-285
-2392
-3082
533
5351
4935
-659
-3284
376
6092
5549
1132
1811
4031
2945
-1641
-4118
-422
805
-2434
-5733
-8142
-7534
-6802
-8561
-7466
-4598
-5138
-8427
-10241
-7659
-4494
-3296
-1929
-1563
-2319
-1739
-1076
72
2827
4861
4373
3000
4078
6131
5629
5339
8417
10267
8233
5772
5497
7288
7740
7129
6931
5855
6060
5397
4252
3379
3605
5419
7051
9209
8062
5036
2293
1007
2728
4002
-1906
-5457
-3614
1170
4184
-2481
-9745
-9035
-5120
-3693
-7294
-7847
-3007
-3260
-8735
-10046
-3650
791
-3456
-8626
-6001
-540
302
-2295
-2812
683
4731
3763
-464
-1907
2338
6248
3296
-329
1752
4795
3398
-2274
-4689
-230
-207
-4912
-8108
-8013
-3267
-4157
-9969
-10620
-7324
-4609
-5842
-7639
-5782
-4477
-3634
-2263
-1488
212
1338
371
230
1801
4715
5587
4341
5274
6538
6293
6624
8189
9143
8372
7093
7102
8289
7619
6780
7204
6142
6026
5863
3964
3851
4721
5514
6617
7003
7177
6429
3943
2309
2723
-3489
-8263
-3405
3726
7206
-1198
-12720
-14351
-7790
-1468
-2351
-6729
-6369
-6065
-8995
-10445
-5527
1006
-548
-6958
-8212
-4450
-1315
-1799
-2805
-405
4435
5968
586
-4449
-1800
5281
6899
2385
795
3103
3107
-950
-4333
-1694
-138
-4067
-7702
-8633
-4561
-3320
-8601
-12008
-9456
-4426
-3795
-7779
-8840
-6626
-3911
-1318
-92
-267
-431
-916
-569
1880
5401
6694
5140
4291
5517
6793
7296
8427
9767
9208
8157
7866
7662
7577
7982
8318
7296
6167
6503
3704
2755
4810
6632
9544
7689
5023
4972
2378
2024
1000
-3991
-1755
1171
1912
-964
-8506
-10812
-7818
-4420
-3111
-6245
-7561
-7162
-8928
-9169
-5787
-1197
-970
-5427
-8135
-5861
-2697
-1802
-1732
-1177
1198
2842
764
-1976
-1806
2398
6344
4372
1342
614
893
989
-342
-93
1380
-1666
-7288
-9678
-9080
-4992
-3499
-7761
-10112
-10296
-8788
-6809
-6727
-5329
-4247
-4109
-2784
-2542
-1379
1399
2142
2537
3029
3760
5129
4907
5292
7515
9003
10001
9996
8815
7620
8546
10002
10662
9026
8127
8676
7208
5807
4346
5510
7528
8506
6489
4060
5658
8205
8152
4391
2457
-218
-6445
-6037
-49
5845
3751
-8372
-14978
-10660
-4342
-3665
-8550
-8359
-5014
-7187
-10708
-9219
-3339
-1343
-5503
-7215
-4794
-2269
-2292
-3920
-2556
1595
5269
3216
-2486
-2813
2981
6554
3028
-129
2187
4030
1880
-2486
-2306
308
-3493
-8945
-9967
-5235
-1112
-5978
-12873
-13000
-7936
-4192
-5963
-7697
-6276
-5057
-4298
-2785
-532
1205
722
-893
114
4290
7202
6164
3868
5028
8611
9774
9424
9332
9270
9344
9436
9572
10181
10113
8751
7110
5920
7042
6007
4842
6016
6284
7909
6882
5334
8005
7092
2763
392
-6409
-6922
-1472
3979
7106
-2527
-14292
-14247
-7522
-2205
-4754
-8471
-6229
-6811
-10639
-9990
-4389
-457
-2844
-7312
-6446
-3320
-2596
-2998
-2828
-28
4665
4237
-620
-3771
-967
5876
6026
800
326
2585
3097
-387
-3486
-503
-262
-6682
-11310
-8972
-2303
-1479
-9365
-14837
-11571
-5337
-4127
-7597
-8165
-5911
-4752
-3529
-1441
682
1556
-328
-1378
1900
6370
7617
5243
3503
6755
9969
10146
9920
8997
8595
9234
9759
9818
10327
9022
8553
7867
6638
7502
7402
7262
8107
8688
7293
5409
6961
8307
5777
522
-9678
-9694
-651
7552
6749
-7335
-16882
-12620
-6201
-4632
-7497
-6223
-3450
-9262
-14865
-11060
-2249
-39
-6194
-8748
-4834
-1830
-3592
-6476
-4144
2921
7750
4013
-3195
-4207
1807
6260
3230
949
4469
5405
412
-5894
-4162
-993
-4265
-7248
-6858
-2359
-2328
-11474
-16301
-10746
-3411
-2865
-7062
-8777
-9028
-8085
-3894
185
1455
265
-2238
-3762
-688
5742
8549
6083
4428
6100
6627
6181
9065
12337
11009
7803
7765
10092
10944
10530
9476
8347
8850
7816
7436
6672
7679
11248
8572
5322
6141
8266
8490
4402
-5439
-11459
-4717
5602
8736
-91
-12681
-15596
-9924
-4787
-4071
-6050
-4880
-6647
-12515
-12414
-5122
757
-1634
-7845
-7165
-2598
-1527
-3829
-4599
263
6080
6281
821
-3762
-1653
4246
5493
2190
2842
4987
2311
-3136
-6815
-4029
-2322
-3649
-4763
-6059
-5895
-9202
-13417
-10918
-5765
-3652
-5986
-9664
-10658
-9160
-4495
-23
86
-1377
-2296
-2989
-1445
2741
6456
7541
6957
6635
5559
4034
7075
12340
12883
9441
7053
7842
9289
8873
9171
11127
10262
9240
6278
4804
8228
10113
9635
7119
5955
6931
7402
4843
1218
-6251
-8383
-1672
4519
5865
-3758
-14810
-13817
-6374
-2322
-4740
-7653
-5853
-7696
-12021
-10025
-2646
769
-3933
-8821
-6538
-2120
-1390
-3272
-3049
1350
5448
4234
-1074
-3312
1068
5739
3768
493
2741
4531
922
-5317
-6971
-3214
-1770
-4054
-6386
-6771
-6853
-9944
-12138
-9184
-5085
-4492
-7244
-10192
-10086
-6354
-2114
-1021
-1468
-1647
-1636
-2134
-710
3503
6694
7000
6315
6095
5511
5373
8477
11942
11350
9237
8174
8409
8807
9318
9932
9835
9418
7796
6346
6969
8369
9517
7963
6044
6693
7471
7013
3627
-6948
-12421
-4632
6002
9748
-1278
-15699
-16768
-8535
-3228
-5051
-6880
-3450
-5819
-13853
-13605
-3369
3141
-1933
-9097
-6994
-1224
-867
-3457
-3403
1193
6894
6023
-446
-3360
1187
6537
4036
-625
2515
6731
2999
-5750
-8940
-5520
-2953
-3578
-6137
-5265
-5555
-11527
-14797
-10567
-3916
-2218
-6371
-9975
-10529
-7653
-2397
9
-1101
-1849
-1873
-2664
-1044
3829
7468
7019
5667
6648
6938
5900
7909
11484
11587
9602
9173
9482
9457
9398
9295
9676
9624
9963
7808
6148
8360
9628
8760
6464
6371
8596
7753
2976
-8003
-13357
-4473
5860
9821
152
-14448
-17207
-11209
-5257
-3608
-4156
-2356
-6847
-15563
-14418
-3068
3638
-1480
-8547
-7210
-1873
-1549
-3639
-2056
2126
6520
5807
-136
-2083
1505
5456
3944
-165
2663
6582
2379
-6737
-13338
-8495
-18
47
-3747
-8643
-11802
-12330
-11519
-7811
-3379
-2043
-5747
-11950
-11675
-4500
904
607
-2710
-3715
-1641
-126
1922
4548
6244
7914
7304
5767
6651
8666
10693
11231
10157
9535
10087
10099
10076
9404
8527
10040
9694
8612
8643
8453
8888
8496
6914
7224
7070
6661
3781
-8030
-14031
-6109
4858
9134
-1420
-16263
-18255
-11083
-5688
-5903
-4759
-1519
-6196
-16225
-15959
-3416
3971
-1709
-8445
-6612
-2016
-1637
-3197
-1964
2839
6931
5256
67
-1011
3825
6670
1663
-1284
3886
8581
2895
-8236
-12628
-7778
-1234
-1388
-4228
-6732
-9723
-13125
-14031
-8928
-2937
-2773
-6977
-11199
-9473
-4056
-1651
-1813
-2144
-1697
-817
-222
2238
5737
6986
6865
6216
6931
8819
9996
10819
10689
10068
10273
10531
10465
10680
10193
9363
8352
8095
9516
10274
9787
9240
8221
6602
6752
6308
6713
886
-11364
-11419
-2352
6735
5344
-9439
-17927
-14138
-8221
-5907
-6938
-4461
-2930
-10277
-16121
-9361
494
668
-6216
-8189
-3614
-770
-2622
-3643
-802
3786
6161
2872
-858
1843
6585
4717
-1165
-373
6232
7199
-1023
-9753
-12132
-7067
-2837
-3256
-3736
-6365
-11705
-15308
-13664
-7105
-2067
-2473
-7297
-11564
-8714
-2532
-1085
-2390
-2358
-719
-81
190
4020
6909
6625
6733
7351
8185
9605
11794
12318
10296
9474
11651
12857
11369
10494
10143
9060
8193
8590
11155
12052
10306
8387
5730
6201
7057
7321
2254
-10312
-12742
-4386
5098
6289
-6239
-17062
-16542
-11690
-8001
-7160
-4189
-1983
-9321
-17187
-11730
-489
1586
-5234
-8180
-4037
-1161
-2425
-2634
61
3124
4958
2756
229
2476
6528
5058
-549
-314
6402
8608
1131
-9244
-13639
-7443
-1490
-1704
-3635
-7849
-12360
-14723
-12883
-6772
-2460
-2573
-7495
-12568
-9197
-1646
465
-1908
-3619
-1339
998
1119
3425
5897
7280
8036
7192
7341
9217
11917
12451
9991
9079
11738
13556
11990
10377
9258
9847
9819
8554
9128
10600
11263
9782
7393
6017
4603
5352
163
-10113
-9904
-2868
4920
3580
-9056
-17061
-15469
-10742
-7694
-7596
-4446
-2774
-10284
-16767
-10424
-162
1176
-4946
-6987
-3437
-2329
-2982
-1135
1701
4123
4887
2215
219
2289
5938
4958
120
939
6547
7261
520
-7365
-12170
-9589
-3780
-1325
-1369
-6530
-14246
-17521
-14176
-6828
-1982
-1745
-6477
-13007
-12193
-4156
1585
1300
-1007
-1655
-1784
-610
3834
7486
8159
7933
7756
7699
8498
11572
13278
10958
9320
11872
13496
11925
10228
9584
10168
9681
8204
9783
11546
11516
9778
6043
4578
4797
4632
-3457
-11367
-7973
316
5197
-1628
-12961
-15512
-13057
-11151
-10162
-6413
-1353
-4767
-14757
-16457
-6716
872
-1396
-6250
-4711
-1921
-3786
-4394
-408
4274
6086
4159
378
-141
3038
5369
3128
1220
4783
7263
3667
-2900
-5673
-7011
-9697
-8409
-3865
-760
-4147
-13603
-19185
-15325
-7232
-3232
-3832
-5726
-9447
-12040
-8283
-408
3658
2119
-613
-2234
-1178
2766
7401
9443
8660
8838
8105
6607
9729
13683
13009
10282
10746
12844
11853
9982
9984
10348
10148
9386
9356
8989
9431
10674
7949
6650
5723
5038
-1102
-12348
-10504
-387
6514
2445
-10101
-14888
-12860
-12453
-12081
-7794
-444
-814
-11549
-17958
-10604
-1560
-768
-3817
-2839
-832
-4014
-7462
-3965
3627
8045
6874
1663
-1512
760
3904
3179
1488
4666
8095
5041
-2665
-7544
-8660
-8883
-6306
-2422
-548
-4233
-13559
-19113
-15219
-7019
-2094
-1733
-4888
-10464
-12638
-8034
-701
3311
3080
1269
-1741
-2693
1156
6713
10115
10768
10030
7541
5587
8213
12749
13932
12631
11905
11179
10051
10288
11630
10826
8937
9093
10434
10187
9885
8726
7767
6837
5387
1533
-8477
-12088
-4989
3433
4603
-5777
-15067
-14997
-12913
-12434
-10389
-4158
-1058
-8174
-16733
-13728
-4682
-1388
-3599
-3636
-1049
-2745
-6374
-5072
645
6024
7919
5311
313
-620
2914
4785
2408
2694
7238
8073
1608
-4423
-5815
-7643
-8947
-7059
-2509
-240
-6071
-15419
-18565
-13524
-5675
-2118
-2792
-6035
-11072
-11701
-5918
676
3854
3469
578
-2548
-1710
3405
8505
10359
10386
9982
7498
6438
10049
12963
12773
12099
11671
10758
9551
9960
11210
10595
9888
9925
9405
9339
9640
8490
7531
6612
6357
-948
-13373
-13063
-1393
8388
3668
-11119
-16812
-13513
-12409
-13548
-9193
-100
-57
-12200
-19464
-11840
-2146
-1367
-4780
-2974
-48
-3627
-7882
-5829
1675
8688
8821
2242
-2800
-470
4548
3521
-730
3202
9624
6696
-2673
-7080
-5308
-7509
-10602
-7612
-1231
473
-9019
-18728
-17866
-10088
-3176
-2406
-3525
-5966
-11150
-10841
-3819
2929
5801
4190
-160
-2577
-238
5614
10001
10821
11313
9838
5681
6567
11742
13871
12641
11366
11159
10107
9393
10866
11293
10149
9690
9522
8142
8516
9857
9321
8312
7052
5822
-4756
-16517
-11902
2553
11834
3200
-13190
-18151
-14743
-13031
-12201
-5342
3332
-704
-15956
-21425
-10603
-40
-504
-4449
-2279
-1264
-6467
-9455
-4934
4362
10560
8248
479
-3613
-41
4668
2258
-685
5790
11294
5434
-5249
-8753
-7021
-7812
-8024
-4072
867
-2144
-13712
-20219
-15542
-6263
-1400
-1788
-3858
-8838
-12644
-8512
-416
4620
5389
3314
-369
-2129
954
7277
11248
11704
11431
8626
5476
8311
12652
13338
12130
11375
11365
9736
8699
10330
10975
10433
9681
9100
9189
9822
9204
7632
6456
7015
4655
-8385
-16329
-8605
5334
9673
-2539
-15110
-16534
-14156
-14058
-12142
-2690
4460
-4162
-19295
-19648
-6727
1085
-2402
-4600
-352
-1808
-8760
-9758
-2369
6922
9916
5183
-1608
-2926
1402
3980
413
270
7631
9845
1782
-6901
-7633
-6531
-9391
-8937
-2717
1023
-5261
-16869
-20360
-13513
-5214
-1944
-2254
-4030
-9793
-13438
-7653
1435
6057
5291
2030
-781
-1634
1939
8821
12179
12026
10868
7148
5659
9993
14068
13814
11474
10619
10781
9380
8602
10953
11737
9941
8184
7432
9527
10868
8809
6430
6043
8026
3518
-11378
-17160
-6123
8230
8797
-4966
-14900
-14886
-14666
-15876
-10870
1200
5994
-6678
-21367
-18512
-5013
786
-3004
-3343
776
-2397
-10424
-10714
-1096
9083
10442
3753
-2304
-1883
2218
2759
-549
2462
9835
9177
-194
-7170
-5569
-6112
-11266
-10366
-2069
3223
-4213
-17301
-21038
-13463
-5218
-2338
-1264
-1981
-8639
-14420
-9392
1533
7832
6449
1994
-1109
-2178
1570
8376
11919
12975
11802
7388
5303
8849
13559
14226
11540
10780
11303
10077
9480
10530
10288
9015
8119
8434
10171
10890
8599
6237
6024
7271
973
-13166
-15970
-3014
10343
7220
-8290
-16939
-14821
-13462
-14625
-9457
2279
4453
-10346
-22792
-15980
-1592
922
-5246
-3935
1219
-3157
-11525
-10046
1620
10547
8743
1328
-2669
-866
2325
1803
-206
4546
10633
7808
-1729
-6769
-3979
-3185
-8690
-11167
-4448
879
-3939
-14245
-18639
-12517
-5733
-4109
-3815
-3624
-6249
-10365
-9164
-1022
6157
6183
1944
-1111
-1173
2317
7130
9845
10934
10382
8175
7239
8695
11406
12752
11113
10160
10477
9961
9984
10181
9156
8397
8429
8799
9232
9063
7833
7109
6971
8372
5740
-7420
-16890
-10627
4891
12129
1239
-12937
-15674
-13603
-14499
-13297
-2592
7549
-386
-18199
-21198
-8076
559
-2384
-4497
1
389
-7785
-12527
-5109
6383
10242
4807
-1465
-1732
1624
1781
-855
1211
7804
9996
3671
-4214
-4810
-1629
-5421
-10507
-7575
-119
1743
-7975
-17901
-15730
-7560
-3521
-4097
-3613
-3086
-7691
-11577
-6136
3666
7615
3928
-996
-1873
660
4066
6779
8990
10285
8706
5999
6199
9611
11588
10088
8756
9214
9650
9560
9368
8361
7266
7266
7684
7894
8623
8903
7589
5829
5855
7079
1319
-10594
-14651
-4846
8968
9586
-4004
-14948
-14607
-11526
-12218
-10013
557
6462
-5312
-20383
-18305
-4305
2181
-2876
-5144
-713
-1502
-9116
-11200
-2232
8546
9280
1212
-3906
-1198
2790
2145
61
2594
8036
8015
1118
-4602
-3261
-714
-3476
-8100
-7478
-1246
-534
-8527
-14692
-11845
-5342
-3734
-5481
-4913
-4022
-6316
-7846
-4261
2308
5442
2560
-962
-920
1567
4064
5922
7731
8363
6791
5929
7643
9507
9460
8706
8621
9003
8967
8921
8723
8066
7630
7066
6871
7479
8432
8392
6736
6154
7724
8983
4577
-7499
-15610
-9848
5498
13677
4594
-10824
-16918
-14502
-12576
-10316
-1553
7707
1942
-16032
-23322
-11641
1660
1610
-4129
-3492
-1253
-6255
-12374
-7814
4890
10938
4452
-3480
-2836
2647
3825
-124
-370
5635
10051
6345
-1103
-3799
-2523
-4544
-8917
-6698
1264
3375
-5841
-16605
-16525
-8130
-2385
-2270
-3210
-4247
-7868
-10969
-7055
1787
6300
3123
-1543
-1873
508
2589
4403
7039
8657
7146
5513
6986
10105
10648
8436
8001
10052
11514
10561
9082
8592
7943
6969
6773
8195
10534
10468
7519
4821
5802
9160
10348
2646
-11763
-17676
-6687
11540
15200
-831
-17160
-18329
-12610
-11899
-10319
693
8454
-3633
-23077
-23857
-6324
4732
-1434
-8148
-4761
-1668
-7512
-12853
-6131
6094
9132
1118
-4713
-991
4681
3536
-1849
-1195
6679
11539
7122
-978
-4907
-5324
-6328
-6768
-3127
2547
1355
-8008
-16102
-14984
-7547
-1746
-699
-2619
-6396
-9337
-8560
-3835
1646
3033
1263
353
424
38
217
3618
8356
8986
5983
5945
9607
10821
7965
5980
8531
12205
12179
9224
7371
8144
8742
7183
6437
8569
10693
9507
6886
5955
7018
8412
7962
1944
-8987
-14134
-5518
9945
12895
-1427
-16341
-17157
-10090
-8285
-9225
-2839
4462
-2187
-17611
-21278
-8615
2362
-747
-7570
-6634
-2844
-4927
-10243
-8507
1359
8441
5431
-1705
-3335
606
2919
839
813
6193
10778
7587
-952
-6936
-6833
-3828
-2571
-1346
197
-1169
-6440
-12451
-13716
-9024
-2224
1505
-627
-6732
-10166
-8480
-3819
296
1263
1406
1637
540
-2014
-2518
2114
8209
9399
6439
5694
7889
8937
6893
5345
8433
12781
12894
8405
5140
6465
8669
8257
7462
8395
9265
7805
5415
4737
6964
10057
10664
4962
-7508
-16074
-10494
6391
16310
6920
-11417
-18980
-13556
-7992
-7313
-3849
3131
1320
-11858
-21039
-14837
-2254
1471
-3315
-6536
-5647
-6126
-9394
-9167
-2506
4960
5998
974
-3315
-2698
366
1253
1183
3568
7809
8467
2860
-4912
-9079
-7529
-2104
3825
6125
1656
-7634
-14655
-13660
-6366
1361
4728
1781
-6299
-13030
-11979
-4082
3166
3601
-209
-2581
-2174
-1453
-1444
751
5755
8909
7105
4209
4706
7183
8015
7031
7328
9756
11209
9451
6042
4362
5448
7422
8602
9010
8426
6417
4163
3469
5238
8378
11259
11588
6139
-5619
-15273
-12099
4240
17726
12547
-6252
-18736
-15419
-6394
-2479
-1869
378
-265
-8117
-15884
-13733
-4514
-10
-3022
-7062
-6996
-5734
-6712
-7775
-5438
-409
2939
2238
-925
-2696
-1903
-488
497
1962
4579
5476
1635
-4291
-6150
-2338
2285
2690
-364
-2892
-4285
-5541
-5959
-4108
-649
941
-1151
-4665
-6849
-6543
-4116
-1267
-190
-1036
-1776
-1061
-145
-494
-45
3081
6442
6696
4585
4021
5774
7052
6770
6337
6975
7505
6675
4925
4168
5100
6717
7259
6194
4719
4260
4972
6084
6502
6039
6530
8049
7901
2012
-6968
-10684
-3431
9219
13117
2726
-10930
-13613
-6630
-1418
-2286
-2973
-1139
-2548
-8259
-11569
-8501
-4042
-3783
-6154
-6837
-5588
-5785
-7434
-7582
-4574
-615
829
-615
-2676
-2807
-1697
-721
-134
1308
2900
2240
-358
-2242
-1643
-223
199
88
272
-226
-1878
-3119
-2880
-1824
-1147
-951
-956
-2080
-4427
-5303
-3006
-81
268
-1430
-1623
370
1375
730
951
3139
4992
4726
3862
4302
5215
5007
4160
4039
4900
5156
4445
3738
4241
4967
4710
4287
4646
5838
5388
3712
2720
3397
5251
6641
7056
6961
6285
2199
-4626
-7712
-1445
9250
12290
3650
-7182
-9849
-5204
-407
455
-875
-2504
-4682
-6510
-6843
-5894
-5896
-6489
-5972
-4474
-3793
-5442
-7838
-8249
-5568
-2254
-700
-1383
-2562
-2634
-2616
-3313
-3770
-1759
1990
4081
2390
-1126
-3320
-3370
-1187
1784
3966
3361
-79
-3452
-4115
-1990
670
1887
1057
-1012
-3253
-3950
-2263
-261
218
-199
354
1870
2233
943
-242
255
1984
3367
3903
3967
3258
1910
626
417
1798
3516
4112
3223
1660
893
1250
1703
2982
4190
4232
2557
712
1234
2785
3464
3492
3723
3958
4046
3773
2797
-153
-3337
-1959
3919
8510
6581
-271
-5278
-4876
-1423
1017
1317
189
-1389
-3001
-3996
-3714
-3228
-3260
-3519
-3298
-2729
-2706
-3845
-5413
-5525
-3309
-166
988
-802
-3302
-3808
-2227
-505
521
992
1061
223
-1299
-1995
-1263
276
1195
822
-311
-1085
-1374
-1501
-1456
-1031
-258
195
-240
-1196
-1867
-1939
-1100
-129
481
535
-257
-1247
-1289
-201
999
1131
342
-90
-45
176
627
851
739
328
170
609
1015
848
358
255
585
945
866
671
565
715
1248
1771
1706
1080
849
1264
1696
1738
1644
1766
1868
1709
1541
1711
2026
1983
1378
612
468
1265
2461
3067
2647
1627
906
718
905
1306
1632
1573
1039
730
912
1023
347
-666
-1116
-598
504
1175
934
-309
-1812
-2313
-1462
0
728
2
-1600
-2844
-2864
-1965
-1160
-1076
-1562
-2235
-2363
-1997
-1672
-1811
-2238
-2204
-1572
-1103
-1426
-2431
-3366
-3198
-2007
-844
-738
-1669
-2801
-3281
-2758
-1466
-276
14
-642
-1640
-1964
-1405
-639
-387
-660
-990
-1100
-1217
-1321
-940
-324
152
293
8
-412
-399
162
878
1274
1048
649
470
448
545
641
766
986
1228
1252
1101
922
920
1197
1525
1854
1964
1867
1745
1634
1672
1873
2113
2230
2299
2362
2351
2225
2056
2261
2857
3251
3045
2370
1835
2055
2796
3192
2882
2144
1406
939
805
1236
1890
1896
1023
111
8
435
540
59
-404
-469
-370
-361
-634
-1146
-1740
-2030
-1708
-1193
-1103
-1609
-2224
-2487
-2280
-1807
-1475
-1497
-1932
-2444
-2665
-2521
-2272
-2253
-2572
-2870
-2749
-2576
-2615
-2799
-2845
-2423
-1829
-1669
-2032
-2412
-2211
-1398
-814
-1034
-1644
-1985
-1785
-1251
-724
-441
-438
-696
-919
-664
53
689
796
637
808
1166
1122
744
628
1029
1542
1592
1276
984
845
907
1078
1345
1659
1684
1382
1128
1151
1336
1445
1436
1486
1626
1536
1146
817
908
1418
1931
1923
1490
1141
1148
1466
1746
1844
1724
1468
1282
1328
1459
1386
1071
805
937
1219
1136
793
664
860
943
687
509
726
1009
873
343
-207
-475
-445
-208
169
328
-179
-1099
-1628
-1305
-507
-170
-594
-1173
-1464
-1394
-1216
-1197
-1362
-1724
-2069
-2078
-1668
-1298
-1467
-2131
-2560
-2245
-1473
-897
-1004
-1580
-2040
-1954
-1465
-965
-849
-1154
-1489
-1560
-1336
-970
-771
-763
-853
-943
-877
-576
-184
-13
-176
-313
-140
202
346
225
140
168
318
533
808
928
611
146
104
657
1220
1293
940
604
462
508
704
990
1197
1124
855
510
233
130
437
1119
1598
1428
748
159
248
663
960
1072
1029
817
448
114
61
406
727
797
633
386
302
333
422
492
600
657
673
621
473
260
20
17
284
699
960
783
243
-239
-279
47
418
519
339
4
-357
-497
-398
-248
-252
-391
-487
-589
-745
-887
-874
-798
-812
-875
-799
-705
-905
-1236
-1273
-933
-709
-893
-1161
-1153
-993
-958
-1013
-938
-777
-667
-625
-548
-489
-540
-574
-445
-218
-127
-197
-329
-434
-448
-262
53
204
34
-186
-173
11
123
83
70
205
403
498
432
216
14
-36
135
391
532
461
242
20
-72
136
527
766
646
299
76
185
442
657
733
617
410
290
395
612
754
723
583
481
526
675
842
890
768
609
565
639
683
573
381
351
521
703
714
485
83
-175
-40
423
818
708
151
-354
-371
-20
292
304
84
-131
-264
-334
-374
-386
-326
-237
-158
-189
-373
-606
-726
-665
-519
-407
-381
-407
-497
-652
-794
-845
-802
-729
-682
-606
-559
-610
-728
-859
-914
-846
-667
-460
-420
-671
-1003
-1105
-857
-479
-289
-321
-511
-724
-826
-673
-300
16
88
16
-42
-85
-103
-46
159
428
578
533
392
283
301
489
782
1027
1049
859
600
481
653
1006
1262
1178
777
403
371
636
929
1031
833
482
303
420
681
734
488
228
232
414
470
294
-2
-185
-84
205
469
471
121
-293
-395
-90
305
510
423
131
-167
-258
-113
101
208
98
-111
-267
-278
-157
-54
-39
-143
-286
-337
-259
-171
-253
-457
-580
-523
-445
-476
-623
-728
-775
-793
-722
-631
-641
-827
-1033
-1040
-846
-648
-543
-528
-580
-680
-745
-667
-535
-420
-376
-374
-352
-340
-353
-324
-185
-22
67
31
-66
-76
55
281
469
501
382
260
272
437
610
660
575
449
423
537
715
817
737
510
328
354
551
749
759
551
303
235
364
486
461
347
297
320
351
376
392
350
257
222
303
395
318
119
10
85
208
264
251
142
-42
-202
-210
-15
191
185
-47
-277
-301
-141
-26
-164
-432
-555
-391
-127
-55
-253
-538
-677
-596
-382
-172
-110
-232
-416
-525
-448
-236
-44
-14
-171
-335
-338
-215
-84
-29
-37
-36
-23
-18
21
47
35
10
29
116
174
123
49
65
129
110
32
-15
38
138
151
95
-10
-105
-141
-74
35
71
-16
-156
-200
-193
-167
-136
-114
-73
-91
-146
-163
-129
-101
-136
-145
-28
169
218
34
-205
-257
-95
92
200
200
89
-108
-209
-115
96
193
62
-115
-174
-93
-23
-48
-116
-77
70
180
148
-25
-188
-200
-31
236
410
317
39
-173
-165
91
404
542
428
195
62
109
250
356
381
345
275
200
152
165
228
288
298
278
261
254
232
209
235
333
418
365
217
85
64
135
229
274
195
43
-96
-124
-78
-13
-15
-59
-136
-224
-263
-270
-230
-231
-261
-280
-280
-300
-382
-462
-479
-389
-310
-318
-395
-498
-570
-543
-436
-342
-315
-394
-495
-537
-469
-356
-296
-294
-332
-334
-310
-321
-343
-334
-267
-178
-147
-166
-210
-201
-110
16
105
97
33
-31
-32
54
181
297
312
219
142
178
287
327
304
330
411
467
452
418
440
455
412
389
432
503
517
489
479
509
527
505
470
436
416
396
405
411
394
355
294
239
210
216
205
152
88
63
60
48
26
-41
-138
-180
-166
-114
-95
-157
-251
-323
-332
-314
-289
-294
-343
-419
-461
-422
-337
-293
-346
-438
-485
-439
-365
-348
-402
-446
-430
-414
-398
-382
-359
-347
-363
-369
-322
-241
-205
-229
-290
-299
-250
-190
-136
-112
-110
-104
-99
-75
-35
-13
-5
9
41
81
109
135
176
219
244
247
264
280
312
346
368
389
398
421
454
483
472
448
451
500
545
529
487
460
477
491
466
421
392
386
369
337
314
322
314
243
142
74
64
79
99
99
55
-28
-94
-115
-112
-101
-131
-176
-219
-255
-271
-255
-239
-266
-302
-306
-293
-316
-376
-443
-462
-418
-359
-313
-314
-376
-455
-475
-410
-327
-286
-290
-325
-354
-359
-307
-227
-175
-179
-200
-189
-162
-132
-112
-72
-44
-32
-1
42
69
63
38
52
109
160
166
142
132
150
181
210
232
237
244
247
223
201
205
230
258
252
213
185
182
186
182
163
136
100
81
87
107
99
74
52
18
-6
-24
-15
5
6
-12
-28
-28
-23
-55
-84
-69
-55
-53
-70
-82
-99
-122
-120
-97
-65
-62
-87
-107
-102
-88
-79
-74
-79
-93
-105
-118
-132
-123
-80
-54
-66
-104
-114
-76
-39
-22
-29
-27
-27
-19
-1
28
46
32
12
17
48
78
90
78
74
73
72
85
107
123
127
125
122
126
125
136
140
133
126
125
133
119
98
80
81
82
87
89
96
73
26
10
19
38
35
21
11
-18
-63
-80
-57
-23
-32
-55
-76
-95
-119
-125
-112
-91
-87
-95
-104
-116
-130
-140
-128
-107
-86
-88
-97
-103
-86
-69
-54
-48
-60
-74
-74
-68
-49
-24
-8
-15
-33
-44
-43
-33
-22
-4
6
8
0
3
26
33
16
15
33
46
40
51
71
101
110
96
78
71
71
73
94
130
149
129
107
102
104
109
130
138
122
89
72
72
90
112
117
108
94
58
37
48
56
42
26
46
54
30
-9
-41
-51
-33
-14
-21
-45
-58
-89
-115
-96
-55
-38
-45
-54
-89
-113
-114
-88
-58
-47
-58
-79
-110
-137
-140
-104
-86
-99
-105
-105
-136
-152
-108
-74
-63
-52
-42
-61
-83
-67
-32
-1
11
-1
-25
-28
-16
-5
19
18
4
13
20
10
13
60
63
23
40
67
48
40
82
88
55
63
83
68
33
35
47
58
58
67
94
75
32
37
90
82
40
72
71
19
15
55
30
-14
28
39
-30
-36
27
22
-28
-17
14
-10
-36
-22
10
7
-36
-12
20
-47
-74
-17
-13
-93
-55
15
-71
-114
-29
-30
-96
-37
10
-63
-63
-21
-77
-41
34
-54
-85
32
-36
-246
1
133
-123
-95
126
-144
-518
97
395
-131
-162
189
-120
-268
152
132
-275
-63
286
-73
-225
-78
64
-194
15
45
-82
89
-93
-298
69
212
-296
-402
43
109
-119
179
74
-285
-199
503
-307
-230
283
170
-227
-238
221
-102
-209
-88
40
-312
223
196
-144
-60
35
-22
19
107
104
73
81
-12
-82
94
246
-27
-60
287
31
65
80
134
-11
-14
239
106
102
135
82
58
21
155
96
50
181
157
221
139
88
127
147
111
146
272
227
134
216
161
94
143
284
288
70
127
190
124
139
144
81
88
105
148
134
72
82
47
90
115
95
82
97
36
31
136
79
99
90
62
-3
14
35
1
7
71
-46
-60
10
15
63
-78
-40
-102
-57
-8
-87
-58
-60
-19
-34
-130
-158
-169
-60
-61
-128
-40
-42
-133
-183
-136
-122
-86
-138
26
-43
-63
-106
-237
-124
-113
42
0
-87
-162
-82
-31
-67
-14
-20
-155
-238
-122
-30
-81
-183
-110
-31
-33
-52
-207
-223
-137
-113
9
44
68
60
-58
-99
-114
-123
-47
-75
-49
223
111
-118
-223
-77
-43
-81
-75
-99
-17
-7
77
-113
-237
-68
-45
-117
-47
-42
23
-89
-117
-47
-120
92
51
-113
-20
-57
-36
12
-209
-260
-128
92
129
-142
-275
-104
-111
-43
-117
-81
-108
-98
-83
-215
23
92
87
-168
-211
-56
-74
-83
-172
-105
76
105
20
78
-54
-63
-122
-279
-5
43
160
-52
-82
21
71
5
-211
-24
66
124
-75
4
109
164
78
-16
-6
-79
111
80
-12
-5
162
131
-155
84
139
98
72
58
-44
10
48
-21
107
119
187
8
63
80
-69
3
45
80
199
320
349
-45
-173
-75
-183
46
296
343
116
-40
54
-158
-256
35
57
307
193
126
-23
-104
80
-5
64
-162
-21
279
257
5
-219
-107
25
-27
69
36
-105
16
186
105
-186
-63
316
205
91
14
-11
-22
-66
319
182
65
59
37
-17
-340
37
256
201
124
208
156
-90
-83
-98
-13
100
366
215
11
-105
-54
61
-90
174
134
230
91
45
157
-59
-175
-149
-4
128
137
120
-133
-176
-156
-1
-31
-66
146
123
135
-83
-77
-105
-82
-61
77
249
-25
-199
-194
-170
-109
-59
53
66
-34
34
-90
-356
-235
3
51
-39
-41
-46
-169
-134
-161
-268
-163
20
229
116
-30
-186
-117
102
148
0
0
-66
-54
77
-40
-65
-155
198
73
-66
-65
-47
-50
-156
87
96
43
73
-56
-126
-159
-76
-74
8
150
155
137
-34
-21
-158
-41
-137
-50
181
152
81
-90
32
-119
-133
-104
-48
48
47
228
-80
-71
-94
20
-31
-39
82
16
51
-41
-70
-237
-19
91
162
40
-119
-84
-43
100
44
19
41
11
-35
-56
-68
62
86
58
-44
-122
-62
78
52
-57
-38
48
64
37
-66
-117
-112
119
96
-30
-83
3
90
63
-7
-90
-33
102
54
-123
-133
171
265
1
-91
-72
35
25
-19
-92
-42
156
190
44
-33
36
-40
-31
-79
6
156
205
178
-7
-5
118
86
-56
-54
70
46
112
71
36
56
49
-49
-143
-22
80
-25
-57
63
-22
21
-22
10
-66
-18
0
-83
12
126
123
-47
-106
-81
-71
-7
-19
-126
-25
68
12
-108
-146
-150
-173
-39
96
73
-69
-78
-108
-99
-45
-67
-101
-108
77
-2
-82
3
-66
-44
-75
106
62
18
46
-34
-57
-30
143
61
25
1
-4
42
63
34
-78
-113
-58
21
75
40
-14
-100
-10
-23
14
109
172
100
-14
7
15
98
150
161
2
-45
43
127
146
22
-133
-85
44
167
113
-7
-43
-91
-78
-65
-60
40
177
186
105
8
68
-3
-55
-29
24
106
41
10
-59
18
84
-81
-100
-22
196
112
-7
-151
-96
144
176
86
-114
26
11
-8
-109
-75
12
138
151
-55
-82
-27
114
-88
-112
-87
-9
88
16
0
-110
-45
-36
8
78
80
25
-45
-57
-11
-16
20
1
-54
-20
6
2
-14
-32
6
-4
46
28
-13
14
36
72
-12
8
-33
35
45
-12
-56
-80
7
-42
-8
6
77
-14
-113
-123
-132
0
12
13
-69
-2
88
-8
-79
-148
-47
-11
12
-24
-58
-33
-80
-69
-99
-35
-4
-51
-54
-60
-18
-39
-39
-87
10
19
-5
-25
8
35
-79
-78
-25
86
102
90
1
-3
33
-2
-69
-66
44
92
60
-48
-71
-76
-41
-52
-107
-48
-30
4
-26
-5
-2
-26
48
61
63
39
90
45
20
-22
35
36
45
80
-5
50
45
-2
-63
-75
13
-30
19
-22
-23
-8
-19
-40
-98
41
55
54
-33
25
49
44
17
-31
14
76
157
108
70
13
-10
-60
-16
44
-8
-37
-98
-27
26
79
8
-54
23
64
103
50
29
-1
-12
43
39
90
84
36
-19
-64
-5
-12
41
59
50
10
2
-16
-44
-56
-78
-64
-30
47
71
44
16
-15
-74
-23
-5
85
89
46
12
8
34
33
46
5
-14
-15
2
12
-15
-9
-23
-3
-7
13
-4
-54
-65
-97
-28
-42
12
8
32
55
15
4
-65
-53
-36
31
44
38
44
48
34
-47
-79
-54
3
25
-15
-41
-18
-7
-16
-23
-23
-11
-39
-46
-66
22
111
114
51
-23
38
-9
-29
-101
-19
56
101
62
-29
-13
-31
-21
-120
-109
-67
38
42
0
-10
-4
39
-18
-62
-47
-42
-32
-40
-5
71
110
80
-26
-48
-20
33
31
27
42
50
26
-23
2
11
-11
-101
-123
-49
65
100
19
-28
-16
2
-20
-64
-42
2
50
36
27
30
14
-12
-54
-53
-23
2
-45
-22
-31
16
-4
-22
-44
-37
-17
1
9
-14
29
-4
21
-30
-10
-19
-3
-11
-45
-38
-45
7
-7
8
16
-1
3
-25
16
24
52
17
-22
-44
-55
13
9
41
10
12
-22
-32
16
21
29
4
-9
26
36
29
-2
-22
-32
10
3
-8
-11
2
23
44
73
-4
-39
-45
40
63
46
26
4
21
13
-7
-46
-35
40
71
21
-23
-26
-33
-15
-21
2
23
60
44
-17
-55
-66
-27
6
43
48
47
30
24
-3
-39
-36
-5
40
41
73
21
-28
-61
-69
-36
-34
33
55
63
14
-24
-25
-19
27
44
64
69
55
13
-35
-43
-48
0
5
21
11
20
15
-32
-62
-80
-40
0
34
32
17
1
-17
-21
-13
11
10
0
-1
19
36
20
3
-6
24
58
55
16
3
1
18
26
32
22
32
4
-10
-29
-30
-7
20
48
33
37
30
10
-29
-30
6
14
36
32
33
8
-29
-68
-99
-57
-16
17
14
4
-4
-41
-54
-69
-47
-9
8
4
-31
-31
-35
-29
-52
-54
-39
-27
4
4
0
-28
-21
-3
16
43
40
14
-13
-25
-35
-18
9
36
40
34
28
42
22
13
-3
10
42
65
55
9
-13
-16
14
28
27
6
2
-8
-7
15
16
17
-4
11
28
29
34
22
39
36
24
-24
-51
-16
1
17
-20
5
10
27
3
-47
-39
-24
21
8
32
44
53
11
-53
-71
-65
-5
1
-7
-11
20
34
-16
-56
-62
-16
15
6
-10
-9
17
5
-38
-56
-48
2
-1
-23
-28
-2
26
9
-27
-35
9
41
24
-19
-44
-33
-36
-55
-49
-32
8
4
-29
-41
-28
9
-18
-38
-62
-19
25
32
-2
-64
-53
-52
-5
-4
12
11
-21
-7
-25
-9
5
45
59
33
33
4
14
-16
-8
-19
-12
32
32
37
-10
-3
-5
6
33
19
22
15
44
27
12
-14
-30
-19
13
68
59
36
-4
-3
-4
5
34
48
63
31
27
5
-4
-1
-2
13
23
49
49
31
-20
-41
-28
-12
0
19
43
55
28
11
-26
-24
-21
19
24
46
41
33
32
-14
-31
-63
-32
-19
22
15
13
-3
-21
-18
-20
-5
-2
19
5
11
17
8
-6
-29
-28
-42
-19
-6
7
-7
-15
-15
-35
-31
-41
-27
-15
8
5
-19
-46
-53
-25
-9
2
11
29
34
28
17
6
7
20
23
21
9
11
13
5
-11
-24
-16
-17
5
2
26
27
29
18
-3
-13
-17
-11
-8
3
3
14
12
15
19
10
3
0
6
13
30
23
5
-12
-39
-39
-23
-4
6
-5
-33
-53
-43
-18
9
16
13
9
-3
-13
-18
-14
-12
-8
-8
-4
7
-7
-25
-36
-29
-25
-12
0
3
-5
-14
-17
-14
-16
-28
-30
-29
-9
6
5
-4
-8
-19
-32
-25
-9
8
5
9
3
-8
-13
-14
10
21
38
23
9
1
3
-8
-10
0
5
-4
-27
-4
14
22
4
3
1
6
13
-6
-3
-1
19
-11
-21
-38
-24
-23
-9
2
2
23
2
-14
-36
-4
2
53
20
5
-12
-26
-27
-27
2
18
18
23
22
10
23
15
15
6
8
41
43
43
32
12
8
-6
4
0
-14
-13
-1
24
37
30
14
4
-9
-1
7
8
14
24
33
28
28
22
19
2
-22
-21
-16
10
12
5
-6
-13
-7
-6
-5
4
31
36
31
7
12
0
-15
-21
-12
9
18
25
18
12
22
9
-20
-32
-20
9
25
30
29
24
3
-16
-30
-36
-37
-36
-21
-18
-3
11
4
-3
-15
-16
-25
-17
4
18
23
15
19
-8
-22
-30
-26
-23
-18
-8
0
9
-8
-20
-28
-17
-13
-19
-24
-14
6
19
9
-6
-10
6
10
10
6
7
9
11
8
-1
-1
-1
-3
-10
-13
-10
-7
-8
-1
7
13
20
21
18
8
-4
-6
-5
-2
-5
-5
5
12
8
-2
-16
-17
-10
-1
6
11
5
5
10
14
21
11
-5
-25
-22
4
26
24
8
-9
-3
10
17
6
1
16
34
30
18
6
1
11
21
25
18
16
6
0
-4
0
16
28
17
-2
-13
-5
19
35
34
19
16
17
21
3
-11
-17
-15
-7
2
1
-3
-9
-13
-7
-6
-9
-18
-15
-18
-15
-5
-4
-11
-20
-23
-18
-14
-11
-15
-23
-25
-21
-12
-14
-24
-31
-25
-12
2
7
2
-13
-14
-3
3
0
1
1
-1
-3
-1
0
0
1
-7
-6
3
19
14
2
-2
7
14
13
12
1
-10
-13
-11
-1
-4
-6
-11
-9
-7
-4
7
3
2
5
2
-3
-2
-5
-12
-5
4
14
16
11
0
-11
-7
2
15
14
8
5
0
-2
-7
-10
-18
-21
-11
-2
-1
1
6
6
-4
-14
-16
-10
-1
0
6
5
4
6
5
9
9
14
19
23
17
7
5
10
15
13
14
9
4
5
7
8
11
16
15
15
19
26
29
28
30
25
13
8
6
6
8
3
-6
-11
-15
-18
-19
-16
-8
-6
-4
-12
-14
-12
-11
-13
-19
-19
-21
-20
-27
-30
-34
-28
-17
-15
-8
-5
-2
-3
0
-3
-3
-3
-10
-12
-7
-5
-10
-11
-6
-12
-20
-25
-22
-9
5
10
5
6
1
-2
0
3
4
5
6
-1
-13
-20
-17
-9
-7
-11
-12
-8
-2
2
4
6
10
14
14
11
11
12
18
22
19
13
7
1
5
8
16
18
14
10
1
-4
3
14
17
16
12
5
6
8
4
-1
-3
7
11
13
12
15
15
11
11
10
0
-5
-4
-7
-2
3
1
-3
-11
-15
-12
-4
-6
-7
-5
-5
-6
-4
-8
-11
-13
-10
-7
-5
2
2
1
4
6
2
-3
-4
0
1
-4
-5
-1
-4
-12
-17
-21
-19
-12
-9
-7
-6
-10
-12
-12
-7
-1
3
9
10
4
-6
-17
-20
-17
-2
12
15
11
2
-8
-15
-10
-6
-8
-7
-4
-1
1
4
4
6
7
14
17
9
6
6
-2
-9
-9
-9
-9
-5
-3
-3
-2
2
12
14
7
2
3
1
1
-4
-5
-2
5
7
3
-2
-1
4
5
11
19
26
26
22
16
16
22
25
21
9
2
5
5
4
1
-1
5
