-13
-5
-12
-10
-8
-15
-5
-11
-9
-1
-12
3
0
-11
-6
-13
-9
-6
-10
-7
-5
-9
-1
-5
-7
3
-6
-2
2
-9
1
-7
-2
14
5
12
6
5
9
5
2
2
3
0
4
-1
8
16
6
12
0
-6
10
4
6
9
6
15
10
-1
1
-1
8
19
9
10
10
2
8
10
10
13
7
3
6
4
6
4
-4
-1
3
2
6
3
0
4
1
3
2
2
5
-2
0
1
-2
4
-3
-9
-7
-5
4
-4
-10
-10
-13
-7
-8
-7
-1
-5
1
7
3
7
4
3
7
8
13
13
9
10
9
9
12
6
8
0
0
7
3
14
9
0
7
-4
-4
0
-6
2
-6
-5
3
-9
-4
-4
-12
0
-7
-9
-6
-19
-8
-6
-8
5
-7
-11
-4
-9
1
5
2
11
7
7
15
4
4
4
-6
7
8
1
15
2
7
13
-4
6
-5
-4
17
10
17
16
-3
10
3
-6
13
-2
-2
10
-5
9
8
-8
13
5
4
20
-8
9
12
-4
24
2
9
22
-4
9
3
-4
14
1
3
12
-6
7
10
-2
18
1
-2
11
-8
5
2
-14
9
-11
-5
8
-20
-2
-6
-3
21
-5
2
6
-7
5
-16
-17
3
-12
0
2
-9
13
-7
-3
7
-17
15
5
-1
20
-12
8
4
-17
7
-17
-2
16
-10
17
4
-11
10
-11
1
6
-18
3
-1
-6
18
-9
-3
7
-13
9
-7
-8
6
-14
0
0
-6
5
-13
-10
-9
-21
-10
-17
-10
-2
-13
-7
-13
-18
-9
-19
-21
-9
-17
-5
-3
-8
8
-5
0
0
-8
3
-7
-3
0
0
5
8
12
9
5
-1
-1
-3
4
5
2
10
3
8
5
-1
7
-3
8
7
1
12
-5
10
9
0
13
-5
9
11
-5
12
-1
4
12
-6
8
6
-7
9
5
14
20
-1
15
8
-3
15
-4
3
10
-12
17
4
-4
22
-15
11
11
-11
30
-10
-2
16
-29
16
7
-8
35
-11
-3
5
-49
-9
-17
-34
17
-37
-15
8
-46
9
-20
-21
22
-36
-8
-15
-47
8
-28
-27
-9
-67
-27
-34
-49
1
-42
-20
-9
-70
-28
-46
-37
10
-29
2
0
-22
21
-9
3
27
-18
32
12
-7
44
9
41
39
14
37
8
18
29
12
22
7
-3
17
13
15
14
-18
-21
-42
-55
-36
-58
-60
-34
-47
-6
-8
-26
3
-37
-15
-14
-48
-15
-48
-31
11
-32
20
17
4
63
5
40
72
10
79
22
-14
19
-57
22
37
-11
54
15
38
76
2
58
43
-2
83
-27
-30
32
-20
96
10
-46
25
-88
-11
-25
-104
-15
-61
-8
47
-21
42
12
-42
-19
-78
-41
-3
-40
51
51
56
67
14
87
51
62
69
33
77
9
-31
-43
-65
3
11
3
23
-6
11
28
3
-6
-29
-63
-28
-47
-46
-6
-39
7
17
-19
-17
-126
-123
-83
-102
-50
-63
-40
20
2
44
70
56
108
94
82
84
37
46
59
64
110
109
86
61
59
86
114
129
117
139
139
89
63
16
4
74
43
42
31
-38
-12
-94
-118
-74
-101
-28
10
23
116
42
38
40
-67
-32
-108
-120
-44
-98
-52
-87
-141
-39
-82
-63
-35
-111
-12
-4
0
107
38
80
89
41
129
102
104
106
-19
-39
-94
-114
-59
-77
-3
24
8
41
-21
-40
-20
-81
-23
-45
-59
9
-69
12
-10
-103
-73
-155
-89
-25
-59
84
89
132
196
154
266
272
256
251
124
123
71
-37
74
87
143
168
96
157
78
15
18
-88
-145
-522
-1066
-1223
-1147
-553
-14
-14
-176
-489
-601
-848
-1012
-747
-511
-324
-245
-470
-712
-398
-80
165
267
-206
-340
-808
-803
-354
-99
530
721
1069
1485
1424
1853
1989
1821
1753
1246
737
429
302
382
648
672
1041
1057
915
954
626
619
532
237
168
-152
-546
-702
-980
-935
-779
-909
-710
-693
-567
-272
-568
-534
-500
-835
-947
-1269
-1128
-828
-800
-556
-595
-397
-9
129
505
794
988
1138
956
872
788
528
445
270
103
214
244
411
501
427
536
467
380
454
274
357
340
280
324
3
-61
-239
-496
-288
-297
-194
-178
-336
-111
-163
-134
-27
-82
26
92
27
98
-87
-180
-235
-467
-395
-507
-562
-446
-470
-274
-311
-496
-580
-797
-799
-791
-782
-545
-390
-221
-41
36
118
94
107
212
248
335
406
376
416
361
307
297
269
280
261
163
239
200
204
321
205
341
257
273
436
308
461
494
456
656
478
512
488
329
435
349
427
574
565
599
784
727
862
835
707
772
532
394
325
137
286
179
-63
-52
-460
-407
-536
-728
-549
-708
-580
-553
-726
-604
-818
-921
-940
-1227
-1272
-1353
-1493
-1415
-1652
-1669
-1579
-1835
-1759
-2016
-2183
-2123
-2311
-2087
-1985
-2057
-1808
-1971
-1874
-1668
-1714
-1435
-1402
-1317
-958
-978
-746
-598
-641
-314
-276
-110
145
110
332
415
404
657
683
918
1187
1260
1557
1663
1849
2092
2169
2343
2388
2463
2626
2770
3065
3297
3396
3523
3634
3838
3902
4025
3954
3991
3868
3885
3882
3957
4227
4190
4312
4079
4082
4055
4078
4182
4149
3808
3341
2824
2086
1402
464
-668
-1893
-3395
-4648
-6102
-7202
-7958
-8723
-9077
-9323
-9054
-8419
-7745
-6832
-6020
-5229
-4342
-3583
-2962
-2476
-2205
-1947
-1656
-1642
-1474
-1456
-1421
-1201
-1226
-1043
-793
-730
-339
-505
-735
-961
-1476
-1724
-2290
-2812
-3212
-3814
-4064
-4007
-4051
-3709
-3337
-2822
-2082
-1488
-743
14
472
1037
1206
1253
1514
1647
1844
1980
2149
2608
3072
3487
3897
4146
4383
4713
4950
5134
5216
5012
4885
4680
4624
4708
4624
4661
4690
4701
5108
5276
5622
5755
5770
5768
5669
5931
5799
5896
5622
5459
5228
5077
5150
4808
4392
3981
3189
2258
1067
-361
-1808
-3562
-5278
-7227
-8944
-10011
-10880
-11443
-11613
-11422
-10707
-9865
-8653
-7420
-6144
-4874
-3828
-2878
-2276
-1674
-1304
-1261
-1182
-1335
-1331
-1210
-1048
-744
-470
2
816
1479
2060
2489
2621
2678
2274
1616
761
-231
-1295
-2521
-3752
-4787
-5299
-5597
-5442
-5108
-4621
-3570
-2656
-1486
-571
190
985
1276
1507
1370
1086
848
454
156
-94
-132
76
383
750
1264
1919
2580
3225
3758
4135
4494
4761
4861
4906
4679
4639
4524
4618
4715
4752
4789
4664
4611
4473
4460
4306
4333
4028
3962
3790
3940
4193
4529
4863
5140
5532
5855
6277
6499
6486
5864
5084
3154
1859
-341
-2386
-4619
-7521
-9685
-11689
-12391
-12952
-13086
-12520
-11502
-9894
-8130
-6146
-4481
-3001
-1566
-1032
-584
-458
-475
-762
-1723
-2234
-2563
-2602
-2048
-1744
-1094
-327
740
2203
3178
4016
4539
4431
4083
3271
2070
782
-847
-2497
-4122
-5722
-6657
-7217
-7433
-7146
-6952
-5985
-4881
-3723
-2462
-1652
-835
-273
233
492
421
109
-226
-535
-690
-543
-617
-470
-189
-56
417
848
1529
2259
2577
3078
3344
3694
4314
4540
4902
5178
5293
5683
5745
5902
5678
5490
5214
4901
4840
4487
4375
4054
4150
4295
4698
5546
6364
6988
7859
8566
9270
10156
10093
10177
9057
8143
5944
3322
1331
-1999
-4207
-7493
-10401
-12572
-13734
-13902
-14172
-13495
-12195
-10532
-8334
-6233
-4323
-2810
-1566
-754
-974
-1124
-1323
-1985
-2816
-3774
-4347
-4354
-3896
-2960
-2209
-1286
276
1980
3578
4584
5134
5267
4987
4213
2715
969
-1101
-3486
-5419
-7348
-8773
-9456
-10079
-9866
-9166
-7651
-5788
-4002
-2044
-716
611
1914
2706
3064
2761
2158
1266
425
70
-306
-764
-1004
-854
-443
226
1089
1674
2307
2934
3505
3938
4057
4270
4396
4262
4235
4382
4465
4764
4572
4784
4541
4518
4930
4696
4949
4247
4555
4304
4600
5169
5208
6289
6304
7664
7898
8467
9551
9546
9589
8974
8158
5995
3512
1755
-1550
-4181
-6838
-10344
-12959
-14306
-14670
-15166
-14491
-12937
-11042
-8979
-6402
-4261
-2545
-855
200
229
-163
-381
-1069
-2079
-3089
-3951
-4102
-3785
-2804
-1876
-932
658
2569
4368
5519
6010
6136
5606
4683
2922
900
-1366
-3868
-5873
-8023
-9251
-9781
-9934
-9355
-7991
-6445
-4458
-2414
-405
1122
2206
3232
3422
3271
2648
1616
447
-490
-943
-1575
-2092
-2160
-1970
-1423
-778
40
552
970
1488
1736
2136
2168
2376
2401
2220
2437
2552
3029
3628
3751
3961
4223
4392
4694
4624
4273
3978
3741
3903
3866
3844
4285
4760
5879
6648
7751
8632
9358
10275
10386
10226
9791
8298
5916
3957
714
-2203
-4665
-8258
-11096
-12959
-13549
-13772
-13330
-12101
-10487
-8319
-5675
-3328
-1682
82
1104
1306
996
519
13
-1220
-2334
-3368
-4113
-3911
-3277
-2410
-1574
-508
1131
2913
4140
4946
5048
4646
4224
2893
1400
-386
-2378
-4469
-6160
-7437
-8242
-8503
-8416
-7581
-6772
-4892
-3215
-1723
-179
832
1692
2084
2477
2114
1431
652
-262
-940
-1580
-1923
-2530
-2803
-2551
-2272
-1805
-1439
-989
-519
-302
275
734
913
1404
1607
1908
2344
2886
3396
3732
4015
4045
4301
4436
4221
4485
3746
3800
4048
3739
4485
4435
5618
6275
7338
8661
9315
10884
11612
12269
12246
11394
11048
8990
6128
4063
133
-2744
-5412
-9540
-12065
-13570
-14186
-14203
-13670
-12194
-10287
-7569
-4925
-2761
-886
607
1811
1561
1122
710
-481
-1457
-2831
-3978
-4554
-4681
-3840
-3344
-2371
-920
512
2536
3595
4096
4446
3858
3398
2030
266
-1105
-3305
-4704
-6448
-8091
-8262
-8578
-7870
-7073
-6478
-4914
-3089
-1225
-22
817
1775
2162
2458
2335
1748
892
196
-75
-1092
-1589
-1636
-1965
-1939
-2115
-1967
-1643
-1279
-487
-498
-506
210
958
1787
2254
2504
3393
3974
4828
5409
5252
5649
5423
5466
5044
4454
3943
3422
3555
2886
3121
4078
4063
5934
6952
7935
9707
10621
12254
12253
13023
12537
11256
10328
6630
4153
1182
-2933
-5174
-9112
-12699
-14264
-15103
-15041
-14463
-13196
-11279
-8765
-5642
-3112
-1276
332
1574
1856
998
711
-213
-1831
-2850
-4441
-5041
-4937
-4556
-3442
-3006
-1692
-97
1541
3357
3634
3885
3540
2724
1951
-45
-1592
-3383
-5255
-6291
-7726
-8454
-7773
-7449
-6447
-4819
-4048
-2216
-388
804
1560
2054
2826
2628
2235
1734
647
-321
-720
-989
-1975
-2241
-2140
-2244
-1996
-1777
-1223
-1030
-537
247
226
703
1647
2530
3296
3722
4516
5369
5962
6492
6540
6330
5917
5616
4900
3895
3057
1918
1729
1201
1054
1883
2172
3815
5120
6347
8487
9445
11059
12537
12871
12884
12024
11271
8660
4912
2986
-1602
-5011
-7072
-11492
-14295
-15499
-15294
-15130
-14136
-11971
-10020
-7351
-4135
-1639
-368
1095
2405
1693
963
537
-881
-2052
-3350
-4369
-4606
-4480
-3272
-2556
-1839
8
1403
3277
4467
4727
4853
4054
3708
2206
3
-1348
-3616
-5143
-6263
-7777
-7724
-7656
-7126
-5901
-4885
-3148
-1343
340
1238
1727
2453
2632
2371
1744
857
-321
-1289
-1487
-2357
-3265
-3192
-3305
-3007
-2518
-2158
-1491
-1186
-94
566
714
1902
2581
3327
3898
4245
5210
5648
5941
6060
5539
5440
5095
4499
3658
2733
2157
1629
1700
1417
1718
2517
3331
4914
6244
7564
9568
10317
11407
12004
11671
11310
10515
8522
4267
2271
-1245
-4966
-6665
-10769
-14037
-14984
-14938
-14398
-13422
-11623
-9213
-6739
-3466
-718
635
2286
3229
2696
1728
1323
113
-1611
-2697
-4159
-4777
-4564
-3699
-2594
-1953
-433
1258
2833
4378
4763
4773
4090
3265
2080
202
-1245
-2959
-5037
-6438
-7240
-7744
-7072
-6699
-6094
-5309
-3855
-1939
-1016
-71
109
428
626
440
-60
-952
-1527
-2002
-2306
-2527
-2733
-2458
-2158
-2034
-1532
-1339
-807
-298
-114
365
465
1120
2044
2626
3452
4042
5116
6031
6494
7029
7235
6978
6590
6290
5107
4417
3351
2345
1906
1470
1837
2338
3288
4306
6073
7971
9381
11187
12132
12660
12883
12453
11392
9356
5618
2436
-817
-5583
-7551
-11334
-15646
-16753
-17033
-16629
-15469
-13524
-11307
-8543
-4909
-1701
47
1467
2998
2763
1823
1393
223
-1494
-3031
-4332
-5262
-5262
-4471
-3584
-2586
-1269
201
2048
3662
4502
4865
4205
3606
2756
1115
-51
-1805
-3956
-5145
-6401
-6651
-5785
-6068
-4934
-4122
-3325
-957
333
669
898
1171
1048
905
486
-143
-1636
-2164
-1918
-2477
-2401
-2185
-1978
-1879
-1467
-716
-488
-164
203
209
153
936
1738
2306
3168
3494
4620
5551
6330
7182
7079
7096
6704
6175
5498
4420
3000
2299
1247
625
1116
1253
2532
3542
4865
7280
8787
10465
11836
12539
12899
12120
11487
9448
4877
2568
-672
-6107
-7754
-11809
-16069
-16769
-16743
-16314
-15367
-12981
-10222
-7385
-3706
-280
1121
2470
3976
3421
2425
1724
142
-2072
-3489
-4820
-5909
-5731
-5055
-3998
-3027
-1191
617
2281
4122
4796
5203
4668
4030
3092
1146
-74
-1948
-4210
-5474
-5906
-6308
-6128
-5584
-5416
-4302
-2598
-974
-111
411
1143
1336
1413
1601
456
-389
-625
-1569
-1716
-2052
-2312
-2135
-2302
-1730
-1436
-1255
-608
-542
-358
208
478
1265
2111
2439
3234
4017
4748
5882
6334
6169
6439
5672
5300
4863
3400
2423
955
141
-233
-46
479
966
2004
3525
5490
7893
9345
11028
12148
12448
13693
12592
11651
10431
6263
3112
747
-4054
-6624
-9025
-13435
-15259
-15203
-14792
-13565
-11380
-9797
-7101
-3945
-788
1577
1946
3314
3241
1746
1660
90
-1924
-3329
-4790
-5434
-5732
-5047
-4236
-3301
-1689
-315
1324
2890
3745
4121
3471
2802
2049
472
-616
-2200
-3985
-5176
-5865
-6208
-5790
-5199
-4921
-3615
-2843
-1754
-240
10
51
168
-90
-259
-475
-907
-1294
-1778
-1383
-1024
-1201
-608
-241
-162
177
461
398
57
138
303
515
780
1373
2082
2687
3865
4792
5834
6834
6989
7263
7155
6386
5737
4364
3036
1732
143
24
-896
-936
134
242
2296
4434
6469
8840
10677
12257
13533
14033
13866
12962
11140
7992
3881
1175
-3739
-7583
-9532
-14431
-16847
-16680
-16565
-15448
-13315
-10934
-8265
-4783
-994
1305
1990
3323
3816
2387
1801
371
-2330
-3889
-5239
-6221
-6276
-6138
-5019
-3781
-2262
160
1260
3177
4437
4337
4677
3348
2266
810
-1244
-2248
-4347
-5704
-6079
-6818
-6440
-5819
-5093
-3771
-2411
-1632
-437
-19
123
940
199
-267
-509
-1296
-1345
-1669
-1685
-1123
-1281
-597
-56
-82
673
876
829
773
370
737
1066
1156
1901
2232
3075
4640
5570
6859
7527
7857
8337
8001
7328
6289
4738
3035
1528
35
-995
-1774
-1638
-1776
-436
1130
2869
5766
7597
9692
10805
12797
13439
13663
13082
11032
9178
5195
2035
-1226
-5747
-8205
-11190
-15383
-16501
-16056
-15553
-14016
-11746
-9799
-7038
-3133
-162
1233
2440
3064
2941
1951
873
-489
-3270
-4109
-5038
-6148
-5664
-5445
-4480
-2924
-1409
334
1758
3308
4136
3986
3683
2798
1909
331
-922
-2556
-4678
-5211
-5991
-5993
-5686
-5584
-4772
-3714
-2210
-1141
-299
258
259
577
676
146
-277
-1021
-1546
-1894
-1939
-1786
-2126
-1796
-1334
-1146
-502
-134
-111
-48
125
868
1242
1609
2342
2875
3982
5091
6005
6910
7410
7383
7553
6928
6175
5341
3662
2586
1177
201
-102
-293
-64
1058
2032
4042
6262
8513
9978
11880
13058
13400
14626
13351
11971
9652
5707
2384
-788
-5537
-7966
-11793
-16058
-16636
-16646
-16077
-14443
-12626
-10573
-7026
-3032
-52
1041
2093
2913
2423
1669
882
-1717
-4017
-5391
-6428
-7016
-7167
-6304
-5463
-3838
-1693
-179
2107
4069
4399
4818
4012
3403
2805
848
-298
-2490
-4420
-4842
-5241
-5633
-5209
-4704
-4407
-2414
-1340
-1055
-468
-23
-180
-417
-370
-1178
-2339
-2344
-2369
-2956
-2027
-1176
-1285
-821
407
919
1064
1370
1140
114
-31
393
188
178
581
1352
2435
4176
5768
6970
7874
8229
8919
8698
8172
7112
5181
3707
1730
1043
85
-638
148
54
2322
4776
6489
9602
11443
12926
15066
16410
15863
15029
13312
9383
4745
2066
-3108
-7767
-10174
-15684
-19170
-18952
-18055
-17270
-15012
-12703
-9929
-5424
-663
1690
2361
3335
3855
2670
1824
217
-3355
-5378
-6823
-8112
-8677
-8372
-7424
-5977
-3891
-1763
397
2781
4312
5153
4997
4502
3735
2184
764
-1598
-3879
-5088
-5787
-5652
-5644
-5704
-5032
-3666
-1472
437
1411
1599
1507
2160
2139
1418
750
-1130
-2380
-2508
-2697
-2618
-2446
-2314
-1839
-961
155
805
1029
1418
1459
1422
1545
1804
1660
1754
2594
3018
4050
5294
6010
6725
6726
7274
7059
6394
6116
4134
3097
1553
1154
1219
333
1388
1197
2834
5915
7768
9803
11727
12840
14300
15447
14975
13503
11175
7322
3645
363
-4754
-7589
-11854
-16820
-17728
-17993
-17742
-15727
-14165
-12111
-8291
-3870
-579
1011
2265
3070
3112
2146
980
-1558
-4230
-5730
-7207
-8208
-8325
-8268
-7116
-5257
-3617
-1542
825
2777
3903
4386
4146
3647
2780
1254
-573
-3115
-4976
-5643
-6383
-6392
-6360
-6140
-4646
-2855
-808
829
1396
2294
2887
3489
3479
2478
1256
-131
-780
-1214
-1516
-1716
-2251
-2020
-1238
-390
595
773
1091
1329
1792
2140
2158
2425
2527
2924
3593
4329
4931
5531
6186
6508
6776
6782
5865
5552
4840
3432
2530
1490
960
1008
1148
1484
2740
5366
6695
9430
10985
11825
14022
13730
13995
12183
7938
5367
1569
-3906
-5847
-10918
-16427
-17123
-17899
-18084
-16348
-14345
-12182
-8258
-3494
-240
1337
3307
4679
4478
3527
2259
-1060
-3809
-5205
-7437
-9384
-9914
-9973
-9016
-6660
-4797
-2927
-199
2206
4145
4905
4747
4573
3271
1677
14
-2748
-4885
-5975
-6906
-6978
-6750
-6185
-4870
-2714
-732
995
2007
2800
3573
3372
3079
2148
580
-535
-1661
-2285
-2437
-2910
-2440
-1581
-763
600
1518
2165
2951
3330
3618
3420
3282
3178
2903
2712
2930
3241
3710
4544
4889
5840
6400
6338
6303
5752
5186
3986
2986
1892
688
916
98
1101
1720
3323
6287
7934
10486
12449
13388
13904
14665
13112
9138
6008
2490
-3347
-5658
-10431
-16930
-18162
-18483
-18791
-16851
-15003
-12427
-8578
-3280
1480
2680
4989
6659
6051
5620
4173
494
-2390
-4477
-6871
-9065
-10196
-10427
-9536
-7674
-5436
-3398
-853
2131
3696
4927
5389
4610
3952
2125
222
-2458
-5567
-6302
-7568
-8114
-7682
-7630
-6381
-3651
-1393
596
2050
2762
4060
4446
4272
3779
1815
419
-441
-1796
-2166
-2847
-3433
-2778
-2439
-1299
75
275
1564
2442
2794
3756
3718
4139
4470
4199
4740
4821
4810
5449
5383
5371
5919
5317
5154
5012
3918
3119
2621
1961
1401
1615
1420
1871
2524
4673
6546
7063
9676
10727
10937
12488
12523
10360
6817
5079
1347
-3855
-5167
-10316
-16172
-16304
-16744
-17626
-15601
-13895
-11884
-7693
-2377
938
2091
4618
6378
5900
5612
4115
123
-2233
-3808
-6480
-8489
-9605
-9889
-9072
-7305
-5244
-3688
-1068
1880
3584
4636
4805
4359
3522
1995
322
-2778
-5612
-6430
-7952
-8309
-8095
-8223
-6916
-4180
-1482
264
1760
3063
4285
4757
5047
4061
2107
1228
-45
-1525
-2019
-2665
-3339
-2794
-2231
-1373
45
716
1886
2441
3054
4141
3975
4278
4411
4061
4354
4746
4815
5215
5566
5577
5894
5824
5294
5479
4476
4710
3506
2537
2985
1097
2589
2936
2735
4442
6198
7265
8875
11072
11419
11412
12455
11376
6873
5854
2378
-3301
-4452
-9616
-15714
-16642
-17395
-17975
-16491
-15248
-12959
-8885
-3430
608
1486
3993
6304
5680
6168
4700
459
-1711
-3748
-6112
-8137
-9821
-10210
-9925
-8215
-5679
-4491
-1874
1044
2715
4478
4728
4011
3199
1747
70
-2658
-5825
-7181
-8500
-9213
-9088
-9152
-7692
-5204
-2353
280
1766
3449
5162
5938
6561
6154
4198
2838
1433
133
-624
-2275
-3086
-3351
-3198
-2252
-1674
-1162
-117
850
1946
3251
3669
4569
5441
5680
6250
6579
6485
6862
6958
6689
6310
5454
4932
4568
3464
3005
1951
1315
1429
1762
2233
2290
4192
4715
6671
8730
10107
10632
11566
11695
10494
9043
5738
3563
-1055
-3425
-5956
-12404
-14928
-15194
-16966
-15768
-13942
-13771
-10552
-5677
-1730
420
2096
4509
5258
5183
4938
1938
-908
-2220
-4266
-6676
-8313
-9495
-9659
-8278
-6513
-4939
-3481
-798
1434
3068
4279
3422
2626
1926
314
-1331
-4305
-6781
-7350
-9181
-8950
-8789
-9532
-6924
-4683
-2823
-259
1413
3082
4843
5756
6385
5554
4364
4090
2458
1507
613
-1353
-1814
-2041
-2209
-1885
-1751
-1304
-229
659
1969
3114
3576
4725
5551
6309
7114
7216
7462
7611
7337
7478
6394
5670
4667
3664
3203
1941
1287
1023
1063
1595
2844
2835
5286
6499
7500
10044
10626
11195
11272
10665
9182
5450
3534
390
-5355
-5934
-9949
-15661
-15338
-15714
-16935
-14218
-12679
-11131
-7488
-2714
794
1446
4001
5705
4492
4727
3745
155
-1732
-3374
-5604
-7267
-8217
-8307
-8047
-6550
-4672
-3758
-1538
829
2211
3773
3711
2419
2024
565
-592
-3268
-5866
-6913
-9093
-8618
-8384
-9348
-8015
-5764
-4378
-1894
-102
1012
2780
4005
5082
4815
4355
4023
3180
2533
1740
468
-350
-729
-1132
-1283
-1399
-1448
-890
-139
699
1681
2577
3890
4942
6107
7145
7703
8303
8547
8689
8663
8005
6848
5966
4852
3552
2953
1582
663
729
949
1924
2694
4573
6190
7140
9259
10701
11245
11666
11372
9160
5478
3694
-224
-5666
-6968
-11593
-17000
-16706
-17014
-17537
-14682
-13110
-10932
-6358
-1238
1819
2330
4655
6165
5451
4932
3058
-504
-2759
-4056
-6222
-7524
-7918
-8194
-7121
-5429
-3364
-1675
116
2442
3487
4286
3905
2443
1728
-105
-2046
-4611
-7152
-8515
-9689
-9727
-9764
-9149
-7740
-6426
-4195
-1844
-767
717
2120
3107
4153
4522
3774
2535
2395
2599
1876
1055
344
-109
211
540
302
-155
-137
576
1056
1870
2506
2748
3987
5167
6342
6958
7528
7949
8447
8725
8146
7451
6315
5682
4414
3447
2512
1293
1515
958
1905
3361
4045
5995
7087
8594
10424
10606
11035
10198
7174
4967
2460
-2535
-5687
-7967
-13604
-17238
-16525
-17192
-16782
-13424
-12282
-9753
-4093
667
2747
4022
5836
5966
4989
4360
1916
-1807
-4188
-5717
-7814
-8607
-8249
-8414
-6808
-4224
-2207
106
2098
3840
4970
5002
4360
2805
1244
-1001
-3838
-6545
-8676
-9654
-10306
-10375
-9977
-9432
-7298
-4660
-2599
-503
461
1308
2519
3425
3856
2668
1584
1421
1410
1625
1121
542
719
1392
2278
2440
2427
2370
2050
2300
2451
2403
2352
2567
3064
3941
4904
5734
6231
7320
8083
8123
8102
7476
7151
6113
5697
3846
3320
2607
2041
2613
2206
3863
4674
5956
7879
9132
9365
10625
9752
8208
5741
2351
-1181
-6125
-7478
-11744
-17334
-17396
-17704
-17997
-14340
-12399
-10633
-5574
-105
3020
4428
6434
7280
5978
5136
3148
-1016
-3855
-5785
-8227
-9376
-9480
-9213
-7587
-5208
-2301
53
2326
5034
6140
6698
6090
4031
2645
446
-2215
-4603
-7380
-9265
-9364
-10688
-10042
-8740
-8754
-6522
-4684
-3144
-1565
-610
142
916
1703
2315
1183
904
2128
1624
1629
1810
1129
1735
2114
2187
2141
1534
1757
1670
1514
2168
2006
2016
3234
4156
5425
6357
6545
7848
8519
8354
8414
7645
6852
6474
5383
4372
3475
2783
3516
4022
4450
6067
7619
7569
10544
12372
10477
11282
10311
5958
3158
887
-5833
-9121
-11404
-17323
-19817
-19342
-19059
-16943
-13681
-11031
-6826
-1497
3763
5445
6281
7948
7175
5156
3728
82
-3791
-6141
-8389
-9938
-10004
-9528
-8669
-6069
-3120
-240
2229
4186
6131
6886
6276
5055
3425
1475
-831
-3739
-6031
-6672
-7657
-7877
-7389
-6957
-5718
-4422
-3468
-2367
-1614
-1826
-2592
-2561
-2062
-2592
-2707
-2777
-2318
-582
804
1663
2500
3360
4354
4808
4949
4618
3290
2394
1772
1465
1260
677
927
2022
3249
4740
5623
6590
8007
8663
8503
8156
7389
6718
5715
4595
4361
3001
3144
3682
4309
5510
7604
9173
9231
12148
13240
11943
12184
10731
5554
2235
-356
-6561
-9879
-12710
-19063
-21354
-19040
-18461
-16883
-13765
-11092
-6369
-738
3665
4581
5284
6762
5451
3271
1496
-1949
-5279
-6975
-8399
-9409
-9120
-7897
-6380
-3783
-967
964
2888
4933
5643
5170
3925
2519
1012
-812
-3329
-5716
-6777
-6902
-6309
-6124
-5568
-4689
-3441
-1894
-760
-30
-540
-1640
-2004
-2387
-2830
-3390
-4532
-4516
-3453
-1639
13
1005
2503
3684
4888
6117
6412
5628
4427
3906
3457
2994
2299
1437
1579
2377
3264
4453
4745
6144
7064
7171
8171
7142
6789
6948
5461
5413
5527
3877
5164
4975
5907
7661
7991
9313
10201
11576
11318
10497
8931
5787
1395
-844
-6192
-10406
-12051
-17498
-19925
-18669
-18146
-15796
-12513
-10756
-6243
-1561
2655
4478
4522
5673
4521
2266
830
-2303
-5665
-7195
-8858
-9284
-8425
-7345
-5556
-3564
-871
1248
2715
4606
4957
4152
3015
1336
264
-1190
-3436
-5083
-5509
-4990
-3865
-3270
-3058
-1853
-962
121
395
-202
-1188
-3078
-4332
-4848
-5695
-6379
-6458
-5908
-4400
-2452
-109
1581
3138
4854
5436
6275
6751
5839
4701
3715
3176
2886
2610
2423
2558
3321
4836
5738
6506
7410
7394
7071
7265
6476
5554
5201
3734
3359
3546
4108
4324
6266
7065
8404
10805
11064
13249
12716
11283
10469
7688
2461
-736
-5826
-11307
-12741
-16669
-21074
-20473
-18226
-16519
-12700
-9749
-5932
-1426
3304
5307
4973
5205
4515
1682
-1282
-3355
-6910
-9038
-9490
-9830
-9056
-7068
-4915
-2631
-45
1674
2628
3565
3924
2936
813
-1016
-2180
-3201
-4213
-4564
-4822
-4452
-2104
-908
573
2464
1628
1184
1446
741
-1135
-3403
-5260
-6870
-6973
-6371
-6473
-5508
-3221
-1424
665
3168
4569
5468
5889
5935
5640
4383
3439
2695
2095
2468
2384
2915
4471
5424
6936
7527
8115
8666
8732
8180
7221
5478
4548
3462
1944
2251
534
695
2821
4567
6204
8608
9447
11345
13628
13769
12663
10299
7784
2108
-1738
-5982
-11379
-13841
-17231
-21167
-19887
-16930
-14445
-10084
-6736
-2490
1933
5507
6963
6593
5012
3268
-185
-3433
-5215
-8623
-10298
-11004
-10865
-8683
-6312
-3824
-1331
205
1665
2478
2562
1935
-987
-3346
-4825
-6067
-6078
-6897
-6845
-5294
-2953
-172
1804
3162
3849
3661
3294
2589
639
-1497
-4037
-6254
-7089
-7230
-7013
-5624
-4127
-1989
479
2907
5212
6112
6367
6249
6037
5657
4914
3670
2590
2268
2724
3549
4223
5197
6041
7106
8308
9164
9586
8480
7740
6379
4964
3917
2188
1270
448
-23
960
1977
3714
6148
6523
9254
11723
10966
11491
10418
6656
2184
-637
-6203
-11056
-12593
-17525
-20798
-19300
-16408
-13906
-9963
-5779
-2199
2308
6684
7421
7401
6491
4112
689
-2103
-3778
-7001
-8648
-9238
-9097
-6803
-4452
-2879
-1302
-394
213
504
88
-1399
-3703
-5966
-6758
-7066
-7211
-6587
-5515
-3185
-305
1300
3212
4920
4555
4936
3462
860
-430
-2646
-5007
-6680
-7315
-6941
-6375
-4315
-2055
-861
1661
3902
4689
5501
5718
5430
4996
4304
3993
3489
3229
4005
4554
5332
6628
7576
8617
8859
9294
9810
9329
8725
8253
6171
4741
3855
1681
1931
867
130
978
1381
3178
4556
5535
7795
8954
8908
9077
7208
4500
493
-3165
-7910
-10841
-12716
-16950
-19164
-17668
-14829
-12396
-8614
-5756
-2549
1400
4015
4350
4485
3749
1960
-932
-2601
-3383
-4954
-5306
-5471
-4754
-3123
-1319
69
656
347
-385
-1326
-1950
-3765
-6284
-8105
-9152
-8679
-7848
-6472
-4479
-2227
534
2511
4003
5204
4652
3092
1498
-291
-1984
-3970
-5776
-6889
-6660
-5454
-4213
-2503
-779
767
2577
3994
5030
5431
4901
4274
4320
4354
3858
3773
3570
3868
4892
5864
6831
7568
8346
9073
9912
10947
11291
10452
9638
8932
7173
5614
3527
1880
318
181
-416
-411
2769
2272
4654
6798
7818
9343
9014
7555
3932
44
-3754
-8719
-11671
-14019
-18698
-20407
-18883
-15435
-12752
-8613
-5626
-1925
1911
4223
4851
4107
3065
282
-2655
-3802
-4537
-5277
-5232
-4764
-2371
-79
1953
3681
3338
2848
1730
-490
-1913
-4929
-7779
-9340
-10599
-9755
-8767
-6742
-4131
-1936
776
2315
3856
3901
3036
1307
-257
-1529
-3073
-4481
-5982
-6139
-5437
-4338
-3008
-2039
-928
486
1522
2754
3728
4312
4129
4207
4630
5291
5762
6026
5843
5736
6156
6533
6896
7248
7733
8228
9024
10499
11021
10794
10413
9544
8966
6950
5083
2902
862
162
-158
-527
997
1658
2699
5942
7192
8201
7433
6082
2381
-1829
-5106
-10238
-13472
-15699
-19473
-20373
-17242
-13790
-11111
-7434
-3943
-765
2219
2858
2739
1048
-519
-2339
-5354
-4867
-4384
-4293
-2461
-902
1682
3791
4881
5663
4188
1985
353
-2162
-4436
-6992
-8990
-9080
-8283
-6744
-5152
-3393
-1874
-35
762
1308
1151
-392
-1736
-2657
-2468
-2872
-3652
-3748
-4178
-4167
-3017
-2641
-2312
-2484
-2759
-2076
-1110
626
1951
2951
4644
6409
7751
9133
9832
9438
8415
7358
6873
6507
5932
6386
6669
7675
10035
11610
12937
13048
12429
10807
9372
7863
4918
3331
483
-409
468
779
2783
4019
6162
6519
6792
5940
3048
-1316
-6127
-11015
-15103
-16315
-19082
-21789
-19720
-15672
-12472
-7986
-4465
-1489
247
1178
478
-345
-1347
-3760
-6685
-7354
-5464
-4298
-2573
-224
1813
3083
4462
5197
4525
2477
-539
-2762
-4261
-5716
-6238
-6160
-5193
-3911
-2801
-1484
-475
76
-971
-1621
-1523
-2527
-3223
-3199
-2642
-2201
-879
283
-311
-640
-947
-2394
-3920
-4941
-6151
-6823
-6142
-3793
-1757
1129
5005
7461
9460
11072
12116
10931
9448
7989
6279
5157
5341
6531
7751
9880
11906
13635
15116
16404
15172
13121
9852
7365
4331
2851
2003
-178
633
1732
2812
5616
8140
7212
5695
3464
962
-4422
-7254
-11661
-15501
-15997
-18066
-18632
-15981
-11356
-10019
-8260
-5612
-3704
-3292
-4042
-5012
-5077
-5879
-6203
-6629
-4437
-909
-417
371
2171
3401
2926
1137
-293
-1833
-3996
-5035
-4885
-4311
-3183
-1751
-248
1043
1251
746
-785
-1428
-3388
-5481
-5955
-6181
-5851
-4288
-1151
1223
3236
5180
5362
4279
2437
-519
-3407
-6173
-7721
-8887
-8716
-6211
-3664
-227
3343
6222
7948
8653
9597
9074
7400
6373
5807
5853
6356
7721
9291
10587
13025
13640
14121
14348
12723
12058
9789
7706
6776
5628
5693
5651
6409
6625
7112
6759
6757
5185
2782
-57
-2927
-5790
-10136
-11117
-13044
-12437
-12450
-13240
-12942
-10212
-8591
-9221
-9004
-8073
-7599
-8701
-9474
-8899
-6707
-5395
-4414
-3897
-510
1487
1822
2108
1826
973
-1023
-2649
-3394
-4018
-4649
-4262
-3326
-1524
-181
1286
2309
2105
1474
-279
-928
-1677
-3986
-4735
-4733
-5168
-4182
-2472
-217
1315
2358
2824
1882
1623
640
-1100
-2746
-3532
-4673
-4684
-3449
-2669
-1593
-256
951
1867
2634
3959
4971
5285
6047
6817
7510
9184
10227
11280
12205
11920
12793
11724
11054
10045
9293
8798
8611
8238
8366
8879
9068
9811
9936
10422
8661
7058
5777
3759
770
-713
-4061
-8304
-9911
-11265
-12174
-11101
-12755
-14219
-13020
-11109
-11094
-11620
-10155
-9176
-9362
-9406
-8780
-7810
-6149
-5490
-5117
-3175
-1017
-982
-597
449
1333
377
-1340
-1655
-2145
-2720
-2874
-2416
-2004
-1678
-1191
-323
-126
-523
-1043
-1941
-2683
-3327
-4132
-3334
-2800
-2480
-1544
43
1678
2295
2715
2796
2114
821
-445
-1665
-2708
-2936
-3078
-2590
-1624
-1242
-298
796
1591
2320
2545
3305
3651
4121
5687
6891
7903
8877
9864
10702
11768
11570
11288
10281
9365
9313
9177
8676
8814
8741
8235
9411
9142
9038
8464
8155
6434
6407
7239
3951
2372
1454
-301
-4141
-6164
-8022
-10916
-10383
-12918
-15498
-14269
-12350
-12897
-12935
-10351
-8455
-8955
-8446
-8639
-8361
-7101
-7328
-6836
-5284
-2872
-2605
-1549
538
2022
1365
481
427
-918
-1618
-2142
-2136
-1781
-1698
-1278
-285
-177
-529
-1572
-2375
-2549
-3817
-4479
-4528
-4674
-4271
-3465
-1318
679
886
1889
2656
1939
1502
577
-562
-1663
-2500
-2198
-1841
-1436
-727
-609
-88
1145
1455
2006
2912
3351
4292
5438
7298
8948
9624
10319
11184
11586
11594
11651
9836
9340
9111
8684
8704
7939
8362
7704
8788
7903
6864
7827
6383
6421
6195
5932
4986
4298
2959
1725
-172
-3997
-5646
-8143
-9052
-10773
-13041
-13143
-11617
-12139
-11961
-10434
-10049
-10052
-10712
-10566
-10081
-9321
-9998
-9105
-7512
-4926
-3105
-1979
134
1322
840
635
754
-198
-833
-1829
-1661
-988
-824
-206
454
769
284
-800
-1606
-3497
-4767
-5278
-5569
-4493
-3917
-3077
-1207
879
1701
2366
3093
2130
710
-82
-507
-1060
-1542
-1577
-1382
-643
316
712
1017
1202
1305
1487
2216
3305
3790
4255
6123
7867
8814
10237
10146
10718
10486
9975
9170
8192
8222
7445
7788
7573
7805
8253
7545
7484
7484
6390
5921
5978
4548
5595
5826
4555
4274
4100
1189
-1707
-2374
-6007
-6213
-8201
-10679
-11335
-10629
-9841
-10571
-9534
-9210
-10376
-11100
-10865
-10898
-10651
-11342
-10637
-9825
-7146
-5096
-4039
-1505
-722
-253
129
644
962
-37
-424
189
613
1476
2022
1952
1947
817
148
-239
-1528
-3146
-5620
-5882
-5600
-4890
-3046
-1996
-1314
-576
626
1674
1888
1292
-107
-936
-820
-499
-168
-512
-109
-473
237
1536
1509
1937
1623
2304
3638
4651
6433
6899
7203
8192
8759
9593
9759
9248
8728
7783
7612
7564
7656
6837
6607
6660
6102
6020
5861
5319
3969
4418
2191
3126
3583
3671
3839
3463
3669
2622
2913
-909
-2504
-4431
-5519
-5459
-6432
-7461
-7220
-7140
-7250
-6478
-6868
-7358
-9524
-10425
-11324
-10906
-11207
-11682
-11266
-10605
-7883
-6488
-4714
-3110
-3081
-2973
-2245
-1921
-1472
-1255
-1342
-71
1043
2433
3771
4268
3910
3467
2778
1396
1252
45
-1712
-2158
-2683
-1978
-1315
-491
-555
-461
265
-160
-73
-348
-962
-1409
-2116
-1858
-1548
-1777
-1398
-1591
-1246
-278
-111
520
1200
2220
3625
4371
6038
7118
7556
8140
8251
8622
8680
8573
8414
7601
7327
6613
6369
6202
5438
5025
3937
3629
3134
2660
2309
2214
2214
2081
2287
2757
2758
3188
3071
2661
2552
1810
1060
-795
-949
-1938
-2187
-2119
-3585
-4164
-4045
-4431
-5020
-4863
-5465
-5824
-6584
-7106
-7409
-7569
-7787
-7922
-7728
-7224
-6551
-6651
-6291
-5897
-6080
-5834
-5527
-5323
-4740
-4239
-3400
-2280
-1180
55
1193
2007
2079
2493
2746
2549
2840
2567
2182
2055
1673
1933
2444
2591
2499
2143
1911
1770
1089
158
-625
-1646
-2524
-2804
-2808
-2606
-2360
-2349
-1901
-1411
-955
-874
-173
-239
365
1750
2156
3863
4275
3688
4593
5117
4680
5486
4981
4151
4413
3803
3633
4070
3722
3386
3167
3107
3024
2924
2802
2409
2666
1951
2265
1612
1623
1705
1871
2133
2712
3301
1971
2238
1017
-747
-328
-1422
-2040
-1490
-2407
-1964
-1451
-1090
-760
-779
-1077
-1070
-1206
-1704
-1889
-2764
-3904
-4445
-5071
-5748
-5615
-6352
-6580
-6703
-7080
-6952
-7025
-7122
-6832
-6384
-5640
-4352
-3077
-1784
-514
347
976
1729
2099
2414
2327
1947
2152
2401
2866
3253
3053
2792
2328
2018
1761
1164
476
-493
-1003
-1157
-1169
-1101
-1135
-1007
-943
-435
237
-58
81
162
-374
154
1167
966
1535
1432
1092
1780
2033
2613
1158
1922
1710
1695
2173
2177
2316
2329
3123
3006
3486
4069
3106
2549
2434
1592
2361
1209
1818
1552
1205
2233
1529
1914
2018
1279
1716
1469
1618
1738
1751
1399
1173
1569
1200
1874
1907
1714
1831
1654
1470
1680
856
336
-576
-1614
-2043
-2860
-3845
-4799
-6027
-6529
-7130
-7180
-6971
-6980
-6715
-6698
-6113
-5264
-4676
-4241
-3597
-2998
-2050
-1374
-511
-274
193
307
496
579
312
274
31
209
282
781
841
1070
1052
1117
759
1079
362
-257
29
-723
-1015
-409
-1153
-60
-1219
352
110
-561
1261
-1608
1367
-1670
462
-869
-977
675
-506
1182
1189
2481
1627
2869
2559
2610
2770
2265
1912
2492
1346
2116
1833
1268
2079
1909
1648
2285
1947
1597
1779
1840
2306
1250
2503
2013
1981
2933
2560
2973
3326
3650
4282
3748
4623
3693
3198
3647
2581
2610
2171
1429
873
484
-43
32
-833
-1391
-1838
-2640
-2981
-3308
-4158
-4062
-4598
-4915
-4538
-4648
-4276
-4207
-4322
-4007
-4026
-4062
-3623
-3973
-3751
-3720
-3220
-2296
-1921
-1294
-1316
-506
-950
-519
-236
-1116
-766
-1232
-1425
-901
-410
-923
-20
-161
36
755
24
229
-730
-830
-1422
-1437
-1616
-2431
-1421
-2268
-484
-1500
126
-602
0
762
53
1258
361
975
-336
1165
-273
879
575
168
1059
446
950
1496
1286
1497
2439
2148
1917
3029
2091
2156
3149
2183
2887
2839
2618
3108
3512
3422
3762
4135
3832
4510
4176
4241
4470
3891
4095
3320
3363
2677
2376
1680
1457
1717
987
1171
1175
939
1303
1149
964
721
384
10
-550
-870
-1823
-2451
-3056
-3699
-3728
-4014
-4466
-4029
-4381
-4615
-3936
-4603
-4357
-4110
-5045
-4208
-4544
-4091
-3376
-3480
-2728
-2347
-2324
-2109
-1494
-2209
-1411
-1441
-2299
-1353
-1413
-1931
-665
-1037
-776
-247
-343
-752
-598
238
-1661
129
-101
-1351
184
102
-742
1196
-70
606
-1074
1186
-1054
-339
1181
-1956
2090
-2455
1606
-351
446
510
1340
294
651
2788
-587
3071
1905
2245
2726
3245
2803
3566
2576
3788
2941
1862
3346
2232
1389
2461
3264
1025
3853
2547
1954
3215
2472
2650
2406
2714
2776
2615
3108
2910
3148
2843
2895
2698
2134
2451
1870
1642
1429
1459
1157
1066
485
158
-1036
-1174
-2126
-3051
-3517
-4353
-4698
-5074
-5002
-4816
-4783
-4585
-4428
-4244
-4202
-4044
-4321
-4985
-4427
-4473
-4611
-3617
-3293
-3674
-1842
-2820
-1849
-1375
-1970
-1416
-1017
-1167
-738
389
-316
917
884
560
1499
550
698
1436
-130
1336
14
623
1212
-394
1394
-163
231
-1296
1041
-2559
296
-149
-743
601
176
1457
109
2869
306
2608
333
2486
-358
1695
29
32
1061
597
685
1297
1537
659
2399
872
1787
1494
1046
1116
1545
1041
2120
1588
2170
1780
2779
1584
2846
2036
2745
2495
2463
3077
3806
2456
4039
3225
2583
2996
1733
2254
849
1114
606
1004
62
1493
311
549
720
20
-727
-592
-1949
-2355
-2946
-3485
-3689
-3920
-3943
-3365
-3344
-3294
-2720
-3726
-2896
-3648
-3508
-3796
-3997
-3412
-3802
-2761
-2853
-2068
-1832
-1553
-1267
-548
-1003
150
179
15
656
643
693
192
1151
-507
21
-308
-1035
-1160
-123
-1951
693
-1290
836
-966
1787
-1206
-787
2263
-3205
99
-1014
-939
-3218
1502
-1570
-1090
631
-31
-112
-460
1912
-685
-608
2290
-1525
915
751
530
481
1969
1285
920
3767
1495
1900
3297
2240
2589
2801
3346
2421
1039
4850
414
1717
2437
1632
141
2633
2218
844
3732
2174
2997
3305
3291
3160
2979
1586
2922
1065
1549
1933
920
1485
1500
628
2104
451
823
530
-884
-389
-1714
-1791
-2324
-2398
-3228
-2485
-3020
-2589
-2111
-2559
-2171
-2060
-2381
-2040
-1822
-2286
-2092
-1815
-2239
-2010
-1408
-2309
-2498
-1206
-2405
-1698
-1374
-1236
-1188
-1263
425
-1029
-973
1152
-1713
-1968
860
-4150
-1154
-2463
-2635
-3407
-2129
-1277
-3773
72
-2231
-1018
-1917
-662
-829
-3182
1317
-3523
832
-1482
132
85
-225
1334
1105
1639
582
3304
-629
3553
1163
1803
2837
1929
1511
3203
1077
2762
1490
3043
1113
2081
2769
1225
2341
2623
2844
57
4241
1085
883
3236
1031
634
2851
814
1995
2761
1901
2183
2942
2111
2419
2086
2369
1140
1714
1648
1057
1664
1376
1984
730
2398
1478
1110
1902
953
471
771
55
-572
-700
-1209
-1583
-1833
-1895
-2307
-2232
-2227
-2291
-2020
-2072
-1625
-2394
-1416
-2188
-2019
-2367
-1669
-4057
-2051
-3985
-4016
-3140
-4367
-2821
-4826
-2191
-3742
-2301
-2821
-2287
-2143
-3900
-1724
-3124
-4331
-609
-4423
-1671
-2485
-1018
-2603
573
-1775
-532
392
-2747
2164
-2589
2111
-2267
3425
-2901
2299
1913
-1002
3389
1709
584
1473
3037
-378
2199
2888
235
2152
2794
342
3287
313
4114
83
1713
3390
300
1484
3656
739
1487
3176
1404
1922
1526
2696
981
1286
2718
1744
792
4291
1779
2843
4435
2910
3990
4072
3428
4169
3214
3038
3491
1619
2937
2224
1119
2033
1284
567
1412
353
788
81
-61
-322
-726
-825
-1459
-1453
-2384
-1986
-3000
-2480
-3478
-2871
-3756
-3666
-3719
-3921
-3632
-3755
-3390
-4395
-2549
-4244
-3465
-3476
-3335
-4975
-1871
-4258
-3622
-1485
-4993
-1405
-3071
-2469
-2630
-960
-4085
-1015
-1655
-2950
546
-2345
-598
-803
-734
-32
-35
-470
709
-1179
426
22
-595
551
-27
39
604
867
189
1017
1161
17
1441
367
646
1000
880
369
1684
1413
823
2909
1682
1084
3098
1802
1038
3546
1304
2619
2825
2296
3348
2744
3350
4100
3140
3453
4199
3343
3143
4438
3373
2730
4409
2557
2977
2683
3171
2074
2579
2093
958
2140
592
1331
701
434
723
-323
151
-365
-627
-866
-1178
-1482
-1902
-1671
-2382
-1779
-2622
-2113
-2218
-2637
-2270
-2813
-2496
-3261
-3166
-3058
-4429
-3286
-3432
-4678
-3065
-3712
-4239
-2591
-3227
-4414
-1324
-4337
-2303
-1985
-2015
-2888
63
-2124
-1564
796
-2692
1098
-2100
168
-1033
-400
-1536
154
-1510
-817
-35
-1931
-398
-134
-1560
-176
-1320
64
-1253
510
-482
-413
768
-383
654
-486
1597
-1158
1875
-1438
2772
-800
1502
2147
2357
1485
4889
3315
2561
6210
2900
4259
5019
3393
3697
4680
2433
5291
2325
3874
2626
3946
1972
3761
2489
2637
2933
1730
3089
1458
2203
2066
1465
982
2065
-38
973
541
430
-330
756
398
-141
761
523
49
-19
196
-997
-1112
-965
-2094
-2319
-2004
-2928
-2656
-2798
-2888
-2663
-2973
-2688
-2675
-3336
-2535
-3152
-2716
-2980
-2940
-2695
-3034
-1506
-3451
-1580
-2491
-3075
-1093
-2884
-2053
-691
-2356
-1730
-416
-1855
-1566
32
-2196
-1254
-676
-2529
-165
-2445
-635
-1483
-1660
-1011
-1381
-471
-2640
-176
-1207
-2861
728
-2637
-125
-1732
1012
-812
441
2566
-121
2113
1241
2514
1772
2091
3515
963
3891
2364
2731
3706
2360
4631
1263
5099
1539
3731
2779
3045
1618
4055
2128
1737
3627
946
2306
2069
1773
839
3127
764
2160
2237
2079
2175
2941
2007
2297
1632
2419
756
1459
1286
440
937
902
305
579
646
287
365
-6
357
-807
-449
-1052
-1451
-1502
-1624
-2308
-1809
-2195
-2231
-2426
-2735
-2538
-3209
-3173
-2735
-3506
-2842
-3076
-2343
-2965
-1757
-2313
-2742
-1547
-3227
-2004
-2466
-2165
-2636
-1295
-2859
-1215
-1470
-2133
-840
-1689
-2162
-1035
-1901
-2855
-538
-2918
-1610
-1402
-1394
-1201
-871
-179
-806
-156
140
-709
773
-1002
736
-26
-165
1221
-340
1698
-209
2359
-19
1144
855
1123
1224
1085
3220
16
3392
1804
2016
2240
2955
1079
2112
2842
1069
3149
1515
2978
2157
2656
3075
1807
2680
2235
2219
1771
1953
2894
1068
3222
2458
2128
3023
2805
2291
2697
2839
1778
2544
1909
1567
2045
1276
1766
1134
961
1246
-258
636
-891
-505
-1220
-1160
-1772
-1836
-1892
-2129
-2192
-2258
-2563
-2783
-3160
-2912
-3359
-3200
-2982
-3048
-2691
-2372
-2284
-2453
-1855
-2918
-2212
-3121
-2324
-3057
-2528
-2756
-1830
-2659
-1254
-1285
-1739
-1057
-355
-2026
-799
-965
-1644
-1670
-925
-979
-2691
728
-1945
-1543
58
-918
-1611
50
-1246
-266
-1037
488
-908
850
-983
1650
-1112
313
1163
-1134
691
501
642
1390
1528
1572
2315
2038
2160
1868
2673
103
3418
-571
2505
1011
1882
1325
2305
1836
2398
2676
2120
3469
2092
2347
3724
1590
3242
3864
1639
4036
3153
2971
3157
3910
2063
3587
2115
3140
2193
2703
2137
2371
1783
1957
1378
643
644
-36
-572
-739
-737
-1771
-1239
-1705
-1797
-1812
-2098
-2514
-2681
-3313
-3079
-3674
-3644
-3864
-3561
-3884
-3284
-3027
-3298
-2804
-2915
-3140
-3061
-2877
-3170
-3009
-2579
-2871
-2297
-1980
-1403
-2150
-814
-1398
-1942
-888
-1731
-1881
-1439
-1316
-2372
-537
-1170
-1900
-128
-1287
-1177
63
-1045
-185
-538
586
-407
1108
828
739
1196
-109
478
429
-890
427
-78
-982
784
116
524
858
2024
191
2521
1190
2548
1377
2052
2219
1200
2372
2366
1905
2507
2844
1940
2810
2932
2629
2841
3626
2700
4047
4151
3702
4820
4292
4114
4260
3293
3723
2762
2844
2783
2398
2471
2635
1933
2201
1934
1148
1071
539
-62
-395
-851
-1552
-1429
-2246
-2148
-2540
-2855
-2893
-3527
-3650
-3812
-4400
-3799
-4566
-3836
-4332
-3450
-3654
-3185
-2792
-3476
-2419
-3971
-2346
-3517
-2827
-2761
-2733
-2835
-1680
-2032
-2018
-506
-2149
-1332
-599
-2462
-592
-1301
-1990
-151
-1600
-551
-239
-1098
-245
-437
-1156
-122
-971
-1010
-145
-1140
-468
448
-1198
844
-47
-621
438
499
-1052
1464
-328
123
1415
739
855
1844
1564
1179
2173
1204
1577
2066
2023
1501
2826
2097
3246
2573
3581
3674
3238
3485
3590
2951
2912
3737
2055
3762
3144
3128
3761
3255
3633
3453
3005
3515
2655
3085
2969
2631
3166
2589
2533
2300
1898
956
1014
-76
-533
-554
-1844
-1337
-2078
-2369
-2173
-2687
-2781
-2973
-3154
-3450
-3657
-3768
-4000
-3777
-3913
-3380
-3619
-2721
-3168
-2675
-2483
-3113
-2819
-2577
-3274
-3043
-1699
-3836
-1111
-2217
-1499
-1519
-877
-1830
-1322
-901
-2164
-710
-1485
-1801
-774
-1271
-1380
-1462
-411
-2295
-656
-1575
-1211
-1210
-1346
19
-1823
-367
475
-871
-1312
2394
-2958
446
522
-1971
719
-287
-450
1371
37
1128
2920
-93
2702
2984
569
2672
3271
352
3143
2018
1900
2461
3015
2581
2573
3014
2815
3335
3292
3363
4234
3199
3963
4285
3623
4584
4041
4033
3260
4041
2643
3461
2672
3066
2824
2850
2941
2833
2304
2412
1651
937
753
-223
-424
-1481
-1345
-2280
-2088
-2540
-2423
-3001
-2700
-3229
-3603
-3176
-3950
-3619
-3661
-3553
-3585
-2994
-3212
-2608
-2372
-2802
-1789
-3266
-1860
-2871
-2740
-2269
-2483
-2488
-1616
-2274
-1581
-1593
-1936
-1416
-1878
-1486
-1663
-1311
-2030
-664
-1641
-1302
-873
-1521
-1146
-1302
-1503
-1463
-1679
-1188
-1958
-965
-1388
-564
-893
89
-988
822
-399
-75
890
-547
575
421
431
239
1607
319
1967
956
2201
1879
1490
2566
1887
2258
2563
2880
2409
3044
3541
2695
3077
3821
2484
3479
3753
2660
4316
3728
3955
4556
4383
4531
4602
4168
3885
3899
3054
3235
2731
2682
2488
2412
2066
2182
1644
1300
1082
313
16
-517
-1036
-1338
-1750
-2106
-2331
-2485
-2930
-2700
-3201
-3082
-3273
-3478
-3463
-3428
-3733
-3330
-3747
-3240
-3305
-3065
-2977
-2818
-2866
-3120
-2162
-3266
-2354
-2390
-2443
-2192
-1217
-1966
-965
-856
-2087
-656
-1748
-2484
-594
-2706
-1795
-1127
-2605
-1283
-1144
-1891
-927
-1886
-1088
-1173
-2001
-438
-1596
-995
-657
-1025
-410
-589
-221
-585
444
-948
1536
-1304
959
732
-304
1387
1185
717
1154
2755
-69
3578
1258
2715
2651
2415
2812
3547
2288
3933
3554
2164
4383
2904
2688
4058
3257
2989
4067
3301
3841
4046
3796
4462
4024
3601
4679
2733
3749
3050
2463
2684
2688
1906
2335
1861
1579
1502
709
822
-107
-717
-830
-1642
-2206
-1819
-3042
-2715
-3106
-3504
-3554
-3670
-3968
-3909
-3873
-4217
-3654
-4092
-3702
-3109
-3583
-2634
-2862
-2816
-2602
-2730
-2976
-2657
-3076
-2575
-2541
-2400
-1593
-1764
-1309
-1172
-1114
-1526
-1028
-1486
-1417
-1850
-1393
-2087
-1460
-1880
-1099
-1629
-1382
-859
-1936
-839
-1284
-1297
-1000
-1057
-1629
296
-1664
-238
679
-737
-235
1902
-1191
742
1474
-80
1124
1799
1490
1327
2348
2384
1731
2656
2716
2496
2195
3601
2209
2843
3795
2615
3515
3130
3836
2658
3636
3279
2933
3146
3659
2783
3561
4395
3142
4431
4014
3351
3730
2897
2798
2466
1969
1902
1956
1330
1617
1144
924
662
260
-19
-393
-942
-1099
-1664
-1858
-1881
-2621
-2330
-3002
-3008
-2855
-3372
-3007
-3247
-3504
-3328
-3496
-3374
-3566
-2796
-3016
-2871
-2036
-2669
-2209
-2293
-2200
-2795
-1967
-2333
-2812
-1446
-2538
-1895
-1203
-2008
-1263
-1313
-1651
-2035
-1144
-2139
-1863
-1008
-2310
-1372
-1832
-1050
-1833
-1002
-656
-2263
-314
-1360
-1256
-662
-566
-466
-726
1055
-918
897
240
285
477
487
814
746
700
966
1695
80
2910
1677
1719
2268
3038
513
3560
2315
1759
3045
2330
2233
2364
2923
2275
3199
2326
3327
2761
2611
3671
2365
2995
3744
2497
3802
3211
3631
2838
3438
2644
2542
2767
1990
2229
1982
1962
2075
1558
1836
1568
930
1066
154
54
-404
-724
-1193
-1128
-1911
-1499
-2276
-1764
-2179
-2151
-2497
-2427
-2720
-2995
-2751
-3099
-3029
-2830
-2781
-3151
-2280
-2672
-2850
-2577
-2201
-3549
-2002
-2883
-2830
-2145
-1779
-2583
-1110
-1932
-1679
-1548
-2009
-1271
-2344
-1659
-1596
-2269
-1362
-1280
-2340
-738
-1756
-1353
-1201
-1587
-1358
-1456
-1441
-718
-1526
-267
-722
-465
-102
644
-615
1229
-262
-79
1316
-607
1520
-207
1857
558
1246
1937
1694
1889
2084
2604
869
3517
1946
1707
3405
1729
2766
1978
3255
2098
2795
2876
2264
3174
2781
3142
3302
3182
3419
3518
3144
3506
3323
2574
3071
2523
2352
2660
2202
2520
2226
2163
2456
1660
1749
1642
663
1026
224
-49
-399
-994
-1162
-1457
-1927
-1613
-2367
-2319
-2413
-2774
-2794
-2618
-2946
-2865
-2791
-3108
-2833
-2607
-2939
-2871
-1996
-3443
-2374
-2197
-3280
-2369
-1745
-3299
-1823
-1483
-3015
-1080
-1883
-1954
-1192
-2059
-1482
-1960
-1860
-1717
-1642
-1763
-1425
-1405
-1849
-1446
-953
-1826
-1463
-238
-2415
-722
-500
-2169
-36
-798
-599
-857
158
-847
442
-378
698
154
-246
2136
-1274
1956
536
1496
940
2637
1301
1972
2205
1783
2432
1551
3192
1732
2107
3003
1999
2609
3026
2323
3210
2601
3421
3036
3472
3409
3741
3468
3575
3954
3353
3301
3617
2902
2913
3051
2682
2371
2697
2166
2095
2272
1400
2026
800
1121
326
-27
-172
-554
-933
-1273
-1307
-1897
-1923
-2163
-2357
-2718
-2765
-3040
-3065
-3174
-3081
-3315
-2981
-3130
-2550
-3226
-2899
-2255
-4092
-2040
-3201
-3242
-2693
-2557
-3396
-2174
-1880
-3456
-891
-2693
-2286
-1369
-2895
-2120
-1805
-2591
-2129
-1470
-2811
-1488
-1415
-2983
-1020
-2046
-1755
-1294
-1893
-1153
-1575
-785
-1087
-657
-176
-808
407
-648
643
21
572
305
191
1214
177
1351
1229
1174
1635
1900
1677
2387
2681
1933
3693
1576
3631
2744
1915
3806
2358
2301
3597
2611
2069
4453
2046
3674
3636
3514
3638
3926
3858
3677
3899
3536
3786
3152
3413
3005
2953
2576
2896
2349
2112
2092
1923
1297
1551
1057
471
436
139
-853
-391
-1343
-1486
-1696
-2308
-2120
-2659
-2601
-2832
-3120
-3103
-3258
-3333
-3448
-3534
-3045
-3628
-2892
-2669
-3505
-2253
-2653
-3498
-1795
-3133
-2842
-2150
-2775
-2898
-1544
-2993
-1535
-1931
-1879
-1413
-2019
-1370
-1929
-1460
-1616
-1926
-1455
-1995
-1747
-1619
-1775
-1548
-1487
-1670
-1430
-865
-2000
155
-1980
342
-897
-425
199
-301
247
34
278
421
631
145
1814
246
1706
1716
1191
1893
2382
1070
2915
1763
2361
2050
2625
1869
2990
2317
2846
2722
2763
2987
2557
2892
2702
2930
2559
3392
2385
3703
2640
3743
2699
3883
3075
3407
3158
3180
2736
2668
2743
2023
2601
1861
1936
1485
1553
951
1002
938
408
92
96
-1049
-488
-1436
-1463
-1524
-2197
-1988
-2353
-2566
-2584
-2666
-2792
-2879
-2780
-3245
-3071
-3051
-3034
-2893
-2897
-2396
-3384
-2113
-3086
-2641
-2322
-2853
-2434
-2646
-2223
-2853
-1641
-2539
-1462
-2210
-1423
-2183
-1577
-1352
-2620
-691
-2368
-1809
-1181
-2163
-1598
-1107
-2017
-1143
-1420
-1294
-1147
-781
-1049
-358
-669
-399
173
-318
312
539
-91
1112
287
691
1760
551
1769
1962
571
2937
1271
1851
2933
928
3029
1576
2274
2522
2117
2823
2644
2161
3576
2123
3014
3426
1717
3550
2533
2779
2968
2858
2700
3006
3067
2655
3191
3014
2796
2924
2712
2618
2325
2735
1964
2360
1942
1764
1493
1292
1068
933
665
204
296
-549
-323
-954
-1208
-1190
-1719
-1827
-1949
-2414
-2191
-2605
-2613
-2761
-2962
-2793
-3257
-2769
-3130
-3276
-2472
-3583
-2317
-3013
-3141
-2382
-2978
-2826
-2296
-2901
-2769
-1675
-3231
-1453
-2303
-2388
-1368
-2567
-1614
-2037
-2146
-1786
-1596
-2392
-1264
-2173
-1771
-1207
-1911
-1295
-1102
-1822
-765
-1447
-986
-883
-833
-320
-801
206
-697
522
240
400
565
886
468
1671
780
1607
1838
1127
2450
1537
1977
3030
1203
3119
2300
1546
3920
1780
2539
3497
1681
2803
3525
1259
4290
1979
3056
3344
2574
3409
3069
2889
3081
3323
2430
3499
2705
2933
3164
2808
2570
2948
2068
2280
2154
1963
1879
1472
1366
934
841
763
357
197
-64
-755
-638
-1242
-1473
-1443
-1909
-2161
-1988
-2851
-2450
-2713
-2990
-2781
-3182
-3142
-3410
-3239
-3303
-3541
-2973
-3463
-3087
-2929
-3288
-3129
-3132
-3018
-3313
-2243
-3283
-2404
-2772
-2738
-2625
-2207
-2312
-2458
-1632
-2738
-1843
-2261
-2077
-1867
-1886
-1599
-2135
-1244
-1626
-1113
-1321
-564
-1323
-356
-155
-714
224
302
131
723
789
375
1093
965
1235
1042
2239
530
2779
1436
1441
3004
1558
2232
2995
1841
1932
3492
1581
2993
2911
1922
3189
2453
2562
2750
2532
3023
2429
3050
2597
3001
2981
2755
3075
2611
3425
2831
3101
3247
2649
3167
2784
3001
2598
2901
2454
2178
2353
1841
1703
1664
1383
794
971
350
332
-73
-320
-584
-1044
-1219
-1548
-2021
-1961
-2284
-2853
-2554
-3290
-3225
-3241
-3644
-3497
-3686
-3652
-3819
-3402
-3750
-3594
-3357
-3731
-3542
-3233
-3516
-3702
-2589
-3946
-2728
-2746
-3232
-2246
-2384
-2686
-1909
-2098
-2540
-1017
-2576
-1550
-1243
-2435
-913
-1368
-1580
-900
-976
-1552
-606
-702
-1353
487
-1176
142
-94
62
302
783
615
607
1355
790
1349
1505
1323
1618
2183
1185
2724
1921
1533
3358
2019
2156
3755
1622
2956
2948
2105
3127
2997
2451
2975
2318
2868
2731
2245
3092
2676
2383
3005
2411
2459
2911
2307
2725
2179
2673
1989
2141
2481
1993
2255
2204
1876
1952
1799
1476
1712
1193
1048
1231
309
805
217
-183
95
-391
-531
-748
-803
-1339
-1506
-1586
-1920
-2228
-1942
-2608
-2583
-2548
-3031
-2912
-3108
-3290
-3307
-3378
-3577
-3345
-3549
-3550
-3383
-3641
-3543
-3171
-3614
-3203
-3045
-3593
-2741
-3164
-2919
-2453
-2778
-2550
-1946
-2542
-2052
-1413
-2562
-1079
-1551
-2147
-436
-1451
-1002
-316
-652
-677
679
-469
446
763
84
1508
473
1377
1510
680
2151
1567
1441
2017
2195
1423
2367
2893
1469
3248
2150
2489
2349
2831
2279
2554
3004
1715
3349
1626
3103
2549
1990
3078
2461
2155
2882
2348
2352
2473
2629
2119
1977
3061
1398
2368
2371
1672
1646
2495
1265
1812
1866
1208
1644
1261
1430
789
1159
740
471
551
147
221
-267
-139
-333
-852
-578
-1079
-1050
-1499
-1344
-1812
-2000
-1962
-2381
-2631
-2335
-2897
-2822
-2736
-3145
-2846
-3320
-3023
-3360
-3442
-3256
-3428
-3632
-3162
-3547
-3463
-3159
-3399
-3323
-3155
-3092
-3047
-2943
-2766
-2532
-2850
-2203
-2019
-2648
-1499
-1765
-2160
-942
-1357
-1476
-685
-571
-1172
309
-465
-35
785
61
1070
1111
662
1508
1825
897
2559
1830
1648
2835
2233
2308
2731
2666
2412
2438
3518
1961
3300
3115
2468
3288
2972
2948
2989
2738
3053
2368
3010
2707
2187
3027
1890
2693
2045
2362
2202
2134
1610
2276
1367
1602
2011
942
1708
1406
1071
1377
1221
909
962
669
771
705
671
561
431
60
277
-48
-187
-169
-504
-413
-832
-580
-759
-1323
-725
-1578
-1632
-1334
-1870
-1961
-1900
-2320
-2353
-2238
-2594
-2553
-2825
-2825
-3075
-2957
-3111
-3095
-3124
-3242
-3320
-3150
-3521
-3043
-3153
-3619
-2973
-3354
-3261
-2921
-3074
-3122
-2754
-2697
-2532
-2382
-1972
-2163
-2013
-1600
-1634
-1601
-701
-1055
-756
-262
-335
-351
336
196
497
877
866
1048
1373
1555
1325
2173
1728
2209
2362
1971
2670
2667
2148
3121
2213
2727
3212
1973
3386
2617
2452
3223
2650
2762
2992
2780
2649
2857
2379
2895
2274
2760
2121
2228
2292
1952
2321
1520
2335
1553
1900
1553
1608
1389
1413
1205
928
1086
706
975
705
744
396
177
51
141
183
253
445
-422
-559
-1232
-1456
-638
-659
-301
-439
-1469
-1776
-2081
-2216
-1406
-1334
-1121
-1635
-2122
-2630
-2821
-2288
-2354
-1799
-1885
-2519
-2819
-3103
-3362
-2483
-2501
-2387
-2365
-3135
-3064
-3299
-3051
-2625
-2470
-2329
-2438
-2677
-2790
-2689
-2466
-2050
-1721
-1749
-1581
-1862
-1745
-1507
-1144
-754
-234
-581
-282
-425
-479
97
336
659
835
1065
823
1355
1289
1394
1776
1772
2049
2120
2026
2410
2307
2557
2945
2491
3040
2515
2687
2656
2568
3017
2648
2807
2811
2490
2357
2695
2168
2594
2209
2295
2283
2052
2416
1997
1871
2128
1582
1749
1659
1283
1528
1025
1076
818
702
841
745
333
544
220
22
397
-65
-57
76
-631
-436
-547
-856
-541
-811
-1149
-848
-1343
-1408
-1005
-1612
-1472
-1505
-1652
-1505
-1551
-1828
-1918
-1875
-1997
-1728
-1800
-1839
-1880
-1937
-2042
-2002
-1998
-2202
-1890
-2031
-1988
-1747
-1980
-1935
-1980
-2183
-1684
-1755
-1632
-1531
-1787
-1594
-1505
-1495
-1273
-1180
-1242
-1047
-1224
-799
-918
-605
-393
-500
-299
-319
-64
-122
313
182
472
527
693
818
726
1036
968
1298
1582
1424
1630
1558
1484
1904
1563
1935
1992
1948
2170
2240
1843
2251
2107
1827
2664
1901
2268
2225
1861
2313
1888
1799
2103
1785
1524
1915
1213
1624
1661
1324
1715
1185
1136
866
1037
654
972
745
643
662
148
324
-71
-88
-132
-112
-107
-16
-548
-448
-796
-692
-608
-779
-660
-1045
-895
-1171
-1069
-1222
-1267
-1331
-1281
-1471
-1380
-1458
-1602
-1353
-1787
-1365
-1567
-1725
-1517
-1841
-1582
-1667
-1611
-1554
-1793
-1761
-1786
-1640
-1497
-1380
-1387
-1450
-1396
-1501
-1404
-1290
-1253
-1113
-1019
-1044
-868
-894
-787
-515
-724
-397
-287
-429
42
-120
120
390
57
391
219
205
690
633
929
1129
863
1122
985
946
1375
1049
1492
1420
1252
1770
1297
1511
1623
1295
1522
1468
1325
1635
1426
1581
1661
1350
1553
1322
1231
1261
1268
1233
1361
1174
1168
1002
937
922
822
989
812
778
632
383
361
371
104
352
259
81
174
-88
-121
-173
-452
-356
-359
-746
-342
-636
-682
-530
-1036
-811
-1036
-1195
-1020
-1270
-1094
-1048
-1174
-1066
-1205
-1334
-1313
-1455
-1250
-1302
-1301
-1152
-1479
-1234
-1358
-1394
-1097
-1266
-1219
-1026
-1272
-952
-1053
-1013
-766
-949
-854
-785
-787
-726
-652
-821
-374
-560
-429
-193
-464
-147
-263
-93
52
-51
259
58
180
291
216
495
448
570
683
620
754
743
787
829
883
1081
1065
1123
1144
1012
986
1088
1010
1231
1179
1161
1244
1062
1211
1163
1108
1241
1090
1136
1112
889
980
931
874
1023
850
794
726
450
650
483
603
654
425
394
265
73
95
-49
-168
-8
-353
-163
-256
-448
-299
-541
-482
-465
-606
-506
-665
-785
-798
-954
-807
-821
-987
-841
-1089
-1015
-878
-1095
-886
-1015
-1122
-982
-1120
-945
-928
-934
-875
-1024
-1047
-1017
-1053
-960
-953
-1022
-880
-948
-828
-772
-827
-675
-782
-760
-519
-678
-443
-501
-538
-350
-510
-262
-174
-182
-12
-28
-11
259
50
332
288
218
587
281
645
714
590
946
769
925
1001
855
982
922
888
1119
1078
1141
1237
1079
1181
1142
1142
1231
1162
1205
1175
1074
1111
994
1024
1075
1036
1106
1029
873
780
678
623
757
613
704
596
360
467
264
377
401
278
281
62
-78
-85
-218
-41
-125
-217
-150
-479
-354
-503
-600
-430
-718
-554
-576
-806
-617
-904
-915
-817
-997
-781
-849
-904
-839
-946
-1021
-968
-1106
-1031
-997
-1104
-949
-1055
-956
-944
-893
-885
-918
-946
-882
-837
-811
-609
-652
-517
-533
-617
-446
-619
-448
-428
-430
-172
-347
-121
-123
-193
-20
-57
147
331
239
316
349
170
390
324
444
713
539
773
713
620
842
639
814
839
747
877
782
759
841
844
951
1027
945
1012
861
815
850
803
879
839
724
749
594
599
661
609
771
636
628
630
403
463
324
257
387
245
319
323
162
191
12
-58
33
-136
-105
-129
-254
-142
-225
-211
-91
-283
-254
-386
-529
-439
-637
-550
-547
-648
-552
-615
-639
-621
-743
-731
-714
-810
-710
-808
-851
-840
-941
-825
-779
-709
-626
-633
-614
-634
-689
-692
-670
-635
-553
-499
-438
-383
-362
-273
-257
-232
-169
-230
-160
-159
-119
51
28
184
193
197
335
273
387
421
385
473
329
345
353
275
470
471
591
718
651
710
559
535
499
454
524
497
589
631
654
638
595
573
507
459
424
425
437
493
514
516
517
446
407
356
338
312
304
269
277
255
190
174
98
150
129
131
170
41
30
-59
-191
-145
-256
-221
-206
-286
-199
-309
-338
-346
-427
-422
-453
-507
-484
-555
-590
-612
-684
-603
-643
-558
-537
-565
-490
-569
-596
-681
-743
-704
-679
-587
-501
-411
-387
-413
-471
-549
-587
-609
-566
-464
-365
-238
-147
-73
-48
-93
-128
-152
-160
-134
-128
-21
65
60
125
79
130
197
171
311
334
328
449
335
398
374
307
414
365
451
580
569
678
654
616
641
547
563
522
496
514
517
549
588
601
572
567
507
485
457
402
436
358
369
366
333
385
336
332
304
191
165
71
33
51
-17
57
52
57
70
-28
-67
-134
-261
-251
-310
-335
-239
-314
-268
-307
-423
-368
-454
-464
-420
-502
-442
-480
-540
-522
-585
-593
-583
-601
-536
-494
-479
-420
-467
-477
-526
-604
-577
-580
-549
-472
-399
-361
-298
-350
-326
-375
-447
-410
-434
-354
-301
-290
-207
-166
-125
-71
-82
-62
-68
-52
-32
-4
29
47
75
114
214
295
359
371
372
368
356
396
384
381
382
395
491
546
620
653
662
665
661
614
606
581
563
594
571
624
644
644
695
662
639
596
505
458
414
383
388
367
343
355
320
330
308
241
246
173
142
97
31
50
39
30
24
-19
-34
-66
-132
-165
-226
-278
-307
-361
-371
-356
-362
-311
-345
-346
-348
-452
-467
-575
-646
-659
-698
-659
-612
-568
-483
-444
-447
-423
-519
-579
-633
-746
-715
-745
-705
-624
-624
-512
-456
-397
-370
-409
-407
-423
-448
-428
-396
-365
-298
-271
-227
-124
-92
2
28
45
124
91
134
151
129
209
255
331
417
420
476
507
496
524
474
446
469
445
522
570
608
705
693
720
700
638
613
535
493
489
483
518
532
531
549
540
529
498
443
400
330
246
220
176
187
197
197
231
212
187
135
71
8
-56
-100
-132
-169
-175
-162
-115
-94
-101
-113
-167
-244
-300
-369
-429
-435
-455
-417
-368
-321
-250
-220
-240
-271
-353
-429
-489
-560
-562
-545
-525
-473
-411
-353
-277
-288
-284
-304
-347
-370
-421
-430
-408
-390
-319
-263
-206
-146
-146
-117
-130
-158
-175
-188
-204
-181
-186
-121
-27
27
96
106
129
129
95
71
61
50
89
118
187
264
342
400
408
411
333
240
161
99
104
143
195
289
358
422
484
461
412
336
251
202
172
159
166
197
245
282
304
309
305
298
259
222
161
140
91
50
26
53
114
178
226
246
227
169
76
-29
-111
-171
-167
-131
-29
49
135
173
176
121
7
-89
-206
-304
-347
-334
-246
-174
-105
-68
-54
-72
-124
-175
-227
-258
-278
-277
-302
-282
-245
-216
-162
-172
-162
-154
-202
-233
-272
-271
-247
-258
-236
-188
-141
-62
-21
-30
-47
-112
-179
-233
-323
-330
-330
-281
-157
-66
56
140
163
166
93
-10
-124
-228
-251
-213
-124
-1
92
174
255
268
263
207
141
99
82
74
71
101
153
211
250
265
262
269
269
272
254
245
253
230
220
218
243
300
333
340
334
281
188
97
-3
-45
-44
-13
91
179
284
357
339
285
175
52
-85
-185
-251
-230
-153
-60
48
81
137
123
50
-2
-93
-126
-152
-177
-160
-170
-154
-101
-90
-59
-48
-59
-54
-92
-125
-153
-212
-213
-216
-221
-159
-141
-65
-31
-49
-53
-124
-193
-272
-354
-361
-321
-241
-128
-37
34
63
-4
-82
-154
-238
-287
-330
-306
-205
-101
8
86
114
141
125
75
5
-60
-88
-90
-71
-51
-8
48
103
133
172
194
201
189
146
115
90
75
74
82
121
199
239
266
278
244
197
107
0
-47
-63
-24
84
181
302
388
410
389
288
141
5
-120
-175
-182
-139
-23
88
177
208
206
183
134
55
6
-24
-43
-62
-87
-82
-46
-6
-4
1
13
23
37
12
-29
-72
-119
-158
-180
-151
-88
-10
32
48
27
-36
-108
-218
-303
-345
-351
-265
-171
-57
32
59
50
-14
-118
-240
-318
-365
-344
-285
-211
-99
-46
-4
21
0
-27
-101
-164
-184
-184
-172
-159
-140
-107
-48
-19
41
103
111
128
91
50
6
-31
-52
-38
-1
42
137
188
229
235
178
127
42
-34
-63
-54
18
111
186
245
278
252
201
103
11
-37
-71
-53
3
90
184
223
229
204
184
129
65
32
16
18
33
54
90
125
141
156
163
153
141
111
86
44
-16
-49
-89
-80
-52
-15
72
135
141
118
36
-53
-158
-256
-298
-310
-234
-117
-30
59
76
54
12
-98
-194
-274
-341
-328
-291
-213
-95
-60
-26
-3
-8
-6
-71
-145
-179
-209
-207
-193
-175
-125
-76
-18
44
88
93
65
12
-30
-91
-144
-163
-131
-67
6
107
154
188
168
98
27
-66
-130
-168
-162
-87
21
121
200
239
217
180
79
-19
-62
-106
-95
-50
-2
79
144
154
189
178
140
116
65
29
7
-40
-19
11
14
58
85
139
195
179
169
141
82
27
-29
-44
-34
-10
38
89
147
172
131
76
-13
-95
-152
-193
-163
-111
-19
86
138
173
174
104
24
-78
-161
-198
-218
-181
-121
-50
22
62
74
87
72
31
-19
-82
-133
-170
-176
-172
-134
-90
-31
47
74
82
54
16
-16
-64
-109
-118
-108
-74
-18
20
68
92
78
47
-32
-97
-138
-145
-120
-74
7
78
124
138
123
90
23
-33
-86
-116
-120
-115
-59
3
75
129
159
176
153
100
48
-9
-56
-81
-80
-47
-8
38
100
151
208
217
178
141
73
27
-16
-42
-31
-5
40
96
138
165
172
128
75
9
-37
-63
-74
-60
-16
43
75
123
125
81
28
-53
-103
-132
-169
-135
-90
-45
40
82
113
134
80
37
-31
-106
-112
-155
-145
-100
-82
-24
12
38
74
45
15
-7
-53
-72
-92
-116
-97
-71
-39
-14
-9
-3
-16
-36
-74
-106
-121
-138
-139
-127
-86
-14
34
62
69
52
39
-4
-72
-109
-138
-126
-70
-19
43
92
108
125
96
51
27
-27
-62
-75
-68
-14
18
56
115
143
156
129
80
57
23
12
6
-24
-12
2
9
40
66
111
136
110
102
63
5
-31
-59
-45
-7
18
74
113
119
128
91
53
8
-69
-100
-98
-81
-18
31
82
132
117
110
73
2
-26
-79
-101
-77
-71
-24
10
16
41
35
23
24
-6
-2
-16
-53
-57
-67
-50
-46
-41
-8
-13
-6
1
-26
-39
-94
-123
-110
-105
-68
-32
-2
45
47
37
20
-65
-128
-183
-206
-187
-171
-96
-13
33
73
67
57
5
-71
-95
-119
-120
-114
-101
-49
-28
-16
15
18
47
47
34
37
2
-13
-15
-48
-41
-37
-26
14
24
57
86
70
60
41
20
13
2
15
57
100
122
132
117
79
25
-49
-70
-79
-69
-14
44
109
155
169
163
128
57
18
-5
-31
-35
-41
-15
16
8
30
38
42
62
60
67
57
37
26
-9
-46
-69
-76
-54
-34
3
40
54
53
22
-20
-53
-91
-97
-88
-65
-7
24
42
40
6
-31
-78
-123
-136
-122
-76
-22
12
47
65
48
6
-36
-69
-93
-98
-112
-95
-74
-61
-25
-23
-8
9
14
39
18
11
11
-39
-57
-109
-139
-115
-105
-50
-4
4
49
41
23
32
-16
-7
-23
-45
10
18
58
85
41
42
-12
-64
-57
-78
-16
40
69
139
139
139
129
65
40
-8
-40
-16
-33
-20
-19
-12
26
8
27
53
66
99
91
99
93
39
5
-62
-107
-98
-82
-19
28
53
114
120
102
84
21
-13
-35
-51
-19
15
45
78
62
29
16
-29
-59
-45
-36
29
81
99
128
100
66
44
-28
-55
-71
-102
-74
-72
-55
-13
-23
0
10
11
38
13
16
14
-44
-52
-92
-125
-121
-152
-98
-47
-22
41
55
75
77
9
-20
-47
-73
-55
-53
3
50
42
46
13
-17
-28
-58
-33
-17
7
61
75
109
111
79
73
34
9
4
-28
-27
-30
-28
-5
-11
-6
12
19
42
40
39
43
10
-5
-43
-88
-90
-101
-61
1
27
82
104
100
87
23
-7
-29
-57
-38
-23
17
55
57
70
48
10
-8
-39
-34
-19
-13
31
46
65
88
67
61
33
-1
-7
-38
-37
-34
-29
-8
2
19
33
41
63
56
46
29
-10
-31
-73
-94
-102
-121
-76
-41
-16
25
21
31
20
-24
-19
-48
-52
-26
-36
8
27
19
30
-23
-43
-49
-73
-44
-37
-22
20
29
66
82
65
69
56
31
29
16
11
12
-14
-15
-18
-3
38
55
71
82
83
69
40
2
-23
-46
-71
-61
-33
-1
33
47
50
41
-1
-35
-58
-89
-75
-54
-33
9
23
33
19
-21
-40
-67
-75
-62
-56
-27
-2
34
66
58
46
24
-12
-21
-30
-30
-6
-13
-7
-7
-17
12
11
2
6
-3
19
24
14
28
4
-17
-21
-39
-34
-33
-25
6
-2
-5
-4
-28
-25
-31
-23
-8
-11
3
20
12
5
-24
-58
-64
-91
-86
-66
-57
-16
15
26
51
39
27
23
-9
-4
-13
-25
-2
-4
7
10
-15
0
-17
-29
-5
-13
15
38
37
62
44
36
36
13
31
27
20
29
2
2
-5
-17
11
12
33
62
61
78
57
36
27
-16
-31
-38
-50
-23
-24
6
46
47
71
49
13
2
-40
-52
-58
-65
-26
-8
1
17
13
12
4
-14
-16
-9
-16
-19
-11
-20
-13
-14
-25
-5
-7
-9
20
1
-5
-3
-27
-6
-17
-25
10
0
16
28
14
30
1
-30
-35
-64
-61
-49
-37
3
13
26
36
16
8
3
-5
9
4
9
35
25
19
-1
-34
-37
-54
-67
-46
-34
-5
33
40
59
53
25
17
-14
-35
-33
-47
-28
-9
-11
8
2
3
20
13
36
43
41
62
49
31
15
-27
-51
-58
-48
-6
16
42
70
64
45
16
-7
-19
-31
-30
-9
14
37
38
30
22
13
-4
-31
-44
-51
-42
-14
11
35
39
15
1
-16
-31
-30
-51
-51
-48
-57
-25
-7
-8
8
-10
-10
-2
-6
30
40
35
35
-8
-26
-32
-55
-33
-14
-1
31
34
48
59
45
40
19
-6
-1
-1
12
17
5
16
17
16
15
-1
-5
-10
-9
14
18
15
5
-10
-18
-36
-43
-38
-34
-17
-7
13
18
5
-8
-32
-39
-43
-39
-13
-2
9
16
5
18
12
6
26
21
25
27
12
30
18
10
27
-1
7
10
-2
30
12
15
34
10
35
32
12
40
16
27
50
24
48
21
-7
10
-40
-36
-24
-41
12
1
-3
25
-9
3
-12
-47
-17
-41
-33
-12
-47
-25
-30
-45
-17
-33
-17
-2
-31
-5
-9
-15
14
-3
8
12
-21
-11
-22
-30
-3
-10
14
37
25
39
23
10
21
8
13
24
14
32
35
28
26
3
-1
-3
-11
4
15
24
20
2
0
-14
-22
-22
-28
-13
-20
-21
-3
-8
2
4
-6
12
-8
-24
-13
-27
-8
-8
-15
17
-9
-27
-31
-53
-22
-9
3
37
30
43
42
19
28
2
-10
-4
-24
-3
-8
-11
16
-4
10
17
3
32
21
17
30
-2
-6
-22
-43
-23
-21
-16
-2
-8
13
20
18
28
7
4
-12
-28
-13
-15
-1
2
-2
15
-4
-19
-21
-44
-34
-32
-35
-5
-11
1
18
-10
0
-9
-22
1
-13
-12
-12
-39
-29
-39
-50
-24
-28
-3
21
16
43
26
6
-1
-39
-38
-33
-32
9
25
50
77
57
61
41
7
0
-26
-20
1
1
18
18
5
0
-20
-21
-15
-1
20
20
25
23
9
3
-28
-45
-44
-43
3
27
52
67
34
20
-3
-27
-25
-22
-7
29
39
59
64
35
14
-32
-57
-53
-43
-2
38
67
87
77
61
33
-4
-25
-33
-13
13
28
34
25
9
-12
-36
-59
-62
-53
-27
3
22
30
16
-14
-40
-63
-80
-68
-48
-14
29
37
33
9
-38
-62
-78
-81
-48
-20
17
49
52
42
8
-34
-69
-76
-64
-21
25
57
90
87
67
34
-4
-24
-30
-14
18
45
71
79
67
42
8
-15
-24
-22
0
31
59
77
62
46
17
-26
-40
-50
-32
4
29
55
50
30
14
-19
-38
-45
-49
-13
8
19
40
12
0
-26
-61
-50
-49
-28
7
17
40
51
28
30
-3
-18
-16
-24
5
22
28
40
27
21
14
-13
-8
-4
16
36
42
40
20
2
-20
-31
-38
-33
-15
7
26
26
5
-26
-42
-55
-55
-42
-22
-1
6
4
-6
-26
-51
-67
-69
-52
-29
-3
22
26
20
-1
-29
-36
-35
-26
-4
20
42
52
39
18
4
-22
-30
-34
-17
14
28
50
56
43
18
-16
-40
-38
-25
9
45
50
49
19
-7
-22
-44
-41
-43
-31
-4
10
37
32
7
-14
-46
-56
-61
-50
-17
1
27
37
24
12
-9
-30
-24
-33
-14
14
21
49
36
23
12
-23
-29
-25
-11
18
30
42
60
50
44
35
13
8
7
14
32
23
17
10
-2
-1
-12
-6
-1
-7
14
17
21
16
-11
-22
-33
-44
-32
-28
-13
12
4
2
-6
-28
-26
-34
-37
-14
-21
0
9
-10
-13
-38
-49
-46
-58
-38
-21
-17
6
0
6
6
-19
-14
-16
-20
4
8
18
23
9
15
-1
-12
-9
-11
4
20
26
40
27
3
-9
-40
-40
-31
-25
5
17
32
35
24
18
-6
-19
-21
-16
-2
13
17
10
2
-13
-20
-38
-44
-49
-40
-19
-7
7
5
-2
-6
-9
-12
-3
1
7
24
19
20
21
8
6
-4
-4
9
13
30
44
49
53
41
22
11
2
8
10
16
34
34
32
24
7
-1
-14
-10
8
20
39
45
39
35
15
-15
-31
-45
-44
-35
-25
-11
-8
-9
-14
-18
-21
-23
-29
-23
-7
10
18
17
15
-5
-9
-20
-23
-11
-4
18
31
44
52
39
29
16
8
9
17
23
30
28
