-17
2
19
23
13
-1
-2
-3
13
36
43
46
34
21
14
7
4
1
10
20
19
3
-1
-1
-8
-19
-19
-7
2
0
-7
-11
-22
-33
-45
-47
-40
-28
-14
-12
-18
-35
-55
-61
-48
-17
12
26
22
5
-12
-33
-37
-26
-15
-4
-4
-7
-10
-13
-7
-1
4
1
-8
-7
-7
5
16
21
20
8
-13
-26
-31
-19
6
7
5
7
5
2
-6
4
12
14
6
3
2
-8
-14
-13
-8
-5
-8
-4
4
4
9
8
0
-13
-26
-25
-21
-6
3
0
-13
-32
-49
-59
-46
-16
8
14
2
-20
-32
-43
-46
-29
-11
1
-1
-16
-33
-42
-41
-35
-24
-8
19
21
5
-7
-12
-10
-10
-15
0
14
18
16
7
1
-7
-1
11
23
26
28
26
18
8
-7
-10
-5
-8
-20
-32
-31
-19
-10
-3
-2
0
-1
-10
-15
-12
-1
9
11
9
10
3
-6
-9
-9
-8
-4
1
6
8
7
7
6
5
11
21
28
33
30
18
0
-9
-8
-9
7
25
37
31
15
3
-4
-6
-3
22
47
50
40
16
-7
-14
-2
23
37
33
29
9
-8
-15
-18
-17
-14
-9
-6
-6
-10
-10
-6
-6
-4
1
3
-1
-6
1
7
3
3
7
5
4
8
13
20
18
7
3
12
23
35
48
49
44
28
11
4
13
30
28
22
6
-8
-7
0
17
31
31
25
12
5
-1
-7
3
20
22
19
16
-1
-9
-9
2
19
15
7
0
-2
-8
-12
-9
-8
-4
-2
3
-6
-17
-15
-17
-19
-25
-18
-3
2
4
4
-5
-12
-18
-9
13
20
21
8
-5
-10
-6
14
32
45
50
45
40
37
35
28
32
41
51
53
48
48
41
37
35
35
46
48
47
43
29
18
8
9
19
27
35
31
19
11
11
7
0
-6
-5
9
19
27
22
19
21
20
23
22
19
16
18
15
23
43
53
55
47
38
36
36
30
22
18
12
4
3
-4
-17
-22
-37
-47
-53
-59
-48
-52
-53
-62
-78
-88
-98
-93
-94
-96
-97
-103
-103
-104
-107
-111
-106
-82
-70
-75
-90
-105
-103
-89
-72
-48
-33
-31
-35
-58
-79
-91
-77
-46
-32
-25
-29
-38
-47
-62
-71
-61
-63
-67
-71
-75
-75
-76
-76
-64
-51
-46
-37
-37
-38
-47
-51
-45
-32
-14
2
18
22
28
35
42
53
61
84
116
138
148
143
145
147
144
150
152
151
159
157
145
129
112
112
106
98
96
69
34
-5
-44
-54
-62
-68
-78
-100
-120
-162
-203
-232
-241
-236
-237
-242
-257
-277
-301
-326
-334
-326
-317
-305
-305
-312
-316
-323
-323
-319
-314
-301
-293
-289
-291
-295
-302
-308
-296
-282
-273
-262
-260
-259
-269
-289
-293
-285
-272
-257
-238
-220
-205
-203
-204
-191
-177
-157
-122
-96
-73
-53
-27
-6
28
76
125
186
234
285
324
352
391
449
519
584
635
682
723
752
785
820
865
905
935
970
988
996
1000
1005
1002
993
970
933
881
810
749
686
626
566
495
416
314
191
82
-36
-152
-249
-343
-440
-541
-630
-734
-829
-919
-996
-1054
-1119
-1173
-1233
-1275
-1299
-1331
-1346
-1359
-1348
-1316
-1302
-1277
-1242
-1190
-1127
-1075
-998
-909
-834
-754
-674
-597
-534
-473
-394
-311
-216
-121
-32
40
96
151
192
224
279
337
388
431
457
483
488
495
521
543
563
567
561
547
524
506
521
547
579
601
603
590
573
574
573
579
611
644
670
699
732
754
775
799
829
874
918
954
995
1029
1052
1073
1081
1101
1116
1117
1123
1104
1057
1006
948
883
827
778
730
662
575
470
336
212
88
-25
-130
-241
-346
-458
-578
-703
-826
-935
-1022
-1100
-1171
-1226
-1271
-1314
-1345
-1357
-1338
-1321
-1321
-1296
-1260
-1212
-1153
-1065
-968
-888
-799
-711
-630
-551
-454
-351
-249
-145
-44
58
156
234
307
370
422
457
480
493
493
500
523
521
512
515
498
473
426
380
335
282
237
189
130
72
3
-66
-121
-171
-214
-259
-302
-346
-388
-413
-416
-415
-405
-393
-374
-345
-322
-302
-283
-233
-175
-110
-45
48
146
227
332
420
515
610
721
857
972
1072
1178
1274
1345
1414
1459
1508
1547
1571
1601
1580
1524
1447
1340
1263
1196
1135
1075
975
839
688
510
339
183
27
-100
-255
-417
-578
-756
-933
-1109
-1258
-1374
-1445
-1510
-1561
-1599
-1640
-1664
-1657
-1618
-1580
-1539
-1489
-1437
-1406
-1354
-1282
-1197
-1091
-1007
-908
-822
-742
-645
-561
-463
-359
-263
-162
-62
19
86
119
128
131
115
126
140
139
142
130
130
116
92
86
85
88
96
101
73
39
-3
-36
-51
-60
-64
-66
-82
-104
-131
-131
-105
-67
5
48
57
55
62
66
86
122
187
265
326
390
424
465
502
543
616
686
750
812
857
901
945
990
1056
1128
1203
1288
1344
1381
1402
1383
1365
1308
1224
1120
1004
913
808
694
554
388
231
80
-51
-159
-284
-416
-566
-739
-898
-1058
-1187
-1305
-1437
-1572
-1717
-1851
-1959
-2052
-2106
-2120
-2088
-2028
-1956
-1893
-1826
-1728
-1613
-1474
-1345
-1232
-1131
-1054
-986
-907
-795
-644
-474
-323
-170
-27
91
193
279
385
477
570
653
673
657
617
581
576
553
580
612
636
685
671
653
635
605
588
541
494
448
396
328
236
141
55
0
-31
-42
-48
-48
-48
-74
-80
-66
-18
54
132
189
219
239
236
247
262
309
354
424
502
567
620
667
741
814
932
1033
1136
1216
1282
1354
1413
1508
1615
1697
1798
1845
1846
1828
1710
1599
1441
1308
1190
1070
964
818
643
446
267
98
-62
-216
-344
-513
-703
-896
-1085
-1279
-1503
-1684
-1831
-1960
-2106
-2260
-2366
-2447
-2491
-2470
-2423
-2325
-2211
-2080
-1949
-1835
-1753
-1652
-1527
-1404
-1259
-1122
-988
-864
-726
-578
-394
-201
-13
158
311
433
527
587
620
645
632
620
592
538
499
467
457
489
529
551
567
556
525
484
454
438
413
385
337
284
227
135
87
65
56
71
71
86
97
119
163
251
337
450
545
615
667
655
682
698
705
736
793
872
951
1014
1060
1123
1162
1217
1263
1296
1340
1414
1486
1525
1569
1568
1583
1589
1609
1656
1668
1648
1577
1446
1250
1036
844
711
601
490
359
160
-55
-295
-461
-624
-797
-950
-1153
-1331
-1555
-1742
-1915
-2088
-2263
-2436
-2571
-2713
-2817
-2851
-2823
-2759
-2669
-2546
-2408
-2260
-2092
-1918
-1758
-1597
-1493
-1414
-1300
-1229
-1118
-994
-861
-682
-524
-340
-180
8
204
376
514
632
717
731
716
700
710
673
625
602
583
568
552
555
582
576
585
608
614
617
604
598
592
561
514
474
410
343
306
311
353
406
461
544
612
665
737
792
828
850
846
829
768
712
698
682
668
670
667
689
721
777
827
844
886
914
936
930
952
936
917
904
902
944
938
962
985
990
958
923
849
775
628
476
324
150
64
-67
-176
-342
-512
-703
-853
-1028
-1165
-1293
-1453
-1569
-1735
-1856
-1968
-2101
-2215
-2315
-2436
-2507
-2559
-2585
-2531
-2481
-2368
-2169
-2033
-1874
-1736
-1643
-1510
-1404
-1288
-1137
-1016
-913
-803
-698
-555
-426
-274
-99
10
127
263
376
509
607
680
739
711
682
656
566
533
514
522
588
624
689
723
745
784
816
830
864
864
846
841
795
796
791
737
719
683
671
673
671
715
759
793
839
911
925
953
944
885
819
718
622
569
499
456
437
427
439
454
462
499
507
527
580
582
602
629
625
626
630
622
643
674
712
770
802
858
907
956
993
953
900
763
619
476
324
200
55
-99
-280
-448
-620
-769
-931
-1113
-1292
-1483
-1645
-1794
-1931
-2052
-2187
-2329
-2440
-2534
-2570
-2537
-2531
-2471
-2374
-2278
-2125
-1988
-1838
-1711
-1601
-1458
-1327
-1179
-1030
-864
-691
-515
-332
-147
17
180
343
476
589
678
737
801
851
874
919
923
907
889
869
852
893
955
1002
1049
1090
1133
1125
1118
1121
1148
1168
1161
1129
1127
1096
1037
1039
981
1003
985
980
1019
1015
1074
1105
1169
1169
1121
1056
960
879
805
759
722
688
618
536
444
437
421
407
431
455
494
481
434
430
427
411
420
422
452
454
486
517
553
577
577
623
628
632
642
597
547
430
229
61
-120
-262
-425
-558
-696
-885
-1067
-1243
-1420
-1585
-1747
-1914
-2063
-2235
-2367
-2463
-2580
-2637
-2703
-2730
-2695
-2680
-2587
-2498
-2409
-2276
-2096
-1910
-1724
-1530
-1321
-1124
-942
-777
-594
-436
-334
-196
-97
57
218
359
549
651
738
840
919
1024
1113
1169
1236
1231
1229
1225
1177
1206
1173
1159
1209
1262
1317
1320
1335
1347
1349
1332
1294
1251
1196
1147
1088
1066
1049
1034
990
958
945
912
903
899
927
832
769
693
595
552
389
325
251
139
61
-91
-141
-216
-262
-286
-289
-259
-247
-234
-280
-268
-305
-296
-235
-216
-133
-75
-47
28
59
140
215
233
286
297
299
331
340
363
363
302
240
115
-22
-155
-313
-453
-596
-799
-949
-1147
-1339
-1495
-1651
-1805
-1926
-2059
-2190
-2252
-2368
-2408
-2458
-2494
-2440
-2434
-2338
-2251
-2193
-2030
-1877
-1676
-1467
-1278
-1080
-896
-736
-563
-412
-273
-113
21
176
315
462
615
722
797
869
937
994
1093
1140
1204
1244
1244
1298
1273
1287
1289
1268
1256
1221
1197
1170
1153
1167
1203
1216
1177
1174
1101
1064
1086
1054
1114
1074
1087
1085
1012
991
942
922
870
779
708
656
586
540
464
381
310
206
101
33
-116
-234
-286
-319
-360
-407
-427
-404
-429
-463
-458
-510
-480
-531
-512
-432
-462
-391
-341
-274
-189
-153
-49
-49
-46
-5
12
70
71
100
107
91
47
-25
-80
-189
-261
-343
-467
-603
-758
-890
-1048
-1199
-1291
-1391
-1488
-1551
-1617
-1619
-1621
-1618
-1553
-1541
-1504
-1480
-1465
-1398
-1384
-1284
-1121
-996
-823
-705
-561
-390
-238
-41
140
279
396
523
610
724
836
913
1021
1054
1113
1162
1154
1202
1224
1247
1308
1329
1362
1363
1369
1362
1348
1331
1273
1233
1181
1136
1108
1069
1041
1007
970
948
916
891
846
856
819
794
751
704
636
581
501
398
351
276
255
230
168
145
82
63
7
-77
-66
-161
-197
-229
-284
-301
-383
-408
-416
-433
-446
-418
-387
-373
-375
-375
-348
-362
-310
-291
-281
-221
-180
-144
-119
-102
-118
-87
-88
-61
7
9
42
31
6
-20
-124
-158
-238
-335
-420
-534
-589
-703
-785
-838
-890
-936
-1011
-1071
-1109
-1105
-1117
-1120
-1092
-1105
-1079
-1035
-1030
-1000
-961
-896
-821
-754
-635
-543
-417
-308
-183
-21
62
211
283
366
422
472
570
592
636
675
703
755
812
849
901
953
972
1010
1066
1104
1183
1186
1227
1220
1145
1136
1076
1075
1046
1007
998
966
954
941
901
938
913
908
849
775
714
595
532
425
378
318
258
185
27
-45
-119
-183
-222
-323
-386
-459
-533
-608
-662
-638
-707
-739
-798
-845
-853
-901
-875
-907
-887
-892
-860
-833
-818
-744
-724
-633
-587
-541
-459
-380
-276
-205
-152
-112
-67
-82
-61
-55
-3
15
25
30
-15
-18
-66
-86
-136
-200
-280
-349
-485
-571
-720
-800
-862
-939
-997
-1037
-1023
-1085
-1047
-1022
-991
-988
-971
-928
-880
-779
-659
-606
-512
-438
-363
-243
-90
77
208
315
411
507
567
687
729
767
809
804
831
844
875
902
943
1021
975
1016
1073
1057
1105
1100
1132
1131
1097
1074
957
903
787
703
697
588
591
493
424
414
368
393
341
321
270
164
128
-50
-121
-242
-363
-454
-565
-574
-638
-642
-735
-738
-782
-813
-794
-850
-852
-896
-915
-912
-967
-922
-960
-868
-826
-798
-690
-695
-590
-528
-403
-266
-240
-154
-86
-37
19
99
144
184
288
329
406
425
433
487
559
640
715
709
704
639
594
487
424
347
151
36
-148
-335
-476
-603
-682
-782
-839
-858
-886
-824
-830
-829
-799
-814
-772
-762
-755
-680
-661
-629
-566
-501
-414
-292
-134
6
139
267
400
524
624
662
701
751
809
860
906
954
936
968
984
980
1030
1031
1070
1122
1123
1145
1110
1067
1023
934
856
785
705
595
458
346
267
129
158
112
87
83
-14
54
-24
-11
-21
-98
-147
-246
-329
-456
-495
-490
-500
-488
-476
-473
-457
-403
-362
-374
-395
-387
-402
-404
-364
-329
-352
-343
-334
-295
-181
-98
7
138
196
208
280
300
390
474
576
731
769
847
871
902
899
920
1011
1008
1015
921
747
564
309
116
-109
-298
-503
-780
-1041
-1254
-1429
-1566
-1663
-1707
-1706
-1753
-1700
-1676
-1669
-1621
-1605
-1536
-1450
-1335
-1217
-1108
-962
-831
-659
-475
-231
-32
213
433
586
681
738
821
810
804
759
715
674
674
661
681
673
708
789
854
991
1053
1081
1115
1103
1102
1095
1084
1069
978
925
886
821
793
755
757
735
690
671
597
547
466
347
262
195
124
79
11
-58
-133
-224
-239
-242
-177
-169
-100
-110
-129
-67
-111
-12
38
108
163
207
290
227
296
415
415
539
652
708
756
750
870
835
872
925
922
949
898
930
872
808
764
684
388
118
-228
-682
-999
-1355
-1777
-2195
-2688
-2995
-3229
-3341
-3213
-3253
-3148
-3152
-3106
-2909
-2807
-2675
-2566
-2544
-2430
-2307
-2131
-1848
-1632
-1280
-892
-471
35
402
772
1079
1213
1399
1379
1245
1096
836
634
418
228
169
50
71
166
237
385
561
727
852
860
941
933
856
925
873
847
824
757
770
853
970
1166
1319
1481
1577
1584
1547
1455
1254
1058
888
661
441
171
-15
-213
-336
-283
-223
-91
85
189
296
425
533
646
741
768
853
800
762
787
747
891
1006
1190
1324
1309
1416
1425
1448
1546
1416
1413
1299
1183
1185
1059
1051
1015
814
958
703
352
178
-568
-1034
-1565
-2168
-2631
-3343
-3826
-4144
-4559
-4364
-4443
-4365
-4162
-4191
-3736
-3638
-3473
-3240
-3371
-3226
-3162
-3112
-2789
-2600
-2201
-1741
-1170
-447
154
821
1404
1726
1996
2108
1943
1716
1138
637
160
-526
-727
-916
-1019
-845
-657
-232
182
696
1292
1464
1764
1777
1616
1599
1227
1025
769
475
469
501
680
1002
1283
1677
2071
2384
2562
2548
2409
2131
1798
1465
1074
611
255
-91
-291
-229
-101
134
414
684
1043
1339
1598
1757
1855
1951
1890
1945
1792
1778
1767
1677
1742
1631
1707
1670
1762
1919
1936
2066
2117
1934
1976
1740
1672
1682
1492
1367
1101
845
87
-418
-1052
-1786
-2202
-2755
-3432
-3934
-4493
-4778
-4885
-4723
-4510
-4461
-4178
-4149
-3882
-3622
-3540
-3464
-3485
-3438
-3297
-3220
-3090
-2939
-2732
-2301
-1621
-825
-43
588
1158
1615
1802
2030
1900
1612
1246
690
204
-275
-970
-1230
-1323
-1360
-818
-306
185
731
1371
1923
2111
2473
2483
1969
1827
1257
727
390
-92
-218
-272
-51
456
876
1402
1891
2207
2451
2543
2465
2105
1637
1130
529
71
-222
-517
-640
-468
-238
162
779
1393
1929
2398
2716
2927
2983
3009
2997
2741
2570
2524
2407
2389
2370
2219
2139
2120
2176
2272
2404
2370
2319
2213
2136
2035
2092
1902
1682
1521
1178
961
99
-724
-1511
-2544
-3047
-3504
-4120
-4574
-5093
-5144
-4939
-4636
-4176
-3950
-3733
-3768
-3603
-3242
-3421
-3591
-3748
-3977
-3861
-3766
-3596
-3350
-3101
-2495
-1813
-1074
-304
154
495
689
640
536
273
-80
-494
-981
-1291
-1596
-1785
-1763
-1562
-1315
-834
-173
298
850
1419
1847
2015
2091
2104
1747
1542
1198
628
222
-143
-256
-168
45
391
663
1073
1514
1819
2138
2230
2087
1748
1340
967
538
102
-197
-371
-474
-165
247
674
1347
1791
2410
2879
3208
3555
3524
3496
3390
3189
3096
3039
2971
2937
2712
2747
2789
2782
2974
2869
3051
2704
2555
2625
2328
2393
2323
1958
1750
1472
1296
732
-435
-1346
-2815
-3785
-4300
-4978
-5598
-6115
-6415
-6240
-5773
-4834
-4181
-3956
-3756
-3916
-3677
-3515
-3735
-4061
-4552
-4783
-4547
-4328
-3803
-3302
-2892
-2209
-1449
-641
0
273
251
-41
-463
-766
-1173
-1606
-1936
-2131
-1975
-1738
-1242
-644
-296
238
722
889
1219
1491
1536
1468
1283
1114
753
565
453
130
-66
-282
-474
-365
-151
114
381
637
1009
1364
1688
2000
2122
1951
1754
1518
1139
825
588
353
153
277
612
994
1502
2120
2599
3024
3441
3708
3858
3886
3850
3705
3437
3340
3518
3689
3854
4024
4046
4046
4020
3891
3748
3434
3086
2566
2223
2098
1809
2016
1926
1647
1787
1499
1442
209
-1222
-2332
-4242
-4771
-5313
-6096
-6020
-6367
-5853
-5091
-4424
-3164
-2860
-2649
-2869
-3218
-3117
-3741
-4392
-4900
-5529
-5268
-4939
-4469
-3604
-3130
-2343
-1526
-889
-361
-195
-366
-834
-1483
-1871
-2167
-2428
-2408
-2275
-1802
-1235
-664
-84
370
704
1103
1315
1538
1684
1723
1868
1491
1346
1221
824
736
425
50
-275
-614
-564
-537
-291
213
606
1195
1748
2194
2505
2569
2373
2037
1698
1272
911
619
346
327
494
962
1527
2104
2788
3189
3506
3791
3754
3751
3567
3287
3290
3115
3238
3613
3983
4383
4577
4593
4512
4296
4050
3895
3265
2936
2523
2034
1987
1985
2353
2609
2744
2825
2427
2353
974
-1096
-2388
-4583
-5515
-5721
-6318
-6246
-6029
-5481
-4385
-3364
-2086
-1658
-1809
-2394
-3332
-3641
-4219
-5046
-5537
-5975
-5742
-4992
-4299
-3363
-2762
-2240
-1595
-1350
-1178
-1226
-1719
-2122
-2770
-2936
-2837
-2762
-2225
-1720
-999
-385
68
382
328
518
385
452
768
596
1010
1407
1518
1664
1458
1095
421
-86
-524
-1188
-1522
-1603
-1383
-733
152
1240
2224
2973
3575
3688
3546
3123
2255
1370
516
-169
-466
-434
-191
354
1145
2008
2865
3513
3981
3957
3920
3505
2971
2868
2647
2835
3238
3536
4254
4875
5380
5579
5222
4686
3945
3216
2496
2121
1711
1446
1566
1690
1858
2662
3017
3081
2998
2207
1389
-598
-2598
-4062
-5763
-5978
-5783
-5663
-4993
-4362
-3277
-2557
-1994
-1470
-1991
-2592
-3606
-4626
-4899
-5481
-5841
-5662
-5482
-4597
-3743
-3227
-2760
-2742
-2607
-2563
-2760
-2791
-3038
-3168
-3053
-3069
-2512
-2006
-1738
-1273
-1065
-814
-651
-741
-750
-939
-995
-597
-104
542
1098
1545
1895
1717
1480
1002
-27
-913
-1676
-2292
-2409
-2234
-1552
-577
518
1779
2808
3537
3933
3836
3322
2605
1700
836
252
-97
-61
398
941
1604
2213
2819
3235
3397
3534
3372
3006
2772
2471
2542
2891
3385
4020
4495
5005
5305
5626
5565
5112
4264
3217
2514
1816
1541
1602
1667
1951
2265
2564
2742
3075
3069
2733
2481
1731
745
-1365
-3245
-4537
-5730
-5225
-4816
-4623
-4043
-3773
-3169
-2783
-2462
-2260
-2913
-3521
-4363
-4868
-4669
-4905
-5056
-4968
-4752
-4010
-3575
-3281
-3157
-3519
-3658
-3673
-3668
-3350
-2999
-2771
-2510
-2295
-1899
-1566
-1312
-1198
-1172
-1042
-1132
-1128
-885
-737
-644
-144
414
791
1273
1418
1170
655
169
-557
-1367
-1814
-2311
-2455
-2105
-1584
-639
447
1432
2236
2848
3306
3391
3151
2652
2020
1264
660
443
536
867
1568
2172
2607
3132
3553
3811
3829
3823
3598
3254
3228
3255
3407
4008
4827
5452
6164
6788
6915
6877
6490
5496
4395
3441
2541
2036
1820
1861
2083
2483
2793
2946
3094
3111
2767
2383
1955
1392
438
-1645
-3139
-4275
-4984
-4357
-3896
-3732
-3551
-3437
-3344
-3500
-3408
-3701
-4224
-4569
-5185
-4910
-4527
-4577
-4375
-4134
-3827
-3463
-3436
-3702
-4015
-4460
-4755
-4749
-4405
-3730
-2935
-2174
-1682
-1407
-1138
-1240
-1482
-1723
-1774
-1914
-2282
-2125
-1761
-1048
-137
687
1501
1906
1975
1743
1068
143
-900
-1891
-2693
-2866
-2667
-2211
-1362
-463
759
1933
2721
3150
3070
2832
2384
1800
1406
985
749
788
1047
1546
2049
2602
2956
2902
2885
2840
2641
2503
2524
2686
2980
3577
4038
4587
5447
5905
6205
6611
6378
5928
5687
4873
3913
3383
2845
2414
2628
2980
3273
3701
3845
3439
2909
2662
2013
1255
1296
653
484
-119
-1897
-2596
-3497
-3710
-3051
-3228
-3572
-3814
-4045
-4375
-4596
-4510
-4923
-5108
-5084
-5051
-4405
-3886
-3951
-3872
-3720
-3645
-3533
-3819
-4304
-4562
-4607
-4316
-3775
-3250
-2579
-2029
-1693
-1454
-1489
-1750
-2234
-2803
-2950
-2631
-2363
-2150
-1548
-890
-255
596
1252
1334
1167
832
117
-715
-1347
-1933
-2441
-2482
-2096
-1575
-817
-134
313
957
1530
1721
1729
1714
1533
1312
1227
1245
1254
1481
1764
1933
2217
2454
2651
2662
2390
2293
2241
2096
2235
2413
2776
3375
3991
4618
5259
5616
5852
6068
6031
5721
5554
5009
4067
3812
3168
2896
3195
3226
3496
3713
3743
3562
2976
2713
2127
1693
1452
987
952
-538
-1828
-2696
-3798
-3318
-2904
-3263
-3343
-3585
-3851
-4111
-4197
-4407
-4894
-4857
-4896
-4592
-3945
-3694
-3952
-4160
-4101
-4086
-4234
-4737
-5364
-5577
-5168
-4437
-3539
-2696
-2026
-1740
-1703
-1681
-1737
-2181
-2916
-3668
-3806
-3321
-2514
-1612
-1042
-397
-16
285
561
384
-155
-554
-1135
-1590
-1306
-1318
-1580
-1509
-1396
-1021
-358
63
305
579
920
1194
1460
1698
1724
1558
1496
1457
1585
1855
2006
2173
2320
2593
3009
3007
2906
2903
2604
2533
2662
2858
3232
3753
4316
5085
5697
6001
6190
6173
6178
6055
5687
5186
4549
3884
3727
3671
3744
3982
4140
3954
3869
3578
2839
2387
1901
1697
1717
2056
1512
-163
-1372
-2904
-3837
-3475
-3749
-4282
-4371
-4534
-4651
-4484
-4180
-4325
-4288
-4091
-3981
-3618
-3333
-3673
-4095
-4211
-4233
-3939
-3914
-4520
-4961
-4836
-4641
-4069
-3152
-2592
-2253
-2171
-2359
-2473
-2604
-3067
-3643
-3795
-3550
-3018
-2074
-1396
-911
-29
482
534
496
48
-781
-1391
-1712
-1876
-1748
-1561
-1516
-1360
-905
-427
-196
-13
293
610
1027
1364
1463
1624
1713
1606
1659
1859
1997
2055
2071
2214
2457
2897
3181
2988
3063
3099
2948
3163
3216
3295
3648
4101
4572
5171
5727
5890
5914
6089
6107
5978
5993
5498
4980
4543
4275
4240
4150
4190
4012
3564
3019
2770
2530
2284
2418
2161
2061
1628
133
-862
-2017
-2845
-2851
-3145
-3621
-3679
-3948
-4537
-4757
-4892
-5112
-4579
-4155
-3967
-3185
-2629
-2831
-3181
-3355
-3488
-3499
-3762
-4539
-4924
-4644
-4391
-3556
-2748
-2244
-1754
-1770
-2238
-2556
-2741
-3084
-3519
-3947
-3700
-3234
-2630
-1808
-1520
-1038
-297
-90
-57
-282
-857
-1478
-1846
-1896
-1893
-1823
-1812
-2148
-2180
-1795
-1520
-1055
-544
-195
398
944
1234
1324
1182
911
851
902
949
1357
1685
1912
2263
2700
3102
3222
3242
3328
3082
2964
3045
3061
3668
4212
4788
5511
5757
5944
5903
5767
5842
5658
5449
5081
4908
4971
5130
5372
5161
4837
4365
3830
3350
2666
2140
1891
2044
2355
2699
2805
1449
-216
-1812
-3096
-2926
-2747
-2968
-3319
-3867
-4237
-4473
-4596
-5005
-5394
-5277
-5095
-4309
-3177
-2545
-2402
-2527
-2690
-2832
-2823
-3481
-4382
-4873
-5147
-4513
-3466
-2583
-1964
-1936
-2212
-2640
-2994
-3149
-3729
-4304
-4443
-4294
-3352
-2136
-1137
-492
-213
-212
-457
-811
-1474
-2127
-2436
-2480
-2215
-1871
-1721
-1783
-2063
-2440
-2545
-2200
-1655
-1109
-498
129
760
1331
1611
1473
1075
795
543
569
935
1312
1732
2134
2540
2899
3110
3326
3214
3071
3149
3179
3758
4435
4898
5552
5902
6113
6228
5926
5804
5473
5286
5170
5052
5301
5373
5427
5316
5069
4784
4193
3560
2802
2133
2062
2164
2483
2364
2208
1448
121
-1063
-2324
-2420
-2190
-1979
-2086
-2708
-3290
-4050
-4829
-5447
-5963
-5692
-5252
-4543
-3595
-3049
-2547
-2504
-2617
-2664
-2915
-3415
-4009
-4513
-4492
-4089
-3225
-2364
-1998
-1876
-2164
-2420
-2720
-3145
-3621
-4055
-4173
-3840
-3170
-2265
-1390
-812
-253
-171
-311
-494
-1032
-1494
-1719
-1721
-1368
-1240
-1341
-1667
-2199
-2464
-2576
-2337
-1715
-1076
-507
61
477
798
865
737
492
280
310
394
565
887
1187
1446
1813
2059
2227
2401
2434
2371
2614
2862
3439
4276
4791
5422
5667
5873
6020
5867
5899
5756
5652
5566
5422
5571
5609
5566
5451
5083
4824
4598
4215
3809
3274
2771
2570
2538
2713
2594
2303
1495
244
-1015
-1859
-1957
-1724
-1336
-1500
-2054
-2701
-3380
-4144
-4820
-5184
-5284
-5016
-4377
-3670
-2897
-2599
-2582
-2627
-2892
-3013
-3387
-3806
-3994
-3878
-3298
-2425
-1725
-1499
-1528
-1999
-2543
-2994
-3516
-3830
-4019
-3874
-3363
-2512
-1508
-760
-401
-423
-758
-1000
-1195
-1384
-1466
-1431
-1126
-828
-775
-937
-1545
-2184
-2570
-2645
-2373
-1951
-1363
-755
-112
468
835
1155
1139
785
543
335
232
375
570
820
1172
1481
1765
1853
1908
1909
1969
2149
2382
2902
3411
3898
4338
4579
4690
4588
4441
4516
4602
4659
4863
5105
5281
5237
4961
4585
4304
4050
3745
3418
3029
2741
2497
2331
2311
2340
2190
2042
1723
1417
1236
1017
732
277
-86
-402
-566
-825
-1254
-1799
-2317
-2544
-2582
-2453
-2410
-2435
-2494
-2561
-2553
-2687
-2979
-3249
-3663
-3904
-4002
-3913
-3630
-3571
-3639
-3743
-3801
-3710
-3517
-3563
-3576
-3716
-3779
-3443
-3142
-2524
-1841
-1454
-1136
-1057
-1015
-1006
-1195
-1331
-1489
-1577
-1470
-1545
-1644
-1866
-2171
-2294
-2512
-2598
-2597
-2673
-2612
-2335
-1977
-1372
-682
-219
94
137
69
55
91
106
0
16
235
531
846
1127
1338
1516
1609
1653
1908
2216
2565
3037
3432
3808
4045
4223
4420
4534
4629
4731
4819
4805
4745
4533
4317
4179
4032
4010
3981
3909
3782
3389
3036
2702
2267
2178
2076
2064
2156
2089
2099
2169
2234
2379
2328
2059
1681
1128
712
400
308
187
119
-53
-369
-628
-1049
-1461
-1896
-2414
-2869
-3247
-3495
-3645
-3817
-3854
-4045
-4303
-4613
-5086
-5480
-5930
-6247
-6317
-6143
-5836
-5468
-5149
-4907
-4510
-4108
-3635
-3290
-3080
-2869
-2783
-2637
-2475
-2205
-1872
-1714
-1580
-1596
-1694
-1780
-1883
-1950
-2007
-1954
-1740
-1346
-913
-480
-36
315
607
771
778
733
702
725
839
1012
1181
1372
1534
1691
1855
2063
2307
2420
2521
2565
2526
2677
2856
3110
3383
3483
3634
3711
3666
3695
3773
3936
4048
4057
4052
4047
4052
4027
3974
3910
3751
3477
3213
2823
2468
2185
1886
1711
1550
1523
1541
1607
1683
1663
1723
1661
1652
1606
1457
1310
1082
933
845
785
627
359
-28
-532
-987
-1337
-1631
-1836
-2075
-2313
-2555
-2793
-3020
-3359
-3682
-4067
-4403
-4715
-4929
-5031
-5092
-5044
-5060
-5000
-4832
-4668
-4431
-4190
-3985
-3731
-3466
-3225
-2954
-2766
-2567
-2342
-2190
-1983
-1832
-1812
-1813
-1929
-2032
-2006
-1866
-1622
-1364
-1017
-676
-320
65
337
590
646
550
493
432
487
656
887
1160
1397
1650
1870
2025
2194
2322
2424
2532
2584
2650
2715
2803
2962
3075
3195
3309
3333
3285
3178
3090
3150
3234
3342
3540
3659
3770
3805
3755
3730
3544
3275
2987
2675
2490
2348
2305
2274
2150
2077
1980
1973
2002
2023
2044
2004
1989
1943
1993
2057
2059
2030
1765
1434
1104
770
516
153
-114
-377
-676
-844
-1107
-1337
-1686
-2125
-2501
-2941
-3287
-3662
-3989
-4248
-4497
-4576
-4671
-4742
-4793
-4942
-4970
-5002
-5002
-4903
-4788
-4565
-4387
-4146
-3866
-3637
-3369
-3225
-3120
-3033
-3018
-2962
-2928
-2881
-2758
-2622
-2488
-2326
-2052
-1683
-1277
-935
-640
-361
-161
10
150
254
386
567
726
972
1233
1505
1827
2082
2351
2541
2677
2793
2833
2855
2884
2960
3076
3149
3221
3239
3173
3021
2826
2686
2592
2607
2668
2757
2865
2993
3113
3211
3293
3275
3136
2863
2544
2268
2136
2042
1999
2009
1891
1843
1804
1783
1844
1838
1912
2007
1993
2007
1988
1946
1914
1845
1748
1574
1293
976
689
473
328
169
8
-224
-586
-958
-1332
-1685
-1964
-2315
-2662
-2999
-3303
-3576
-3853
-4053
-4243
-4431
-4584
-4724
-4869
-4972
-5041
-5043
-4947
-4818
-4668
-4481
-4352
-4213
-4056
-3914
-3707
-3559
-3414
-3313
-3322
-3271
-3189
-3022
-2778
-2515
-2209
-1998
-1770
-1495
-1225
-918
-719
-568
-410
-279
-107
46
211
415
594
842
1131
1424
1679
1853
2003
2130
2258
2397
2511
2628
2714
2759
2817
2819
2732
2644
2508
2376
2335
2334
2488
2670
2814
2986
3073
3182
3264
3237
3182
3045
2909
2793
2709
2678
2602
2534
2472
2366
2273
2256
2252
2290
2351
2368
2430
2439
2446
2428
2289
2174
1984
1800
1696
1491
1311
1084
856
734
568
385
148
-148
-403
-695
-958
-1228
-1540
-1814
-2161
-2484
-2745
-3020
-3274
-3527
-3775
-3979
-4236
-4394
-4523
-4624
-4668
-4736
-4780
-4813
-4839
-4784
-4692
-4610
-4444
-4310
-4175
-4017
-3955
-3831
-3665
-3533
-3296
-3031
-2721
-2405
-2154
-1892
-1680
-1484
-1221
-1012
-804
-624
-462
-227
-57
124
384
654
931
1173
1380
1588
1748
1910
2101
2290
2534
2745
2855
2916
2901
2831
2693
2511
2361
2207
2152
2212
2314
2477
2690
2888
3060
3177
3186
3118
3036
2943
2876
2880
2914
3021
3077
3131
3186
3135
3087
3006
2961
3024
3117
3232
3358
3397
3373
3259
3072
2860
2624
2414
2229
2059
1900
1693
1473
1272
928
654
467
306
198
-50
-338
-653
-1044
-1365
-1689
-1980
-2244
-2584
-2906
-3288
-3613
-3880
-4046
-4129
-4208
-4274
-4409
-4562
-4704
-4823
-4850
-4865
-4825
-4746
-4686
-4571
-4483
-4420
-4332
-4189
-3957
-3753
-3567
-3366
-3191
-2930
-2721
-2441
-2154
-1915
-1665
-1449
-1198
-969
-773
-542
-363
-196
43
241
510
738
914
1126
1299
1498
1728
1982
2276
2505
2688
2817
2800
2773
2686
2608
2588
2534
2558
2591
2651
2781
2855
2939
2989
2979
2966
2843
2733
2655
2575
2573
2605
2668
2730
2722
2700
2663
2575
2538
2512
2542
2639
2743
2888
2962
2935
2849
2689
2471
2293
2088
1893
1710
1505
1331
1212
1125
1076
1046
968
844
653
476
272
74
-134
-419
-711
-1054
-1428
-1733
-2037
-2359
-2650
-2935
-3216
-3406
-3573
-3728
-3868
-4024
-4159
-4275
-4422
-4576
-4707
-4816
-4819
-4794
-4699
-4607
-4519
-4442
-4380
-4215
-4046
-3822
-3586
-3384
-3147
-2921
-2684
-2458
-2219
-1939
-1705
-1481
-1278
-1092
-913
-750
-549
-351
-99
169
386
595
783
972
1210
1425
1584
1764
1925
2038
2138
2150
2089
2050
2066
2136
2250
2354
2441
2491
2501
2495
2437
2369
2296
2235
2200
2177
2204
2247
2259
2270
2248
2201
2154
2079
2076
2113
2164
2260
2341
2466
2583
2622
2651
2621
2547
2441
2311
2248
2152
2050
1957
1867
1801
1625
1522
1449
1397
1405
1382
1358
1243
1058
777
513
300
86
-70
-313
-627
-981
-1396
-1696
-1973
-2220
-2472
-2754
-3017
-3330
-3563
-3740
-3963
-4114
-4287
-4483
-4615
-4769
-4890
-5000
-5035
-5002
-4917
-4820
-4717
-4615
-4474
-4262
-3993
-3693
-3384
-3115
-2865
-2615
-2400
-2120
-1836
-1617
-1509
-1369
-1220
-992
-674
-416
-110
138
286
522
743
978
1167
1319
1501
1608
1718
1781
1842
1873
1929
2062
2230
2402
2500
2604
2674
2692
2729
2656
2637
2588
2460
2425
2380
2362
2345
2267
2224
2179
2161
2185
2214
2291
2371
2424
2472
2544
2606
2636
2655
2653
2614
2576
2451
2292
2119
1961
1864
1802
1746
1655
1609
1613
1654
1723
1736
1745
1742
1665
1563
1444
1313
1149
942
642
317
74
-151
-328
-518
-743
-965
-1217
-1461
-1733
-1962
-2254
-2610
-2967
-3335
-3596
-3844
-4129
-4328
-4537
-4712
-4831
-4994
-5063
-5150
-5155
-5087
-5002
-4847
-4713
-4553
-4388
-4205
-3936
-3606
-3264
-2970
-2761
-2536
-2314
-2044
-1731
-1468
-1171
-893
-607
-294
-2
309
576
831
1101
1304
1483
1540
1542
1607
1685
1828
2009
2176
2331
2419
2481
2513
2520
2531
2531
2540
2534
2478
2423
2334
2210
2088
1974
1932
1895
1854
1833
1833
1874
1953
2090
2231
2344
2435
2442
2451
2450
2434
2428
2394
2414
2389
2343
2329
2191
2036
1894
1788
1809
1812
1808
1827
1761
1692
1620
1555
1507
1408
1326
1260
1176
1110
1039
921
767
590
389
187
22
-139
-265
-453
-690
-970
-1363
-1697
-2008
-2287
-2479
-2699
-2922
-3194
-3540
-3854
-4143
-4381
-4551
-4707
-4837
-4955
-5063
-5094
-5084
-5016
-4859
-4669
-4432
-4240
-4098
-3925
-3719
-3487
-3256
-3009
-2762
-2492
-2197
-1874
-1500
-1163
-853
-580
-373
-180
13
274
578
885
1157
1389
1603
1764
1878
1989
2117
2263
2367
2434
2488
2504
2499
2511
2516
2527
2527
2512
2474
2415
2363
2311
2276
2260
2240
2235
2265
2296
2319
2324
2328
2310
2289
2258
2226
2217
2170
2124
2076
2014
1946
1851
1743
1699
1685
1648
1586
1486
1390
1257
1144
1094
1048
1003
919
831
762
688
651
627
582
517
431
404
377
292
174
-1
-210
-478
-737
-921
-1039
-1155
-1315
-1512
-1749
-2001
-2265
-2517
-2773
-3066
-3328
-3612
-3886
-4117
-4350
-4508
-4605
-4653
-4656
-4677
-4703
-4718
-4719
-4657
-4534
-4344
-4144
-3931
-3682
-3408
-3121
-2818
-2503
-2177
-1864
-1564
-1269
-971
-642
-326
5
282
539
803
1029
1267
1480
1688
1908
2078
2212
2314
2385
2455
2490
2525
2561
2549
2508
2430
2364
2307
2272
2287
2315
2337
2350
2388
2423
2435
2409
2367
2326
2263
2220
2217
2204
2182
2134
2069
1980
1870
1785
1700
1648
1637
1623
1605
1529
1432
1331
1212
1138
1064
989
913
826
744
645
559
517
492
502
526
570
602
582
510
396
307
238
184
165
129
47
-75
-245
-406
-584
-742
-850
-972
-1146
-1375
-1662
-1945
-2231
-2474
-2653
-2851
-3051
-3253
-3473
-3670
-3831
-3975
-4056
-4136
-4198
-4239
-4282
-4265
-4210
-4111
-3952
-3776
-3549
-3319
-3097
-2849
-2605
-2314
-1981
-1631
-1287
-1003
-732
-446
-158
176
509
827
1074
1263
1421
1554
1725
1895
2043
2203
2325
2417
2441
2418
2387
2300
2260
2246
2275
2324
2347
2375
2387
2386
2417
2454
2479
2499
2487
2469
2447
2396
2327
2245
2153
2093
2052
2017
1990
1948
1896
1840
1800
1791
1796
1786
1746
1650
1516
1374
1213
1063
927
830
776
729
688
638
566
476
367
280
199
127
53
-18
-75
-127
-151
-151
-132
-135
-158
-196
-261
-359
-485
-618
-759
-909
-1042
-1165
-1253
-1366
-1520
-1706
-1940
-2160
-2365
-2551
-2730
-2916
-3092
-3243
-3380
-3488
-3584
-3664
-3717
-3750
-3755
-3742
-3719
-3688
-3628
-3519
-3352
-3135
-2869
-2605
-2345
-2088
-1837
-1555
-1260
-965
-678
-438
-214
4
225
462
693
915
1117
1272
1437
1587
1713
1858
1951
2052
2140
2188
2250
2273
2288
2299
2317
2373
2402
2423
2428
2398
2364
2313
2254
2216
2182
2173
2169
2167
2144
2112
2079
2049
2028
2006
1983
1947
1911
1837
1758
1671
1586
1508
1450
1421
1376
1288
1177
1051
939
835
706
587
459
307
164
22
-72
-165
-258
-327
-390
-431
-465
-496
-539
-630
-725
-782
-807
-792
-781
-762
-752
-779
-820
-896
-1012
-1169
-1299
-1388
-1474
-1564
-1703
-1853
-2006
-2152
-2254
-2328
-2417
-2544
-2723
-2930
-3124
-3274
-3375
-3429
-3432
-3435
-3419
-3381
-3315
-3224
-3109
-2962
-2766
-2547
-2341
-2128
-1911
-1687
-1438
-1160
-884
-622
-384
-175
34
246
448
657
879
1089
1298
1482
1659
1839
1992
2147
2278
2383
2469
2522
2559
2562
2542
2498
2429
2359
2287
2225
2165
2109
2066
2026
1997
1984
1975
1966
1955
1933
1881
1802
1701
1607
1518
1430
1349
1299
1264
1213
1154
1094
1026
948
863
772
665
540
427
318
213
122
36
-32
-108
-198
-292
-391
-475
-573
-673
-749
-813
-846
-859
-867
-875
-893
-928
-964
-999
-1033
-1058
-1090
-1089
-1090
-1077
-1051
-1044
-1036
-1059
-1101
-1131
-1189
-1262
-1342
-1445
-1538
-1634
-1711
-1754
-1805
-1867
-1940
-2014
-2068
-2118
-2137
-2126
-2122
-2132
-2130
-2095
-2034
-1968
-1885
-1785
-1683
-1573
-1449
-1297
-1130
-970
-804
-615
-418
-209
11
238
461
677
878
1085
1283
1457
1609
1736
1860
1975
2066
2146
2212
2263
2293
2318
2352
2373
2373
2358
2333
2294
2243
2195
2159
2115
2059
2002
1946
1885
1821
1774
1751
1720
1663
1588
1497
1387
1256
1141
1053
965
880
802
734
668
606
549
483
386
271
151
13
-119
-254
-368
-471
-572
-656
-730
-802
-864
-939
-1007
-1075
-1159
-1244
-1315
-1343
-1340
-1328
-1309
-1283
-1249
-1211
-1182
-1142
-1102
-1064
-1037
-1011
-994
-991
-994
-982
-936
-905
-891
-881
-877
-894
-933
-970
-990
-1002
-1011
-1019
-1035
-1047
-1066
-1090
-1106
-1115
-1126
-1130
-1133
-1121
-1107
-1085
-1059
-1023
-959
-870
-767
-641
-505
-357
-208
-47
125
297
479
637
781
901
1016
1126
1228
1335
1446
1552
1658
1751
1818
1870
1927
1970
2022
2060
2073
2085
2064
2029
1984
1928
1894
1847
1797
1741
1667
1587
1485
1386
1297
1205
1107
1010
926
846
757
677
599
513
419
326
226
127
36
-49
-127
-205
-287
-359
-442
-526
-606
-685
-778
-883
-980
-1079
-1177
-1260
-1305
-1330
-1346
-1360
-1372
-1403
-1438
-1464
-1457
-1428
-1405
-1377
-1361
-1351
-1337
-1310
-1257
-1187
-1108
-1040
-1003
-975
-947
-903
-828
-738
-642
-553
-484
-432
-386
-351
-314
-267
-209
-150
-117
-109
-137
-177
-195
-182
-138
-110
-104
-98
-98
-100
-90
-66
-24
11
29
38
32
30
44
82
133
161
189
217
247
283
342
423
505
574
630
675
725
784
855
925
989
1047
1098
1142
1175
1219
1244
1256
1261
1259
1248
1231
1217
1207
1205
1200
1191
1166
1119
1049
963
887
820
746
681
610
522
430
348
287
229
160
67
-46
-165
-282
-386
-489
-581
-663
-743
-816
-887
-946
-996
-1057
-1127
-1197
-1248
-1294
-1346
-1391
-1446
-1490
-1518
-1532
-1532
-1530
-1516
-1497
-1484
-1470
-1457
-1436
-1399
-1356
-1298
-1232
-1159
-1087
-1023
-957
-881
-793
-686
-573
-472
-386
-317
-262
-206
-133
-47
31
99
176
244
310
364
418
491
563
626
661
672
667
662
672
698
731
757
763
767
763
758
765
779
786
786
776
754
743
731
725
732
755
789
818
825
827
823
810
803
802
801
792
779
774
774
782
796
806
804
788
778
760
732
705
681
656
607
551
505
466
422
364
297
229
155
77
-5
-99
-178
-247
-305
-367
-448
-532
-609
-677
-738
-795
-852
-907
-965
-1022
-1076
-1127
-1154
-1170
-1188
-1201
-1216
-1230
-1245
-1257
-1249
-1232
-1208
-1171
-1135
-1102
-1077
-1057
-1023
-976
-923
-860
-798
-740
-690
-644
-588
-526
-458
-384
-310
-237
-175
-117
-53
11
80
160
239
318
380
434
495
560
627
693
751
801
846
886
923
959
990
1020
1045
1063
1076
1086
1092
1095
1090
1085
1087
1096
1102
1086
1057
1025
994
964
935
912
888
858
837
827
815
798
771
746
724
701
682
661
642
622
601
587
575
564
550
535
511
481
438
395
340
283
223
165
109
51
-18
-99
-175
-249
-316
-392
-477
-567
-664
-763
-855
-942
-1021
-1095
-1168
-1231
-1292
-1342
-1379
-1412
-1442
-1462
-1469
-1468
-1472
-1465
-1454
-1437
-1406
-1360
-1309
-1251
-1189
-1120
-1049
-981
-910
-842
-772
-710
-646
-575
-508
-447
-394
-338
-282
-224
-164
-101
-48
-3
35
78
120
157
197
235
273
309
346
381
413
449
491
529
567
601
629
656
681
712
746
782
822
856
887
910
930
944
953
955
953
949
943
934
922
908
893
879
863
843
820
791
758
728
699
676
654
632
613
588
564
540
515
488
465
444
421
398
379
366
348
320
298
278
249
220
191
155
111
58
6
-44
-105
-169
-237
-306
-370
-437
-505
-579
-660
-737
-812
-887
-956
-1025
-1096
-1161
-1216
-1258
-1298
-1328
-1353
-1377
-1398
-1412
-1414
-1403
-1387
-1357
-1325
-1291
-1252
-1208
-1151
-1087
-1026
-959
-883
-809
-738
-674
-607
-541
-477
-405
-334
-267
-205
-145
-87
-38
14
64
108
148
182
217
243
268
295
313
336
357
375
393
410
431
446
460
474
488
501
514
524
536
552
564
576
589
606
624
639
643
648
649
653
659
667
675
677
676
671
663
652
645
638
627
611
593
574
552
527
506
483
462
442
419
399
373
347
319
290
264
239
213
187
155
129
102
76
49
16
-18
-49
-79
-106
-136
-164
-191
-222
-252
-290
-320
-342
-364
-385
-412
-445
-476
-504
-517
-524
-529
-537
-550
-565
-571
-576
-570
-555
-540
-521
-506
-491
-476
-460
-441
-415
-378
-339
-304
-273
-241
-209
-179
-140
-101
-66
-37
-13
5
21
38
57
73
86
100
118
126
127
129
132
138
141
140
135
126
117
112
105
99
94
86
78
73
71
70
71
72
73
68
74
86
101
110
114
116
124
133
143
154
164
171
170
176
179
176
173
176
183
181
179
170
156
140
125
116
111
97
79
62
47
29
13
-5
-19
-25
-36
-50
-64
-76
-86
-95
-96
-98
-102
-104
-105
-102
-101
-98
-88
-80
-75
-75
-70
-55
-43
-30
-14
1
13
19
36
57
71
90
110
125
139
150
165
181
192
209
225
238
247
257
272
286
298
312
329
339
344
347
349
357
370
382
389
393
395
396
393
397
398
393
387
380
376
372
367
360
350
337
322
311
295
277
254
237
220
197
174
150
121
97
72
52
25
-3
-34
-70
-100
-131
-157
-181
-210
-244
-277
-308
-333
-362
-392
-423
-453
-483
-514
-540
-563
-590
-616
-636
-651
-672
-691
-711
-729
-745
-761
-766
-770
-777
-786
-788
-784
-776
-765
-755
-741
-725
-707
-692
-669
-641
-613
-588
-563
-531
-496
-461
-417
-377
-336
-295
-256
-218
-186
-147
-99
-56
-12
31
68
106
145
189
239
287
331
370
409
448
482
516
550
579
603
628
652
672
695
717
739
757
769
781
789
793
794
794
797
796
792
785
774
766
756
740
723
698
673
651
624
598
571
539
509
481
451
418
380
340
310
273
237
206
169
128
83
45
17
-10
-42
-83
-125
-161
-195
-219
-243
-270
-293
-323
-353
-380
-404
-423
-451
-475
-495
-517
-537
-555
-576
-592
-604
-612
-621
-643
-663
-674
-684
-693
-696
-697
-704
-715
-719
-724
-726
-718
-707
-700
-698
-694
-682
-672
-658
-644
-620
-600
-585
-563
-541
-516
-492
-466
-434
-403
-373
-344
-314
-285
-255
-215
-176
-141
-106
-73
-33
4
39
77
115
155
189
219
255
287
314
344
372
398
421
444
470
490
513
535
552
569
584
594
608
619
626
632
637
637
632
634
636
642
641
635
626
614
601
589
583
571
553
539
525
509
488
468
446
427
407
383
356
326
297
270
243
220
202
171
141
109
79
47
17
-5
-32
-63
-92
-118
-142
-171
-196
-223
-243
-259
-280
-301
-319
-336
-353
-365
-377
-388
-400
-416
-424
-429
-435
-437
-444
-450
-455
-453
-450
-445
-436
-429
-427
-432
-429
-422
-411
-401
-394
-384
-370
-350
-338
-324
-307
-283
-258
-232
-211
-202
-192
-176
-146
-120
-94
-69
-54
-37
-25
-7
19
43
65
85
103
119
131
147
163
185
204
220
234
241
245
250
259
271
284
295
303
309
305
301
305
306
312
314
319
321
317
314
310
303
294
293
287
281
270
263
250
238
229
219
211
197
190
182
170
154
134
110
88
79
69
58
42
21
2
-17
-34
-48
-57
-71
-86
-96
-110
-127
-147
-162
-174
-190
-196
-200
-208
-221
-232
-234
-233
-232
-233
-232
-234
-236
-240
-236
-235
-236
-226
-224
-221
-213
-205
-194
-188
-182
-171
-161
-152
-137
-122
-114
-108
-101
-89
-72
-54
-35
-21
-8
-2
8
17
23
33
50
68
83
92
102
111
113
120
131
144
157
167
174
174
173
178
184
192
201
208
212
209
208
209
209
208
211
212
210
206
198
189
183
180
178
172
162
149
136
124
110
98
89
79
69
53
37
25
12
2
-7
-23
-36
-48
-67
-80
-89
-103
-114
-128
-140
-151
-159
-166
-173
-184
-195
-207
-221
-227
-235
-239
-242
-252
-262
-266
-266
-267
-269
-267
-266
-270
-268
-268
-273
-274
-270
-261
-257
-253
-250
-246
-238
-232
-222
-206
-189
-177
-166
-153
-144
-128
-110
-87
-67
-50
-31
-19
-3
15
34
54
70
89
106
117
132
151
167
180
192
206
217
221
236
255
267
277
281
285
285
286
292
297
298
305
311
314
308
301
298
293
286
277
276
273
259
252
249
241
228
220
210
193
178
164
149
132
118
106
95
81
65
49
32
16
0
-14
-30
-49
-58
-76
-89
-98
-104
-118
-141
-155
-168
-180
-186
-194
-206
-217
-229
-239
-249
-258
-261
-266
-272
-275
-279
-280
-284
-285
-283
-283
-282
-278
-277
-274
-274
-269
-257
-242
-231
-224
-217
-208
-200
-190
-181
-171
-160
-148
-133
-119
-103
-87
-73
-57
-43
-30
-18
-7
5
21
34
46
62
80
97
111
123
133
145
155
167
178
188
199
212
221
221
222
222
230
240
250
250
248
244
239
238
237
238
234
234
232
221
212
210
205
197
194
189
180
169
163
155
142
131
123
118
113
109
97
83
64
51
43
33
30
23
12
-1
-12
-17
-22
-29
-35
-44
-57
-65
-71
-76
-84
-96
-104
-109
-115
-120
-118
-118
-124
-132
-135
-132
-135
-135
-133
-137
-140
-145
-148
-152
-153
-149
-144
-142
-143
-143
-139
-138
-135
-131
-126
-120
-112
-104
-105
-106
-100
-91
-82
-71
-58
-57
-58
-57
-52
-49
-44
-32
-26
-21
-16
-7
3
8
16
28
38
41
43
49
51
55
62
71
75
81
88
96
98
95
97
99
104
109
112
113
113
112
109
112
113
112
108
106
103
98
98
92
90
92
90
87
82
77
71
62
53
48
48
45
40
36
