SAMPLES:	9443
BITSPERSAMPLE:	16
CHANNELS:	1
SAMPLERATE:	16000
NORMALIZED:	FALSE
0
-2
1
1
3
4
3
3
4
4
4
2
2
6
2
-2
-4
-7
-8
-9
-10
-10
-12
-12
-9
-9
-8
-7
-4
-3
-4
-4
0
1
-3
-3
-4
-2
0
0
1
2
2
4
3
3
7
5
3
7
7
8
9
16
19
20
18
13
12
17
19
19
20
16
15
14
10
11
14
17
18
14
13
13
14
13
9
10
11
10
13
13
6
6
7
4
0
1
1
3
1
2
2
-3
-6
-4
-3
-5
-4
-2
1
3
-3
-4
-8
-13
-12
-14
-10
-10
-9
-12
-13
-15
-15
-13
-18
-14
-14
-20
-17
-16
-12
-13
-14
-12
-11
-9
-6
-1
2
-2
-5
-7
-4
0
3
4
7
6
5
8
6
3
3
1
1
5
4
3
4
2
1
6
7
8
6
4
8
9
11
11
14
19
20
21
19
17
18
19
19
21
25
22
21
19
17
16
18
19
15
11
5
7
8
8
10
9
14
16
12
10
7
8
7
5
3
-2
-9
-9
-10
-12
-12
-18
-24
-23
-22
-19
-20
-21
-17
-17
-15
-18
-21
-22
-22
-21
-22
-23
-24
-25
-28
-27
-26
-27
-26
-25
-23
-18
-15
-13
-17
-22
-18
-14
-12
-13
-14
-11
-10
-10
-7
-7
-7
-9
-13
-15
-14
-12
-8
-7
-6
-5
0
5
7
10
11
8
6
5
3
2
3
5
6
6
8
8
4
-1
-1
3
5
9
8
8
9
8
10
9
6
5
2
4
8
12
13
6
5
6
9
12
13
6
4
7
7
11
10
9
12
12
14
15
14
11
6
7
8
7
6
8
8
9
8
6
1
2
6
8
5
0
-1
1
0
0
-2
-5
-4
0
5
9
4
-1
-6
-10
-9
-9
-9
-10
-14
-16
-16
-10
-11
-12
-10
-9
-10
-12
-10
-9
-9
-14
-18
-18
-18
-16
-12
-8
-9
-7
-6
-5
-2
-1
0
0
1
2
2
4
5
1
2
7
5
1
1
-1
-1
0
-1
0
6
8
9
11
9
5
6
5
6
1
-1
1
4
5
6
5
4
7
10
12
14
16
19
16
8
1
2
2
5
7
6
5
4
6
4
2
3
0
0
-4
-6
-8
-7
-6
0
0
-5
-5
-6
-4
-1
-1
-2
-2
-6
-3
-2
-1
-4
-6
-9
-9
-8
-7
-6
-11
-15
-11
-9
-4
-1
0
-1
-2
-2
-1
1
0
-2
-1
-2
-2
-3
-1
2
4
3
1
-1
-1
1
2
2
6
9
8
7
5
4
5
6
1
2
9
12
12
9
5
7
7
5
2
3
6
6
6
4
7
8
8
10
7
5
4
7
10
10
13
9
4
2
0
-4
-3
-1
1
-2
-7
-10
-10
-6
-4
-8
-9
-6
-5
-7
-7
-9
-10
-6
-4
-4
-4
-3
-2
-4
-2
0
0
0
0
-6
-12
-10
-8
-7
-10
-12
-9
-7
-8
-6
-7
-8
-7
-6
-4
-4
-6
-8
-12
-13
-11
-7
-5
-5
-3
-2
-2
-2
-6
-11
-9
-7
-10
-13
-10
-11
-6
-4
-7
-10
-10
-12
-11
-6
-6
-5
-3
-5
-3
1
0
-4
-4
-2
-1
2
4
1
2
2
2
7
7
5
5
4
4
6
9
13
16
19
24
24
23
21
21
19
20
26
27
25
24
24
21
19
20
20
23
25
23
23
21
19
24
23
20
16
13
15
18
15
13
14
12
11
10
15
12
11
12
6
1
-2
-6
-6
-11
-10
-8
-13
-14
-12
-8
-7
-9
-11
-11
-14
-13
-18
-20
-21
-20
-16
-13
-12
-16
-20
-21
-20
-16
-16
-18
-20
-21
-22
-19
-21
-20
-18
-18
-12
-13
-13
-15
-11
-9
-11
-10
-12
-12
-10
-7
-6
-6
-5
-3
-2
0
1
0
-2
-5
-5
-5
-4
-6
-2
8
10
10
10
7
6
7
11
17
18
19
23
20
19
17
19
22
15
12
15
14
12
13
12
16
19
16
13
8
8
9
13
16
17
21
21
17
13
15
16
17
17
16
15
15
13
12
12
9
6
4
4
2
7
6
1
0
5
4
4
-1
-6
-9
-9
-6
-5
-7
-16
-19
-16
-17
-19
-22
-22
-20
-22
-26
-26
-22
-18
-18
-20
-21
-21
-25
-25
-19
-25
-28
-26
-22
-23
-24
-23
-23
-16
-18
-19
-17
-12
-9
-6
-6
-8
-7
-5
-1
7
15
15
11
8
4
1
1
1
4
9
12
10
2
-2
-3
-2
-1
3
-5
-5
-5
-6
-11
-17
-5
-1
2
-4
-1
8
7
10
5
11
8
5
10
12
18
9
8
-1
7
4
-3
-2
-1
14
12
20
11
6
-1
-9
-7
-11
-5
-2
3
12
16
17
10
4
-4
2
5
-3
0
-9
-2
-8
-1
-2
1
4
-8
-18
-25
-12
-17
-4
-8
-7
-14
-19
-25
-19
-3
-6
-10
-24
-19
-15
-2
-6
3
-1
-9
-7
1
19
19
26
28
19
19
14
9
7
0
6
5
11
13
26
19
17
23
17
42
31
43
28
22
30
27
49
31
44
30
38
28
28
31
16
26
3
33
31
44
34
16
10
-3
17
2
17
7
11
-1
-22
-17
-38
-18
-28
-17
-23
-24
-5
-1
4
-32
-34
-48
-29
-28
-24
-19
-31
-14
-33
-24
-35
-34
-31
-30
-21
-25
-11
-28
-20
-29
-35
-28
-24
-4
-11
-3
-17
-31
-33
-33
-20
-39
-42
-50
-34
-27
-15
-2
-7
-12
-29
-25
-27
-9
-2
5
-8
-16
-15
-15
-17
-10
0
1
-8
-17
-11
-14
-3
-12
-3
2
2
16
19
23
22
32
34
37
37
22
30
26
50
29
34
19
17
41
24
51
52
86
54
55
42
36
30
31
47
25
58
31
48
38
48
46
27
20
3
5
30
15
2
2
-20
18
7
38
19
35
12
5
-22
-19
1
-27
-19
-30
-12
-41
-21
-34
3
-8
-27
-7
-15
-36
-12
-8
-22
18
-47
2
-4
-27
14
-55
-9
-47
-34
-34
-23
-36
-19
-3
-92
15
-96
30
-56
-32
-6
-52
25
-66
16
-73
-7
-79
-34
-43
-83
-14
-55
-8
-43
-43
-81
-61
-46
-45
-36
-40
-40
-36
-94
-16
-58
-62
14
-42
22
-3
-24
-35
-21
-17
-15
53
-25
14
30
33
57
-3
88
66
75
53
103
-21
67
95
6
176
-62
131
57
84
156
56
77
63
33
39
123
-20
129
2
114
83
-8
101
5
84
48
49
69
49
48
65
15
10
16
-21
8
-31
42
-13
5
-38
-5
1
-57
-7
-75
-19
-79
-22
-42
-92
-64
-32
-79
-53
2
-70
9
-120
-42
-29
-107
38
-62
-41
6
-152
86
-133
-54
46
-158
-6
-71
18
-31
53
-99
83
-169
42
40
-178
155
-191
53
13
-12
43
-51
-83
57
-63
-1
63
-102
105
-64
-17
75
-153
50
3
-16
43
14
-2
-28
20
48
12
-26
161
-39
122
61
32
37
20
58
-12
77
-7
93
50
53
57
43
44
4
127
49
20
135
100
16
133
50
-77
84
53
-17
84
118
-77
30
97
15
-5
42
106
-103
60
97
-141
-17
60
-116
69
54
-152
-19
-58
-43
-58
-43
42
-164
-3
67
-133
-33
61
-189
35
-72
-131
-14
-70
-55
-76
6
38
-179
-3
92
-310
127
-40
-203
184
-202
-15
17
-102
27
-123
90
-102
-138
64
59
-231
223
-58
-148
87
-91
33
-5
121
-189
122
18
-60
-73
131
-139
88
-36
32
57
-124
141
-108
199
-164
133
-66
138
-95
36
159
-26
71
-87
156
-91
10
-28
110
88
-34
55
103
-17
-9
61
102
66
-11
61
126
125
-78
154
92
-40
-23
119
-46
12
-13
90
106
-92
5
-13
12
-2
-39
108
60
-74
25
70
-23
-97
-39
-46
-37
-145
129
-201
10
-13
-153
54
-62
-4
-184
194
-180
5
-62
-169
130
-323
189
-155
-136
162
-315
196
-141
-7
-156
-8
-173
-60
101
-276
352
-309
230
-97
-21
164
-241
274
-233
85
94
-59
121
-87
133
-141
221
-80
116
-73
95
90
-150
404
-176
56
287
-279
143
80
-181
251
22
-6
142
-52
-6
92
71
-40
82
-91
112
-61
97
96
-133
220
-194
177
-144
196
-124
128
93
-196
153
-147
87
-144
69
-72
-52
-14
-44
23
-114
159
-258
23
36
-280
217
-222
49
-93
87
-178
142
-98
-176
351
-405
289
-125
-69
55
-30
-132
126
26
-175
170
-86
-100
120
-133
115
-46
-52
57
-241
100
-145
-54
-36
59
-228
141
-78
-123
19
-101
13
-68
-62
89
-160
-20
10
-130
188
-267
236
-219
104
-69
86
14
-5
55
-84
115
-73
161
-72
110
-14
66
-90
279
-191
250
-26
153
9
137
55
92
66
0
404
-420
679
-425
530
-245
310
-31
57
86
15
207
-240
590
-587
638
-433
463
-340
319
-78
48
61
-74
356
-464
451
-346
179
-217
180
-251
225
-217
186
-62
-86
232
-280
201
-141
64
-75
36
-57
150
-258
148
-14
-227
192
-110
-14
80
-114
-12
12
-226
71
-128
-137
172
-219
30
87
-181
-44
123
-326
182
-201
-111
115
-243
-2
49
-76
9
85
-235
284
-212
17
89
-49
-123
196
-106
56
164
-290
428
-345
204
-52
62
-95
214
-93
52
228
-279
427
-341
420
-247
357
-144
282
-35
60
244
-197
346
-253
303
-228
307
-143
285
-133
278
-13
-28
206
-100
203
-11
99
9
70
-149
316
-386
402
-217
12
96
-102
112
-44
101
-166
283
-423
439
-412
69
128
-427
455
-452
95
-95
-47
-278
290
-423
207
-377
176
-139
-288
279
-431
131
-268
16
-205
-50
-129
158
-356
293
-309
-122
218
-472
340
-268
-13
8
-255
70
-177
9
-128
65
-147
62
-36
-9
-55
295
-398
357
-92
-302
638
-866
899
-643
217
248
-346
197
257
-368
129
337
-735
874
-694
548
-66
-170
501
-314
284
-51
242
-71
118
301
-269
418
-107
-116
427
-493
677
-429
184
260
-338
326
1
33
44
189
-104
315
-425
522
-256
-55
413
-508
574
-431
293
115
-216
282
-2
-99
49
27
-13
16
-9
140
-272
132
-13
-175
144
-44
-24
-107
43
41
-358
183
-51
-267
95
61
-315
150
-234
34
-32
-284
229
-338
16
-108
123
-498
466
-611
82
243
-650
671
-791
585
-418
-157
315
-360
54
-277
407
-692
378
-337
-2
154
-623
825
-855
330
68
-541
506
-361
132
-16
53
-102
252
-187
29
491
-756
953
-472
28
656
-783
870
-498
264
4
42
67
8
289
-223
422
-155
212
-16
-57
222
-159
247
-12
62
128
-181
362
-323
454
-218
11
399
-604
729
-394
239
149
-225
351
-198
146
-12
101
-211
279
-241
155
-10
-132
423
-564
460
-159
-216
263
-307
313
-312
97
337
-657
653
-392
65
-66
121
-184
96
108
-280
402
-623
808
-653
265
154
-274
240
-245
231
-121
-180
115
109
-376
216
-40
-213
154
-280
283
-266
-145
584
-805
474
-116
-344
549
-659
567
-373
-11
173
-173
-100
225
-228
-82
337
-465
530
-612
563
-341
-110
279
-232
67
-9
46
-31
-5
60
122
-199
204
127
-281
243
185
-523
686
-585
392
-195
-196
472
-569
544
-323
364
-491
732
-745
522
-118
-295
498
-504
602
-680
801
-958
1007
-1018
736
-343
-26
297
-524
752
-944
776
-825
1066
-1445
1323
-900
39
390
-712
745
-826
584
-420
201
-241
303
-438
384
-272
21
15
-35
-104
176
-246
330
-283
-34
359
-533
533
-583
721
-667
314
94
-358
440
-550
514
-358
204
-15
-15
267
-346
337
-78
-77
244
-219
368
-266
285
-76
87
124
-131
148
-16
55
-20
272
-348
375
-135
-12
250
-217
302
-162
20
282
-428
481
-195
68
224
-75
43
-87
403
-703
959
-694
610
-113
-111
470
-440
332
-164
214
-200
277
-269
600
-701
690
-107
-311
512
-609
546
-207
-230
515
-479
-52
352
-694
624
-386
-283
590
-782
446
-255
-32
-32
-175
-22
-104
39
-442
293
-321
109
-217
-7
104
-285
-189
203
-295
-221
272
-430
103
9
-586
596
-716
-1
577
-1329
1204
-981
262
33
-363
369
-451
463
-522
382
-683
663
-729
433
51
-576
1031
-1132
1157
-676
297
84
-230
465
-361
116
271
-335
6
756
-656
476
391
-799
1072
-569
-163
1426
-1628
1602
-611
250
446
-536
874
-554
284
75
372
-333
333
331
-724
1065
-858
949
-386
338
171
-159
423
-647
1283
-1298
1271
-671
314
148
-355
660
-844
929
-790
362
0
23
-25
14
149
-507
873
-1088
795
-331
-376
839
-935
370
70
-741
539
-483
-260
730
-1170
952
-305
-701
1022
-1146
146
286
-611
33
176
-602
350
-311
313
-225
-461
700
-1105
561
-287
154
-306
51
319
-1058
1236
-1250
643
-185
-648
603
84
-433
-36
757
-1384
1280
-543
-27
801
-1324
745
-290
-61
100
536
-731
681
-341
-70
377
-295
99
-405
614
-286
-94
732
-831
155
67
-262
956
-1531
1999
-812
-993
2321
-2043
620
991
-1905
1927
-1095
125
1548
-2347
2107
-1128
434
339
-777
1248
-204
-599
795
-356
-1104
2347
-1907
2045
-1746
991
27
-1253
2496
-3109
3336
-2364
867
1263
-2369
2430
-1705
193
148
36
-300
1275
-1981
1718
-909
-806
2560
-2977
1700
-572
-448
1132
-1452
842
20
-1543
2195
-2210
1356
-417
-78
209
-880
979
-1107
1281
-1184
1065
-1317
739
-685
146
36
-456
947
-1162
1660
-1908
1822
-1350
132
1165
-1889
1624
-803
57
306
-558
220
395
-696
1146
-362
-560
669
-402
310
89
176
3
-284
-95
1272
-998
488
223
-341
-187
492
128
-98
36
-97
-47
-33
280
181
22
-379
594
-408
128
284
-969
947
-402
-422
1664
-2149
2308
-1699
166
586
-980
512
775
-1216
406
177
-819
1474
-1844
1437
-1268
361
432
-163
261
-776
-74
205
-367
941
-634
16
28
-1186
1430
-444
-437
759
-1241
613
279
-473
423
-720
-375
1093
-1210
897
282
-1456
1310
-1084
307
-366
791
-932
394
267
-760
580
-306
-221
274
-173
-768
2011
-1783
1186
-43
-1155
1338
-1583
1480
-277
-832
1194
-400
-667
1553
-1391
652
163
-860
1886
-2047
1474
-216
-844
1524
-752
-231
1016
-849
684
133
-1084
1858
-1463
169
1264
-1181
800
98
158
341
-432
1060
-237
-902
1211
-961
836
-224
281
-75
-554
397
-120
-215
-36
613
-916
1238
-1017
1576
-1418
207
461
-1493
2149
-1800
1773
-1028
34
899
-1344
917
-732
494
-815
908
-1251
983
-465
-153
700
-1693
1758
-1966
1786
-1047
-283
1024
-1008
402
-134
-35
-749
818
-869
822
-1322
1008
450
-1117
926
-1110
411
37
333
-744
610
-986
1239
-501
151
309
-1661
1374
-1237
914
-623
422
-657
457
107
-82
630
-839
173
-521
767
-819
1432
-813
7
319
-701
866
-594
256
-303
-6
-33
170
396
337
-81
163
55
-214
216
313
-98
480
115
316
-89
39
416
-1558
488
-49
-606
802
828
-72
-46
75
-419
84
-549
646
-92
-62
835
-152
99
2
-487
-546
-166
441
-199
39
1073
-628
-666
588
-285
-1135
1021
-11
-849
973
-928
277
-125
-174
582
-1330
353
292
-689
309
-277
-854
-316
-79
701
-345
-426
354
-886
-100
434
221
-360
-16
-275
-306
312
593
237
-553
65
-482
503
-132
-154
334
-665
426
150
169
-529
5
-256
-197
848
-315
200
-53
504
73
42
499
174
-125
499
148
-56
872
-57
526
-66
-124
279
-147
-717
436
-17
71
1205
-638
347
-596
17
498
116
681
489
-25
246
617
-462
701
-441
405
-13
-353
858
136
96
194
218
-228
-29
378
161
-475
272
-22
576
403
-477
323
-792
-881
109
149
-80
-155
156
-28
32
-506
-119
-677
-613
874
-40
297
-770
-338
-1152
-560
457
-1021
329
457
-562
67
275
-1132
-451
-787
-115
1046
-899
105
442
-1554
217
-160
-1226
163
-329
468
216
-420
471
-205
-342
-58
-530
-170
386
-24
38
25
23
-82
-398
149
138
336
620
262
255
-38
-114
-339
250
286
188
697
154
210
570
-62
-61
476
-125
658
527
620
589
-665
128
89
104
1191
368
-308
172
110
438
91
-178
505
-80
648
892
-462
233
-21
-94
338
285
845
512
544
668
-14
-784
121
296
-284
559
171
215
303
-68
-677
-902
-249
38
550
407
14
-518
-463
-124
-538
-291
-188
86
-153
-78
350
-588
-759
-411
-544
-791
-256
-387
-103
-901
-669
-530
-1413
-78
-672
-377
-183
-477
-104
-133
-437
-504
-838
-1548
-211
266
205
129
-685
-905
-759
-189
44
-125
-504
-38
-42
-358
54
-372
-579
-418
222
424
96
447
390
410
938
848
583
502
916
1038
495
1378
1880
1157
1618
1380
62
703
1178
1537
2215
1765
1662
1557
1079
1298
1366
397
1224
1429
889
1811
823
396
369
-132
24
473
87
606
416
-353
162
-922
-563
-730
-1462
-1237
-1486
-1361
-1373
-1630
-2123
-2478
-2842
-2867
-2663
-2768
-2690
-2934
-2967
-3176
-2974
-3157
-2967
-2495
-2681
-2364
-2292
-2285
-2005
-2042
-2023
-1879
-1496
-733
-538
-97
-228
-512
-193
403
1248
1831
1565
1635
1341
863
1561
1617
1875
2457
2356
2846
3248
2744
2710
2639
2589
3219
4035
4046
4220
4320
3467
3502
3454
4265
4795
4646
5044
5079
4438
5159
5544
5306
4972
1771
196
-724
-677
1225
1466
611
113
-2043
-3908
-4583
-5512
-4893
-5026
-4847
-4081
-4420
-4359
-5686
-7825
-8115
-8311
-7076
-4634
-4099
-3660
-4201
-6250
-6615
-6348
-5168
-3272
-1935
-798
-850
-841
-743
-1565
-1699
-1767
-1230
241
1077
1735
1191
-630
-1901
-2780
-2331
-433
1005
1924
2084
1384
626
142
435
1021
1684
3054
4065
5145
5262
4665
4394
3289
3852
5389
6366
8363
9031
7747
8079
6331
5804
6848
6289
8881
9923
9447
11324
6904
271
-476
-3838
-1153
3873
2312
2813
951
-4367
-6759
-9916
-9603
-6211
-6736
-4269
-3606
-5235
-5066
-9158
-11172
-9483
-9059
-5097
-1587
-1097
-695
-3516
-6285
-5666
-5080
-3253
-10
1843
2239
1977
578
-1092
-1693
-1964
-1749
44
1290
1504
836
-1083
-3219
-5391
-5393
-4125
-2172
-438
-476
-1348
-3021
-4873
-4149
-2179
143
2791
3285
3224
2888
1789
1779
2966
4724
6577
7594
8689
8940
8046
7003
5763
6450
7373
8894
10542
10075
9262
7904
5747
6637
7424
7510
9764
4838
-697
-2420
-4967
-2133
1163
-1780
-1975
-3595
-7958
-8685
-10749
-8883
-6911
-8779
-7067
-6717
-6767
-5981
-9586
-10117
-8217
-7764
-4020
-1721
-1656
-1497
-4932
-6075
-4555
-3711
-1438
264
765
479
-131
-277
-477
-493
-917
-1107
127
619
347
-382
-2286
-3877
-4705
-4347
-2312
-840
-739
-1199
-2405
-3520
-3331
-1380
1661
3748
4378
3842
3260
3636
3832
4723
6868
8738
9642
10064
9601
9324
8521
7596
8266
9096
10954
11898
10831
9922
8536
7199
8163
8906
9792
6535
-283
-3348
-4440
-2340
1378
-162
-2504
-3939
-8930
-11525
-12025
-10339
-7139
-7831
-8277
-8039
-8823
-8403
-10224
-11342
-8553
-7118
-4995
-2526
-2771
-3728
-5993
-7173
-4920
-2570
-218
1263
312
-1115
-1959
-1725
-205
863
538
229
400
215
-476
-1679
-2417
-3206
-3796
-2985
-1483
-500
-487
-1948
-3571
-3881
-3008
213
3166
4529
4157
2054
1692
2816
3874
6265
8650
9847
10331
9667
8852
8644
8882
9224
10307
11643
12362
11907
10727
9982
10264
10850
11100
8735
2163
-1753
-2076
-451
2878
2242
-1165
-3517
-7874
-11975
-12487
-10463
-6939
-6440
-8475
-9057
-10392
-11660
-12193
-12252
-9178
-6550
-5786
-4527
-4702
-6360
-7317
-7571
-4868
-1316
86
1112
671
-2275
-4165
-3695
-1374
1792
2721
1794
248
-1706
-3311
-3914
-3253
-2033
-1878
-1968
-1844
-2324
-3003
-3904
-4384
-3860
-2621
14
3267
4273
3061
920
-447
1446
4593
7114
9919
11020
9719
8354
7700
8611
10837
11973
13068
13585
12937
12343
11147
11182
12555
13533
14073
10368
3204
-1150
-1878
508
4092
3100
195
-2715
-7798
-12152
-12924
-10307
-6975
-6618
-8487
-9609
-11049
-12650
-13794
-12801
-9310
-6679
-5605
-4905
-5748
-7474
-8983
-8116
-4081
-727
761
1335
-346
-2708
-3753
-2859
124
2629
2868
1534
-284
-1830
-2981
-3129
-2014
-1633
-2053
-2366
-2942
-3416
-3702
-3716
-3496
-3170
-2211
-63
1935
2838
2019
588
881
3014
5197
7236
9233
8913
8081
7930
8713
10556
12218
12378
12596
12105
12012
11893
11594
13064
14827
14178
11548
5319
-1223
-880
1248
4228
5262
2122
-2031
-6561
-12171
-12877
-10125
-6955
-5216
-8005
-10020
-11618
-14094
-14482
-13102
-9859
-6381
-6314
-6350
-6958
-9122
-9038
-7340
-4243
-101
482
-445
-1589
-4040
-4552
-2358
864
3432
3284
1356
-1002
-2975
-3433
-2580
-764
301
-758
-2307
-3845
-5016
-4872
-4090
-2822
-2009
-2220
-1840
-625
142
777
1027
1705
2921
4187
5306
6149
7043
7242
7225
8460
10220
11033
11360
10959
10237
10403
10829
11158
12233
12820
13270
12999
10723
6005
404
-1156
1588
5056
6326
4038
-600
-4636
-9156
-11326
-8059
-3882
-1829
-3782
-8356
-11196
-12653
-12918
-10323
-6693
-4281
-4499
-6827
-8437
-9254
-8734
-6119
-2883
-85
-178
-2128
-3507
-4746
-5070
-3070
348
2970
3021
721
-1834
-3454
-3468
-2049
-19
1320
472
-1910
-4038
-4844
-4125
-2363
-670
-585
-1928
-2950
-2718
-1187
663
1892
2584
2406
1736
1987
3039
4704
6129
6644
7166
7749
7661
7493
7483
8137
8942
9290
9855
9637
9385
9303
9236
9205
8129
4085
1342
1422
2760
4683
4099
1915
-370
-3296
-5905
-5954
-4109
-1519
-1871
-4672
-6922
-8929
-9445
-8470
-6801
-4553
-4160
-5931
-7333
-8193
-7758
-5720
-4030
-2159
-1727
-3348
-4194
-4605
-4240
-2499
-632
696
793
-693
-1841
-2147
-1857
-583
302
603
65
-1474
-2444
-2567
-1989
-851
125
34
-1146
-2392
-2384
-1190
604
1985
2095
1442
469
-104
572
2304
4207
5173
5200
4738
4133
4023
4770
5857
6975
7415
7112
6540
5888
6222
6685
7519
6384
3779
2041
1828
2897
4212
3963
2677
1369
-1471
-3219
-3172
-1425
307
-320
-2379
-4525
-6242
-6783
-6075
-4629
-2948
-3316
-4915
-6428
-7367
-6580
-5329
-3630
-2015
-2499
-3804
-4516
-5001
-4189
-2663
-1292
-147
-178
-1236
-1942
-2116
-1529
-745
96
681
-10
-825
-1461
-1758
-1239
-320
216
333
-572
-1328
-1035
-449
788
1402
1535
1720
1157
370
793
1834
2992
4005
4115
3675
3206
3086
3572
4217
4787
5400
5279
4999
4599
4546
4908
5559
5803
6308
5952
3862
2186
1367
2289
3888
4629
4002
2624
442
-1555
-2579
-1840
645
1238
271
-1979
-4445
-5715
-5947
-4842
-2873
-2267
-3416
-5463
-7711
-7583
-6603
-5396
-3485
-3207
-4395
-5514
-6607
-6699
-5479
-3859
-2279
-1858
-2397
-3030
-3598
-3487
-2801
-2033
-817
-510
-1235
-1999
-2564
-2337
-1799
-1080
-115
-49
-731
-815
-838
-291
877
1396
1512
1364
998
1252
2035
2934
3494
3462
3371
3140
3396
4031
4769
5286
5204
4713
4192
4141
4680
5664
5877
5741
5130
4475
4229
4258
4767
5285
5387
5277
4561
2802
1751
1348
2001
3120
3481
2807
1625
-48
-1229
-1450
-864
392
446
-300
-1721
-3114
-3791
-3739
-3323
-2642
-2654
-3296
-4292
-5304
-5590
-5417
-5088
-4522
-4211
-4358
-4686
-5183
-5257
-4899
-4121
-3451
-3092
-3040
-3268
-3570
-3591
-3349
-2676
-2077
-1972
-2015
-2135
-2186
-1942
-1782
-1354
-1013
-1076
-1113
-977
-561
34
512
913
1190
1141
1291
1612
2035
2400
2515
2605
2748
2801
2945
3045
3277
3346
3215
3146
3189
3288
3389
3558
3508
3093
2568
2266
2273
2620
2842
2764
2350
1894
1482
1318
1547
1729
1697
1354
835
451
435
613
695
727
560
274
87
47
149
242
25
-364
-705
-923
-810
-780
-845
-1142
-1560
-1979
-2244
-2272
-2087
-2007
-2102
-2339
-2654
-2646
-2626
-2494
-2239
-2096
-2168
-2264
-2393
-2381
-2160
-1973
-1725
-1435
-1386
-1397
-1304
-1149
-844
-445
-150
96
176
-110
-255
-212
25
466
749
876
878
805
712
846
1055
1276
1443
1484
1548
1503
1464
1321
1275
1362
1516
1730
1814
1618
1169
823
648
738
986
1105
1014
566
65
-112
-74
135
443
616
615
372
18
-183
-339
-379
-418
-448
-410
-558
-801
-1013
-1198
-1251
-1186
-1111
-985
-883
-953
-1104
-1216
-1214
-983
-680
-357
-189
-205
-320
-468
-417
-177
193
583
824
780
656
620
702
903
1152
1387
1637
1645
1465
1276
1104
1052
1048
1106
1121
1045
872
659
483
383
263
269
270
87
-238
-455
-574
-561
-424
-371
-384
-531
-689
-807
-779
-681
-554
-476
-430
-490
-658
-703
-617
-481
-401
-352
-390
-428
-528
-654
-633
-559
-614
-724
-745
-800
-821
-909
-980
-896
-923
-1088
-1180
-1325
-1358
-1297
-1303
-1164
-1057
-1068
-1107
-1111
-1022
-906
-771
-671
-667
-621
-476
-242
108
383
523
543
494
573
765
1088
1454
1624
1596
1529
1451
1530
1739
1959
2129
2108
1984
1832
1789
1879
1948
1938
1831
1691
1587
1598
1717
1810
1845
1751
1548
1449
1430
1407
1440
1428
1288
1087
789
612
618
549
576
539
375
149
-100
-265
-308
-378
-493
-666
-905
-1097
-1274
-1390
-1457
-1575
-1795
-1958
-2135
-2292
-2364
-2392
-2389
-2357
-2449
-2580
-2607
-2628
-2531
-2453
-2413
-2386
-2325
-2273
-2192
-2014
-1900
-1700
-1446
-1223
-1087
-930
-745
-540
-305
-168
18
162
225
254
327
428
573
742
867
973
997
991
1006
1077
1143
1207
1258
1297
1276
1252
1327
1433
1516
1519
1494
1455
1452
1458
1508
1659
1645
1542
1435
1264
1208
1334
1440
1510
1507
1291
1053
931
913
996
1027
954
802
569
338
233
222
198
135
-2
-168
-356
-475
-538
-626
-687
-802
-960
-1067
-1178
-1267
-1280
-1297
-1346
-1291
-1244
-1277
-1259
-1324
-1360
-1321
-1318
-1251
-1114
-992
-968
-976
-973
-857
-715
-600
-526
-460
-383
-349
-264
-174
-94
-50
-100
-156
-98
-51
61
165
147
138
133
171
253
386
505
542
519
486
501
562
705
811
816
730
588
530
526
572
659
726
710
624
499
473
531
539
581
589
481
357
243
195
101
41
-21
-128
-132
-153
-250
-313
-426
-560
-587
-637
-633
-589
-587
-694
-841
-922
-879
-719
-546
-423
-425
-518
-615
-584
-451
-244
-26
76
124
122
105
148
300
448
569
591
560
545
524
522
508
517
491
516
519
532
548
458
351
327
360
414
458
407
320
233
224
267
314
359
344
327
265
175
122
143
175
207
218
135
69
13
-26
-31
-21
-53
-114
-188
-272
-282
-334
-412
-493
-590
-687
-796
-902
-909
-873
-872
-856
-861
-865
-910
-916
-902
-893
-894
-911
-902
-838
-752
-706
-620
-570
-528
-437
-363
-260
-113
-36
9
68
108
197
273
325
416
469
524
576
595
612
631
654
670
663
653
626
590
616
630
640
688
691
715
738
663
589
542
539
584
616
595
541
501
423
394
442
498
533
548
474
361
274
206
242
307
285
233
158
33
-40
-135
-206
-224
-264
-375
-481
-564
-618
-625
-643
-653
-707
-762
-833
-879
-896
-917
-893
-860
-826
-773
-745
-738
-770
-793
-781
-709
-546
-417
-349
-343
-379
-377
-315
-240
-143
-76
-74
-92
-142
-148
-68
-4
82
168
207
204
167
145
133
152
193
270
340
379
402
404
420
455
541
594
597
571
509
506
539
528
544
615
656
624
587
534
497
501
483
487
475
418
369
330
305
289
271
224
177
121
38
-19
-78
-123
-200
-233
-254
-280
-247
-256
-281
-290
-323
-344
-332
-359
-384
-389
-413
-380
-390
-398
-340
-318
-298
-280
-257
-233
-196
-171
-114
-46
-39
-68
-103
-94
-93
-59
14
39
62
82
60
52
26
-31
-46
-36
-33
-9
13
24
78
83
60
54
15
0
13
42
79
113
126
108
81
57
68
118
197
269
321
311
241
179
133
126
142
170
166
142
105
58
53
76
89
86
62
-10
-100
-141
-151
-131
-78
-83
-112
-118
-132
-140
-118
-97
-89
-73
-63
-45
7
53
68
89
109
115
137
192
198
180
130
78
85
117
133
129
130
141
156
142
117
82
62
32
4
7
32
45
38
5
-18
-1
27
60
85
101
91
81
84
72
96
128
106
61
-16
-53
-43
14
79
127
122
61
-3
-69
-93
-95
-70
-56
-66
-107
-159
-199
-218
-185
-163
-156
-186
-246
-286
-293
-273
-238
-237
-252
-240
-262
-231
-181
-156
-109
-88
-101
-85
-67
-79
-68
-44
-22
8
40
55
47
17
1
0
16
71
113
137
137
35
-78
-78
-52
-5
41
43
24
-16
-44
-71
-71
-62
-21
17
30
56
40
47
69
68
67
69
68
108
155
176
175
166
161
106
99
116
125
174
212
220
211
204
176
161
152
123
146
139
96
77
24
-19
-12
-27
-39
-48
-109
-119
-85
-34
26
40
32
-32
-99
-99
-67
-19
15
18
-1
-32
-76
-71
-63
-48
-42
-29
-29
-48
-94
-136
-138
-131
-127
-143
-137
-136
-167
-199
-206
-207
-193
-207
-253
-271
-282
-241
-162
-115
-82
-75
-88
-111
-102
-114
-155
-105
-92
-101
-72
-45
19
51
58
48
41
63
67
97
147
172
145
98
52
68
100
156
218
193
176
171
221
302
339
311
213
135
61
20
-1
40
136
233
310
310
279
222
197
164
161
156
133
93
36
56
76
109
130
143
152
168
140
105
96
103
130
80
53
28
-9
-72
-119
-139
-104
-95
-102
-111
-140
-198
-239
-252
-276
-288
-315
-376
-362
-357
-318
-257
-217
-153
-180
-211
-278
-365
-410
-452
-443
-361
-277
-202
-155
-169
-166
-189
-181
-146
-86
-19
2
-8
-47
-81
-111
-107
-66
-41
-43
-84
-100
-53
17
136
227
296
259
161
56
20
54
106
146
201
228
262
277
275
282
247
273
248
230
212
155
192
194
182
160
115
108
103
115
150
154
124
140
43
53
-38
-83
-265
-620
-593
-560
-237
75
299
555
547
322
89
-372
-555
-609
-621
-297
-118
154
330
237
242
71
-74
-204
-438
-434
-450
-366
-87
75
255
278
193
151
-9
-57
-81
-122
10
9
174
212
308
212
224
211
183
110
103
29
-206
-49
-65
52
-223
-5
-59
179
426
540
555
613
477
255
48
-134
-109
-158
-61
-247
-336
-330
-251
-105
257
382
556
491
401
128
-169
-389
-557
-484
-752
-718
-537
-181
69
400
317
217
-81
-350
-592
-735
-696
-728
-397
-133
200
361
489
276
227
69
-69
-328
-525
-614
-497
-222
38
338
497
466
328
215
-164
-224
-334
-477
-350
-366
-96
138
326
527
599
505
494
56
-28
-65
-101
204
150
292
398
471
568
657
525
503
222
223
112
123
301
190
407
271
220
55
123
-32
150
13
-119
21
-182
-85
-210
-33
-43
33
111
51
-138
-280
-399
-404
-237
-305
-188
-133
-97
227
92
225
-21
-22
-104
-287
-371
-407
-135
45
329
332
237
138
149
-46
38
-48
7
-151
-231
-105
-240
-8
207
161
370
451
330
362
96
34
-40
-54
34
-43
121
48
197
424
253
373
169
211
40
-216
-82
-33
-137
235
-24
214
279
18
536
-283
71
-266
-788
-205
-336
-312
-165
-440
-189
-565
-844
-622
-1136
-84
-692
-344
495
-637
64
-509
-60
154
-311
293
-375
-1004
111
-520
-66
507
-359
1081
13
-109
389
-1002
-577
-57
-80
569
208
214
116
124
-298
45
-382
-35
-46
216
272
-137
69
479
-17
-232
1228
-500
720
397
214
588
175
43
46
20
266
569
-149
1018
-127
635
818
29
361
326
271
549
-195
675
312
-993
1216
161
-231
767
-130
-696
404
-567
126
-299
-189
348
-990
-45
-310
-869
734
-340
-1017
213
-654
157
597
-474
-622
-467
-151
-355
-242
-938
-534
179
-20
1073
9
-878
108
-65
-823
657
-518
-152
-64
396
331
-1252
1192
5
-994
1034
78
-1180
490
569
127
125
442
467
-581
298
238
-689
147
20
941
-65
704
675
60
393
28
-93
-64
-297
856
-171
-930
1660
-44
-261
530
-391
-942
-159
290
-320
-368
550
-720
-261
464
-1335
-234
-507
-23
19
-669
197
-458
-87
-34
-417
-176
471
-890
-399
-163
117
-410
-107
685
-779
269
160
-572
-696
978
-608
-310
272
867
-734
693
164
-1405
425
-541
463
243
1160
-210
278
86
715
-938
-258
808
-1239
1739
1042
-317
1105
73
-152
25
-1754
907
415
6
1007
-477
781
309
369
-216
-696
-142
938
-192
492
87
-119
1149
-483
-549
-274
567
-784
763
585
-592
856
96
-616
64
-308
713
-71
-302
565
-734
1356
-70
-1346
782
-1114
-373
934
-480
208
-395
122
502
-1418
345
-584
-241
215
-247
174
-393
797
-542
-238
888
46
216
31
-381
276
-514
179
427
-327
702
792
-260
-791
-394
233
-325
509
302
456
-127
915
-284
-509
227
-585
641
497
-394
809
-160
78
107
-1284
1097
-1339
1070
163
-956
1670
-1215
-356
344
-1138
620
-213
-709
1210
-1152
506
-565
-1334
1036
-565
294
-131
-377
382
-1364
546
-1525
-127
1091
-981
544
92
-760
-278
-381
78
230
-1898
1607
-1512
790
42
-1669
-179
-611
867
-146
93
-397
218
80
765
-727
132
-951
1375
191
-1146
2006
-1097
108
871
-631
749
968
-409
763
-41
468
-44
-836
1194
-403
984
730
-162
666
53
503
-918
992
-693
763
629
-640
158
506
-1175
5
-323
-652
1891
-870
1157
-938
-452
747
-1323
-91
498
-1573
1671
-328
-1169
1332
-2052
278
-969
-37
125
79
929
-951
0
-320
419
-1127
144
-634
310
402
418
-901
-449
698
-384
1296
-1215
469
639
-842
699
-685
-697
1756
-70
1055
-446
734
-457
-592
484
-1156
954
922
941
583
1435
-1008
894
-1665
61
576
563
1180
-331
-378
253
1396
-654
1427
-1083
39
780
183
-302
-28
98
477
1416
-310
-521
88
-1041
-199
373
-857
720
-393
1287
249
-1259
831
-1698
820
762
-1641
660
55
-1652
1147
-1586
400
-661
143
1366
-2182
1614
-824
-864
-300
102
-826
475
-257
-495
303
-711
329
-833
265
-501
-95
181
379
214
-730
-298
-384
19
-348
351
-218
341
839
-534
255
-142
-483
850
-654
60
429
-551
903
-1086
752
-67
160
565
-563
-411
1057
-1061
1039
-176
-622
2207
-1224
443
124
-546
713
-437
-595
1710
-1783
1705
-273
-425
947
-304
997
-737
-91
247
-622
-59
1295
-1351
794
-792
990
306
-316
337
-595
474
579
-436
-786
961
-813
846
-724
-161
77
-538
386
-300
661
-27
-10
352
-263
472
-431
200
-277
124
-635
17
1001
-426
45
324
-195
7
90
-134
67
-455
301
-749
517
1045
-1545
808
396
-727
1516
-1628
273
650
-1221
1454
-856
-46
328
-394
1027
-284
186
103
-951
1129
69
-218
559
-310
129
707
-860
314
-534
79
810
-1569
1354
-316
-432
886
-588
363
-433
37
206
-565
42
398
-1297
1309
-219
-577
361
-59
-8
-643
182
-403
-579
239
238
-254
-38
-497
564
-1599
1299
-1598
-884
2183
-1709
1371
-480
-238
32
-674
-690
429
-1054
1761
-306
-1251
1286
-1704
1101
-908
-1291
1517
-143
-591
1465
-1619
282
1082
-1837
615
444
-844
1464
-798
-212
835
-1529
1631
-1091
-1068
2213
-1449
560
970
-1332
1554
51
-751
431
-578
591
676
-735
49
-107
405
899
-764
335
108
427
652
-352
367
699
5
509
-114
-483
522
-431
586
177
-168
26
1768
-1702
941
-270
-927
2178
-1777
1037
-429
-981
1561
-706
-139
355
-902
-452
1721
-1634
395
999
-1772
1643
-554
276
-796
69
45
199
-1144
741
-55
-381
560
-1154
1172
-759
29
-97
-590
624
1299
-921
428
-383
-665
1332
-1166
1030
-1290
74
556
-327
1
794
-1797
827
1312
-1655
2131
-1915
758
-361
267
47
-7
69
1055
-1143
9
1289
-2841
2693
-1146
256
662
-103
156
-33
26
-676
40
-548
921
-705
1137
-459
-17
-366
117
-124
-954
501
-1020
821
-814
618
-1036
301
-74
270
-173
-174
-74
-108
200
-1839
1455
-1247
1733
-621
-813
783
-771
-522
314
-995
-278
1904
-1265
1251
-927
503
180
-687
226
-170
325
-162
695
-916
1247
-627
-382
763
-957
692
94
240
363
-1385
914
286
-626
808
-102
-696
989
31
-718
-198
-40
841
-283
977
-459
-370
451
-336
-554
358
566
-74
1171
-773
240
297
-485
53
-377
-95
527
282
114
154
-468
898
-711
339
1073
-1657
991
560
-1034
844
-881
-101
738
63
-431
-381
324
81
260
-479
705
-348
489
-60
72
69
-803
842
-1568
1034
-693
-452
907
-554
838
107
-1267
714
-395
-1332
1450
-2021
1681
-54
-500
1251
-1481
792
-474
-1087
1035
-350
-420
1393
-2538
1491
-193
-479
1332
-1991
1101
532
118
-703
693
-753
897
362
-533
156
374
639
-758
720
-1436
873
-576
376
950
-536
1098
-628
-579
1517
-1845
979
1434
-1746
1751
213
-1054
1418
-1007
-555
898
-1195
2130
-1157
608
1245
-1955
1043
51
-1204
1420
-1430
160
726
-121
761
-611
-207
609
-107
-411
123
-1488
888
488
-373
1139
-631
-852
1072
-983
380
-784
-1053
1647
-971
479
493
-1073
170
493
-695
133
-1179
706
199
-1169
1570
-1072
152
1031
141
-858
-258
221
-440
717
-326
170
-203
-214
1153
-1470
376
35
-938
992
-166
-909
979
-199
623
-160
-93
588
-1007
770
-904
164
414
-607
1336
-887
-1
796
-1194
38
-162
-16
365
-283
916
-381
-130
922
-1423
591
365
-778
583
178
-85
766
-435
547
-958
139
-223
-1043
905
115
-55
572
577
-1033
1500
-1386
-254
-406
-91
1013
-684
1197
-657
593
-393
-350
-133
224
-468
321
-687
131
737
-716
828
-460
-107
-154
-99
115
-501
14
1198
-958
856
113
-671
621
-663
-48
507
-623
149
607
-748
758
561
-246
323
-1033
785
123
-575
754
-315
1149
-306
737
-675
237
-773
463
187
-313
-180
622
-201
-1212
1655
-1400
1215
-702
-408
393
-871
1384
-246
265
-44
-364
90
-696
-271
185
151
-197
942
-651
864
-772
-404
226
-905
950
-1027
537
-143
866
-679
753
-700
962
-330
-1348
1125
-1432
799
688
-1084
292
556
-916
1153
-1164
203
-376
-128
119
176
-173
604
490
-1054
1203
-1017
190
-169
-637
48
402
412
354
-210
-831
871
-1206
1222
-763
-313
736
125
606
-634
438
-138
306
-760
224
-620
850
-82
-56
-299
-289
1298
-1158
806
-484
-270
10
406
-984
451
-182
-106
749
-320
733
-918
-225
-353
-134
75
-18
-684
515
339
-408
601
-271
-33
508
-564
173
424
-91
620
-872
886
-370
-212
1467
-905
192
596
-763
383
-43
-468
1099
-1371
1025
493
-472
61
-655
124
-838
278
-56
542
-703
-160
435
-336
174
-150
-562
560
-20
273
303
-1091
666
246
-361
239
-605
513
-161
-493
567
-486
822
243
-981
497
86
-611
628
-613
744
-1073
103
1027
-1147
1265
-738
573
7
-231
1303
-560
-60
146
133
-53
-45
-642
78
-907
908
-229
-611
912
-838
755
-592
464
-144
-147
570
-130
47
412
-60
-63
-32
-603
1370
-1230
562
-460
-292
542
-283
-105
446
-366
-107
827
-1364
1188
-958
374
-13
-510
297
209
-683
514
-254
-671
781
-795
398
-378
50
251
-260
-445
1162
-863
370
549
-1074
996
-339
-36
-156
22
-267
117
-36
301
342
-452
517
-465
-965
810
-453
-651
1323
-532
-61
481
-441
-21
-249
139
221
-643
430
327
76
-47
349
-446
68
770
-1447
717
-909
1044
1066
-1384
1464
-112
-959
1253
-503
-749
430
-409
1371
-535
122
396
-547
-96
661
-476
-292
374
-843
988
-625
15
670
-445
30
-73
-895
1274
-705
475
822
-1584
1638
-1014
41
431
-1424
697
156
-873
1301
-878
-116
967
-186
396
-548
450
-889
320
-296
187
298
88
702
-420
172
422
-197
-898
493
-802
986
-156
-407
834
-275
570
-174
-571
326
-267
291
776
-380
192
1122
-220
-492
191
-540
122
-340
-160
-170
696
-102
500
376
-316
638
-801
811
66
-1292
478
-251
70
525
-639
448
542
-972
954
59
-921
636
-604
849
-537
262
594
-636
165
-16
-628
-503
16
-320
667
-70
365
14
-289
141
-965
-228
-466
-128
-21
-80
1732
-373
-334
634
-1390
-177
485
-1096
236
-12
-369
1010
-1113
686
-302
-648
898
-686
227
599
-207
149
-107
-276
-123
58
210
-793
-81
96
391
488
303
-62
97
-4
310
-190
-57
65
-491
424
-75
305
525
-53
-170
29
-7
-269
-323
-167
11
924
321
-277
619
-705
34
39
-492
377
369
-314
228
270
60
222
-364
210
-645
-104
1226
-344
-253
89
186
203
-132
-122
-960
279
324
-110
892
-787
93
632
-104
-225
-821
-90
478
227
-155
695
-685
596
-94
-460
245
-808
816
-114
-71
336
144
218
392
123
-682
-328
373
-519
-620
635
-781
39
1369
-780
554
-583
-551
292
-675
543
-587
-37
513
96
-478
587
-1375
152
364
-711
1128
-600
351
326
304
238
-281
-446
-13
-818
451
585
-68
449
-335
241
85
-133
-3
71
-156
-169
-118
107
5
158
187
127
-506
279
285
-440
816
-874
247
665
-334
47
-805
-274
520
-1038
751
198
-1161
1441
-582
-37
471
-730
181
132
417
85
-427
199
378
69
-146
-416
169
470
-268
56
-9
99
-181
175
412
-1005
-12
148
-412
-126
-109
310
159
-150
614
6
-210
415
-488
36
649
-333
357
266
-345
870
-798
646
-531
-159
718
-368
141
-359
-43
226
103
-719
502
-1393
316
363
-908
1121
-515
493
428
-90
94
-25
-403
77
-433
-681
826
-130
833
-261
-58
420
-589
380
-82
-439
-96
94
87
234
287
-542
-93
-377
-126
-33
155
325
-522
707
26
172
-253
-437
-67
-294
540
252
-230
-97
14
-253
-171
-97
-437
-361
-346
-26
341
154
381
216
-132
-53
414
-338
101
-194
-322
190
-221
452
-211
313
-153
-126
532
36
-262
120
-143
-299
112
-568
169
-325
381
-179
-85
447
-238
385
-218
-207
209
409
262
-99
246
172
-456
50
-494
-327
429
-117
583
181
-266
228
22
-193
-105
-239
98
-50
-132
286
-330
135
215
-393
-330
8
206
273
-308
103
-217
115
698
-893
377
-71
-716
373
-463
-91
390
-10
150
156
-155
346
-610
-18
-121
-110
756
-510
632
-14
11
225
288
259
-63
-64
-183
-269
-392
312
-38
-361
-32
88
-244
66
201
149
-137
-69
921
-373
-362
538
-1128
271
340
-480
532
-482
614
890
-84
705
25
-507
278
-474
-155
714
-287
601
7
166
233
-1109
351
-316
-304
132
-58
43
-119
-38
-240
-303
-436
339
-374
245
-80
272
354
-356
530
-227
-280
-890
-158
-229
182
398
-367
538
172
56
-159
54
-529
-428
-350
250
245
-133
262
-879
453
-227
-285
254
-59
-33
594
-64
-308
136
-43
338
-401
259
495
62
438
189
-359
685
-105
101
281
-704
314
88
155
382
-352
-79
-173
-202
465
-227
-157
369
-330
488
-225
-413
416
-50
480
119
164
446
-403
-113
437
-450
268
202
174
495
-570
479
-337
-383
125
-447
328
-168
87
417
-570
-416
-437
-446
487
-61
75
61
-385
556
-269
-34
-49
-312
389
282
361
491
69
-72
424
174
-58
56
-317
-313
154
-385
457
-199
-111
709
-962
-67
268
-379
877
-46
121
704
-768
560
-95
-16
1104
-334
507
163
-641
350
-720
-106
-251
-338
537
-432
-245
238
-328
252
-425
-586
130
-230
715
-34
141
149
-341
519
101
-76
398
168
901
268
-203
300
-364
-114
-143
-285
-114
-99
-136
249
-354
-50
70
26
92
-733
-246
-107
-310
-120
336
30
-19
187
-287
60
-150
-371
188
-449
486
707
-453
81
-484
-521
301
-317
-281
5
19
488
-164
51
130
-535
182
176
-373
-262
142
23
-259
107
130
150
398
554
-283
-276
35
-98
144
-27
177
6
175
72
91
-158
-19
-5
-215
539
201
-153
-515
-104
-463
-183
68
-239
464
161
118
-195
-90
-207
200
5
585
149
389
600
-533
262
-651
-496
29
220
377
336
-398
-32
-35
-773
-378
-424
177
279
333
462
97
-218
-145
-561
-330
458
347
627
565
-225
-20
-164
-425
-418
27
142
446
457
439
93
-170
-330
-603
-281
-313
519
-64
386
-2
-205
22
-474
-171
-277
247
550
274
-287
146
-319
-282
98
119
182
166
523
-165
-197
-150
-449
-40
214
-9
86
85
140
-237
-507
206
-258
-18
116
-53
309
401
190
-137
-152
-72
159
-118
48
170
492
124
4
27
-92
463
-39
135
60
-57
-143
-388
-101
-189
-136
120
-176
-303
9
-92
54
-170
-172
-343
-90
148
-165
25
-105
61
145
55
121
14
-88
191
-177
-51
81
-10
328
-168
136
28
-66
99
-393
-89
-4
-122
292
213
260
154
-282
-122
-512
-189
112
-32
4
-127
5
43
-146
3
232
206
369
17
110
-170
193
232
-6
315
-127
104
141
-3
164
69
1
256
-198
31
26
-618
-71
-522
-273
27
-204
297
21
184
162
-155
-128
-378
-72
-83
49
421
430
676
533
-207
-219
-392
-494
13
-165
584
462
434
507
-486
-373
-779
-1036
-551
-216
401
556
606
656
-68
-465
-490
-823
-370
24
261
965
825
814
159
-406
-449
-576
-482
-92
129
353
549
229
241
-269
-488
-583
-843
-434
-47
149
430
206
122
53
-254
-166
-313
-100
3
-28
396
532
261
153
122
-74
55
-102
-16
-69
76
233
135
142
257
39
-127
-132
-462
-171
-187
82
56
100
74
16
152
-72
3
-187
-230
52
184
44
21
-68
45
293
-1
87
-134
-239
118
-129
-94
-32
167
264
260
141
167
-130
-188
-386
-541
-45
102
352
392
438
258
-185
-414
-421
-469
-4
34
321
582
362
608
187
-385
-320
-577
-369
195
98
513
395
334
289
-299
-360
-387
-430
6
171
284
429
202
61
-234
-485
-549
-257
-129
66
533
429
332
195
-313
-360
-591
-466
117
-53
484
404
87
349
-256
-127
-256
-588
-38
-71
256
440
-248
134
-8
-421
155
-242
35
119
-141
372
-18
78
238
-83
81
-145
-181
71
6
159
194
24
178
-28
-127
-197
-377
-102
-18
234
213
43
106
-115
-158
-91
-158
120
98
316
435
189
167
38
-182
-38
56
154
411
224
303
70
-162
-308
-534
-403
-297
-117
224
286
297
287
-168
-229
-455
-407
-48
92
358
356
260
281
29
-266
-224
-470
-209
132
267
758
479
372
123
-514
-483
-716
-565
-56
-18
383
462
213
119
-405
-484
-471
-450
171
282
514
668
300
238
-183
-478
-342
-369
14
372
454
568
331
7
-224
-538
-492
-370
-245
54
135
214
252
-75
-194
-366
-430
-171
-224
8
87
50
170
-71
51
-2
-143
165
-30
21
175
-13
76
-16
-70
32
-108
-19
42
-57
96
-123
-24
-3
-111
14
-150
11
-25
-25
-5
-26
-16
-111
-36
13
108
131
165
62
118
105
-35
50
-118
-64
-10
-27
46
50
95
104
26
-88
-202
-328
-318
-277
-126
66
174
265
245
132
-88
-198
-234
-183
20
145
222
240
185
119
-6
-144
-85
-64
82
262
215
210
125
-24
-134
-289
-248
-308
-225
-7
91
137
183
178
30
-38
-198
-205
-213
-41
116
125
259
224
177
76
-33
-41
-121
-92
-15
42
168
195
199
206
40
30
-86
-129
-54
-172
-47
-82
15
114
81
157
62
-53
-32
-192
-183
-129
-106
89
103
300
313
195
156
-83
-210
-224
-246
-55
48
156
256
177
170
-33
-180
-239
-239
-87
-5
115
198
127
148
-72
-213
-245
-295
-80
-60
123
257
205
199
47
-153
-165
-261
-160
7
67
295
244
221
50
-153
-255
-352
-250
-173
-30
142
185
201
93
-105
-162
-311
-280
-165
-143
102
166
205
239
31
-70
-206
-263
-132
-80
57
216
232
265
176
28
-87
-246
-281
-246
-161
5
118
213
216
115
20
-107
-180
-206
-155
-80
2
111
147
152
86
-1
-80
-126
-153
-126
-80
20
72
137
160
57
44
-78
-129
-118
-146
-3
47
86
105
5
-38
-67
-146
-108
-89
-58
53
64
115
111
71
26
-24
-40
14
91
81
156
148
128
118
2
-57
-55
-92
-22
24
55
142
87
120
70
1
-30
-89
-70
-61
-24
40
76
121
97
67
58
-9
-45
-76
-55
-20
16
82
94
82
64
13
-41
-25
-35
10
42
65
120
81
76
32
-34
-63
-100
-100
-51
-54
10
38
44
69
8
-2
-20
-14
17
40
82
97
93
66
19
-14
-26
-11
-19
-7
19
8
49
49
22
32
-22
-20
-28
-60
-9
-15
-19
47
27
20
31
-58
-39
-103
-124
-77
-85
-20
7
16
44
27
-42
-44
-99
-86
-44
-29
22
29
14
-4
-82
-137
-116
-143
-78
-63
-43
12
-14
-2
-12
-51
-63
-77
-74
-31
-39
6
36
28
45
19
0
-25
-11
-6
2
12
14
30
34
4
-13
-27
-27
6
19
75
64
62
50
-2
-19
-28
-18
9
39
42
65
48
44
30
3
4
-13
25
43
35
52
32
7
13
-33
-16
9
8
52
39
29
27
13
-1
14
15
43
89
73
101
56
33
3
-52
-30
-45
-9
54
57
72
81
47
42
-16
-24
1
-6
40
60
57
92
72
48
41
-6
22
19
9
24
19
14
11
-10
3
-19
-32
-37
-50
-29
-42
-20
-23
-9
-1
-12
-27
-58
-69
-83
-90
-74
-68
-46
-21
-15
12
4
3
6
-17
-18
-19
-20
31
20
36
48
15
4
-58
-83
-75
-76
-42
2
-4
21
11
18
31
6
-8
-15
-5
26
49
32
38
9
-42
-55
-85
-69
-39
-37
21
35
59
56
26
5
-23
-44
-38
-34
-18
18
19
53
33
43
32
-24
-34
-59
-41
-17
-20
8
-6
-5
-3
-28
-29
-41
-45
-30
-31
-19
-3
-30
-10
-30
-41
-43
-71
-26
-11
0
23
19
17
4
-2
11
24
10
7
-13
-35
-27
-34
6
29
36
56
49
30
11
-25
-40
-41
-47
10
37
68
60
44
35
-6
-15
-24
-31
-18
9
15
38
36
27
19
-21
-20
-19
-8
7
27
43
49
28
2
-7
-24
-6
4
41
51
54
61
34
23
-6
0
9
16
37
24
36
31
11
2
-6
-17
-21
-19
-14
-1
-6
15
9
-4
-21
-47
-43
-52
-29
-18
1
17
24
21
4
7
-28
-35
-39
-28
4
-4
-3
-17
-33
-41
-40
-43
-34
-25
-16
14
-6
0
-21
-34
-23
-40
-23
-24
-4
19
-8
-3
2
-10
-1
0
-2
19
12
21
26
8
15
0
2
3
-14
-11
-26
-23
-2
11
34
55
57
43
24
1
-12
-21
-25
-14
4
11
17
12
-3
-17
-24
-24
-14
-13
9
14
14
27
5
6
-14
-13
-13
-15
3
3
4
-4
-10
-18
-19
-27
-14
1
15
16
20
24
9
-1
-5
-6
-9
-3
-17
-4
-7
5
27
14
26
17
7
-3
-15
-14
-5
10
18
30
30
19
10
6
3
-1
-1
3
10
5
13
9
4
16
-10
-5
-11
-17
-3
3
8
4
-9
-17
-24
-28
-22
-10
-2
4
16
19
18
10
9
-5
-14
-27
-21
-10
-10
-5
1
7
6
15
4
-5
-27
-33
-27
-29
-8
-1
15
20
10
15
10
12
8
2
-1
8
16
15
7
3
10
7
20
14
18
21
18
25
25
22
27
19
24
23
18
20
14
16
18
16
22
26
11
7
1
5
-11
-18
-2
9
23
25
15
2
-2
-7
-8
-18
-10
-2
0
9
15
18
22
9
1
1
-13
-9
-10
0
-1
-2
-3
4
-9
-15
-23
-22
-9
-25
-11
-13
-7
-5
-25
-27
-30
-25
-2
13
24
30
24
19
6
-5
-14
-30
-30
-22
-9
6
