SAMPLES:	10711
BITSPERSAMPLE:	16
CHANNELS:	1
SAMPLERATE:	16000
NORMALIZED:	FALSE
3
3
8
10
8
8
10
11
12
12
12
13
12
14
14
13
12
11
9
7
3
0
-1
-2
-4
-3
-3
-3
-6
-6
-6
-6
-7
-7
-5
-5
-3
1
3
8
10
14
15
15
17
18
21
22
20
19
15
15
14
15
16
14
16
15
15
11
8
7
4
3
0
-1
-2
-1
1
2
3
4
6
6
6
10
9
9
9
10
12
8
10
10
8
7
8
7
3
2
2
1
-4
-5
-7
-7
-5
-6
-9
-11
-10
-13
-13
-10
-9
-10
-8
-4
-2
-2
2
4
5
6
10
13
16
18
17
18
19
20
18
15
13
11
8
4
5
4
4
5
5
4
2
3
4
5
4
2
-2
-2
-1
2
5
5
6
6
6
6
6
10
12
13
10
10
10
12
11
16
19
15
14
11
9
6
4
2
-1
-4
-5
-5
-8
-7
-7
-8
-9
-7
-4
-4
-3
-1
-2
-4
-1
1
4
5
7
7
6
7
6
2
5
8
8
4
2
2
-1
-3
-4
-5
-7
-5
-4
-2
0
0
1
-1
0
1
2
4
6
5
5
7
9
11
11
13
13
12
9
7
6
4
5
6
7
3
1
-2
-4
-6
-7
-7
-9
-12
-17
-19
-17
-15
-14
-16
-15
-14
-13
-10
-7
-9
-10
-8
-6
-4
-3
0
0
0
-1
-3
-4
-5
-4
-2
1
4
3
1
-3
-5
-9
-11
-10
-14
-15
-15
-18
-19
-19
-16
-12
-10
-10
-9
-8
-10
-6
-2
-1
-1
2
0
0
1
1
1
-1
-2
-2
-2
-2
-2
-3
-7
-7
-9
-11
-14
-15
-14
-16
-18
-18
-23
-23
-22
-22
-21
-21
-16
-13
-11
-9
-8
-7
-9
-6
-4
-1
0
2
1
-2
-1
1
4
6
7
6
4
0
-1
-5
-6
-5
-5
-5
-5
-7
-8
-9
-10
-11
-8
-5
-6
-4
-4
-2
0
3
5
5
7
6
6
6
7
8
9
10
9
5
4
1
2
1
-1
0
0
-3
-2
-3
-4
-5
-7
-6
-6
-7
-8
-7
-7
-6
-5
-3
-1
0
0
2
6
8
10
9
11
13
12
13
8
5
3
2
0
-2
-4
-6
-5
-7
-7
-10
-11
-13
-15
-14
-14
-14
-13
-12
-11
-9
-9
-8
-7
-5
-3
-1
1
3
5
5
9
8
8
9
9
10
14
15
14
10
6
4
3
5
4
4
3
2
5
3
2
-2
-2
0
3
6
7
8
8
12
15
18
20
17
19
21
24
24
23
21
19
18
15
12
13
13
14
14
12
10
8
7
5
5
5
2
-2
-6
-5
-7
-5
-4
-5
-5
-4
-2
-2
-1
2
3
5
6
8
10
10
10
10
8
5
7
7
8
6
4
3
2
4
2
1
-2
-5
-6
-8
-3
-3
-1
-1
0
0
-1
2
5
8
9
9
6
7
8
13
17
16
16
17
17
17
16
16
11
9
11
9
6
5
6
2
0
0
2
1
1
-1
-1
-1
-2
-2
-4
-2
0
0
4
5
5
3
3
3
2
2
5
3
5
3
0
-1
0
1
-1
0
-2
-2
-6
-10
-11
-12
-10
-9
-9
-11
-10
-12
-11
-9
-10
-9
-8
-6
-5
-3
-1
-1
0
2
3
5
6
9
10
8
7
6
4
2
0
-2
-2
-3
-3
-4
-6
-10
-13
-14
-14
-13
-10
-8
-12
-13
-11
-7
-3
0
1
-1
-2
-1
0
0
1
1
4
5
6
4
2
2
-1
-3
-3
-5
-6
-5
-7
-9
-12
-10
-12
-16
-18
-20
-19
-19
-17
-22
-21
-21
-19
-16
-15
-11
-10
-8
-5
-3
-4
-4
-3
-2
0
0
3
4
3
0
-2
-3
-3
-1
-3
-3
-5
-7
-7
-9
-10
-11
-11
-10
-11
-9
-9
-11
-12
-14
-16
-15
-9
-3
2
4
3
1
0
0
2
4
4
1
-1
-3
-3
-2
-1
-1
-2
-6
-9
-13
-13
-11
-11
-12
-13
-13
-13
-12
-13
-12
-9
-5
-1
4
3
2
0
0
3
5
7
10
8
6
6
6
8
8
11
11
5
5
1
-2
-6
-8
-7
-5
-6
-5
-4
-6
-8
-13
-14
-13
-13
-7
-3
-4
-7
-7
-1
0
2
4
5
6
4
3
5
6
5
7
8
7
5
6
4
0
-4
-6
-7
-7
-4
-3
-1
-2
-3
-4
-6
-4
0
2
-3
-4
-1
-3
1
2
2
1
2
8
10
7
7
6
4
4
6
7
3
4
4
6
8
6
9
7
3
2
-1
1
-1
2
3
7
10
9
12
11
9
9
9
15
13
16
17
19
17
17
23
22
24
24
26
21
12
10
1
1
0
-1
1
-1
5
1
-1
-1
-3
-2
0
1
2
1
8
11
15
19
20
17
16
23
24
23
16
17
18
21
24
24
25
26
22
12
12
16
16
15
14
15
12
9
13
19
22
15
15
17
12
16
23
24
27
25
27
22
32
45
45
46
46
40
27
15
8
9
15
29
20
10
15
19
33
29
19
13
-1
-10
-19
-30
-28
-27
-35
-43
-39
-21
-13
-10
4
10
4
0
-3
-8
-7
-9
-6
-4
-3
-1
-2
1
-1
-6
-11
-39
-38
-45
-48
-50
-66
-56
-39
-24
-16
-23
-32
-18
-28
-50
-41
-35
-43
-41
-29
-6
-17
3
22
18
41
29
11
-5
1
20
3
-9
4
4
9
15
17
9
-10
-8
-14
-47
-50
-50
-44
-44
-55
-53
-73
-55
-41
-5
-7
-13
-15
3
25
17
13
-13
-2
16
35
51
51
50
27
16
6
15
50
57
44
2
-11
-18
-6
9
-2
-44
-74
-91
-83
-47
-25
-12
-14
-34
-43
-35
-25
8
21
23
-4
-9
-4
-7
-21
-19
-8
1
14
37
48
16
-6
-12
10
-18
-44
-57
-78
-84
-82
-49
-40
-65
-58
-57
-82
-79
-71
-80
-92
-75
-89
-110
-88
-40
-22
-22
-13
-14
-8
-9
7
2
-11
4
3
-3
-6
-9
-24
-20
-10
-6
18
8
2
-27
-40
-48
-64
-47
-37
-9
-13
-9
5
-16
-20
-18
-17
-17
-8
-11
-9
39
58
52
21
9
26
16
12
-1
15
10
-20
-13
-11
-23
-47
-29
8
1
-11
0
-7
-16
-50
-94
-74
-65
-43
-6
2
18
34
29
18
-4
-13
-15
-5
14
28
30
1
-17
4
27
7
-18
-10
7
41
24
-9
-14
-8
0
-8
-13
-19
16
14
1
-9
-37
-47
-69
0
39
26
18
20
68
83
69
64
19
39
82
66
100
19
105
-323
-627
-41
232
529
247
110
67
-349
34
74
191
103
-198
-412
-412
71
210
238
-147
75
-44
35
333
120
370
-399
-720
-671
-457
4
-118
68
28
-121
119
67
188
127
157
-183
-896
-547
-148
218
78
-126
102
-267
-418
-241
128
598
441
381
83
-250
-191
-312
-301
-285
154
403
558
515
274
91
-267
-142
-64
188
289
56
48
-42
102
-34
-372
-283
-192
306
500
397
290
-151
-144
-13
260
789
706
673
475
264
290
20
94
249
351
510
601
551
410
-3
85
192
249
400
472
669
351
168
-28
60
1
-376
-78
34
287
112
-55
224
-295
-193
2
159
183
165
293
349
96
113
10
-432
-387
-612
-335
-167
-361
-340
-483
-202
171
447
554
252
-214
-378
-210
-63
424
522
426
105
-145
-435
-1000
-301
369
556
392
112
422
-370
-818
-670
-448
-235
-100
-15
-64
-449
-584
-364
-391
-115
-332
-194
18
131
302
-98
-468
-556
-546
-450
-297
109
801
565
109
-169
-459
-398
-394
127
399
365
686
442
-9
-595
-586
-338
-202
367
800
964
323
-115
-512
-784
-243
264
564
338
52
-311
-318
-284
-87
-243
-407
82
66
356
29
-445
-378
-633
-591
-599
-82
419
414
76
61
103
-244
46
-115
-33
68
245
246
78
167
-273
-421
-451
41
102
54
218
-148
318
16
289
255
-416
-266
-385
225
555
494
169
-508
-977
-430
132
240
161
-346
-72
-325
-173
81
47
164
-447
-534
-311
270
324
135
-398
-709
-473
-16
20
-110
-107
-199
37
7
-30
-203
-605
-569
-324
-240
-78
-20
-250
-80
-596
-586
-318
-552
247
-68
-142
-166
-637
147
-8
415
763
242
275
-320
13
329
67
170
-32
-288
-294
-85
295
331
-52
85
40
-81
235
168
245
-39
-180
-252
-748
-798
188
527
387
-242
-735
-165
48
832
594
240
41
-343
75
-360
131
291
-31
-264
-262
235
201
167
-69
-82
-343
-40
10
107
-75
-580
-418
-385
125
-20
-113
-559
-417
-20
-44
348
33
-231
-370
-573
-238
-36
-107
310
397
142
73
70
175
-167
-398
-151
311
805
617
191
-75
-390
-170
-142
-246
-64
457
1140
644
51
-651
-721
217
450
501
-48
-280
151
-102
0
101
-140
142
245
686
728
455
853
625
545
323
549
1173
1062
272
-166
127
228
454
430
827
782
437
480
363
18
-224
83
564
146
111
-99
315
304
-133
14
273
409
22
-131
85
-297
-521
-75
50
131
-81
74
-28
-396
-650
-153
237
138
-261
-396
8
-275
-525
-565
-902
-807
-556
105
207
-462
-652
-878
-687
-474
-427
-259
-521
-309
-149
-239
-144
-437
-508
-479
-254
13
340
438
356
-85
-211
-480
-678
-323
-319
527
539
393
360
-192
-397
-764
-143
24
181
319
362
711
377
118
-712
-460
-184
64
923
1004
1580
483
17
707
620
1029
238
919
1312
542
774
815
735
334
138
933
547
336
770
1002
516
-384
-122
54
390
710
496
-780
-1455
-736
355
-105
-350
128
386
-360
-1082
-373
-46
-194
-178
-442
-496
-196
569
791
-775
-824
230
22
-491
-800
-351
-461
-1318
-354
-106
-476
-1159
-1417
-603
-1351
-1405
-621
-191
-538
-1607
-1465
-928
-660
-561
-798
-1002
-1204
-697
-192
-596
-1060
-1042
-456
-66
-197
-495
-1223
-447
767
517
-377
-899
206
123
-120
423
583
34
-401
-103
94
95
269
468
9
-751
75
1454
1119
215
-619
-203
-143
-1096
1194
2840
1878
-437
-2687
-628
458
1605
2728
652
-575
-2024
-1055
1532
2035
2244
982
-880
-1523
59
1713
2025
942
-275
-364
-758
548
1772
1281
93
-916
73
913
1234
1289
741
-175
-667
154
864
1156
541
81
-47
-529
-86
680
854
622
-619
-760
-93
677
682
40
-93
-183
-103
-665
62
321
77
112
-287
-1063
-1796
343
1898
1189
-481
-837
144
-188
666
1390
494
-345
-246
855
148
-397
570
615
-585
-583
445
103
437
700
-109
-1726
-1064
303
-1035
-2299
-1830
650
823
-659
-1136
-1367
-866
-1386
-645
446
1217
781
-323
-709
-945
-506
-46
678
875
1486
943
-148
-434
-572
-542
-555
-215
1385
2102
593
-894
-1626
-497
-618
-771
836
1918
1543
-82
-1235
-1581
-1755
-433
1066
1329
1020
513
713
480
-170
-23
-42
253
520
1326
2134
1173
-127
-1063
-797
-642
359
1594
1639
808
-529
-319
11
-229
-326
-269
294
518
968
1153
371
-1041
-1930
-1518
-614
811
1314
866
-114
-1187
-1313
-1172
-441
342
316
-19
-138
392
133
-896
-1324
-849
-500
-174
297
999
466
-1182
-1430
-1161
-986
-899
-313
-43
-192
-821
-843
-594
-1081
-1431
-1146
157
17
-620
-359
-433
-606
-993
-322
286
-133
150
743
930
144
-442
-71
277
895
963
741
857
1097
1001
443
499
841
866
793
945
863
1033
1183
1180
1007
793
1303
1881
1883
1644
1947
1995
1356
885
1140
1695
1745
1022
878
1283
1590
1346
894
1358
1683
1134
170
465
1298
1385
889
447
149
-250
-435
-188
39
227
386
85
-317
-862
-766
-1031
-1325
-1424
-1238
-874
-1163
-1843
-2387
-2636
-2819
-2691
-2724
-2460
-2185
-2482
-2935
-3489
-3485
-3370
-3583
-3268
-2551
-2317
-2769
-3239
-3124
-3184
-3199
-2940
-2474
-2084
-1749
-1302
-1497
-1808
-1647
-1204
-593
-499
9
373
499
119
-283
200
263
971
1770
2008
2154
1871
1870
1667
1659
2406
2554
2278
2199
2726
2864
2913
3297
2850
1956
1829
3282
3919
3264
2781
1907
1764
2604
2792
2172
2132
3389
3577
1865
1739
3029
2968
2019
1098
2157
3029
2129
1558
1536
1959
1614
1118
1047
802
355
642
917
460
-64
480
310
-525
-520
-69
-222
-1925
-2315
-1927
-1796
-2193
-2773
-2625
-2870
-3223
-3487
-3493
-3053
-2952
-3779
-4268
-4036
-3573
-3626
-3948
-4044
-4180
-4144
-4100
-3722
-3491
-3266
-2972
-2945
-2818
-2854
-2888
-2302
-1281
-1008
-1371
-1581
-795
-337
-442
131
201
1
-141
-16
283
498
1852
2519
1881
1110
1305
2115
1516
1938
2359
2002
1974
1676
2014
1658
1389
1938
2199
2154
1277
1380
2047
2013
833
503
1437
1575
1475
1070
815
344
383
461
207
741
1100
901
234
418
548
616
687
271
349
-115
443
669
483
650
159
-254
-297
287
810
445
83
299
620
521
67
176
421
700
467
308
602
660
435
-307
-294
329
513
319
-106
-293
-21
132
-240
-582
-787
-639
-592
-863
-786
-987
-1419
-1837
-1776
-1497
-1624
-1867
-1895
-1861
-1910
-1542
-1760
-2419
-2243
-1856
-1640
-1577
-1667
-1689
-1748
-1468
-978
-1340
-1739
-1427
-1138
-913
-621
-531
-702
-690
-389
469
1066
877
402
-38
510
1075
1519
1356
766
977
1027
1063
1502
1995
1574
284
377
1912
2479
1706
1245
1129
403
978
2003
2351
1532
607
913
596
983
2121
2115
868
261
1054
1835
1939
2085
2164
1392
1080
1460
1838
2109
1794
1652
1234
1221
1652
1751
1589
1482
2287
2312
1771
1516
1609
1809
1474
1485
1661
1265
682
138
129
140
-273
-573
-933
-1090
-1367
-1834
-2277
-2766
-3029
-3124
-3042
-3385
-3841
-4053
-4304
-4126
-4203
-4364
-4666
-5094
-4744
-4415
-4341
-4388
-4426
-4077
-3767
-3600
-3028
-2736
-2548
-2275
-2250
-1683
-1309
-734
-720
-1042
-837
-798
463
1085
875
818
1385
1869
1547
2277
2760
2389
2903
3033
2201
2309
3371
3577
2971
3257
3561
2774
2709
3510
3810
4046
4149
3472
3199
4040
3938
3736
3950
4109
3298
2950
4345
3901
3363
3625
3707
3330
3138
3784
3381
3232
3743
3236
2331
2591
3042
2576
2084
2272
2269
1609
1154
980
410
319
38
-781
-2255
-3312
-3641
-3577
-2805
-2956
-3627
-4848
-6008
-6451
-6456
-5502
-5273
-6051
-6571
-7162
-7458
-7373
-6917
-6460
-6942
-7021
-6620
-6012
-5233
-4792
-4499
-4834
-4587
-4058
-3377
-2308
-1506
-734
-889
-1108
-741
-726
-305
139
337
543
257
633
1067
685
943
1638
2126
2503
2657
2788
2618
2692
2667
2445
2810
3143
3368
3160
3464
3756
3254
3129
3030
3685
3941
4143
4809
4734
4524
3692
3821
3841
3837
4054
4310
4972
4801
4517
4297
3696
3649
3619
3816
4422
4358
4737
4063
3496
2869
2219
2065
1299
671
-316
-1048
-918
-1022
-1322
-2370
-3280
-4421
-5410
-5422
-5073
-4637
-5258
-6158
-7273
-8141
-8409
-7999
-7294
-6836
-7088
-7715
-8254
-8280
-7616
-6785
-5884
-5475
-5274
-5092
-4868
-3936
-2841
-1852
-1525
-1650
-1308
-570
395
494
415
412
231
600
1431
2061
2413
2638
2611
2026
1676
2160
2698
2957
3193
3466
3265
2898
2741
2522
2361
2648
3510
3898
3562
3482
3040
2913
3329
4002
4281
4096
4062
4104
4425
4410
4448
4699
4996
4453
4112
4274
4479
4305
4275
4758
4397
4235
4494
4601
4674
4365
3312
570
-2331
-3502
-2361
-51
1217
594
-2493
-5769
-8520
-8892
-7008
-4528
-3401
-5067
-7386
-9719
-10913
-11141
-10408
-9433
-8632
-8136
-8065
-7770
-7729
-8297
-8982
-8872
-7509
-5374
-3178
-1545
-1003
-1586
-2417
-2685
-1380
647
2574
3561
3576
3037
2149
1561
1469
2139
3185
4280
5140
5317
4985
4142
2892
2008
2041
2933
4151
4985
5135
4539
3258
2185
1640
1763
2697
3896
4961
5276
5153
4387
3382
2558
2787
4208
5492
6595
6996
6601
5495
4243
3763
4124
5262
6532
7164
7090
6720
5888
5194
4907
4902
5394
4101
1576
-1482
-2787
-1659
28
1051
-662
-3749
-7453
-9927
-9523
-7417
-4566
-4594
-7149
-10696
-13179
-13434
-12827
-11007
-9906
-9700
-10327
-11081
-10778
-10292
-10173
-10472
-10222
-8782
-6752
-4541
-3051
-2830
-3358
-4217
-3768
-1603
1251
3767
4392
3500
1882
963
1062
2114
3919
5381
6351
6152
5370
4581
3946
3735
3825
4326
5239
6085
6427
5669
4477
3214
2540
2752
3726
5455
6448
6530
5720
4887
4472
4008
4415
5383
6408
7188
7311
7442
6647
5707
5035
5239
6379
7488
8591
8512
7854
7067
6146
6228
6518
5541
2675
-1096
-2202
-857
1775
2571
218
-4332
-9448
-12111
-10631
-6554
-2457
-3226
-8085
-14132
-17962
-17145
-14558
-10215
-8445
-9216
-12292
-15530
-15688
-14303
-11729
-10396
-9307
-8321
-7745
-6817
-6226
-5542
-5289
-5080
-3465
-404
3023
4770
3785
1465
-473
-433
1463
4355
6986
7659
6607
4716
3371
2998
3603
4820
5605
5861
5737
5371
4951
4330
3822
3405
3583
4488
5744
6583
6394
5657
5073
5204
5867
6811
7368
7807
8031
8124
8437
8864
9283
9134
8784
8418
8416
8785
9233
9614
9755
9515
8989
7840
4425
174
-2328
-741
3201
5664
4299
-1686
-8597
-14137
-14335
-8837
-2569
353
-5373
-14028
-21689
-22940
-18362
-12337
-7169
-8219
-12690
-19032
-21454
-18746
-14101
-9721
-8799
-9384
-10944
-11646
-10438
-8315
-5882
-4498
-3813
-2240
-145
1477
1374
45
-615
151
2657
4966
6059
5384
3350
2334
2756
4865
7038
7431
5791
2968
1263
1817
4516
7099
7556
5979
3457
1736
1841
3535
5703
7201
7569
6886
6137
5464
5357
5935
7393
9553
11233
11940
11179
9606
8520
8157
9828
11522
13167
13099
11586
10307
9294
9862
7027
3432
365
727
4811
6460
5374
-1199
-8087
-12962
-13253
-6539
-753
1311
-7002
-17938
-24639
-23849
-15575
-9164
-5500
-10024
-18297
-25214
-25679
-17892
-9604
-5247
-7636
-13105
-17089
-17376
-12531
-5300
-1
876
-2781
-5667
-5429
-2254
1672
3631
4585
3867
3046
2277
1648
2467
3293
5331
6795
7297
6485
3845
1462
27
1366
4085
6589
6908
4042
1060
-770
188
2990
5437
6389
4838
2941
2400
4125
6705
8121
8187
7747
7658
8763
10166
11474
12144
11945
11765
11835
12477
12752
12399
12366
12067
13397
12697
8360
3105
-111
2076
6290
8077
4713
-2628
-9501
-13264
-11172
-4008
560
-1320
-12555
-22434
-25689
-20259
-11609
-7648
-8320
-16751
-24481
-27917
-22297
-11899
-5792
-6717
-13340
-18651
-19394
-15004
-7069
-872
937
-2561
-7260
-7354
-3406
2598
5914
6039
4441
2160
1737
2351
4365
6158
6835
7491
6789
5806
4336
3202
2897
3777
5676
6750
6333
3403
-52
-823
1041
4963
7287
6542
3287
-622
-1190
1862
7168
10323
9272
5925
3352
4127
7772
12021
14508
13991
11363
9458
9715
12673
15373
16296
15590
13485
13008
9841
6091
4344
5004
9522
10282
7302
7
-6850
-9407
-9123
-2745
832
235
-9202
-20872
-24549
-21326
-11950
-8861
-10278
-17320
-25326
-28117
-25270
-15705
-9081
-9274
-14949
-20393
-20172
-16470
-10261
-4676
-2709
-3481
-7370
-8058
-4564
603
5090
5343
4759
3175
2376
3077
4137
6814
7879
8555
7639
5741
3927
2657
3577
4648
6221
6202
4065
1530
-1178
-1100
1685
4645
5631
3035
-543
-3214
-2314
1755
6142
8558
6254
2506
86
2225
7343
12142
14431
12784
10214
8028
9722
13445
17164
18337
16189
14189
12982
14415
14357
10597
7256
5684
8579
11377
9742
3802
-3490
-7247
-7093
-2498
2032
282
-7806
-19348
-23118
-18475
-10409
-7234
-12543
-19703
-26946
-26861
-21898
-13599
-8944
-12361
-18703
-22773
-19580
-13454
-8272
-5386
-6073
-7229
-8566
-7532
-3179
805
3541
2863
2478
2692
3107
3988
4003
5420
6794
7977
7940
5882
3490
2188
3295
4941
6005
4807
1840
-730
-1850
-221
2868
4111
2472
-1117
-3633
-3225
-559
3059
4887
4347
1578
-986
-154
3714
8765
10972
10148
8114
6739
8366
11347
15178
16456
15292
13626
12534
15076
17704
17963
12638
6535
5463
8502
14397
13175
7075
-794
-6006
-4570
-1023
4240
2255
-5392
-15956
-20440
-15368
-9252
-7041
-13047
-19512
-24252
-24224
-20071
-15083
-12148
-15160
-20079
-21254
-17796
-13098
-10904
-10636
-9772
-8445
-6830
-5998
-4004
-1463
-265
1198
2256
3926
4304
3240
2714
3556
6748
8460
8677
6315
3323
2478
3051
5177
5906
4927
1985
-906
-1596
-304
2210
2445
589
-2088
-3702
-2894
-1196
1522
2843
2085
86
-1759
-202
3507
6911
8447
8185
7657
7296
8803
11432
13772
15529
14803
14522
15034
16445
15718
11161
9020
10273
14196
16570
11873
5047
-440
-1217
1814
5166
6693
1072
-7223
-15147
-14410
-8246
-4055
-6283
-14212
-19516
-22027
-20087
-16570
-13043
-12476
-15933
-19682
-19583
-16005
-12866
-11803
-10816
-8841
-7440
-7256
-7924
-6006
-2395
490
2420
2198
1890
778
850
3295
6328
8399
6850
4649
3037
3579
5108
5741
5389
3492
1792
450
415
1114
1066
883
-233
-943
-1477
-2298
-2378
-2661
-1017
770
1158
540
-1199
-1318
435
3746
6623
8113
7382
6136
6580
8900
12842
14786
15500
14082
13860
14695
14225
11877
10466
12594
15274
16437
10612
4084
834
2134
6461
8223
7208
-191
-8552
-13759
-10890
-3770
-1414
-6562
-15526
-20106
-20571
-17582
-14647
-12594
-13661
-17458
-20649
-19758
-15770
-13259
-12236
-11282
-9302
-8297
-9229
-9150
-6173
-1661
1655
2334
1429
358
44
1562
5024
8539
9460
7423
4673
3321
4324
6281
7630
6986
5068
2492
1033
1085
1747
2059
1362
118
-1020
-1724
-1925
-2184
-2189
-1493
-786
-474
-1409
-1585
-1071
811
3555
4756
5490
4978
4931
6524
9291
12523
13562
13314
12279
12450
14572
17288
16813
12302
9519
10475
14447
16739
11628
5642
2061
2963
5547
6288
5469
-218
-6654
-11235
-9411
-4521
-3576
-8988
-15828
-18046
-17491
-15992
-15320
-15303
-15547
-17442
-19123
-17564
-15025
-13888
-13959
-12718
-9661
-8064
-8775
-9770
-7340
-2173
1110
1944
241
-1281
-904
1256
4685
7370
8088
6256
4084
3486
4039
6055
6619
5641
3943
2613
1513
963
1155
973
1244
237
-1474
-2496
-2619
-2602
-1769
-690
-267
-750
-2455
-2952
-1052
2192
4567
4752
4275
3945
4637
7415
10286
12346
13143
11649
12622
14486
16460
15865
10687
9968
12797
17348
18252
11535
4963
2902
5268
8987
9544
7258
600
-6432
-9613
-6365
-1443
-1735
-8332
-15632
-16571
-16065
-14860
-14757
-14553
-14733
-17303
-20001
-19274
-16464
-14854
-14138
-12199
-9810
-9782
-11830
-12192
-7303
-1755
371
-198
-1883
-1613
-267
1622
4328
6357
7182
6043
4990
4816
5264
5730
6324
6070
5401
3810
1487
696
1039
1829
2161
628
-1517
-3162
-3755
-3169
-2391
-1290
-1486
-2657
-3640
-3861
-2024
-9
1551
2530
2788
3572
3851
5163
8007
10312
12133
12303
12589
13756
14584
14264
10980
11857
14939
17725
17038
10553
5982
5480
8661
10741
10073
6929
759
-4700
-6585
-3603
315
-1299
-8084
-14275
-15528
-14885
-14180
-13635
-13016
-13734
-17086
-20180
-19334
-16424
-14506
-13574
-12073
-11070
-12002
-13473
-12389
-6407
-1421
-463
-1973
-3795
-3096
-492
2240
5023
6633
6018
4385
3881
4764
6485
7175
6709
5587
4210
3270
2537
2928
3475
2945
1601
-141
-981
-1063
-1231
-1523
-1959
-1694
-1847
-2464
-2742
-2274
-959
-527
-111
768
1638
3165
4206
4982
7006
7924
8857
10498
11880
13708
12349
9011
7983
11504
16749
17759
12751
5686
3964
6612
10776
11636
9304
4329
-2189
-5087
-3913
647
1323
-3600
-10059
-12328
-12597
-12963
-13388
-12331
-10638
-12706
-17067
-19410
-17451
-14691
-12643
-10777
-9626
-10984
-14153
-14333
-8469
-1426
832
-1903
-4945
-4455
-1526
2379
5196
6613
6361
4036
3571
5198
7833
9111
8322
6599
5682
4883
4086
4443
4639
4438
2986
927
62
63
-187
-1117
-1991
-2058
-2029
-2571
-3216
-3029
-2054
-1055
-919
-642
519
1052
1966
3109
4467
6530
7180
8890
9874
11539
11771
10343
9071
9537
13259
15838
15355
10469
5921
6372
8833
11401
10056
6631
2754
-1450
-2809
-2478
-126
-1360
-5562
-10168
-11670
-11974
-13318
-14018
-13238
-12177
-14129
-17887
-19206
-17436
-15225
-13418
-12201
-11358
-12942
-14828
-13156
-7636
-2557
-2105
-4003
-4691
-3096
48
1794
4120
5638
5801
5200
4976
6344
7638
8485
8132
7896
7402
5654
4590
4930
6115
6226
4367
2139
830
868
540
62
38
-256
-834
-2282
-2738
-1714
-758
-168
-683
56
1038
1469
2175
2931
4963
6189
7382
8256
9913
10699
9282
8050
7159
11284
14364
14734
11468
6028
5440
6809
10132
10559
8588
4549
-224
-2397
-2244
290
-245
-3498
-7906
-9757
-10332
-11750
-13007
-12657
-11648
-12495
-15613
-17595
-16928
-15594
-13904
-12527
-11352
-12192
-14200
-13823
-9747
-4701
-3326
-4449
-5428
-4303
-1931
90
2288
4073
5453
4832
4278
4978
6519
8114
8509
8330
7721
6458
4991
4817
6107
6717
5869
3356
1697
1600
1302
799
-122
-300
-443
-1571
-2752
-2648
-1593
-1002
-1090
-1256
323
542
733
735
2070
4602
5239
6967
7805
9518
8662
6069
5447
8418
13526
14213
11661
6476
4911
6815
9034
10704
9535
7106
1915
-993
-1608
1000
1617
-1481
-5866
-8405
-8626
-10533
-11707
-11884
-10210
-11149
-14350
-17329
-16971
-15115
-13959
-12434
-11394
-11942
-14534
-15446
-11731
-5733
-3008
-4300
-5883
-5812
-3593
-1444
1211
3778
5000
4527
3190
4194
5861
7832
8821
8575
8000
6554
5593
5649
6827
7196
6173
4273
2749
2227
1961
1268
541
-80
-335
-1045
-2199
-2799
-2467
-1470
-1267
-1240
-1234
-892
-56
416
1247
2430
3737
4269
5546
6806
8049
9080
7649
7002
6914
10029
12147
11944
9258
6420
6760
8305
9009
8419
6762
4437
1890
-57
-247
277
-1065
-4013
-6508
-7630
-8543
-10373
-11487
-11147
-10844
-12256
-14596
-15654
-15122
-14447
-13308
-12214
-11612
-12593
-13542
-12483
-8974
-5448
-4500
-4817
-5118
-4578
-2666
-439
1924
3687
4173
4261
4341
4911
6149
7661
8844
8772
7409
6122
5907
6355
7303
7244
6211
4816
3059
2429
2252
2203
1529
502
-291
-1221
-1472
-1107
-1110
-1127
-1598
-1861
-776
-7
535
717
1030
2313
3269
4471
5783
6837
7274
6065
4905
6378
9551
11333
9888
6522
5122
6556
8301
8899
7902
6194
3897
1230
702
1475
2007
-439
-3873
-5945
-6487
-7327
-8817
-9199
-8956
-9697
-12141
-13866
-13695
-12925
-12486
-12169
-11319
-11250
-12275
-12436
-10559
-7157
-5479
-5697
-5519
-5124
-3576
-2041
-533
1383
2047
2968
3765
4730
5366
5167
5853
7064
7643
7002
6058
5340
5559
5859
5758
5613
4792
3424
2382
1806
1830
1348
342
-79
-656
-609
-873
-1224
-1203
-1255
-790
-16
620
795
1008
1202
2623
4362
5132
6203
6414
6557
5700
4957
6505
9741
11464
9528
5817
4088
6122
8213
9254
7751
5598
2701
379
170
2147
2721
-18
-4079
-6712
-6685
-7132
-7957
-8319
-8140
-9218
-11997
-13861
-13452
-12091
-11320
-11234
-10870
-11354
-12405
-12607
-10222
-6926
-5257
-5737
-6655
-6295
-4813
-2696
-774
859
1563
1587
2233
2822
4091
5102
5874
6344
5879
5367
5130
5728
6080
5875
5156
4457
3992
3843
3845
3166
2248
771
124
257
586
771
398
-251
-1251
-1363
-712
656
1311
1581
1078
1210
2534
3089
4959
5733
6720
6937
4849
4412
5084
8939
11088
9789
6151
3834
5157
7462
8935
8233
6647
3652
1065
225
1793
3461
1605
-2081
-4910
-5887
-6334
-7076
-7125
-6553
-7647
-10555
-13006
-12964
-11514
-10804
-10332
-10337
-10828
-12270
-12974
-10794
-7309
-4988
-5654
-7082
-7199
-6129
-3632
-1412
147
944
407
402
1375
2907
4576
5128
4985
4399
3963
4136
4995
5359
5230
4373
3311
3176
3127
3193
2710
1633
859
82
-17
249
223
348
-458
-1113
-1016
-627
561
992
1208
1355
1392
2550
3444
4849
5864
6285
6785
5456
4302
5285
7926
10854
9959
6406
4043
4622
7139
8165
7981
6332
4151
1062
168
1354
3170
1898
-1977
-4652
-5633
-5794
-6425
-6766
-6333
-7210
-9782
-11875
-11750
-10273
-9663
-9616
-9645
-9653
-10560
-11361
-10011
-7173
-4834
-5034
-6469
-6506
-5674
-3285
-1518
-292
678
249
538
1224
2552
3916
4351
4381
4165
3877
3653
4026
4509
4904
4366
3140
2605
2617
2816
2564
1724
860
121
-215
-157
456
483
-413
-1137
-1319
-301
353
302
689
700
1770
1788
2389
3502
4198
5577
6065
6527
5419
4042
4578
7252
10501
9549
6614
3734
4561
6601
8021
7753
6305
4094
1344
491
1539
3118
1822
-1365
-4202
-4744
-5159
-5576
-6351
-6266
-6847
-8816
-10519
-10938
-10229
-9862
-9976
-9494
-9454
-10036
-11094
-10231
-7731
-5241
-5041
-6600
-7003
-5844
-3117
-1026
-406
-538
-536
309
1813
3050
3634
3671
3612
3608
4023
4424
4539
4234
3677
3544
3561
3506
2986
2481
2146
1492
774
307
580
914
459
-858
-1499
-1159
-204
172
544
372
498
766
902
2602
3656
4057
4574
4650
6368
6894
5940
4961
5078
8004
9893
9696
7145
4915
5080
6895
8387
8316
6903
4004
1651
1085
2298
3881
2330
-943
-3916
-4640
-4544
-4837
-5493
-5954
-6573
-8441
-10090
-10283
-9744
-9273
-9128
-8866
-8713
-9669
-10754
-9971
-7283
-4959
-4827
-6532
-7457
-6050
-3483
-1164
-505
-976
-1096
-875
545
1832
2831
3296
2701
2231
2368
3001
3567
3530
3113
2907
2604
2051
1838
1785
1755
1236
390
360
763
519
-384
-1132
-953
-132
419
195
103
236
532
1256
2177
2775
3636
3479
3592
4738
5452
7181
7267
5994
5032
4833
7612
9617
9153
7205
4947
5406
6835
7681
7655
6603
3859
1861
1203
2570
3617
1427
-1532
-3463
-3634
-3809
-4866
-5554
-5677
-6331
-7935
-9485
-9559
-9364
-9126
-8910
-8526
-8741
-9922
-10550
-9260
-6671
-5091
-5861
-7021
-7095
-5539
-3111
-1818
-1519
-1506
-1461
-716
544
1605
2385
2501
1981
1900
2201
2837
3266
3132
2954
2383
1772
1460
1351
1717
1503
684
76
-374
-460
-746
-1041
-1028
-651
-418
-623
-590
-572
-31
1069
1742
2627
2688
2272
2907
3883
5565
7306
7912
7477
5529
4191
5912
9606
12141
10676
6531
4434
5278
7557
9313
9053
7400
4024
883
729
2936
4254
2305
-1294
-3605
-4211
-4992
-5689
-5249
-4721
-5879
-8666
-10654
-10396
-9345
-8826
-8493
-8222
-9059
-10945
-11540
-9501
-6136
-4666
-5976
-7426
-7332
-5491
-3460
-2200
-1432
-1475
-1500
-1296
-450
871
1621
1796
1590
1244
1156
1354
1676
2408
2512
1695
790
291
651
1300
1204
561
-27
-548
-719
-685
-631
-407
-303
-392
-203
-292
312
989
1447
2617
2518
2814
3490
3996
5549
6312
6907
7657
7171
6041
5498
6720
9870
11529
9517
6436
4568
5801
8052
9079
8880
6812
3445
936
1035
3435
4733
2257
-1449
-3994
-4498
-4409
-4408
-4299
-4482
-6315
-9002
-10346
-9765
-8509
-7706
-7841
-8316
-9402
-10892
-10717
-8427
-5631
-4415
-5839
-7711
-7624
-5763
-2726
-1157
-1137
-1680
-2336
-1792
-398
1291
2553
2344
1008
105
375
1681
2755
2746
2141
1034
104
-17
577
1405
1376
187
-947
-1356
-1077
-596
-636
-486
-743
-769
-323
-249
634
755
1182
2160
2318
3451
3701
4282
5303
5629
6866
7987
8037
6935
5748
6674
9799
11598
10109
7185
5069
6102
7819
9031
9139
6973
3846
895
1234
3499
4502
2082
-1554
-3810
-4037
-4231
-4439
-4302
-4520
-6390
-9161
-10388
-9508
-8057
-7704
-8082
-8505
-9290
-10458
-10506
-8116
-5177
-4403
-5893
-7800
-7256
-5156
-2870
-1447
-1298
-1810
-2652
-2478
-699
1378
2119
1251
161
-78
529
1000
1611
2180
2077
972
-499
-681
215
1062
970
209
-388
-983
-1360
-1104
-218
325
251
-448
-303
430
663
1299
1645
2890
3667
3455
3906
4129
5395
6256
6849
8053
8538
7955
6659
6287
8100
10692
11190
9181
6538
5506
6647
8107
8758
8010
5671
3018
1399
1992
3332
3133
649
-2127
-3627
-3766
-4045
-4363
-4825
-5643
-7296
-8978
-9379
-8778
-8096
-8242
-8549
-8744
-9290
-9787
-9327
-7535
-5654
-5319
-6142
-6995
-6382
-4729
-3120
-1860
-1629
-2060
-2484
-2178
-639
854
1548
985
61
-306
71
843
1683
1985
1187
-89
-1109
-901
247
904
454
-764
-1772
-1943
-1437
-557
131
-182
-941
-1394
-940
487
1560
1746
1758
1989
2574
3541
4412
5243
5819
5950
6527
7460
8505
8912
7741
7182
7852
9521
10760
9843
7792
6515
6487
7467
8099
7577
5918
3609
1903
1801
2380
2249
450
-1954
-3360
-3755
-4065
-4659
-5381
-6165
-7061
-8166
-8555
-8510
-8359
-8369
-8271
-8137
-8259
-8864
-8831
-7487
-6133
-5315
-5705
-6253
-5685
-4865
-3515
-2528
-2344
-2338
-2558
-2083
-931
-196
214
30
-445
-582
-552
-168
478
605
313
-357
-1126
-1103
-641
11
234
-445
-1247
-1483
-1111
-287
184
153
-191
-467
-86
824
1927
2367
2182
2274
2915
4052
5108
5680
5866
6151
6439
7222
8541
9049
8840
7539
6953
8269
9632
10328
8910
6917
6180
6131
6761
6870
6230
4966
2726
1144
948
1304
912
-827
-2718
-3579
-4080
-5065
-5912
-6237
-6392
-7078
-8165
-8653
-8558
-8537
-8763
-8335
-7562
-7530
-8224
-8874
-7834
-6015
-5034
-5033
-5668
-5727
-5003
-3967
-2680
-1900
-1851
-2226
-2227
-1457
-401
-69
-232
-611
-655
-243
-44
-4
-72
-476
-824
-919
-677
-246
-234
-815
-1343
-1279
-665
-151
202
36
-139
-95
40
1054
1982
2612
2921
2582
2975
3657
4710
6102
6526
6735
6371
6513
7565
8841
9748
9390
8014
7102
7607
9147
10181
9228
7050
5479
5306
5860
6310
5735
4367
2362
565
186
526
556
-786
-2383
-3509
-4194
-5005
-5778
-5639
-5437
-5968
-7197
-8007
-7873
-7571
-7482
-7219
-6720
-6749
-7563
-7979
-7089
-5604
-4897
-5096
-5404
-5198
-4777
-4326
-3527
-2555
-2090
-2322
-2711
-2484
-1813
-1141
-740
-691
-853
-1256
-1564
-1094
-378
27
-276
-992
-1112
-672
-177
139
125
119
214
242
433
914
1308
1586
1764
2005
2499
3042
3329
3709
4085
4454
5175
5644
6317
6651
6514
6854
6992
7908
8518
8575
8441
7165
6833
6982
8076
8630
7508
5804
4325
4442
4812
4925
4333
3028
1406
39
-351
-225
-176
-1349
-2728
-3732
-4341
-4820
-5332
-5571
-5517
-5994
-6802
-7422
-7637
-7376
-7287
-6972
-6868
-7124
-7563
-7685
-6800
-5845
-5510
-5777
-6047
-5681
-5052
-4445
-3986
-3730
-3469
-3229
-2979
-2564
-2453
-2212
-1830
-1393
-1153
-1212
-1425
-1251
-824
-501
-149
-168
-53
40
111
440
805
1175
1473
1582
1789
1977
2366
2832
3295
3656
3725
4018
4233
4865
5270
5520
5959
6121
6627
6649
6769
7051
7132
7624
7618
7857
7613
6689
6108
6026
6879
7292
6244
4727
3530
3500
3985
3801
3371
2257
1027
-49
-470
-360
-342
-1184
-2379
-3177
-3805
-4238
-4801
-4958
-4890
-5294
-6162
-7118
-7405
-7132
-6879
-6671
-6911
-7224
-7635
-7851
-7366
-6601
-6101
-6117
-6511
-6519
-6157
-5443
-4846
-4466
-4272
-4273
-4037
-3670
-2979
-2476
-2100
-1977
-1894
-1558
-1227
-648
-290
-62
103
206
607
881
1157
1389
1597
1961
2127
2245
2393
2595
2892
3087
3272
3503
3756
3842
3979
4184
4347
4694
4939
5168
5444
5166
5278
5527
5813
6275
6134
6003
5932
5882
6147
6504
6018
5384
4864
4962
5937
5492
4656
3647
3070
3569
3197
3137
2582
1612
499
-340
-358
-231
-836
-2246
-3082
-3553
-3880
-4542
-5231
-5543
-5813
-6602
-7311
-7650
-7805
-8024
-8345
-8238
-8085
-8334
-9000
-9240
-8439
-7575
-7221
-7528
-7811
-7436
-6831
-6161
-5481
-4974
-4645
-4459
-4124
-3322
-2527
-1998
-1506
-1154
-513
-79
319
1037
1603
2103
2325
2613
3118
3574
3795
3976
4294
4537
4689
4747
4778
4910
4968
5104
5323
5302
5160
4958
4832
5116
5115
5248
5286
5048
5145
4743
4858
5075
5163
5306
5053
4996
4913
4912
4467
4460
4520
4643
4963
3960
3635
3063
3057
3320
2743
2570
1637
899
223
-139
-265
-650
-1690
-2721
-3257
-3788
-4222
-5060
-5715
-6102
-6551
-7133
-7671
-8184
-8620
-8798
-8827
-8668
-8668
-9026
-9344
-9124
-8642
-8021
-7623
-7590
-7207
-6879
-6252
-5576
-5023
-4124
-3515
-2961
-2441
-1937
-1019
-242
329
881
1349
1813
2324
2749
3308
3805
3943
4099
4299
4594
4888
4852
4842
4911
4878
4883
4738
4624
4590
4418
4338
4216
4104
3976
3826
3742
3679
3680
3616
3677
3620
3659
3698
3714
4015
4065
4280
4233
4151
4259
4404
4845
4948
4622
3988
3856
3987
4537
4386
3686
3069
2310
2223
1981
1844
1590
547
-498
-1434
-1778
-1925
-2472
-3445
-4321
-5129
-5962
-6565
-6963
-7142
-7529
-8303
-9084
-9333
-9495
-9449
-9378
-9244
-9136
-9323
-9471
-9078
-8298
-7566
-6931
-6702
-6221
-5631
-5026
-3950
-3139
-2231
-1538
-1067
-201
543
1312
2013
2487
3099
3790
4187
4671
4923
5164
5575
5756
5989
6042
6022
6015
5869
5831
5734
5613
5443
5117
4771
4572
4325
4162
3974
3702
3535
3257
3105
2955
2881
2960
2805
2835
2712
2746
2959
2735
2830
2723
2933
3017
2883
2890
2970
2981
2475
2082
2026
2298
2347
1734
1065
637
318
81
-285
-465
-1006
-2004
-2791
-3226
-3183
-3496
-4386
-5173
-5576
-5972
-6366
-6811
-7077
-7160
-7454
-7809
-7905
-7950
-7895
-7731
-7510
-7206
-7000
-6895
-6511
-5929
-5276
-4675
-4274
-3913
-3313
-2587
-1785
-1109
-957
-292
466
1178
1915
1913
2495
3063
3447
4117
4162
4484
4483
4701
5052
5425
5299
4979
4870
4888
5243
4937
4670
4298
4031
3988
3815
3609
3245
2758
2469
2423
2344
2101
1708
1432
1298
1315
1162
1004
854
741
917
859
922
662
552
799
943
1112
941
785
899
1108
1287
1384
960
620
657
868
1319
891
193
-211
-316
-120
-370
-747
-1243
-1672
-2180
-2432
-2583
-2879
-3367
-4010
-4240
-4354
-4750
-5230
-5540
-5590
-5498
-5681
-5902
-6009
-6114
-6020
-5645
-5212
-4881
-4892
-4954
-4523
-3795
-3067
-2469
-2226
-1838
-1341
-747
-21
505
1077
1696
2240
2677
3003
3294
3939
4404
4759
5065
4955
5055
5094
5236
5662
5546
5245
4773
4525
4555
4442
4143
3721
3260
2728
2256
1847
1708
1466
945
376
-80
-350
-584
-842
-1100
-1198
-1419
-1701
-1848
-1874
-1782
-1736
-1736
-1589
-1407
-1408
-1358
-1244
-881
-407
-323
-206
-63
113
556
645
787
867
880
1217
1318
1317
1108
897
920
981
932
733
383
-49
-412
-598
-673
-872
-1405
-2047
-2360
-2607
-2689
-2976
-3275
-3538
-3828
-4055
-4089
-3968
-3961
-3922
-3925
-3734
-3512
-3407
-3127
-2702
-2141
-1675
-1513
-1267
-830
-202
537
930
1293
1620
1886
2389
2753
3236
3553
3619
3702
3755
3948
4041
4076
4038
3981
3741
3479
3285
3134
2952
2536
2148
1802
1535
1143
754
406
172
-146
-497
-809
-1027
-1267
-1559
-1650
-1742
-1742
-1904
-2114
-2021
-2032
-1830
-1753
-1672
-1472
-1419
-1172
-937
-616
-398
-180
-2
279
567
814
1146
1228
1530
1614
1633
1692
1721
2078
2198
2154
1724
1669
1534
1680
1569
1365
1190
715
390
112
134
-56
-395
-908
-1096
-1315
-1543
-1850
-2015
-2070
-2174
-2387
-2500
-2558
-2637
-2683
-2562
-2274
-2142
-2140
-2126
-1922
-1573
-1274
-960
-711
-485
-278
-103
304
583
956
1132
1303
1472
1568
1825
1984
2123
2090
2080
2079
2084
2009
1858
1832
1643
1563
1268
1008
816
510
450
271
87
-356
-778
-986
-994
-1006
-1267
-1531
-1815
-1881
-1889
-1843
-1802
-1888
-1970
-1917
-1725
-1492
-1432
-1426
-1275
-945
-633
-468
-356
-209
126
441
784
1051
1132
1301
1407
1788
2125
2257
2426
2360
2607
2720
2672
2738
2643
2872
2880
2720
2533
2271
2262
2123
2060
1800
1622
1160
863
654
518
400
-123
-448
-722
-888
-1102
-1403
-1634
-1787
-2013
-2181
-2292
-2337
-2463
-2610
-2579
-2447
-2329
-2356
-2438
-2300
-2149
-1935
-1800
-1652
-1482
-1318
-1179
-982
-792
-674
-391
-295
16
86
25
89
127
456
651
651
540
386
291
415
522
616
564
277
91
-38
43
164
106
-39
-275
-429
-472
-452
-367
-338
-421
-567
-703
-698
-568
-429
-333
-359
-371
-423
-397
-240
-30
111
147
98
150
383
519
692
738
765
958
995
1225
1301
1432
1565
1557
1706
1807
1991
2050
1963
1926
2044
2142
2204
2097
1993
2011
1868
1833
1738
1709
1607
1252
1053
856
801
563
271
50
-175
-479
-843
-1055
-1231
-1398
-1807
-2102
-2281
-2419
-2626
-2866
-3002
-3093
-3195
-3272
-3257
-3246
-3227
-3279
-3184
-2994
-2834
-2699
-2609
-2389
-2121
-1804
-1561
-1314
-1065
-848
-445
-140
244
436
618
917
1166
1527
1656
1851
1968
2092
2206
2256
2346
2324
2333
2208
2112
1978
1797
1660
1480
1324
1087
749
434
144
-31
-247
-481
-793
-1104
-1326
-1522
-1599
-1719
-1862
-1954
-2059
-2034
-2008
-1922
-1785
-1637
-1478
-1296
-1021
-737
-391
-112
239
619
963
1295
1660
1992
2436
2680
2962
3273
3458
3751
3685
3830
3874
3942
3971
3735
3626
3281
3090
2787
2593
2291
1782
1255
687
420
-14
-384
-956
-1455
-1962
-2405
-2760
-3051
-3325
-3662
-3947
-4171
-4252
-4366
-4375
-4324
-4187
-4049
-3949
-3772
-3522
-3179
-2775
-2380
-1999
-1697
-1358
-964
-477
-64
366
669
1007
1315
1535
1847
2017
2268
2345
2410
2442
2386
2370
2234
2229
2092
1925
1615
1328
1142
888
698
352
118
-177
-453
-691
-910
-1039
-1255
-1414
-1553
-1591
-1632
-1675
-1686
-1614
-1510
-1405
-1321
-1189
-980
-786
-556
-372
-128
87
298
543
769
1066
1254
1436
1620
1798
2015
2107
2256
2370
2505
2585
2560
2646
2605
2662
2590
2550
2564
2390
2274
2025
1980
1930
1787
1562
1293
1156
1001
904
677
554
260
22
-195
-313
-394
-664
-892
-1135
-1181
-1384
-1517
-1753
-1842
-1920
-2054
-2127
-2285
-2329
-2472
-2488
-2474
-2447
-2451
-2529
-2534
-2477
-2356
-2264
-2202
-2141
-2041
-1890
-1737
-1578
-1442
-1273
-1099
-889
-705
-523
-322
-149
43
213
380
564
695
806
918
1019
1143
1167
1225
1226
1215
1181
1104
1081
1022
931
763
639
485
365
231
89
-29
-163
-301
-438
-541
-619
-682
-737
-755
-747
-743
-729
-680
-545
-416
-270
-140
15
211
452
724
985
1211
1399
1630
1888
2177
2429
2632
2822
2985
3109
3240
3330
3441
3464
3427
3392
3264
3157
2955
2778
2607
2335
2034
1596
1318
926
633
201
-225
-621
-1080
-1430
-1840
-2138
-2513
-2854
-3212
-3454
-3663
-3823
-4001
-4121
-4206
-4246
-4255
-4224
-4088
-3953
-3794
-3651
-3458
-3182
-2911
-2593
-2308
-1993
-1699
-1415
-1098
-792
-438
-178
71
292
533
758
929
1078
1207
1303
1360
1404
1438
1456
1380
1306
1227
1156
1078
945
832
705
582
421
312
210
154
80
-22
-81
-146
-133
-131
-99
-66
-36
18
95
223
339
474
569
697
814
962
1109
1243
1389
1481
1594
1647
1754
1817
1884
1925
1913
1907
1872
1856
1803
1719
1610
1517
1412
1287
1123
947
824
686
550
380
178
32
-151
-273
-366
-521
-656
-867
-967
-1052
-1096
-1190
-1310
-1397
-1518
-1529
-1586
-1580
-1646
-1707
-1755
-1790
-1772
-1784
-1782
-1803
-1811
-1811
-1793
-1761
-1739
-1712
-1664
-1603
-1525
-1475
-1417
-1324
-1229
-1122
-1017
-887
-735
-610
-476
-347
-175
-12
134
301
470
650
777
918
1059
1224
1349
1425
1509
1591
1685
1711
1737
1759
1762
1735
1678
1631
1590
1493
1372
1254
1146
1032
873
726
583
457
301
137
-8
-142
-258
-379
-460
-557
-632
-713
-767
-785
-794
-801
-799
-764
-717
-639
-570
-482
-408
-326
-224
-95
21
127
233
329
437
523
626
721
786
834
864
908
943
962
962
926
883
825
784
757
703
622
504
406
312
238
140
63
-28
-111
-214
-300
-359
-422
-458
-520
-539
-590
-594
-614
-592
-560
-552
-516
-506
-435
-384
-320
-263
-205
-133
-84
-19
32
92
132
167
188
203
212
229
244
238
225
182
143
92
45
-8
-62
-121
-198
-269
-365
-441
-526
-586
-641
-684
-743
-819
-860
-884
-886
-896
-900
-894
-888
-863
-835
-782
-730
-666
-602
-545
-467
-398
-307
-204
-103
-3
72
148
211
307
409
498
559
592
646
694
774
821
861
877
882
909
948
997
1033
1028
1027
1022
1056
1075
1094
1109
1104
1127
1119
1134
1142
1167
1196
1185
1168
1143
1140
1157
1150
1144
1100
1037
978
923
897
844
772
655
556
457
354
250
111
3
-136
-251
-379
-513
-650
-814
-945
-1062
-1160
-1272
-1406
-1518
-1607
-1685
-1762
-1828
-1890
-1928
-1956
-1962
-1964
-1965
-1964
-1957
-1920
-1863
-1794
-1739
-1660
-1593
-1509
-1436
-1353
-1247
-1145
-1041
-954
-856
-768
-674
-582
-482
-393
-326
-275
-198
-106
-14
65
109
163
203
274
336
408
459
503
546
599
662
707
776
833
905
963
1010
1073
1126
1190
1256
1318
1381
1428
1467
1508
1572
1604
1632
1648
1661
1668
1662
1671
1654
1626
1575
1514
1460
1391
1314
1216
1114
1013
906
790
651
524
391
254
126
2
-143
-289
-434
-547
-645
-752
-883
-990
-1066
-1128
-1180
-1261
-1314
-1372
-1392
-1397
-1404
-1415
-1441
-1439
-1420
-1373
-1352
-1340
-1326
-1282
-1222
-1185
-1139
-1111
-1077
-1043
-1012
-972
-940
-917
-887
-849
-823
-815
-816
-787
-740
-692
-672
-658
-630
-592
-549
-506
-447
-395
-347
-293
-217
-126
-55
7
88
183
272
353
451
548
655
745
833
911
992
1078
1156
1227
1293
1357
1391
1425
1461
1490
1494
1486
1476
1456
1434
1397
1352
1286
1210
1144
1068
986
891
789
683
580
479
380
275
166
59
-46
-134
-226
-310
-407
-485
-556
-624
-685
-755
-798
-845
-878
-915
-933
-934
-943
-958
-956
-934
-905
-896
-896
-862
-823
-779
-741
-697
-656
-621
-590
-524
-457
-403
-363
-341
-285
-233
-175
-129
-96
-60
-19
27
69
105
128
160
199
237
268
267
277
300
336
358
358
362
352
372
392
409
406
385
371
379
406
410
392
373
368
383
397
404
388
377
377
379
394
393
388
369
377
390
392
374
352
358
354
349
327
313
293
271
244
217
192
155
126
82
42
-11
-65
-113
-164
-203
-268
-328
-380
-419
-469
-535
-595
-642
-667
-695
-720
-747
-783
-793
-785
-767
-759
-760
-742
-699
-627
-558
-508
-454
-379
-291
-196
-104
-12
87
188
290
403
501
590
667
744
840
910
973
1008
1070
1121
1142
1147
1146
1166
1154
1149
1111
1073
1017
957
893
825
769
676
589
493
416
336
249
158
59
-25
-121
-209
-279
-336
-406
-484
-542
-595
-636
-693
-728
-757
-775
-791
-813
-826
-846
-848
-845
-816
-811
-824
-823
-804
-771
-758
-740
-725
-705
-681
-665
-645
-623
-596
-580
-556
-526
-500
-490
-466
-415
-377
-357
-347
-317
-272
-212
-162
-125
-96
-53
-15
42
111
161
208
242
311
377
442
496
539
597
659
726
773
825
872
923
971
1002
1041
1060
1089
1107
1126
1141
1134
1123
1110
1115
1098
1062
1017
989
955
898
846
776
706
633
583
511
423
329
242
181
108
32
-70
-150
-220
-287
-360
-441
-516
-591
-637
-703
-765
-825
-882
-928
-981
-1017
-1060
-1110
-1158
-1186
-1200
-1209
-1237
-1278
-1310
-1322
-1320
-1318
-1338
-1351
-1350
-1330
-1301
-1285
-1278
-1278
-1250
-1193
-1126
-1083
-1045
-1001
-931
-836
-745
-666
-612
-531
-424
-308
-197
-116
-27
73
184
301
413
501
577
675
791
899
973
1025
1085
1165
1259
1330
1352
1372
1396
1434
1479
1497
1477
1444
1437
1455
1442
1405
1359
1285
1244
1219
1184
1102
1004
919
858
818
751
655
526
433
365
319
254
138
10
-97
-142
-188
-250
-350
-466
-568
-601
-618
-680
-776
-874
-915
-934
-948
-1014
-1085
-1137
-1149
-1138
-1123
-1140
-1206
-1222
-1200
-1150
-1137
-1145
-1156
-1143
-1088
-1038
-991
-985
-956
-911
-841
-770
-720
-686
-645
-567
-498
-420
-375
-310
-258
-174
-89
-35
31
80
167
233
305
357
408
454
511
594
629
668
697
747
795
835
865
875
899
920
958
983
986
962
941
954
960
962
939
914
883
859
850
829
790
740
709
682
654
608
553
497
448
397
350
305
235
171
126
84
26
-37
-102
-163
-220
-256
-306
-367
-430
-490
-524
-560
-592
-639
-685
-710
-724
-748
-767
-771
-769
-761
-755
-733
-731
-721
-692
-651
-602
-565
-532
-497
-440
-379
-317
-263
-206
-163
-106
-32
29
94
141
196
244
296
349
392
429
452
490
513
540
549
559
574
586
598
590
585
566
558
549
543
524
489
469
442
422
397
373
344
315
284
259
232
208
184
156
140
110
77
46
27
12
-13
-36
-68
-90
-108
-112
-124
-144
-171
-195
-196
-199
-206
-231
-254
-266
-269
-259
-259
-282
-304
-314
-302
-286
-289
-307
-330
-332
-314
-293
-290
-303
-319
-311
-280
-250
-244
-259
-246
-215
-183
-155
-129
-128
-113
-58
9
51
68
92
117
172
240
291
316
329
371
419
472
510
524
528
542
583
622
645
642
637
630
633
636
616
581
545
519
495
459
403
350
302
250
197
143
92
22
-48
-107
-158
-210
-269
-335
-403
-463
-519
-554
-592
-631
-678
-732
-767
-776
-772
-794
-827
-852
-850
-844
-826
-810
-808
-799
-778
-739
-694
-659
-636
-605
-566
-516
-455
-405
-370
-331
-282
-219
-157
-101
-57
-26
30
94
145
188
221
250
274
331
390
420
431
449
473
502
546
566
570
575
594
614
625
633
626
630
642
659
663
652
638
631
636
641
632
600
575
560
547
529
494
465
429
401
378
344
296
236
179
134
95
47
-15
-85
-149
-202
-258
-319
-385
-449
-506
-558
-608
-665
-722
-778
-823
-862
-902
-941
-981
-1009
-1029
-1040
-1055
-1074
-1079
-1068
-1056
-1046
-1031
-1013
-993
-967
-926
-879
-839
-797
-752
-699
-640
-579
-519
-455
-386
-311
-238
-165
-92
-24
51
130
213
293
359
422
486
562
639
703
753
801
849
895
945
991
1022
1038
1056
1076
1088
1100
1099
1085
1066
1055
1041
1019
989
954
913
875
833
784
740
689
630
579
530
479
415
354
301
242
188
140
94
35
-23
-74
-115
-159
-205
-251
-298
-339
-379
-417
-451
-486
-524
-556
-584
-607
-629
-659
-688
-710
-726
-743
-763
-774
-781
-792
-801
-809
-808
-806
-798
-794
-789
-780
-759
-738
-722
-694
-672
-646
-615
-577
-536
-504
-464
-417
-359
-306
-253
-200
-146
-85
-18
49
102
153
210
280
353
421
482
530
584
647
716
777
822
859
895
943
986
1017
1035
1036
1040
1060
1081
1073
1048
1024
1003
984
963
931
873
813
759
718
674
610
535
459
396
342
285
211
132
54
-14
-61
-105
-166
-232
-297
-342
-372
-411
-451
-493
-526
-548
-563
-578
-597
-615
-628
-631
-623
-613
-613
-612
-602
-584
-564
-546
-534
-514
-492
-469
-442
-417
-397
-376
-350
-315
-282
-251
-224
-204
-177
-146
-112
-81
-60
-38
-13
18
47
78
105
126
145
176
207
230
242
257
276
296
318
333
337
347
358
374
390
399
402
399
405
414
419
415
405
396
391
386
382
375
360
342
320
300
282
260
240
215
195
169
139
110
74
33
-3
-31
-63
-99
-138
-175
-208
-239
-271
-298
-325
-356
-384
-406
-426
-449
-469
-484
-492
-496
-501
-503
-503
-500
-488
-472
-449
-432
-410
-389
-364
-336
-305
-270
-233
-190
-154
-120
-83
-41
-4
33
78
119
152
186
223
257
291
323
354
376
395
414
430
444
453
457
461
466
467
466
456
447
432
412
392
365
337
307
279
241
198
153
113
77
38
-3
-53
-100
-144
-180
-215
-249
-290
-332
-366
-393
-415
-445
-476
-505
-524
-538
-551
-564
-576
-581
-581
-580
-582
-583
-580
-575
-565
-552
-538
-527
-517
-504
-489
-474
-458
-440
-418
-396
-375
-353
-323
-295
-271
-245
-213
-183
-148
-112
-78
-52
-23
16
58
98
136
174
207
241
285
331
369
400
426
452
486
521
552
571
588
603
619
637
647
649
643
635
631
626
613
593
575
554
530
502
474
437
399
367
334
295
246
198
154
114
75
36
-2
-45
-89
-127
-162
-199
-239
-273
-302
-328
-362
-392
-416
-438
-458
-478
-500
-519
-531
-546
-556
-565
-574
-579
-585
-587
-585
-583
-578
-571
-564
-556
-547
-535
-519
-504
-486
-467
-446
-419
-393
-367
-336
-306
-273
-233
-196
-161
-128
-89
-48
-5
37
83
132
176
217
263
312
360
407
449
488
526
566
607
647
684
715
741
766
791
814
831
840
845
850
853
852
845
830
809
784
763
743
715
682
644
603
560
516
470
422
372
323
274
224
173
120
64
14
-33
-82
-131
-181
-223
-265
-305
-343
-379
-413
-442
-467
-491
-516
-542
-562
-579
-594
-605
-618
-623
-624
-625
-626
-623
-615
-607
-595
-580
-563
-546
-526
-503
-476
-449
-425
-397
-370
-335
-300
-268
-237
-206
-170
-135
-99
-58
-18
20
54
86
118
155
188
224
258
289
320
347
372
397
424
453
479
507
530
546
561
580
594
602
609
613
619
622
622
619
612
604
591
579
566
546
526
504
482
454
422
392
362
328
297
262
224
184
145
108
72
34
-4
-40
-74
-111
-144
-177
-207
-231
-258
-286
-310
-332
-355
-376
-393
-406
-420
-430
-434
-441
-444
-451
-457
-459
-455
-447
-437
-429
-426
-421
-416
-402
-385
-370
-357
-344
-324
-307
-292
-275
-255
-239
-215
-191
-169
-149
-131
-113
-97
-78
-57
-36
-19
-2
15
28
40
52
66
74
86
99
109
114
120
126
130
134
136
138
140
143
145
148
146
140
137
137
136
131
129
125
120
113
109
107
103
97
89
82
71
62
54
48
42
35
29
19
5
-7
-16
-26
-34
-41
-49
-64
-78
-88
-95
-98
-102
-112
-122
-128
-132
-133
-137
-136
-135
-137
-133
-130
-131
-132
-131
-126
-118
-114
-108
-103
-97
-91
-85
-75
-70
-66
-59
-51
-43
-37
-30
-21
-17
-13
-7
-2
1
3
9
13
18
19
23
26
27
28
29
32
31
30
28
26
23
17
11
1
-5
-13
-20
-31
-44
-51
-61
-73
-85
-96
-109
-123
-136
-143
-150
-158
-166
-174
-180
-182
-183
-183
-182
-183
-185
-185
-180
-171
-164
-157
-147
-140
-130
-121
-113
-101
-87
-72
-58
-46
-31
-21
-12
2
12
23
33
47
55
59
65
74
83
91
98
102
105
109
115
121
121
121
123
123
126
129
131
131
131
130
128
128
126
124
120
115
111
106
101
97
94
89
85
81
75
72
69
62
52
47
43
42
43
41
36
30
27
27
25
21
20
18
18
16
12
8
1
-1
-1
0
-2
-5
-10
-16
-23
-26
-28
-33
-37
-41
-45
-51
-56
-63
-67
-71
-70
-71
-73
-76
-78
-78
-78
-77
-76
-73
-70
-68
-66
-63
-59
-51
-43
-33
-28
-23
-16
-9
-4
2
10
15
23
32
40
44
47
53
58
63
71
80
86
90
95
101
107
111
114
121
126
131
134
137
141
144
151
152
157
157
158
160
161
158
155
152
148
147
145
142
136
130
125
122
119
112
105
97
89
82
80
73
64
56
51
48
42
39
34
25
19
15
11
7
0
-8
-17
-24
-30
-38
-46
-53
-59
-63
-72
-77
-85
-93
-101
-107
-113
-120
-127
-131
-137
-144
-149
-154
-155
-159
-161
-158
-153
-152
-150
-149
-142
-134
-122
-109
-102
-98
-96
-89
-79
-68
-55
-45
-38
-30
-18
-10
-1
9
22
31
41
47
52
59
66
74
81
89
94
102
107
112
116
121
125
131
138
145
150
153
153
149
149
150
152
151
148
144
139
134
130
123
112
106
98
92
84
75
63
49
36
28
18
7
-2
-11
-17
-28
-34
-43
-54
-60
-65
-67
-73
-78
-82
-85
-91
-91
-93
-97
-102
-107
-109
-114
-116
-112
-111
-112
-117
-121
-122
-118
-119
-121
-121
-121
-117
-117
-114
-115
-116
-112
-109
-103
-100
-98
-95
-90
-87
-81
-78
-74
-69
-66
-63
-60
-57
-56
-48
-42
-38
-38
-36
-32
-29
-25
-22
-22
-22
-20
-15
-12
-11
-9
-7
-2
4
7
10
16
21
26
29
32
35
34
40
43
45
44
44
45
44
45
45
47
49
51
50
49
48
43
39
35
34
32
32
32
31
27
23
21
21
26
27
28
29
29
32
34
40
42
44
44
43
43
43
42
41
42
44
45
46
41
39
39
33
30
27
25
21
15
10
5
-1
-6
-10
-13
-16
-22
-26
-27
-31
-36
-38
-41
-44
-48
-50
-53
-57
-61
-62
-63
-61
-59
-59
-58
-60
-61
-63
-61
-57
-51
-51
-54
-53
-53
-56
-55
-51
-47
-42
-39
-35
-32
-32
-31
-26
-16
-8
1
9
11
15
17
21
27
34
38
38
38
39
43
49
55
58
62
63
61
62
64
66
63
61
63
63
61
60
64
63
62
62
71
73
74
74
75
74
72
72
74
71
68
67
66
64
64
63
57
51
48
44
40
36
30
25
20
16
12
4
-6
-10
-13
-19
-24
-27
-31
-33
-38
-42
-43
-43
-44
-47
-49
-49
-48
-45
-44
-45
-47
-50
-49
-45
-39
-37
-38
-41
-43
-45
-47
-45
-39
-36
-39
-37
-37
-34
-35
-33
-29
-28
-28
-27
-25
-23
-17
-9
-4
0
5
10
15
20
26
30
39
41
44
49
50
52
54
57
57
57
55
53
49
45
45
43
41
37
30
26
23
20
18
18
17
16
19
20
17
14
11
10
11
11
12
12
10
12
16
17
19
18
20
21
23
24
25
25
25
26
24
19
15
10
7
4
7
7
3
1
-2
-4
-7
-6
-5
-3
-3
-8
-6
-12
-13
-13
-17
-18
-20
-17
-17
-17
-16
-17
-19
-22
-25
-26
-29
-32
-32
-31
-35
-34
-35
-38
-37
-39
-40
-42
-40
-37
-37
-37
-37
-35
-32
-31
-30
-29
-31
-32
-26
-20
-10
-8
-10
-12
-11
-10
-8
-8
-5
-6
-7
-10
-11
-13
-14
-14
-12
-12
-13
-15
-17
-15
-12
-8
-6
-6
-4
-1
1
2
7
12
13
18
23
29
32
34
36
36
40
45
50
54
55
56
54
50
47
47
43
40
40
37
33
26
22
20
21
17
15
11
6
3
1
-4
-6
-9
-13
-15
-17
-22
-28
-30
-32
-34
-36
-39
-38
-39
-41
-42
-46
-53
-58
-61
-59
-58
-61
-65
-67
-69
-72
-75
-73
-72
-69
-69
-66
-61
-56
-55
-51
-48
-46
-42
-37
-29
-24
-24
-23
-17
-13
-12
-9
-6
-3
-1
3
4
7
7
13
16
17
15
17
21
23
26
27
30
31
33
34
36
39
42
45
46
49
51
55
54
57
59
55
56
57
56
54
51
51
49
48
45
40
37
37
37
35
32
29
25
19
13
10
6
2
0
-2
-5
-9
-12
-14
-14
-17
-17
-15
-15
-17
-16
-16
-19
-21
-20
-22
-26
-31
-31
-31
-31
-32
-33
-37
-41
-43
-40
-40
-44
-44
-44
-44
-44
-45
-43
-40
-39
-30
-23
-20
-19
-19
-17
-12
-5
-1
1
4
10
16
19
24
26
30
31
32
34
32
32
35
36
37
34
31
27
28
25
22
23
25
25
24
26
24
23
20
22
26
28
28
30
32
32
32
35
35
37
35
33
32
33
32
29
29
26
24
20
18
13
11
8
6
5
5
2
0
-5
-10
-14
-16
-16
-16
-12
-10
-11
-15
-18
-18
-15
-16
-17
-14
-13
-12
-12
-11
-10
-13
-14
-12
-10
-10
-8
-5
-6
-6
-7
-5
-5
-4
-3
-2
-1
2
5
5
6
8
9
9
10
11
14
15
19
21
21
22
23
25
26
25
27
25
24
24
20
18
15
11
8
6
6
5
2
-2
-2
-4
-7
-9
-14
-16
-17
-19
-21
-20
-20
-18
-16
-17
-15
-17
-15
-13
-13
-14
-15
-13
-11
-10
-9
-8
-8
-8
-6
-5
-5
-6
-8
-6
-8
-7
-5
-5
-2
-5
-6
-5
-3
-1
1
3
5
8
9
11
11
13
16
18
19
18
17
19
20
21
18
17
17
15
13
12
13
14
12
8
6
4
3
1
4
3
3
1
-2
-3
-4
-3
-3
-3
-2
0
0
3
3
1
0
2
1
-1
-4
-10
-18
-21
-20
-22
-23
-28
-30
-33
-37
-38
-42
-43
-43
-42
-43
-46
-49
-50
-50
-52
-52
-49
-49
-48
-48
-45
-45
-43
-39
-38
-34
-33
-31
-29
-26
-21
-20
-18
-15
-13
-16
-13
-10
-9
-5
-4
-3
-1
3
9
13
21
24
24
26
31
35
35
36
36
39
40
42
43
43
49
53
55
56
58
58
56
55
51
46
40
36
34
31
28
24
19
17
14
10
7
4
0
-4
-5
-7
-8
-8
-10
-14
-14
-12
-12
-12
-14
-16
-19
-20
-21
-22
-23
-23
-24
-26
-26
-28
-31
-33
-35
-40
-43
-45
-45
-50
-55
-58
-63
-65
-62
-58
-55
-55
-53
-49
-48
-44
-41
-37
-32
-32
-27
-22
-18
-12
-12
-5
-1
3
11
14
16
20
23
25
29
31
34
35
38
37
37
34
35
39
43
42
43
44
47
49
50
53
55
58
60
61
63
61
60
60
63
64
64
62
58
57
54
53
50
49
48
41
36
31
23
14
10
7
3
-5
-10
-18
-24
-27
-29
-31
-33
-35
-40
-45
-49
-52
-55
-54
-54
-55
-54
-55
-52
-50
-49
-46
-46
-45
-44
-38
-40
-40
-38
-38
-38
-36
-34
-32
-27
-24
-18
-13
-8
-5
-2
1
1
2
4
9
13
19
21
23
28
31
35
42
46
49
49
52
56
55
57
53
52
54
55
54
52
49
45
45
46
44
41
39
39
38
