-12
-16
-6
1
4
7
9
5
3
-1
-3
-4
-14
-17
-21
-19
-13
-13
-11
-9
-9
-17
-18
-16
-12
-9
-6
-1
0
0
-3
-12
-9
-12
-12
-9
-15
-10
-13
-8
2
-8
-3
-2
0
10
5
11
17
16
22
16
10
10
6
3
6
4
10
13
8
17
20
16
19
18
20
19
22
23
30
40
38
37
25
20
21
15
15
15
14
21
20
12
7
2
-2
1
-3
-2
2
1
8
5
0
1
-4
-3
-5
-14
-16
-19
-18
-14
-13
-13
-16
-27
-20
-25
-28
-15
-16
-6
-2
-13
-5
-9
-6
0
-13
-7
-8
-12
5
3
-9
-4
-12
-10
-2
-10
3
0
-4
6
-3
1
7
-3
1
-4
-3
7
1
-1
6
1
2
7
6
13
7
0
5
-2
2
7
-3
0
1
-4
-5
-10
-14
-8
-11
-8
0
-9
3
4
3
13
6
1
-2
-9
-7
-2
0
3
-2
-7
-3
-8
-5
-5
-4
4
5
9
10
10
11
9
10
9
6
4
-2
-3
-6
-13
-12
-18
-15
-18
-21
-17
-19
-15
-12
-9
-2
-5
-10
-11
-18
-19
-11
-9
-1
2
2
14
7
15
17
5
14
4
8
8
5
19
9
11
3
0
10
3
11
13
4
9
6
6
12
6
5
6
2
12
5
-9
-7
-21
-5
-1
-8
7
-9
-1
3
-5
13
-5
-9
-5
-21
-9
-6
-7
10
5
-2
10
-3
-3
-1
-20
2
2
3
15
-4
5
4
1
7
-2
0
1
5
4
7
11
11
15
8
11
9
13
16
13
16
9
10
4
-8
-9
-21
-15
-16
-15
-2
-1
13
10
9
8
-4
-1
-1
-2
3
-6
-10
-9
-15
-13
-16
-23
-13
-19
-19
-17
-21
-15
-13
-9
-6
-4
-3
0
3
-2
-3
-5
-4
-7
-6
-8
-14
-14
-14
-4
1
2
12
9
18
14
3
8
-1
0
1
-9
-2
-2
0
11
8
12
18
19
30
26
22
24
12
17
18
13
10
-2
-4
0
0
8
1
1
9
7
18
13
5
13
5
10
16
7
15
4
-9
0
-12
-3
5
-2
0
-10
-20
-12
-6
-4
6
-5
-4
1
-9
6
7
11
20
4
6
-1
-8
3
-1
1
-1
-4
-11
-7
-12
-9
-1
-12
3
-10
-16
0
-16
-3
-2
-18
6
5
1
13
-11
-7
2
-18
4
-4
-19
0
-21
-10
0
-13
10
4
3
18
8
7
10
0
-3
0
-16
-5
-3
-5
6
-17
-9
-12
-22
0
-13
-8
-4
-14
-2
-4
-5
4
5
-3
6
-4
-6
10
-15
2
-3
-22
5
-16
1
17
-1
31
14
10
20
-15
-2
-17
-22
3
-12
6
12
1
22
7
3
20
1
21
29
12
42
18
12
26
-13
19
10
-5
27
-16
9
14
-13
28
-3
14
31
-1
39
13
18
39
7
34
17
5
10
-12
-2
4
-5
2
-2
-15
8
-7
-2
14
-18
11
-5
-7
18
-20
7
-11
-22
1
-30
-12
-19
-29
-13
-26
-17
-16
-14
-5
-1
-1
1
1
-1
9
7
5
-1
-2
0
3
12
13
24
23
25
23
18
15
8
12
3
16
13
17
27
8
21
3
6
17
4
30
15
16
11
-3
9
-1
7
3
-2
-3
-16
-18
-27
-26
-36
-30
-27
-24
-11
-30
-5
-20
-15
8
-15
19
4
-2
19
-7
9
11
-7
9
-3
-12
6
-30
-24
-9
-39
7
-14
-20
10
-39
1
-8
-21
21
-18
7
12
-10
26
4
5
21
-11
3
-2
-26
10
-4
-1
21
-17
17
10
0
35
-1
23
16
-6
21
-9
4
1
-18
-1
-10
-12
-15
-24
-27
-21
-24
-24
-12
-21
-11
-12
-27
-22
-37
-32
-29
-22
-10
-9
3
-3
7
-2
3
19
4
29
6
5
22
-5
29
7
-3
17
-16
12
0
-6
12
-16
6
2
-1
7
-22
-5
-12
-12
8
-5
-1
-7
-24
-16
-23
-30
-17
-24
-16
-3
-15
-6
-13
-18
6
-11
10
19
4
39
14
32
37
2
41
2
16
26
-23
20
-12
0
29
-4
30
2
0
14
-7
11
-1
2
4
-1
0
-14
-10
-13
-15
-19
-26
-21
-12
-9
-9
-5
-18
-7
-2
-7
18
-7
3
1
-18
13
-7
8
14
-6
18
6
9
20
9
19
11
6
16
9
15
18
4
6
-2
-3
13
-4
10
8
-8
10
-9
11
20
4
31
10
21
23
-1
13
-10
-3
-5
-16
-3
-7
-3
4
9
10
23
24
28
41
22
32
21
8
28
5
20
11
-12
2
-30
-14
-13
-21
-2
-34
-15
-13
-17
8
-8
2
-3
-26
-12
-21
-24
-4
-19
-12
4
-23
-3
-14
-32
0
-26
-11
4
-18
12
-12
-14
4
-14
12
2
-7
1
-18
-13
-11
-23
-8
-12
-23
-4
-19
-8
6
-22
14
-11
-19
14
-30
11
7
-15
36
-8
25
34
3
45
-6
-1
1
-23
24
9
15
36
16
27
32
16
49
42
15
24
-36
-34
-30
-52
-8
-46
-44
-33
-61
-5
-9
-5
32
1
58
46
35
64
11
37
14
5
44
25
31
55
44
67
74
25
68
62
70
125
55
92
77
28
79
14
52
72
-14
14
-25
-26
15
-55
-52
-45
-76
-24
-27
-66
-27
-86
-97
-29
-87
-19
-50
-106
-19
-117
-92
-65
-128
-5
-57
-78
8
-66
12
14
-45
60
-14
-13
34
-61
17
-12
-75
5
-34
-4
30
-54
15
35
17
91
43
50
89
2
59
73
62
112
11
9
12
-3
50
36
32
48
14
15
6
19
81
77
82
76
36
22
6
8
33
17
20
-7
-23
-22
-15
44
23
34
4
-15
25
-9
23
11
-27
-18
-45
-25
8
2
-17
-69
-126
-99
-55
-16
2
-26
-38
-13
-24
-5
9
-24
-23
-76
-72
-57
-65
-31
-66
-58
-33
-56
-13
-60
-82
-83
-116
-25
-31
-16
-6
-60
-23
-35
0
44
42
34
-21
-39
-43
15
8
-6
-35
-59
22
28
2
-15
-131
-82
-90
-28
131
-28
-17
-529
-643
-378
-149
182
29
-93
-296
-223
-26
21
240
236
96
-97
-187
-98
18
76
27
80
50
133
199
133
109
26
80
194
171
233
157
34
17
-45
35
123
86
60
-33
-62
10
30
22
-23
-84
-24
-88
-59
-126
-153
-119
-134
-99
-120
-105
-54
-23
-9
55
105
97
93
14
55
109
133
256
131
257
191
161
281
239
395
300
185
184
146
273
262
208
94
45
14
-1
45
-12
64
-42
-45
-75
-218
-152
-265
-273
-233
-268
-135
-204
-271
-225
-263
-220
-234
-264
-207
-133
-171
-163
-234
-291
-178
-166
-60
-53
-27
18
-79
-40
-17
-65
-116
-310
-322
-189
-136
-112
-98
-310
-153
89
263
358
118
62
-5
2
300
92
168
-219
-695
-612
-312
272
489
444
289
367
711
817
994
932
681
409
118
265
368
464
250
173
101
340
462
546
460
295
282
406
463
443
137
-52
-209
-135
-85
-24
-53
-163
-201
-250
-123
-58
-36
-96
-300
-279
-406
-365
-364
-421
-288
-320
-248
-291
-256
-192
-107
-77
-75
-40
-5
65
60
-41
23
-49
-26
38
33
160
123
111
154
108
173
108
55
66
20
-46
-113
-222
-227
-233
-268
-250
-274
-275
-211
-184
-79
10
-9
52
53
11
37
-51
44
141
149
222
119
66
55
67
217
294
308
308
282
371
411
501
554
603
586
630
705
797
879
870
924
934
993
1124
1319
1428
1483
1358
1340
1392
1475
1580
1524
1425
1393
1263
1378
1369
1418
1392
1176
1113
916
840
634
508
340
166
-57
-306
-411
-655
-796
-1045
-1359
-1521
-1947
-2123
-2370
-2747
-2940
-3429
-3627
-3768
-3937
-3915
-4014
-3980
-3826
-3851
-3703
-3538
-3480
-3217
-3108
-2907
-2619
-2537
-2285
-2160
-2069
-1788
-1764
-1499
-1315
-1146
-916
-813
-574
-270
45
333
546
689
977
1246
1543
1780
1825
1993
2139
2301
2491
2507
2701
2828
3026
3305
3600
3949
4250
4554
4772
5008
5045
5069
4881
4740
4572
4444
4388
4210
3991
3854
3769
3786
3801
3696
3679
3540
3585
3529
3495
3445
3340
3159
2856
2353
1813
900
-2
-1154
-2412
-3635
-4971
-6009
-7047
-7761
-8131
-8212
-7903
-7394
-6730
-5981
-5224
-4434
-3904
-3374
-3233
-3168
-3275
-3438
-3381
-3436
-3259
-3034
-2768
-2275
-1839
-1211
-686
-301
-231
-405
-663
-1159
-1599
-2392
-2969
-3655
-4011
-4137
-4167
-3881
-3574
-3064
-2493
-1939
-1329
-871
-518
-337
-345
-244
-124
89
271
526
885
1383
1994
2593
3081
3474
3850
4111
4187
4060
3891
3753
3623
3576
3583
3743
4092
4407
4851
5187
5746
6101
6512
6642
6686
6625
6346
6293
5908
5852
5544
5327
5029
4743
4504
4338
4026
3837
3377
3292
2911
2541
2086
1359
756
-168
-1442
-2709
-4322
-5636
-6828
-8055
-9097
-10077
-10374
-10258
-9636
-8878
-7942
-6924
-5776
-4707
-3856
-3279
-2837
-2706
-2635
-2886
-3119
-3263
-3383
-3054
-2839
-2144
-1469
-552
370
1206
1883
2400
2515
2467
1998
1197
182
-1236
-2561
-3918
-4765
-5314
-5446
-5293
-4872
-3918
-2801
-1514
-422
361
1134
1340
1487
1140
488
11
-668
-1148
-1630
-1771
-1317
-597
358
1097
1825
2604
3411
4212
4351
4236
3763
3361
3203
3014
3039
3004
3034
3427
3667
4310
4830
5263
5756
5773
5855
5638
5368
5200
5162
4965
4801
4464
4345
4437
4612
4739
4751
4640
4610
4626
4541
4200
3677
2978
2210
1118
-452
-1961
-3814
-5205
-6497
-7945
-8925
-9812
-9549
-9092
-8310
-7107
-6353
-4966
-3996
-3094
-2399
-2354
-2171
-2588
-3063
-3414
-3857
-3830
-3776
-3431
-2971
-2325
-1176
-175
1113
1795
2450
2735
2573
2258
1145
221
-1105
-2431
-3529
-4728
-5460
-6192
-6278
-6077
-5790
-4842
-4143
-3287
-2492
-1762
-972
-572
-226
-165
-364
-500
-553
-715
-806
-797
-842
-731
-405
220
857
1368
1946
2306
2576
2889
3318
3632
3822
3920
3899
4074
4532
4972
5467
5464
5723
5622
5745
5912
5731
6004
5471
5629
5349
5439
5626
5753
6268
6337
6703
6749
6775
7016
6763
6704
6017
5328
4769
4113
3888
3321
2288
1080
-784
-2035
-3574
-5167
-6579
-8380
-9626
-10484
-10375
-10141
-9444
-8378
-7384
-6244
-5304
-4415
-3603
-3316
-3141
-3441
-4213
-4369
-4660
-4315
-3995
-3855
-3073
-2211
-814
492
1335
2080
2424
2771
2719
2038
872
-568
-2002
-3477
-4648
-5752
-6611
-7109
-7392
-7184
-6505
-5447
-4171
-3264
-2034
-1047
-85
814
1174
1332
1040
738
481
-13
-223
-448
-754
-706
-688
-153
473
1095
1694
1900
2384
2887
3377
3730
3677
3615
3508
3576
3900
3963
4224
4576
4702
5317
5364
5825
5882
5824
6012
5751
5780
5478
5541
5484
5440
5779
5692
5755
5883
5824
6032
5644
5828
5449
4930
4953
4188
3856
3032
2280
777
-1545
-2745
-5158
-6306
-7576
-9344
-10420
-11191
-10537
-9597
-8452
-6968
-5806
-4517
-3149
-2342
-1795
-1805
-1921
-2621
-3369
-3679
-3850
-3396
-2922
-2257
-1481
-281
1316
2680
3411
3756
3675
3216
2475
1200
-420
-2389
-3928
-5502
-6760
-7366
-7982
-7596
-7176
-6292
-5098
-3964
-2066
-965
-19
733
1038
1577
1357
888
78
-943
-1356
-1822
-2171
-2422
-2568
-2348
-1985
-1510
-999
-389
106
531
764
858
1200
1586
1868
1969
2045
2263
2820
3423
4208
4679
5095
5722
5939
6353
6315
6179
6417
5678
5753
5310
5171
5544
5227
6201
5521
6133
6623
6545
7166
6956
7422
6850
6611
6752
5608
5207
4422
3223
1169
-747
-2317
-4863
-5961
-7383
-9337
-10418
-10716
-9859
-9230
-7887
-6332
-5436
-4028
-2983
-2602
-2537
-2590
-2879
-3655
-4374
-4393
-4309
-3558
-2737
-2186
-1103
94
1842
3009
3564
3571
2990
2400
1430
-55
-1734
-3508
-4706
-5974
-6634
-6870
-6962
-6423
-6087
-5516
-5004
-4227
-3272
-2406
-1903
-1945
-1830
-1583
-1274
-1164
-1184
-1353
-1452
-1393
-1360
-1598
-1922
-1932
-2175
-2278
-2212
-1831
-1421
-931
-334
356
1156
2358
3544
4137
4599
5070
5773
6222
6749
6815
6690
6655
6812
6963
6838
6820
6811
6608
6309
6586
6594
7075
7387
7730
7433
7340
7787
7784
7779
7397
7161
6019
6397
6128
5423
4815
3939
2785
280
-915
-3436
-5596
-6901
-9154
-10887
-12184
-11759
-11160
-10316
-8865
-7742
-6409
-4597
-3197
-2570
-2674
-2733
-3345
-4189
-4235
-4629
-4320
-4105
-3537
-2738
-1658
133
1630
2676
3155
3155
2831
2402
1361
-93
-2336
-3998
-5931
-7110
-7553
-8371
-8331
-8445
-7324
-5953
-4239
-2345
-1333
-334
420
1113
1232
1105
529
-616
-1557
-2212
-2863
-3128
-3127
-3190
-3192
-2837
-1653
-659
411
1109
1332
1579
2075
2796
2952
2890
2797
2942
3331
4306
4779
5411
5880
6401
7147
7548
8251
7990
8120
7905
7282
7173
6614
6667
6217
6085
6271
5925
6621
6994
7149
6765
7283
7352
7027
7483
7226
6272
5557
4683
2870
-2
-1710
-4361
-6991
-8527
-10501
-12213
-12736
-11860
-10986
-9745
-7927
-6114
-4553
-3275
-2186
-2136
-2377
-2683
-3839
-5194
-5918
-5819
-5558
-4778
-3939
-2838
-1002
1230
3061
4118
4384
4240
3658
2503
1053
-1065
-3251
-4982
-6646
-8032
-8392
-8521
-8039
-7024
-6068
-4799
-3031
-1105
80
582
938
922
666
223
-538
-1723
-2588
-2949
-3267
-3451
-3016
-2250
-1620
-715
284
970
1589
2076
2011
1880
1782
2113
2360
2274
2329
2583
3112
4216
5357
6033
6739
6980
7699
7788
8007
7973
7300
6846
6107
6052
5415
5797
5852
5303
6002
5803
6635
6957
7066
7138
6552
6508
6496
6719
5799
5053
3812
1977
-316
-1628
-4279
-6473
-7883
-10317
-11632
-12390
-11439
-10572
-9597
-7986
-6601
-4752
-3032
-1776
-1596
-2131
-2183
-3065
-4052
-4636
-5318
-5113
-4780
-3932
-2494
-1184
1153
2782
3922
4553
4670
4665
3788
2539
441
-1963
-3504
-5299
-6454
-7608
-8148
-7946
-7866
-6201
-5447
-4126
-2666
-1637
-425
32
799
636
190
-354
-1142
-1718
-2256
-2644
-3076
-3167
-3046
-2317
-1564
-847
76
512
1139
1518
1740
1939
1751
1737
1562
1543
1821
2257
2941
3611
4518
5283
6430
7221
7508
7940
7378
7506
7334
6792
6403
5802
5137
5300
6064
5742
6423
6622
6484
7138
7592
7678
7455
7317
6726
5898
5723
5175
4244
1970
-757
-2572
-5127
-5935
-7478
-10232
-11759
-12185
-11478
-10316
-8608
-7267
-5915
-4619
-3376
-2319
-2089
-1708
-2362
-3920
-5083
-5116
-4995
-4299
-3800
-3692
-2239
-174
2417
4139
4593
4532
4233
3812
2568
876
-1933
-4466
-6359
-8494
-8921
-9634
-9098
-8058
-7212
-5215
-3191
-708
836
1862
2054
1698
1745
902
-353
-2021
-3580
-4203
-4732
-4587
-4000
-3367
-2203
-694
553
1646
2756
2971
3026
2313
1406
1257
616
222
-188
-303
355
1809
3489
4792
5795
7102
8181
8936
9462
9204
8531
7841
6674
6078
5116
4402
4698
3819
3931
4583
5450
6037
7132
7400
7036
7729
8027
8106
7378
6672
5669
4010
1005
-779
-3183
-6027
-6705
-9666
-11987
-12649
-11847
-10819
-9819
-8204
-6813
-4973
-3322
-2130
-2250
-2667
-2668
-3688
-5535
-6190
-6572
-6261
-5625
-4881
-3710
-1817
1287
3618
4812
5069
5398
5225
4460
3079
536
-2263
-4263
-5871
-7324
-8017
-7900
-7622
-7169
-5325
-3809
-2125
-475
607
840
957
1803
1097
518
-485
-1740
-2547
-2915
-2696
-2900
-2695
-2148
-1231
-171
943
1856
2127
2088
2056
1750
1391
1236
893
510
535
853
1652
2973
3696
4970
5751
6762
7638
7785
7985
7027
6800
6134
5324
4524
4383
3730
3494
4265
3906
4894
5563
6120
6586
6441
7324
7257
6792
7013
6011
5293
5088
4018
1051
-1255
-2581
-5194
-5900
-7981
-10589
-11637
-11603
-10356
-9511
-8124
-6614
-4949
-3615
-2254
-1533
-1548
-1429
-2533
-4188
-5251
-5108
-4879
-4650
-4436
-3966
-2061
462
2835
4279
4405
4789
5072
4583
3642
1565
-833
-3652
-5628
-7625
-9021
-8511
-8811
-8166
-7108
-5239
-2811
-387
1623
1964
2381
2919
2896
1773
308
-1512
-3529
-4361
-4723
-4979
-4606
-3415
-1888
-681
1143
2806
3762
4304
4133
3398
2335
2048
1416
200
-492
-624
-6
1343
2920
4053
5265
6617
7835
8695
8158
8563
7358
6272
5934
4125
3496
2801
3209
2807
3281
4576
5116
5935
7179
7347
7830
8477
9342
8133
7672
7260
5304
4405
623
-1351
-4192
-6539
-7482
-10603
-12147
-12760
-11466
-10506
-8659
-6763
-5234
-3253
-2219
-1312
-1601
-1806
-2612
-4221
-6457
-7003
-7018
-6747
-6006
-5488
-3938
-1519
1817
4021
5043
5668
5764
5427
4595
2473
17
-2535
-5316
-6757
-8961
-9588
-8404
-8952
-7359
-5615
-4398
-1776
483
1804
1902
2473
2411
1623
798
-658
-2133
-3682
-3832
-4110
-4520
-3528
-2418
-1049
140
1654
2616
3082
3595
3481
2584
1874
1527
880
454
46
533
1157
2347
4168
5265
6607
8214
8841
9613
8973
8306
8155
6256
5859
3993
3206
2284
2677
3138
2545
4758
4636
6248
6556
7133
7890
7341
8181
6964
5817
5146
4468
3291
-176
-2043
-3888
-6431
-6152
-8230
-10991
-11654
-11263
-10229
-9327
-7714
-6499
-5325
-4061
-2996
-2747
-2592
-2546
-3764
-5587
-6445
-5843
-5742
-5098
-4996
-4250
-2304
397
2810
3524
4089
4245
4453
3836
2605
315
-1657
-4301
-6557
-8089
-9052
-8542
-8231
-7205
-6383
-4090
-981
1535
2928
3692
3982
3958
3980
2368
390
-1844
-3341
-4051
-5214
-5182
-4171
-3128
-1206
792
2534
4238
5588
5955
5253
3958
3198
2250
709
-267
-1817
-1719
-758
533
2377
3603
5570
7504
8957
10057
10246
9316
8543
7439
5542
4900
3955
2509
1558
1710
1232
2536
4394
4945
5371
6011
7199
7130
8390
8031
6989
6084
4587
3836
623
-1985
-3301
-6930
-8577
-9513
-11691
-12295
-11802
-10654
-9599
-7860
-5459
-3953
-3085
-2304
-2111
-2763
-3064
-3969
-5818
-7351
-7436
-6988
-6694
-5328
-3838
-2043
707
3164
4449
5529
5926
5468
4556
2625
912
-1278
-4111
-6274
-8409
-9171
-8324
-7506
-6673
-5628
-3600
-997
1553
3124
3623
3640
3331
3050
1426
-193
-1902
-3567
-4467
-5385
-5132
-4066
-2681
-980
617
2185
4006
5329
5516
4830
3421
2434
1630
372
-648
-1679
-1439
-528
993
3052
4744
6656
8229
9825
10142
10813
10196
9057
7841
5536
4816
3679
2254
2281
2084
1427
3719
4463
5488
6503
7706
7866
7746
8856
7275
7144
6012
5216
3215
-144
-1964
-4078
-6419
-7380
-8654
-11840
-12524
-11393
-10891
-9672
-7658
-6787
-5712
-4089
-3264
-2584
-3160
-3387
-4322
-6563
-6725
-6374
-6605
-5906
-5537
-4724
-2560
135
2320
3477
4005
4134
4687
3687
2257
637
-2261
-4272
-6585
-8247
-8408
-8373
-7485
-6453
-5626
-3171
211
2181
3343
4490
4324
4257
3989
2140
-123
-2488
-3723
-4437
-5615
-5286
-3954
-3008
-1156
1101
2769
4374
5768
5988
5122
4034
3203
2227
790
-704
-1356
-1198
-484
1561
2965
4761
7154
9158
10403
11325
11258
10310
10017
7737
6561
5393
3716
2722
2459
1953
2418
4275
4406
5607
5931
7236
7616
8104
8163
6863
6436
5374
4919
2723
303
-3054
-4629
-7010
-8457
-9124
-12205
-12858
-12740
-11664
-9947
-8295
-6497
-5639
-4844
-3415
-3061
-3050
-3408
-5204
-6885
-8024
-7725
-7139
-7104
-6312
-5170
-3278
126
2445
3555
4700
4523
4823
4170
2520
703
-2460
-4781
-7059
-8312
-8285
-8385
-7223
-6352
-4179
-1328
1769
3926
4419
5175
4769
4313
3561
1480
-1193
-3183
-4563
-5298
-5054
-4757
-3360
-1894
-136
2669
4140
5476
6182
5517
4761
3715
2678
1346
-58
-1307
-1459
-1007
285
2195
3555
5658
7355
9608
10626
11070
10571
9300
9035
6562
6196
4097
2509
2066
1194
2368
2001
4010
4469
4980
6237
7344
7474
7991
7763
5786
5511
4771
4442
2746
1386
-1170
-3832
-4422
-6014
-7021
-8849
-10643
-11678
-12278
-10815
-9678
-8877
-8043
-7442
-6446
-5400
-3980
-3995
-4655
-5512
-6285
-6011
-5805
-5170
-5121
-4742
-3551
-1553
335
2006
3086
3154
3743
3131
2891
1737
94
-1734
-4104
-5500
-7006
-7246
-7468
-6867
-6116
-4926
-2309
-594
1446
2867
3753
4148
4075
3556
1860
41
-1314
-2973
-4312
-4822
-5059
-4297
-3133
-1254
618
2004
3762
4733
4737
4776
4144
3084
2078
622
-303
-651
-468
345
1486
3090
4792
7128
9092
9909
10747
10310
9967
9093
7826
6926
4308
3987
3020
1847
3709
2575
4030
4829
4901
6703
6163
7631
7018
7119
6103
5670
5394
4494
3832
2106
-670
-2882
-3438
-6206
-6638
-8927
-11613
-12229
-12181
-10886
-9869
-8430
-7917
-6661
-5403
-3993
-3086
-3884
-4410
-5622
-6684
-6291
-6373
-6250
-6030
-5595
-3798
-1902
604
2056
3236
3544
3845
3905
2869
1486
-951
-3336
-5567
-6756
-7974
-7518
-7885
-7034
-5054
-3584
-242
1781
3166
3935
4431
4360
3736
2282
-1
-2103
-4098
-4775
-5104
-5368
-4398
-3022
-1433
995
3005
4352
5153
4933
4579
3794
2554
1626
-242
-1398
-1586
-1566
-11
1215
2951
5237
6944
9608
10419
11094
11286
10103
9523
8200
6512
4600
4001
2494
2244
2988
3397
3852
5275
6978
6474
7980
8347
7380
7278
6967
5690
4236
4075
3244
2126
385
-1601
-2780
-5101
-4936
-6161
-8997
-9917
-10511
-10304
-9769
-8652
-8423
-8085
-6888
-5824
-5142
-4798
-4777
-5590
-6507
-6554
-5986
-6105
-5568
-5066
-4963
-3168
-1204
356
1170
2089
2175
2195
2416
1501
707
-1277
-2753
-4702
-6404
-6069
-6243
-6667
-6068
-5129
-4249
-1131
1142
1443
2245
2742
2887
2540
1882
367
-1804
-2944
-3218
-4043
-4281
-2936
-2213
-1217
754
2300
3454
4201
4536
3997
3171
2720
2256
842
204
122
162
1198
2637
4288
5846
7682
8920
9706
10077
10410
9358
8448
6642
5877
4782
3207
3953
2493
2913
4388
5108
5791
6293
7308
7155
7062
7672
6527
4839
4518
3586
2874
2884
3305
697
-1058
-1385
-3242
-3438
-4738
-7427
-10423
-11102
-10670
-10735
-9877
-9690
-9523
-8357
-6382
-4765
-4244
-4094
-4308
-5770
-5495
-4844
-5085
-5227
-5884
-5544
-4373
-2220
-196
723
851
1834
2514
2644
2428
1453
-804
-3491
-4205
-6015
-6782
-6556
-7347
-7722
-6209
-3265
-1116
494
1787
2354
2667
3860
3950
1737
-377
-1615
-3151
-4073
-4126
-4252
-4231
-2854
-846
891
2762
4271
4763
4460
4243
3736
2939
1694
384
-848
-800
-21
1231
2791
4593
6418
8542
9943
11070
11477
10852
10494
8554
7267
5744
4501
3131
3034
2258
2915
4470
4297
5654
6414
6795
7231
7971
7358
6434
5908
5088
3864
3856
3100
1647
218
-2288
-2771
-4348
-5221
-6485
-9667
-11111
-11142
-10828
-10094
-9200
-9384
-8484
-6904
-5559
-4422
-4362
-4815
-5241
-5880
-5806
-5297
-5704
-5684
-5347
-4762
-2876
-1011
279
1321
1836
2445
2894
2597
2062
758
-898
-2343
-4279
-4985
-5692
-6271
-6500
-6314
-5658
-4490
-1933
-1364
-429
992
1770
2533
2568
1863
422
-497
-871
-1576
-2905
-3048
-2790
-2749
-1392
-329
283
1268
1865
2340
2424
2543
2532
1973
1531
1391
1555
1849
2497
3606
4903
6027
7449
8125
8280
9099
8654
8455
7463
6378
5364
4653
4862
3275
4330
4488
4700
6278
6809
7286
6445
7590
6658
5572
6600
4661
3764
3677
3029
3261
3619
3383
1703
80
-483
-2169
-3565
-5596
-8997
-11614
-12623
-12672
-12236
-11972
-11006
-10099
-8727
-6035
-4461
-3500
-3324
-3455
-4030
-4186
-4082
-4607
-5200
-5770
-5216
-4135
-2716
-553
430
1275
2412
3298
3728
3404
2672
227
-1849
-3345
-4757
-6103
-7049
-7751
-8606
-7191
-4951
-3165
-1343
427
1572
2626
3873
3810
2832
1301
-84
-1357
-2735
-3221
-3584
-3829
-3173
-2215
-1176
169
1449
1886
2436
2485
2317
2422
1582
1608
1098
857
1699
2070
3444
4840
6156
6724
7925
8186
8770
8947
8227
7944
6161
5860
5345
4866
4673
4792
4791
4723
5404
6194
6123
5921
6022
5389
4289
5495
5139
4100
4620
4463
4819
5017
5471
2588
842
-589
-3111
-4160
-7345
-10160
-12899
-13542
-13185
-12488
-11160
-10453
-8623
-7074
-4557
-3032
-2750
-2715
-3588
-4267
-4833
-4665
-5417
-5709
-5511
-4616
-3058
-1224
850
1746
2851
3482
4097
3151
2464
863
-1755
-3520
-4993
-6392
-7872
-7462
-7787
-6735
-4666
-2709
-837
240
1985
2761
2888
3089
2061
324
-844
-1695
-2828
-3458
-3697
-3483
-2613
-1447
72
687
1524
2057
2059
2166
1619
1038
258
-134
-322
46
902
1919
3159
4738
6059
7389
8346
8747
8942
8566
8250
7084
6218
4973
4365
4280
4405
4612
4669
4927
5280
6119
6534
6884
5720
5792
5120
4920
5468
4754
4394
4171
5060
5023
5448
3948
1151
83
-2587
-3444
-5584
-9389
-11866
-13815
-13493
-12809
-11288
-10523
-9696
-7704
-5476
-3409
-2213
-1778
-2614
-3125
-3863
-4094
-4365
-5187
-5175
-5192
-3934
-1872
-32
1664
2726
3378
3975
4319
3366
2172
-283
-2774
-4426
-6363
-7005
-8148
-8263
-7299
-6176
-3625
-1109
193
1541
2881
3012
3102
2332
702
-1138
-2607
-3295
-4228
-4666
-4169
-3390
-2074
-438
997
1990
2660
3112
3181
2457
1747
929
-143
-496
-629
123
668
2288
3853
5261
7233
8313
9535
9662
9842
9690
8375
7513
6076
5072
4730
4282
4527
3689
4154
4736
5510
6332
6563
6247
5367
5802
5838
5318
5305
5046
3716
4888
4994
4086
2476
570
-1332
-3267
-3972
-6855
-10045
-11859
-12638
-12429
-11403
-10421
-9731
-8752
-6440
-4567
-3556
-2586
-3129
-3833
-4170
-4772
-4976
-5732
-6061
-5704
-4946
-3298
-1422
222
1572
2894
4007
4481
4594
3706
2249
-457
-2657
-4312
-6818
-7064
-8257
-9231
-8567
-6680
-4890
-2714
-285
806
2063
3307
3742
2697
1578
456
-1345
-2770
-3373
-4324
-4435
-3821
-2611
-1546
21
1542
2515
3062
3177
3103
2149
2025
1253
825
578
507
1152
2107
4036
5514
6698
7608
8739
8980
9678
9569
8088
7457
6343
6114
5396
5234
4885
4401
4965
5288
5919
5701
6377
5684
4984
5756
5463
5131
5217
4989
4301
4831
5042
2816
1058
-356
-3067
-4219
-6003
-9438
-11576
-12586
-12672
-11915
-10893
-9740
-8933
-7022
-4710
-3472
-2682
-2546
-3499
-4512
-4593
-4788
-5646
-5953
-6063
-5652
-3782
-1933
167
1694
2983
4337
4984
5180
4804
3400
1593
-798
-3494
-4836
-6719
-7439
-8077
-8593
-7409
-5692
-3430
-1360
196
1170
2319
3061
2967
2361
1121
-571
-1888
-2981
-3869
-4113
-4029
-3552
-2709
-1682
-183
1015
1937
2443
2257
2049
1563
1367
1033
556
337
473
1261
2488
3895
5137
5692
6835
7663
8275
8528
7840
6890
6123
5617
5390
5173
4269
4947
4401
5706
6089
6007
6736
5870
6245
5874
5721
5276
4661
4440
4118
4336
5037
5157
4092
2157
956
-1158
-2564
-3578
-7312
-11005
-12535
-13505
-13402
-11768
-11405
-11288
-9693
-6848
-4655
-2869
-2132
-2909
-3383
-3408
-3024
-3498
-4659
-4918
-5431
-4379
-2196
-692
1045
2174
3304
4418
5076
5787
4907
3307
1024
-1240
-3304
-5040
-5537
-7968
-8531
-8416
-7930
-5650
-3424
-1780
-612
1084
2440
3390
3604
3184
1258
-428
-1325
-2507
-3313
-4049
-4247
-4584
-4010
-2284
-1437
-372
453
1078
1230
1818
2234
1907
2047
1358
1464
1737
2223
3310
3959
4691
5278
6224
7033
7541
7600
7496
6536
6500
6399
5909
6224
4915
5051
4824
4889
5963
5938
5286
5248
5363
4902
5665
5933
4602
5049
5478
5238
6229
6484
5431
2852
1957
-509
-2893
-3539
-6906
-11013
-13024
-13866
-14073
-12990
-11749
-11396
-10636
-7730
-5238
-4002
-2631
-2593
-3524
-3628
-3364
-3130
-3922
-3912
-4036
-3739
-1760
84
1807
2743
3633
4200
4535
5192
4560
3090
1079
-1243
-2841
-5082
-5789
-6967
-8876
-7869
-7499
-6651
-4549
-2658
-1460
-59
2021
2906
2837
3254
2660
591
-315
-973
-2624
-3522
-3627
-3940
-4341
-3202
-2068
-1766
-737
75
470
814
1733
1782
1698
1705
1550
2161
2584
3343
3667
4285
4547
5578
6264
6707
6958
6332
6747
5971
6388
6069
5690
5196
5429
4983
5790
6062
5753
6085
4938
5708
5183
5860
5759
5444
4876
4895
6073
6204
6908
6857
5311
2685
1686
-201
-3423
-4403
-8379
-12537
-13997
-14587
-14257
-13654
-12195
-11678
-9763
-6623
-3667
-2758
-1976
-1629
-2781
-2383
-2368
-2880
-3833
-4072
-4064
-3528
-1472
376
1912
2789
3825
4502
4941
5664
4341
2759
228
-1907
-3664
-5860
-6429
-8504
-9284
-8463
-7764
-6301
-4019
-2471
-1396
765
2233
2972
2934
2595
1137
-551
-811
-1868
-3347
-4030
-4348
-4649
-4135
-2601
-2108
-1477
-509
437
893
1510
2045
1805
1838
2044
2501
2526
3194
3500
3814
4377
5512
6258
6486
7348
6405
6839
7014
6990
6467
5761
5343
4336
5514
5579
5211
4969
5097
5016
5744
6535
5921
5425
5245
5606
5302
5933
6055
5112
5983
5546
5331
2810
1107
-906
-3933
-4822
-7928
-11478
-13631
-14063
-14103
-13277
-11875
-10978
-9751
-6768
-4227
-3428
-2069
-1714
-2276
-2195
-2274
-2379
-3088
-2737
-2702
-2633
-1238
255
1826
2664
3433
3454
3660
4168
3320
1533
-604
-3347
-5162
-5720
-7207
-8441
-9375
-9132
-7927
-5649
-3054
-2356
-852
1186
2604
3515
3886
2608
622
-210
-1098
-2326
-3562
-4196
-4699
-4771
-3237
-1896
-893
194
1188
1556
2133
2954
3264
3123
2391
2109
1749
1822
2769
3154
3474
4224
4864
6207
7567
7807
8135
8005
7245
7911
7474
6838
6162
4875
4513
4356
4370
4822
3695
4261
4378
4490
6064
5853
6165
5725
6338
6296
6232
6915
5774
3824
1886
-257
-2539
-4497
-5990
-9219
-12332
-13291
-13437
-12777
-11505
-10599
-9891
-8461
-5710
-3582
-2797
-2003
-2716
-2889
-2713
-2969
-2786
-3754
-3875
-3320
-2434
-326
1232
2267
2828
3578
4272
4605
4499
2802
397
-2000
-3775
-5174
-6933
-7901
-9039
-9760
-8275
-6469
-4607
-2823
-1626
-86
920
2516
3515
2252
1031
-358
-1713
-2229
-2809
-3688
-4413
-4492
-3417
-1871
-733
555
1051
1306
2072
2348
2701
2510
1726
1050
810
1188
1829
2597
3279
3701
4574
6342
7376
8265
8419
8004
7761
7475
7538
7014
5745
4762
5048
4090
4685
5200
4280
4559
4979
5289
5397
5878
5470
5464
4976
5767
5131
5395
5417
3820
2601
-85
-1263
-3590
-5126
-7096
-10770
-12733
-13219
-13023
-11970
-10958
-10169
-9077
-6531
-3775
-2464
-1678
-1373
-1910
-2018
-2109
-2509
-3229
-3864
-3360
-3321
-1574
-83
1219
2696
3150
4400
4667
5488
4838
3115
1303
-1526
-3503
-4710
-6047
-7938
-9166
-9935
-9299
-7316
-5097
-3591
-2485
-855
1107
2906
3855
3208
1855
647
-338
-1359
-2498
-4063
-5043
-5194
-4652
-3328
-2331
-860
262
1150
2443
3341
3758
3933
3426
2783
2310
2012
2424
2433
2418
3286
3564
5158
6389
7249
7657
7991
8079
8144
8745
7111
7248
5448
5594
5148
5047
5305
3935
4541
4401
5264
5419
6247
5559
5570
5940
5551
6219
5390
4536
1733
-608
-2203
-5113
-5472
-8797
-12182
-14049
-14296
-13427
-11886
-10375
-10190
-8257
-5677
-2271
-1417
-706
-793
-2385
-1949
-2207
-2758
-3697
-4308
-4440
-4035
-1837
34
1823
3261
4132
4865
6039
6283
5531
3506
678
-1782
-4488
-5279
-7064
-8926
-9456
-9993
-8811
-6439
-3868
-2348
-846
898
2401
3713
4066
3079
1013
-441
-1479
-2639
-3671
-4710
-5254
-5037
-3650
-2131
-928
382
1414
2033
2937
3215
2926
2793
1656
1046
348
322
839
951
1852
2660
3653
5306
6867
7347
7855
8006
7405
7250
6868
6353
4949
4705
4059
3387
4679
4782
4796
5414
6102
6028
6995
7226
6687
6376
6171
5595
5200
4970
4333
2417
181
-1552
-3701
-4879
-6189
-9301
-12302
-13218
-13070
-12054
-10820
-10297
-9937
-7744
-4946
-2942
-1673
-1573
-2027
-2130
-2100
-1822
-2192
-2797
-3040
-2986
-1993
-214
1362
2465
3428
3522
4607
5007
4838
3928
1658
-638
-2783
-4191
-5516
-7330
-8578
-9449
-9477
-7229
-5394
-3922
-2413
-534
829
2774
4337
3306
2308
1318
-162
-1240
-2476
-3974
-5179
-5534
-4555
-3487
-2401
-650
593
1516
2857
3632
3943
3759
3296
2569
1652
1308
1298
1066
1204
1839
2610
3857
5296
6221
7094
7204
7902
7524
7260
7156
5699
5262
4629
4452
3995
4478
4796
4128
5396
5279
5338
6304
6422
6257
5746
5991
5345
5922
5897
4320
1203
-232
-2713
-4207
-4721
-8848
-11987
-13973
-13697
-12826
-11384
-10250
-10141
-8060
-4850
-2402
-1212
-676
-1006
-2125
-1997
-2165
-3018
-3711
-4029
-4407
-3594
-1563
401
2061
3211
4046
4365
5826
5725
4772
2761
-496
-2122
-4454
-6139
-7333
-9323
-10467
-9046
-8080
-6369
-3782
-2060
-368
1383
3573
3697
3112
2831
1004
-808
-1577
-2840
-4344
-5105
-4724
-4097
-3174
-1465
-50
766
2197
3271
3492
3268
3003
2270
1598
1207
463
633
262
1402
2157
3187
4624
5133
6744
6914
7740
7616
7296
6535
6225
5137
4337
4452
3771
3772
4399
4683
4453
5733
5671
6449
5805
6853
6313
5251
6239
5214
4520
5160
4899
3757
1095
67
-2143
-4355
-3820
-7726
-11467
-12887
-13445
-12963
-11579
-10943
-10727
-9716
-5944
-3875
-2345
-1204
-1577
-1915
-1806
-1315
-1835
-2537
-2747
-3141
-2641
-922
690
1996
2684
3488
3973
4716
5167
4339
2664
512
-2395
-4099
-5712
-7362
-8319
-9359
-9909
-8611
-6058
-3979
-1866
-378
1289
2827
4302
4600
2941
1216
-368
-1748
-3092
-4146
-5215
-5603
-5066
-3743
-1925
-525
1456
2579
3233
4062
4087
4108
3556
2350
1422
675
486
743
1241
1744
2730
3966
5302
6536
7137
7880
7748
7768
7156
6755
6174
5457
4801
4307
3857
3969
4405
4463
4395
4570
5017
5187
5777
5839
5582
5356
5640
5136
5675
4685
3719
886
-947
-2819
-5205
-6064
-9491
-12314
-13513
-13300
-12501
-11143
-10164
-9191
-7622
-4827
-2638
-2079
-1431
-1861
-2864
-2939
-3213
-3462
-4051
-4043
-3786
-2575
-606
1728
3096
3720
4729
4592
5371
5026
2964
713
-2297
-4700
-5899
-7166
-8007
-8888
-9303
-7529
-5379
-2561
-178
583
1917
2774
3554
3990
2100
274
-1604
-3395
-3915
-4372
-4788
-4496
-3793
-2157
-157
1228
3098
3578
3487
3862
3171
2566
1805
219
-515
-862
-537
568
1627
2600
4102
5608
7079
8515
8461
8641
7714
6849
6504
5701
4332
3679
2481
3075
3733
4198
5382
4823
5741
5808
6978
6592
5799
6244
4758
4002
5048
3753
3379
3973
3120
1223
-239
-1457
-3944
-4558
-6439
-10001
-12351
-13142
-12430
-11952
-11009
-10062
-9451
-6725
-3850
-2416
-1744
-1186
-1349
-1822
-1561
-2008
-3015
-3085
-3309
-3109
-1977
-522
1352
2055
2922
3597
3761
4139
3484
1666
-916
-2957
-5084
-6340
-7126
-8267
-8672
-8748
-7021
-4887
-2386
-453
199
1420
2304
3096
2924
1420
-344
-1875
-2606
-2919
-3365
-3559
-3192
-2390
-731
836
1936
2863
3089
3056
2820
2553
1982
1173
641
236
359
1150
2385
3234
4183
5627
6391
8083
7809
8406
7274
6800
6679
5138
5507
3485
4241
3523
4477
4343
4991
5682
4699
5908
5693
4430
4816
4536
2976
3271
3248
2739
2931
4028
3835
3267
2413
836
-1377
-2892
-4559
-7305
-10961
-12565
-13905
-13578
-12499
-11305
-10344
-8789
-5503
-3554
-1535
-353
-476
-914
-1666
-1897
-2468
-3411
-3367
-4022
-3444
-1675
-39
1518
3188
3691
4555
4677
4018
3027
549
-1492
-4185
-6029
-7616
-8621
-8705
-8420
-7364
-5119
-2930
-627
1227
2110
2797
2955
2669
1567
-230
-1654
-2845
-3542
-3499
-3456
-2678
-1331
196
1864
3144
3729
4159
3638
3160
2265
1031
344
-818
-885
-761
104
1451
2851
4250
5848
7124
8108
8705
8000
8057
6689
6378
5378
3906
3531
2959
3446
4114
4858
4961
5718
5725
5933
6083
5448
4963
3720
3456
2222
2220
2670
2014
3296
3537
3115
1909
390
-1433
-2722
-4370
-7531
-11159
-13664
-13796
-13487
-12623
-11637
-11016
-8572
-5117
-2907
-1203
-563
-645
-807
-1871
-2185
-3358
-4332
-4211
-4957
-4194
-2355
-486
1617
2692
3664
4420
4531
4611
2553
481
-1938
-4168
-5507
-7239
-8097
-8208
-7423
-6090
-3828
-1855
-93
1413
2176
2701
2506
1928
764
-1185
-2450
-2858
-3315
-2813
-2488
-1904
-122
1244
3245
4118
3929
3988
3388
2621
1882
589
-526
-1026
-1246
-195
566
2126
4083
5096
6977
8025
8433
9058
8236
7675
6418
5042
4423
3091
2936
2984
2703
3703
4893
5203
6961
6565
6420
6535
5242
5326
4262
3341
2154
2033
1592
2195
2991
3628
3780
1946
834
-1316
-2846
-3827
-7353
-11384
-13720
-14936
-14040
-12871
-11778
-10689
-8724
-5225
-2438
-414
850
141
-684
-1488
-2409
-2937
-3969
-4915
-5363
-4798
-2744
-262
1606
3221
3778
4696
4922
4049
2710
-105
-2625
-5087
-6990
-8153
-8575
-8064
-7437
-5603
-3739
-1216
1131
2208
2765
2497
1899
1286
-144
-1943
-3415
-4201
-3977
-3368
-2234
-969
739
2280
3752
4634
4484
4213
3217
1920
733
-333
-1243
-1375
-1076
-108
1376
3158
5166
6747
7790
8972
8933
8443
7980
6994
5972
4723
3807
2478
2993
3688
4711
4971
5269
6092
6266
7419
7410
5732
4432
3946
3234
3243
2807
2237
1724
2185
4119
4205
4068
2379
-534
-2274
-3661
-5064
-8570
-12259
-14594
-15118
-14046
-12099
-10667
-9502
-7299
-4843
-2492
-566
-157
-970
-2480
-4063
-4420
-4855
-5035
-5156
-5341
-4016
-1437
1761
3750
4611
4870
4080
4091
3235
1043
-1512
-4717
-6969
-8086
-7786
-6653
-5765
-4472
-2813
-778
1678
3390
3367
2364
1087
-255
-1315
-2800
-4192
-5263
-5072
-3609
-2137
13
2103
3463
4990
5713
5682
5104
3741
1919
52
-1578
-2367
-2377
-2213
-1307
313
2021
4634
6838
8234
9056
9174
8997
8133
6993
5923
4074
2764
2166
1756
2620
2861
4181
4869
5392
7077
7093
6412
6897
5700
4148
3706
2754
1481
1629
2034
1734
2859
4150
4899
4420
2452
1126
-1597
-3335
-4694
-9413
-12819
-14589
-14901
-13910
-12200
-10666
-9527
-6725
-3704
-1735
-250
-109
-1105
-2566
-3763
-4208
-5208
-5594
-5404
-5249
-3572
-877
1479
3197
4328
4439
3970
3499
1891
-311
-2601
-5130
-6629
-7604
-7662
-6238
-4910
-2988
-1162
432
2079
3003
2902
1981
441
-1047
-2421
-4036
-4851
-4945
-4251
-2554
-771
978
3003
4387
5586
6003
5274
4288
2548
756
-636
-2107
-2677
-2435
-2032
-358
1171
3180
5380
7049
8291
9065
9057
8616
8233
6864
5829
4422
3616
3176
2840
3900
3630
4107
5348
5404
6356
6724
6173
5532
4606
4025
3295
2563
2765
2104
1765
2737
3566
3741
4138
1744
-423
-1829
-3771
-4916
-8568
-12027
-13732
-14409
-12915
-11521
-10204
-8764
-6721
-4201
-2419
-1190
-1076
-2222
-3924
-5080
-5575
-5932
-6005
-6115
-5566
-3685
-950
1958
3447
4457
4747
4279
4115
2285
-682
-2660
-5697
-6945
-7358
-8067
-6703
-5273
-3631
-1019
774
2242
3502
2764
1928
644
-1100
-2421
-4163
-5558
-5558
-4882
-2923
-842
967
3089
4764
6185
6911
6430
5138
3344
1390
-123
-1522
-2318
-2744
-2322
-1057
653
2937
4820
6614
7718
8409
8826
8793
8076
7229
5806
3780
3701
3052
2997
3586
3174
3274
4699
5479
6339
6449
6631
6308
5431
5535
4424
3904
3403
3248
1962
2614
3778
3861
4322
3238
-176
-1377
-2725
-4123
-6021
-10222
-13570
-14495
-13595
-12014
-10647
-9987
-8689
-6408
-3932
-2233
-1461
-2168
-3876
-5543
-5522
-5619
-5460
-5826
-5975
-4674
-2111
1145
3431
3926
4254
4007
3617
3089
1242
-1524
-4533
-5664
-6949
-6731
-5999
-5306
-4170
-2220
89
1257
2819
2974
1371
470
-533
-1573
-2630
-4270
-5148
-5150
-3347
-1145
241
1348
2813
4314
5422
6117
5087
3239
1847
275
-365
-1102
-1429
-1572
-1434
-124
1738
3583
5345
6513
7273
7962
8195
8526
7463
7020
5623
5031
4352
3935
3804
3852
3745
4292
5405
5393
5886
5827
5581
5023
5297
4604
3414
3117
2450
1820
2483
3079
3823
4098
4655
3675
880
-6
-2167
-4400
-6038
-10105
-13067
-13800
-12958
-11983
-10740
-9011
-7645
-5194
-3300
-2122
-1690
-2421
-3721
-5661
-6556
-6287
-6498
-6284
-5615
-4104
-1590
1481
4065
4679
5265
5054
3746
3575
1394
-630
-4749
-6464
-6646
-7694
-4865
-5392
-5325
-2897
-160
1061
2573
2723
864
62
-615
-1487
-2814
-3920
-4676
-5523
-3961
-1129
110
1399
2631
3778
4892
5665
5357
3313
1592
595
-507
-1095
-1427
-1331
-1548
-361
1208
2976
4942
5761
6856
6703
7757
8169
7356
6937
5694
5038
4920
4858
4121
4235
3525
4211
4616
4924
6036
5419
5318
5067
5281
4310
4599
3368
2788
2496
2203
2603
2790
4332
4356
4278
3397
735
-353
-2262
-3917
-6251
-9898
-12797
-13450
-13060
-12126
-10227
-9334
-7408
-5346
-3879
-2467
-1969
-2849
-3964
-6046
-6242
-6165
-6347
-5612
-5211
-3482
-835
1780
3582
4632
4662
3857
3380
1595
338
-2261
-4780
-5857
-7208
-5479
-4955
-4611
-3129
-1707
120
1307
1535
721
-403
-1217
-2034
-2872
-3593
-3958
-4477
-3591
-1676
64
1808
2814
3717
4337
4686
4836
3560
1921
721
-533
-1095
-1367
-1223
-575
65
1267
2535
3838
5597
6293
6847
6946
7410
7100
7193
6271
5425
5053
4093
4853
3940
4587
4554
4466
5038
5470
5760
6057
6019
5121
4326
3720
3359
2364
2597
1702
1688
1935
2963
3928
5186
5676
4873
2463
253
-1653
-4609
-6245
-9589
-13379
-14624
-14221
-13026
-11138
-8909
-7210
-5201
-3307
-1835
-1364
-1978
-3668
-6072
-7541
-7596
-7165
-6980
-6034
-4423
-1516
1106
4128
5027
5459
4452
3094
1798
-889
-2126
-5099
-6899
-7630
-6595
-4630
-2924
-1423
-558
800
2177
2527
1408
-557
-2360
-4152
-5153
-5373
-5419
-4744
-3857
-1964
470
3088
5055
5399
5213
4559
3834
2839
926
-923
-2206
-2768
-2298
-1315
-255
1152
2525
3917
5514
6662
7149
7144
6014
5945
5628
5553
6005
4801
4442
4759
5187
6140
6492
5733
6083
4980
5956
5842
4861
5061
3527
3158
2549
2863
2426
2356
2591
2700
2515
3984
4592
5209
5364
5014
2241
-400
-1651
-4627
-6045
-8404
-12210
-13923
-13332
-11777
-10024
-8310
-6641
-5509
-3809
-2429
-2034
-2691
-3931
-6244
-7654
-7481
-6829
-6344
-5418
-3968
-1750
1190
3788
5081
4982
4086
2499
1023
-650
-2295
-4521
-6454
-7283
-6869
-4928
-2744
-1746
-1140
-264
649
1322
970
-922
-3079
-4289
-5229
-4842
-4554
-4137
-3270
-1819
712
2750
4278
4735
4095
3546
2912
2260
963
-452
-1447
-2149
-1433
-430
770
1952
3041
4060
4749
5823
6165
6183
5715
5569
5463
5604
5878
5503
5782
5839
6659
6750
6512
5963
5484
5319
5456
4995
4374
3701
2775
3228
2623
2952
2983
2640
2707
3351
4172
4335
4778
4724
4350
4434
2457
-604
-2786
-5146
-6422
-8420
-11193
-12585
-12428
-11223
-9320
-7698
-5947
-4324
-3291
-2677
-2517
-2939
-4040
-5968
-7452
-7790
-7074
-6020
-4915
-3255
-1079
1607
3943
5388
5004
3912
2294
670
-1066
-3018
-4840
-6732
-7308
-6191
-4600
-2493
-903
-419
256
939
1414
522
-1332
-3413
-5184
-5794
-5286
-4955
-4319
-3239
-1177
1068
3277
5047
5193
4573
3756
2952
1937
845
-397
-1746
-1929
-1154
-2
1243
2349
3568
4610
5604
6332
6426
5916
5787
5219
5098
5374
5382
5284
5381
6215
6487
7369
6814
6462
5723
5827
5996
4804
4671
3445
2717
2755
2469
2910
2995
3027
3383
3014
4322
4689
4947
4737
4258
1477
-1056
-2625
-5488
-6213
-8781
-12032
-13102
-12622
-10897
-9448
-7803
-6057
-4800
-3550
-2676
-2319
-2806
-3906
-6293
-8072
-7677
-7158
-6488
-5733
-4259
-1645
951
3614
4638
4835
4360
3414
1879
303
-1782
-3747
-5884
-7184
-6657
-5944
-3999
-2925
-2485
-1641
-94
737
906
-408
-2007
-2978
-3670
-3697
-4077
-4113
-3426
-2395
-690
1145
2633
3531
3469
3320
3284
3135
2469
1327
122
-396
47
710
1211
1871
2369
3433
4026
4913
5440
5211
5313
5313
5319
6097
5797
5965
5945
6146
7041
6199
6784
5730
5872
5645
5214
5313
4902
4579
3771
3592
3494
3946
3934
3321
3185
2949
4100
4353
4755
5202
4460
2868
-187
-1931
-3949
-5452
-7545
-11414
-13219
-12586
-11435
-10087
-8597
-6622
-4868
-3167
-2222
-1958
-2227
-3478
-5495
-7740
-7953
-7309
-6805
-5954
-4626
-2007
941
3812
5212
5177
4628
3202
1339
-957
-2352
-4137
-5856
-7129
-7175
-5251
-2858
-1123
-671
-268
760
1303
630
-1125
-3215
-4636
-5734
-6115
-5794
-4936
-3471
-1873
1
1910
3856
4559
4159
3146
2292
1710
606
-627
-1712
-1973
-1290
-136
769
1979
3097
4038
4660
5023
5365
5329
4929
4418
3868
3997
4932
5484
5826
6411
6529
6316
7008
6463
6423
5951
5327
4521
3477
4734
3767
3728
3650
3190
3638
3979
4811
3774
3943
4353
4070
4721
5005
4213
1032
-1445
-3252
-5424
-5863
-8093
-11607
-12883
-12029
-10547
-8911
-7057
-5619
-4755
-3885
-3193
-2882
-3127
-4164
-6604
-8233
-7625
-6418
-5211
-4343
-2851
-660
1955
4376
5158
5112
4226
2894
1196
-286
-1832
-3643
-4877
-6529
-6176
-4851
-3930
-2560
-2160
-2031
-1413
-388
-223
-938
-1833
-2603
-2845
-2899
-2706
-2859
-2606
-1547
-819
-178
1010
1641
1755
1595
1703
1706
1723
1459
866
429
792
1586
1680
1871
2004
2127
2718
2913
3762
4129
4662
4973
4587
5664
6134
6823
6621
6238
5819
6439
6460
5797
5523
4895
4844
4475
4787
4410
4536
4368
3935
3789
3979
4888
4002
4103
3823
4041
4456
4635
3006
-664
-1987
-4085
-5490
-6779
-10048
-12035
-12102
-10737
-9455
-7948
-5797
-4427
-3816
-3330
-2856
-2535
-3561
-5633
-8152
-8554
-7173
-6139
-4986
-3644
-1292
1358
4205
5810
5867
5261
3752
1803
-248
-2411
-4029
-5315
-6291
-6268
-5476
-3331
-1647
-629
-268
93
187
36
-978
-2999
-3993
-4667
-4812
-4730
-4410
-3272
-2009
-370
869
1466
2327
2556
2018
1424
1036
774
377
-75
-203
90
818
1784
2158
2418
2964
2989
3079
3332
3441
3904
3857
4376
4548
5245
6369
6587
6725
6038
5816
5518
5851
5115
4438
3867
4301
4797
5831
6107
6017
5817
5224
5235
4841
5241
4446
3118
2773
2707
3591
4848
4550
2065
-802
-2189
-3448
-4139
-6838
-10562
-12954
-12494
-11586
-10300
-8273
-6524
-5547
-4747
-3884
-2689
-2116
-3478
-6197
-8285
-7657
-6181
-5298
-4412
-3199
-1454
1389
3850
4730
4607
3633
1632
-120
-2050
-2702
-4321
-5852
-6484
-6248
-3443
-1305
-259
-417
54
787
428
-153
-1943
-3366
-4503
-5149
-4780
-4323
-2688
-1899
-1095
280
1632
2977
3194
2498
1352
740
766
435
66
-441
-68
601
1496
2747
2886
3282
2874
2808
3156
3090
3657
3162
3311
3845
4925
6443
6922
7202
6401
6344
6173
5967
5401
4472
4173
3344
3760
4314
5133
5497
5002
4736
4615
5813
5692
4954
3448
3165
3586
3634
4241
3438
2458
-298
-2371
-3767
-4587
-5443
-8919
-11722
-11755
-10270
-8765
-7687
-6385
-5244
-4201
-3566
-3403
-3076
-3645
-5256
-7237
-7900
-6510
-5360
-3804
-2491
-1173
1228
3196
4645
4523
3871
2905
1153
-788
-1946
-2895
-3916
-4421
-5229
-4577
-2805
-1982
-1795
-2229
-2554
-2853
-2992
-3077
-3839
-4131
-3950
-3578
-2878
-1713
-624
248
603
584
605
608
825
208
-426
-236
126
829
1418
1975
2363
2617
3115
3176
2867
2560
2141
1892
2116
2579
3482
4232
5284
6042
6972
7528
7511
7580
6204
6044
4762
4314
3304
3484
3429
4044
5034
4815
5559
5684
6538
5529
4660
3683
3489
3203
2933
2521
2441
3278
3964
3853
2267
-182
-2214
-4331
-5200
-7539
-10761
-12187
-11718
-10705
-9217
-7621
-5366
-3769
-3034
-2705
-3006
-2894
-4006
-5924
-7415
-7356
-6662
-5427
-3533
-1150
919
2721
4229
4889
5037
4382
2210
-719
-3157
-3768
-3671
-3866
-4528
-4979
-3276
-910
864
734
-163
-924
-1786
-2550
-3590
-4626
-4899
-4985
-4546
-3457
-2041
-116
1035
1387
1519
1452
1249
640
-243
-714
-876
-961
-450
378
1464
2728
2711
2671
2784
2830
3010
2605
1792
1993
2424
3574
4709
5183
6492
7388
7382
7160
6775
6304
5822
4647
3661
3184
3697
4293
4561
5539
6049
5954
6124
5908
5400
4772
3433
2391
1698
1536
2455
2505
3205
3483
3010
882
-905
-2731
-4566
-5491
-8955
-11790
-12496
-11588
-9833
-8326
-6647
-4940
-3805
-3075
-2953
-3297
-4073
-5518
-7187
-7709
-7080
-6164
-4697
-2714
-202
1996
3327
4156
3901
3653
2547
448
-1771
-3236
-3500
-3963
-3404
-3524
-2510
-1019
-242
677
-5
-692
-1918
-3143
-3786
-4608
-4841
-4674
-4139
-3110
-1603
-115
1013
1667
1531
1395
965
393
-89
-665
-481
-259
233
1160
1954
2963
3267
3414
3240
2667
2241
1838
1539
1582
2076
2853
4176
5420
6437
7330
7264
7472
6997
6354
5529
4371
3413
2901
3593
3929
4544
5083
5491
6381
6454
6128
5067
3914
3437
2877
2053
1860
1734
1951
3203
3455
3483
910
-1786
-3162
-4675
-5828
-8490
-11878
-12155
-10807
-9534
-7945
-6543
-4556
-3171
-2839
-3055
-3397
-4421
-5820
-7191
-8015
-6960
-6164
-4901
-2700
-181
2371
3703
4046
3624
3311
2557
902
-1276
-3311
-4417
-4123
-3699
-3230
-2313
-1613
-592
171
345
-306
-1154
-2539
-3546
-4636
-4831
-4393
-4331
-3388
-2448
-1047
545
1234
1455
1227
1070
1236
650
259
318
464
863
1693
2133
2771
3235
3008
3069
2307
2420
2348
1927
2428
2539
3763
4868
5677
6589
6849
7152
7234
6539
5657
5111
3688
3351
3315
3656
4535
4653
5580
6072
6477
6349
5795
4410
3934
2980
2448
1846
1384
1607
2668
3876
4570
3312
594
-1367
-3358
-4504
-6675
-10044
-12537
-12351
-10767
-9651
-7834
-6183
-4060
-3078
-3067
-2995
-3811
-5103
-6931
-8248
-7807
-7014
-6642
-5149
-2384
914
2977
3920
3944
3321
2717
1720
66
-1752
-2896
-3313
-3258
-3503
-2568
-1173
-286
208
-852
-1231
-1117
-2162
-3625
-4502
-4594
-4040
-3469
-2977
-1734
-976
-167
553
387
661
238
-737
-888
-960
-318
647
936
1783
2549
3491
4208
3727
3038
2515
1827
1705
1487
1491
2265
2701
4187
5327
6209
7061
7181
6636
6621
5755
4919
4566
3254
4249
4186
5066
5636
5820
6968
6924
6561
6160
4855
3942
3014
1828
2131
1730
2060
3377
3870
5185
5036
1450
-759
-2927
-4541
-5588
-9817
-12480
-12489
-11241
-9174
-8075
-6459
-3951
-3262
-3361
-3397
-4046
-5253
-7331
-9124
-8326
-7251
-6119
-4686
-2925
466
3084
4303
4807
3262
1972
908
-687
-1821
-3859
-4549
-3880
-2964
-1398
-104
602
1098
1030
145
-459
-1456
-2994
-4534
-5519
-5104
-4419
-3626
-2911
-2160
-844
150
544
379
84
69
-247
-152
377
832
1641
2144
3011
3664
3959
3734
2959
2040
1427
1277
1023
1503
2126
3357
4899
5568
6463
6980
6979
6944
5900
5009
4324
3345
2739
2873
3651
4919
6004
6364
6871
6910
6796
6049
4554
3200
2196
1485
1201
1338
2112
3325
4372
5177
5000
2156
-569
-3108
-4696
-6218
-9843
-12236
-12490
-10618
-9087
-7713
-5786
-3829
-3372
-3647
-3949
-4658
-6317
-8804
-9922
-8904
-7238
-5837
-4518
-2326
503
2840
4097
3999
2642
850
-431
-1257
-2070
-2360
-2302
-1993
-1381
-1134
179
1046
630
-363
-2001
-2650
-2823
-3183
-4147
-4167
-3250
-2181
-1093
-735
-264
-430
-857
-982
-1172
-927
-1028
-1034
-234
1424
3140
3916
4260
4111
3858
3460
2730
1939
828
541
984
1713
2828
3583
5015
5716
6492
6741
6603
6303
5306
4279
3690
3380
3894
4545
4905
5580
5735
6583
7266
6866
5950
5016
3741
3393
2671
2846
3135
3662
3779
4193
5046
5524
5398
2226
-1834
-4007
-5755
-6281
-8882
-12111
-12214
-10171
-8506
-7082
-5787
-4548
-4057
-5345
-5469
-5379
-6529
-8543
-10454
-9692
-6990
-5135
-3720
-2277
-549
1118
2629
2967
2039
393
-712
-625
-534
-470
-352
75
290
923
1144
1209
-647
-2745
-3827
-3982
-3597
-4390
-4498
-4383
-2919
-1552
-231
119
-397
-1215
-2086
-2179
-2513
-2881
-2976
-2688
-1191
808
2591
3993
4059
4173
4103
3634
3122
1757
762
216
487
1877
2961
3965
4681
5659
6202
6780
6303
5585
5224
4427
4247
3778
3963
4302
4762
5446
6341
6716
7027
6042
5864
5877
5763
5032
3856
3495
4424
4837
4934
4665
4240
4804
4523
4163
595
-2256
-4173
-5233
-5849
-8185
-10181
-10033
-8983
-8523
-7134
-5828
-5236
-6477
-7982
-7377
-6783
-7738
-9831
-10665
-9091
-6826
-5063
-3440
-1727
-831
339
1343
1923
1695
163
-601
-593
-205
571
731
207
-379
-352
416
826
-671
-2649
-3683
-3220
-2571
-2149
-2263
-2539
-1977
-1325
-360
-305
-963
-2157
-3075
-2833
-2099
-1314
-1072
-864
266
1889
3520
4183
3643
3108
2552
2509
2522
2189
1686
1162
1736
2777
4029
4595
4677
4730
4290
4864
5058
5264
4783
3868
3420
3768
4740
4828
4996
4443
4641
5874
6256
6512
5764
4626
5158
4909
5207
5112
4187
3810
3623
3731
4598
4753
4312
3706
-440
-2136
-2851
-3685
-4342
-8260
-10699
-9650
-8299
-7724
-7368
-6799
-6013
-7213
-8032
-7151
-6732
-8075
-10277
-10795
-8568
-6428
-5254
-4087
-2778
-1126
178
1240
2045
1186
200
-262
348
1012
1385
974
916
906
1025
1582
-276
-1962
-3485
-3889
-3579
-3308
-3550
-3286
-2860
-2031
-348
546
34
-1202
-2455
-2588
-2339
-2630
-2619
-2727
-1936
-262
1586
3352
4044
3932
3906
3978
3917
3713
2872
2203
2151
2464
3456
4044
4317
4379
4212
4209
4467
4365
4437
3787
3890
4357
4678
4817
4904
4986
5187
5316
5252
5067
4979
4673
4439
4939
5029
5083
4978
5238
5098
5183
4814
4644
4435
4244
3018
-677
-2381
-3261
-3832
-4056
-7274
-9051
-8316
-8044
-7577
-6865
-6652
-6625
-8566
-8906
-7742
-7586
-8434
-10359
-10226
-8605
-7012
-5807
-4308
-3185
-2684
-1735
57
1134
932
-128
-302
464
719
1281
1213
1236
1030
509
800
280
-369
-1421
-2215
-2080
-1801
-1654
-1515
-1787
-1482
-1052
-768
-1002
-2042
-2721
-3086
-2890
-2579
-2085
-1897
-1189
166
1519
2986
3619
3712
3792
3628
3773
3889
3438
2835
2436
2552
3284
3709
4158
4590
4602
4661
4725
5152
5432
5376
4558
4304
4318
4013
4182
3750
3909
4069
4456
4577
4654
4955
4851
5164
5011
4744
4472
4556
4353
3979
4088
3896
4158
4158
3663
1242
-736
-1653
-2694
-3052
-4869
-7339
-7567
-7295
-7285
-6160
-5548
-5589
-7251
-8304
-8298
-7764
-8457
-10427
-10949
-10208
-8789
-7200
-5529
-4012
-3412
-3127
-2072
-1142
-904
-1416
-1980
-1688
-1241
-512
628
1276
1348
1079
1485
1910
1342
516
-284
-734
-686
-714
-599
-692
-765
-871
-672
-420
-822
-1595
-2359
-2401
-2044
-1545
-1174
-713
-146
696
1854
2712
3184
3451
3068
3080
3154
2913
2720
2414
2567
2582
2728
3678
3849
3878
4406
3944
4107
4329
3455
2847
3202
2448
2320
2726
2591
2770
2851
2823
3286
3679
3421
3457
2966
3142
3111
3370
3652
3812
3872
3595
3782
4355
4570
4396
3831
2871
1443
-91
-587
-972
-1372
-2530
-4250
-4088
-3896
-4134
-3834
-4296
-4795
-5852
-6902
-7017
-7010
-7897
-9000
-9295
-8666
-7758
-6895
-5955
-4815
-4221
-3938
-2787
-2183
-1951
-2110
-2277
-1360
-730
-42
789
1314
1555
1552
1858
2273
2041
1256
655
710
741
600
539
135
-36
-239
-414
-477
-1138
-1929
-2579
-2566
-2410
-2223
-1846
-1451
-1301
-428
843
1051
1061
1081
1342
556
1245
1553
1492
2166
1740
1133
2276
3748
2267
2829
3889
3026
2782
3945
3552
3471
3713
2304
2424
3068
2466
1567
2788
3227
2752
3270
3554
3514
3556
3420
3211
3816
3598
2597
2314
2435
2570
2526
3162
3023
3191
3119
3458
3886
3084
2429
938
327
-340
-1469
-2334
-2959
-3051
-3781
-3489
-3105
-3400
-4129
-5321
-5779
-6168
-6477
-7472
-8086
-7886
-7898
-7356
-6506
-5514
-5000
-4857
-4538
-4169
-3855
-3592
-3435
-3041
-2507
-1731
-813
523
1370
1637
2118
2387
2332
2113
1711
1354
1018
725
895
1147
914
694
136
-198
-161
-673
-1307
-1790
-1490
-1912
-1362
-400
-907
-282
-426
22
-209
512
297
-473
477
100
689
510
1381
1373
2043
2225
3228
2840
2575
3524
2197
2273
2969
2824
2213
2935
3544
2470
3523
3816
2769
3307
3441
2621
3289
3349
2611
3236
2992
2269
2670
2571
1272
2070
2067
1381
1797
2407
1654
1805
2748
2003
2014
2554
1989
1372
994
479
-422
-409
-562
-1734
-1773
-1552
-1956
-2118
-1640
-2146
-2945
-3471
-4347
-4521
-4805
-5477
-5662
-5736
-5579
-5228
-4860
-4348
-3969
-4044
-3730
-3185
-2907
-2572
-2350
-2212
-1691
-1242
-692
-131
120
268
94
378
64
-102
-478
-1167
-803
-952
-924
-46
-1004
-1057
-373
-1055
-869
-811
-1393
-1211
-1445
-1084
-973
-1017
-194
-1589
-747
342
-545
246
1672
180
1276
1704
1430
1817
1494
1428
678
1679
2139
1276
1881
2703
1616
2459
3519
2800
3043
3787
3018
3668
3584
3800
2630
2221
2898
2109
2159
1947
2728
2000
1756
2840
1942
1152
2374
1294
-235
2260
1588
-362
1991
2032
65
1376
2313
753
1440
2123
1688
1356
1970
1501
481
1068
708
-215
-506
-281
-1191
-1444
-1310
-1547
-1813
-1783
-2101
-2474
-2222
-2758
-2840
-2918
-3396
-3403
-3681
-3675
-3112
-3049
-2769
-2272
-2373
-2270
-2548
-2738
-2647
-2684
-2885
-2709
-2515
-3104
-2540
-2262
-2668
-2131
-1584
-2463
-1821
-1496
-2115
-1033
-1379
-1549
-1001
-1907
-966
-1797
-1498
-890
-1639
-928
-245
-186
102
738
133
1386
18
1136
1068
-219
795
1861
150
733
3663
140
1648
4089
1541
1977
5184
1335
1903
5005
1321
2917
3452
2138
2987
2682
2485
3306
2027
2674
3281
1416
1873
2912
1023
1553
1978
459
1474
1158
-554
1088
1642
-962
600
1373
-117
590
936
1177
310
1698
1234
1139
2213
1179
1632
1417
1483
921
1090
764
741
787
612
631
482
199
-123
236
-228
-561
-691
-979
-1680
-1333
-1916
-2129
-2166
-2837
-2791
-3078
-3017
-3250
-3399
-3466
-3722
-3752
-3467
-3759
-3470
-3644
-3710
-3626
-3297
-3086
-3644
-2777
-2619
-3607
-2227
-1728
-3440
-1236
-1557
-2494
-786
-594
-2400
8
-852
-1779
-524
-298
-1112
-1310
376
-1028
-521
778
564
272
1605
2475
1439
2383
3452
1778
1810
2746
1826
792
2750
2525
1072
2485
4499
1404
2880
5558
1408
2361
5677
637
1840
3633
270
794
2164
164
138
1630
2
584
784
247
1570
177
-437
2197
-687
-603
2263
-1134
-606
1795
-349
-276
2257
839
1433
2095
1817
2699
2194
2755
2616
2202
2464
2653
1581
2363
2477
1179
1941
1694
1496
1235
777
562
354
-138
-270
-850
-978
-1418
-2076
-1976
-2369
-2530
-2893
-2789
-3049
-3090
-2885
-3341
-3376
-3569
-2959
-4632
-3480
-3195
-4776
-3223
-3946
-3400
-3625
-3155
-3394
-3851
-2877
-3465
-3914
-2420
-2731
-3478
-1284
-2842
-2001
-1056
-1625
-1594
-2315
880
-2306
-1184
1287
-859
-1352
3357
-271
-935
5151
785
-889
5317
3335
-817
5513
3957
752
4028
3959
1705
2059
5228
1028
887
5112
1547
490
3380
2284
231
1098
2514
1023
-867
3171
-347
-530
2382
498
-1105
1491
1426
-1145
1414
1714
-350
881
1210
379
1446
1318
1279
2198
1544
2151
2369
1358
1670
2269
807
1768
2460
1118
2505
2129
2007
2605
2036
2405
1509
1433
1407
188
422
678
-441
-388
-304
-699
-522
-765
-1247
-1334
-1720
-2407
-2219
-2249
-2643
-2696
-2553
-2727
-2787
-2750
-3046
-3154
-3504
-3098
-4029
-3366
-3367
-4389
-4245
-3850
-4711
-4362
-3386
-4779
-3085
-3007
-4047
-1566
-2714
-3166
-874
-3481
-1592
-811
-2381
-1435
91
-1384
-652
669
708
666
673
3026
467
2232
3026
820
1619
3764
-93
1386
3945
-94
2117
1947
1266
2199
1303
1697
2406
399
2355
2487
-1064
4107
1244
-979
3932
1277
-128
3446
2080
-166
4421
1359
1385
3701
1741
1412
2703
1567
1766
2537
1092
2385
2144
1441
3143
1505
2202
2885
842
1882
2746
549
1640
1552
-419
1308
779
121
377
519
1032
-248
709
1206
-725
594
-378
-1448
1110
-1667
-1141
830
-1600
-661
-314
-1263
-948
-742
-2294
-1129
-1552
-2463
-1601
-2466
-2056
-2545
-2516
-2192
-2875
-2528
-2782
-3869
-2502
-3340
-5012
-2505
-3924
-5719
-2395
-3905
-5052
-2348
-3385
-4183
-2644
-1851
-3841
-962
-1655
-3313
-361
-1539
-2352
-316
-1095
-1559
-153
-1057
262
-454
558
-432
674
888
884
1789
182
3054
819
659
3579
1366
295
4024
1515
1393
4080
1621
3091
3165
2422
2628
3451
3097
3240
3046
2922
3753
2170
3883
2559
3112
1718
3134
3124
990
4074
1835
1395
2737
1026
971
2231
-109
1427
920
-5
2281
-797
1153
1018
-1415
1276
-248
-1226
762
-1112
-496
581
-2361
661
-470
-2748
854
-1240
-1153
544
-1181
-678
123
-567
-1035
791
-877
-1207
375
-612
-1106
846
-524
-1367
365
-893
-1584
61
-1353
-1695
-1077
-1961
-1089
-1829
-2249
-362
-2810
-2038
-186
-3625
-1567
-1283
-4008
-2657
-1985
-3796
-3181
-2665
-3204
-3339
-2389
-2422
-3848
-1841
-2347
-3747
-2284
-928
-3617
-2503
-34
-3528
-1094
634
-1439
-1228
1960
-591
-257
2423
846
194
2887
2169
908
3867
1973
3460
2490
2928
4025
2005
4215
3135
2541
4090
3429
2495
4510
2520
3078
3326
2963
3073
2874
2419
3144
1656
1947
2552
276
2068
2159
-1081
2543
1554
-899
2455
-637
611
1207
-1691
1495
-919
-513
718
-1507
-794
411
-1917
-438
-467
-729
54
-977
1090
-1583
397
582
-1826
-27
351
-2299
331
487
-2001
1688
-1007
-967
1540
-1631
-132
304
-1593
572
-658
-1582
1228
-2054
-751
-245
-2268
-257
-923
-2467
-785
-1241
-3115
-1384
-2399
-3607
-1865
-3347
-3651
-1730
-2946
-3175
-1830
-2372
-3051
-1950
-2884
-2954
-1761
-3358
-1973
-994
-2794
-563
-1491
-670
776
-1505
1185
563
-696
1776
482
60
2294
512
325
1865
1964
1154
1399
2946
2326
1112
3930
2633
622
4299
2007
717
3686
1613
2026
1931
2505
2081
1321
3397
723
1660
2935
20
2567
1388
153
2555
522
-156
2736
3
685
1123
665
1081
-280
782
952
-1435
501
545
-2337
878
290
-2236
991
414
-1324
9
254
-755
-917
329
-1356
-299
-211
-1187
-108
-492
-315
-363
-416
-98
-633
-677
403
-1017
-307
251
-1882
456
-1058
-1335
-478
-925
-1855
-876
-682
-2443
-528
-2164
-1622
-1678
-1813
-2141
-1766
-1305
-2470
-1215
-1632
-1693
-1488
-893
-1824
-942
-531
-1474
-19
-791
-595
531
-562
-609
891
-349
-311
992
-93
292
719
194
266
1313
851
-70
2131
976
-109
1899
690
592
1204
-133
889
215
1190
-153
523
1858
38
233
1439
1006
284
1172
1296
-765
2475
404
-511
3613
-216
-290
3005
-63
792
1556
356
1089
854
1264
-215
2574
10
1098
1543
-127
2318
-106
748
1092
-379
945
-639
-705
1139
-1556
-886
1224
-2117
-190
1104
-1610
-214
567
-1062
-568
-505
-358
-1531
-1694
798
-3243
-846
-21
-2846
-846
-406
-2127
-773
-1566
-1124
-1329
-2338
549
-2396
-1048
18
-2458
426
-961
-1460
692
-1165
-1050
1047
-1332
758
160
-221
1210
-568
1849
87
364
1895
-97
13
2459
-424
545
1910
-1023
1753
685
-485
1775
277
-579
1786
-629
-103
1801
-1768
605
76
-1015
-295
-253
-43
-1415
758
-672
-633
236
146
-857
-105
316
-405
-519
930
28
-736
1859
-139
712
1156
957
1183
459
1421
1758
30
1550
1210
-196
1887
1289
-21
1607
1539
-705
915
1626
-1108
1180
440
-1550
1085
660
-2207
1784
-708
-1784
1214
-2083
-450
-501
-1827
-497
-1491
-1874
-231
-2357
-1390
-632
-2751
-1139
-427
-2762
-970
-25
-2664
-188
-717
-2057
-177
-1166
-1134
-468
-735
-292
-285
-324
851
-525
549
1207
-233
1070
574
986
817
1322
165
2504
-111
605
2566
-1099
2403
762
205
2168
187
1776
481
604
2019
-1254
1150
1456
-1512
1209
318
-470
76
248
103
-1579
1418
-1675
-612
910
-1351
-489
1149
-1154
-534
1629
-1737
1105
-69
-896
1256
-584
267
637
-327
1600
-569
539
1807
8
749
1207
481
899
817
1026
-233
1812
357
-630
1376
592
-284
-242
883
77
-1631
2240
-1065
-1318
1301
-625
-2530
1506
-636
-3789
2137
-2722
-1794
-167
-1611
-2202
62
-2427
-1042
-1799
-723
-2417
-1922
1153
-5281
1402
-922
-3682
1232
-1110
-2076
397
261
-1902
484
563
-663
-704
2968
-1467
405
3064
-1726
2272
999
343
1468
1562
510
1076
1814
1179
968
1501
1465
1018
1225
1519
649
1176
1526
-213
1742
392
372
595
186
467
-335
157
364
-854
617
-400
-757
593
-1104
48
-405
-268
-811
-674
384
-1827
736
-708
-1192
958
-547
-701
970
-279
-567
1227
-700
162
668
-169
504
484
27
1192
71
339
1390
-599
1273
-256
466
654
-534
1138
-350
0
1214
-446
-116
1400
-1753
282
619
-2124
401
-406
-2197
577
-655
-3072
1738
-2230
-1908
127
-1802
-1502
-915
-991
-2410
-346
-1619
-1953
-591
-1496
-965
-968
-1300
-384
-291
-1246
188
-443
-421
344
-552
231
-60
361
330
622
180
1628
373
660
2066
482
938
1584
862
333
2628
-287
1754
1644
-385
2947
-7
1215
2211
-265
1536
778
181
836
309
428
324
37
692
-114
507
913
-399
-190
1084
-1028
87
435
-1418
690
-1149
-238
-133
-1475
1427
-1483
-1062
1893
-1824
-510
874
-1422
-624
185
-601
-1058
347
351
-1414
857
824
-1463
1033
505
-1330
379
853
-1690
825
410
-1349
1207
-433
-479
721
-981
395
-321
-823
1130
-1340
-583
1281
-1578
45
286
-1305
-88
-223
-1353
12
-831
-533
-195
-1204
595
-1328
-23
-850
-218
-427
-959
-394
-35
-1058
-537
1318
-2434
1383
-82
-1225
941
-586
-293
-353
426
-840
1038
-792
1216
334
-179
1604
-49
490
575
626
-397
1484
-205
753
743
764
901
929
646
1240
1307
-188
2405
274
78
2031
421
-34
2101
489
136
1404
1141
-284
1703
491
537
1017
-242
1567
-852
743
956
-1138
524
586
-1079
90
862
-1027
-84
512
-1210
-406
397
-1328
-127
-463
-356
-1050
-430
-14
-2293
920
-1460
-1649
685
-1572
-1202
250
-1704
-588
-437
-1792
451
-2065
-64
-182
-2273
1222
-974
-1880
1200
-1493
-615
196
-976
-100
-690
-59
-112
-1046
1151
-798
-1075
2160
-2004
-112
1335
-1700
623
243
-879
764
-12
-949
1417
-744
-579
1510
-1724
708
1160
-2254
1451
470
-2078
2270
-1039
-367
1522
-1525
665
749
-1058
705
134
-887
1258
-361
-16
843
-50
523
488
429
1195
-347
1342
533
-92
2275
-465
1070
1433
-456
2094
745
-219
2772
-38
790
2062
506
672
1531
623
472
1074
1134
304
541
907
536
79
1677
-137
301
930
170
48
28
635
-1125
481
-777
-643
531
-1925
329
-610
-1775
1181
-2027
-701
307
-2466
461
-2011
-1035
758
-3469
357
-862
-2338
422
-980
-2264
815
-540
-2591
1482
-1306
-1053
-87
-506
-1081
98
-211
-1388
704
-152
-1378
1238
-1014
37
497
-1742
1199
-606
-165
316
-735
787
-480
-115
345
136
158
-73
-39
-338
25
504
-1376
638
168
-692
472
298
-128
143
210
663
-1132
785
998
-1817
1191
937
-1400
1081
1118
-1169
1735
467
-396
1075
1100
-67
225
2054
-858
1314
584
31
2029
-749
1077
1347
-322
1565
1004
-851
2976
-292
-377
3340
-1090
536
2366
-1781
1831
920
-1001
1967
-441
143
696
-293
526
-269
376
-745
-289
733
-1692
529
-389
-1998
1658
-2052
-500
762
-2312
60
-227
-1882
445
-1168
-1430
409
-1482
-622
-194
-905
-372
-1240
26
-262
-1575
-13
-341
-838
-265
-984
-24
-54
-1009
-196
-376
-237
295
-1107
-141
1106
-1357
-336
1316
-1323
-311
1908
-2826
732
1495
-2643
1688
-146
-832
859
-305
-276
1300
-1552
1246
108
-1167
2506
-2369
1589
820
-1413
1061
473
203
-134
931
-142
129
1030
-330
492
648
310
-193
193
1837
-1149
181
2213
-1062
414
1290
104
-415
1473
424
-1393
2772
-385
-944
2760
-1309
681
1266
-943
1732
-655
358
989
-1487
1973
-775
-652
1720
-1711
1160
-452
-79
609
-463
139
-505
520
-557
156
-308
-201
-801
864
-1968
1173
-449
-832
1090
-2359
2267
-1700
-416
1206
-2554
541
264
-2029
1071
-971
-702
66
-922
709
-1275
-525
575
-1184
-502
686
-1340
-262
333
-1347
196
-769
555
-1466
-586
1680
-2259
57
1451
-2303
36
1504
-1784
-43
753
-613
-249
-378
1483
-1382
-328
2380
-3185
2592
153
-1439
2283
-942
310
478
307
173
564
-48
389
237
549
-416
744
1373
-2171
2082
911
-1728
1674
1349
-1868
2474
-292
-1547
3603
-2067
245
2390
-2453
2054
339
-1614
2591
-746
-550
1400
-271
-569
1375
-891
-138
1431
-1489
1126
15
-1350
1767
-888
-989
2911
-1617
-994
2869
-2361
851
1341
-2014
2001
-1502
966
-527
151
1446
-2495
1401
163
-857
220
239
-653
-4
-526
171
299
-1879
1842
-1729
-627
2050
-2941
1272
271
-2287
1262
-814
-341
-1080
919
-1131
-535
747
-2410
1937
-2149
-678
2124
-2822
630
183
-2223
2108
-1780
-1260
3228
-4209
1325
975
-2421
1672
-343
-838
651
-522
489
-233
-647
2160
-2012
1110
1635
-1963
1460
334
-384
617
169
290
1063
-1073
1385
1306
-1647
2093
889
-1460
1794
940
-676
613
550
484
-734
290
1613
-1699
680
1791
-1854
601
1633
-1788
490
1356
-1101
-473
636
752
-1713
504
1444
-2221
701
1147
-1363
845
613
-1372
1115
272
-989
1526
-1189
226
1151
-1782
2321
-618
-1017
1988
-797
-1408
1992
-674
-1279
2047
-2024
892
347
-718
406
-532
528
-428
-47
-274
-24
-112
-913
545
-596
-1150
1316
-1839
-76
1060
-1687
673
-1261
1274
-1644
-638
1317
-1524
-338
-116
893
-2614
1186
459
-2786
1871
427
-2740
2065
-214
-1323
1015
-1092
2306
-3183
2172
445
-3054
3777
-2138
1805
-1378
1265
290
-1866
3167
-1456
293
1468
-1181
538
229
1342
-812
-505
3231
-3461
1600
1281
-1070
893
-253
598
-638
699
278
-759
649
154
-1082
850
452
-669
-56
565
-630
679
232
-498
1074
-2141
2183
-978
-1261
3163
-1876
-306
2205
-2020
822
1294
-1534
790
52
-253
-213
293
-69
595
-856
1142
694
-2528
3270
-2029
542
573
-657
940
-1387
842
-868
12
822
-1
-1854
1663
428
-3293
2711
-168
-2271
1716
-170
-2303
1746
-852
-1220
1645
-2929
2274
-696
-2781
3753
-3122
-1029
3660
-4417
745
2516
-4031
1206
1184
-1956
1112
-257
-100
-316
351
-764
25
331
-399
46
-395
721
-286
216
-55
134
905
-934
152
1693
-2069
1274
704
-1904
1842
-163
-544
609
141
-443
522
427
-367
515
-162
-497
1440
-1021
-43
1590
-2022
1935
-631
-1121
3128
-2455
944
768
-955
102
1046
-1110
278
1341
-700
-105
813
1
-615
951
-58
398
15
444
-69
38
719
-694
778
-390
495
-939
675
656
-1775
2196
-1417
310
907
-1922
2002
-1578
149
940
-2319
1846
-1024
-970
1209
-1267
-66
-221
483
-1061
177
205
-1860
1873
-2463
1681
-681
-1519
1868
-2077
889
-323
42
-481
-267
963
-1198
397
715
-1641
902
559
-1582
1809
-813
-404
1168
-57
-1046
2278
-1378
-944
3435
-3607
2247
399
-2237
2648
-1785
482
661
-239
-871
1053
-983
693
559
-1388
1704
-1647
19
1928
-2244
1178
647
-2277
2125
-1055
288
775
-1123
968
-376
-294
1104
-433
213
141
309
657
-828
1308
-880
554
36
378
-209
-26
1101
-1495
1143
69
-298
433
489
-408
403
-24
467
-487
817
-196
-1034
2021
-1959
957
277
-741
431
-582
-25
798
-1854
1478
-663
-1629
2394
-1474
-338
621
31
-1955
1883
-920
-970
843
-1147
607
-1367
1029
-278
-1420
1387
-873
-956
2147
-2167
615
212
-1605
2309
-1804
254
1443
-1696
334
1438
-1856
858
342
-776
755
-276
-197
478
-186
-234
943
-784
497
-61
-299
451
79
-76
-436
1011
-984
215
351
0
-559
223
404
-522
375
-326
658
-768
212
1211
-1834
2177
-1039
-1122
2988
-2392
1293
1126
-2406
2961
-1011
-861
2842
-2694
1173
748
-1603
2005
246
-1595
2181
-63
-1548
3088
-2036
1234
-158
-751
1596
-1583
1123
-55
-564
260
798
-1109
385
769
-946
-79
542
-609
74
-264
-361
1145
-2778
2771
-1749
-1240
2810
-3037
1123
-19
-1298
731
-496
-609
1065
-1700
657
-138
-888
1402
-1107
175
-491
274
-143
46
-661
1185
-1354
-24
1457
-1587
997
-570
762
-951
958
257
-1819
2033
-375
-1548
2262
-562
-1603
1945
-1234
179
489
-194
-598
582
-77
-984
1832
-1396
593
6
-1262
2329
-2210
341
1855
-3163
2101
233
-2250
2774
-1099
-1338
2297
-1328
301
845
-1037
841
-65
-567
1147
-109
-417
517
739
-901
708
596
-1261
1676
-217
-510
814
-126
-636
1038
1
-872
1927
-1761
777
931
-1445
1497
-949
-133
920
-1432
890
329
-2003
2390
-1217
-359
1370
-1415
494
-347
248
18
-422
346
-375
-527
887
-882
789
-313
-620
998
-1433
1178
-153
-448
-109
541
-990
508
1010
-2066
1193
7
-1383
1071
868
-3047
2729
-1211
-1269
3443
-3299
1702
-877
-110
658
-1092
974
-517
-727
598
275
-1140
893
-151
-1090
745
526
-1294
824
-101
-929
299
1148
-1282
-403
1653
-2479
1521
-15
-1198
1601
-1815
923
479
-1411
2063
-1636
91
1540
-1862
968
1070
-2058
1661
-29
-1130
2588
-2251
942
979
-2160
2636
-455
-605
1402
-1185
538
877
-637
616
-360
615
-506
284
655
-402
33
-123
765
-1083
1329
-900
-477
1713
-1809
726
1619
-2758
2081
-598
-1059
1870
-1576
923
-1031
529
-485
-20
573
-348
-404
32
465
-1256
668
965
-2088
578
1002
-1752
1247
-168
-86
-929
1350
-604
-1518
3499
-2984
-77
2120
-2065
201
1440
-1770
1025
-309
-503
935
-776
842
-866
644
-55
-610
526
920
-1525
631
599
-1258
579
805
-1677
908
753
-2308
1757
-479
135
-370
150
282
-654
756
48
-432
-495
1115
-1135
559
1190
-1924
70
1275
-1318
1026
-8
-29
-836
641
376
-1171
2605
-2465
462
715
-1457
2475
-1801
87
1464
-2858
2369
-26
-802
726
-1131
290
132
835
-506
138
-387
-971
1924
-400
-722
1428
-1695
284
1024
-1088
1710
-1215
-135
-331
418
1014
-1711
1243
-348
-1304
1813
5
-722
1350
-1534
-170
1143
-549
469
230
-615
160
-567
1483
65
-1817
1992
-1595
-546
2704
-2377
1015
571
-1508
1172
102
481
-986
656
-806
-483
1226
-311
-351
-388
1285
-2412
2485
-226
-1654
2549
-2920
1057
450
-767
639
-385
137
-149
-684
1924
-950
-584
1164
-1629
310
1067
-826
99
928
-1805
267
1998
-1550
360
767
-1767
2156
-1419
1025
962
-2634
2534
-1637
56
2214
-2242
286
1189
-1479
680
888
-855
18
2
-242
296
76
-149
311
-1011
1071
-1110
1056
-155
-833
1128
-2379
2354
-1475
496
1062
-2884
1864
-219
-740
1036
-416
-745
509
-505
809
-693
691
-722
-436
592
-568
371
-400
575
-672
-135
1176
-840
287
1228
-2476
1680
-634
-35
1713
-2419
2267
-1439
-1
1910
-2462
2365
-1850
146
546
-1254
2510
-2075
616
833
-1534
1194
463
-1124
702
-800
34
853
-736
575
-389
-148
-129
1071
-705
213
-178
-1135
1613
-527
445
40
-446
1174
-1502
741
2264
-3813
2655
-647
-1937
3384
-1627
34
523
-567
-536
1887
-930
-170
703
-848
24
526
318
-1368
1774
-1927
239
1662
-1235
-355
1004
-388
-965
1546
-100
-1143
1081
-532
-1085
2272
-2511
1387
632
-2152
1906
-1141
220
888
-1332
477
559
-993
225
405
-625
-142
1081
-1174
388
262
-1410
1310
-136
-468
293
475
-1238
895
-172
50
550
-1257
1347
-750
456
146
-136
558
-1257
834
64
-353
1022
-1600
1136
30
-827
977
-55
-39
-596
1096
-1045
-476
1420
-1161
245
873
-1835
1414
-213
-712
1153
-922
411
-301
15
608
-348
-619
1009
-1109
-88
1569
-1153
-134
665
-1535
1992
-121
-1797
2683
-2169
383
986
-807
239
501
-1203
725
979
-1700
1498
-1596
1350
-982
493
441
-1449
1460
-1157
677
-132
-144
-151
-24
65
-397
666
-90
-131
-53
-398
565
-231
517
-503
-867
1334
-1267
1225
108
-608
342
-524
-13
34
1219
-1606
145
759
-1688
1479
30
-1184
1137
-1332
363
742
-768
347
-261
-189
113
-18
176
394
-464
-188
373
11
51
-307
182
124
-636
669
-254
-184
1167
-1666
1485
-163
-1216
1893
-1753
1203
41
-764
1211
-925
364
143
332
-591
-57
1057
-1617
1467
761
-2340
1958
-407
-1269
2401
-1039
-1298
2380
-1581
-557
2623
-2455
1025
802
-1601
1515
-622
-511
372
-36
92
424
-442
-465
166
92
767
-1068
687
-785
-456
1052
-1052
1946
-1710
-195
1422
-2593
2370
-1038
-1280
1951
-1951
592
247
680
-1321
367
1592
-2981
2256
-753
-1505
2379
-1077
-267
838
-930
516
335
-503
872
-811
-426
435
111
248
102
-23
-247
-13
883
-1136
1524
-574
-1102
1573
-1184
341
94
-22
282
-459
367
-651
28
927
-1259
586
1274
-2054
649
414
-1109
1000
223
-835
-405
317
224
-426
1537
-570
-1343
1369
-1343
1544
213
-1166
1190
-1738
1010
591
-557
1323
-1827
759
175
-914
2540
-1822
-107
1330
-1900
1708
580
-1821
1842
-1251
71
1672
-1916
1432
-815
-969
1971
-1181
-79
498
-105
-1031
1065
647
-1274
613
-668
97
728
-886
932
-634
-930
1854
-1672
1113
810
-3072
2135
-173
-1523
2356
-1987
426
1071
-1953
1852
-109
-1071
904
-230
-971
1187
-333
-764
1453
-1158
916
69
-1547
1957
-1266
205
1374
-2516
1876
-701
-999
2458
-1857
240
398
-972
801
529
-968
348
362
-1750
1369
831
-1706
1132
-635
-802
1596
-1032
730
174
-951
422
66
-272
1092
-582
-499
976
-1143
531
995
-1254
249
585
-1380
1597
-49
-874
1557
-1124
101
691
-385
-189
623
-288
-452
1001
-673
593
-186
84
438
-567
754
-595
159
374
-725
726
-408
517
-211
-957
1861
-1737
824
320
-1168
1114
-1363
973
-47
-201
-14
-426
154
-71
369
-318
-326
282
-932
815
247
-691
552
-947
725
-309
48
709
-681
-884
1181
-446
-750
2165
-2137
311
1506
-2421
1356
1031
-2334
2099
-635
-1705
2453
-1289
123
1182
-969
-404
494
-227
-13
292
-601
-194
134
74
-173
505
-433
-107
192
-861
1282
-873
-43
770
-1678
1132
117
-916
642
367
-875
229
657
-1552
2357
-1015
-1591
3412
-2782
675
2136
-2858
2098
-197
-1775
2670
-1035
-816
1536
-635
117
186
-270
551
-605
296
468
-904
1368
-632
-1502
2636
-1741
19
1959
-2385
846
220
-490
947
-181
-521
-303
675
-1256
1338
-247
-500
858
-1165
977
-69
35
148
-980
797
-178
46
742
-1031
66
852
-1089
980
-2
-819
74
-108
663
-578
7
748
-1707
1732
-440
-1119
2385
-2537
358
696
-807
1151
-1068
320
-575
-179
1023
-1630
1345
-1043
-1071
1566
-1427
1480
-617
-966
1033
-1705
1429
-138
-1203
1101
-902
-424
1268
85
-1360
1245
-108
-1598
2149
-843
-600
1008
-395
-311
1121
-526
-675
1399
-974
582
536
-1431
1661
-905
-396
2211
-1657
664
97
-681
1005
-665
546
234
-322
1160
-1223
520
656
-1563
1585
201
-1382
1303
-1131
44
1485
-1760
1136
-51
-1500
1213
-567
-20
1128
-1342
83
328
-305
-114
413
-83
-689
755
-1733
1777
-329
-1151
1826
-2211
1549
498
-1234
1198
139
-1688
735
1104
-963
1030
-458
-757
650
438
63
-125
918
-1770
155
2026
-2343
1710
-530
-1371
2180
-1140
347
777
-1355
-8
812
-619
602
155
-1437
1012
-154
-617
1559
-1310
-140
607
-1440
1488
-465
-1102
1390
-1267
122
1253
-1698
1107
-364
-1018
1628
-1328
516
-248
-502
226
-23
216
-93
209
-778
419
335
-346
-29
969
-749
-358
1296
-989
512
801
-1421
1152
-149
-252
497
-992
2533
-2739
1624
1108
-3118
3254
-1500
-344
1712
-1433
191
602
-669
793
-406
72
260
-677
329
312
-408
-126
524
-913
591
880
-1326
374
459
-1004
1167
-206
-712
828
-1036
135
1121
-780
300
-146
-1196
2026
-932
75
603
-1392
832
-495
606
323
-701
-44
-464
451
319
-301
395
-1104
347
273
-322
1050
-706
-926
385
554
-509
1387
-987
-705
1057
-1115
1486
-140
-760
406
-494
293
638
369
-1488
1075
-716
-186
1982
-1603
107
611
-1118
699
1044
-1416
636
-378
-614
1678
-891
530
-647
160
-46
-44
1167
-1303
600
-254
-319
1195
-896
468
-236
239
-222
-13
696
-1328
970
-655
286
251
-600
84
125
134
-726
740
-987
652
-17
-901
1450
-1542
561
145
-772
1455
-1224
231
53
-230
304
-264
680
-918
446
284
-861
1134
-516
-393
610
-327
42
-81
100
142
-439
1018
-583
-597
1710
-1677
393
1522
-2075
1202
-62
-1113
1315
26
-1275
1486
-514
-1073
1505
-1196
419
491
-1086
634
-105
-325
225
26
-119
172
-444
-261
558
-344
-384
877
-482
-290
498
-504
210
170
-262
-590
969
-530
-224
830
-1051
675
-75
-389
624
-116
-420
55
70
262
-325
644
-828
65
1330
-1760
1600
-401
-891
971
-455
60
646
-614
-214
599
-332
136
-77
899
-1502
969
-331
-761
1782
-1636
455
414
-542
55
310
126
-181
-153
-23
1
722
-513
86
778
-1059
617
281
-406
608
-383
-712
1350
-453
-491
1072
-1106
599
221
-682
898
-592
-430
294
-173
162
-115
-101
-64
25
142
-621
609
-360
-545
455
-269
-126
352
-364
-129
781
-718
138
454
-944
570
-195
-467
792
-367
-341
548
-162
-355
742
-595
289
64
-1004
1135
-486
-374
1054
-973
307
638
-1096
606
588
-1109
447
537
-1088
841
155
-880
1251
-626
-344
943
-863
352
-247
-266
613
-750
818
-540
197
210
-650
1008
-1089
1021
-596
-586
1523
-1916
1216
8
-1191
1663
-1326
309
351
-814
604
-396
584
-222
-223
458
-183
39
252
-263
247
-163
-1
12
125
524
-957
785
-236
26
441
-498
474
-161
-89
183
-93
47
19
-114
568
-15
-151
-109
251
-419
408
293
-803
1051
-598
-233
988
-106
-622
818
-678
48
688
-553
-131
294
59
-736
1364
-707
-240
501
-936
558
-191
-119
-61
-92
52
-312
451
61
-332
138
-417
367
-331
53
183
-395
323
-442
153
451
-543
309
-119
-424
551
-421
247
167
-488
66
319
-266
664
-197
-284
598
-676
794
-378
184
-39
-550
586
-325
321
-15
-320
240
-233
308
28
-321
512
-670
237
382
-379
77
162
-187
45
418
-536
395
-157
46
120
11
432
-365
401
-79
26
99
102
-268
407
-377
-54
301
-562
428
-18
-168
-76
223
-375
206
37
-234
138
-294
171
-265
127
123
-753
660
-172
-616
904
-833
370
-106
-141
425
-227
223
-491
642
-9
-394
579
-255
46
228
-230
393
-111
-218
199
-160
195
71
-615
776
-308
-488
1060
-1181
599
165
-576
922
-733
-6
141
-368
390
-224
66
-14
4
-227
249
107
-429
703
-607
177
522
-845
542
-123
-621
551
-273
-116
184
-304
-162
-209
247
-540
350
-83
-694
638
-441
77
487
-580
205
-189
45
159
-148
394
-746
429
-302
215
446
-675
523
-371
19
520
-395
385
-49
-144
492
22
246
-139
118
-136
417
180
-450
728
-762
193
788
-562
742
-219
-488
1026
-490
420
400
-642
520
-34
250
487
-79
40
-91
485
72
-48
403
-695
312
-64
-91
504
-664
358
-152
-211
757
-664
75
119
-871
800
-609
69
97
-952
932
-899
175
295
-1212
763
-473
-261
413
-667
257
-159
63
69
-290
68
-308
-158
173
-326
129
-38
-461
631
-720
442
-63
-686
1005
-1068
471
221
-895
969
-506
-67
805
-812
594
-4
-488
741
-537
-63
339
-328
174
403
-450
465
91
-241
374
-245
123
-87
122
-56
-23
7
-125
175
84
54
-135
-64
-19
-266
122
-207
-307
376
-574
317
431
-480
233
92
-538
512
-162
-441
646
-809
387
379
-316
622
-476
30
322
-600
519
-276
-255
300
-681
886
-229
-29
383
-605
475
-300
71
-192
-221
32
-297
612
-444
353
196
-636
727
-607
136
355
-752
489
-25
-220
556
-266
48
373
-369
226
39
-266
256
-63
161
132
-22
-56
67
310
-412
338
-141
-377
458
-559
512
76
-297
399
-287
271
11
-66
-10
-108
-165
-126
284
-71
197
87
6
187
-164
222
-141
-76
182
-507
437
-220
230
143
-122
382
-442
398
-373
20
-103
-247
405
-434
343
-39
-255
609
-509
181
184
-655
534
-733
347
96
-418
693
-446
181
12
-212
205
-24
-193
29
45
29
182
209
-106
180
-21
-35
307
-414
206
-307
-36
199
-133
370
43
-374
454
-295
-366
537
-807
243
-53
-473
681
-284
-121
363
-583
154
148
-531
403
-380
-223
478
-316
474
66
-497
513
-431
97
408
-848
456
-280
-268
822
-342
134
252
-341
241
197
-226
6
9
-414
315
147
-171
425
-219
-94
281
-135
-257
219
-226
-236
522
-424
362
397
-581
425
12
-389
543
-424
-199
300
-344
252
291
-47
-48
93
-65
105
145
-367
-45
109
-194
228
330
-283
291
-203
58
335
-251
-42
-160
-58
-88
251
-131
150
-62
-56
202
-51
64
-146
110
-145
116
-16
-44
269
-21
-41
333
-189
66
225
-256
221
59
-126
-13
282
-340
111
355
-492
468
-87
-478
554
-524
-55
430
-573
296
-8
-434
554
-264
-182
205
-411
34
11
-101
37
74
-64
-47
297
-211
37
140
-546
526
-56
-366
747
-595
251
383
-418
510
-91
-285
200
57
-149
365
-109
-94
351
-276
180
101
-261
31
-152
45
-199
141
-118
-262
439
-563
403
-30
-427
429
-433
292
-116
43
-34
-244
521
-645
538
-59
-589
745
-554
141
507
-626
319
112
-261
327
37
-124
99
142
-147
238
86
-118
172
-38
-104
130
7
-314
291
-195
-182
371
-450
134
90
-278
236
8
-143
130
-161
-100
145
-144
79
34
-273
198
-139
-52
177
-172
134
-23
-24
-96
199
-102
105
233
-287
284
-307
32
195
-364
366
-331
-117
309
-409
400
-62
-226
253
-214
151
17
-72
58
-87
56
170
5
37
71
-120
46
8
-59
145
-60
-56
107
-37
95
204
-104
34
149
-384
408
-53
-167
266
-410
181
113
-104
99
-112
-225
181
35
60
57
-188
-186
167
104
50
199
-422
-87
3
75
168
91
-194
-142
83
-80
360
-6
-253
7
-109
99
425
-128
24
-26
-239
312
248
-143
-69
-40
-426
526
-148
-103
279
-658
220
272
-314
234
-208
-548
441
-235
107
219
-449
-19
-43
5
153
-50
-167
34
-37
236
1
117
-140
-137
206
-61
181
-64
-72
89
120
134
300
-49
-73
-14
-210
63
-27
-113
-7
43
-113
119
29
16
18
-105
-46
-88
-4
-79
47
-46
80
-60
-7
64
-95
0
-125
-103
19
52
14
70
-49
-47
-31
98
-78
2
-59
-277
230
-64
62
185
-168
-38
14
-195
160
-58
-179
149
-198
92
109
-119
64
-14
-132
53
24
-23
-29
-37
-17
0
67
-121
21
-143
-19
-5
-37
-6
-60
-6
65
88
-63
12
-162
-73
-44
57
-35
8
-63
-75
108
-5
112
20
-48
-1
-5
4
101
-63
30
-25
83
67
57
140
-63
128
-83
106
121
-74
55
8
-83
189
2
39
176
-140
116
-29
-19
-28
-55
-89
-36
101
22
179
117
-13
132
-36
-36
101
-176
75
-71
51
149
-53
119
-148
-15
49
-79
90
-128
-110
67
-85
162
35
19
72
-121
126
-130
68
35
-173
101
-36
-1
186
-104
-4
112
-142
141
24
-146
81
-82
-60
127
-140
1
40
-216
139
-104
13
140
-192
72
-80
-145
72
-105
-62
114
-180
128
7
-138
135
-176
5
6
-92
74
15
-42
57
9
58
97
-81
21
-31
-94
80
-24
-40
93
-85
77
114
-46
119
-64
-56
37
-66
2
42
-28
-16
21
31
80
59
25
51
12
6
68
15
-12
-1
-75
-30
38
-65
27
-58
-41
58
-52
37
-81
-67
-32
-79
85
29
37
62
24
29
20
56
-46
-31
2
-91
104
-18
-1
84
-24
65
-24
21
9
-55
37
-18
36
72
16
76
28
17
-3
-32
9
-28
8
28
5
2
-4
-40
31
-68
-50
50
-97
29
42
-72
72
-29
-71
98
-172
85
-106
-126
139
-160
163
17
-43
106
-54
8
69
-146
-9
-8
-70
156
-60
55
82
-22
38
6
-83
-34
-22
-111
126
4
50
170
-54
91
33
-83
50
-106
7
79
-50
113
18
50
123
16
75
22
-80
21
-42
22
160
-50
165
-4
16
98
-98
62
-96
-30
-14
-53
13
-15
-9
-11
-22
55
-44
-25
-12
-109
69
-38
10
49
-11
-8
64
-45
3
-33
-152
50
-99
-20
-14
-94
-23
-63
-28
-54
-38
-97
-103
-78
-71
-32
-45
-52
-66
-7
-30
-10
-4
-80
-23
-13
9
32
-16
17
-44
25
-13
39
12
-15
24
29
26
37
27
29
110
-12
160
-54
37
56
-43
81
-12
42
-12
67
16
80
22
9
-4
8
37
47
-11
46
9
-9
158
-29
117
-32
-71
34
-72
-8
-7
12
45
69
48
38
21
41
-12
6
-29
-27
-40
-18
8
-45
74
-72
39
41
-63
106
-76
-1
14
-85
30
-59
-33
-52
-67
-45
-21
10
-25
7
-11
8
35
-15
23
-48
-20
-48
-56
0
-60
20
-5
-34
3
-36
-59
-9
-55
-26
15
-60
55
3
-1
95
-25
48
49
-18
44
18
24
47
33
53
75
11
60
3
48
37
-40
62
-24
39
12
-12
19
23
-11
14
-7
-70
2
-109
8
22
-44
81
-53
-10
35
-65
8
-16
-86
15
-62
-26
25
-68
58
-11
25
43
-76
18
-53
-46
-5
-60
7
17
-11
51
-1
3
53
-18
64
10
-21
52
14
54
97
-11
18
-12
-57
30
-43
-17
-4
-55
31
41
7
53
-14
-7
-3
-28
-4
-38
-50
-15
-10
8
2
-39
10
-30
5
5
-65
-10
-66
3
53
17
54
-2
-27
-13
-31
-59
-26
-86
-28
-22
-24
22
-31
14
-20
-7
-19
6
-25
-8
41
29
94
30
48
14
-31
15
-20
-52
25
-26
19
92
13
89
15
-11
21
-29
0
1
0
54
45
30
61
-22
-16
-12
-52
25
-39
19
46
12
63
34
20
37
-33
-12
9
-63
57
-4
18
81
-19
81
12
-9
35
-18
8
-10
-56
11
-28
27
25
-3
46
-8
50
-25
8
-1
-36
-8
-37
-19
2
0
-24
-32
-47
-20
-22
5
-10
0
18
0
20
9
21
39
-25
18
-16
-55
9
-72
-21
2
-58
19
-36
-28
29
-61
25
-25
-42
34
-86
-14
-41
-53
27
-34
4
10
-35
25
-27
-15
19
-9
58
2
14
35
11
50
5
14
16
-1
5
-5
0
9
7
9
-22
-10
-32
-43
-6
-40
9
-12
-13
7
-5
1
-1
-27
-31
-26
-18
5
-21
20
-22
0
-5
2
3
-10
22
-24
29
25
77
43
59
44
17
57
-2
31
-8
-15
-1
-7
-4
8
-6
-3
9
-3
28
-4
7
-2
-7
12
-1
-16
-14
-38
-34
-13
-21
6
1
18
33
9
23
23
0
17
2
25
17
13
22
-16
26
8
19
-10
-10
-5
-25
2
-25
-5
-17
-18
-10
-8
3
13
-15
14
13
-16
38
-46
-10
-9
-20
12
-23
3
-3
-2
-12
21
-8
17
14
-17
28
-3
36
8
6
12
15
-7
16
2
-26
10
-38
20
-17
-6
-17
-29
16
14
20
7
8
17
28
18
38
27
21
16
-9
-11
-13
-14
11
-6
7
30
9
40
8
5
15
-6
7
-7
-28
-25
-18
-21
-2
-22
-36
-24
-37
-9
-20
-23
-1
-12
13
21
17
38
23
9
3
-11
3
0
12
12
25
8
32
34
23
38
-3
2
-8
4
8
-3
-4
19
