3
-1
-8
-12
-14
-10
-4
-4
-7
-8
-11
-11
-13
-12
-10
-10
-8
-11
-12
-15
-18
-18
-13
-8
-8
-12
-14
-11
-6
-1
0
1
2
2
4
7
11
9
6
3
3
11
14
12
9
6
2
5
12
13
11
7
6
5
2
4
5
5
5
4
5
5
0
-3
-3
-6
-9
-9
-11
-14
-13
-12
-10
-10
-14
-15
-13
-11
-9
-4
-3
-4
-6
-7
-7
-4
-2
-2
-2
-6
-7
-7
-5
-3
0
2
3
7
8
8
7
9
11
14
11
6
6
8
10
9
8
10
13
12
13
12
13
12
9
7
10
16
17
12
11
9
6
5
3
-4
-7
-4
-1
3
4
4
3
5
8
6
1
-4
-5
-2
-1
2
-2
-4
-7
-8
-4
-3
-6
-10
-12
-9
-5
-1
-2
-3
-4
-4
-1
1
3
-3
-9
-7
-3
2
6
3
2
2
6
10
11
9
4
-2
0
3
7
8
5
-1
-6
-1
5
7
4
1
-2
-3
1
1
-3
-8
-13
-12
-10
-8
-8
-12
-13
-13
-12
-10
-12
-14
-17
-16
-13
-12
-12
-17
-16
-14
-14
-11
-10
-6
-8
-8
-4
0
5
5
3
1
0
0
-2
2
3
5
5
6
8
9
10
11
9
1
-3
-1
-1
-2
-1
-3
-6
-9
-9
-10
-10
-10
-6
-2
-1
0
1
-1
-5
-9
-8
-3
0
2
-1
-3
-3
-5
-2
-1
-1
-1
-1
1
1
1
1
-1
-4
-6
-4
3
7
3
-3
-8
-5
0
7
8
0
-3
-4
4
9
12
12
10
9
8
12
12
6
3
1
8
13
14
10
4
5
4
5
7
9
8
3
5
8
10
7
4
2
4
8
6
6
3
1
0
0
2
1
-2
-3
0
6
6
3
0
-1
1
2
4
3
-1
-2
1
5
5
1
-2
-2
3
5
7
7
5
5
5
5
4
6
4
3
0
2
7
10
6
2
4
6
5
10
11
5
-2
-7
-6
-5
-1
1
0
5
6
6
7
7
15
16
18
21
22
22
15
14
19
22
23
18
20
17
18
18
15
13
8
10
14
17
14
6
-2
-7
-7
4
9
6
-1
-9
-8
-6
4
7
-1
-10
-11
-7
-6
-9
-9
-11
-12
-11
-4
-1
-2
-4
-6
-3
-1
3
0
-5
-10
-13
-12
-6
-2
0
-7
-11
-11
-12
-9
-7
-3
-2
-1
1
3
5
4
4
2
-3
-3
5
11
9
1
-6
-9
-6
-2
5
6
5
2
0
2
3
2
5
4
1
3
4
6
2
-5
-8
-10
-7
-6
-6
-8
-13
-11
-9
-5
-3
-4
-2
-4
-5
-3
-2
-4
-7
-8
-4
-1
-3
-10
-16
-17
-17
-9
0
8
8
-2
-5
-3
0
3
3
-4
-13
-13
-8
-2
1
-1
-3
-7
-7
-4
0
1
-2
-6
-4
2
5
4
2
1
-1
2
6
6
5
0
0
-2
4
3
0
-3
-6
-5
-9
-8
-6
-7
-7
-11
-12
-13
-15
-11
-10
-13
-15
-16
-16
-18
-20
-24
-26
-23
-26
-21
-16
-8
-3
-9
-10
-16
-20
-22
-26
-19
-21
-16
-17
-23
-28
-42
-43
-45
-44
-43
-51
-49
-53
-51
-46
-41
-29
-26
-30
-32
-30
-17
-12
-15
-18
-16
7
19
21
24
23
22
18
26
46
56
58
46
33
38
48
60
57
49
44
35
39
44
41
39
44
51
51
38
16
5
1
10
24
30
29
22
2
0
5
11
28
14
13
19
23
31
25
35
36
33
38
33
42
61
59
51
27
11
19
23
32
36
27
2
-40
-54
-34
-6
-3
-32
-63
-90
-97
-96
-104
-108
-132
-151
-157
-124
-79
-86
-123
-177
-172
-151
-123
-83
-73
-75
-103
-122
-99
-85
-76
-73
-75
-53
-41
-30
-31
-59
-89
-110
-72
-15
-19
-83
-145
-156
-106
-67
-42
-45
-74
-95
-117
-102
-31
35
66
59
17
13
57
108
125
125
146
185
245
298
306
296
290
315
381
446
494
452
386
341
336
389
435
412
346
242
202
216
230
243
205
186
122
74
99
94
114
49
-27
-41
-80
-43
-73
-152
-192
-275
-254
-257
-241
-238
-313
-340
-409
-403
-363
-401
-413
-468
-479
-431
-437
-397
-383
-363
-355
-400
-374
-343
-289
-262
-279
-250
-248
-210
-201
-214
-140
-105
-46
21
91
158
162
184
215
274
373
401
405
387
380
438
536
654
714
709
683
680
739
816
878
897
884
848
798
807
873
925
942
891
841
845
888
908
828
748
724
794
822
751
645
568
533
287
-72
-213
-108
143
139
-83
-368
-639
-870
-1184
-1206
-953
-683
-688
-1064
-1317
-1410
-1436
-1371
-1266
-876
-531
-436
-509
-633
-581
-470
-272
38
394
692
657
419
174
78
157
247
404
538
547
354
-38
-374
-543
-484
-294
-155
-98
-260
-549
-817
-1027
-985
-798
-547
-292
-338
-465
-537
-432
-170
-100
-43
36
187
321
210
141
156
196
282
228
299
372
302
202
4
49
142
214
194
7
-63
-126
-125
-62
-57
50
110
182
316
410
537
602
682
772
896
1014
986
946
941
1023
1198
1309
1352
1228
984
991
1271
1673
1737
1569
1307
1202
464
-685
-992
-273
1114
1255
113
-861
-1409
-1579
-2116
-2104
-960
-34
-155
-1671
-2620
-2510
-2339
-2060
-1979
-907
227
205
-474
-1455
-1587
-993
-249
858
1688
2046
1446
213
-517
-433
407
1144
1422
1360
975
385
-516
-1284
-1413
-1047
-397
-83
-215
-710
-1550
-2216
-2449
-2002
-1106
-388
-148
-517
-1175
-1629
-1565
-890
-60
537
602
442
288
59
-81
-106
207
747
957
770
295
-101
-338
-539
-561
-306
145
201
-276
-951
-1307
-1113
-741
-412
-126
-10
-102
-400
-559
-236
381
936
1147
1236
1373
1403
1357
1235
1346
1669
1933
1962
1711
1368
1087
986
1047
1188
1313
1227
1012
683
377
277
163
160
-65
-405
-639
-786
-635
-597
-702
-838
-965
-945
-1060
-1090
-1093
-1131
-1031
-1205
-1334
-1325
-1310
-1120
-1159
-1151
-1024
-950
-775
-731
-663
-550
-522
-405
-318
-204
-124
-162
-183
-227
-292
-368
-443
-477
-470
-461
-480
-598
-785
-967
-1136
-1120
-1015
-875
-784
-926
-980
-915
-791
-592
-465
-224
54
314
604
759
890
985
1109
1419
1773
2089
2263
2303
2255
2206
2211
2280
2375
2361
2271
2217
2174
2104
1897
1755
1718
1710
1769
1640
1546
1313
1049
905
806
880
861
707
449
-45
-397
-625
-475
-263
-578
-1024
-1593
-1784
-1892
-2229
-2300
-2240
-2082
-2168
-2529
-2661
-2615
-2516
-2439
-2190
-1533
-1007
-797
-1014
-1220
-1014
-655
-51
471
779
917
719
545
539
629
893
988
939
866
714
489
31
-449
-684
-512
-184
-80
-209
-502
-780
-951
-1006
-734
-335
-51
33
-80
-129
-42
125
373
546
464
519
641
809
875
629
420
303
278
230
34
-38
-93
-216
-483
-728
-727
-761
-760
-920
-1023
-715
-428
-279
-398
-596
-432
-4
378
748
954
1078
1067
892
1059
1460
1821
1979
1928
1910
2022
2037
1930
1798
1832
1943
2103
2206
2134
1954
1755
1781
1832
1944
2161
2397
2206
1574
939
883
1561
914
-156
-549
153
1345
472
-1388
-2138
-1856
-1431
-2235
-2531
-1785
-1315
-2259
-4283
-4242
-3119
-2145
-2066
-2711
-1711
-979
-1171
-1519
-1573
-444
643
1081
1442
1559
1664
1245
941
1068
1510
2196
2074
1615
823
12
-268
-759
-1189
-1304
-1351
-1190
-1698
-2624
-3333
-3625
-3410
-3439
-3278
-2846
-2415
-2424
-3008
-3331
-2960
-2035
-1138
-699
-362
-64
135
291
369
856
1402
1858
2051
1882
1816
1753
1694
1552
1349
1316
1409
1381
1088
717
547
639
860
974
998
1062
989
1213
1567
2107
2634
2843
3059
3251
3627
3891
4063
4332
4281
4263
4051
3717
3460
2974
2521
2049
1660
1221
534
115
-770
-1859
-2893
-3523
-3112
-3205
-4132
-5217
-5796
-5617
-5665
-5872
-5379
-4462
-3847
-4142
-4192
-3390
-2324
-1549
-1422
-627
503
1166
1405
1353
1699
2169
2325
2626
2869
2950
2513
1729
1157
766
676
427
72
-515
-1324
-1932
-2619
-3150
-3347
-3269
-2836
-2686
-3020
-3421
-3645
-3351
-2843
-2044
-1174
-521
-418
-765
-753
-253
654
1403
1757
1988
1980
1812
1604
1416
1461
1408
1276
1155
862
399
-473
-1140
-1286
-1076
-847
-955
-1188
-1444
-1620
-1473
-980
-288
268
588
1007
1465
1984
2485
3056
3973
4705
5106
5463
5848
6209
6272
5780
5563
5867
6022
5648
4576
3380
2649
1842
774
13
-319
-575
-1587
-3640
-5495
-6010
-5777
-5676
-5980
-6607
-6729
-6788
-7438
-7659
-6958
-5651
-4180
-3700
-3294
-2295
-1419
-857
-549
371
2119
3750
4190
3852
3532
3389
3586
3799
4039
4268
3820
2683
1425
461
25
-268
-966
-1924
-2916
-3536
-3731
-4128
-4752
-5349
-5467
-5022
-4574
-4448
-4193
-3698
-3137
-2636
-2204
-1292
-144
646
880
994
1508
2348
3004
3159
3125
3107
3104
3097
2943
2744
2556
2070
1506
1005
552
309
96
-245
-440
-592
-690
-665
-748
-708
-271
398
1025
1425
1653
2179
2888
3705
4462
5193
5719
6091
6358
6303
6566
6756
6959
6921
6291
5531
5048
4319
2578
810
74
953
1570
-339
-3384
-5307
-5668
-5627
-6603
-6894
-6037
-5462
-7014
-9296
-9382
-7831
-6103
-5976
-5721
-3773
-2307
-2241
-3142
-2913
-654
1706
3106
3660
3848
3670
3005
2676
3177
4526
5502
5226
4124
2513
1376
1070
869
651
278
-107
-609
-2025
-4172
-5458
-5051
-3698
-2973
-3562
-4323
-4685
-4927
-5238
-4866
-3146
-1137
-314
-1006
-1929
-1633
-746
156
962
1753
2656
2609
1598
598
487
1404
2372
2606
2154
1333
408
-452
-869
-648
45
516
204
-603
-1344
-1511
-1204
-485
528
1506
2068
1958
1601
1873
2788
4106
5377
6256
6735
6751
6579
6460
7009
7401
7883
8443
8404
7929
6413
4517
3879
3246
1955
899
408
1090
280
-2943
-6341
-6908
-5875
-5882
-7187
-8077
-7308
-7020
-9449
-11398
-10492
-8143
-6080
-6461
-6212
-4413
-3444
-3668
-3949
-2334
857
3272
3849
3672
3638
3457
3512
4170
5127
6448
6357
4958
3403
1989
1673
1766
1233
359
-416
-869
-1421
-2878
-4526
-5154
-4672
-4269
-4625
-5158
-5120
-4598
-4652
-5004
-4565
-3197
-1736
-1302
-1467
-1056
-2
1014
1208
1103
1405
1947
2405
2316
2131
2295
2181
1693
884
507
587
756
251
-702
-1291
-1592
-1677
-1870
-2033
-1719
-1366
-1393
-1375
-908
130
1186
1749
2049
2773
3814
4810
5550
5982
6289
6930
7483
8131
8319
7980
8117
8022
7901
7414
6775
6584
6092
5158
3513
2184
85
-1647
-1974
-1434
-792
-2826
-6436
-7947
-8015
-7746
-8636
-8997
-7485
-6518
-8029
-10743
-10342
-8075
-6423
-6095
-5853
-3054
-1065
-2029
-3307
-2940
91
3321
4581
5089
4937
4043
2784
2606
3915
5800
6615
5412
3625
2007
765
436
226
-146
-128
-527
-1241
-2811
-4708
-5476
-5217
-4399
-3940
-3643
-3604
-4275
-5358
-5893
-4546
-2230
-667
-512
-1209
-1385
-1141
-866
-79
995
2195
2201
1051
128
-4
582
792
554
302
145
-411
-1353
-1934
-2005
-1693
-1334
-1434
-1353
-1374
-1717
-1741
-1489
-421
1097
2154
2669
2818
2966
3743
4949
6246
7153
7769
7869
7526
7542
7694
8291
8623
8360
8250
7744
7118
6522
5707
5398
4901
4105
3389
1819
-1187
-3660
-3436
-1023
251
-2424
-6574
-7914
-7022
-6974
-7867
-7490
-5240
-4268
-7251
-10384
-9550
-6923
-5322
-5649
-5209
-2424
-1386
-3257
-5047
-4114
-499
2801
3922
3817
3190
1753
599
1116
2953
5297
6062
4609
2416
506
-63
587
1232
1323
1178
650
-512
-2408
-3947
-3877
-2710
-1940
-1917
-2333
-2862
-3654
-4844
-4908
-3505
-1614
-644
-1134
-1908
-2418
-2757
-2449
-1331
491
1598
969
-319
-1149
-799
-64
521
986
1216
924
-4
-647
-346
329
888
966
1001
1228
1067
808
778
1286
2233
3142
3687
4015
4142
4216
4802
5471
6232
7003
7166
7005
6628
6204
6528
6873
6784
6279
5998
6004
5470
4705
3786
3893
4142
3415
2358
1301
-669
-2856
-3760
-1862
837
76
-4352
-7848
-7714
-6158
-5928
-6697
-6120
-4948
-6282
-9700
-10778
-8816
-6418
-5942
-6744
-5751
-3981
-4198
-5607
-5932
-3819
-158
2207
2654
1879
610
-179
631
2469
4571
6044
5537
3764
1736
915
1997
3413
3548
2635
1579
904
-47
-1310
-1992
-1554
-731
-833
-1836
-2913
-3695
-4301
-4673
-4426
-3239
-2065
-1858
-2822
-4044
-4391
-3484
-1732
-133
421
-21
-1030
-1532
-1212
-385
798
1549
1642
870
-216
-351
507
1435
1550
1139
1102
1337
1417
1132
1020
1520
2087
2646
3085
3428
3618
3547
3594
4299
5329
6068
6148
5675
5312
5212
5707
6340
6412
6049
6032
5652
5600
5207
4775
5333
5298
4513
3628
3049
1765
-808
-2514
-1488
1710
2235
-2291
-6281
-7365
-5814
-5172
-7019
-6715
-5223
-5786
-9032
-11894
-10943
-8052
-6970
-7890
-7869
-6082
-5581
-6526
-7626
-6485
-2545
457
1706
1217
-128
-498
318
1895
3958
5745
6341
5253
3059
1542
2119
3741
4286
3706
2456
1454
421
-1250
-2025
-1614
-879
-813
-2013
-3532
-4777
-5697
-5893
-5067
-3467
-2274
-2554
-3970
-5156
-5051
-3729
-1786
7
863
498
-801
-1586
-1040
538
2104
2736
2661
2213
1368
954
1221
2081
2966
2852
2299
1730
1351
1040
925
1206
1753
2373
2358
2114
1977
2016
2830
3785
4457
4853
4802
4758
4903
5115
5308
6004
6535
6762
6691
6588
6693
6350
5837
5753
6234
6654
5752
4312
3235
1553
-520
-1709
-317
2179
1770
-2613
-6938
-7536
-6267
-6208
-7456
-7526
-6418
-7218
-11124
-13525
-12410
-9716
-8388
-9261
-8859
-7192
-6815
-7914
-8391
-6292
-2194
820
1469
759
134
201
1410
3116
4919
6761
7144
5811
3858
2757
3580
5195
5385
4328
3007
2101
1048
-540
-1548
-1201
-283
-457
-2081
-4003
-5247
-5786
-5619
-4844
-3484
-2530
-3186
-4756
-5851
-5295
-3257
-1070
293
449
-80
-867
-1031
-216
1127
2571
3231
2940
2212
1542
1509
2155
2825
3164
2924
2212
1495
1056
766
731
955
1325
1747
1761
1281
1077
1500
2432
3571
4045
4108
4196
4414
4660
5016
5501
6325
6931
7276
6642
6413
7056
6965
7031
6478
6441
7207
6498
5006
3601
2178
776
-359
25
1366
1633
-1802
-6121
-7158
-6805
-6258
-7218
-7994
-6979
-7394
-10490
-12833
-12493
-10309
-8770
-9292
-9081
-7332
-6701
-7638
-7901
-6476
-2892
73
858
850
429
176
939
2289
4119
6045
6358
5351
3689
2634
3036
4032
4024
3262
2669
1995
930
-993
-2423
-2045
-1076
-1014
-2070
-3630
-4708
-5360
-6144
-5767
-4067
-2555
-2385
-3878
-5445
-5113
-3438
-1395
73
474
354
-110
-556
-324
900
2194
3044
3057
2351
2086
2214
2381
2692
2916
3075
3033
2432
1946
1722
1736
1958
2214
2406
2426
2136
1865
2224
3032
3826
4093
3936
3685
3978
4406
5100
5676
5692
5594
5594
5781
6244
6596
6650
6203
5753
5670
5903
5935
5243
4124
3405
2159
20
-1407
-912
1087
1099
-2494
-6250
-7454
-6733
-6981
-8328
-8255
-6874
-7239
-10901
-14063
-13445
-10814
-8988
-9499
-9462
-7981
-7548
-8410
-8912
-6974
-3135
-251
429
-99
-465
-215
607
2242
4073
6011
6713
5573
3832
2529
3059
4561
5060
4624
3660
2622
1127
-857
-1856
-1113
399
519
-1224
-3521
-5048
-5716
-5513
-4345
-2581
-1642
-2630
-4690
-5829
-5019
-2921
-814
411
658
159
-841
-1293
-472
1065
2676
3530
3485
2995
2281
1892
2251
3244
4266
4577
3726
2493
1737
1642
2175
2828
3041
2840
2271
1569
1628
2148
2758
3380
3419
3249
3340
3302
3758
4402
4459
4583
4556
5064
5785
5804
5828
5509
5336
5330
5466
6008
5856
5109
4011
3503
2963
418
-1475
-1192
1029
2259
-1090
-5283
-6812
-6510
-6338
-7786
-7760
-6213
-6346
-10043
-14001
-13840
-11203
-9075
-9318
-9893
-8551
-7913
-8699
-9145
-7946
-4290
-1160
-171
-284
-618
-483
242
1689
3594
5866
7156
6231
4415
3036
3319
5150
6005
5711
4829
3493
2067
317
-625
99
1499
1632
109
-2391
-4490
-5061
-5204
-4414
-2616
-1567
-1950
-4093
-6412
-6394
-4027
-877
935
766
-324
-1426
-1771
-1232
794
2976
4506
4587
3053
2188
2403
3278
4331
4935
5260
5157
3995
2662
1947
2352
3407
4051
3739
2736
1852
1294
1597
2430
3389
3850
3327
2622
2337
2685
3732
4258
4353
4826
4834
4756
4960
5410
5947
5871
4881
4913
5661
6340
5481
3629
2994
3456
2330
-285
-1776
-255
1914
690
-4159
-7376
-6729
-5642
-6554
-8534
-8580
-6926
-8325
-12570
-14948
-13426
-10133
-8996
-10282
-10477
-9337
-8685
-9169
-9104
-6929
-3257
-883
-873
-1521
-1847
-773
1250
3092
4919
6333
6312
5122
3493
3236
4911
6712
6915
5650
4028
2748
1686
805
831
1869
2203
1140
-1327
-3812
-4810
-4885
-4472
-3601
-2268
-1893
-3258
-5827
-7374
-5918
-2384
167
582
-784
-2062
-2588
-2228
-650
1779
3960
4371
3221
1765
1591
2819
4258
5165
5500
5015
4114
3103
2535
2633
3209
3912
4137
3596
2203
1075
837
1687
3192
3935
3572
2636
1698
1558
2560
3855
4810
4862
4724
4542
4550
4795
5151
5850
5928
6067
5740
5332
5142
4270
3488
3358
1896
490
-366
149
1096
-382
-3890
-6102
-6006
-5890
-6890
-8374
-8536
-7604
-9226
-12842
-14274
-13158
-10980
-10352
-11677
-11344
-10003
-9759
-10206
-10026
-7970
-4466
-2403
-2315
-2245
-1749
-652
1155
2592
4341
6295
6273
5403
4424
4350
5935
7185
6909
6050
4992
4080
3255
2144
1792
2478
2754
1712
-468
-3107
-3882
-3626
-4096
-3696
-3085
-2834
-3416
-5684
-7263
-5841
-3112
-1181
-1371
-2472
-2717
-2278
-2084
-1426
336
2126
3487
2919
1561
1970
3141
4221
4831
4789
4964
4935
3996
3030
2746
3277
4202
4254
3150
2245
1637
1475
1973
2644
3251
3483
2764
1820
1569
2287
3763
4386
4112
4067
3926
4161
4603
4563
5314
5734
5675
5147
4521
4575
4415
3837
2978
1938
1219
623
480
4
-1313
-2863
-4692
-5184
-5601
-6716
-7471
-8310
-8816
-9874
-11840
-12638
-12325
-11832
-11591
-11740
-11212
-10344
-9969
-9979
-9165
-7179
-5051
-3449
-2695
-1955
-800
223
1520
3123
4653
5966
6136
5798
5716
6166
6939
7329
7083
6566
6052
5380
4546
3775
3220
3268
3039
2097
782
-1063
-2130
-2556
-2897
-3055
-3413
-3393
-3442
-4030
-4912
-5204
-4047
-2477
-1648
-1933
-2490
-2001
-1279
-655
-54
840
2169
2866
2767
2495
2968
4094
4672
4771
4654
4696
4790
4338
3786
3575
3895
4187
3904
3203
2421
2352
2582
2811
3130
3166
3081
2757
2035
2007
2645
3682
4057
3584
3555
3699
3932
4091
3745
4271
4984
5155
4713
3760
3333
3085
3480
2900
1038
-133
-494
736
1097
-1749
-4480
-5490
-5017
-5081
-7063
-8221
-7713
-7578
-10211
-13085
-13203
-11209
-9462
-10489
-11790
-10660
-9355
-8840
-9179
-8918
-6239
-3318
-2063
-1929
-1738
-804
993
2560
3703
5304
6435
6364
5883
5234
5940
7698
8071
7423
6211
5303
5097
4482
3630
3382
3350
2966
1838
-50
-1569
-2346
-2828
-2958
-2629
-2589
-3093
-4095
-5292
-5338
-4212
-2832
-1807
-1767
-2200
-2518
-2482
-1529
-80
1202
2104
2354
2252
2387
2833
3550
4468
5176
5412
5166
4563
4101
3868
3975
4342
4548
4277
3599
2649
1971
1945
2496
2999
3056
2445
1599
1091
1084
1498
2178
2630
2788
2669
2167
2290
2595
3538
3878
3908
3705
3296
3528
3936
3637
3154
2399
2146
1238
-202
-909
-271
1109
-273
-3485
-5677
-5665
-4662
-6018
-7767
-8003
-7512
-8624
-11693
-13466
-12138
-10007
-9514
-10737
-10953
-10149
-9575
-9382
-9057
-6903
-4094
-2531
-2430
-2916
-2313
-127
2220
3629
4163
4875
5226
5132
4907
5250
6845
7921
7335
5862
4685
4476
4349
3833
3435
3285
3001
1901
203
-1524
-2470
-2365
-2488
-2636
-2831
-3380
-3717
-4407
-5062
-4803
-3798
-2569
-2251
-2727
-3217
-2787
-1776
-894
-76
489
1134
1756
1746
2217
3085
3990
4445
4073
3763
3942
4319
4433
4316
4105
3919
3747
2970
2125
1948
2129
2609
2646
2152
1658
1158
857
811
1182
1849
2074
1734
1314
1420
1887
2099
2368
2720
2969
3047
2601
2431
2978
3601
3279
2342
2064
2012
1244
-173
-1114
236
1626
390
-2773
-5302
-5183
-4400
-5229
-6541
-6668
-6490
-8155
-11224
-12706
-11309
-9092
-8933
-10226
-10735
-10029
-9010
-8902
-8635
-6856
-4402
-2687
-2339
-2629
-1993
-104
1843
2940
3750
4662
5173
5098
4753
5280
6793
7643
7172
6029
5296
5249
5171
4806
4493
4314
3788
2666
1029
-319
-1111
-955
-1095
-1558
-1961
-2945
-3470
-4020
-4621
-4151
-3469
-2581
-2471
-3207
-3418
-3166
-1904
-965
-188
544
1088
1856
1658
1728
2696
3917
5010
4677
3825
3678
3992
4615
4678
4515
4288
3769
2964
2224
2407
2842
3038
2614
1745
1357
917
747
998
1231
1759
1650
1018
823
684
1227
1912
2296
2520
2205
2019
1941
2157
3125
3850
3990
3071
2154
2047
1289
543
309
1285
2879
1425
-2102
-4574
-4596
-3270
-3828
-5027
-5335
-5654
-7726
-11144
-12005
-10083
-7913
-7935
-9774
-10214
-9574
-9087
-8848
-8154
-5990
-3594
-2610
-2784
-3192
-2409
-394
1773
3245
4094
4898
5029
4709
4589
5558
7606
8740
8108
6712
5687
5671
5767
5826
5981
5752
4845
3040
1428
414
-217
-364
-467
-378
-1039
-2787
-4587
-5323
-4472
-3309
-3047
-3203
-3638
-3728
-3876
-3695
-2501
-841
462
579
188
331
1162
2290
3178
3983
4427
4155
3546
3203
3895
4894
5260
4801
3896
3257
2743
2497
2489
2749
2920
2414
1389
269
-110
501
1159
1468
982
484
106
-177
2
442
1348
1898
1766
1329
1120
1548
2258
2950
3904
3999
3627
2644
2540
2380
1507
972
1382
2994
2971
-181
-3406
-4120
-2796
-2257
-3768
-5082
-5480
-6489
-9146
-11158
-10453
-8363
-7480
-9091
-10622
-10243
-9311
-8748
-8480
-7475
-5114
-3350
-3276
-3988
-3764
-1725
1041
2713
3297
3896
4299
4570
4807
5570
7419
8958
8608
7134
5935
6061
6850
7146
6716
6049
5202
3900
2515
1199
709
525
-141
-828
-1727
-2756
-3655
-4610
-4790
-4474
-4174
-4172
-4308
-4228
-3961
-3645
-3171
-2206
-1104
-687
-503
-216
541
1792
2421
2625
2781
2806
3119
3400
3755
4236
4132
3503
2930
2577
2343
2188
1859
1473
1328
821
61
-547
-897
-528
-134
-228
-598
-1138
-1319
-990
-630
-488
61
795
940
935
799
1205
2363
3275
3663
4002
3849
3357
2951
2937
2539
2107
1932
2523
3030
1305
-1707
-3160
-2672
-2140
-3257
-5225
-5961
-6183
-7847
-10165
-10795
-9508
-8459
-9222
-10950
-10820
-9510
-8706
-8437
-8040
-6601
-4618
-3859
-3937
-3337
-1626
553
2032
2441
2888
4155
5133
5616
6029
7002
8192
8381
7342
6568
6731
7334
7336
6627
5818
5314
4469
3071
2015
1381
1080
15
-1578
-2348
-2278
-2222
-2961
-4137
-4553
-4252
-3901
-3860
-3761
-2960
-2351
-2195
-2284
-1906
-968
-203
414
809
1304
1985
2243
2376
2391
2615
3160
3488
3685
3405
2814
2297
2020
1856
1695
1539
987
407
-19
-325
-359
-424
-512
-485
-584
-640
-687
-578
-258
190
417
568
1011
1433
1809
2174
2600
3111
3576
3961
4690
5035
4915
4149
3699
3748
3228
2338
1879
2553
2847
991
-1847
-3293
-2913
-2792
-4286
-5892
-6505
-6724
-8203
-10341
-10710
-9605
-8925
-9551
-10521
-10028
-8733
-8093
-8053
-7558
-6099
-4337
-3301
-2866
-1931
-386
1085
2106
2828
3988
5455
6117
6187
6405
7193
8168
8144
7383
7101
7516
7748
7111
5844
5090
4998
4585
3487
2338
1233
458
-371
-1929
-2510
-2005
-1600
-1866
-3350
-4814
-4578
-3600
-2610
-2430
-2306
-1859
-1704
-1959
-2203
-1170
284
1201
1267
647
1164
2106
2178
1969
1900
2670
3440
3118
2276
1672
1753
1960
1652
1079
854
877
258
-600
-967
-717
-123
-202
-813
-1236
-1026
-304
5
150
327
738
1242
1740
2030
2289
3050
3590
3723
4085
4343
5340
5712
4756
3945
3657
3916
3310
2315
1999
2498
2379
-138
-2615
-3185
-2789
-2755
-4637
-6253
-6453
-7074
-8448
-9948
-9955
-8927
-8626
-9412
-10051
-9210
-8164
-7652
-7399
-6969
-5334
-3577
-2790
-2070
-1330
-4
1648
2790
3578
4531
5478
5897
6215
6633
7293
8053
7831
7199
7002
6844
6756
6115
5285
4926
4494
3738
2708
1538
507
-131
-858
-1813
-2177
-2178
-2167
-2549
-3596
-4419
-4152
-3387
-2819
-2969
-3199
-2808
-2342
-2289
-2230
-1639
-714
26
0
-206
362
1241
1519
1148
886
1333
2023
2151
1730
1309
1150
1149
832
341
303
365
114
-466
-808
-574
-87
0
-233
-390
-24
583
983
980
1121
1424
2072
2872
3067
3045
3235
3863
4215
4566
4667
5001
5512
5118
4153
3944
3879
3594
2167
1007
1360
2188
1514
-1298
-3290
-3541
-3242
-4121
-6308
-6994
-6535
-7149
-9054
-10778
-10314
-8895
-8730
-9611
-9844
-8446
-7267
-7239
-7651
-6819
-4349
-2429
-1780
-1543
-756
826
2269
2944
3656
5000
6057
6040
5728
5834
6838
7710
7379
6756
6428
6348
6070
5087
4416
4382
4147
3171
1681
468
4
-60
-849
-2405
-2855
-2484
-2088
-2359
-3845
-4655
-4096
-3463
-3144
-3372
-3172
-2530
-2524
-2946
-2857
-1714
-644
-352
-735
-912
146
779
374
-58
79
1053
1603
1114
654
475
399
260
-50
-67
480
540
-264
-669
-458
353
952
623
262
329
825
1355
1504
1652
2104
2587
2711
3020
3421
3748
4217
4363
4294
4629
4769
4998
5032
4423
3782
3513
3071
2327
1252
670
1073
1184
-274
-2404
-3642
-3946
-4371
-5568
-6571
-6271
-6127
-7571
-9455
-10233
-9334
-8272
-8373
-8473
-7694
-6826
-6694
-6995
-6378
-4304
-2241
-1433
-1292
-748
622
2065
2728
3115
4121
5389
6097
6076
5992
6443
7092
7109
6641
6422
6697
6702
5825
4823
4298
4239
3937
2989
1766
941
611
165
-557
-1680
-2516
-2483
-2109
-1906
-2564
-3720
-4141
-4010
-3610
-3389
-3147
-2749
-2662
-3078
-3571
-3116
-1988
-1183
-1038
-1361
-982
-202
-57
-205
-402
25
853
1213
1110
882
840
733
513
593
1055
1700
1630
932
579
898
1646
2005
1777
1729
2033
2410
2445
2264
2578
3099
3484
3525
3416
3548
3838
3814
3515
3548
4154
4559
4405
3380
2468
2527
2506
1704
866
668
1213
987
-936
-3086
-3659
-3342
-3611
-4934
-6027
-5914
-5934
-7446
-8856
-8804
-7763
-7104
-7820
-8361
-7339
-6214
-6182
-6486
-5991
-4191
-2356
-1780
-1542
-592
590
1521
2003
2486
3987
5493
5764
5426
5183
5679
6565
6725
6416
6403
6609
6385
5550
4720
4513
4541
3856
2792
2118
1793
1327
216
-1138
-1435
-1716
-2453
-2634
-2708
-2626
-3249
-4697
-5141
-4431
-3494
-3273
-3745
-3737
-3446
-3389
-3590
-3123
-2026
-1570
-1351
-1581
-1316
-265
-89
-406
-188
637
1793
1920
1199
846
1084
1469
1730
1842
2163
2485
1884
951
1051
2119
3017
2848
1920
1460
1782
2266
2341
2159
2331
2727
2772
2222
1965
2507
3177
3454
2931
2701
3085
3509
3490
2770
2307
2448
1893
932
296
708
1422
406
-1919
-3591
-3440
-2954
-3827
-5026
-5482
-5020
-5552
-7372
-8171
-7619
-6859
-6983
-7735
-7179
-5902
-5638
-6439
-6839
-5494
-3129
-1613
-1395
-1175
-483
138
866
1794
3256
4918
5437
4916
4479
4945
5970
6494
6409
6334
6561
6405
5648
4882
4452
4452
4122
3259
2679
2049
1186
138
-860
-1147
-1809
-2516
-2715
-2651
-2567
-3572
-5045
-5452
-4723
-3753
-3819
-4136
-4020
-3927
-4021
-4296
-3601
-2402
-1828
-1869
-2348
-1685
-302
106
-131
-220
634
1775
2225
2078
1906
2038
2150
2238
2589
3135
3402
2709
1742
1798
2512
3303
3275
2466
1929
1907
2183
2313
2429
2557
2615
2483
1997
2132
2555
2961
3121
2860
2647
2851
3061
3237
2839
2416
2298
2076
1318
470
386
771
821
-368
-2177
-2784
-2734
-3112
-4097
-5091
-4830
-4647
-5854
-7426
-8061
-7593
-7104
-7407
-7488
-6719
-6036
-6436
-7049
-6644
-4738
-2621
-1805
-1697
-1365
-808
76
946
1982
3546
4776
4878
4500
4534
5174
6087
6382
6265
6368
6359
6043
5392
4653
4518
4375
3687
2907
2264
1883
1482
428
-963
-1784
-2142
-2444
-2621
-2922
-3400
-4029
-4991
-5393
-5020
-4453
-4129
-4430
-4795
-4541
-4075
-3741
-3374
-2929
-2552
-2072
-1589
-1009
-152
301
465
747
1226
2100
2819
2824
2639
2574
2866
3400
3545
3398
3286
3098
2902
2868
2895
3054
3047
2555
2125
1995
2141
2450
2406
1985
1894
1941
2133
2300
2322
2355
2204
2136
2214
2528
2938
3049
2649
2011
1543
1378
1164
996
975
1165
831
-769
-2293
-2715
-2556
-2733
-3597
-4084
-4139
-4892
-6468
-7717
-7514
-6429
-6030
-6652
-7030
-6570
-6196
-6427
-6382
-5269
-3362
-2151
-2105
-2030
-1319
-319
632
1448
2628
3978
4589
4446
4152
4418
5388
6197
6290
5969
5758
5705
5383
4700
4253
4282
3989
3004
2072
1714
1549
927
-477
-1638
-2057
-2326
-2882
-3598
-3649
-3298
-3711
-4888
-5774
-5560
-4648
-4262
-4407
-4247
-3576
-3300
-3683
-3878
-3176
-1777
-845
-757
-590
24
667
779
744
1420
2690
3437
3206
2682
2589
2971
3153
3184
3408
3605
3357
2625
1917
2012
2609
2825
2438
1907
1563
1508
1477
1338
1536
1908
1994
1725
1314
1387
1777
1950
1844
1814
2150
2547
2375
1812
1475
1751
1773
1254
808
925
1350
760
-841
-1992
-2042
-1687
-2244
-3543
-4151
-4044
-4348
-5671
-6703
-6517
-5791
-5828
-6552
-6569
-5742
-5199
-5532
-5887
-5050
-3330
-2174
-1928
-1765
-1137
-365
153
672
1670
3075
3843
3635
3212
3393
4197
4753
4750
4652
4706
4711
4296
3497
3136
3245
3232
2803
2087
1534
1111
460
-327
-797
-887
-959
-1373
-2222
-3252
-3857
-3931
-3459
-2948
-2985
-3460
-4121
-4585
-4492
-3810
-2810
-2042
-1942
-2360
-2611
-2401
-1734
-743
-2
456
735
701
781
1065
1454
1963
2329
2606
2915
2983
2767
2582
2489
2732
3147
3267
3168
2730
2190
1980
2121
2371
2524
2428
2003
1505
1224
1325
1724
1915
1794
1737
1540
1293
1172
1144
1456
1794
1815
1580
1179
1049
961
516
-83
-141
445
787
139
-1322
-2405
-2564
-2453
-2568
-2723
-2641
-2723
-3777
-5258
-5766
-4913
-3758
-3508
-4110
-4367
-4009
-3828
-4050
-3937
-2934
-1596
-970
-1030
-1082
-870
-537
-285
156
1099
2287
2687
2116
1487
1481
2093
2634
2899
3218
3369
3135
2564
1924
1831
2223
2544
2550
2296
1995
1554
894
298
219
585
849
622
27
-559
-961
-1177
-1225
-1117
-1057
-1110
-1277
-1506
-1684
-1811
-1919
-1901
-1665
-1376
-1217
-1244
-1299
-1192
-1077
-943
-565
-51
311
370
336
524
917
1387
1709
1833
2000
2190
2299
2363
2441
2599
2678
2570
2346
2148
2096
2082
1982
1830
1660
1458
1376
1101
572
208
319
641
500
-94
-518
-585
-694
-870
-1004
-856
-569
-594
-934
-1232
-1198
-966
-819
-920
-929
-660
-404
-294
-378
-538
-514
-331
-120
115
221
222
177
34
-133
-182
-137
-110
-185
-424
-646
-764
-939
-1147
-1375
-1520
-1555
-1630
-1718
-1831
-1907
-1881
-1951
-2110
-2083
-1863
-1659
-1604
-1507
-1301
-1028
-817
-774
-672
-381
140
696
1019
1146
1189
1235
1367
1592
1939
2299
2475
2358
2097
1997
2070
2194
2165
1976
1862
1759
1612
1322
891
557
386
287
164
-16
-211
-494
-834
-1090
-1167
-1042
-880
-817
-900
-1025
-999
-833
-655
-410
-189
-2
251
415
524
571
610
797
1024
1137
1087
956
876
835
724
588
486
340
117
-157
-488
-765
-888
-1025
-1256
-1612
-1979
-2205
-2340
-2508
-2644
-2656
-2628
-2601
-2648
-2690
-2533
-2224
-1952
-1777
-1501
-1027
-586
-288
21
493
1024
1446
1727
2017
2420
2800
3057
3155
3167
3231
3297
3213
3032
2843
2681
2423
2017
1535
1126
821
494
72
-399
-824
-1218
-1563
-1886
-2136
-2265
-2316
-2375
-2489
-2596
-2588
-2478
-2268
-1947
-1660
-1418
-1208
-1008
-729
-368
22
287
467
639
825
1047
1209
1261
1188
1124
1137
1112
976
788
545
293
59
-223
-462
-664
-855
-1098
-1361
-1586
-1721
-1741
-1774
-1834
-1882
-1783
-1536
-1319
-1127
-899
-586
-228
108
444
777
1097
1460
1812
2073
2287
2470
2579
2642
2717
2826
2900
2830
2576
2250
2017
1793
1534
1196
783
316
-162
-623
-1100
-1504
-1814
-2052
-2358
-2789
-3188
-3444
-3517
-3506
-3515
-3528
-3480
-3353
-3177
-2996
-2775
-2381
-1876
-1463
-1210
-945
-566
-129
272
590
905
1208
1411
1517
1574
1639
1729
1790
1822
1782
1600
1341
1034
818
741
666
490
154
-195
-474
-682
-799
-853
-871
-933
-971
-935
-881
-821
-720
-482
-135
186
463
714
963
1218
1475
1752
2054
2405
2678
2768
2751
2723
2760
2850
2913
2825
2563
2246
1982
1741
1457
1136
807
482
90
-346
-720
-1038
-1362
-1704
-1961
-2154
-2349
-2450
-2458
-2434
-2381
-2293
-2180
-1963
-1692
-1413
-1101
-808
-500
-99
266
565
829
1097
1427
1754
2048
2217
2247
2192
2157
2194
2200
2124
1961
1674
1369
1096
801
486
162
-123
-399
-753
-1139
-1428
-1655
-1841
-2000
-2113
-2163
-2174
-2216
-2236
-2158
-1977
-1693
-1440
-1268
-1099
-857
-529
-214
41
346
679
926
1050
1143
1289
1474
1597
1593
1558
1517
1431
1265
1016
808
701
578
316
-55
-370
-553
-692
-907
-1156
-1371
-1508
-1540
-1585
-1656
-1677
-1679
-1642
-1557
-1385
-1109
-867
-696
-568
-395
-123
231
548
778
956
1082
1239
1447
1677
1813
1818
1764
1741
1799
1866
1839
1670
1404
1190
1050
925
796
616
375
105
-150
-306
-383
-450
-549
-685
-777
-798
-752
-665
-576
-503
-408
-276
-126
62
282
475
643
820
1033
1259
1415
1491
1505
1521
1589
1658
1659
1572
1458
1311
1091
833
607
484
347
119
-176
-526
-847
-1120
-1341
-1482
-1581
-1661
-1796
-1990
-2162
-2226
-2142
-1983
-1840
-1748
-1635
-1516
-1439
-1300
-1060
-769
-510
-307
-120
42
177
314
469
614
753
825
786
683
583
560
584
527
363
151
-35
-193
-314
-413
-508
-634
-836
-1031
-1148
-1173
-1136
-1103
-1150
-1261
-1291
-1159
-982
-862
-777
-654
-506
-370
-227
-65
127
302
422
506
605
723
823
885
909
929
970
976
903
792
719
678
629
538
406
260
113
-40
-151
-216
-246
-290
-375
-459
-519
-525
-481
-409
-317
-229
-158
-73
22
165
371
559
693
828
972
1106
1227
1335
1434
1514
1570
1584
1558
1534
1513
1461
1319
1161
1052
930
763
545
304
116
-34
-191
-349
-557
-785
-979
-1141
-1220
-1238
-1264
-1333
-1419
-1460
-1423
-1364
-1310
-1240
-1154
-1057
-966
-877
-766
-605
-450
-340
-240
-133
-28
58
102
153
210
253
267
239
201
148
76
-12
-108
-185
-246
-344
-492
-633
-717
-767
-825
-897
-942
-995
-1080
-1150
-1162
-1120
-1064
-1034
-1019
-987
-932
-842
-747
-662
-560
-455
-340
-225
-134
-48
43
153
250
357
427
436
431
426
452
506
542
520
448
372
329
317
309
296
277
225
174
151
161
197
242
275
300
342
420
533
618
681
757
870
1008
1144
1247
1339
1426
1488
1552
1627
1693
1701
1671
1642
1624
1581
1500
1398
1250
1086
932
775
611
425
212
1
-216
-447
-654
-827
-971
-1104
-1255
-1408
-1529
-1617
-1657
-1638
-1605
-1575
-1527
-1470
-1402
-1301
-1162
-981
-783
-634
-515
-404
-272
-96
104
280
421
504
542
601
670
731
786
822
818
772
694
636
592
540
476
389
279
165
60
-35
-111
-175
-231
-282
-346
-420
-482
-528
-552
-535
-509
-489
-472
-459
-426
-389
-329
-264
-211
-168
-137
-77
-12
43
72
94
144
184
210
211
223
242
236
219
202
218
257
292
268
214
184
202
260
292
328
366
390
389
387
439
534
623
688
736
779
824
874
921
965
1015
1049
1048
1014
985
978
949
889
821
749
667
568
425
279
178
83
-24
-147
-301
-450
-581
-683
-760
-826
-893
-965
-1046
-1118
-1136
-1100
-1050
-1017
-1003
-967
-908
-823
-710
-583
-474
-382
-270
-153
-42
58
141
222
292
366
445
498
521
527
539
545
536
513
476
417
354
289
229
174
119
51
-32
-116
-171
-200
-246
-298
-341
-379
-399
-414
-412
-400
-394
-391
-390
-367
-326
-285
-256
-234
-202
-172
-147
-128
-106
-88
-82
-85
-96
-98
-92
-77
-74
-86
-111
-141
-161
-171
-168
-180
-197
-196
-183
-166
-138
-92
-48
-14
24
68
134
204
264
323
404
494
570
628
695
764
807
825
845
882
906
905
894
859
807
762
727
665
565
450
346
242
113
-9
-111
-220
-349
-496
-617
-715
-808
-877
-947
-1024
-1096
-1134
-1148
-1147
-1142
-1132
-1111
-1091
-1046
-967
-891
-847
-791
-723
-632
-530
-447
-383
-341
-285
-205
-120
-49
7
34
37
53
93
156
180
174
161
154
150
159
173
174
160
138
146
166
182
197
208
220
223
242
275
307
314
310
332
370
404
409
405
394
372
352
342
326
292
264
223
160
99
48
2
-64
-147
-217
-264
-305
-367
-426
-468
-503
-525
-538
-535
-526
-519
-515
-497
-456
-403
-328
-267
-210
-144
-68
22
113
199
274
352
419
476
527
579
635
666
669
666
675
665
628
571
514
457
387
323
261
188
97
-6
-105
-198
-271
-329
-387
-455
-512
-556
-595
-632
-652
-651
-640
-627
-622
-603
-566
-527
-499
-463
-395
-306
-242
-209
-185
-155
-114
-70
-29
7
38
46
37
25
28
54
64
48
5
-34
-56
-65
-75
-84
-81
-86
-92
-100
-101
-80
-54
-34
-13
18
60
87
110
145
203
269
319
347
355
377
407
430
447
459
464
452
432
405
374
336
293
237
178
125
78
43
6
-40
-89
-131
-168
-204
-236
-252
-259
-266
-257
-235
-204
-175
-140
-85
-16
54
117
179
243
313
389
464
530
587
626
659
685
709
737
750
745
732
716
686
639
584
529
459
377
304
224
131
38
-41
-101
-172
-241
-304
-353
-405
-465
-508
-533
-547
-563
-575
-568
-545
-509
-469
-435
-404
-367
-321
-279
-254
-235
-205
-160
-120
-95
-73
-46
-24
-10
-5
6
23
40
47
47
43
42
40
36
33
47
69
80
87
103
138
173
211
253
297
340
372
401
432
461
493
534
567
593
620
644
651
627
593
560
525
473
413
347
270
192
111
33
-42
-121
-205
-289
-374
-455
-531
-600
-663
-712
-741
-767
-786
-796
-789
-769
-739
-688
-627
-567
-508
-448
-381
-297
-204
-122
-50
15
83
153
223
293
364
417
445
461
481
500
493
459
410
367
334
295
254
213
170
124
80
38
-6
-44
-80
-127
-177
-203
-214
-223
-239
-243
-223
-197
-166
-139
-116
-98
-80
-59
-36
-24
-13
-2
5
8
6
7
9
3
-10
-16
-25
-55
-94
-131
-160
-194
-236
-276
-309
-339
-360
-367
-364
-353
-343
-335
-314
-280
-255
-235
-208
-178
-139
-96
-47
8
66
134
198
251
289
315
331
345
347
341
330
322
300
269
243
221
201
169
122
67
13
-45
-99
-151
-208
-271
-326
-360
-378
-388
-383
-366
-352
-334
-310
-274
-238
-208
-179
-152
-124
-85
-43
0
62
125
173
214
251
281
302
315
314
297
262
221
177
111
46
-2
-34
-69
-111
-146
-182
-232
-290
-338
-385
-433
-480
-519
-549
-568
-566
-544
-513
-475
-426
-371
-325
-282
-242
-196
-151
-116
-79
-46
-11
28
72
116
163
206
233
249
261
268
261
242
214
184
149
120
98
81
70
66
74
75
85
95
102
98
95
91
88
80
79
100
133
179
227
271
317
353
387
418
431
434
424
402
370
339
313
293
269
235
195
159
121
78
28
-32
-97
-166
-231
-294
-353
-402
-438
-465
-480
-478
-459
-438
-419
-401
-376
-338
-298
-257
-211
-164
-119
-68
-12
49
120
196
260
306
344
374
392
402
405
394
375
353
332
311
293
275
243
207
169
135
95
38
-25
-88
-141
-185
-223
-246
-255
-262
-259
-242
-217
-190
-162
-146
-139
-126
-106
-86
-74
-57
-25
17
57
91
123
154
178
200
215
221
212
187
158
129
108
98
86
69
55
50
53
62
61
58
53
42
28
17
10
15
33
60
95
132
170
215
259
292
323
352
369
372
373
386
405
416
417
416
415
414
407
393
372
340
306
264
215
169
125
76
22
-21
-56
-87
-119
-149
-165
-171
-173
-179
-187
-195
-193
-195
-200
-195
-178
-154
-132
-102
-62
-17
19
47
68
78
82
80
74
67
63
55
44
30
14
2
-11
-35
-65
-101
-136
-168
-206
-242
-270
-294
-314
-328
-330
-323
-308
-301
-295
-281
-268
-257
-241
-219
-186
-148
-109
-73
-32
16
64
105
138
167
193
216
230
240
252
262
267
257
244
232
218
199
178
164
154
139
119
93
64
36
8
-16
-45
-67
-74
-74
-71
-66
-58
-53
-49
-47
-46
-39
-37
-33
-23
-15
-5
13
33
49
62
69
68
56
41
25
11
-8
-27
-44
-64
-87
-104
-116
-119
-124
-129
-135
-150
-163
-173
-178
-182
-185
-183
-183
-177
-157
-124
-91
-64
-38
-8
17
32
49
69
88
98
106
111
114
115
115
112
107
96
81
62
40
13
-20
-53
-89
-125
-163
-198
-227
-249
-269
-285
-299
-310
-317
-323
-329
-336
-341
-339
-321
-291
-259
-235
-209
-183
-155
-123
-91
-55
-27
-4
23
50
76
94
111
124
130
130
126
129
139
147
151
151
142
128
109
87
60
36
19
13
16
17
16
13
8
-1
-8
-12
-16
-20
-23
-19
-18
-10
5
23
31
34
32
31
30
35
41
41
32
20
9
0
-14
-26
-33
-40
-44
-47
-44
-46
-49
-53
-64
-77
-88
-93
-94
-89
-82
-68
-53
-37
-21
-6
7
15
25
36
50
64
70
75
84
94
97
97
102
105
109
111
112
115
113
101
86
68
44
18
-4
-25
-39
-45
-45
-46
-43
-44
-52
-63
-74
-79
-78
-71
-60
-52
-44
-28
-16
-5
4
10
19
33
49
64
85
97
101
100
105
112
118
126
125
117
110
109
109
103
94
76
59
46
37
30
17
4
-4
-5
-4
-10
-26
-43
-57
-65
-66
-60
-53
-49
-50
-47
-46
-49
-52
-58
-61
-59
-52
-46
-41
-37
-34
-31
-31
-35
-41
-45
-48
-48
-43
-40
-37
-38
-44
-50
-55
-58
-62
-66
-62
-52
-39
-31
-31
-35
-40
-38
-41
-44
-40
-31
-22
-11
-3
3
11
11
4
-6
-7
5
10
12
18
22
33
36
33
32
27
20
22
32
44
57
62
71
73
74
78
80
84
85
92
103
126
142
150
155
143
122
106
96
91
87
87
86
84
78
60
38
19
1
-18
-38
-51
-63
-79
-88
-96
-116
-142
-157
-171
-172
-158
-146
-143
-133
-120
-119
-114
-107
-106
-94
-73
-55
-30
3
35
59
84
106
113
127
137
135
138
154
171
185
195
198
200
192
177
156
140
130
113
108
101
87
63
36
1
-28
-55
-79
-92
-105
-110
-119
-125
-135
-164
-192
-219
-246
-260
-260
-262
-266
-265
-257
-262
-266
-268
-270
-274
-273
-269
-253
-233
-215
-199
-179
-160
-148
-129
-117
-110
-86
-34
4
30
62
85
98
120
142
149
163
202
234
253
290
334
354
357
355
346
342
333
317
299
299
293
273
250
217
170
126
84
43
15
-12
-45
-83
-126
-166
-207
-248
-282
-323
-361
-397
-431
-437
-432
-425
-417
-412
-415
-408
-389
-376
-355
-306
-261
-239
-186
-118
-81
-48
-2
34
62
113
160
192
246
293
313
327
356
366
367
360
365
372
384
377
365
361
349
317
275
252
219
178
149
123
94
67
31
-7
-34
-57
-85
-114
-131
-147
-162
-180
-197
-197
-200
-209
-205
-207
-225
-225
-211
-199
-185
-164
-144
-136
-134
-135
-133
-117
-104
-90
-73
-49
-31
-20
-11
0
8
12
6
6
26
52
64
74
86
98
96
89
92
100
93
93
99
110
121
127
124
113
116
106
91
90
85
67
64
58
53
40
26
17
7
-3
-21
-32
-33
-41
-54
-60
-54
-61
-80
-84
-78
-69
-61
-59
-42
-18
-13
-19
-16
7
22
24
40
56
71
88
97
118
122
127
156
144
130
119
128
179
125
64
91
145
118
40
-22
17
-20
-50
-220
-266
105
105
-200
-291
-141
-142
-285
-405
-367
-222
-25
-311
-511
-67
-20
-295
-466
-287
2
-82
-200
-165
13
235
76
-167
42
175
149
-13
76
345
447
347
229
301
416
306
183
267
315
376
360
310
372
334
216
107
114
180
173
159
179
112
70
-43
-144
-77
-53
-66
-35
-73
-123
-182
-263
-274
-268
-242
-237
-202
-130
-173
-229
-238
-298
-315
-286
-236
-149
-92
-66
-112
-133
-157
-234
-243
-162
-69
-7
6
-12
-19
-42
-96
-123
-50
44
56
38
61
82
73
26
-14
34
106
143
142
149
176
172
109
89
160
208
217
199
207
206
176
147
136
170
239
229
170
161
148
86
8
9
20
8
7
11
-4
-22
-113
-210
-227
-221
-199
-196
-161
-133
-181
-234
-259
-278
-242
-211
-198
-167
-117
-104
-164
-147
-112
-145
-118
-28
-31
-19
42
54
4
1
-9
-29
64
112
116
101
97
29
-6
1
8
34
52
58
54
76
-4
-16
-24
-53
-27
18
29
9
41
6
-39
-3
31
-56
-14
78
71
101
80
11
-6
7
6
20
76
115
13
-3
13
-18
51
43
-13
19
49
24
-34
-83
-68
-73
-45
-11
1
38
-4
-71
-71
-99
-99
-100
-62
-4
17
42
20
-63
-79
-97
-107
-26
22
60
65
42
26
-8
-78
-64
-37
1
21
9
46
26
56
53
0
-38
-20
-37
-42
52
110
112
84
83
24
-1
8
-11
3
45
100
102
125
119
106
100
112
79
34
62
75
79
116
118
113
136
105
66
85
127
109
37
10
19
42
36
64
98
99
26
-69
-107
-118
-89
-85
-58
-6
-1
-71
-147
-155
-163
-203
-238
-190
-134
-85
-69
-73
-78
-105
-147
-173
-166
-102
-21
13
36
33
35
-19
-62
-39
6
11
10
44
85
134
149
168
156
117
50
17
15
16
67
127
132
153
179
108
54
63
49
4
4
50
53
82
140
132
77
67
24
-21
20
99
103
91
98
50
22
30
2
-22
-3
-5
28
30
21
46
42
13
-22
-13
-29
-79
-86
-84
-97
-38
11
-11
12
25
-13
-54
-77
-112
-111
-81
-32
31
79
59
16
-9
-44
-48
-17
9
63
107
81
78
72
53
23
-10
10
14
9
46
80
86
95
61
-10
-48
-35
-44
-49
1
17
4
18
39
30
11
-25
-37
-19
-10
-18
-3
56
66
76
79
49
53
36
-1
-3
69
100
100
94
97
98
53
14
-31
-32
-21
-32
-14
38
52
26
-14
-42
-78
-117
-121
-124
-95
-63
-86
-75
-46
-77
-101
-111
-105
-119
-113
-66
-67
-23
14
-46
-71
-43
-58
-87
-91
-57
-36
-28
19
40
10
-12
-42
-73
-74
-62
-50
-23
34
44
15
15
-5
-45
-69
-50
-34
-14
4
12
25
57
54
14
4
21
16
-1
17
20
39
49
42
23
17
16
-7
-26
-34
-38
-30
-14
-34
-25
-18
-44
-87
-106
-123
-139
-114
-105
-90
-56
-39
-68
-93
-77
-81
-135
-119
-93
-105
-78
-33
-19
-26
-23
-24
-56
-61
-29
-32
-12
20
47
58
44
56
51
