20
18
18
20
20
22
22
22
22
21
23
21
23
24
25
25
24
23
23
22
19
19
20
19
18
16
18
15
13
13
9
8
7
6
5
7
11
12
12
10
8
8
10
11
11
11
10
4
4
1
-2
0
1
1
0
0
2
-2
-1
-1
-2
-4
-4
-2
-2
-3
-3
-1
-3
-4
-5
-6
-6
-6
-5
-5
-5
-6
-7
-8
-10
-10
-9
-9
-6
-8
-8
-11
-12
-10
-11
-7
-5
-7
-9
-11
-13
-15
-17
-15
-17
-17
-16
-16
-13
-10
-8
-9
-12
-12
-14
-14
-14
-13
-11
-10
-12
-12
-12
-13
-13
-13
-10
-8
-4
-4
-5
-8
-8
-7
-5
-3
-2
-1
0
1
1
-1
-1
0
1
3
5
5
3
2
2
-2
-5
-3
-5
-3
1
5
5
2
3
-2
-8
-8
-11
-11
-10
-10
-9
-9
-8
-8
-10
-10
-12
-11
-11
-11
-10
-9
-5
-4
-4
-4
-5
-4
-4
-5
-10
-16
-18
-21
-20
-17
-15
-16
-17
-18
-19
-16
-15
-11
-8
-7
-7
-4
-5
-7
-7
-12
-16
-21
-23
-23
-20
-14
-14
-16
-21
-26
-30
-30
-30
-30
-29
-27
-28
-27
-24
-24
-24
-25
-26
-30
-34
-38
-39
-39
-41
-43
-45
-42
-43
-46
-47
-48
-51
-55
-56
-55
-54
-52
-50
-50
-49
-49
-51
-48
-49
-46
-45
-43
-40
-36
-30
-25
-22
-17
-15
-14
-15
-16
-13
-7
1
9
16
22
31
35
44
60
76
95
111
124
136
146
160
175
194
211
220
232
240
255
272
295
316
334
348
354
358
368
378
392
410
421
432
438
446
456
472
487
495
494
484
465
451
440
431
425
411
387
360
327
296
276
262
251
234
209
182
152
128
117
109
93
70
38
-5
-44
-78
-103
-126
-160
-202
-249
-294
-331
-354
-370
-386
-407
-440
-473
-497
-506
-504
-494
-490
-492
-500
-506
-501
-483
-456
-432
-409
-397
-391
-380
-364
-333
-296
-260
-226
-204
-186
-168
-147
-123
-97
-74
-56
-44
-33
-21
-7
9
25
41
48
47
45
49
61
80
107
131
154
173
187
207
235
272
321
365
395
415
424
432
458
495
542
586
610
614
608
603
622
658
695
719
711
677
636
603
587
582
567
511
408
285
160
55
-24
-93
-176
-296
-453
-619
-761
-853
-904
-929
-965
-1027
-1104
-1172
-1190
-1164
-1111
-1051
-1017
-1010
-1007
-987
-933
-851
-775
-725
-708
-718
-721
-697
-650
-590
-545
-532
-544
-561
-564
-547
-523
-519
-543
-588
-638
-676
-688
-677
-668
-671
-682
-703
-711
-695
-667
-637
-609
-583
-544
-485
-394
-292
-197
-121
-65
-16
35
100
167
231
279
316
353
395
449
501
545
582
599
619
650
697
755
804
844
867
882
898
924
961
1003
1046
1082
1122
1168
1218
1277
1342
1396
1436
1462
1482
1514
1556
1606
1659
1699
1710
1708
1701
1700
1703
1668
1566
1411
1218
1032
883
763
632
463
238
-41
-313
-542
-692
-778
-852
-951
-1074
-1190
-1239
-1198
-1108
-1009
-954
-955
-974
-966
-902
-787
-668
-597
-578
-604
-618
-596
-541
-478
-439
-451
-485
-514
-514
-475
-421
-386
-392
-447
-530
-610
-677
-712
-729
-723
-711
-703
-687
-664
-642
-615
-583
-552
-524
-484
-437
-379
-311
-248
-186
-133
-82
-43
-16
7
38
75
117
158
175
185
196
206
229
265
308
348
379
407
433
473
519
564
605
626
641
656
674
707
744
778
812
832
863
898
926
948
941
920
911
933
1003
1094
1187
1251
1292
1321
1351
1393
1421
1384
1237
1013
775
588
474
394
275
62
-237
-580
-885
-1093
-1196
-1238
-1295
-1415
-1567
-1661
-1624
-1471
-1281
-1134
-1085
-1101
-1120
-1074
-950
-795
-670
-630
-674
-744
-764
-695
-578
-481
-462
-517
-597
-628
-598
-509
-412
-386
-446
-570
-692
-766
-777
-761
-745
-742
-764
-780
-784
-753
-704
-653
-623
-627
-630
-596
-508
-400
-289
-210
-170
-139
-115
-96
-80
-81
-81
-89
-94
-86
-64
-34
0
39
66
95
119
140
159
186
218
266
321
370
416
444
463
484
521
570
626
652
662
664
665
691
727
771
804
823
851
905
998
1119
1255
1362
1434
1482
1507
1544
1579
1557
1424
1230
1015
832
735
671
579
407
117
-240
-577
-811
-897
-900
-934
-1060
-1271
-1430
-1423
-1244
-992
-798
-721
-774
-841
-845
-744
-560
-422
-377
-430
-502
-504
-404
-253
-159
-152
-211
-268
-255
-183
-70
7
7
-66
-191
-308
-372
-390
-379
-351
-343
-335
-307
-273
-248
-226
-228
-232
-215
-159
-66
30
132
201
233
262
307
357
402
427
405
369
318
284
279
301
319
320
326
327
341
371
409
433
439
436
439
468
525
593
649
678
683
670
655
653
674
707
738
767
794
816
852
880
941
1011
1066
1146
1235
1327
1426
1525
1610
1677
1726
1724
1637
1414
1147
918
763
703
630
489
241
-101
-503
-871
-1108
-1190
-1190
-1249
-1436
-1700
-1879
-1850
-1626
-1371
-1223
-1231
-1316
-1361
-1287
-1097
-894
-783
-827
-945
-1029
-988
-821
-637
-528
-555
-642
-717
-710
-623
-505
-386
-347
-394
-516
-634
-729
-788
-809
-835
-835
-823
-823
-825
-818
-808
-788
-753
-727
-698
-655
-592
-515
-434
-372
-318
-280
-252
-229
-212
-189
-166
-161
-168
-185
-196
-191
-168
-135
-97
-73
-24
32
85
127
164
200
250
310
368
406
421
437
460
488
539
594
649
700
750
799
857
930
998
1066
1133
1215
1293
1377
1480
1625
1787
1938
2031
2058
2066
2073
2103
2059
1901
1670
1431
1268
1173
1105
961
715
378
-32
-412
-661
-748
-736
-757
-920
-1158
-1304
-1268
-1058
-806
-650
-646
-739
-793
-726
-544
-323
-194
-228
-347
-427
-373
-213
-46
42
5
-81
-127
-100
-12
74
109
64
-42
-183
-302
-372
-465
-553
-627
-686
-712
-725
-770
-838
-871
-865
-832
-796
-784
-786
-784
-749
-696
-641
-591
-569
-600
-670
-733
-774
-758
-719
-713
-727
-731
-723
-700
-675
-657
-620
-571
-522
-486
-470
-464
-441
-402
-357
-308
-264
-247
-241
-252
-241
-193
-114
-17
67
149
227
309
392
461
532
617
719
852
984
1120
1260
1388
1508
1590
1653
1740
1825
1884
1847
1642
1375
1164
1050
1019
1011
864
582
226
-177
-506
-697
-728
-695
-772
-998
-1279
-1415
-1307
-1011
-711
-582
-609
-709
-751
-633
-379
-117
25
14
-95
-154
-72
143
372
481
471
378
290
272
335
435
505
496
382
230
95
-20
-74
-93
-130
-148
-191
-267
-319
-354
-376
-381
-382
-391
-371
-327
-284
-256
-238
-196
-152
-117
-109
-162
-237
-266
-267
-247
-249
-283
-344
-397
-420
-373
-277
-194
-140
-134
-168
-204
-195
-147
-89
-36
5
-6
-28
-30
6
54
104
148
178
259
358
449
535
604
672
728
775
822
933
1090
1242
1381
1478
1551
1623
1696
1783
1869
1970
1995
1865
1611
1332
1148
1074
1043
934
667
315
-64
-456
-814
-1044
-1108
-1088
-1153
-1393
-1680
-1798
-1649
-1346
-1091
-972
-972
-1059
-1096
-996
-769
-510
-374
-408
-550
-618
-517
-263
-18
82
25
-100
-185
-180
-72
66
136
103
-27
-191
-299
-331
-344
-402
-448
-477
-505
-513
-542
-612
-657
-691
-713
-674
-603
-537
-502
-482
-487
-470
-393
-306
-263
-266
-311
-368
-387
-363
-330
-327
-339
-364
-378
-337
-259
-145
-62
-39
-59
-97
-122
-60
43
130
218
263
287
302
324
363
426
485
536
639
760
898
986
1006
1007
1042
1124
1231
1393
1579
1751
1863
1977
2088
2201
2324
2427
2507
2575
2573
2406
2070
1752
1539
1438
1428
1278
978
627
172
-365
-789
-982
-938
-854
-975
-1323
-1626
-1686
-1443
-1064
-805
-750
-878
-1037
-1103
-950
-643
-403
-351
-492
-702
-763
-593
-319
-138
-60
-110
-263
-388
-394
-304
-172
-61
-76
-241
-424
-586
-696
-796
-876
-891
-901
-932
-1032
-1190
-1293
-1288
-1238
-1326
-1501
-1547
-1420
-1219
-1177
-1167
-1112
-987
-948
-1149
-1128
-822
-641
-781
-918
-850
-743
-735
-832
-879
-800
-655
-654
-713
-643
-571
-545
-506
-436
-369
-272
-166
-114
-109
-109
-57
86
235
304
377
473
602
675
761
901
1024
1134
1173
1290
1456
1636
1855
2078
2277
2375
2405
2433
2470
2465
2401
2299
2048
1378
391
-393
-561
-361
-275
-498
-789
-1053
-1494
-2147
-2350
-1661
-920
-766
-948
-913
-380
290
757
1061
1235
1222
909
571
670
957
1242
1320
1244
1148
1075
1014
871
678
424
69
-305
-540
-700
-720
-659
-723
-869
-1135
-1386
-1645
-1854
-1948
-1965
-1811
-1634
-1313
-953
-604
-291
-210
-132
-132
-97
132
425
796
1032
1094
958
675
358
-76
-487
-809
-1046
-1202
-1322
-1330
-1257
-1144
-1012
-1000
-986
-964
-827
-646
-531
-356
-186
15
231
400
410
391
314
264
363
469
749
1045
1200
1297
1295
1401
1513
1644
1832
1866
1952
1989
2147
2308
2466
2718
2855
2941
2917
2879
2806
2851
2901
2891
3041
2749
1473
-413
-2530
-3658
-3719
-3128
-2481
-2641
-2911
-3760
-4520
-4503
-3740
-2017
-611
343
1106
2201
3948
5080
5421
5410
4973
4232
3219
1959
1168
832
517
-51
-928
-1785
-2556
-3319
-4245
-4825
-4878
-4617
-4025
-3539
-2923
-1943
-996
-162
445
677
866
971
905
1092
1156
1158
1128
805
401
-26
-471
-1180
-1824
-2387
-2780
-2741
-2369
-1766
-1095
-684
-668
-742
-923
-989
-978
-930
-682
-493
-500
-459
-416
-433
-390
-534
-737
-805
-820
-741
-582
-465
-313
-120
-154
-252
-314
-386
-196
93
354
603
764
852
990
1227
1536
1857
2059
2033
1884
1751
1713
1899
2188
2397
2460
2386
2150
2054
2085
2326
2503
2566
2629
2589
2606
2499
2540
2677
1931
-137
-2384
-4353
-4808
-3718
-2566
-2005
-2175
-2842
-4282
-4623
-4300
-3088
-283
884
1590
3099
4225
5882
6476
5214
4221
3294
1768
547
-578
-1662
-1945
-2098
-2953
-3540
-4076
-4913
-5090
-5364
-5197
-3902
-2684
-1437
-381
190
960
1829
2333
2281
1962
1516
936
604
-8
-762
-1290
-1925
-2325
-2478
-2798
-3218
-3512
-3901
-3940
-3155
-2095
-774
312
757
979
1050
1135
1058
754
316
-63
-326
-636
-855
-1159
-1545
-1736
-2053
-2263
-2130
-1853
-1273
-687
-215
237
605
894
1133
1233
1282
1503
1556
1620
1816
1798
1831
2015
1839
1626
1621
1433
1563
1842
2152
2643
2907
3080
3095
3044
3188
3631
3508
3883
4409
4051
4115
3982
3504
3365
3720
3332
2711
537
-2575
-4723
-6021
-4912
-2961
-1932
-1953
-2253
-3691
-4404
-3059
-2426
51
2562
2880
4299
6024
7304
7932
6919
5214
3526
1973
498
-1113
-2341
-3010
-3002
-3161
-3509
-3872
-4576
-4901
-4943
-4590
-3322
-1727
-434
612
1208
1798
2507
2851
2782
2158
1131
199
-378
-1322
-2017
-2362
-3013
-3110
-3095
-3271
-3660
-3512
-3561
-3830
-2817
-2089
-841
746
1309
1451
1245
1083
377
-368
-645
-1219
-1425
-1415
-1740
-2191
-2368
-2301
-2446
-2267
-2008
-2008
-1535
-898
-560
-77
767
1457
1649
1530
1130
841
792
541
609
812
853
740
548
511
345
263
341
751
1109
1429
2019
2398
2673
2761
2926
3242
3398
3442
3367
3272
2972
2678
2683
2800
2611
2305
2491
1737
-899
-2828
-5018
-6325
-4605
-3357
-2538
-1894
-2071
-3184
-3519
-2839
-2501
12
2036
2533
4272
5748
7374
7939
6297
4808
3087
1250
-107
-1946
-3422
-3740
-3605
-3628
-3518
-3878
-4427
-4324
-4429
-3947
-2655
-1094
482
1443
2082
2703
3425
3827
3443
2341
1023
-96
-1079
-1751
-2563
-3510
-3679
-3743
-3752
-3341
-3296
-3452
-3197
-2744
-2391
-890
860
1646
2580
2704
2126
1975
1487
508
-490
-1389
-1992
-2242
-2453
-2541
-2504
-2451
-2270
-2226
-2157
-1713
-993
-187
596
1211
1788
2214
2296
2199
2011
1776
1620
1430
1099
663
511
654
494
653
696
413
458
1047
1402
2101
3038
3111
3462
3762
4061
4217
4307
4351
3957
3901
3788
3431
3190
2779
2492
2217
2287
1430
-1489
-3535
-5886
-6883
-4840
-3452
-2625
-2093
-2347
-3377
-3064
-2369
-2123
492
2075
2472
4748
6449
7811
8068
5745
3779
2052
264
-1116
-3133
-4685
-4928
-4720
-4405
-4013
-4320
-4519
-4292
-4348
-3618
-2235
-729
645
1531
2258
2868
3579
3932
3075
1460
-35
-1516
-2603
-3247
-3947
-4213
-4008
-3681
-3548
-3489
-3751
-3892
-3464
-2766
-1349
334
1816
2839
3115
2640
1946
1368
464
-294
-1058
-1914
-1974
-2020
-2365
-2483
-2725
-2719
-2506
-2223
-1790
-1316
-545
318
1021
1516
1986
2385
2396
2234
2006
1672
1416
1117
584
296
160
283
644
598
689
630
823
1367
1894
2579
3027
3743
4127
4386
5045
4757
4458
4296
3541
3512
3485
3419
3206
2863
2234
1532
1492
-1309
-3921
-5603
-7715
-6082
-3764
-3031
-2466
-1849
-2844
-3087
-1814
-2173
50
2491
2615
4659
6482
7905
8834
6424
3972
2191
137
-973
-2846
-4862
-5466
-5292
-4790
-4088
-3860
-4039
-3787
-3673
-3185
-2065
-803
883
1794
2370
3099
3395
3856
3314
1814
243
-1127
-1736
-2568
-3781
-4679
-5287
-5262
-4373
-3838
-3486
-3041
-2849
-2341
-1582
-568
823
2287
2868
3018
2839
2170
1661
571
-882
-1935
-2609
-2834
-2940
-3151
-3238
-3123
-2692
-2202
-1858
-1365
-640
154
835
1440
1855
2268
2466
2246
1987
1675
1366
1094
633
70
-186
-205
-96
191
254
293
503
891
1681
2311
3145
3642
4050
4315
4369
4698
4394
4423
4167
4029
4172
3596
3198
2278
1583
1125
1156
391
-2568
-4574
-7030
-7540
-5165
-3783
-2889
-2291
-2283
-3170
-2490
-1554
-1238
1559
3191
3530
5781
7548
8874
8270
5451
3441
1443
-3
-1495
-3957
-5473
-5771
-5300
-4530
-3768
-3833
-4048
-3460
-3272
-2397
-967
256
1835
2580
2963
3626
3955
3980
3075
1232
-543
-1784
-2809
-3543
-4369
-5112
-4914
-4234
-3687
-3112
-2841
-2965
-2344
-1586
-1048
317
1629
2399
2956
2914
2236
1437
602
-770
-2053
-2955
-3425
-3360
-3173
-2923
-2789
-2430
-1965
-1725
-1500
-1237
-677
-86
608
1328
1755
2252
2378
2080
1762
1333
743
448
3
-627
-740
-694
-369
24
400
628
818
1351
1851
2444
3023
3719
4227
4651
5257
5191
4869
4538
3891
3315
3066
2650
2149
1595
1264
1074
1180
-291
-3257
-5339
-7618
-7042
-4815
-3472
-2542
-2012
-2078
-2478
-1321
-1219
-450
2465
3230
4243
6830
8393
9296
7911
5033
2978
1162
-176
-2066
-4352
-5513
-5616
-5038
-4117
-3440
-3617
-3224
-2609
-2376
-1322
-305
832
2250
2900
3448
3964
4171
3989
2913
1185
-459
-1632
-2811
-3785
-4689
-5409
-4976
-4157
-3356
-2492
-2172
-1965
-1650
-1211
-731
197
1844
2813
3429
3416
2672
1709
459
-490
-2212
-3195
-2965
-3626
-3503
-2801
-2856
-2434
-1764
-1487
-1282
-645
59
383
1031
1574
1931
2426
2657
2401
1866
1493
859
135
-373
-875
-1098
-751
-129
254
544
807
688
1238
2190
2657
3393
4009
4333
4409
5034
4875
4396
4730
3841
3415
3156
2469
2061
1584
1179
937
72
-2801
-5097
-7205
-7835
-5533
-3549
-2641
-1770
-1692
-2523
-1541
-1193
-1069
1647
3305
3932
6134
7770
8702
8198
5368
3031
1132
-388
-1703
-3834
-5475
-5916
-5586
-4630
-3611
-3631
-3644
-3182
-2868
-2052
-1038
19
1477
2355
2869
3460
3450
3358
2588
975
-663
-2231
-3261
-4196
-5082
-5442
-5320
-4734
-3778
-3215
-3058
-2889
-2493
-1662
-1004
242
1587
2311
3023
2981
1883
795
-12
-1394
-2350
-2866
-3600
-3678
-3352
-3207
-3017
-2423
-1957
-1572
-1064
-590
-152
376
1087
1501
1983
2528
2586
2366
2100
1533
929
580
50
-404
-587
-501
-146
312
741
904
1146
1673
2144
2867
3648
4034
4455
4982
5161
5295
5380
4829
4316
3798
3259
3046
2754
2103
1498
1025
869
-812
-3772
-5429
-7218
-6553
-3750
-2580
-2095
-1238
-1725
-2315
-1269
-1317
-141
2852
3680
4618
6779
7955
8567
6824
3839
1965
121
-1054
-2588
-4735
-5687
-5680
-5087
-4161
-3760
-4093
-3909
-3345
-2910
-1950
-870
441
1745
2241
2654
2843
2866
2673
1287
-253
-1608
-2761
-3361
-4407
-5562
-5905
-5821
-5161
-4011
-3614
-3434
-2717
-2215
-1966
-863
217
839
2230
2644
1950
1798
1319
-301
-1447
-2180
-3559
-3707
-3326
-3759
-3406
-2689
-2505
-1988
-1407
-1148
-618
202
876
1350
1909
2422
2714
2704
2515
2171
1641
1239
815
275
-48
80
159
457
792
770
1105
1695
2386
3057
3815
4208
4306
4821
5063
5518
5898
5749
5474
4924
4465
4008
3476
3096
2454
1885
2109
-347
-3448
-5290
-7533
-6420
-3574
-2455
-1605
-522
-1563
-1976
-814
-1110
958
4013
4359
6048
8077
9055
9624
6985
4312
2453
321
-687
-2656
-4715
-5325
-5271
-4778
-3812
-3388
-3659
-3324
-3201
-2827
-1533
-170
1526
2678
2973
3330
3371
3241
2719
1244
-224
-1668
-2644
-3251
-4326
-4876
-5009
-5006
-4497
-3967
-3930
-3428
-2489
-1975
-1252
-247
362
1435
2506
2313
1786
1094
110
-1088
-1977
-2814
-3584
-3479
-3445
-3568
-3023
-2557
-2285
-1686
-1393
-1124
-547
265
772
1008
1438
1708
1942
2038
1932
1425
1044
776
319
30
-222
-412
-439
-61
185
408
789
1100
1535
2191
2977
3596
4063
4400
4718
4764
5002
5109
4388
4320
3878
2866
2633
2310
1419
1146
1240
-1917
-4469
-6207
-8592
-6567
-3928
-3232
-1974
-1399
-2393
-2486
-1724
-1539
553
3323
3790
5450
7481
8525
8737
5760
3205
1294
-631
-1554
-3568
-5252
-5522
-5312
-4741
-4068
-3976
-4146
-3960
-3794
-3239
-1839
-230
1525
2673
2927
3239
3181
2962
2225
813
-371
-1460
-2300
-3073
-4072
-4994
-5229
-4893
-4669
-4160
-3631
-3285
-2681
-2298
-1589
-677
713
2587
3294
3358
2844
1560
149
-857
-1848
-2907
-2659
-2630
-3293
-2875
-2643
-2730
-2280
-2040
-1760
-1182
-164
720
1083
1559
1985
2170
2397
2396
1953
1662
1445
924
663
380
29
-5
-256
-2
305
654
1266
1699
2206
2706
3538
3943
4349
4662
4533
5060
5065
4713
4829
4433
4109
3736
3110
2366
1424
1353
934
-1075
-3215
-5366
-6954
-5739
-3519
-2435
-1510
-839
-2188
-2907
-1927
-1743
566
3448
3970
5431
7192
8467
8689
6099
3521
1558
-47
-891
-2362
-3749
-4037
-3946
-4105
-3904
-3829
-4131
-4030
-4050
-3673
-2200
-310
1555
2589
2719
2878
2758
2548
2028
826
-43
-694
-1257
-1934
-2948
-3727
-4181
-4424
-4479
-4659
-4587
-4042
-3383
-2712
-1829
-768
336
1976
2460
2042
1840
1192
514
-212
-865
-1435
-1541
-1501
-2477
-3071
-2799
-2903
-2664
-2318
-2169
-1598
-562
390
673
976
1362
1704
1846
1859
1914
1785
1942
1801
1141
820
530
221
151
-41
132
448
845
1434
1821
2425
3257
3903
4160
4227
4414
4744
4970
5097
4959
4564
4313
3923
3082
2527
2285
1849
680
-2378
-5498
-7610
-7696
-5047
-2770
-1970
-1239
-1439
-3072
-3173
-2715
-1687
2008
4052
4499
6646
8264
9245
7999
4230
1872
358
-673
-1481
-3112
-3917
-3567
-3695
-4160
-4339
-4682
-4736
-4632
-4663
-3652
-1621
659
2433
2653
2420
2489
2315
2209
1376
267
-52
-445
-1087
-2104
-3415
-4216
-4436
-4848
-5171
-5042
-4698
-3784
-2776
-2101
-1435
-465
530
1075
1521
1559
1250
1071
356
-662
-1416
-1749
-2165
-2729
-2888
-3263
-3102
-2342
-2304
-2113
-1688
-1283
-616
-115
262
586
1009
1319
1361
1419
1549
1633
1690
1446
1132
963
671
640
416
360
619
887
1130
1581
2030
2400
3413
3766
3700
4149
4196
3967
4491
4598
4374
4926
4895
3912
3295
2907
1801
1787
699
-2639
-4611
-6155
-6190
-3628
-1663
-1429
-1270
-2021
-3966
-3866
-2937
-1129
2704
4088
4626
6636
7709
8572
7021
3708
2165
933
7
-425
-1548
-2165
-2186
-3176
-4280
-4646
-4995
-4969
-4689
-4515
-3123
-1053
736
2088
1980
1755
1997
1956
2066
1766
1252
1094
373
-746
-1951
-3369
-3913
-4081
-4491
-4514
-4321
-4157
-3790
-3281
-2827
-1828
-268
989
1816
2121
1863
1400
839
239
-506
-846
-934
-1389
-1877
-2441
-2741
-2602
-2486
-2406
-2239
-1866
-1171
-588
-140
221
488
899
1162
1225
1374
1765
1875
1886
1810
1396
1222
963
479
290
364
465
766
973
1243
1699
2274
2895
3111
3298
3470
3663
3970
4269
4241
4534
4654
4011
3653
3075
2116
2212
862
-3010
-4814
-6489
-6656
-3508
-2085
-2197
-1900
-3001
-5288
-5020
-3659
-1432
2687
4197
4363
5975
7140
7971
6511
3493
2381
1477
872
347
-986
-1446
-1740
-3087
-4634
-5257
-5332
-4943
-4415
-4213
-3150
-1301
351
1332
1078
797
1153
1461
1906
1825
1571
1730
1329
486
-507
-1590
-2592
-3246
-3990
-4835
-4486
-3912
-3527
-3020
-3043
-2854
-2001
-761
148
881
1480
1386
1275
731
256
317
27
49
-744
-1817
-1733
-1939
-2036
-1928
-2176
-2062
-1464
-976
-667
-230
136
527
831
877
1137
1421
1836
2278
2306
2364
2274
1819
1434
930
746
1033
1185
1485
1767
1804
2121
2634
3012
3296
3434
3222
3290
3653
4011
4435
4366
4155
3809
3287
3058
2732
314
-2737
-4884
-6414
-4911
-2220
-1448
-1958
-2901
-5369
-6682
-5027
-3200
297
3393
3300
3756
5127
6260
6813
5067
3213
2625
1926
1409
498
-555
-965
-1889
-3759
-5003
-5305
-5305
-4911
-4699
-4198
-2617
-1051
4
244
-177
2
491
1068
1578
1649
1965
1922
555
-814
-2143
-2998
-2529
-2349
-2702
-3061
-3355
-4150
-4255
-3584
-3305
-1833
-661
-366
496
1056
1250
960
33
-946
-1315
-915
-366
-235
-730
-1349
-1568
-1828
-1776
-1566
-1512
-998
-629
-395
6
157
194
-5
-179
-79
409
1167
1517
1752
1817
1623
1679
1721
1621
1667
1677
1641
1649
1809
2010
2266
2408
2419
2685
2842
3060
3302
3177
3555
3914
3728
3754
3316
3145
2956
2962
2186
-885
-3226
-4958
-4847
-2517
-882
-912
-2014
-3624
-6191
-6390
-4239
-1471
2448
3638
2680
3220
4274
5548
5702
4211
3742
3568
2968
2198
867
124
-380
-1660
-3300
-4005
-4033
-4113
-4166
-4360
-3742
-2189
-891
-219
-346
-502
-13
615
1374
1762
1837
2086
1843
1106
410
-927
-2106
-2462
-2976
-2938
-2385
-2232
-2639
-3134
-3794
-4227
-2929
-1095
185
1113
1075
634
151
-193
-466
-715
46
506
-348
-1098
-1680
-2071
-1665
-1162
-946
-844
-574
-567
-946
-871
-474
19
384
521
275
183
677
1061
1368
1528
1618
1609
1727
1830
1818
1892
1957
2049
1980
2020
2007
2182
2442
2686
2951
2710
2759
2861
2865
3263
3367
3130
3165
2908
2395
1546
-938
-3196
-4319
-4184
-2381
-694
-1074
-2351
-3919
-6548
-6521
-4330
-1559
2394
3349
2038
2044
2694
3903
4482
3596
3337
3413
2807
2093
1005
279
80
-1048
-2605
-3176
-3375
-3324
-3362
-3959
-3670
-2627
-1525
-719
-813
-838
-283
421
1104
1428
1473
1555
1387
930
314
-519
-938
-1192
-1571
-1561
-1807
-2203
-2713
-3416
-3684
-3402
-2104
-779
-83
-133
-492
-557
-682
-187
-193
-278
402
171
-434
-873
-1492
-1706
-1406
-1081
-803
-447
-215
-493
-1002
-1206
-1038
-503
86
373
140
130
385
441
804
1056
1187
1442
1630
1741
1734
1843
1919
2176
2471
2675
2805
2614
2506
2338
2409
2701
2858
3102
3324
3355
2847
2745
2488
2082
2394
173
-2433
-3785
-4375
-2306
-401
-200
-1602
-3221
-5365
-6847
-5108
-2723
906
3317
2141
1321
1661
2985
4304
3721
3220
3538
3276
2715
1541
486
340
-74
-1541
-2662
-2807
-2970
-3041
-3785
-4458
-3641
-2466
-1483
-1153
-1521
-1275
-635
22
659
789
827
805
483
59
-195
-501
-721
-1150
-1867
-2367
-2691
-2683
-2679
-2483
-2600
-2470
-1810
-1711
-1410
-1129
-762
-385
-186
-317
-962
-963
-648
-698
-951
-1177
-1295
-1281
-1129
-1050
-940
-399
22
-78
-286
-428
-398
-190
-48
-48
71
269
682
877
953
1098
1051
1123
1203
1443
1767
2293
2579
2732
3159
2961
3047
3185
2728
2979
3469
3372
3725
3851
3315
3335
3583
3097
2982
2697
-265
-2496
-3577
-3638
-1205
475
33
-1730
-3384
-5377
-5565
-3110
-613
2389
3201
1694
1089
1734
3587
4723
4223
4083
4092
3596
2805
1645
1008
1070
726
-492
-1167
-1360
-1724
-2139
-3101
-3517
-2903
-2074
-1423
-1172
-993
-659
-276
-29
200
626
1117
1347
997
333
-184
-375
-278
-296
-456
-774
-1330
-2098
-2932
-2953
-2316
-1366
-726
-1066
-1719
-1893
-1433
-1332
-1232
-1029
-1113
-772
-748
-1274
-1360
-1189
-1084
-1077
-1131
-889
-548
-322
-360
-647
-660
-337
-170
-274
-380
-414
-353
-300
-270
-151
208
699
900
813
847
861
1011
1347
1787
2203
2644
3029
2896
2818
2738
2875
3187
3344
3437
3181
2880
2763
2688
2430
2585
1937
-568
-2425
-3764
-3407
-1330
-323
-979
-2735
-4279
-5902
-5405
-2802
-134
2295
1982
107
-476
720
2935
3959
3666
3497
3294
2686
1756
916
786
1004
486
-833
-1355
-1343
-1589
-2149
-3216
-3389
-2706
-2102
-1841
-2069
-2030
-1535
-1077
-846
-600
-198
374
740
710
550
235
-326
-891
-1160
-1203
-512
-158
-1121
-2123
-2837
-3043
-2180
-938
-727
-771
-927
-1651
-1816
-1622
-1365
-1024
-584
-372
-709
-1089
-1227
-1275
-1273
-966
-598
-252
185
22
-710
-934
-694
-171
445
623
558
274
-128
-500
-536
46
911
1587
1592
1296
1050
909
1232
1527
2235
2860
3137
3314
2878
2809
2919
3303
3637
3776
3693
3016
2950
2654
2482
1579
-1105
-2446
-2882
-1751
-91
-281
-1923
-3831
-5244
-6539
-4910
-2035
489
2407
1047
-865
-484
1386
3390
3898
3427
3670
3895
3287
1990
1063
1125
1343
758
-467
-627
-643
-1129
-2032
-3041
-2716
-1777
-1261
-1419
-1904
-1921
-1340
-887
-807
-696
-262
189
391
193
-212
144
443
428
373
-23
2
-45
-664
-1442
-1621
-1086
-349
-42
-673
-1300
-1429
-1404
-1471
-1645
-1594
-1089
-835
-1139
-1559
-1825
-1409
-732
-358
-157
120
370
320
-25
-488
-533
-177
238
353
252
326
404
126
-235
-374
-38
659
1097
1067
819
1015
1376
1772
2075
2213
2346
2386
2367
2340
2664
3253
3642
3572
3295
3182
3065
3268
3291
2958
2006
-403
-2249
-3041
-1967
-157
187
-986
-3390
-4885
-6162
-5509
-2781
-528
1252
500
-1307
-1313
475
2733
3371
2989
3155
3494
3534
2689
1773
1685
1644
1215
130
-211
-152
-703
-1672
-2814
-2745
-1961
-1416
-1526
-2117
-2253
-1924
-1449
-1235
-1248
-909
-579
-405
-388
-460
-102
59
75
-279
-428
-90
8
-167
-946
-1186
-1016
-636
-195
-585
-1071
-1408
-1686
-1754
-1800
-1663
-1490
-1566
-1695
-2067
-2152
-1917
-1650
-1325
-1152
-650
-215
47
49
-425
-621
-555
-252
-36
14
57
-44
-264
-494
-467
-241
350
598
506
351
298
696
1009
1559
1928
2144
2255
2036
2018
2113
2678
3243
3223
3172
2914
2844
3230
3324
3250
1626
-736
-2256
-2689
-911
290
224
-1790
-4160
-5399
-6375
-4478
-2079
-130
594
-1191
-2504
-1680
945
3027
3135
2604
2673
3311
3594
2933
2539
2446
2280
1642
656
711
612
-46
-1293
-2403
-2205
-1392
-887
-1255
-1812
-2029
-1845
-1591
-1486
-1139
-491
-312
-349
-484
-767
-40
520
620
739
611
451
167
62
-306
-139
607
632
661
130
-742
-992
-1280
-1123
-1054
-1137
-1033
-1316
-1731
-2103
-2047
-1632
-1116
-753
-878
-711
-403
-228
51
36
211
535
596
617
436
257
208
154
4
18
475
729
827
609
336
557
936
1435
1738
2014
2096
1845
1667
1850
2470
3206
3452
3177
2739
2497
3011
3098
3370
2099
-462
-1580
-2254
-777
544
383
-1379
-3696
-4910
-5939
-4297
-2282
-859
-158
-1741
-2742
-1860
177
1962
2121
1738
2030
2508
2729
2287
2094
2219
2190
1750
1036
1110
767
32
-1005
-1933
-1607
-1104
-1068
-1581
-2270
-2474
-2232
-2120
-2043
-1717
-1327
-992
-973
-1216
-1172
-741
-508
-298
132
346
566
459
-94
-418
-294
106
559
831
656
204
-395
-950
-1245
-1079
-756
-720
-1036
-1723
-2298
-2411
-1986
-1502
-1158
-880
-826
-739
-614
-511
-315
-8
279
435
594
732
672
576
438
426
660
776
916
817
666
677
820
1063
1142
1540
1672
1945
2207
1994
2159
2081
2229
2618
2883
3064
2983
3147
2910
3079
2086
-181
-1078
-1568
-619
450
213
-1195
-2930
-4066
-5169
-4105
-2180
-656
36
-1233
-2514
-1955
-123
1444
1859
1662
2030
2440
2336
1863
1673
2012
2250
1905
1318
1303
1057
384
-442
-1105
-812
-334
-476
-937
-1497
-1889
-1865
-1948
-2132
-1825
-1383
-1017
-952
-1101
-1280
-1461
-1236
-1003
-357
564
781
319
-554
-994
-879
-72
962
1101
858
151
-764
-1071
-898
-606
-409
-518
-984
-1599
-2027
-2236
-2268
-2003
-1720
-1386
-1155
-1074
-1144
-1318
-1105
-751
-205
229
236
121
-113
-144
-47
222
605
734
740
574
382
495
644
819
1038
1235
1488
1593
1742
1701
1710
1951
2101
2265
2531
2467
2309
2620
2566
2684
1861
-35
-1034
-996
-177
220
-127
-1718
-2965
-3535
-4344
-3481
-1982
-1007
-714
-1554
-2162
-1107
553
1427
1406
1228
1864
2564
2553
2042
1780
1978
2171
1910
1421
1471
1214
405
-399
-713
-254
303
90
-655
-1144
-1411
-1288
-1512
-1827
-1566
-1382
-957
-941
-1267
-1417
-1224
-958
-843
-20
362
532
705
165
89
556
859
1067
1131
879
641
351
-33
-369
-484
-432
-561
-815
-1240
-1565
-1803
-1824
-1676
-1534
-1193
-1050
-1129
-1123
-1118
-912
-478
-118
123
168
88
4
158
293
589
862
844
805
597
580
617
833
989
1133
1387
1470
1670
1625
1560
1618
1707
1910
2345
2425
2423
2291
2146
2154
2204
2160
652
-394
-1022
-973
-116
-116
-862
-2158
-2860
-3765
-3773
-2581
-1716
-1028
-1318
-2089
-1903
-513
686
1081
1009
1101
1610
2022
1963
1658
1781
1827
1699
1426
1330
1334
873
194
-557
-605
-189
-110
-517
-975
-1277
-1461
-1527
-1824
-1950
-1737
-1419
-1307
-1453
-1358
-1263
-1151
-939
-780
-258
338
493
229
142
448
877
1268
1176
838
712
539
282
93
4
-137
-422
-786
-1105
-1232
-1315
-1508
-1664
-1603
-1343
-1078
-1004
-1098
-1119
-926
-641
-263
55
180
139
4
64
403
754
1011
896
759
753
839
1117
1150
1310
1374
1342
1507
1723
1867
1915
1872
1637
1906
2212
2216
2084
1935
1826
2029
2322
1212
103
-568
-821
-172
79
-312
-1432
-2411
-3246
-3731
-2731
-1737
-1149
-1301
-2115
-2123
-1147
156
812
653
659
1013
1518
1850
1685
1679
1647
1450
1213
1091
1262
978
390
-260
-623
-311
-123
-368
-828
-1246
-1407
-1523
-1647
-1834
-1709
-1607
-1732
-1702
-1806
-1696
-1489
-1278
-1081
-841
-277
-239
-223
1
129
533
849
863
750
762
681
424
247
124
18
-72
-359
-619
-859
-1036
-1213
-1453
-1396
-1315
-1125
-969
-1082
-1054
-917
-707
-529
-344
-193
-160
43
40
161
559
757
907
837
800
797
988
1192
1247
1334
1390
1579
1639
1796
1797
1608
1546
1688
1867
1963
2121
1838
1521
1421
1238
426
-343
-891
-1185
-656
-478
-916
-1939
-2862
-3690
-3798
-2616
-1738
-1144
-1466
-2431
-2470
-1381
-91
693
718
480
642
929
1172
1217
1457
1535
1403
1175
988
982
657
216
-289
-456
-171
-34
-312
-764
-1317
-1601
-1598
-1670
-1583
-1548
-1453
-1585
-1585
-1478
-1390
-930
-712
-353
-58
127
197
223
616
938
1263
1381
1281
1034
846
741
710
804
816
631
370
162
-141
-322
-482
-438
-289
-264
-271
-440
-557
-578
-529
-353
-179
65
255
331
331
295
380
607
919
1119
1292
1331
1276
1175
1144
1302
1543
1813
1778
1774
1792
1811
2018
2018
2028
2138
2093
2009
1935
1791
1744
1761
1729
1436
628
-291
-941
-966
-550
-380
-847
-1716
-2644
-3324
-3171
-2417
-1640
-1168
-1344
-1915
-1930
-1241
-342
372
595
584
662
816
858
909
1131
1228
1189
1041
828
646
420
20
-337
-406
-305
-384
-663
-1034
-1454
-1603
-1579
-1609
-1658
-1658
-1797
-1959
-1912
-1798
-1496
-1104
-833
-724
-508
-326
-167
219
443
585
797
877
917
938
870
776
674
640
491
403
307
-9
-254
-397
-449
-474
-441
-527
-717
-719
-717
-674
-520
-471
-455
-348
-240
-93
80
191
175
182
276
423
729
966
1043
966
847
828
885
1098
1314
1506
1619
1547
1470
1338
1274
1350
1563
1767
1731
1481
1063
803
544
16
-542
-981
-1106
-909
-903
-1366
-2119
-2868
-3415
-3338
-2652
-1915
-1338
-1348
-1942
-2164
-1782
-927
-14
512
644
595
518
444
554
897
1181
1209
1027
803
585
407
185
-8
-72
-136
-296
-527
-842
-1206
-1480
-1669
-1620
-1441
-1452
-1596
-1691
-1801
-1717
-1351
-1119
-824
-406
-237
-152
48
230
507
828
924
990
1105
1109
960
754
625
602
686
676
557
386
108
-169
-330
-324
-208
-100
-107
-237
-371
-407
-405
-346
-202
-50
116
247
302
333
393
465
556
697
894
1084
1147
1109
1048
1038
1090
1194
1306
1463
1599
1643
1643
1587
1533
1514
1572
1646
1687
1721
1554
1328
1068
563
69
-361
-642
-612
-562
-712
-1115
-1655
-2207
-2558
-2417
-2021
-1472
-1017
-1001
-1146
-1175
-1023
-663
-193
246
570
747
746
615
592
677
774
842
803
692
551
370
204
122
47
-64
-280
-510
-629
-649
-562
-607
-826
-1105
-1324
-1337
-1138
-814
-577
-485
-511
-622
-581
-405
-92
299
547
643
605
581
590
604
630
562
501
461
336
212
38
-96
-191
-274
-309
-372
-429
-504
-562
-568
-513
-431
-395
-428
-470
-479
-381
-227
-86
13
-5
-39
-38
14
138
308
474
544
491
381
314
375
558
759
885
942
917
848
845
923
1080
1259
1367
1339
1215
1114
1055
1063
1075
928
720
501
297
177
116
37
-94
-243
-498
-720
-821
-830
-752
-708
-755
-842
-908
-954
-890
-790
-702
-634
-650
-711
-716
-628
-483
-311
-221
-209
-239
-292
-274
-180
-96
-70
-114
-203
-246
-219
-178
-192
-328
-496
-602
-626
-556
-469
-492
-569
-630
-683
-639
-516
-448
-411
-381
-412
-394
-320
-253
-186
-163
-198
-223
-199
-140
-82
-90
-165
-240
-264
-219
-125
-88
-100
-149
-206
-222
-213
-188
-174
-139
-122
-125
-78
-18
16
26
7
17
90
209
350
467
537
564
562
557
626
758
924
1127
1263
1314
1331
1335
1354
1443
1583
1679
1732
1702
1587
1389
1124
884
714
656
642
527
270
-65
-408
-675
-811
-841
-772
-720
-776
-920
-1032
-1012
-847
-640
-522
-464
-462
-468
-408
-282
-117
18
66
19
-36
-31
32
102
161
184
136
68
-28
-109
-97
-38
-28
-80
-174
-294
-383
-412
-410
-362
-292
-280
-299
-324
-314
-267
-195
-134
-114
-98
-66
-26
10
24
1
-26
-41
-40
-59
-77
-119
-169
-214
-247
-233
-229
-244
-309
-375
-389
-346
-290
-274
-284
-322
-350
-331
-295
-232
-138
-71
-46
-45
-26
42
138
254
349
435
508
564
620
696
815
954
1083
1174
1199
1209
1225
1253
1279
1307
1308
1228
1068
834
583
377
230
174
86
-86
-337
-676
-983
-1175
-1214
-1111
-986
-968
-1102
-1272
-1349
-1223
-919
-629
-444
-435
-493
-492
-371
-105
158
320
315
180
85
101
241
369
391
307
148
15
-71
-86
-63
-80
-159
-294
-433
-502
-509
-477
-439
-410
-408
-418
-399
-378
-298
-191
-104
-42
-26
-26
-12
54
125
168
159
107
54
23
35
66
61
20
-41
-115
-151
-128
-86
-64
-82
-130
-181
-166
-127
-95
-74
-99
-112
-121
-93
-40
9
51
63
81
121
177
262
361
453
533
596
635
668
752
878
1012
1126
1165
1135
1096
1064
1097
1166
1208
1163
988
741
487
300
207
181
115
-52
-299
-593
-869
-1029
-1071
-1004
-908
-894
-973
-1103
-1164
-1063
-805
-517
-329
-266
-303
-300
-187
26
292
456
480
375
268
264
352
471
495
401
220
52
-44
-86
-80
-125
-227
-376
-527
-614
-632
-590
-553
-553
-576
-624
-646
-607
-518
-389
-279
-223
-222
-228
-191
-102
33
133
163
131
84
81
120
178
206
180
111
44
13
24
51
52
7
-80
-167
-209
-201
-171
-166
-198
-261
-308
-324
-283
-208
-137
-99
-88
-87
-62
29
150
277
383
446
483
536
616
729
867
970
1033
1057
1047
1042
1052
1053
1051
1024
925
766
572
368
216
113
29
-64
-197
-403
-639
-840
-977
-991
-914
-848
-857
-938
-1032
-1035
-889
-662
-442
-326
-317
-337
-297
-151
74
289
403
400
318
273
324
451
572
597
514
364
233
165
187
227
223
128
-60
-255
-371
-383
-297
-204
-204
-298
-447
-558
-559
-442
-262
-124
-90
-165
-264
-273
-158
27
173
193
105
-4
-39
27
121
197
184
91
-19
-91
-82
-29
20
-19
-116
-218
-293
-311
-311
-308
-324
-348
-396
-433
-450
-440
-390
-338
-290
-236
-184
-144
-88
-6
107
241
362
441
513
585
680
806
915
1017
1074
1082
1068
1041
1034
1039
1028
928
774
574
378
270
202
133
29
-155
-398
-629
-790
-840
-788
-731
-735
-822
-935
-965
-867
-684
-493
-370
-336
-334
-301
-196
-19
172
298
328
296
281
327
416
496
513
459
351
249
180
156
143
95
6
-130
-253
-317
-348
-344
-328
-335
-374
-404
-411
-382
-299
-220
-161
-128
-108
-71
-11
63
131
178
180
175
167
176
200
214
200
158
105
64
34
7
-21
-58
-106
-163
-212
-243
-253
-258
-280
-305
-336
-345
-329
-298
-264
-228
-194
-168
-122
-71
-9
68
140
207
265
333
402
465
533
576
629
672
711
747
757
755
730
691
644
590
536
457
346
216
101
12
-58
-118
-200
-313
-441
-556
-630
-631
-599
-568
-565
-593
-607
-570
-485
-378
-277
-211
-167
-121
-58
33
130
208
250
259
268
292
328
347
340
307
254
205
160
121
74
18
-50
-126
-195
-252
-294
-340
-376
-398
-402
-400
-390
-372
-352
-322
-283
-239
-187
-131
-76
-15
37
79
117
147
179
208
227
244
242
235
223
208
198
177
146
101
49
3
-39
-65
-92
-123
-170
-219
-261
-292
-299
-291
-284
-278
-278
-265
-238
-201
-156
-107
-55
-2
65
128
191
253
308
369
422
473
513
543
555
554
550
539
526
501
460
388
296
202
116
53
6
-44
-112
-203
-307
-401
-471
-495
-487
-470
-460
-469
-479
-471
-426
-349
-265
-199
-148
-109
-68
-4
69
144
196
222
235
242
267
294
310
301
270
227
178
146
119
88
37
-22
-86
-147
-190
-228
-259
-283
-305
-315
-316
-312
-301
-287
-273
-248
-211
-172
-126
-82
-47
-15
19
50
83
125
157
184
201
207
211
212
215
213
204
190
166
132
103
78
59
33
6
-26
-63
-81
-97
-103
-108
-110
-113
-116
-106
-94
-68
-42
-15
12
34
67
106
144
188
228
260
289
319
344
360
375
375
375
370
357
342
320
285
239
188
138
94
60
26
-12
-65
-124
-182
-227
-250
-259
-260
-257
-260
-265
-263
-245
-214
-174
-141
-119
-98
-75
-46
-13
21
46
65
73
77
85
85
91
89
80
69
58
43
21
-4
-31
-57
-77
-92
-114
-134
-152
-166
-175
-172
-172
-174
-167
-170
-164
-153
-135
-118
-103
-92
-80
-61
-47
-29
-20
-17
-13
-5
2
8
9
8
4
-3
-6
-10
-14
-20
-29
-37
-46
-51
-59
-68
-71
-75
-73
-69
-65
-64
-60
-52
-43
-31
-20
-6
7
20
32
41
55
71
89
101
112
121
128
140
150
157
158
159
156
157
151
143
130
117
102
80
64
46
