SAMPLES:	8981
BITSPERSAMPLE:	16
CHANNELS:	1
SAMPLERATE:	16000
NORMALIZED:	FALSE
12
23
4
30
21
34
19
24
3
9
2
10
14
16
32
9
18
-8
13
-3
14
3
-1
22
1
-2
-36
-21
-39
-43
-26
-42
2
-26
11
17
-27
28
-3
-13
10
-12
9
37
25
51
49
19
29
9
19
40
20
38
38
19
15
7
-14
7
24
-5
23
-5
8
2
-28
-28
-25
-42
-13
-2
-35
22
-36
-31
-6
-76
-33
-11
-89
25
-23
-29
53
-43
25
15
-26
39
-1
-15
82
4
40
53
-59
46
7
-6
72
-15
30
55
-27
65
-8
-15
84
-34
47
28
-41
62
-43
20
1
-57
5
-47
-11
-36
-9
-29
13
10
-13
5
-16
22
12
-12
14
16
-10
37
-5
-3
31
-9
51
5
-30
70
-18
30
81
-23
67
-3
-14
49
-56
34
28
-13
53
0
10
16
21
-5
22
3
-6
6
-22
-16
5
25
4
45
-42
-18
-31
-62
38
-40
14
47
-31
56
-56
-8
20
-41
41
-39
32
6
-36
56
-25
2
47
7
40
12
9
14
-44
22
37
35
28
40
-18
4
4
-19
-6
-12
-3
-11
-31
-103
29
-109
-78
36
-144
38
-33
-48
65
-118
18
-41
-82
-11
25
-29
39
-4
-66
87
-140
50
-9
-107
109
-32
41
63
-46
43
-35
-37
42
-46
3
85
-64
84
43
-120
100
-85
16
-8
-87
55
-117
15
23
-102
29
-53
-24
4
29
-93
73
-6
-103
206
-149
114
4
-2
100
-91
89
-5
-65
45
-3
-55
63
31
29
27
58
-41
74
13
-72
74
-37
-52
78
-79
-45
47
-75
92
-65
38
68
-102
116
-30
-28
36
-19
-36
-4
26
-112
28
-41
-71
82
-46
23
86
-112
93
-102
3
78
-147
192
-22
-52
163
-93
47
70
-34
92
42
69
2
63
-4
-59
8
-35
-38
26
-5
81
-30
33
82
-52
83
25
-67
6
-28
-60
81
-83
46
-45
-6
13
-92
138
-105
45
62
-46
53
-24
24
-46
13
7
0
10
5
-49
17
87
-163
222
-65
-42
211
-202
151
15
-75
209
-138
108
82
-96
118
-7
-32
-8
44
-124
-27
39
-161
58
-5
-117
104
-119
0
27
-188
135
-143
-17
34
-121
108
-116
16
-70
-35
-72
-55
53
-80
-70
109
-98
-42
95
-128
36
-46
10
35
-73
82
-32
17
-9
5
51
-156
140
-121
5
51
-89
89
37
-79
66
46
-122
155
-10
-28
154
-161
78
-9
-137
128
-45
0
39
11
22
83
-62
92
56
-3
117
34
-39
-4
37
-60
125
-137
100
-61
10
23
-65
150
-156
108
-67
116
-163
149
-74
-116
57
-21
53
-96
24
-78
13
-192
154
-193
-9
-12
-89
57
-199
51
-84
-11
-31
5
31
-120
21
89
-206
110
78
-113
129
30
-100
70
-141
128
-59
-18
233
-155
67
39
-51
-72
120
-51
-60
200
-109
58
69
-56
2
11
-24
-23
-4
-130
92
-128
3
107
-202
193
-52
-75
117
-10
13
-19
62
-71
132
-128
91
33
-147
136
-114
39
43
-19
46
29
-17
35
7
-11
-6
-48
61
-73
38
40
5
64
-36
63
-29
-41
-11
50
-103
113
-87
54
165
-237
217
-144
-101
31
42
-96
44
5
24
5
-29
207
-137
47
28
-20
-50
93
-94
140
-132
249
-65
-38
129
-145
145
-37
81
-22
174
-11
158
-39
-18
164
-337
292
-74
-116
206
-130
86
-74
130
-71
11
-90
228
-112
-11
249
-226
206
-59
94
82
-76
79
117
-182
168
-117
99
35
-92
239
-137
20
56
-133
-8
58
-119
151
-172
148
-121
39
61
-136
102
-146
95
-163
114
-42
-27
-30
-14
-79
19
-4
-136
286
-327
203
43
-146
101
4
-160
98
-109
44
29
-256
321
-361
136
16
-199
254
-243
156
-143
88
-4
-59
149
-234
266
-218
10
39
-144
10
40
-158
211
-183
49
163
-368
210
-116
-64
27
-23
-80
-51
20
-71
-80
104
-160
0
7
-181
127
-135
6
23
-63
115
-65
21
70
-217
130
33
-166
210
-63
-51
167
-187
188
-102
61
133
-96
157
-56
57
-16
8
109
-86
75
13
54
-8
105
-103
111
-83
89
7
-167
173
-138
15
4
45
-192
269
-183
79
66
-234
256
-207
103
-53
-52
-21
-15
-89
30
16
-144
192
-115
21
59
23
-106
114
-192
164
-5
-98
174
-18
-27
47
42
-61
100
-159
331
-313
126
81
-273
269
-184
169
-88
122
-194
274
-144
70
115
-127
185
-205
232
-87
-144
183
-142
42
-60
-6
50
-173
95
-49
-44
57
-95
64
-78
-60
28
-10
-113
90
-82
-40
11
-180
114
-119
172
-202
99
116
-170
149
-3
-57
-68
168
-95
135
-215
320
-226
8
80
-123
103
-105
92
30
-80
77
34
-79
199
-220
350
-131
30
217
-124
15
109
-127
31
83
-80
111
-227
322
-240
-40
278
-359
291
-2
-131
222
-123
79
-46
5
-34
115
-182
255
-284
93
164
-293
244
-90
-19
73
13
6
135
-147
237
-146
3
209
-266
230
-104
-6
69
-78
63
-28
72
19
-12
99
-62
80
8
-112
141
-90
10
92
-143
181
-166
75
14
-190
16
80
-222
218
-164
7
98
-351
463
-407
355
-66
-76
361
-400
416
-163
17
120
-264
423
-368
352
-25
-99
326
-529
587
-427
69
287
-354
385
-318
264
-172
135
-170
49
-88
-73
271
-442
499
-383
128
-139
-31
-1
-299
339
-333
81
60
-107
-46
-85
-160
119
-327
202
-173
52
15
-92
-87
-53
-5
-135
127
-278
196
-107
-47
34
-108
86
-73
-154
169
-139
-128
142
-161
-57
166
-228
3
52
-172
175
-188
181
-151
188
-270
170
-41
-82
216
-342
466
-351
247
50
-131
225
-31
-97
170
103
-235
341
-281
342
-125
-78
433
-444
438
-165
-103
382
-314
280
-193
97
-39
-86
104
-13
70
-44
225
-266
397
-321
147
80
-112
121
-132
127
-203
345
-349
143
80
-246
465
-366
373
-121
67
126
-3
53
-104
261
-273
349
-263
184
-92
-160
336
-265
102
93
-32
168
-73
-69
310
-306
303
-126
163
6
-22
183
-192
292
-200
110
-76
143
-36
122
-38
180
-217
157
-93
-125
302
-545
563
-274
104
38
20
-86
304
-284
165
158
-229
263
-207
137
-134
129
-301
457
-441
249
-97
162
-75
44
-86
162
-155
-113
340
-504
526
-690
613
-460
72
156
-236
182
-286
257
-311
203
-212
121
-34
-162
235
-179
26
-58
70
-203
61
-154
128
-71
-287
634
-836
706
-348
-114
156
-383
370
-200
106
20
-22
-183
187
-389
421
-313
153
-54
152
-108
-150
206
-413
280
-292
290
-248
135
37
3
204
-186
216
-250
186
-51
-25
-33
134
-308
310
-256
6
384
-421
258
1
-148
182
2
-394
351
-448
26
151
-248
363
-177
127
170
-117
-31
34
-93
-109
326
-307
225
89
-201
246
-369
266
-17
162
-95
60
185
-125
393
-483
366
-212
-44
254
-69
-100
313
-416
99
42
-237
447
-498
259
41
49
-114
164
-405
337
-177
102
301
-532
668
-332
217
120
-174
104
-146
22
7
108
-109
126
-192
17
177
-424
274
-229
-193
443
-431
110
6
-102
-110
166
-350
210
71
-577
655
-527
293
-96
-122
64
-178
83
-54
78
-447
163
-27
-97
-61
176
-338
310
-216
93
169
-242
111
47
-244
353
-309
-95
383
-556
491
-215
-65
417
-424
70
76
-280
326
-43
-73
113
-209
389
27
-422
449
-201
71
66
-249
390
-567
579
-267
-323
463
-287
42
196
-218
255
-65
6
228
-193
50
99
-141
-47
143
-366
419
-380
478
-207
-288
776
-705
346
378
-528
235
136
-476
600
-596
230
172
-445
533
-546
582
-322
188
133
-182
188
259
-296
322
-204
19
439
-750
565
-124
-229
131
315
-431
427
-201
216
174
-273
394
-329
195
35
97
-125
414
-613
447
17
-383
550
-685
166
134
-276
282
83
-210
-2
83
-289
211
-183
-202
277
-360
335
-304
23
-202
117
-365
53
112
-568
683
-395
161
104
-61
-207
612
-848
471
-313
88
229
-367
314
70
-484
428
-148
-332
497
-513
410
92
-343
159
-48
-306
261
-307
242
-121
119
90
-103
34
287
-554
132
-209
138
-59
158
-96
-504
617
-363
204
-91
-87
-202
634
-640
373
-112
-309
577
-788
390
-253
-75
32
39
-69
239
-372
297
103
-227
213
-45
-4
-63
283
21
9
-43
2
-188
658
-521
419
-122
-113
776
-924
847
-300
-502
1043
-884
352
178
-707
1152
-635
19
441
-683
456
-183
-83
412
-830
596
-200
-240
414
-445
251
-263
286
-202
38
108
-249
105
-1
-409
503
-145
-277
183
-340
734
-429
44
30
-166
-14
239
-368
290
79
-265
818
-856
541
-41
-29
442
-530
393
208
-623
665
80
-585
730
-632
373
214
-611
594
-231
52
121
81
-281
327
-143
-205
569
-489
313
-230
-155
347
-329
-199
814
-1054
338
436
-713
756
-609
113
100
28
-106
205
-481
222
451
-806
804
-445
-13
348
-373
-7
267
-269
261
-136
-88
250
-268
467
-655
458
-396
225
150
-330
371
23
-361
354
-8
-325
209
128
-72
277
97
-436
319
109
-409
234
19
-426
470
-623
794
-589
318
55
-560
607
-303
-90
-76
340
-273
311
-74
-109
-154
-81
549
-707
587
-56
-602
833
-337
-18
317
-403
218
102
-500
663
-713
325
498
-975
952
-431
-292
639
-756
332
266
-855
930
-484
-13
609
-751
345
44
-326
622
-287
16
472
-413
519
-200
-414
95
256
-193
394
-242
257
-294
226
-167
194
-66
-2
97
-148
59
95
386
-688
558
-379
-52
93
-539
307
57
83
373
-451
123
-5
-76
-158
441
-564
694
-371
-169
555
-745
718
-852
571
-355
159
38
-618
794
-798
734
-324
-415
564
-301
-39
181
-320
-91
773
-703
259
47
-536
548
-312
-9
171
-286
723
-429
199
141
-476
-133
-256
223
-130
317
-333
244
-81
-137
21
-492
263
-88
573
-544
-49
256
-558
372
-380
247
-68
40
69
-314
136
-121
210
-482
302
-218
-216
935
-720
276
-458
178
289
-241
-294
-123
780
-238
-95
-31
-407
-32
424
-163
-29
287
-161
278
-296
287
192
-909
528
-304
343
89
118
-74
112
223
-150
229
-423
452
-77
49
115
404
-165
-657
321
297
-551
1201
-705
-125
549
-291
456
-524
558
-201
28
309
176
-797
269
217
13
572
-485
280
-357
832
-765
334
-200
-194
844
-602
339
-27
46
115
183
-89
392
-180
219
214
-61
200
-414
-201
174
346
59
-350
416
-49
195
-837
178
-143
-388
576
-140
-328
229
8
-474
543
-897
645
-29
-59
494
-703
63
211
-278
107
-100
-360
382
-353
150
208
-405
280
-348
-134
116
-126
112
-255
231
-269
212
-29
-455
622
-438
-316
192
122
51
125
25
409
-104
-199
-299
-321
58
180
279
163
-302
224
229
-430
171
-341
377
-427
355
137
47
245
-381
401
-470
-199
-236
-98
30
193
30
-240
372
-557
-248
208
-581
5
-52
319
-598
-225
364
-191
-351
389
337
-151
102
-348
387
112
313
459
-526
-55
652
-125
-258
-274
-86
-42
-31
-344
-213
175
-367
861
-394
28
301
-142
657
-26
456
98
-603
5
58
47
226
-384
-12
370
417
-118
-234
71
-63
380
267
-129
179
-17
177
321
-228
-259
-267
-322
157
21
2
60
-325
84
-160
-71
140
21
232
405
141
40
-34
-467
-269
-4
-196
-256
232
249
84
102
-115
-73
-94
-17
298
-186
166
577
-169
381
-59
-317
94
-310
239
-42
59
-247
-185
383
15
-254
-310
-12
-27
257
90
-152
-243
120
189
-30
-108
39
393
-74
-52
178
141
97
319
-179
-422
53
-222
-284
-337
-743
8
-216
-80
34
-93
26
-502
-384
18
21
104
206
24
-4
209
411
-127
-111
-8
54
572
429
601
378
-267
8
-128
-195
296
347
222
179
265
372
28
-206
-194
-269
-13
191
117
-126
155
194
261
185
-82
99
64
141
152
-152
113
269
223
111
160
-102
-196
361
133
368
262
87
202
-257
-56
-110
-318
300
120
399
514
65
411
14
-236
260
344
408
451
122
148
-18
-39
-52
-98
156
233
356
405
14
-64
-168
-246
-250
7
406
309
392
253
54
157
118
-22
-102
-148
420
544
376
193
-71
-194
-346
-434
-553
-387
-376
-506
-567
-582
-1039
-1334
-1578
-1592
-1341
-1480
-1269
-1600
-1768
-1931
-2270
-2128
-2092
-1852
-1675
-1713
-1528
-1427
-1162
-1192
-1112
-943
-638
-272
-208
-2
-28
136
541
573
892
1180
1407
1383
1416
1317
1259
1501
1363
1727
2041
2360
2728
2816
2813
2931
2920
3589
3798
3981
4528
3970
4254
4271
4462
4526
4255
4310
4956
5370
5755
6386
5721
6502
2851
-2326
-4936
-7304
-3579
-1778
-2233
-1577
-4249
-5152
-6346
-9477
-9103
-9094
-7878
-4141
-2232
22
-62
-3756
-6171
-6762
-4927
-1991
152
554
875
366
-1195
-1916
-3856
-4411
-4017
-3376
-844
-69
-608
-2246
-5223
-6394
-6351
-5334
-3546
-2552
-2212
-2216
-2645
-3400
-3613
-3739
-2912
-1325
482
2670
3587
3152
2868
2169
2678
3669
4483
5902
6742
7092
7249
6443
5328
4752
3973
4458
5304
6145
6516
6688
5226
4716
3926
3368
5095
4505
6731
7793
8225
9875
8607
8715
5226
-3454
-7574
-9045
-4188
2166
964
137
-2917
-5841
-6681
-10505
-11132
-9102
-7418
-2783
772
3228
3149
-2266
-7448
-8344
-4258
1705
5505
6464
6252
5510
3503
1403
34
-1890
-3208
-3629
-2239
158
-2473
-7771
-12281
-14470
-11295
-7820
-6194
-4556
-4945
-4888
-4425
-5529
-4769
-4213
-4120
-1770
109
1640
1648
-847
-2080
-1838
136
2956
4288
5048
5451
5500
5045
4109
3296
2481
2918
3532
4792
5496
4084
1889
209
739
2841
4707
5743
6886
7443
8721
8864
8546
8865
8685
9753
10325
12459
14926
17702
11154
-4495
-13970
-17167
-6405
2300
1167
151
-5078
-7494
-9614
-16628
-16996
-15192
-12323
-3986
2659
8622
8959
-1850
-10879
-12186
-4750
7004
12411
13704
12425
9270
5577
1666
-835
-2823
-4824
-5612
-2068
3510
3973
-2659
-14124
-21049
-21841
-20575
-13947
-9894
-5961
-3086
-4638
-4049
-4703
-5286
-4890
-4878
37
7462
10821
10403
5554
-27
-1721
-2496
-593
2550
4549
6157
4598
2318
603
-1317
-2054
-1995
-509
1818
2943
2184
756
-321
-352
155
1395
3824
6774
8812
9052
8842
8195
7715
8709
9019
10255
10725
10625
9828
10481
5292
-6922
-13412
-15808
-6341
828
-1022
-2426
-6631
-8021
-8266
-12416
-11020
-6876
-4160
1308
4017
6255
6791
-53
-4572
-3999
1486
9209
10625
9161
7168
4553
2249
-803
-2301
-2276
-2876
-3821
-2962
-1257
-1278
-5092
-10657
-12369
-9770
-5614
-2680
-1417
-1058
-1167
-1911
-2296
-1298
-229
863
1382
2411
4521
5067
3572
830
-1225
-570
565
1332
1843
1257
485
-837
-2275
-2250
-1709
-1322
-1109
-865
-2
527
77
-397
-232
1054
2450
3215
3690
4226
4810
4674
4552
4471
4748
5283
4946
4513
4460
4531
4322
4013
3521
3384
-1699
-7774
-9779
-8386
-2457
-1388
-3212
-4051
-5216
-4628
-5476
-6727
-4278
-1642
709
3499
4755
6030
4588
295
-1317
384
4643
7255
5899
4140
2654
900
-1088
-2901
-3431
-3309
-4422
-5367
-4082
-2420
-2684
-6020
-9113
-8186
-4857
-1638
1
659
1050
1389
1689
2141
2674
2113
1459
1320
2686
4825
4222
1496
-1674
-3111
-2120
-1270
-886
-892
-1309
-1284
-1415
-1867
-1799
-2178
-2493
-1645
-8
1887
2591
1458
358
141
1268
2623
3184
3748
4278
4374
4213
3752
3316
3081
2363
2715
2860
3696
3625
2639
1919
1680
2431
2543
552
-4669
-7958
-8315
-5076
-1528
-1756
-2644
-3815
-4106
-3491
-3704
-3357
-1761
-268
1710
4265
5825
6275
3554
-115
-723
1456
4945
5550
3416
1379
101
-748
-2055
-3253
-4022
-4893
-6376
-6301
-4352
-2666
-3311
-6631
-7818
-5639
-2000
616
839
959
1728
2818
3260
3544
3482
2509
1159
512
1933
3654
2974
-57
-3767
-4924
-3829
-2808
-2429
-2634
-2490
-1993
-1744
-1482
-1054
-1251
-1223
-586
1170
3587
4373
3294
1878
1512
2555
3872
4377
4685
5190
5718
6177
5789
4918
4028
3519
3418
4359
5311
5292
5817
5160
4980
4181
1861
-4047
-11249
-13811
-11077
-4385
-1278
-2604
-4970
-6558
-7458
-7880
-7898
-6014
-1944
918
4800
8239
9965
9060
3588
-505
147
5104
9767
9547
6269
2872
647
-1822
-3858
-5527
-6964
-9275
-11578
-10194
-6905
-4607
-6860
-11339
-12221
-8734
-3376
-235
799
895
2036
3590
4357
5105
4375
2529
597
356
2575
4267
3022
-982
-4614
-5547
-4625
-3732
-3831
-4199
-4099
-3548
-2857
-1857
-1438
-1569
-2254
-2256
-430
2175
4014
3599
2680
2907
4118
5527
6345
6317
7093
7916
8403
8724
8249
7437
6756
6479
7094
8243
8401
8654
7931
5987
4858
464
-6933
-11853
-13664
-9481
-5220
-5038
-5283
-5880
-7081
-7972
-9769
-9247
-5528
-2970
847
4372
7810
11277
9779
6383
3837
3812
6640
7578
6820
6331
5513
4142
1674
-1571
-3979
-7327
-11510
-13064
-11511
-7290
-4987
-6387
-8248
-9093
-7831
-6470
-5361
-3777
-1968
450
2366
4153
5149
4090
1431
-856
-648
1837
3878
3858
1937
-353
-1801
-2940
-3744
-4388
-4913
-4768
-4379
-3077
-1402
-1083
-2041
-3802
-4279
-2397
306
2539
3214
2799
2986
3819
5030
5885
5917
5645
5276
5991
6902
8308
8525
7351
6414
5818
6393
7404
7789
7719
7323
6216
4910
-390
-6429
-9570
-9738
-6530
-4891
-4315
-3130
-3263
-4413
-6182
-7678
-6415
-4668
-3611
-1011
1849
5437
7561
5967
3766
2480
2471
3257
2918
2865
3895
4146
3668
2542
1050
-452
-3773
-7508
-8827
-7460
-4861
-3927
-4559
-5042
-4933
-4937
-5240
-5448
-5039
-4110
-3156
-1382
552
1579
843
-676
-1316
-736
694
881
-343
-1372
-1598
-979
-905
-1644
-2466
-2915
-3018
-2769
-1861
-863
-572
-997
-1025
-47
1392
1921
1599
1136
1070
2366
3208
3325
2949
1995
1389
1109
1738
2548
3078
2910
2273
2823
3666
3963
3832
3599
4314
6144
7362
8113
8001
6705
4176
312
-1496
-750
1111
1860
1000
540
1318
1579
298
-1812
-3313
-3191
-3468
-3750
-3087
-2053
-547
-248
-937
-1330
-1216
-1462
-2123
-2978
-2859
-1684
-1022
-60
899
1831
1940
161
-1922
-2941
-2541
-1790
-1504
-1559
-905
38
593
805
357
-117
-1278
-2916
-3947
-4283
-3683
-3319
-3433
-3004
-1765
-634
-661
-1851
-2894
-2937
-2495
-1611
-846
-21
354
-324
-703
-581
307
902
-12
-816
-1169
-495
495
639
685
665
601
425
132
-86
-351
-859
-805
-54
1029
1870
1910
1507
1344
1622
2111
2496
2800
3112
3139
3357
3796
4805
5670
6096
6349
6465
5481
3124
937
-73
555
1183
1222
1295
1756
2394
2225
1269
285
-473
-1857
-3099
-3395
-2364
-342
462
-15
-828
-1223
-1348
-2109
-3031
-3037
-2411
-1626
-798
282
1639
1648
31
-1621
-2198
-1505
-782
-775
-813
-522
-218
-139
-397
-549
-650
-1166
-1793
-2160
-1951
-2113
-2991
-3604
-3741
-2749
-1471
-896
-1042
-1425
-1546
-1514
-1303
-1131
-871
-1156
-1670
-1876
-1681
-1112
-1241
-1804
-2285
-2082
-1643
-1459
-1104
-838
-413
238
684
622
168
-525
-936
-665
31
695
887
873
620
586
876
1131
1541
2079
2691
3368
3862
4012
4060
4145
4762
5963
6742
6934
5700
3243
1407
522
1197
1915
2145
2224
2591
3137
3107
2382
1023
57
-885
-1264
-1046
-557
261
85
-663
-1348
-1377
-1177
-1459
-2065
-2161
-1369
-813
-401
-138
343
462
-517
-1513
-2054
-1612
-1228
-1318
-1578
-1611
-1495
-1347
-1172
-908
-395
-539
-1148
-2199
-2873
-2899
-2800
-2279
-1959
-1492
-1195
-1418
-1922
-2467
-3003
-3602
-3771
-3376
-2367
-1462
-1353
-1748
-2006
-2098
-1923
-1706
-1718
-1710
-1730
-1348
-667
-107
347
274
-158
-494
-460
-28
679
1140
1169
1004
887
1130
1321
1442
1291
1059
1196
1657
2426
2871
3040
2913
2893
3346
4165
5557
6346
6221
5701
4410
3269
2668
2726
3544
4003
3950
3913
3857
3636
2977
1611
555
-376
-1159
-1375
-1524
-1020
-444
-778
-1501
-2005
-1809
-1396
-1597
-1950
-1855
-1429
-791
-336
113
713
392
-624
-1582
-1776
-1247
-987
-1422
-1759
-1656
-1308
-927
-795
-564
-553
-1258
-2512
-3712
-4265
-3947
-3712
-3679
-3310
-2721
-2130
-2196
-2595
-2982
-3184
-3082
-2729
-1953
-1182
-923
-1276
-1473
-1292
-969
-733
-704
-642
-593
-402
-119
168
388
632
540
185
82
-77
111
54
109
339
528
758
944
1126
1003
937
1049
1238
1700
2158
2702
3368
3830
4175
4453
4924
5486
5842
5580
4312
2628
1676
1604
2393
3011
2791
2593
2464
2461
2200
1355
641
-128
-1123
-1665
-1804
-1100
-109
-23
-295
-529
-468
-302
-742
-1040
-826
-617
-205
-42
384
1085
821
-157
-1025
-1285
-944
-789
-1122
-1219
-1172
-1139
-1130
-1111
-1033
-1388
-2421
-3484
-4067
-3997
-3465
-3235
-3139
-2954
-2737
-2414
-2292
-2454
-2553
-2859
-3021
-2681
-1975
-1138
-992
-1362
-1724
-1845
-1630
-1482
-1246
-1258
-1486
-1306
-775
-54
255
143
-336
-541
-450
-79
559
792
1036
755
750
856
1229
1679
1507
1142
993
1530
2276
2830
3059
3133
3274
3590
4175
5204
5815
6022
5649
3996
2789
2201
2403
3325
3415
3345
3413
3212
3034
2176
855
69
-928
-1844
-2161
-1953
-670
31
-172
-528
-837
-565
-564
-1077
-956
-342
136
497
573
1043
1395
413
-911
-1852
-1743
-1181
-1190
-1352
-1288
-1047
-870
-1154
-1509
-1690
-2257
-3114
-3849
-4295
-3936
-3188
-2841
-2576
-2471
-2264
-2161
-2243
-2134
-2174
-2307
-2347
-2008
-1246
-487
-622
-1252
-1789
-1935
-1631
-1284
-935
-1096
-1182
-1009
-435
77
218
157
-340
-415
-518
-233
204
320
464
96
201
582
1192
1615
1544
1493
1788
2331
3133
3772
4111
4655
5101
5786
6452
6823
7056
5624
3216
1545
1112
2397
3195
3143
2936
2665
2273
1484
354
-414
-920
-1954
-2635
-2794
-1664
154
632
273
-578
-829
-585
-818
-818
-253
381
641
658
848
1549
1177
-435
-2080
-2870
-2241
-1666
-1500
-1380
-1316
-1383
-1794
-2305
-2361
-2335
-3078
-4236
-5675
-5980
-4912
-3593
-2409
-2106
-2118
-2089
-1963
-1852
-1757
-1902
-2246
-2263
-1791
-550
79
-116
-962
-1916
-2053
-1797
-1180
-667
-483
-264
-29
294
750
1176
878
403
-224
-303
371
1215
1629
1300
1253
1596
2464
3132
3568
3866
3963
4435
4805
5511
6173
6988
7512
7292
7147
6236
3619
814
-999
-1075
434
1052
1219
1348
1002
473
-1290
-2937
-3605
-4270
-4787
-4833
-3503
-745
1025
1051
145
-702
-535
-588
-1063
-254
1118
2323
2695
2359
2597
2366
526
-1700
-3123
-2825
-1860
-1598
-1507
-1304
-1326
-1885
-3015
-3533
-3712
-3940
-4658
-5227
-5291
-5053
-3973
-3527
-2799
-2009
-1661
-1237
-1259
-840
-494
-839
-1291
-1182
-539
209
-22
-877
-1064
-1194
-835
-891
-840
-549
-977
-755
-442
378
1145
1452
905
524
838
1326
2150
2332
3105
3665
4079
4754
5315
7031
7511
7961
8242
8501
9453
9458
9567
8606
7584
3359
-1601
-4851
-5016
-2270
-1815
-2059
-2886
-2976
-4036
-6040
-7302
-7531
-6656
-6795
-5375
-2949
850
3308
2438
880
-564
676
1687
2437
3645
5286
6368
5584
4827
3992
3365
242
-3639
-5376
-4611
-2323
-1937
-2589
-3981
-5479
-7031
-8326
-7978
-7272
-6476
-6197
-5395
-3864
-3298
-2801
-3872
-4241
-2839
-1025
1282
2404
2760
2575
1737
670
599
747
1050
557
-484
-20
293
666
-198
-1352
-1803
-2171
-1296
-238
972
2095
2538
2529
3031
3802
4339
4779
5045
6358
7935
10117
11603
11782
11241
10211
9598
10321
9756
8561
4914
-3412
-8114
-10095
-7854
-4615
-5600
-6361
-7323
-8816
-9578
-9996
-9610
-7792
-7194
-5029
-960
2476
6299
5577
3151
1773
1803
4979
7047
7527
7933
7333
5820
4586
2520
672
-2133
-6957
-8837
-8271
-5950
-4449
-6392
-8832
-11147
-12057
-10988
-8674
-5996
-3994
-3653
-3628
-1738
233
2051
1667
75
218
1608
4334
5759
4934
3070
841
-717
-926
118
811
213
-1782
-3062
-2402
-1030
-472
-1447
-2674
-2866
-1454
657
3111
4312
4649
4347
4365
6713
9230
11824
12653
12825
13227
13831
14467
13916
13259
10911
8451
4856
-3327
-9969
-12546
-11136
-7635
-8245
-9691
-9769
-10976
-12508
-13449
-12839
-8810
-5807
-2935
1466
4976
8673
8361
5407
3927
4533
7873
10445
10563
10680
9758
6745
3408
-235
-2828
-5161
-10038
-12908
-12141
-9796
-8328
-10596
-13824
-15338
-15226
-12950
-9493
-5328
-2588
-1895
-345
1300
3675
5722
4669
2831
2987
4919
7670
8245
5650
2400
-967
-2850
-3021
-1765
-406
-1204
-2987
-4043
-3074
-1348
-1003
-1914
-2284
-1499
1110
4377
6158
7094
6848
6857
8342
11060
14909
16276
16533
15315
14411
15149
14287
13229
9723
4575
-5434
-14046
-15589
-12474
-7150
-8483
-11146
-12148
-12864
-13279
-13674
-12062
-8310
-4197
-1122
4095
8367
10663
9650
5523
4448
6042
10412
13149
12264
10715
8013
4729
1102
-1918
-4500
-7395
-12360
-15467
-14155
-12389
-11622
-14155
-16606
-16110
-14022
-10614
-7227
-4599
-2711
-583
1890
4763
6809
6489
3918
1817
2440
5068
7076
6205
2990
-230
-2575
-3671
-2839
-1856
-1865
-2995
-4222
-4059
-2300
-1071
-1328
-1620
-1166
1321
4198
6253
6848
7046
7687
8905
12169
14856
17449
17441
16077
15416
14519
14020
12617
9715
6020
-255
-11577
-16970
-17152
-12975
-8899
-11836
-12576
-12587
-13612
-13276
-13009
-9492
-3793
-354
3378
7825
9900
11321
8787
5783
6982
8840
12259
12625
9921
8002
4227
131
-2869
-5620
-7349
-10012
-14426
-15378
-14045
-13457
-13276
-15209
-15137
-12713
-9931
-6012
-2626
-656
903
2566
4246
6428
6511
5416
3747
2628
4291
5484
5044
2567
-1352
-3915
-4884
-4533
-2975
-2074
-2214
-2688
-2731
-1847
-936
-607
-1126
143
2116
4920
7158
7355
7782
8147
9932
12631
15987
17692
18083
16249
14092
13484
12231
11708
8123
5054
-1819
-13731
-19111
-19213
-12839
-9087
-11875
-13036
-12764
-12812
-12751
-11772
-8447
-2615
879
5104
9788
11383
11436
7165
4088
5445
8714
12571
11820
8066
4610
473
-3173
-5315
-7520
-9436
-12392
-16162
-15509
-12950
-11764
-12336
-14967
-14126
-10457
-6624
-2615
178
1857
2763
4077
6020
7341
6980
5096
2295
1596
2965
3544
2702
-546
-4226
-5797
-5780
-4152
-2056
-1098
-1737
-2617
-2160
-569
1263
1620
1596
2400
3881
6786
7960
8053
8454
9368
11345
13367
16182
17779
17809
15383
13339
11602
10398
8852
5018
1608
-9230
-18847
-19943
-17144
-9925
-10037
-12623
-11662
-12218
-11540
-10035
-7356
-2513
1686
4296
9126
11725
11449
9480
4592
4312
6814
9556
11560
7841
3134
-1170
-5494
-6712
-7261
-8640
-10478
-14242
-16550
-14451
-12763
-11802
-12416
-13334
-9668
-4964
-987
1901
2230
2353
3180
4807
7233
7680
5727
2873
130
610
2126
1351
-432
-3812
-5903
-5440
-5056
-3275
-1831
-2196
-1887
-1087
671
2992
3288
2828
3261
4252
6737
8107
8126
8859
8865
10936
12750
13767
16707
16472
15291
13777
11418
11317
9624
6379
4553
-2583
-14375
-20284
-19774
-12858
-8360
-11706
-11945
-11589
-12062
-10751
-9881
-4816
731
3664
7934
11316
11930
10587
5710
2631
4491
6975
10073
8882
3702
-484
-5539
-8668
-8933
-9671
-9696
-12026
-15333
-14925
-12820
-11245
-11013
-11950
-9951
-5388
-1779
1811
3134
3399
1658
456
3334
5440
6928
4775
-330
-2306
-1838
-440
-450
-2711
-4014
-4255
-4487
-3284
-1702
-752
-888
-2020
-327
3018
4394
4480
3249
2871
4357
6182
8587
9422
9500
10042
10019
11637
14235
16070
16301
14046
12255
11540
11089
9767
7170
5271
-4174
-16939
-20857
-17411
-8800
-6591
-11030
-11076
-10990
-11169
-10003
-7896
-2679
2078
4845
9142
12694
12359
9635
4230
1852
5131
8323
10247
7318
1117
-3299
-7537
-9371
-8670
-8902
-9584
-12294
-15091
-13552
-10947
-10283
-10588
-10874
-7735
-2155
386
831
-325
-1759
338
3574
6254
7445
4551
309
-2636
-2903
-387
227
-1729
-3413
-3811
-3025
-2788
-3189
-2649
-2272
-1430
975
3626
4594
3455
1369
1429
3806
6683
8282
7972
7453
7554
9285
11203
12719
14500
15606
14959
14129
12871
11812
10327
7274
5513
2701
-7071
-16773
-18849
-14799
-8525
-9198
-11668
-9800
-10235
-10890
-10093
-6802
-384
3489
6304
10347
11670
10238
6962
3105
3464
6683
8809
8806
4812
-517
-4091
-7359
-8127
-7403
-7957
-8864
-12193
-14027
-12332
-10465
-10000
-9879
-8416
-4499
-424
6
-813
-2527
-2924
611
4001
6698
6675
2488
-2053
-4250
-3100
-759
-742
-2477
-3314
-3024
-3321
-4175
-4353
-3523
-2234
-384
2194
3636
3058
1249
463
2151
5058
7055
7199
6433
6565
7418
8734
10561
11671
12925
14321
14570
14102
12594
10249
8419
6813
5851
5030
-3303
-15898
-20520
-17651
-9547
-5836
-8122
-7446
-8269
-10198
-8964
-5956
-481
3547
5348
9373
12143
10795
7202
1722
-250
3151
6410
7742
4593
-1671
-5682
-8365
-8658
-6237
-5586
-6344
-8981
-11380
-9448
-7510
-7740
-8174
-7538
-3923
7
341
-589
-1446
-3503
-2230
1752
4056
5611
2551
-2325
-4187
-3996
-1854
-1120
-2190
-2446
-2011
-2334
-3285
-3931
-3173
-2143
-704
2055
3869
3089
1412
780
1689
4132
5866
6356
6245
6524
7154
8410
9601
10448
12332
14184
15273
14577
12510
9841
8178
6751
6312
7055
251
-13265
-20871
-18673
-10062
-5155
-7920
-8027
-7491
-9107
-8554
-6551
-2490
1456
3293
7836
12030
11026
7073
1041
-1585
2170
6625
8395
5548
-823
-5075
-7410
-7747
-5855
-5455
-6116
-8138
-10461
-9134
-7281
-8117
-9075
-8198
-4157
579
1228
-388
-1766
-3241
-2799
843
4107
5116
3277
-523
-3139
-3196
-2389
-2339
-2695
-2399
-1247
-1027
-2790
-4175
-3467
-2279
-436
1744
3151
2550
1039
739
1691
3573
5250
6357
6679
7231
8092
8649
8419
9658
12245
14208
15927
15003
12165
8924
6578
6529
7105
7034
1011
-13061
-21211
-19246
-10996
-4790
-7600
-8817
-7430
-8445
-8293
-6034
-2886
559
2702
7477
12891
11733
6437
332
-2669
1222
6657
8586
5996
-684
-5776
-7528
-7378
-5435
-4887
-6015
-7487
-9029
-8115
-6911
-8129
-9433
-8480
-4232
723
1823
-444
-2423
-3095
-1810
1259
4282
5107
3412
210
-2622
-3213
-2685
-2613
-2149
-1151
-811
-1454
-3793
-5297
-4083
-2495
-502
1518
2260
1916
724
247
978
2351
3790
5663
7017
7921
8202
7897
7865
8343
11272
13776
15666
15087
12867
9948
7160
6309
6056
7129
5418
-4336
-16845
-20054
-15202
-7652
-6022
-8366
-6997
-6629
-8027
-7091
-4762
-1777
902
4020
9951
12502
8461
2633
-2037
-2169
2691
6613
6857
3001
-2808
-5919
-6378
-5917
-5102
-5433
-6205
-7218
-7791
-7062
-7288
-9046
-9268
-6618
-2183
265
-1235
-2297
-2903
-2982
-273
2914
4916
4385
1489
-941
-1810
-1984
-1762
-1765
-1563
-533
-463
-2296
-4647
-4960
-3392
-1451
461
2338
2341
815
262
826
2128
3278
4748
6276
7332
7913
7913
7468
7371
9369
12407
14562
14746
12597
10222
7407
5538
6448
6670
6039
-655
-12733
-17821
-15413
-9614
-6024
-7499
-6694
-5441
-6802
-6910
-5465
-3512
-750
2458
7617
11426
8504
3080
-1035
-2271
1350
5735
6844
4589
-420
-3753
-4309
-4684
-4458
-4423
-4705
-4923
-5791
-6004
-6353
-8203
-9222
-7160
-3465
-727
-435
-1934
-1901
-1794
-2425
233
2627
3962
3907
1333
-339
-2046
-3072
-2071
-670
147
22
-1585
-3408
-3476
-2850
-2011
-906
115
1473
1925
1114
895
710
599
2014
4305
6453
7057
6375
5581
5110
6447
9240
11463
12244
12254
10986
9045
7223
6008
6964
7783
6690
3779
-4512
-13686
-15520
-12160
-5922
-4002
-5047
-4238
-5010
-6976
-7514
-6214
-3251
480
4211
8577
8823
3745
-868
-3165
-1545
3172
6054
6189
3275
-890
-2534
-2871
-3627
-3537
-3821
-3970
-3900
-4721
-5632
-7364
-9169
-8861
-6560
-3768
-1907
-1708
-2082
-2814
-3090
-2458
-981
981
2101
2724
1628
-498
-2320
-2517
-1692
-705
-211
-791
-985
-1682
-1934
-1773
-1968
-1568
-565
776
1963
1814
965
427
207
1485
3817
5135
5710
5236
4976
6235
7792
9375
10239
10545
10267
10109
9154
8352
8095
7301
7854
6902
4665
-1330
-10791
-14303
-11669
-5575
-3228
-4334
-4724
-5425
-7062
-8488
-7072
-4811
-2394
576
4398
6353
3241
-648
-2438
-1973
946
4189
5957
4828
1828
-32
-394
-1475
-2453
-3036
-2782
-2232
-3256
-4357
-5740
-7623
-8903
-8061
-5283
-3226
-2908
-4033
-4105
-3991
-4217
-2869
-1091
759
1206
1214
1079
-226
-1319
-1409
-462
554
1359
1326
334
-593
-1025
-875
-1032
-767
181
707
924
1205
1357
935
655
1423
2767
3398
4187
5199
5752
6522
7730
8646
8441
8335
9084
9597
8661
7895
7916
8208
7210
5347
1492
-5645
-10191
-9362
-4688
-2208
-3258
-4185
-4240
-5632
-7471
-7334
-6523
-5166
-3304
19
3464
2627
-72
-2115
-3026
-1205
1916
4602
5383
4069
2742
2388
1076
-197
-1126
-1693
-1170
-1379
-1698
-2418
-4082
-5515
-6225
-5754
-4898
-4533
-4625
-4186
-3890
-4288
-4453
-4072
-2777
-1348
-511
-208
-722
-1118
-583
423
876
893
786
602
1129
1870
2002
1235
44
-419
-153
264
951
1472
1253
1035
1239
1488
1572
1622
2391
3493
4431
5312
5838
5901
5485
5654
6090
6236
6174
6186
6586
7393
8165
7323
4860
339
-4441
-5681
-3902
-1277
-416
-1785
-2093
-2345
-4286
-6089
-7449
-7601
-6478
-4537
-780
1629
233
-1984
-3306
-3283
-1789
-553
601
1263
1110
2481
3475
2821
1171
-1075
-1929
-2126
-1720
-515
344
130
-788
-1548
-2592
-3677
-5224
-5958
-5268
-4180
-2669
-1766
-1616
-2450
-3350
-3355
-3153
-2304
-1007
559
1594
1345
824
103
-540
-848
-693
-222
14
-38
-10
147
-144
-268
-350
-399
-7
458
1146
1434
1288
1080
785
1046
1361
1374
1425
1575
1829
2131
2695
3438
3896
3846
4071
4792
5450
5910
6297
6419
5786
4236
2911
2700
3188
3755
3393
2245
1243
537
536
662
145
-365
-1094
-1114
-303
-27
-408
-1577
-2611
-2600
-2299
-2162
-2593
-3716
-4518
-4693
-4279
-3325
-2994
-3277
-3303
-3113
-2437
-2180
-2495
-2542
-2598
-2247
-1632
-1448
-1734
-2457
-3020
-2734
-2292
-1953
-1708
-1667
-1288
-917
-834
-909
-1266
-1462
-1366
-1149
-778
-824
-1261
-1425
-1254
-893
-766
-892
-838
-599
-292
234
663
905
962
925
1134
1364
1540
1578
1575
2040
2491
2630
2622
2579
3097
3832
4519
5373
5941
6161
6267
6419
6733
6705
5731
4114
3029
2815
3280
3514
2754
1686
620
-82
229
519
328
-399
-1457
-1473
-834
-852
-1516
-2731
-3491
-3363
-3455
-3583
-3810
-4370
-4414
-4123
-3297
-2335
-2288
-2309
-2146
-1848
-1406
-1133
-773
-654
-631
-609
-583
-743
-1173
-1582
-1930
-1907
-1567
-1239
-1009
-1100
-1375
-1473
-1564
-1707
-1697
-1707
-1620
-1658
-1928
-1892
-1766
-1690
-1705
-1806
-1530
-1118
-946
-775
-546
-246
-79
132
636
970
886
638
635
938
1082
1145
1556
1946
2345
2884
3471
4111
4437
4739
5207
5537
5955
6360
6759
6972
6572
5355
3724
2804
2812
3523
3659
2858
1992
1132
878
1044
736
107
-830
-1588
-1425
-1107
-1480
-2418
-3770
-4221
-3928
-3973
-4093
-4445
-4599
-4238
-3646
-2757
-2431
-2661
-2739
-2395
-1737
-1166
-846
-731
-677
-649
-634
-692
-1129
-1512
-1614
-1553
-1252
-1039
-1044
-1154
-1439
-1575
-1562
-1634
-1619
-1553
-1400
-1225
-1491
-1951
-2124
-1889
-1406
-1138
-955
-830
-917
-933
-759
-367
-105
-121
45
338
496
478
190
98
427
981
1589
1917
2012
2091
2392
2920
3577
4078
4420
4797
4996
5085
5360
5764
6170
6299
5914
4820
3290
2303
2502
3340
3440
2655
1668
916
701
605
258
-369
-1340
-1824
-1412
-939
-1067
-1926
-2947
-3131
-2926
-2981
-3262
-3836
-4019
-3747
-3376
-2732
-2477
-2660
-2589
-2267
-1781
-1493
-1726
-1838
-1640
-1330
-945
-978
-1419
-1768
-1914
-1852
-1758
-1752
-1683
-1399
-1090
-899
-1026
-1522
-1909
-1942
-1570
-1043
-1066
-1444
-1653
-1524
-1123
-969
-1198
-1439
-1656
-1574
-997
-484
-247
-261
-193
240
655
768
708
643
782
1288
1830
2265
2536
2584
2722
2963
3259
3668
4072
4550
5060
5283
5319
5329
5449
5688
5563
4710
3356
2419
2349
2902
3167
2511
1401
342
-53
287
439
29
-692
-1221
-1019
-665
-877
-1564
-2477
-2912
-2718
-2659
-2948
-3489
-3998
-3962
-3565
-3026
-2662
-2757
-2760
-2452
-2063
-1783
-1688
-1500
-1096
-702
-582
-686
-1000
-1233
-1125
-1024
-955
-980
-1124
-994
-733
-687
-901
-1412
-1690
-1439
-1127
-917
-1122
-1690
-1959
-1815
-1357
-1080
-1394
-1629
-1545
-1327
-899
-658
-608
-608
-549
-58
504
702
595
365
545
1013
1278
1480
1707
2044
2570
3032
3352
3509
3432
3519
3999
4505
4856
4920
4855
5172
5623
5727
5187
3667
2349
2183
2691
3490
3471
2392
1335
628
695
1083
578
-234
-914
-1237
-794
-765
-1472
-2367
-3195
-3067
-2651
-2766
-3086
-3676
-4058
-3821
-3285
-2718
-2489
-2515
-2307
-2069
-2080
-2172
-2094
-1740
-1279
-948
-856
-945
-1159
-1301
-1436
-1621
-1758
-1816
-1646
-1299
-1096
-1252
-1694
-2046
-2091
-1950
-1767
-1729
-1926
-2045
-1868
-1491
-1226
-1293
-1363
-1394
-1361
-1176
-996
-837
-732
-497
11
409
524
600
657
829
1132
1357
1595
1785
1958
2185
2329
2466
2676
2841
3104
3412
3532
3637
3853
4237
4726
4981
5294
5665
5499
4783
3585
2595
2411
2680
3128
3031
2135
1260
741
643
676
282
-323
-868
-978
-542
-405
-941
-1756
-2328
-2294
-2175
-2340
-2702
-3269
-3589
-3488
-3139
-2677
-2465
-2394
-2243
-2020
-1804
-1722
-1630
-1370
-1044
-911
-922
-956
-957
-896
-909
-976
-1197
-1652
-1963
-1923
-1805
-1622
-1604
-1819
-1866
-1894
-1813
-1833
-2294
-2384
-2083
-1647
-1133
-1029
-1150
-1295
-1488
-1266
-911
-786
-547
-288
130
662
860
918
900
1005
1431
1662
1676
1691
1714
1997
2463
2951
3225
3138
3069
3291
3592
3812
3950
4048
4222
4425
4743
5081
5160
4822
4007
2918
2242
2368
2839
3036
2506
1657
1168
1024
1118
953
201
-636
-1115
-1076
-782
-934
-1525
-2092
-2381
-2340
-2496
-3019
-3557
-3867
-3797
-3383
-2931
-2581
-2423
-2354
-2163
-2038
-2024
-1968
-1635
-1121
-781
-807
-1157
-1496
-1557
-1337
-1221
-1411
-1798
-2065
-1983
-1775
-1655
-1837
-2079
-2038
-1734
-1347
-1365
-1852
-2317
-2281
-1669
-1029
-931
-1147
-1241
-1027
-596
-303
-285
-516
-599
-142
478
791
709
539
610
877
1203
1375
1328
1359
1619
2007
2285
2386
2430
2548
2877
3203
3372
3390
3384
3612
3911
4110
4249
4301
4496
4784
4712
4054
2897
2104
2196
2613
2934
2596
1703
993
608
593
536
-8
-649
-1075
-1104
-856
-1016
-1526
-1988
-2185
-1957
-1902
-2244
-2675
-3119
-3225
-2911
-2476
-2081
-2017
-2093
-2063
-2069
-2143
-2212
-2135
-1885
-1576
-1372
-1307
-1382
-1538
-1605
-1582
-1558
-1694
-1847
-2000
-2159
-2090
-1982
-1817
-1628
-1664
-1697
-1814
-1928
-1782
-1633
-1406
-1114
-973
-773
-611
-576
-509
-642
-707
-566
-389
-15
284
440
572
574
697
925
1131
1406
1567
1662
1804
1918
2054
2240
2441
2600
2746
2913
3075
3168
3205
3336
3570
3773
3917
4085
4283
4426
4280
3645
2750
1990
1847
2202
2402
2076
1361
692
379
266
208
-76
-609
-977
-896
-552
-515
-1095
-1795
-2143
-2134
-2073
-2311
-2758
-3228
-3510
-3321
-2873
-2478
-2427
-2539
-2437
-2204
-2001
-1837
-1598
-1265
-1001
-837
-834
-942
-1044
-1040
-971
-1056
-1295
-1423
-1334
-1134
-1074
-1254
-1496
-1574
-1318
-838
-584
-757
-1132
-1301
-1030
-632
-414
-497
-723
-727
-561
-356
-266
-441
-639
-579
-223
207
424
421
454
597
803
1020
1136
1142
1148
1219
1358
1452
1463
1513
1661
1911
2194
2329
2329
2346
2493
2874
3290
3535
3611
3634
3800
3987
4071
3783
3053
2212
1789
2065
2447
2346
1753
1069
685
479
305
122
-266
-768
-972
-800
-663
-1001
-1655
-2016
-2090
-2242
-2475
-2699
-2830
-2937
-2970
-2764
-2544
-2469
-2422
-2196
-1831
-1620
-1560
-1485
-1256
-951
-718
-633
-777
-973
-983
-788
-629
-753
-1122
-1387
-1392
-1268
-1100
-1043
-1098
-1169
-1174
-973
-813
-934
-1199
-1338
-1220
-991
-903
-907
-952
-1009
-950
-836
-789
-808
-825
-664
-411
-284
-210
-117
28
220
362
414
378
348
452
643
811
923
1025
1195
1452
1736
1948
2068
2153
2352
2696
3007
3161
3177
3201
3351
3533
3659
3610
3163
2530
2039
2008
2376
2482
2154
1635
1157
945
771
607
375
-107
-524
-512
-325
-361
-816
-1439
-1690
-1715
-1715
-1671
-1808
-2007
-2151
-2061
-1647
-1332
-1281
-1255
-1163
-991
-831
-778
-684
-574
-543
-473
-424
-387
-410
-509
-590
-734
-900
-1004
-1011
-987
-1085
-1263
-1500
-1631
-1571
-1526
-1574
-1774
-2024
-2100
-2011
-1883
-1823
-1878
-1920
-1850
-1722
-1550
-1443
-1439
-1436
-1357
-1099
-803
-625
-510
-391
-213
-18
187
376
496
592
735
941
1169
1368
1499
1633
1792
1979
2209
2379
2484
2589
2732
2924
3115
3278
3395
3414
3388
3402
3492
3597
3418
2985
2520
2307
2471
2634
2564
2189
1630
1282
1162
1115
984
624
244
92
102
73
-223
-695
-992
-1077
-1066
-1088
-1239
-1432
-1604
-1644
-1518
-1378
-1288
-1212
-1114
-1040
-1045
-1065
-1053
-968
-836
-755
-813
-974
-1074
-1071
-1069
-1205
-1496
-1746
-1801
-1706
-1626
-1756
-2026
-2239
-2282
-2125
-1992
-2078
-2330
-2530
-2488
-2237
-2023
-2013
-2135
-2197
-2067
-1827
-1620
-1570
-1614
-1520
-1243
-882
-597
-495
-432
-334
-152
131
386
573
709
872
1052
1208
1361
1552
1785
1971
2073
2160
2277
2449
2684
2859
2927
2923
3023
3285
3523
3585
3479
3372
3430
3645
3801
3675
3243
2782
2619
2761
2931
2818
2396
1917
1584
1488
1458
1242
837
423
219
239
202
-87
-529
-921
-1065
-1076
-1133
-1309
-1579
-1805
-1906
-1907
-1888
-1952
-2067
-2120
-2099
-2077
-2132
-2216
-2247
-2213
-2166
-2170
-2245
-2316
-2323
-2283
-2282
-2347
-2429
-2481
-2511
-2485
-2470
-2512
-2498
-2444
-2285
-2120
-2092
-2127
-2154
-2064
-1856
-1657
-1508
-1391
-1289
-1180
-1075
-979
-879
-795
-664
-455
-236
-60
31
109
261
494
733
886
954
1063
1229
1420
1592
1699
1783
1875
2014
2160
2247
2273
2322
2454
2632
2802
2898
2918
2944
3035
3180
3294
3311
3268
3229
3252
3330
3354
3243
2971
2712
2600
2571
2519
2291
1954
1673
1531
1536
1466
1156
713
361
212
189
74
-240
-631
-952
-1073
-1132
-1347
-1681
-2021
-2198
-2225
-2223
-2285
-2433
-2580
-2636
-2606
-2593
-2622
-2664
-2667
-2617
-2594
-2605
-2643
-2632
-2538
-2448
-2405
-2421
-2415
-2342
-2194
-2063
-2027
-2029
-1954
-1785
-1602
-1496
-1481
-1442
-1308
-1102
-944
-877
-834
-746
-590
-397
-231
-137
-104
-49
97
262
352
377
424
541
701
815
876
905
952
1054
1161
1238
1273
1311
1388
1508
1639
1733
1777
1799
1856
1920
2000
2050
2089
2165
2252
2342
2414
2465
2501
2522
2529
2524
2494
2488
2510
2508
2465
2359
2195
2028
1890
1788
1609
1304
1044
925
928
908
717
409
88
-131
-190
-251
-429
-715
-985
-1136
-1213
-1334
-1522
-1768
-1947
-2008
-2025
-2078
-2209
-2336
-2387
-2343
-2259
-2246
-2314
-2375
-2367
-2306
-2258
-2261
-2266
-2239
-2153
-2041
-1987
-2004
-1988
-1893
-1723
-1597
-1563
-1533
-1473
-1358
-1228
-1139
-1100
-1041
-939
-819
-712
-662
-644
-595
-488
-362
-269
-235
-211
-146
-46
51
94
109
134
195
259
333
401
466
545
629
719
778
823
871
962
1072
1171
1248
1291
1336
1423
1552
1641
1681
1717
1777
1877
1985
2061
2093
2117
2156
2223
2287
2303
2296
2297
2283
2273
2213
2117
2028
1957
1948
1909
1795
1663
1505
1356
1253
1115
979
816
645
521
375
218
36
-166
-313
-456
-591
-721
-900
-1066
-1211
-1339
-1419
-1523
-1640
-1744
-1848
-1935
-2029
-2104
-2146
-2185
-2208
-2231
-2252
-2250
-2235
-2214
-2205
-2203
-2173
-2122
-2063
-2022
-1991
-1941
-1849
-1754
-1656
-1592
-1527
-1442
-1351
-1261
-1168
-1073
-976
-871
-771
-669
-582
-494
-407
-318
-234
-171
-112
-40
61
163
246
315
380
442
506
580
650
714
775
842
934
1026
1096
1160
1213
1258
1322
1398
1450
1496
1547
1604
1661
1716
1768
1805
1836
1870
1902
1925
1933
1936
1944
1954
1960
1958
1928
1896
1863
1829
1786
1724
1650
1583
1521
1447
1389
1326
1228
1107
991
885
805
706
586
460
335
209
84
-25
-144
-272
-392
-507
-633
-757
-879
-1000
-1112
-1203
-1285
-1388
-1496
-1601
-1690
-1759
-1804
-1854
-1936
-2013
-2060
-2072
-2079
-2089
-2102
-2108
-2097
-2077
-2046
-2022
-1993
-1943
-1872
-1790
-1721
-1669
-1621
-1556
-1449
-1334
-1241
-1171
-1103
-998
-871
-751
-648
-569
-477
-369
-239
-123
-37
47
141
249
348
444
523
594
668
756
837
891
945
1012
1089
1165
1220
1254
1287
1322
1371
1420
1446
1451
1454
1468
1481
1494
1505
1498
1484
1470
1461
1453
1432
1398
1376
1355
1327
1296
1261
1224
1190
1150
1101
1056
1005
953
890
827
769
717
661
596
525
460
393
313
236
165
102
40
-32
-120
-201
-268
-326
-403
-480
-555
-636
-712
-771
-827
-898
-964
-1026
-1078
-1119
-1158
-1207
-1260
-1306
-1330
-1345
-1357
-1374
-1397
-1413
-1424
-1424
-1417
-1414
-1409
-1405
-1387
-1359
-1325
-1292
-1261
-1241
-1213
-1170
-1115
-1057
-1013
-966
-915
-854
-790
-733
-673
-609
-531
-458
-390
-329
-274
-208
-135
-54
26
99
169
235
301
369
434
494
564
632
691
745
791
841
904
956
1007
1044
1076
1105
1131
1164
1198
1223
1235
1237
1252
1260
1263
1248
1241
1237
1231
1223
1207
1184
1160
1133
1097
1073
1048
1027
996
949
908
870
812
756
693
632
579
524
465
411
357
295
233
155
91
34
-32
-94
-164
-226
-282
-330
-383
-445
-518
-587
-636
-672
-713
-762
-806
-851
-884
-908
-953
-991
-1023
-1046
-1062
-1085
-1103
-1102
-1105
-1109
-1115
-1121
-1123
-1112
-1086
-1063
-1049
-1035
-1017
-982
-944
-916
-881
-842
-803
-762
-717
-672
-631
-596
-542
-471
-404
-349
-300
-252
-206
-145
-78
-16
46
94
138
185
238
291
343
400
454
496
530
568
606
641
680
718
743
765
781
798
823
850
867
869
871
883
893
898
906
915
915
913
897
875
859
837
813
793
772
744
717
696
675
643
606
568
530
492
451
413
369
329
296
254
207
154
103
52
1
-46
-83
-123
-170
-215
-260
-309
-343
-372
-408
-438
-470
-508
-540
-570
-596
-616
-640
-667
-693
-717
-734
-749
-763
-773
-779
-781
-782
-780
-774
-773
-772
-759
-745
-725
-712
-700
-687
-672
-650
-624
-600
-574
-539
-517
-502
-470
-433
-396
-362
-335
-303
-270
-229
-185
-140
-101
-67
-36
1
45
87
120
149
181
208
240
285
325
360
391
416
445
482
515
537
557
575
605
629
642
655
664
675
687
690
687
685
687
697
706
697
683
674
665
652
632
610
582
560
539
513
487
458
430
403
368
333
307
276
241
203
161
122
80
46
22
-7
-34
-69
-115
-157
-188
-211
-242
-273
-297
-321
-351
-377
-399
-422
-442
-464
-482
-497
-515
-533
-544
-544
-534
-530
-545
-562
-559
-546
-549
-551
-540
-525
-508
-490
-470
-451
-439
-423
-404
-390
-376
-348
-316
-290
-267
-248
-220
-198
-177
-148
-122
-101
-74
-37
-2
29
55
74
98
124
151
187
211
227
249
274
295
315
328
344
364
378
390
409
420
422
419
420
428
428
421
413
414
418
416
409
392
381
369
357
346
334
319
304
283
257
240
222
198
181
163
141
123
98
71
59
46
29
5
-23
-47
-73
-90
-105
-124
-147
-174
-194
-203
-211
-225
-241
-253
-256
-254
-265
-282
-293
-298
-300
-306
-313
-317
-316
-316
-318
-322
-318
-304
-296
-286
-273
-270
-275
-271
-259
-237
-221
-213
-199
-190
-174
-156
-140
-128
-115
-97
-78
-67
-47
-27
-13
9
23
35
52
68
73
88
105
122
135
138
152
166
173
181
185
191
203
208
206
209
208
211
218
223
225
221
217
214
205
201
201
196
187
182
187
184
173
162
161
153
138
129
118
115
109
92
79
71
60
40
28
23
14
5
-3
-18
-37
-40
-44
-53
-72
-90
-98
-102
-106
-112
-122
-132
-141
-144
-149
-151
-155
-166
-171
-175
-182
-181
-178
-173
-169
-175
-181
-180
-176
-168
-166
-161
-149
-142
-134
-132
-130
-131
-129
-120
-113
-104
-96
-93
-88
-79
-76
-68
-61
-50
-36
-30
-22
-8
2
9
17
22
30
42
49
59
70
81
83
89
96
105
112
110
106
111
120
131
149
163
166
158
154
152
158
159
156
149
145
146
148
145
135
131
125
117
110
106
109
112
108
103
87
71
61
51
49
48
39
28
28
27
17
9
-1
-13
-20
-19
-20
-23
-28
-34
-41
-50
-53
-54
-60
-66
-69
-73
-70
-67
-70
-76
-79
-84
-84
-86
-88
-89
-90
-89
-87
-89
-87
-82
-73
-71
-78
-76
-73
-68
-61
-60
-57
-57
-57
-47
-42
-43
-45
-42
-34
-31
-24
-24
-26
-18
-8
-7
-10
-8
-6
-6
-9
-8
-3
4
12
9
11
17
23
27
33
39
38
34
36
36
41
46
47
35
29
36
37
36
29
32
35
34
33
31
30
28
30
32
36
36
22
16
19
21
20
16
12
5
2
7
4
4
7
13
8
0
-1
0
0
-3
-5
-12
-13
-12
-8
-6
-9
-9
-9
-9
-13
-19
-17
-11
-7
-4
-6
-13
-11
-13
-14
-12
-15
-16
-22
-23
-18
-21
-17
-8
-9
-15
-16
-14
-10
-8
-10
-13
-14
-14
-12
-18
-27
-28
-24
-23
-22
-21
-15
-12
-12
-16
-23
-29
-29
-26
-26
-21
-19
-16
-6
-6
-10
-11
-13
-15
-16
-11
-5
2
14
16
11
6
8
10
11
9
12
15
18
25
23
23
20
19
19
18
15
18
26
36
36
32
31
25
24
25
25
32
37
33
33
34
30
26
26
25
20
17
21
20
21
27
26
22
19
18
17
19
24
25
20
20
20
18
23
26
20
12
10
12
14
14
10
5
4
3
-1
0
-4
-3
-3
-3
-4
-4
-6
-9
-7
-10
-11
-14
-17
-20
-24
-29
-32
-33
-36
-37
-37
-36
-34
-35
-31
-27
-29
-31
-29
-30
-28
-27
-25
-26
-26
-22
-19
-16
-17
-11
-9
-8
-7
-7
0
9
8
7
9
6
-2
-5
-1
6
11
17
23
23
19
15
15
9
8
14
17
17
18
17
16
13
6
8
8
11
13
11
15
18
21
24
19
14
12
8
10
8
8
11
10
6
1
0
2
3
3
9
8
6
10
6
-3
-8
-8
0
6
7
5
8
11
13
9
-2
-9
-11
-12
-13
-16
-17
-16
-8
-5
-11
-13
-4
-4
-9
-7
-10
-14
-11
-7
-4
-10
-12
-10
-9
-8
-3
0
-1
-3
-2
-2
0
1
-2
-3
0
-3
-6
-1
2
5
8
7
3
-2
-7
-5
-4
-2
-3
-6
-6
-2
0
4
6
1
-2
4
8
5
9
5
-4
-6
-11
-12
-4
-4
-6
-8
-14
-9
-3
-1
-4
-8
-6
-4
-3
-2
-1
-1
0
-1
-2
1
0
-4
-1
2
8
10
4
2
5
9
15
15
12
9
4
8
16
17
15
5
-2
4
6
6
7
8
8
0
-4
0
0
1
3
0
-4
-10
-5
-4
-7
-6
-2
-3
-4
-3
-9
-12
-13
-8
-7
-7
-7
-4
1
-1
-1
2
3
-1
-3
-2
-4
-3
1
8
2
-3
3
6
2
0
3
6
9
11
7
1
-4
-6
-10
-13
-14
-11
-1
0
-3
-9
-9
-8
-10
-7
-3
-6
-12
-12
-12
-8
-3
1
0
-4
-8
-8
-5
-3
3
2
-1
7
13
10
6
5
4
7
10
9
10
13
16
14
10
11
10
9
3
-4
-5
-3
1
7
10
11
8
9
10
7
5
8
9
9
10
8
5
1
0
3
1
1
2
0
1
