-6
-2
-5
-5
-5
-10
-8
-11
-12
-9
-12
-8
-9
-9
-6
-8
-6
-8
-5
-8
-8
-4
-8
0
0
-3
3
-5
0
0
-6
2
-1
-2
0
-2
-1
-3
-2
-3
-2
0
-1
1
-4
-3
-3
-5
-4
-4
-5
-3
1
1
1
0
-2
-2
-6
-8
-7
-8
-4
-5
-1
0
-4
-1
-3
-2
0
-2
-1
-2
-2
-1
-1
4
4
6
6
3
8
2
6
7
2
5
1
3
3
2
7
1
3
4
-1
3
1
-1
1
-3
-5
0
-3
-2
-2
-4
-2
-2
-3
1
1
3
4
2
5
3
3
4
0
3
1
2
1
1
3
2
4
4
5
9
6
8
4
0
0
-3
-2
0
-4
0
-1
-4
-1
-1
3
1
3
1
0
3
1
1
-1
2
2
-2
-1
-4
-6
-7
-7
-5
-4
-4
-5
-7
-5
-6
-3
0
0
4
0
4
3
1
3
0
1
0
-1
1
0
-1
1
2
0
1
1
2
3
-1
3
2
0
2
-3
-1
-2
-2
3
2
4
5
1
2
1
1
3
0
0
0
-2
3
0
-1
1
-2
1
2
2
1
-2
2
-4
-1
3
-4
0
-5
-5
-3
-10
-3
-5
-7
-1
-4
-3
0
-2
3
0
-2
2
0
1
1
1
-2
-1
0
-3
2
-1
0
4
-3
1
0
-3
4
-2
1
4
-4
4
1
2
4
-4
1
-2
-4
-1
-9
-9
-11
-10
-7
-7
-5
-4
-3
-1
-2
1
1
2
2
-1
-1
-2
-4
-2
-2
1
0
-1
-1
-2
-1
-1
1
-1
0
2
0
1
1
-1
-2
-2
-4
-6
-3
-2
-3
-3
-3
-4
-7
-7
-7
-9
-8
-6
-10
-4
-6
-6
1
-4
-3
0
-6
-1
-5
-6
-3
-4
0
-1
-3
0
-2
-1
1
-1
0
0
1
2
2
3
6
5
4
7
5
5
4
5
4
0
0
-3
-2
-2
-5
-3
-5
-5
-1
-4
-2
-4
-2
-1
-6
0
-2
-6
-3
-11
-6
-7
-8
-4
-9
-8
-7
-8
-2
0
0
3
1
2
1
-1
0
0
-1
1
0
1
6
3
4
0
-3
-3
-6
-3
-3
-4
-2
-2
0
-2
-2
-1
-1
3
4
2
1
0
0
-1
-2
-3
-2
-3
1
2
1
2
4
8
7
5
8
7
10
13
9
10
10
9
13
12
14
11
7
4
4
7
8
5
3
5
2
9
8
6
11
8
8
8
8
10
9
7
5
8
8
7
4
2
5
3
6
11
20
21
24
23
21
23
17
25
30
29
33
25
26
28
24
28
17
16
21
18
17
17
17
15
15
21
21
22
22
17
17
17
18
23
13
18
16
1
10
-2
2
2
-2
14
-6
2
4
-5
11
5
22
25
9
28
18
17
19
-4
1
-20
-35
-34
-56
-52
-46
-53
-44
-55
-64
-59
-62
-49
-46
-50
-46
-45
-42
-46
-32
-22
-22
-28
-42
-39
-51
-55
-45
-56
-46
-39
-40
-35
-46
-51
-38
-31
-14
-6
-25
-34
-43
-55
-61
-49
-50
-57
-59
-67
-75
-92
-93
-82
-84
-79
-70
-91
-77
-44
-42
-16
-17
-18
-11
-32
12
15
15
49
33
36
45
41
53
42
21
37
46
56
60
50
53
46
34
48
57
52
64
43
32
25
27
45
44
39
39
22
4
0
-5
-9
-12
-9
-8
-12
-11
-15
-12
-9
-7
-10
-17
-20
-28
-15
-18
-4
8
2
14
0
-15
-12
-10
9
16
8
5
-8
7
23
22
26
16
10
19
18
22
26
31
30
23
22
10
8
7
7
6
2
22
19
12
11
-11
-12
-8
-52
-149
-228
-169
-5
163
276
256
73
-144
-329
-369
-191
145
493
559
347
21
-275
-369
-244
-20
178
233
172
29
-169
-282
-281
-215
-143
-86
-92
-132
-172
-183
-156
-44
83
284
288
114
-17
-248
-19
160
383
540
396
320
-65
-143
-244
-122
101
149
119
-233
-205
-272
-191
-130
-256
-153
-159
58
62
-68
-22
-34
119
197
330
349
224
52
-217
-174
34
320
450
251
-51
-326
-397
-188
42
141
51
-202
-285
-238
-33
212
266
104
-122
-185
-182
97
341
384
177
-18
112
61
160
266
113
-112
-238
-129
-56
128
228
38
-239
-223
-104
-206
-114
-39
-159
-218
-156
-24
-65
14
39
-192
-248
-115
91
73
226
71
-39
-44
-98
81
-90
27
41
-7
99
38
-97
-235
-316
-375
-205
30
183
80
-81
-27
-72
-83
40
28
81
171
155
256
382
439
417
225
96
137
84
100
166
322
514
504
325
308
449
477
419
260
338
594
861
1035
823
666
638
541
510
485
498
446
375
252
94
-2
-51
-120
-263
-419
-534
-748
-1027
-1254
-1389
-1368
-1263
-1196
-1262
-1321
-1388
-1479
-1555
-1589
-1532
-1376
-1162
-1052
-991
-902
-769
-570
-302
-51
43
45
-7
52
189
388
552
525
467
422
323
201
44
-72
-141
-132
-85
-204
-389
-513
-585
-591
-496
-448
-566
-610
-596
-466
-275
19
381
654
961
1027
1013
916
1192
1774
2159
2586
2752
2704
2719
2895
3251
3520
3605
3591
3552
3495
3274
2570
1437
346
-251
-464
-517
-559
-853
-1363
-2281
-3408
-4530
-5269
-5139
-4497
-3787
-3441
-3587
-3658
-3300
-2551
-1687
-1067
-566
-105
266
583
907
1537
2473
3410
3990
4031
3558
2886
2334
2239
2553
2876
2954
2447
1752
1052
494
-8
-562
-1074
-1634
-2219
-3073
-3998
-4861
-5109
-4859
-4705
-4795
-5321
-5769
-5908
-5660
-5147
-4551
-3786
-2780
-2001
-1463
-1111
-734
140
1147
2210
2850
3159
3422
3667
4055
4527
4841
4915
4542
3907
3291
2778
2638
2399
2109
1634
1057
463
-8
-310
-466
-334
-113
129
103
238
479
856
1396
2002
2707
3529
4238
4640
4386
3402
2429
1439
1282
1358
1571
1420
711
-261
-1886
-3273
-4663
-5025
-4768
-3948
-3391
-3596
-3757
-3699
-2824
-1966
-1152
-626
63
639
925
792
862
1818
3082
4211
4168
3454
2382
1705
1472
1510
1645
1612
1416
753
-78
-960
-1516
-1865
-2016
-2380
-2916
-3621
-4529
-5062
-5362
-5086
-4685
-4583
-4591
-4892
-4876
-4666
-4331
-3712
-3077
-2086
-1323
-795
-466
-100
664
1483
2274
2707
2954
3231
3551
3866
4054
4070
4105
3907
3611
3120
2624
2426
2112
1983
1604
1269
955
609
411
244
527
649
957
1066
1162
1492
1755
2456
2988
3851
4434
4934
4894
3992
3106
1743
1476
1212
1161
953
-64
-764
-2591
-3971
-5584
-6359
-6016
-5483
-4760
-5264
-5656
-5845
-5020
-3936
-2763
-1874
-977
-76
228
400
410
1468
2715
3851
4033
3461
2900
2488
2457
2428
2571
2708
2677
1987
991
-233
-1088
-1300
-1578
-1786
-2758
-3851
-5028
-6052
-6338
-6258
-5615
-5304
-5200
-5600
-5853
-5841
-5395
-4339
-3300
-2201
-1708
-1319
-1088
-359
567
1597
2581
3073
3635
3725
3804
3836
4031
4458
4667
4572
3953
3352
2928
2671
2651
2382
2150
1828
1320
933
444
270
426
690
921
979
956
1156
1575
2121
3010
3598
4407
4945
5369
5678
5003
4495
3276
2674
2253
1576
1245
53
-603
-2016
-3380
-4678
-5750
-5704
-5726
-5302
-5663
-5744
-5656
-5050
-4232
-3598
-2619
-1818
-636
-232
11
334
1205
2470
3168
3411
3170
2981
2733
2492
2217
2193
2468
2539
2145
1191
324
-287
-449
-834
-1305
-2054
-2848
-3360
-4237
-4607
-5052
-4982
-4888
-5035
-5163
-5546
-5194
-4770
-3924
-3207
-2715
-2001
-1724
-1153
-761
-202
612
1300
1953
2199
2477
2794
3153
3434
3580
3543
3495
3387
3178
2862
2552
2496
2390
2211
1987
1688
1388
1417
1437
1640
1962
2055
2385
2384
2551
2963
3165
3936
4342
4859
5368
5501
5612
4777
4055
2916
2181
1535
808
277
-831
-1705
-3625
-5093
-6624
-7259
-7136
-7304
-6860
-7277
-7068
-6828
-6157
-5166
-4060
-2755
-1732
-888
-741
-229
343
1503
2625
3187
3567
3363
3280
2959
2725
2849
2967
3352
3064
2509
1515
614
107
-391
-540
-1438
-1882
-2918
-3725
-4302
-5068
-4929
-5209
-4972
-5295
-5679
-5793
-5709
-5021
-4377
-3583
-3019
-2358
-1694
-1233
-584
120
907
1981
2565
3050
3175
3363
3846
4092
4369
4429
4541
4282
4154
3795
3386
3444
3276
3179
2708
2210
1919
1626
1685
1757
1804
1915
2140
2300
2454
2839
3129
3704
4188
4776
5133
5204
4882
4106
3391
2435
2033
1156
754
-1
-1141
-2270
-4148
-5138
-6119
-6351
-6491
-6761
-6867
-7104
-6841
-6478
-5616
-4689
-3583
-2506
-1781
-1196
-899
-324
482
1319
2089
2391
2567
2445
2168
1977
1888
2218
2426
2457
1949
1197
542
23
-246
-580
-973
-1645
-2290
-3080
-3815
-4308
-4551
-4406
-4328
-4404
-4613
-4793
-4761
-4393
-4062
-3643
-3126
-2668
-2117
-1768
-1305
-786
-128
576
1086
1507
1756
2093
2351
2506
2720
2884
3009
3140
3004
2878
2840
2774
2930
2860
2697
2584
2417
2406
2471
2424
2559
2692
2826
3053
3135
3533
3840
4317
4749
5033
5531
5668
5873
5344
4515
3791
2876
2368
1610
919
-34
-1134
-2519
-3876
-4942
-5824
-6075
-6528
-6685
-6957
-7179
-6904
-6375
-5500
-4612
-3638
-2733
-2005
-1400
-971
-334
536
1312
1968
2103
2132
2114
1934
2012
2138
2330
2436
2301
1883
1252
829
513
257
-57
-616
-1347
-2137
-2817
-3433
-3785
-3979
-3971
-4038
-4207
-4233
-4329
-4100
-3710
-3401
-3062
-2758
-2459
-2160
-1870
-1397
-995
-426
228
656
1157
1491
1977
2350
2538
2871
2857
2922
3095
3011
3105
3145
3149
3170
3079
2985
2924
2941
2983
3074
2912
2862
2892
2967
3157
3347
3600
3664
3989
4131
4423
4875
4986
5078
4497
3791
2992
2143
1491
829
166
-783
-1804
-3227
-4454
-5360
-5965
-6172
-6437
-6488
-6677
-6672
-6429
-5865
-5035
-4229
-3186
-2409
-1867
-1303
-973
-279
553
1128
1665
1782
1889
1819
1685
1766
1933
2168
2214
2096
1642
1226
924
647
478
81
-321
-1044
-1711
-2353
-3188
-3486
-3900
-3979
-4045
-4335
-4264
-4320
-4088
-3649
-3450
-3094
-2723
-2524
-2176
-1937
-1596
-1121
-709
-152
299
649
1212
1657
2090
2526
2712
3001
3161
3343
3461
3464
3549
3495
3474
3355
3262
3195
3143
3198
3117
3091
3119
3158
3262
3330
3465
3564
3778
3978
4232
4552
4777
4954
4389
3957
3196
2461
2155
1217
837
-90
-1189
-2247
-3709
-4566
-5254
-5729
-6026
-6181
-6440
-6458
-6253
-5803
-4985
-4221
-3343
-2497
-1950
-1456
-1049
-563
226
819
1189
1252
1287
1210
1137
1183
1192
1457
1504
1452
1192
741
582
441
313
179
-262
-824
-1441
-2030
-2586
-3013
-3327
-3537
-3721
-4055
-4088
-4184
-3904
-3464
-3169
-2883
-2707
-2295
-2191
-1821
-1581
-1325
-874
-740
-331
-193
192
860
1241
1725
2149
2335
2592
2843
3020
3175
3255
3389
3334
3211
3079
3032
2946
2981
3122
2939
2976
3003
3021
3182
3390
3653
3878
4146
4237
4409
4537
4733
4727
4174
3724
3003
2347
1807
1146
614
-249
-1182
-2397
-3600
-4490
-5177
-5570
-6039
-6189
-6455
-6621
-6251
-5855
-5116
-4264
-3469
-2602
-2001
-1483
-952
-435
274
857
1140
1301
1371
1317
1306
1347
1424
1602
1650
1643
1393
1155
1037
896
851
565
193
-410
-1025
-1588
-2276
-2714
-3130
-3548
-3782
-4064
-4213
-4101
-3924
-3490
-3176
-2884
-2427
-2124
-1687
-1317
-1065
-765
-504
-239
-68
158
532
886
1282
1624
1950
2234
2576
2997
3230
3559
3723
3749
3714
3539
3465
3316
3224
3201
2974
2853
2734
2710
2872
2937
3294
3430
3685
3934
4032
4331
4474
4659
4299
3821
3122
2398
1858
1121
679
-147
-874
-1857
-3122
-3923
-4807
-5225
-5581
-5928
-6033
-6323
-6229
-5914
-5439
-4693
-3899
-3088
-2432
-1844
-1476
-1032
-438
172
708
827
966
975
908
996
1056
1270
1392
1443
1312
1035
946
873
834
716
518
93
-455
-881
-1522
-1955
-2369
-2688
-2935
-3464
-3550
-3853
-3866
-3534
-3372
-2990
-2785
-2370
-2175
-1890
-1502
-1216
-798
-585
-234
-180
14
414
683
991
1362
1726
1898
2311
2637
2896
3263
3503
3732
3691
3641
3643
3401
3356
3243
2995
2765
2658
2660
2589
2774
2895
2996
3113
3299
3497
3621
3966
4175
4257
4052
3588
3117
2459
2051
1561
917
289
-572
-1527
-2727
-3647
-4438
-5011
-5404
-5793
-6034
-6375
-6234
-5974
-5436
-4721
-4078
-3263
-2689
-2066
-1554
-1209
-526
89
447
681
679
724
740
825
992
1116
1230
1376
1380
1264
1263
1229
1191
1127
934
508
-49
-618
-1147
-1749
-2232
-2629
-3042
-3332
-3634
-3803
-3825
-3618
-3309
-2996
-2682
-2292
-1977
-1681
-1257
-1047
-737
-486
-299
-68
45
311
558
800
1182
1454
1807
2144
2497
2895
3126
3501
3661
3765
3802
3656
3566
3342
3191
3010
2772
2650
2521
2541
2557
2630
2745
2872
3153
3339
3642
3833
3988
3918
3569
3150
2551
2116
1511
894
135
-730
-1555
-2645
-3524
-4289
-4854
-5215
-5613
-5782
-5951
-5986
-5692
-5271
-4705
-4140
-3528
-2983
-2405
-1907
-1512
-957
-435
37
296
399
489
604
685
892
1090
1188
1385
1351
1331
1326
1237
1283
1196
988
693
109
-370
-870
-1411
-1796
-2295
-2572
-2943
-3212
-3372
-3509
-3317
-3127
-2785
-2500
-2284
-1984
-1722
-1435
-1133
-875
-628
-361
-146
51
277
476
799
1100
1373
1734
1959
2383
2715
3001
3369
3523
3770
3835
3863
3839
3632
3554
3358
3196
3067
2863
2800
2709
2716
2718
2761
2957
3154
3439
3644
3852
3854
3610
3276
2800
2336
1848
1235
544
-181
-1004
-2009
-2933
-3758
-4390
-4880
-5318
-5523
-5761
-5780
-5615
-5283
-4796
-4266
-3597
-3046
-2400
-1820
-1431
-906
-425
8
247
284
432
475
544
672
764
936
1063
1182
1181
1188
1248
1269
1288
1180
940
571
44
-451
-967
-1531
-1897
-2349
-2738
-3038
-3358
-3444
-3453
-3280
-3036
-2864
-2558
-2249
-1940
-1616
-1309
-983
-702
-418
-151
-5
212
510
763
1059
1350
1593
1857
2140
2495
2770
3000
3333
3500
3628
3694
3598
3522
3340
3214
3005
2708
2557
2349
2200
2099
2032
2046
2085
2247
2447
2613
2841
3113
3281
3272
3111
2820
2479
2106
1647
1067
406
-266
-1109
-2056
-2971
-3713
-4293
-4789
-5079
-5320
-5468
-5421
-5257
-4895
-4479
-3966
-3350
-2812
-2197
-1748
-1438
-981
-577
-257
-99
-25
74
149
260
366
568
737
978
1159
1180
1330
1365
1382
1374
1180
895
424
-49
-533
-1090
-1537
-1923
-2246
-2587
-2851
-3025
-3139
-2973
-2795
-2569
-2319
-2063
-1720
-1520
-1225
-958
-757
-541
-374
-224
-143
52
278
525
809
1092
1383
1691
2092
2425
2763
3123
3408
3647
3681
3646
3569
3409
3301
3092
2831
2639
2388
2253
2109
1993
2087
2086
2311
2485
2636
2869
3057
3342
3370
3265
2927
2521
2064
1494
889
174
-451
-1270
-2178
-3072
-3869
-4384
-4832
-5103
-5183
-5321
-5280
-5035
-4699
-4235
-3709
-3104
-2554
-2009
-1609
-1362
-1025
-646
-319
-172
-97
15
85
162
322
474
682
968
1137
1235
1314
1386
1433
1400
1263
953
502
75
-373
-919
-1353
-1755
-2105
-2354
-2609
-2803
-2931
-2814
-2672
-2533
-2266
-2054
-1800
-1554
-1263
-1040
-864
-585
-420
-317
-180
5
182
424
827
1059
1325
1733
2084
2439
2775
3148
3412
3626
3823
3785
3659
3582
3470
3204
2904
2666
2324
2089
1989
1854
1781
1754
1896
2007
2104
2354
2504
2760
2996
2983
2852
2517
2332
1998
1512
1123
494
-138
-997
-1924
-2781
-3572
-4043
-4502
-4837
-5057
-5218
-5147
-4906
-4491
-4021
-3547
-2996
-2474
-2025
-1701
-1408
-1050
-659
-402
-340
-289
-249
-124
4
130
300
496
745
915
1029
1122
1215
1299
1329
1242
966
617
304
-110
-561
-1016
-1444
-1769
-2117
-2353
-2594
-2726
-2612
-2502
-2382
-2259
-1999
-1704
-1391
-1083
-866
-665
-457
-255
-139
-41
94
257
446
669
877
1091
1415
1847
2223
2578
2898
3185
3429
3519
3594
3512
3436
3362
3123
2866
2533
2273
2052
1790
1684
1471
1397
1456
1507
1735
1856
2179
2494
2760
2937
2853
2797
2566
2379
2012
1476
935
218
-477
-1348
-2255
-2997
-3608
-4041
-4424
-4689
-4839
-4848
-4624
-4311
-3899
-3485
-3032
-2557
-2170
-1796
-1548
-1261
-976
-739
-562
-540
-437
-314
-181
-24
133
393
638
892
1063
1131
1217
1255
1289
1175
984
744
413
90
-343
-790
-1220
-1555
-1839
-2174
-2402
-2553
-2612
-2584
-2462
-2292
-2103
-1812
-1511
-1292
-1118
-932
-773
-599
-397
-233
-134
5
208
374
527
780
1088
1390
1790
2137
2433
2738
3055
3306
3412
3508
3534
3422
3242
3047
2741
2416
2165
1916
1662
1454
1307
1222
1243
1356
1591
1740
2030
2350
2578
2775
2737
2715
2483
2221
1835
1209
610
-97
-838
-1659
-2465
-3129
-3667
-4102
-4406
-4580
-4601
-4524
-4298
-3974
-3644
-3215
-2770
-2352
-1964
-1638
-1402
-1179
-951
-766
-669
-611
-514
-394
-285
-157
44
256
534
795
959
1080
1198
1302
1294
1210
1049
781
458
74
-339
-799
-1208
-1532
-1860
-2136
-2346
-2468
-2529
-2430
-2215
-2027
-1755
-1461
-1203
-970
-798
-592
-428
-268
-99
-48
-1
82
196
303
473
732
972
1258
1599
1932
2261
2598
2942
3192
3326
3412
3369
3242
3076
2847
2546
2223
1941
1627
1347
1145
1053
1024
1090
1277
1469
1748
2035
2350
2654
2819
2913
2846
2613
2302
1840
1278
647
-8
-711
-1525
-2278
-2952
-3483
-3884
-4161
-4268
-4311
-4222
-4010
-3716
-3407
-3037
-2625
-2266
-1888
-1597
-1384
-1204
-1038
-831
-755
-701
-595
-520
-387
-271
-74
127
352
638
830
1031
1197
1327
1383
1349
1275
1020
731
389
-14
-451
-922
-1293
-1677
-1996
-2213
-2372
-2409
-2322
-2150
-1950
-1718
-1398
-1078
-806
-550
-317
-154
-48
65
86
81
112
138
214
318
479
708
971
1327
1730
2088
2484
2860
3146
3341
3434
3438
3345
3164
2931
2618
2228
1878
1550
1249
1055
927
906
983
1120
1356
1618
1923
2243
2566
2822
2907
2868
2653
2340
1926
1401
805
161
-484
-1208
-1954
-2647
-3194
-3574
-3864
-3996
-4010
-3981
-3841
-3634
-3367
-3025
-2665
-2306
-1982
-1733
-1537
-1428
-1291
-1099
-991
-899
-840
-740
-643
-549
-372
-164
102
422
696
881
1040
1176
1284
1294
1251
1104
816
483
51
-410
-906
-1294
-1616
-1956
-2186
-2372
-2476
-2456
-2272
-2046
-1804
-1500
-1188
-906
-665
-434
-274
-154
-35
6
-35
-79
-55
10
113
254
480
720
1031
1450
1807
2190
2564
2861
3065
3138
3131
3048
2891
2684
2420
2073
1701
1388
1080
886
820
820
966
1135
1367
1663
1922
2257
2555
2842
2981
2904
2762
2420
2072
1589
1027
432
-226
-850
-1606
-2281
-2831
-3225
-3519
-3696
-3721
-3716
-3633
-3486
-3212
-2961
-2659
-2310
-2060
-1793
-1621
-1530
-1431
-1296
-1120
-1069
-1022
-919
-788
-640
-453
-194
87
411
740
1009
1219
1397
1532
1578
1544
1405
1128
814
433
26
-430
-899
-1252
-1608
-1868
-2067
-2178
-2150
-2051
-1862
-1645
-1395
-1125
-877
-647
-465
-346
-262
-222
-215
-231
-249
-261
-206
-76
87
310
593
963
1380
1788
2230
2617
2919
3181
3333
3357
3295
3156
2957
2654
2324
1945
1558
1253
1000
868
765
811
942
1088
1328
1592
1906
2189
2455
2699
2786
2716
2586
2261
1908
1449
905
309
-353
-951
-1688
-2299
-2827
-3196
-3483
-3688
-3695
-3706
-3598
-3425
-3179
-2894
-2622
-2324
-2091
-1896
-1713
-1628
-1534
-1437
-1310
-1219
-1161
-1048
-898
-726
-514
-217
132
486
812
1122
1339
1535
1642
1670
1613
1411
1186
817
400
-17
-518
-927
-1320
-1651
-1885
-2111
-2194
-2192
-2099
-1949
-1754
-1532
-1295
-1046
-895
-743
-626
-580
-491
-488
-488
-452
-447
-332
-212
-17
259
549
891
1272
1647
2026
2376
2660
2910
2988
3044
3011
2865
2691
2456
2153
1871
1581
1289
1092
903
831
846
870
1029
1228
1428
1716
1969
2202
2399
2509
2591
2511
2305
2069
1687
1286
822
278
-248
-805
-1321
-1835
-2312
-2657
-2927
-3147
-3288
-3333
-3323
-3293
-3155
-3008
-2855
-2650
-2479
-2282
-2085
-1914
-1723
-1570
-1378
-1147
-970
-752
-520
-264
-24
215
467
715
919
1125
1260
1322
1366
1339
1244
1074
859
581
308
-42
-338
-668
-1003
-1224
-1487
-1650
-1787
-1847
-1855
-1832
-1756
-1678
-1569
-1433
-1315
-1203
-1068
-977
-864
-775
-650
-501
-390
-166
59
267
559
818
1142
1462
1741
2064
2268
2486
2680
2745
2787
2776
2708
2583
2376
2174
1953
1677
1495
1290
1103
1026
917
916
951
1002
1162
1259
1435
1625
1715
1815
1865
1920
1840
1674
1479
1168
865
496
84
-339
-729
-1115
-1554
-1973
-2319
-2613
-2896
-3051
-3163
-3246
-3269
-3234
-3129
-3026
-2848
-2617
-2371
-2085
-1785
-1525
-1268
-940
-641
-369
-114
125
368
532
685
814
922
1020
1095
1127
1103
1087
1000
921
801
647
493
287
73
-142
-412
-647
-874
-1095
-1264
-1494
-1636
-1755
-1838
-1838
-1829
-1755
-1651
-1521
-1370
-1231
-1040
-847
-630
-420
-234
-3
172
426
659
860
1121
1338
1592
1836
2009
2230
2388
2500
2643
2650
2623
2600
2467
2334
2186
1948
1775
1560
1335
1188
998
915
898
854
893
956
1021
1152
1288
1408
1543
1612
1682
1701
1590
1479
1310
1089
814
485
56
-326
-758
-1224
-1628
-2102
-2424
-2775
-3075
-3243
-3406
-3477
-3411
-3284
-3121
-2837
-2590
-2204
-1836
-1495
-1068
-843
-488
-162
-19
222
314
419
533
500
581
594
544
643
665
650
730
739
720
742
677
582
505
275
128
-129
-490
-705
-1029
-1353
-1576
-1798
-2072
-2092
-2218
-2240
-2115
-2140
-1845
-1720
-1544
-1207
-1036
-787
-496
-298
-74
156
354
587
757
949
1171
1320
1540
1780
1918
2137
2291
2439
2523
2575
2628
2579
2518
2407
2260
2020
1817
1583
1297
1076
813
627
469
331
336
283
369
521
649
846
1008
1221
1437
1594
1674
1677
1542
1377
1153
789
413
-42
-506
-1007
-1515
-2000
-2439
-2798
-3080
-3222
-3345
-3318
-3208
-3054
-2787
-2525
-2171
-1834
-1474
-1089
-833
-571
-353
-175
1
57
98
148
153
167
213
218
259
348
383
463
515
544
646
636
628
601
444
331
143
-111
-379
-658
-948
-1195
-1430
-1683
-1783
-1959
-1983
-1961
-1959
-1802
-1646
-1416
-1186
-947
-744
-465
-262
-42
213
295
502
679
774
988
1099
1264
1473
1621
1823
2004
2141
2306
2484
2485
2598
2592
2458
2444
2218
1975
1760
1417
1144
885
526
346
136
-50
-12
-53
35
248
375
658
901
1119
1426
1574
1733
1770
1659
1544
1294
1012
654
219
-218
-696
-1166
-1582
-2007
-2332
-2549
-2770
-2853
-2879
-2834
-2721
-2554
-2309
-2109
-1828
-1570
-1343
-1068
-911
-709
-559
-436
-263
-209
-135
-48
21
61
127
196
241
331
397
463
519
559
621
620
573
541
441
274
124
-72
-343
-557
-755
-1015
-1200
-1403
-1560
-1641
-1778
-1720
-1702
-1712
-1496
-1392
-1280
-1044
-895
-699
-480
-331
-78
50
208
492
623
802
1055
1253
1412
1680
1853
2022
2218
2310
2486
2491
2460
2515
2325
2174
2063
1715
1488
1222
880
699
379
193
97
-98
-57
-30
-25
167
298
489
742
887
1131
1264
1350
1483
1410
1348
1259
1018
791
524
126
-144
-526
-940
-1207
-1655
-1900
-2109
-2399
-2426
-2518
-2579
-2439
-2388
-2227
-1994
-1858
-1535
-1299
-1114
-792
-669
-494
-260
-210
-71
16
45
143
132
147
225
197
256
335
299
383
382
407
477
409
441
391
258
219
55
-153
-259
-502
-682
-832
-1104
-1227
-1352
-1532
-1512
-1566
-1635
-1449
-1475
-1345
-1073
-1044
-714
-491
-364
17
163
380
720
856
1117
1373
1456
1700
1842
1875
2082
2102
2131
2218
2135
2095
2044
1885
1768
1609
1370
1222
960
704
544
298
102
-14
-137
-234
-206
-225
-117
35
157
476
638
849
1122
1215
1399
1502
1463
1476
1298
1097
884
490
183
-191
-618
-1041
-1468
-1843
-2167
-2426
-2619
-2702
-2789
-2754
-2625
-2504
-2274
-2011
-1744
-1433
-1169
-905
-669
-523
-326
-189
-144
-79
-66
-68
-67
-82
-69
-36
-2
92
180
239
378
494
557
676
724
709
721
603
523
329
84
-59
-400
-622
-864
-1142
-1301
-1474
-1527
-1608
-1624
-1521
-1450
-1327
-1105
-908
-681
-458
-209
44
174
415
622
723
926
1073
1166
1312
1416
1583
1661
1750
1924
1944
1990
2035
2028
1960
1850
1766
1558
1311
1139
825
561
308
55
-70
-313
-348
-347
-421
-237
-80
95
370
595
891
1125
1309
1599
1689
1743
1779
1646
1474
1228
959
597
186
-210
-645
-1094
-1497
-1817
-2134
-2373
-2493
-2575
-2584
-2536
-2404
-2224
-2044
-1757
-1503
-1254
-991
-773
-566
-437
-280
-159
-137
-76
-72
-66
-67
-79
-6
1
63
165
215
327
423
524
619
660
728
691
620
559
397
239
22
-174
-376
-630
-818
-996
-1197
-1292
-1333
-1388
-1322
-1291
-1156
-1018
-898
-662
-530
-349
-168
-18
141
249
419
516
605
754
804
936
1014
1113
1279
1282
1423
1518
1476
1593
1559
1506
1494
1308
1249
1070
821
696
421
218
92
-132
-218
-299
-364
-264
-256
-105
96
221
504
709
921
1160
1292
1505
1568
1585
1618
1445
1327
1120
826
557
165
-168
-541
-980
-1288
-1640
-1929
-2120
-2312
-2370
-2427
-2400
-2288
-2181
-1982
-1784
-1557
-1314
-1096
-850
-667
-493
-324
-233
-126
-71
-36
-2
10
30
55
104
150
235
319
408
537
609
733
821
838
915
875
829
772
591
495
289
67
-99
-359
-558
-735
-928
-1044
-1135
-1213
-1199
-1214
-1123
-1023
-918
-726
-588
-393
-222
-42
121
259
438
556
660
785
866
954
1045
1139
1218
1250
1331
1358
1355
1378
1348
1285
1166
1085
943
733
602
431
226
67
-46
-155
-272
-315
-279
-266
-194
-5
139
288
514
727
888
1049
1232
1316
1324
1312
1225
1031
806
573
262
-131
-466
-817
-1233
-1543
-1834
-2074
-2270
-2401
-2403
-2436
-2373
-2195
-2065
-1873
-1626
-1397
-1150
-941
-729
-521
-409
-262
-133
-120
-52
-27
-28
7
17
86
126
174
297
373
489
633
741
881
960
1033
1075
1037
1009
911
759
617
416
188
-15
-264
-475
-666
-851
-952
-1080
-1108
-1115
-1120
-1038
-959
-820
-688
-529
-367
-249
-94
45
155
279
384
501
584
663
789
841
949
1056
1122
1225
1290
1351
1389
1394
1385
1326
1207
1101
935
761
578
363
193
-8
-148
-255
-352
-351
-330
-273
-147
1
176
382
584
799
1005
1190
1350
1471
1520
1515
1449
1276
1085
806
500
153
-246
-597
-1003
-1367
-1683
-1987
-2192
-2360
-2467
-2479
-2467
-2358
-2192
-2009
-1760
-1510
-1251
-978
-745
-512
-298
-150
-1
83
154
197
204
238
244
288
335
398
494
578
717
829
943
1087
1168
1253
1283
1257
1226
1081
959
791
548
350
59
-190
-441
-692
-851
-1040
-1155
-1233
-1289
-1267
-1237
-1161
-1033
-928
-796
-662
-547
-417
-336
-218
-121
-78
27
98
154
245
328
452
544
662
824
887
1002
1121
1161
1208
1218
1212
1137
1021
933
748
547
401
212
17
-160
-279
-377
-461
-443
-412
-371
-226
-58
120
327
563
803
992
1158
1309
1371
1362
1330
1193
990
755
471
139
-215
-568
-915
-1245
-1550
-1763
-1958
-2097
-2120
-2118
-2048
-1912
-1740
-1526
-1313
-1056
-810
-597
-392
-219
-68
9
99
173
175
221
239
249
289
319
419
497
576
739
841
950
1080
1159
1229
1256
1254
1227
1112
1001
860
656
460
247
29
-190
-385
-556
-721
-843
-924
-980
-1026
-1024
-1003
-988
-950
-898
-840
-803
-751
-703
-670
-627
-559
-482
-413
-320
-210
-97
25
180
337
467
614
765
861
951
1010
1048
1043
994
959
846
710
590
424
244
88
-50
-173
-307
-382
-413
-442
-393
-309
-210
-82
102
295
490
699
907
1093
1225
1346
1412
1410
1357
1245
1067
827
559
239
-110
-482
-840
-1184
-1505
-1766
-1963
-2113
-2188
-2181
-2115
-1973
-1781
-1541
-1266
-992
-707
-430
-193
27
207
336
424
470
481
466
434
409
387
369
389
430
482
571
683
795
934
1059
1176
1259
1301
1319
1275
1203
1089
925
737
513
271
38
-217
-437
-636
-815
-942
-1049
-1116
-1157
-1172
-1158
-1124
-1089
-1039
-976
-929
-884
-836
-794
-751
-704
-644
-569
-489
-385
-254
-110
46
224
404
565
734
880
989
1080
1126
1129
1079
988
875
705
513
318
100
-97
-259
-412
-526
-586
-594
-549
-467
-324
-135
69
313
560
797
1039
1247
1419
1551
1624
1646
1597
1482
1341
1124
884
591
264
-51
-401
-715
-1007
-1268
-1465
-1630
-1734
-1775
-1777
-1710
-1603
-1460
-1270
-1066
-853
-637
-428
-225
-49
112
252
345
421
477
512
540
565
589
616
647
694
752
811
881
954
1022
1082
1133
1160
1161
1139
1089
1007
890
742
570
380
165
-44
-259
-466
-652
-834
-987
-1123
-1234
-1302
-1363
-1385
-1389
-1383
-1345
-1307
-1262
-1200
-1137
-1062
-975
-894
-792
-684
-579
-446
-312
-182
-23
116
259
398
511
631
708
767
809
800
773
715
619
500
362
217
58
-109
-243
-366
-459
-511
-530
-503
-442
-330
-186
-12
209
436
670
912
1141
1348
1520
1646
1725
1739
1694
1591
1425
1220
974
679
365
36
-292
-615
-906
-1155
-1361
-1518
-1616
-1648
-1645
-1571
-1454
-1308
-1115
-914
-702
-496
-304
-117
34
158
267
329
372
401
408
422
427
441
466
489
536
595
658
735
805
876
931
967
984
969
944
879
785
666
519
362
179
-9
-190
-377
-543
-695
-841
-958
-1072
-1166
-1243
-1313
-1363
-1411
-1456
-1485
-1509
-1524
-1525
-1516
-1489
-1436
-1365
-1261
-1138
-987
-806
-616
-400
-178
43
268
478
669
827
961
1060
1108
1121
1095
1025
920
785
637
474
303
158
8
-121
-214
-288
-311
-304
-248
-156
-39
124
309
501
720
945
1154
1359
1528
1677
1779
1841
1861
1810
1724
1594
1408
1179
919
631
320
4
-306
-597
-865
-1094
-1273
-1409
-1486
-1505
-1471
-1389
-1258
-1083
-892
-676
-459
-240
-29
154
327
457
553
624
651
665
653
635
619
585
563
554
544
558
582
617
662
699
742
760
760
747
701
626
522
394
229
52
-142
-346
-547
-753
-940
-1121
-1280
-1411
-1528
-1616
-1680
-1723
-1739
-1745
-1726
-1699
-1662
-1604
-1548
-1473
-1382
-1279
-1160
-1029
-875
-712
-530
-334
-133
69
270
466
642
798
927
1025
1080
1109
1094
1030
945
828
687
533
378
221
66
-66
-169
-238
-264
-243
-199
-102
39
210
417
636
877
1108
1340
1567
1759
1915
2039
2110
2116
2069
1961
1808
1599
1346
1055
731
392
46
-294
-609
-887
-1130
-1315
-1452
-1535
-1550
-1514
-1423
-1287
-1118
-917
-705
-490
-286
-97
69
205
312
371
398
403
376
344
307
268
243
226
221
241
278
340
417
501
592
669
742
791
811
816
771
702
593
450
289
92
-106
-320
-533
-747
-955
-1141
-1321
-1467
-1602
-1709
-1795
-1866
-1912
-1951
-1963
-1961
-1948
-1911
-1858
-1783
-1683
-1565
-1416
-1249
-1054
-838
-609
-360
-107
151
397
636
854
1043
1202
1319
1395
1419
1402
1350
1253
1125
974
799
614
433
263
104
-25
-125
-187
-207
-196
-129
-31
99
279
470
691
925
1149
1364
1554
1722
1846
1920
1958
1934
1852
1724
1546
1318
1059
770
459
143
-174
-461
-726
-954
-1128
-1266
-1346
-1374
-1358
-1291
-1188
-1054
-898
-740
-568
-407
-265
-133
-38
43
90
116
127
97
83
56
24
20
10
23
56
97
164
236
319
410
488
565
618
656
666
650
613
537
441
315
171
18
-159
-332
-501
-678
-840
-993
-1138
-1264
-1374
-1470
-1555
-1621
-1677
-1713
-1732
-1736
-1705
-1673
-1606
-1516
-1412
-1263
-1100
-914
-701
-480
-237
14
263
514
738
958
1140
1285
1406
1476
1516
1507
1457
1379
1259
1118
960
791
622
454
297
161
50
-30
-78
-92
-70
-7
78
203
354
521
706
892
1080
1253
1423
1558
1661
1731
1750
1737
1670
1565
1420
1227
1009
752
475
189
-107
-379
-648
-882
-1079
-1249
-1360
-1439
-1458
-1437
-1375
-1271
-1153
-998
-855
-693
-541
-415
-284
-205
-129
-85
-83
-69
-94
-115
-138
-172
-167
-176
-150
-100
-45
51
150
269
389
502
604
692
752
780
785
739
665
554
404
231
34
-179
-399
-619
-841
-1041
-1227
-1401
-1530
-1657
-1746
-1802
-1850
-1858
-1856
-1819
-1759
-1689
-1593
-1491
-1359
-1217
-1051
-863
-683
-461
-249
-11
235
458
704
910
1109
1292
1417
1525
1588
1606
1593
1527
1432
1300
1134
956
769
577
392
223
74
-35
-117
-166
-168
-135
-47
53
198
371
542
754
952
1138
1328
1485
1619
1725
1769
1788
1758
1679
1572
1415
1220
1005
768
505
252
-16
-278
-512
-737
-930
-1087
-1215
-1303
-1341
-1366
-1342
-1278
-1221
-1109
-1003
-904
-765
-682
-575
-486
-434
-353
-330
-285
-251
-242
-194
-181
-133
-74
-21
83
172
281
405
509
637
744
829
907
941
950
927
866
766
636
474
276
73
-159
-395
-620
-852
-1068
-1262
-1447
-1601
-1729
-1846
-1916
-1974
-2006
-1999
-1985
-1934
-1860
-1769
-1653
-1518
-1366
-1188
-986
-779
-541
-303
-57
205
444
694
918
1108
1291
1418
1515
1572
1575
1548
1476
1364
1224
1058
874
679
483
297
119
-33
-154
-247
-292
-309
-289
-226
-139
-13
136
302
495
688
876
1067
1235
1394
1537
1631
1709
1746
1740
1714
1628
1526
1381
1190
997
745
507
260
-13
-240
-496
-705
-882
-1056
-1153
-1241
-1280
-1267
-1246
-1167
-1077
-967
-838
-718
-585
-467
-360
-256
-185
-111
-70
-45
3
-1
40
69
87
172
201
291
390
458
605
677
782
882
910
986
971
943
889
759
638
454
250
27
-218
-457
-709
-932
-1167
-1358
-1531
-1701
-1784
-1894
-1928
-1928
-1961
-1878
-1847
-1776
-1642
-1574
-1417
-1282
-1166
-979
-836
-685
-474
-316
-142
72
221
403
594
709
880
996
1050
1166
1162
1157
1171
1054
987
879
701
592
419
250
124
-42
-157
-241
-322
-348
-338
-327
-244
-136
-29
149
316
488
705
882
1090
1283
1423
1592
1693
1757
1829
1807
1783
1717
1576
1456
1246
1035
823
529
298
33
-249
-454
-707
-887
-1024
-1185
-1232
-1291
-1309
-1247
-1228
-1132
-1014
-922
-770
-654
-532
-400
-315
-209
-134
-68
-1
50
99
138
191
242
299
363
428
497
572
651
709
780
828
843
863
823
775
712
589
489
331
149
-10
-227
-410
-588
-783
-932
-1098
-1238
-1352
-1461
-1536
-1599
-1647
-1672
-1693
-1694
-1692
-1669
-1631
-1587
-1512
-1434
-1329
-1209
-1063
-901
-724
-511
-316
-88
129
325
555
713
888
1037
1101
1214
1221
1196
1202
1075
997
887
699
596
424
255
158
1
-89
-135
-222
-216
-198
-201
-103
-30
59
223
335
487
676
810
999
1178
1319
1494
1618
1717
1821
1859
1888
1879
1798
1730
1572
1383
1198
921
677
399
82
-166
-461
-713
-904
-1120
-1230
-1324
-1389
-1354
-1331
-1249
-1120
-1004
-838
-683
-549
-393
-272
-178
-87
-42
-13
21
14
18
22
5
17
30
55
102
152
216
290
369
440
496
549
564
558
521
438
349
210
41
-138
-361
-570
-786
-1016
-1206
-1397
-1556
-1689
-1784
-1835
-1878
-1858
-1830
-1765
-1653
-1570
-1424
-1288
-1159
-981
-852
-696
-537
-412
-246
-101
33
183
314
431
567
677
763
866
919
970
1015
998
997
955
877
817
698
580
472
330
211
100
-19
-104
-174
-224
-227
-213
-168
-68
20
165
324
473
692
852
1055
1251
1378
1584
1691
1789
1917
1913
1969
1957
1858
1823
1655
1497
1349
1090
908
658
380
173
-114
-343
-540
-768
-899
-1042
-1153
-1197
-1256
-1253
-1220
-1179
-1103
-1018
-931
-844
-739
-656
-571
-475
-433
-354
-314
-316
-238
-247
-223
-134
-182
-93
-33
-70
92
75
110
267
166
293
328
205
354
204
151
207
-44
-19
-136
-359
-324
-552
-652
-672
-883
-879
-960
-1067
-1028
-1105
-1114
-1090
-1127
-1096
-1092
-1083
-1068
-1051
-1011
-1004
-934
-898
-858
-730
-696
-561
-405
-349
-128
-15
105
353
406
595
750
761
965
953
979
1091
952
1018
956
816
866
684
639
604
433
464
353
292
329
229
279
290
271
361
369
438
530
589
723
802
924
1075
1178
1351
1465
1591
1737
1786
1894
1916
1895
1903
1765
1660
1503
1236
1039
718
409
130
-246
-512
-813
-1105
-1282
-1507
-1621
-1686
-1766
-1698
-1674
-1589
-1424
-1345
-1158
-1010
-898
-712
-643
-537
-440
-438
-362
-357
-368
-323
-365
-343
-311
-320
-236
-201
-136
-32
17
128
207
263
338
353
369
344
299
237
115
17
-142
-293
-421
-623
-738
-883
-1041
-1078
-1205
-1239
-1216
-1283
-1183
-1165
-1131
-971
-967
-825
-700
-682
-495
-461
-384
-234
-230
-94
-21
27
158
205
306
403
468
569
641
712
775
831
860
885
883
852
839
756
702
630
511
456
334
249
192
87
79
33
8
53
51
126
213
280
417
526
641
804
918
1064
1219
1315
1452
1543
1598
1689
1691
1706
1700
1607
1554
1419
1261
1121
890
687
463
196
-26
-279
-524
-715
-932
-1098
-1219
-1350
-1398
-1435
-1456
-1396
-1366
-1292
-1184
-1115
-993
-896
-821
-716
-649
-587
-521
-482
-447
-406
-375
-356
-299
-255
-215
-121
-70
14
125
170
279
359
378
469
462
447
483
395
359
313
176
125
10
-111
-163
-291
-354
-408
-494
-512
-558
-590
-601
-635
-647
-686
-712
-751
-818
-832
-912
-957
-972
-1061
-1044
-1063
-1091
-997
-990
-895
-747
-679
-472
-325
-185
44
158
336
502
575
717
780
812
880
851
845
832
746
729
665
587
572
480
449
415
344
358
304
291
314
260
301
291
277
346
316
378
435
431
559
600
676
829
866
1017
1130
1178
1329
1351
1391
1447
1361
1341
1244
1081
971
735
522
312
24
-189
-440
-682
-861
-1066
-1208
-1313
-1411
-1428
-1443
-1419
-1342
-1283
-1165
-1046
-943
-799
-692
-578
-459
-382
-287
-219
-162
-101
-63
-7
25
73
126
154
233
266
323
405
410
497
529
523
592
537
529
517
393
368
247
103
36
-167
-281
-402
-603
-673
-829
-950
-996
-1126
-1152
-1173
-1221
-1177
-1166
-1138
-1048
-1009
-921
-814
-747
-610
-509
-415
-273
-195
-73
46
124
265
341
436
554
594
701
761
786
864
851
862
876
811
815
758
667
637
516
442
388
261
230
153
80
94
27
53
76
66
161
179
253
357
397
522
588
660
768
809
892
945
969
1019
1028
1031
1030
994
959
911
843
768
678
573
473
360
229
112
-31
-165
-290
-436
-553
-679
-798
-889
-978
-1048
-1098
-1136
-1159
-1163
-1152
-1129
-1074
-1024
-958
-876
-813
-713
-633
-559
-453
-386
-294
-202
-147
-51
6
59
138
170
230
276
290
338
348
355
380
353
348
336
278
260
200
141
105
9
-39
-109
-200
-233
-329
-373
-408
-494
-496
-554
-589
-573
-620
-600
-597
-607
-572
-571
-539
-503
-478
-432
-389
-331
-274
-196
-131
-53
41
98
205
284
357
463
509
591
657
679
740
744
755
764
719
708
657
600
562
476
427
353
272
240
152
116
81
13
30
-16
-17
18
-24
43
56
68
163
153
239
304
315
436
451
513
598
592
677
689
693
744
705
707
682
607
577
485
399
320
190
87
-31
-169
-280
-410
-533
-638
-749
-841
-918
-984
-1044
-1075
-1098
-1119
-1085
-1070
-1025
-951
-918
-819
-736
-669
-538
-459
-355
-230
-156
-43
54
116
215
277
317
389
406
420
450
417
418
404
336
320
256
181
154
65
12
-36
-124
-156
-217
-279
-307
-366
-401
-425
-466
-485
-502
-520
-522
-514
-507
-491
-474
-454
-411
-373
-327
-264
-209
-138
-59
9
90
170
236
313
381
437
508
548
588
631
643
666
665
652
647
610
583
550
497
452
397
340
284
228
167
117
75
27
5
-22
-42
-34
-47
-25
3
19
76
112
157
217
247
303
341
369
410
426
443
450
444
435
414
392
362
327
285
239
196
147
96
49
-8
-62
-115
-187
-238
-298
-369
-418
-489
-547
-592
-661
-690
-734
-774
-780
-812
-805
-791
-776
-729
-694
-634
-568
-505
-420
-348
-261
-175
-97
-10
58
130
189
236
295
329
364
390
398
413
407
394
387
355
327
289
240
196
138
84
31
-37
-93
-151
-211
-250
-292
-325
-341
-363
-363
-359
-348
-317
-285
-238
-183
-129
-67
-2
61
123
185
246
300
358
401
446
482
502
524
536
538
541
530
517
500
466
442
409
374
343
299
259
221
180
147
114
82
63
46
26
20
10
6
14
11
20
23
25
41
38
44
49
40
44
34
27
28
8
1
-13
-35
-45
-67
-84
-100
-124
-136
-156
-175
-192
-218
-235
-255
-280
-295
-319
-337
-349
-366
-374
-383
-384
-375
-372
-363
-354
-346
-330
-311
-295
-275
-255
-238
-217
-197
-174
-148
-128
-100
-80
-58
-35
-17
8
23
38
55
66
86
94
107
110
107
115
103
102
93
75
74
54
36
25
1
-6
-26
-42
-47
-62
-67
-69
-75
-75
-73
-77
-72
-70
-73
-64
-67
-61
-55
-61
-48
-50
-50
-36
-38
-26
-15
-8
9
22
38
58
74
97
116
131
145
161
173
186
199
203
213
221
222
221
217
213
208
202
199
191
184
174
162
151
135
125
112
96
87
69
55
45
26
19
4
-7
-12
-28
-27
-36
-43
-40
-54
-51
-51
-58
-46
-52
-50
-42
-52
-45
-38
-41
-29
-26
-23
-8
-4
8
22
28
45
49
58
67
67
76
74
76
73
67
65
54
51
45
32
27
14
1
-1
-12
-17
-27
-36
-39
-43
-42
-38
-40
-35
-33
-30
-27
-23
-20
-18
-16
-15
-14
-14
-18
-16
-20
-29
-29
-34
-40
-49
-65
-72
-84
-98
-102
-117
-124
-126
-139
-138
-143
-149
-143
-145
-136
-126
-125
-109
-103
-87
-67
-53
-27
-13
4
26
36
55
73
89
108
125
140
157
170
182
196
205
212
222
226
226
229
221
215
206
190
173
150
132
110
89
69
44
22
-5
-24
-46
-66
-78
-95
-100
-112
-123
-126
-134
-131
-129
-126
-121
-118
-112
-102
-98
-88
-79
-71
-59
-51
-43
-28
-12
-2
13
22
30
42
45
52
55
50
53
45
39
32
15
10
0
-8
-12
-29
-27
-30
-33
-28
-30
-17
-14
-12
-6
-2
8
8
14
18
8
13
11
3
3
-5
-6
-8
-12
-6
-5
0
6
4
12
12
7
15
4
1
-2
-19
-22
-39
-52
-59
-75
-82
-95
-101
-106
-107
-102
-101
-87
-83
-69
-50
-42
-21
-12
-5
10
12
15
19
16
17
17
22
30
38
47
55
67
81
101
123
137
152
158
160
161
156
143
124
104
76
44
15
-16
-43
-69
-91
-108
-126
-132
-134
-131
-121
-108
-90
-81
-62
-52
-45
-31
-34
-29
-30
-39
-40
-49
-55
-60
-64
-54
-47
-36
-14
-1
13
30
43
57
64
70
67
59
50
33
18
-2
-24
-41
-60
-75
-84
-83
-75
-60
-38
-16
4
29
54
76
94
107
115
120
112
103
91
70
57
38
28
15
4
4
0
15
26
36
60
65
87
103
107
119
110
103
89
65
42
10
-24
-58
-89
-112
-133
-144
-157
-158
-153
-143
-126
-113
-90
-77
-58
-36
-26
-7
-2
-1
1
-3
-5
-9
-14
-12
-17
-11
-8
-7
6
12
26
34
34
51
62
67
73
68
67
52
39
29
9
-1
-12
-23
-39
-55
-66
-75
-80
-83
-80
-90
-98
-106
-109
-113
-118
-122
-135
-142
-146
-144
-146
-141
-136
-127
-115
-101
-75
-55
-29
-8
9
32
46
62
69
77
72
77
73
60
61
41
37
29
19
30
21
27
30
34
40
47
60
62
73
77
76
93
85
86
98
77
88
88
74
94
83
86
103
94
108
115
110
124
125
127
129
121
114
106
96
87
78
69
48
50
35
25
31
5
8
3
-17
-11
-31
-32
-44
-60
-63
-90
-92
-102
-115
-112
-121
-115
-114
-112
-97
-95
-78
-63
-51
-29
-13
1
16
27
36
43
50
42
48
44
33
43
26
28
21
5
10
-2
3
-2
-3
-7
-22
-17
-41
-41
-54
-81
-73
-113
-120
-120
-156
-145
-163
-171
-161
-165
-147
-138
-121
-111
-95
-81
-76
-46
-38
-24
2
-12
11
20
1
31
20
13
41
15
34
39
27
56
39
53
61
56
79
67
73
69
61
65
